-0.057672
0.0093885
0.0093885
0.14351
0.14351
0.076449
0.076449
-0.11515
-0.11515
-0.11515
-0.11515
-0.0097717
-0.0097717
0.038129
0.038129
0.13393
0.13393
-0.15347
-0.15347
0.14351
0.14351
0.038129
0.038129
-0.057672
-0.057672
-0.086412
-0.086412
-0.067252
-0.067252
-0.00019159
-0.00019159
0.086029
0.086029
0.095609
0.095609
0.076449
0.076449
0.076449
0.076449
0.047709
0.047709
0.11477
0.11477
0.086029
0.086029
0.047709
0.047709
0.057289
0.057289
0.10519
0.10519
-0.00019159
-0.00019159
-0.11515
-0.11515
-0.076832
-0.076832
-0.057672
-0.057672
-0.067252
-0.067252
-0.057672
-0.057672
-0.086412
-0.086412
-0.067252
-0.067252
-0.10557
-0.10557
-0.038512
-0.038512
-0.057672
-0.057672
-0.019352
-0.019352
-0.048092
-0.048092
0.057289
0.057289
0.12435
0.12435
0.086029
0.086029
0.086029
0.086029
0.086029
0.086029
0.038129
0.038129
-0.10557
-0.10557
-0.0097717
-0.0097717
0.057289
0.057289
0.095609
0.095609
-0.076832
-0.076832
-0.13431
-0.13431
-0.095992
-0.095992
-0.028932
-0.028932
0.086029
0.086029
0.095609
0.095609
0.038129
0.038129
0.018969
0.018969
0.066869
0.066869
0.086029
0.086029
0.076449
0.076449
0.10519
0.10519
0.10519
0.10519
-0.067252
-0.067252
0.038129
0.038129
0.066869
0.066869
0.066869
0.066869
0.086029
0.086029
-0.13431
-0.13431
-0.12473
-0.12473
-0.028932
-0.028932
-0.028932
-0.028932
-0.048092
-0.048092
0.11477
0.11477
0.095609
0.095609
-0.067252
-0.067252
-0.11515
-0.11515
-0.076832
-0.076832
0.12435
0.12435
-0.11515
-0.11515
-0.0097717
-0.0097717
0.057289
0.057289
0.047709
0.047709
-0.13431
-0.13431
0.10519
0.10519
0.047709
0.047709
-0.095992
-0.095992
-0.095992
-0.095992
-0.019352
-0.019352
0.095609
0.095609
0.15309
0.15309
0.066869
0.066869
-0.10557
-0.10557
0.11477
0.11477
0.11477
0.11477
0.11477
0.11477
-0.11515
-0.11515
-0.086412
-0.086412
-0.067252
-0.067252
-0.076832
-0.076832
-0.095992
-0.095992
0.057289
0.057289
0.038129
0.038129
0.086029
0.086029
0.12435
0.12435
-0.14389
-0.14389
-0.10557
-0.10557
-0.12473
-0.12473
-0.076832
-0.076832
0.15309
0.15309
-0.00019159
-0.00019159
-0.038512
-0.038512
-0.11515
-0.11515
-0.038512
-0.038512
-0.028932
-0.028932
0.028549
0.028549
0.057289
0.057289
0.076449
0.076449
0.076449
0.076449
0.086029
0.086029
0.12435
0.12435
0.13393
0.13393
0.13393
0.13393
-0.12473
-0.12473
0.12435
0.12435
0.12435
0.12435
-0.12473
-0.12473
0.086029
0.086029
-0.038512
-0.038512
0.16267
0.16267
0.018969
0.018969
-0.095992
-0.095992
-0.086412
-0.086412
0.13393
0.13393
0.028549
0.028549
-0.095992
-0.095992
0.038129
0.038129
0.076449
0.076449
0.12435
0.12435
0.095609
0.095609
-0.14389
-0.14389
-0.076832
-0.076832
-0.038512
-0.038512
0.066869
0.066869
0.13393
0.13393
-0.00019159
-0.00019159
-0.12473
-0.12473
0.047709
0.047709
0.19141
0.19141
-0.12473
-0.12473
0.12435
0.12435
-0.095992
-0.095992
-0.028932
-0.028932
0.028549
0.028549
0.15309
0.15309
-0.11515
-0.11515
-0.076832
-0.076832
0.0093885
0.0093885
0.095609
0.095609
0.057289
0.057289
0.095609
0.095609
-0.15347
-0.15347
-0.095992
-0.095992
-0.057672
-0.057672
-0.048092
-0.048092
-0.095992
-0.095992
-0.095992
-0.095992
-0.0097717
-0.0097717
0.018969
0.018969
0.047709
0.047709
-0.038512
-0.038512
-0.067252
-0.067252
-0.067252
-0.067252
0.047709
0.047709
-0.10557
-0.10557
-0.076832
-0.076832
-0.038512
-0.038512
0.14351
0.14351
-0.086412
-0.086412
-0.086412
-0.086412
-0.10557
-0.10557
-0.11515
-0.11515
-0.11515
-0.11515
0.057289
0.057289
0.086029
0.086029
0.13393
0.13393
0.13393
0.13393
-0.12473
-0.12473
-0.086412
-0.086412
0.066869
0.066869
0.047709
0.047709
-0.067252
-0.067252
-0.16305
-0.16305
0.20099
0.20099
-0.048092
-0.048092
-0.00019159
-0.00019159
-0.00019159
-0.00019159
0.028549
0.028549
0.12435
0.12435
-0.019352
-0.019352
-0.12473
-0.12473
0.0093885
0.0093885
-0.028932
-0.028932
-0.028932
-0.028932
0.12435
0.12435
0.11477
0.11477
0.15309
0.15309
0.066869
0.066869
0.047709
0.047709
-0.038512
-0.038512
-0.086412
-0.086412
0.10519
0.10519
-0.10557
-0.10557
-0.00019159
-0.00019159
-0.0097717
-0.0097717
-0.095992
-0.095992
-0.0097717
-0.0097717
-0.00019159
-0.00019159
0.038129
0.038129
0.086029
0.086029
0.057289
0.057289
0.13393
0.13393
0.11477
0.11477
-0.00019159
-0.00019159
-0.076832
-0.076832
-0.095992
-0.095992
0.057289
0.057289
0.066869
0.066869
0.066869
0.066869
0.038129
0.038129
0.038129
0.038129
0.038129
0.038129
0.066869
0.066869
0.086029
0.086029
-0.048092
-0.048092
-0.11515
-0.11515
-0.057672
-0.057672
-0.11515
-0.11515
-0.019352
-0.019352
-0.028932
-0.028932
-0.067252
-0.067252
-0.095992
-0.095992
0.018969
0.018969
-0.028932
-0.028932
0.086029
0.086029
0.066869
0.066869
0.057289
0.057289
0.028549
0.028549
0.19141
0.19141
0.10519
0.10519
0.17225
0.17225
-0.10557
-0.10557
-0.019352
-0.019352
-0.019352
-0.019352
0.10519
0.10519
0.028549
0.028549
0.057289
0.057289
-0.086412
-0.086412
0.14351
0.14351
0.086029
0.086029
0.038129
0.038129
-0.0097717
-0.0097717
-0.0097717
-0.0097717
-0.11515
-0.11515
-0.019352
-0.019352
-0.11515
-0.11515
0.076449
0.076449
0.038129
0.038129
0.12435
0.12435
0.076449
0.076449
0.047709
0.047709
-0.076832
-0.076832
0.095609
0.095609
0.12435
0.12435
-0.0097717
-0.0097717
-0.0097717
-0.0097717
-0.095992
-0.095992
0.028549
0.028549
0.057289
0.057289
-0.019352
-0.019352
-0.019352
-0.019352
-0.12473
-0.12473
-0.13431
-0.13431
-0.13431
-0.13431
-0.067252
-0.067252
-0.11515
-0.11515
-0.067252
-0.067252
-0.067252
-0.067252
-0.057672
-0.057672
-0.15347
-0.15347
-0.076832
-0.076832
-0.095992
-0.095992
0.028549
0.028549
0.076449
0.076449
-0.00019159
-0.00019159
-0.028932
-0.028932
0.057289
0.057289
0.11477
0.11477
0.047709
0.047709
-0.076832
-0.076832
-0.13431
-0.13431
-0.086412
-0.086412
-0.086412
-0.086412
-0.019352
-0.019352
-0.0097717
-0.0097717
-0.10557
-0.10557
-0.028932
-0.028932
-0.10557
-0.10557
0.11477
0.11477
0.057289
0.057289
0.018969
0.018969
-0.095992
-0.095992
-0.10557
-0.10557
-0.019352
-0.019352
0.076449
0.076449
0.028549
0.028549
0.086029
0.086029
0.11477
0.11477
0.095609
0.095609
0.0093885
0.0093885
0.018969
0.018969
-0.11515
-0.11515
-0.11515
-0.11515
-0.086412
-0.086412
0.15309
0.15309
0.066869
0.066869
-0.12473
-0.12473
0.076449
0.076449
0.14351
0.14351
-0.095992
-0.095992
-0.095992
-0.095992
-0.12473
-0.12473
-0.16305
-0.16305
-0.17263
-0.17263
-0.15347
-0.15347
-0.18221
-0.18221
0.018969
0.018969
-0.048092
-0.048092
-0.16305
-0.16305
-0.16305
-0.16305
0.15309
0.15309
0.076449
0.076449
0.047709
0.047709
0.12435
0.12435
0.14351
0.14351
0.19141
0.19141
-0.028932
-0.028932
-0.11515
-0.11515
-0.13431
-0.13431
-0.11515
-0.11515
0.18183
0.18183
0.16267
0.16267
-0.038512
-0.038512
-0.16305
-0.16305
0.16267
0.16267
-0.10557
-0.10557
-0.15347
-0.15347
0.17225
0.17225
-0.12473
-0.12473
0.17225
0.17225
-0.00019159
-0.00019159
-0.095992
-0.095992
0.13393
0.13393
-0.057672
-0.057672
0.095609
0.095609
0.066869
0.066869
0.15309
0.15309
-0.13431
-0.13431
-0.19179
-0.19179
0.028549
0.028549
0.0093885
0.0093885
0.095609
0.095609
-0.11515
-0.11515
0.076449
0.076449
-0.13431
-0.13431
0.16267
0.16267
-0.16305
-0.16305
0.17225
0.17225
-0.14389
-0.14389
-0.16305
-0.16305
0.10519
0.10519
0.11477
0.11477
-0.067252
-0.067252
0.14351
0.14351
-0.048092
-0.048092
0.13393
0.13393
-0.11515
-0.11515
0.095609
0.095609
-0.10557
-0.10557
0.16267
0.16267
-0.00019159
-0.00019159
0.018969
0.018969
0.066869
0.066869
-0.10557
-0.10557
0.19141
0.19141
0.0093885
0.0093885
-0.057672
-0.057672
0.066869
0.066869
0.095609
0.095609
0.028549
0.028549
0.047709
0.047709
0.17225
0.17225
-0.11515
-0.11515
0.18183
0.18183
-0.13431
-0.13431
-0.038512
-0.038512
-0.095992
-0.095992
0.095609
0.095609
0.086029
0.086029
-0.15347
-0.15347
0.17225
0.17225
0.057289
0.057289
-0.048092
-0.048092
-0.057672
-0.057672
0.10519
0.10519
0.047709
0.047709
-0.038512
-0.038512
-0.057672
-0.057672
-0.0097717
-0.0097717
0.066869
0.066869
-0.038512
-0.038512
-0.028932
-0.028932
-0.0097717
-0.0097717
-0.10557
-0.10557
-0.11515
-0.11515
-0.00019159
-0.00019159
0.057289
0.057289
-0.086412
-0.086412
-0.019352
-0.019352
0.038129
0.038129
0.10519
0.10519
-0.15347
-0.15347
-0.095992
-0.095992
-0.048092
-0.048092
-0.10557
-0.10557
-0.028932
-0.028932
-0.067252
-0.067252
-0.095992
-0.095992
-0.095992
-0.095992
0.086029
0.086029
0.15309
0.15309
0.10519
0.10519
0.076449
0.076449
0.047709
0.047709
0.028549
0.028549
-0.076832
-0.076832
0.11477
0.11477
0.066869
0.066869
0.12435
0.12435
0.10519
0.10519
0.066869
0.066869
0.038129
0.038129
-0.10557
-0.10557
-0.076832
-0.076832
0.028549
0.028549
-0.15347
-0.15347
0.11477
0.11477
0.095609
0.095609
-0.00019159
-0.00019159
-0.095992
0.17225
0.17225
-0.095992
-0.095992
-0.086412
-0.086412
-0.067252
-0.067252
0.057289
0.057289
0.12435
0.12435
0.086029
0.086029
0.12435
0.12435
0.13393
0.13393
0.066869
0.066869
-0.038512
-0.038512
-0.095992
-0.095992
-0.067252
-0.067252
0.018969
0.018969
0.047709
0.047709
0.12435
0.12435
-0.019352
-0.019352
-0.076832
-0.076832
-0.0097717
-0.0097717
0.0093885
0.0093885
0.018969
0.018969
0.086029
0.086029
0.076449
0.076449
0.11477
0.11477
0.11477
0.11477
0.12435
0.12435
0.14351
0.14351
0.038129
0.038129
0.11477
0.11477
0.095609
0.095609
0.076449
0.076449
0.076449
0.076449
0.11477
0.11477
0.11477
0.11477
0.10519
0.10519
0.095609
0.095609
0.095609
0.095609
-0.038512
-0.038512
-0.12473
-0.12473
-0.048092
-0.048092
-0.048092
-0.048092
-0.10557
-0.10557
-0.057672
-0.057672
-0.019352
-0.019352
0.12435
0.12435
0.12435
0.12435
0.11477
0.11477
-0.076832
-0.076832
-0.048092
-0.048092
-0.095992
-0.095992
-0.048092
-0.048092
0.028549
0.028549
0.11477
0.11477
0.066869
0.066869
0.057289
0.057289
0.12435
0.12435
0.076449
0.076449
0.038129
0.038129
-0.10557
-0.10557
0.12435
0.12435
-0.057672
-0.057672
-0.095992
-0.095992
-0.086412
-0.086412
0.047709
0.047709
0.076449
0.076449
0.10519
0.10519
0.047709
0.047709
0.11477
0.11477
0.10519
0.10519
0.10519
0.10519
0.0093885
0.0093885
0.076449
0.076449
-0.12473
-0.12473
-0.00019159
-0.00019159
-0.0097717
-0.0097717
-0.00019159
-0.00019159
0.12435
0.12435
0.13393
0.13393
0.095609
0.095609
-0.12473
-0.12473
-0.086412
-0.086412
0.13393
0.13393
0.16267
0.16267
0.10519
0.10519
0.13393
0.13393
0.15309
0.15309
-0.095992
-0.095992
0.057289
0.057289
0.12435
0.12435
0.018969
0.018969
0.018969
0.018969
-0.10557
-0.10557
-0.10557
-0.10557
-0.12473
-0.12473
-0.019352
-0.019352
-0.057672
-0.057672
-0.057672
-0.057672
0.066869
0.066869
0.038129
0.038129
-0.12473
-0.12473
0.13393
0.13393
-0.13431
-0.13431
-0.12473
-0.12473
0.018969
0.018969
0.15309
0.15309
-0.095992
-0.095992
0.095609
0.095609
-0.048092
-0.048092
0.086029
0.086029
0.12435
0.12435
0.095609
0.095609
0.057289
0.057289
-0.095992
-0.095992
0.14351
0.14351
0.095609
0.095609
0.038129
0.038129
-0.12473
-0.12473
-0.048092
-0.048092
-0.095992
-0.095992
-0.028932
-0.028932
-0.028932
-0.028932
-0.038512
-0.038512
-0.076832
-0.076832
-0.057672
-0.057672
0.0093885
0.0093885
-0.057672
-0.057672
0.038129
0.038129
0.095609
0.095609
-0.057672
-0.057672
-0.10557
-0.10557
0.10519
0.10519
0.14351
0.14351
0.15309
0.15309
0.0093885
0.0093885
-0.00019159
-0.00019159
0.047709
0.047709
0.066869
0.066869
-0.13431
-0.13431
-0.095992
-0.095992
-0.038512
-0.038512
0.14351
0.14351
0.095609
0.095609
0.14351
0.14351
0.076449
0.076449
-0.00019159
-0.00019159
0.057289
0.057289
0.057289
0.057289
0.11477
0.11477
0.057289
0.057289
0.086029
0.086029
-0.019352
-0.019352
0.14351
0.14351
0.095609
0.095609
-0.086412
-0.086412
-0.086412
-0.086412
-0.11515
-0.11515
-0.086412
-0.086412
0.047709
0.047709
0.13393
0.13393
0.0093885
0.0093885
-0.11515
-0.11515
-0.048092
-0.048092
0.15309
0.15309
-0.0097717
-0.0097717
-0.0097717
-0.0097717
-0.086412
-0.086412
0.15309
0.15309
0.12435
0.12435
-0.028932
-0.028932
-0.038512
-0.038512
-0.067252
-0.067252
0.11477
0.11477
0.14351
0.14351
0.095609
0.095609
0.12435
0.12435
-0.0097717
-0.0097717
-0.00019159
-0.00019159
-0.095992
-0.095992
-0.095992
-0.095992
-0.086412
-0.086412
-0.086412
-0.086412
-0.028932
-0.028932
-0.095992
-0.095992
-0.086412
-0.086412
0.10519
0.10519
-0.086412
-0.086412
-0.11515
-0.11515
-0.11515
-0.11515
-0.067252
-0.067252
-0.0097717
-0.0097717
0.095609
0.095609
-0.086412
-0.086412
-0.086412
-0.086412
-0.057672
-0.057672
0.047709
0.047709
0.086029
0.086029
-0.11515
-0.11515
0.11477
0.11477
0.0093885
0.0093885
-0.00019159
-0.00019159
0.13393
0.13393
0.11477
0.11477
0.028549
0.028549
-0.0097717
-0.0097717
-0.086412
-0.086412
0.076449
0.076449
0.12435
0.12435
0.066869
0.066869
0.11477
0.11477
-0.019352
-0.019352
0.047709
0.047709
0.066869
0.066869
0.095609
0.095609
0.018969
0.018969
0.095609
0.095609
0.095609
0.095609
0.047709
0.047709
0.11477
0.11477
0.13393
0.13393
0.076449
0.076449
0.057289
0.057289
-0.067252
-0.067252
0.066869
0.066869
0.10519
0.10519
-0.048092
-0.048092
0.0093885
0.0093885
-0.00019159
-0.00019159
0.13393
0.13393
0.057289
0.057289
-0.057672
-0.057672
-0.019352
-0.019352
-0.028932
-0.028932
-0.048092
-0.048092
-0.057672
-0.057672
0.047709
0.047709
-0.00019159
-0.00019159
0.086029
0.086029
-0.0097717
-0.0097717
-0.067252
-0.067252
-0.086412
-0.086412
-0.095992
-0.095992
-0.10557
-0.10557
-0.00019159
-0.00019159
0.038129
0.038129
0.038129
0.038129
-0.11515
-0.11515
-0.019352
-0.019352
0.066869
0.066869
-0.076832
-0.076832
-0.076832
-0.076832
-0.0097717
-0.0097717
-0.028932
-0.028932
0.066869
0.066869
0.095609
0.095609
-0.0097717
-0.0097717
0.057289
0.057289
0.12435
0.12435
0.13393
0.13393
0.10519
0.10519
0.018969
0.018969
-0.028932
-0.028932
-0.076832
-0.076832
0.076449
0.076449
0.095609
0.095609
-0.038512
-0.038512
-0.057672
-0.057672
-0.076832
-0.076832
-0.0097717
-0.0097717
-0.10557
-0.10557
-0.048092
-0.048092
-0.038512
-0.038512
0.11477
0.11477
-0.067252
-0.067252
-0.038512
-0.038512
0.076449
0.076449
0.15309
0.15309
0.095609
0.095609
-0.057672
-0.057672
0.038129
0.038129
0.086029
0.086029
0.066869
0.066869
-0.057672
-0.057672
-0.038512
-0.038512
0.066869
0.066869
-0.038512
-0.038512
-0.00019159
-0.00019159
0.086029
0.086029
0.066869
0.066869
0.018969
0.018969
0.076449
0.076449
0.10519
0.10519
-0.019352
-0.019352
-0.067252
-0.067252
-0.095992
-0.095992
-0.057672
-0.057672
0.018969
0.018969
0.14351
0.14351
0.047709
0.047709
-0.12473
-0.12473
0.047709
0.047709
0.11477
0.11477
0.066869
0.066869
-0.11515
-0.11515
-0.057672
-0.057672
0.10519
0.10519
-0.14389
-0.14389
0.11477
0.11477
0.13393
0.13393
0.10519
0.10519
0.0093885
0.0093885
-0.086412
-0.086412
0.16267
0.16267
-0.019352
-0.019352
0.17225
0.17225
-0.11515
-0.11515
-0.019352
-0.019352
0.12435
0.12435
0.0093885
0.0093885
0.20099
0.20099
0.076449
0.076449
-0.14389
-0.14389
-0.076832
-0.076832
-0.10557
-0.10557
-0.11515
-0.11515
0.11477
0.11477
-0.076832
-0.076832
0.13393
0.13393
-0.13431
-0.13431
-0.038512
-0.038512
-0.00019159
-0.00019159
0.086029
0.086029
0.057289
0.057289
-0.086412
-0.086412
-0.0097717
-0.0097717
-0.019352
-0.019352
-0.067252
-0.067252
-0.086412
-0.086412
-0.086412
-0.086412
0.13393
0.13393
0.047709
0.047709
-0.13431
-0.13431
0.076449
0.076449
0.076449
0.076449
-0.076832
-0.076832
-0.095992
-0.095992
-0.095992
-0.095992
0.018969
0.018969
-0.057672
-0.057672
-0.057672
-0.057672
-0.00019159
-0.00019159
-0.13431
-0.13431
0.16267
0.16267
0.076449
0.076449
-0.13431
-0.13431
0.018969
0.018969
0.086029
0.086029
0.13393
0.13393
-0.086412
-0.086412
0.12435
0.12435
0.0093885
0.0093885
-0.11515
-0.11515
-0.095992
-0.095992
0.038129
0.038129
0.076449
0.076449
-0.086412
-0.086412
-0.10557
-0.10557
-0.00019159
-0.00019159
0.095609
0.095609
-0.028932
-0.028932
-0.14389
-0.14389
0.13393
0.13393
0.095609
0.095609
-0.067252
-0.067252
-0.11515
-0.11515
0.086029
0.086029
0.11477
0.11477
-0.10557
-0.10557
-0.10557
-0.10557
-0.10557
-0.10557
0.16267
0.16267
0.13393
0.13393
-0.028932
-0.028932
-0.12473
-0.12473
0.16267
0.16267
-0.15347
-0.15347
0.14351
0.14351
-0.038512
-0.038512
-0.11515
-0.11515
0.17225
0.17225
-0.12473
-0.12473
-0.095992
-0.095992
-0.048092
-0.048092
0.057289
0.057289
0.11477
0.11477
-0.057672
-0.057672
-0.095992
-0.095992
0.0093885
0.0093885
0.13393
0.13393
0.16267
0.16267
0.086029
0.086029
0.12435
0.12435
-0.12473
-0.12473
-0.076832
-0.076832
0.11477
0.11477
0.14351
0.14351
-0.057672
-0.057672
-0.057672
-0.057672
-0.00019159
-0.00019159
0.14351
0.14351
-0.0097717
-0.0097717
-0.019352
-0.019352
-0.0097717
-0.0097717
-0.086412
-0.086412
0.12435
0.12435
-0.095992
-0.095992
0.16267
0.16267
-0.076832
-0.076832
-0.10557
-0.10557
0.10519
0.10519
-0.057672
-0.057672
-0.057672
-0.057672
-0.038512
-0.038512
-0.0097717
-0.0097717
0.066869
0.066869
-0.067252
-0.067252
0.14351
0.14351
-0.095992
-0.095992
0.12435
0.12435
0.0093885
0.0093885
-0.0097717
-0.0097717
0.057289
0.057289
-0.12473
-0.12473
0.10519
0.10519
-0.048092
-0.048092
0.16267
0.16267
-0.15347
-0.15347
0.10519
0.10519
-0.019352
-0.019352
-0.057672
-0.057672
0.13393
0.13393
-0.048092
-0.048092
0.095609
0.095609
-0.14389
-0.14389
-0.16305
-0.16305
0.12435
0.12435
-0.15347
-0.15347
0.095609
0.095609
0.095609
0.095609
0.086029
0.086029
-0.15347
-0.15347
0.086029
0.086029
0.10519
0.10519
-0.095992
-0.095992
0.16267
0.16267
-0.13431
-0.13431
-0.15347
-0.15347
-0.11515
-0.11515
0.15309
0.15309
0.047709
0.047709
-0.17263
-0.17263
0.13393
0.13393
-0.13431
-0.13431
0.14351
0.14351
0.038129
0.038129
-0.067252
-0.067252
0.057289
0.057289
-0.038512
-0.038512
-0.057672
-0.057672
0.18183
0.18183
-0.14389
-0.14389
-0.11515
-0.11515
0.16267
0.16267
-0.095992
-0.095992
0.15309
0.15309
-0.086412
-0.086412
-0.086412
-0.086412
0.13393
0.13393
-0.095992
-0.095992
0.066869
0.066869
-0.11515
-0.11515
-0.048092
-0.048092
0.12435
0.12435
-0.086412
-0.086412
0.066869
0.066869
0.10519
0.10519
-0.13431
-0.13431
0.066869
0.066869
0.057289
0.057289
-0.11515
-0.11515
0.13393
0.13393
-0.10557
-0.10557
-0.00019159
-0.00019159
0.14351
0.14351
-0.095992
-0.11515
0.15309
0.15309
-0.16305
-0.16305
0.057289
0.057289
-0.038512
-0.038512
-0.038512
-0.038512
0.038129
0.038129
0.13393
0.13393
0.047709
0.047709
-0.076832
-0.076832
0.14351
0.14351
-0.15347
-0.15347
-0.086412
-0.086412
0.13393
0.13393
-0.067252
-0.067252
0.018969
0.018969
0.057289
0.057289
-0.095992
-0.076832
0.15309
0.15309
-0.038512
-0.038512
0.057289
0.057289
0.047709
0.047709
-0.10557
-0.10557
0.15309
0.15309
0.17225
0.17225
-0.076832
0.17225
-0.12473
-0.12473
0.11477
0.11477
-0.10557
-0.10557
0.16267
0.16267
-0.14389
-0.14389
0.095609
0.095609
-0.019352
-0.019352
-0.15347
-0.057672
-0.086412
-0.086412
-0.028932
-0.028932
0.095609
0.095609
-0.10557
-0.10557
0.038129
0.038129
0.13393
0.13393
-0.076832
-0.076832
0.15309
0.047709
0.15309
0.15309
-0.15347
-0.15347
-0.028932
-0.028932
0.13393
0.13393
-0.10557
-0.10557
-0.057672
-0.057672
0.14351
0.14351
-0.15347
-0.15347
0.13393
0.13393
0.10519
0.10519
-0.17263
-0.17263
-0.4313
-0.4313
-0.46004
-0.46004
-0.54626
-0.54626
-0.74744
-0.74744
-0.92946
-0.92946
-0.575
-0.575
-1.5043
-1.5043
-1.1881
-1.1881
-1.1019
-1.1019
-0.79534
-0.79534
-1.1402
-1.1402
-1.1019
-1.1019
-0.32591
-0.32591
0.28721
0.28721
0.48839
0.48839
-0.13431
-0.13431
-1.4564
-1.4564
0.18183
0.18183
4.5312
4.5312
2.8834
2.8834
0.51713
0.51713
1.82
1.82
4.9719
4.9719
3.1325
3.1325
1.5135
1.5135
2.4236
2.4236
1.5805
1.5805
1.4656
1.4656
0.85244
0.85244
-1.2935
-1.2935
1.2069
1.2069
-0.53668
-0.53668
-0.23969
-0.23969
0.86202
0.86202
0.77579
0.77579
0.58419
0.58419
0.32553
0.32553
0.21057
0.21057
0.72789
0.72789
0.90034
0.90034
0.72789
0.72789
-4.4549
-1.7629
-1.7629
-1.4564
-1.4564
-3.6789
-3.6789
-4.0047
-4.0047
-2.1365
-2.1365
-2.1365
-2.1365
-1.1211
-1.1211
-1.4276
-1.4276
-1.4276
-1.4276
-2.2228
-2.2228
0.77579
0.77579
-0.36423
-1.0157
-1.0157
-1.0157
-0.88156
-0.88156
-0.54626
-0.54626
-0.13431
-0.13431
-0.076832
-0.076832
-0.84324
-0.84324
-0.42172
-0.42172
1.4368
1.4368
3.3624
3.3624
3.1038
3.1038
1.9829
1.9829
1.0632
1.0632
3.7073
3.7073
2.8068
2.8068
1.2069
1.2069
1.9062
1.9062
1.8775
1.8775
0.48839
0.48839
0.22973
0.22973
0.70873
0.70873
-0.10557
-0.10557
-0.29717
-0.35465
-0.35465
2.5864
2.5864
0.076449
0.076449
0.66083
0.66083
2.1553
2.1553
2.3948
2.3948
1.9637
1.9637
1.2452
1.2452
-1.1498
-1.1498
-2.2515
-2.2515
-1.6575
-1.6575
-0.96778
-0.96778
-3.5161
-3.5161
-3.6502
-3.6502
-1.5617
-1.5617
-1.8204
-1.8204
-2.5677
-2.5677
-1.4372
-1.4372
-1.2552
-1.2552
-0.39297
-0.39297
-0.92946
-0.92946
0.45965
0.45965
0.19141
0.19141
0.26805
0.26805
-0.99652
-0.99652
-1.0157
-1.0157
-1.1402
-1.1402
-1.1402
-1.1402
-0.9103
-0.9103
-1.0923
-1.0923
-1.0157
-1.0157
0.52671
0.52671
3.6881
3.6881
2.9122
2.9122
1.7338
1.7338
1.1782
1.1782
2.9122
2.9122
3.3241
3.3241
1.6667
1.6667
1.0249
1.0249
2.0499
2.0499
1.3314
1.3314
0.77579
0.77579
1.0919
1.0919
-0.8145
-0.8145
-2.5868
-2.5868
-1.533
-1.533
0.74705
0.74705
1.8583
1.8583
0.12435
0.12435
0.63209
0.63209
2.5768
2.5768
2.5289
2.5289
1.6859
1.6859
0.057289
0.057289
-1.3318
-1.3318
-2.3856
-2.3856
-1.3031
-1.3031
-2.3952
-2.3952
-3.3628
-3.3628
-2.903
-2.903
-0.93904
-0.93904
-2.1461
-2.1461
-2.6922
-2.6922
-1.3606
-1.3606
-1.8491
-1.8491
-0.4792
-0.4792
-1.6767
-1.6767
1.7051
1.7051
1.1015
1.1015
0.39259
0.39259
-0.25885
-0.25885
-0.69954
-0.69954
-1.7629
-1.7629
-1.8587
-1.8587
-0.7666
-0.7666
-2.0599
-2.0599
-2.0599
-2.0599
-0.7187
-0.7187
3.6019
3.6019
3.3049
2.117
2.8738
2.8738
2.4619
2.4619
1.3985
1.3985
2.2224
2.2224
1.2931
1.2931
1.0919
1.0919
0.52671
0.52671
2.2415
2.2415
-0.99652
-0.99652
-1.5138
-1.5138
-0.028932
-0.028932
1.3602
1.3602
0.80454
0.80454
-0.61332
-0.61332
1.7242
1.7242
2.3565
2.3565
2.3852
2.3852
1.3219
1.3219
-0.16305
-0.16305
-2.2803
-2.2803
-2.788
-2.788
-1.3222
-1.3222
-2.6443
-2.6443
-3.5257
-3.5257
-3.2287
-3.2287
-1.4468
-1.4468
-2.2611
-2.2611
-2.5485
-2.5485
-1.6959
-1.6959
-1.4276
-1.4276
0.15309
0.15309
-1.1019
-1.1019
0.9195
0.9195
0.9674
0.9674
0.58419
0.58419
0.10519
0.10519
-0.79534
-0.79534
-0.9582
-0.9582
-1.2935
-1.2935
-1.5522
-1.5522
-1.3606
-1.3606
-1.4755
-1.4755
-0.64206
-0.64206
2.1266
2.1266
4.0139
4.0139
1.2069
1.2069
2.5289
2.5289
3.2187
3.2187
3.2187
3.2187
2.1649
2.1649
1.2452
1.2452
1.1973
1.1973
1.0249
1.0249
0.076449
0.076449
0.95782
0.95782
-1.648
-1.648
-1.8012
-1.8012
-0.33549
-0.33549
1.274
1.274
0.74705
0.74705
-0.72828
-0.72828
1.7721
1.7721
3.3145
3.3145
2.232
2.232
1.3506
1.3506
-1.1115
-1.1115
-2.7976
-2.7976
-2.8072
-2.8072
-0.89114
-0.89114
-2.7497
-2.7497
-3.9472
-3.9472
-2.4335
-2.4335
-1.2743
-1.2743
-2.9604
-2.9604
-2.0695
-2.0695
-1.4468
-1.4468
-1.1977
-1.1977
-0.12473
-0.12473
-0.89114
-0.89114
0.55545
0.55545
1.4943
-0.40255
-0.40255
-1.0061
-1.0061
-1.2264
-1.2264
-1.1881
-1.1881
-1.4851
-1.4851
-1.5905
-1.5905
-1.7438
-1.7438
3.9947
3.9947
1.9637
1.9637
1.4081
1.4081
2.711
2.711
3.0846
3.0846
1.9829
1.9829
1.8871
-0.057672
-1.8204
-1.8204
-1.8204
-1.8204
-2.5581
-2.5581
-2.0982
-2.0982
-0.9103
-0.9103
2.5864
2.5864
0.23931
0.54587
3.9276
3.9276
1.935
1.935
2.2032
2.2032
-1.6288
-1.6288
-2.7209
-2.7209
-2.0503
-2.0503
-1.5426
-1.5426
-1.3893
-1.3893
-2.0216
-2.0216
-2.2994
-2.2994
-2.0695
-2.0695
-0.32591
-0.32591
0.29679
0.29679
4.2246
0.73747
2.7589
2.7589
3.19
3.19
-0.37381
-0.37381
0.25847
0.25847
0.65125
0.65125
-0.4313
-0.4313
-1.6001
-1.5713
-1.0827
-1.0827
-1.0061
-1.0061
-0.9582
-0.9582
-1.3031
-1.3031
-0.64206
-0.64206
0.47881
0.47881
1.2356
1.2356
1.3793
1.3793
1.4177
1.4177
0.97698
0.97698
0.18183
0.18183
-0.61332
-0.61332
-0.82408
-0.82408
-0.48878
-0.48878
-0.15347
-0.15347
-0.24927
-0.24927
0.15309
0.15309
0.56503
0.56503
0.55545
0.55545
0.37343
0.37343
0.40217
0.40217
-0.46004
-0.46004
-0.31633
-0.31633
-0.60374
-0.60374
-0.87198
-0.87198
-0.64206
-0.64206
-0.4313
-0.4313
-0.60374
-0.60374
-0.095992
-0.095992
-0.26843
-0.26843
-0.49836
-0.49836
-0.076832
-0.076832
-0.25885
-0.25885
0.066869
0.066869
-0.40255
-0.40255
0.038129
0.038129
-1.0444
-1.0444
0.23931
0.23931
2.2894
2.2894
3.6307
3.6307
2.2799
2.2799
0.43091
0.43091
3.1708
3.1708
4.0809
4.0809
1.638
1.638
1.3698
1.3698
2.002
2.002
1.5135
1.5135
0.54587
0.54587
-1.5713
-1.5713
-1.0636
-1.0636
-2.3473
-2.3473
-1.3893
-1.3893
1.7434
1.7434
0.71831
0.71831
0.29679
0.29679
1.6284
1.6284
0.63209
0.63209
0.63209
0.63209
-1.9162
-1.9162
-2.1078
-2.1078
-3.449
-3.449
-2.8359
-2.8359
-1.9737
-1.9737
-2.5102
-2.5102
-1.6288
-1.6288
-1.6001
-1.6001
-0.26843
-0.26843
2.1362
2.1362
0.38301
0.38301
3.257
3.257
2.117
2.117
-0.46004
-0.46004
-0.038512
-0.038512
-0.99652
-0.99652
-0.44088
-0.44088
-1.1402
-1.1402
-0.65164
-0.65164
1.3506
1.3506
2.9984
2.9984
2.3278
2.3278
1.6572
2.9601
2.9601
2.4523
2.4523
2.6056
2.6056
0.60335
0.60335
1.9254
1.9254
0.58419
0.58419
0.58419
0.58419
-1.6863
-1.6863
-0.61332
-0.61332
1.7913
1.7913
0.75663
0.75663
-0.61332
-0.61332
0.8237
0.8237
1.2165
1.2165
2.3852
2.3852
-1.2456
-1.2456
-2.3186
-2.3186
-3.1808
-3.1808
-2.4048
-2.4048
-2.1653
-2.1653
-2.309
-2.309
-2.3761
-2.3761
-2.3761
-2.3761
-1.9162
-1.6288
-1.6288
0.62251
0.62251
0.83328
0.83328
2.117
2.117
0.75663
0.75663
-0.34507
-0.34507
-0.39297
-0.39297
-0.11515
-0.6229
-0.6229
0.88118
0.88118
-0.55584
-0.55584
-0.92946
-0.92946
1.9925
1.9925
2.9313
2.9313
2.9505
2.9505
1.9829
1.9829
2.5289
2.5289
1.9158
1.9158
2.9601
2.9601
0.76621
0.76621
1.7434
1.7434
0.70873
0.70873
-0.85282
-0.85282
-2.012
-2.012
-2.8646
1.3506
1.3506
1.7434
1.7434
-0.048092
-0.048092
-0.14389
-0.14389
1.9733
1.9733
2.6056
2.6056
1.4656
1.4656
0.68957
-1.4947
-2.3569
-2.3569
-2.491
-2.491
-2.1653
-2.1653
-1.8875
-1.8875
-2.6539
-2.6539
-2.6539
-2.6539
-1.7629
-1.7629
-1.9641
-1.9641
-0.89114
-0.89114
1.8967
1.8967
-0.14389
-0.14389
-0.14389
-0.14389
-0.20137
-0.20137
-0.16305
-0.16305
-0.80492
-0.80492
-0.80492
-1.1115
-1.1115
-0.33549
-0.33549
1.5039
1.5039
2.4715
2.4715
2.7589
2.7589
2.0787
2.0787
2.232
2.232
3.2187
3.2187
1.753
3.0654
3.0654
0.41175
0.41175
0.095609
0.095609
-0.53668
-0.53668
0.22973
0.22973
-2.127
-2.127
-2.4527
-2.4527
-0.96778
-0.96778
2.0499
0.15309
0.86202
0.86202
2.5864
2.5864
1.2356
1.2356
1.9062
1.9062
-0.53668
-0.53668
-0.28759
-0.28759
-2.788
-2.788
-1.5426
-1.5426
-2.7497
-2.7497
-2.9892
-2.9892
-1.8108
-1.8108
-1.6863
-1.6863
-1.8587
-1.8587
-1.6863
-1.6863
-1.8875
1.1877
1.3985
1.3985
-0.00019159
-0.00019159
-1.0253
-1.0253
0.038129
0.038129
-0.00019159
-0.00019159
-0.16305
-0.16305
-1.6767
-1.6767
-0.60374
-0.60374
2.9984
2.9984
2.711
2.711
2.5577
2.5577
2.1936
2.1936
2.8068
1.3985
2.7014
2.7014
0.80454
0.80454
1.3027
1.3027
-0.70912
-0.70912
-2.6251
-2.6251
-1.1977
-1.1977
-2.4335
-2.4335
-1.1785
-1.1785
2.2415
-0.22053
0.9195
0.9195
2.2799
2.2799
1.2644
1.2644
1.4081
1.4081
-1.3606
-1.3606
-1.0253
-1.0253
-2.6156
-2.5581
-2.5581
-2.4335
-2.4335
-2.7114
-2.7114
-3.0946
-3.0946
-1.9833
-1.9833
-1.5138
-1.5138
-1.715
-1.715
-1.8587
-0.16305
0.93866
0.93866
0.79495
0.79495
-1.1019
-1.1019
-0.75702
-0.75702
-0.22053
-0.22053
-1.2264
-1.2264
-0.91988
-2.012
-0.99652
-0.99652
0.17225
0.17225
3.8031
3.8031
2.4715
2.4715
2.6535
2.6535
1.7434
1.7434
1.9158
1.9158
1.5805
1.5805
1.2165
1.2165
0.72789
0.72789
-1.6001
-1.6001
-3.3724
-3.3724
-1.5043
-1.5043
-2.2994
-2.2994
-0.48878
-0.48878
1.4943
1.4943
0.9195
0.9195
0.71831
0.71831
0.94824
0.94824
1.8488
1.8488
0.29679
0.29679
1.3027
1.3027
-0.51752
-0.51752
-1.83
-1.83
-3.2191
-3.2191
-2.8646
-2.8646
-1.9928
-1.9928
-2.0503
-2.0503
-2.9892
-2.9892
-2.5389
-2.5389
-1.5522
-1.5522
-1.3414
-1.3414
-1.5522
-1.5522
-1.5617
-1.5617
1.4751
1.4751
-0.94862
-0.94862
2.2607
2.2607
2.0404
2.0404
-0.067252
-0.067252
-0.91988
-0.91988
-0.27801
-0.27801
-0.27801
-0.27801
-0.46962
-0.46962
-2.0791
-2.0791
-1.7629
-1.7629
-0.38339
-0.38339
0.80454
0.80454
3.3433
3.3433
2.9313
2.9313
2.4523
2.4523
2.3373
2.3373
2.5385
2.5385
2.7397
2.7397
1.2835
1.2835
2.8834
2.8834
0.45007
0.45007
1.3219
1.3219
-0.019352
-0.019352
-1.0923
-1.0923
-2.4814
-2.4814
-1.2648
-1.2648
-2.7209
-2.7209
0.90992
0.90992
0.81412
0.81412
1.1207
1.1207
0.79495
0.79495
1.3027
1.3027
0.90034
0.90034
2.1841
2.1841
-2.1365
-2.1365
-2.3473
-2.3473
-3.1808
-3.1808
-2.5006
-2.5006
-2.2419
-2.2419
-2.127
-2.127
-2.9892
-2.9892
-1.9066
-1.9066
-1.648
-1.648
-1.7917
-1.7917
-1.6863
-1.6863
-1.5809
-1.5809
1.8296
1.8296
0.12435
0.12435
1.7721
1.7721
1.4272
1.4272
-0.79534
-0.79534
-1.7342
-1.7342
0.15309
0.15309
-0.90072
-0.90072
-1.0061
-1.0061
-2.5677
-2.5677
-1.2169
-1.2169
-0.90072
-0.90072
-0.0097717
-0.0097717
3.9564
3.9564
3.2666
3.2666
2.9313
2.9313
1.9829
1.9829
2.3182
2.3182
2.9217
2.9217
2.2032
2.2032
0.94824
0.94824
1.935
1.935
0.81412
0.81412
1.0153
1.0153
-2.012
-2.012
-1.7725
-1.7725
-1.6671
-1.6671
-2.4335
-2.4335
1.044
1.044
2.5098
2.5098
-0.19179
-0.19179
1.3506
1.3506
1.3506
1.3506
0.92908
0.92908
0.92908
0.92908
1.0824
1.0824
-1.2169
-1.2169
-2.5485
-2.5485
-2.2803
-2.2803
-2.4623
-2.4623
-2.3952
-2.3952
-2.7018
-2.7018
-2.5102
-2.5102
-1.5905
-1.5905
-1.8779
-1.8779
-1.3606
-1.3606
-1.9258
-1.9258
2.596
2.596
0.13393
0.13393
1.4272
1.4272
0.90034
0.90034
-1.054
-1.054
-0.68996
-0.68996
-0.16305
-0.16305
-0.72828
-0.72828
-0.69954
-0.69954
-0.29717
-0.29717
-0.9582
-0.9582
-0.0097717
-0.0097717
1.6763
1.6763
3.9181
3.9181
3.5157
3.5157
2.2607
2.2607
2.4906
2.4906
2.6343
2.6343
2.9409
2.9409
1.7721
1.7721
3.2475
3.2475
1.0153
1.0153
1.0153
1.0153
0.33511
0.33511
-1.4755
-1.4755
-0.26843
-0.26843
-1.2648
-1.2648
-1.6192
-1.6192
1.0345
1.0345
1.5135
1.5135
0.32553
0.32553
0.8237
0.8237
1.2261
1.2261
1.638
1.638
1.2548
1.2548
1.2452
1.2452
-1.2073
-1.2073
-2.5006
-2.5006
-2.8551
-2.8551
-1.9449
-1.9449
-2.7593
-2.7593
-1.9449
-1.9449
-1.6001
-1.6001
-1.5713
-1.5713
-1.8587
-1.8587
2.6918
2.6918
0.86202
0.86202
2.1074
2.1074
0.93866
0.93866
-1.0636
-1.0636
0.36385
-0.14389
-0.14389
-1.3893
-1.3893
-0.048092
-0.048092
-0.21095
-0.21095
-0.8624
-0.8624
1.7913
1.7913
3.3241
3.3241
2.0978
1.7721
1.7721
2.7876
2.7876
2.4236
2.4236
2.4331
2.4331
0.8716
0.8716
1.6476
1.6476
1.9254
1.9254
1.274
-0.46962
-1.2839
-1.2839
-0.38339
-0.38339
1.6763
1.6763
1.1111
1.1111
0.12435
0.12435
0.44049
0.44049
1.753
1.1015
0.65125
0.65125
-0.54626
-0.54626
-2.012
-2.012
-2.7209
-2.7209
-2.5389
-2.5389
-1.3989
-1.3989
-2.7784
-2.7784
-1.6863
-1.6863
-1.8396
-1.8396
-1.8396
-1.8396
-0.91988
-0.91988
0.17225
0.17225
2.9026
2.9026
1.9254
1.9254
-0.84324
-0.84324
-0.96778
-0.96778
-1.3701
-1.3701
0.25847
0.25847
-0.9582
-0.9582
-0.59416
-0.59416
1.4272
1.4272
2.1745
2.1745
2.7876
2.0883
2.0883
2.7397
2.7397
2.4906
2.4906
3.1229
3.1229
1.3314
1.3314
2.117
2.117
1.2931
1.2931
-0.63248
-0.63248
1.9829
-1.7342
-0.019352
-0.019352
1.3889
1.3889
0.69915
0.69915
0.27763
0.27763
0.38301
0.38301
0.72789
0.72789
1.6572
1.6572
-1.2648
-1.2648
-2.6539
-2.6539
-2.673
-2.673
-2.2803
-2.2803
-2.3952
-2.3952
-2.6635
-2.6635
-3.1808
-3.1808
-2.0503
-2.0503
-1.236
-1.8012
-1.8012
0.32553
0.32553
-1.4755
-1.4755
0.48839
0.48839
3.1325
3.1325
1.3314
1.3314
-1.0348
-1.0348
1.0057
1.0057
1.0057
1.0057
-1.8012
-1.1785
-0.44088
-0.44088
1.5039
1.5039
2.0212
2.0212
1.5135
1.5135
1.7146
1.7146
3.0846
3.0846
2.7589
2.7589
2.3469
1.1782
1.1782
1.6188
1.6188
1.3985
1.3985
-0.048092
-0.048092
2.1266
2.1266
0.12435
0.12435
-1.9545
-1.9545
-0.60374
-0.60374
1.8871
1.8871
-0.24927
0.076449
0.076449
2.6631
2.6631
1.159
1.159
1.3793
1.3793
-0.80492
-0.80492
-1.2743
-1.2743
-3.4203
-3.4203
-2.3952
-2.3952
-1.9641
-1.9641
-2.2132
-2.2132
-3.0083
-3.0083
-2.5581
-2.5581
-1.8587
-1.8587
-1.4755
-1.4755
-1.7725
-1.7725
-1.351
-1.351
0.61293
0.61293
-1.9449
-1.9449
0.83328
0.83328
3.2954
3.2954
1.3314
1.3314
-0.75702
-0.75702
-0.46962
-0.46962
0.36385
0.36385
-0.23969
-0.23969
-1.7821
-1.7821
-1.3414
-1.3414
-1.6671
-1.6671
-0.48878
-0.48878
1.5901
1.5901
2.3373
2.3373
1.6572
1.6572
2.5385
2.5385
2.4715
2.4715
2.0691
2.0691
2.9792
2.9792
1.6188
1.6188
1.9541
1.9541
0.76621
0.76621
0.92908
0.92908
1.044
1.044
0.057289
0.057289
-2.3377
-2.3377
-0.11515
-0.11515
1.6667
1.6667
0.62251
0.62251
0.11477
0.11477
0.78537
0.78537
1.9062
1.9062
0.23931
0.23931
1.4368
1.4368
-0.66122
-0.66122
-2.9413
-2.9413
-3.0658
-3.0658
-2.3856
-2.3856
-1.9258
-1.9258
-1.9545
-1.9545
-2.5581
-2.5581
-2.2898
-2.2898
-2.2419
-2.2419
-1.6863
-1.6863
-1.8683
-1.8683
-1.7054
-1.7054
1.4081
1.4081
-1.2839
-1.2839
0.15309
0.15309
3.8606
3.8606
0.75663
0.75663
-0.9582
-0.9582
-0.46004
-0.46004
-0.048092
-0.048092
-0.72828
-0.72828
-2.3377
-2.3377
-2.2419
-2.2419
-1.0732
-1.0732
-0.33549
-0.33549
3.2379
3.2379
2.3565
2.3565
2.5098
2.5098
1.1015
1.1015
2.6056
2.6056
2.7876
2.7876
2.3565
2.3565
2.7397
2.7397
1.9446
1.9446
0.75663
0.75663
0.56503
0.56503
0.047709
0.047709
-0.92946
-0.92946
-1.1115
-1.1115
-0.095992
-0.095992
1.1015
1.1015
0.32553
0.32553
0.78537
0.78537
0.80454
0.80454
1.2835
1.2835
0.67041
0.67041
1.4943
1.4943
-1.8683
-1.8683
-2.5389
-2.5389
-3.0754
-3.0754
-2.8934
-2.8934
-2.673
-2.673
-2.0886
-2.0886
-2.2803
-2.2803
-2.2611
-2.2611
-1.3222
-1.3222
-1.4564
-1.4564
-1.5234
-1.5234
-1.7629
-1.7629
0.16267
0.16267
-0.99652
-0.99652
0.22015
0.22015
3.3433
3.3433
0.31595
0.31595
-0.85282
-0.85282
0.74705
0.74705
0.22015
0.22015
-0.575
-0.575
-1.8683
-1.8683
-1.83
-1.83
-1.5522
-1.5522
0.28721
0.28721
3.0367
3.0367
2.5481
2.5481
2.3469
2.3469
1.2452
1.2452
2.2894
2.2894
2.6822
2.6822
2.2799
2.2799
0.76621
0.76621
0.76621
0.76621
2.3852
2.3852
-0.68038
-0.68038
-1.9354
-1.9354
-1.8396
-1.8396
0.066869
0.066869
0.60335
0.60335
0.63209
0.63209
0.27763
0.27763
1.4656
1.4656
1.5805
1.5805
0.23931
0.23931
0.26805
0.26805
1.7242
1.7242
-1.2839
-1.2839
-2.9221
-2.9221
-2.9509
-2.9509
-2.2611
-2.2611
-2.3761
-2.3761
-2.5581
-2.5581
-2.8359
-2.8359
-2.7018
-2.7018
-2.1174
-2.1174
-1.3031
-1.3031
-1.4755
-1.4755
-2.1365
-2.1365
0.55545
0.55545
-0.96778
-0.96778
1.9733
1.9733
2.6439
2.6439
0.076449
0.076449
-0.8624
-0.8624
0.58419
0.58419
0.23931
0.23931
-1.1306
-1.1306
-0.93904
-0.93904
-0.6229
-0.6229
-0.73786
-0.73786
1.2931
1.2931
2.3852
2.3852
1.8583
1.8583
2.8068
2.8068
2.4619
2.4619
2.2799
2.2799
2.5577
2.5577
1.8392
1.8392
4.4545
4.4545
-0.048092
-0.048092
1.7338
1.7338
0.81412
0.81412
-0.32591
-0.32591
-1.0348
-1.0348
-1.0253
-1.0253
-2.0886
-2.0886
0.43091
0.43091
1.2931
1.2931
0.80454
0.80454
1.8296
1.8296
1.9829
1.9829
1.2548
1.2548
1.5901
1.5901
-1.1402
-1.1402
-3.0754
-3.0754
-2.6635
-2.6635
-1.9928
-1.9928
-2.4527
-2.4527
-2.9221
-2.9221
-2.9988
-2.9988
-2.3473
-2.3473
-2.1653
-2.1653
-1.5617
-1.5617
-1.2073
-1.2073
-1.5617
-1.5617
0.11477
0.11477
-0.59416
-0.59416
1.8392
1.8392
1.4847
1.4847
0.35427
0.35427
-1.1785
-1.1785
0.42133
0.42133
0.32553
0.32553
-1.3318
-1.3318
-0.85282
-0.85282
-1.0348
-1.0348
-1.4468
-1.4468
1.1398
1.1398
2.4715
2.4715
1.7913
1.7913
2.596
2.596
2.711
2.711
2.5002
2.5002
3.0654
3.0654
1.7817
1.7817
2.8164
2.8164
0.54587
0.54587
1.8679
1.8679
2.1074
2.1074
-0.048092
-0.048092
-1.418
-1.418
-1.8875
-1.8875
-0.6708
-0.6708
1.0632
1.0632
0.67999
0.67999
0.16267
0.16267
0.42133
0.42133
1.935
1.935
2.0787
2.0787
0.70873
0.70873
0.16267
0.16267
-1.9928
-1.9928
-2.8742
-2.8742
-2.8742
-2.8742
-2.8646
-2.8646
-2.5293
-2.5293
-3.0083
-3.0083
-2.0599
-2.0599
-1.8779
-1.8779
-1.7629
-1.7629
-1.6192
-1.6192
-0.37381
-0.37381
3.008
3.008
-0.057672
-0.057672
2.6439
2.6439
2.4715
2.4715
-0.14389
-0.14389
-0.89114
-0.89114
0.77579
0.77579
-0.87198
-0.87198
-1.0348
-1.0348
-0.30675
-0.30675
-0.83366
-0.83366
-0.575
-0.575
1.2165
1.2165
2.5385
2.5385
1.9637
1.9637
2.1936
2.1936
1.6955
1.6955
2.8451
2.8451
3.0559
3.0559
2.2511
2.2511
0.92908
0.92908
1.1973
1.1973
2.117
2.117
0.89076
0.89076
-2.1078
-2.1078
-1.3893
-1.3893
-0.6708
-0.6708
0.22973
0.22973
0.29679
0.29679
-0.24927
-0.24927
0.76621
0.76621
1.5422
1.5422
1.3506
1.3506
1.7913
1.7913
1.0057
1.0057
0.30637
0.30637
-1.1019
-1.1019
-2.8646
-2.8646
-3.2287
-3.2287
-2.6347
-2.6347
-2.4719
-2.4719
-2.2515
-2.2515
-3.0083
-3.0083
-2.3761
-2.3761
-1.6192
-1.6192
-1.6959
-1.6959
-1.5905
-1.5905
2.2415
2.2415
0.39259
0.39259
2.3182
2.3182
1.6284
1.6284
-0.87198
-0.87198
0.057289
0.057289
1.159
1.159
-0.8624
-0.8624
-1.3989
-1.3989
0.24889
0.24889
-0.23011
-0.23011
-1.3606
-1.3606
0.38301
0.38301
2.5289
2.5289
3.1612
3.1612
1.6667
1.6667
1.7817
1.7817
3.7073
3.7073
2.7493
2.7493
1.6955
1.6955
2.3278
2.3278
1.0345
1.0345
0.62251
0.62251
-0.50794
-0.50794
-0.35465
-0.35465
-1.0061
-1.0061
-1.9545
-1.9545
-1.6192
-1.6192
1.4272
1.4272
1.3506
1.3506
0.70873
0.70873
0.77579
0.77579
1.6763
1.6763
2.0883
2.0883
1.4464
1.4464
1.3793
1.3793
-1.4947
-1.4947
-3.9376
-3.9376
-1.6767
-1.6767
-2.5006
-2.5006
-1.9928
-1.9928
-3.152
-3.152
-2.3282
-2.3282
-1.8491
-1.8491
-2.0599
-2.0599
-1.9258
-1.9258
-1.0157
-1.0157
2.4331
2.4331
2.4331
2.4331
2.1649
2.1649
1.159
1.159
0.40217
0.40217
-0.21095
-0.21095
-0.99652
-0.99652
-0.55584
-0.55584
-1.3414
-1.3414
-1.8587
-1.8587
-0.50794
-0.50794
-0.17263
-0.17263
1.1207
1.1207
3.5732
3.5732
3.0559
3.0559
1.6763
1.6763
1.6763
1.6763
2.9984
2.9984
2.4715
2.4715
2.6918
2.6918
1.3793
1.3793
1.2644
1.2644
1.2931
1.2931
-0.19179
-0.19179
1.8967
1.8967
-1.5809
-1.5809
-2.5772
-2.5772
-0.019352
-0.019352
1.9541
1.9541
1.4943
1.4943
1.1303
1.1303
1.5518
1.5518
2.8643
2.8643
2.4619
2.4619
1.1494
1.1494
0.88118
0.88118
-1.0444
-1.0444
-2.9125
-2.9125
-2.491
-2.491
-2.0886
-2.0886
-1.897
-1.897
-3.564
-3.564
-2.5389
-2.5389
-1.9737
-1.9737
-2.0503
-2.0503
-1.2169
-1.7629
-1.7629
-0.61332
-0.61332
1.1303
1.1303
1.0632
1.0632
-0.23969
-0.23969
-0.9582
-0.9582
0.028549
0.028549
1.2069
1.2069
-1.3318
-1.3318
-1.3318
-1.3318
-0.048092
1.935
1.935
3.1325
3.1325
2.0308
2.0308
1.7817
1.7817
2.002
2.002
3.2283
3.2283
3.554
3.554
2.2224
2.2224
0.42133
0.42133
-1.6096
-1.6096
2.2607
2.2607
-1.9066
-1.9066
-3.9663
-3.9663
0.25847
0.25847
2.4715
2.4715
1.5135
1.5135
0.20099
0.20099
1.9254
1.9254
4.0522
4.0522
1.2835
1.2835
1.4368
-0.59416
-3.4107
-3.4107
-1.6001
-1.6001
-2.3569
-2.3569
-2.5485
-2.5485
-2.7018
-2.7018
-2.5198
-2.5198
-2.3473
-2.3473
-1.8012
-1.8012
-2.3569
-2.3569
-1.1211
-1.1211
1.2835
1.2835
0.40217
0.40217
-0.79534
-0.79534
-0.55584
-0.55584
0.45965
0.45965
-0.15347
-0.15347
-0.89114
-0.89114
-1.236
-1.236
-2.127
-2.127
-1.0827
-1.0827
-0.019352
-0.019352
2.893
2.893
3.4007
3.4007
2.9026
2.9026
2.0883
2.0883
2.0883
2.0883
2.3565
2.3565
1.7338
1.7338
1.2452
1.2452
0.095609
-2.6539
-2.6539
0.50755
0.50755
-3.2191
-3.2191
-3.449
-3.449
0.79495
0.79495
2.7685
2.7685
1.3602
1.3602
-0.575
-0.575
1.8679
1.8679
3.7839
3.7839
2.9696
2.9696
1.3985
1.3985
-0.048092
-0.048092
-1.1306
-1.2648
-2.7114
-2.7114
-2.7497
-2.7497
-2.9892
-2.9892
-2.309
-2.309
-2.4719
-2.4719
-2.1174
-2.1174
-2.2707
-2.2707
-1.4085
-1.4085
-1.8683
-1.8683
-0.6229
-0.6229
0.86202
0.86202
0.24889
0.24889
-1.8683
-1.8683
-1.2073
-1.2073
0.73747
0.73747
0.88118
0.88118
-1.533
-1.533
-2.309
-2.309
-0.038512
-0.038512
0.22973
0.22973
0.62251
0.62251
3.0942
3.0942
3.9851
3.9851
2.6822
2.6822
2.5481
2.5481
2.5481
2.5481
0.99614
0.99614
1.3698
1.3698
0.45007
0.45007
-1.3318
-1.3318
1.2069
1.2069
-2.424
-2.424
-1.9354
-1.9354
1.8967
1.8967
2.9122
2.9122
0.086029
0.086029
1.1686
1.1686
1.7721
1.7721
4.33
4.33
1.2452
1.2452
1.9925
1.9925
-0.086412
-0.086412
-2.3569
-2.3569
-3.6119
-3.6119
-2.1174
-2.1174
-2.2228
-2.2228
-2.606
-2.606
-2.9796
-2.9796
-2.0791
-2.0791
-2.3186
-2.3186
-2.2515
-2.2515
-1.533
-1.533
-1.4851
-1.4851
-2.8646
-2.8646
-1.6288
-1.6288
0.25847
0.25847
0.22015
0.22015
-1.2169
-1.2169
-1.2935
-1.2935
1.4081
1.4081
1.2931
1.2931
-0.10557
-0.10557
-1.5522
-1.5522
-0.14389
-0.14389
-0.7187
-0.7187
1.82
1.82
2.6439
2.6439
2.7397
2.7397
2.4523
2.4523
1.7242
1.7242
2.6056
2.6056
2.7876
2.7876
2.4906
2.4906
1.3698
1.3698
-0.057672
-0.057672
-2.3473
-2.3473
0.28721
0.28721
-2.4527
-2.4527
0.47881
0.47881
2.6247
2.6247
0.97698
0.97698
-0.028932
-0.028932
1.3314
1.3314
3.0271
3.0271
3.3433
3.3433
1.5518
1.5518
-1.4851
-1.4851
-0.35465
-0.35465
-1.8587
-1.8587
-1.3318
-1.3318
-2.5485
-2.5485
-2.606
-2.606
-2.2611
-2.2611
-2.5772
-2.5772
-2.3952
-2.3952
-2.4814
-2.4814
-1.1211
-1.1211
-0.6708
-0.6708
0.45965
0.45965
1.6667
1.6667
0.018969
0.018969
1.1782
1.1782
-0.095992
-0.095992
0.18183
0.18183
-0.11515
-0.11515
-0.40255
-0.40255
-0.99652
-0.99652
-1.2839
-1.2839
-1.7821
-1.7821
-0.88156
-0.88156
1.4368
1.4368
2.1457
2.1457
2.2703
2.2703
2.7972
2.7972
1.3602
1.3602
2.7589
2.7589
3.1038
3.1038
2.6535
2.6535
1.6763
1.6763
1.2452
1.2452
1.753
1.753
0.25847
0.25847
-2.424
-2.7018
-2.7018
-2.012
-2.012
0.83328
0.83328
0.35427
0.35427
0.35427
0.35427
0.61293
0.61293
1.9829
1.9829
1.9829
1.9829
2.002
2.002
-0.26843
-0.26843
-2.4527
-2.4527
-2.3856
-2.3856
-2.6539
-2.6539
-2.7593
-2.7593
-3.1137
-3.1137
-2.1461
-2.1461
-2.606
-2.606
-2.4814
-2.4814
-2.1078
-2.1078
-0.89114
-0.89114
-2.0791
-2.0791
1.4081
1.4081
1.0536
1.0536
0.37343
0.37343
0.59377
0.59377
0.37343
0.37343
-0.35465
-0.35465
0.65125
0.65125
-0.44088
-0.44088
-0.56542
-0.56542
0.086029
0.086029
-0.48878
-0.48878
-1.4276
-1.4276
1.5614
1.5614
2.8834
2.8834
2.2894
2.2894
2.3852
2.3852
1.5326
1.5326
3.2858
3.2858
3.2283
3.2283
2.299
2.299
1.9829
1.9829
1.7817
1.7817
1.9446
1.9446
0.095609
0.095609
-0.40255
-0.40255
0.12435
0.12435
-3.3436
-3.3436
-2.0599
-2.0599
1.9254
1.9254
1.9446
1.9446
0.36385
0.36385
0.36385
0.36385
2.0595
2.0595
2.5194
2.5194
1.7146
1.7146
-0.21095
-0.21095
-2.0695
-2.0695
-2.9221
-2.9221
-2.9221
-2.9221
-3.1137
-3.1137
-3.4107
-3.4107
-2.9125
-2.9125
-2.2898
-2.2898
-1.9354
-1.9354
-2.3473
-2.3473
-1.0827
1.523
1.4272
1.4272
0.95782
0.95782
1.2261
1.2261
-0.79534
-0.79534
-0.28759
-0.28759
-0.019352
-0.019352
-0.44088
-0.44088
-1.1211
-1.1211
-0.12473
-0.12473
-0.59416
-0.59416
-1.1402
-1.1402
0.66083
0.66083
2.7014
2.7014
2.6822
2.6822
2.4044
2.4044
1.2644
1.2644
2.7014
2.7014
2.9792
2.9792
2.2799
2.2799
2.0883
2.0883
1.1207
1.1207
1.1207
1.1207
-0.51752
-0.51752
-0.21095
-0.21095
-0.086412
-0.086412
-2.673
-2.673
-1.1785
-1.1785
1.7625
1.7625
1.8009
1.8009
-0.23011
-0.23011
1.0728
1.0728
2.2032
2.2032
2.1649
2.1649
1.341
1.341
1.1398
1.1398
-1.2552
-1.2552
-3.0658
-3.0658
-2.7018
-2.7018
-2.4814
-2.4814
-2.9221
-2.9221
-2.9221
-2.9221
-2.5677
-2.5677
-1.9162
-1.9162
-2.0982
-2.0982
-1.1306
-1.1306
-1.9928
-1.9928
2.002
2.002
0.19141
0.19141
1.1398
1.1398
0.90992
0.90992
-0.15347
-0.15347
-0.33549
-0.33549
0.16267
0.16267
-0.51752
-0.51752
-0.8624
-0.8624
-0.84324
-0.84324
-0.6229
-0.6229
-0.88156
-0.88156
1.4368
1.4368
3.0463
3.0463
2.8355
2.8355
1.6859
1.6859
1.2261
1.2261
2.8547
2.8547
2.7397
2.7397
2.0595
2.0595
1.8104
1.8104
1.159
1.159
1.3889
1.3889
-0.076832
-0.076832
-0.10557
-0.10557
-0.80492
-0.80492
-3.6789
-3.6789
-1.7438
-1.7438
2.0116
2.0116
1.8104
1.8104
-0.15347
-0.15347
0.95782
0.95782
2.4331
2.4331
2.7301
2.7301
1.6572
1.6572
1.0249
1.0249
-1.0732
-1.0732
-2.8167
-2.8167
-2.3665
-2.3665
-2.7593
-2.7593
-2.2515
-2.2515
-2.606
-2.606
-2.3377
-2.3377
-1.7246
-1.7246
-1.648
-1.648
-1.7629
-1.7629
-0.92946
-0.92946
-1.7821
-1.7821
0.066869
0.066869
1.0824
1.0824
1.0824
1.0824
0.74705
0.74705
0.066869
0.066869
1.1877
1.1877
-0.58458
-0.58458
-1.1498
-1.1498
-1.1019
-1.1019
0.30637
0.30637
-0.38339
-0.38339
1.5614
1.5614
3.6019
3.6019
3.7073
3.7073
1.82
1.82
1.1398
1.1398
3.0846
3.0846
2.711
2.711
1.8967
1.8967
1.5135
1.5135
1.8488
1.8488
0.8237
0.8237
-1.8396
-1.8396
1.1782
1.1782
-2.4048
-2.4048
-3.1329
-3.1329
-0.9582
-0.9582
2.5385
2.5385
1.8104
1.8104
-0.80492
-0.80492
1.3793
1.3793
3.1517
3.1517
3.2379
3.2379
1.2931
1.2931
0.55545
0.55545
-0.4792
-0.4792
-2.9796
-2.9796
-1.9449
-1.9449
-2.7305
-2.7305
-3.0562
-3.0562
-2.3665
-2.3665
-1.8108
-1.8108
-3.4203
-3.4203
-1.5905
-1.5905
-1.9066
-1.9066
-0.78576
-0.78576
-1.9641
-1.9641
-1.5809
-1.5809
1.3027
1.3027
1.8104
1.8104
-0.29717
-0.29717
-0.78576
-0.78576
0.23931
0.23931
0.75663
0.75663
-0.83366
-0.83366
-1.6767
-1.6767
0.60335
0.60335
0.13393
0.13393
2.2894
2.2894
3.2666
3.2666
2.4619
2.4619
1.4081
1.4081
2.0308
2.0308
3.1038
3.1038
2.2032
2.2032
1.7817
1.7817
1.4656
1.4656
1.4368
1.4368
0.018969
0.018969
-2.0503
-2.0503
0.21057
0.21057
-2.5581
-2.5581
-3.8705
-3.8705
-0.6708
-0.6708
2.0116
2.0116
2.2799
2.2799
0.076449
0.076449
1.3123
1.3123
3.008
3.008
3.0846
3.0846
1.6188
1.6188
0.12435
0.12435
-0.7666
-0.7666
-2.309
-2.309
-1.3414
-1.3414
-3.2957
-3.2957
-2.9221
-2.9221
-1.8779
-1.8779
-2.1557
-2.1557
-2.6443
-2.6443
-2.5389
-2.5389
-2.0599
-2.0599
-1.0348
-1.0348
-2.5868
-2.5868
-1.9449
-1.9449
1.2452
1.2452
0.46923
0.46923
-1.5713
-1.5713
-0.4792
-0.4792
0.90992
0.90992
0.54587
0.54587
-0.78576
-0.78576
-0.32591
-0.32591
-1.0827
-1.0827
-0.048092
-0.048092
0.89076
0.89076
4.033
4.033
4.033
4.033
1.7817
1.7817
2.0787
2.0787
3.3145
3.3145
2.7301
2.7301
1.8775
1.8775
1.3123
1.3123
1.1973
1.1973
-0.26843
-0.26843
-3.2957
-3.2957
0.43091
0.43091
-2.5198
-2.5198
-4.3304
-4.3304
-0.61332
-0.61332
2.6631
2.6631
1.4272
1.4272
-0.15347
-0.15347
0.92908
0.92908
3.1133
3.1133
3.2187
3.2187
1.82
1.82
-0.0097717
-0.0097717
-1.5522
-1.5522
-1.6959
-1.6959
-1.0923
-1.0923
-2.4814
-2.4814
-2.8742
-2.8742
-2.1078
-2.1078
-2.4527
-2.4527
-1.533
-1.533
-1.4468
-1.4468
-1.7821
-1.7821
-1.2552
-1.2552
2.5002
2.5002
-0.83366
-0.83366
0.62251
0.62251
2.596
2.596
2.9792
2.9792
-0.6708
-0.6708
-0.11515
-0.11515
1.2644
1.2644
-0.30675
-0.30675
-1.3606
-1.3606
-2.0695
-2.0695
-1.5426
-1.5426
-1.169
-1.169
-0.72828
-0.72828
-1.0348
-1.0348
-0.80492
-0.80492
0.26805
0.26805
0.92908
0.92908
0.90034
0.90034
0.63209
0.63209
0.63209
0.63209
1.0536
1.0536
1.1303
1.1303
0.76621
0.76621
-0.23969
-0.23969
-0.31633
-0.31633
-0.23011
-0.23011
-0.9582
-0.9582
-1.0061
-1.0061
-0.51752
-0.51752
-0.12473
-0.12473
-0.39297
-0.39297
-0.13431
-0.13431
0.43091
0.43091
0.65125
0.65125
0.076449
0.076449
0.39259
0.39259
0.50755
0.50755
0.23931
0.23931
-0.14389
-0.14389
-0.086412
-0.086412
-0.038512
-0.038512
-0.28759
-0.28759
-0.028932
-0.028932
0.095609
0.095609
0.16267
0.16267
0.12435
0.12435
0.22015
0.22015
0.50755
0.50755
0.52671
0.52671
0.39259
0.39259
0.59377
0.59377
0.27763
0.27763
0.076449
0.076449
-0.00019159
-0.00019159
-0.038512
-0.038512
0.038129
0.038129
-0.076832
-0.076832
-0.12473
-0.12473
-0.048092
-0.048092
0.10519
0.10519
0.19141
0.19141
0.22015
0.22015
0.17225
0.17225
0.14351
0.14351
0.17225
0.17225
0.22015
0.22015
-0.048092
-0.048092
0.12435
0.12435
-0.086412
-0.086412
0.11477
0.11477
-0.14389
-0.14389
-0.23969
-0.23969
0.028549
0.028549
0.028549
0.028549
-0.45046
-0.45046
-0.095992
-0.095992
0.43091
0.43091
-0.16305
-0.16305
-0.35465
-0.35465
0.31595
0.31595
0.46923
0.46923
-0.028932
-0.028932
-0.057672
-0.057672
0.37343
0.37343
0.028549
0.028549
-0.22053
-0.22053
-0.057672
-0.057672
0.17225
0.17225
0.18183
0.18183
0.047709
0.047709
0.12435
0.12435
0.41175
0.41175
0.13393
0.13393
0.15309
0.15309
0.43091
0.43091
0.36385
0.36385
-0.019352
-0.019352
0.038129
0.038129
0.12435
0.12435
0.17225
0.17225
0.32553
0.32553
0.047709
0.047709
0.11477
0.11477
0.18183
0.18183
0.047709
0.047709
0.14351
0.14351
0.10519
0.10519
0.16267
0.16267
0.0093885
0.0093885
-0.048092
-0.048092
0.047709
0.047709
-0.00019159
-0.00019159
0.11477
0.11477
0.18183
0.18183
-0.0097717
-0.0097717
-0.067252
-0.067252
0.12435
0.12435
0.14351
0.14351
0.15309
0.15309
0.24889
0.24889
0.17225
0.17225
0.076449
0.076449
0.057289
0.057289
0.12435
0.12435
-0.028932
-0.028932
-0.067252
-0.067252
-0.13431
-0.13431
0.047709
0.047709
0.028549
0.028549
0.095609
0.095609
0.24889
0.24889
0.028549
0.028549
0.19141
0.19141
0.076449
0.076449
-0.019352
-0.019352
-0.067252
-0.067252
0.028549
-0.11515
-0.11515
0.10519
0.10519
-0.057672
-0.057672
0.16267
0.16267
0.16267
0.16267
-0.048092
-0.048092
-0.00019159
0.076449
0.076449
-0.028932
-0.028932
0.23931
0.23931
0.047709
0.047709
0.038129
0.038129
0.0093885
0.0093885
0.19141
0.19141
0.057289
-0.11515
0.13393
0.13393
0.13393
0.13393
0.057289
0.057289
-0.086412
-0.086412
0.018969
0.018969
0.13393
0.13393
0.18183
0.13393
0.13393
-0.028932
-0.028932
0.0093885
0.0093885
0.13393
0.13393
0.19141
0.19141
0.19141
0.19141
0.18183
0.18183
-0.12473
0.14351
0.076449
0.076449
0.018969
0.018969
-0.038512
-0.038512
-0.019352
-0.019352
0.24889
0.24889
0.018969
0.018969
0.22015
0.20099
-0.00019159
-0.00019159
0.095609
0.095609
0.057289
0.057289
0.15309
0.15309
0.11477
0.11477
-0.038512
-0.038512
0.18183
0.18183
-0.057672
-0.057672
0.0093885
0.0093885
0.057289
0.057289
-0.10557
-0.10557
-0.057672
-0.057672
-0.13431
-0.13431
0.10519
0.10519
0.15309
0.15309
0.58419
0.58419
0.90992
0.90992
1.0919
1.0919
0.90992
0.90992
0.94824
0.94824
1.1015
1.1015
0.72789
0.72789
0.93866
0.93866
0.9195
0.9195
1.0057
0.63209
0.63209
0.10519
0.10519
0.19141
0.19141
-0.99652
-0.99652
0.94824
0.94824
0.94824
0.94824
-1.1498
-1.1498
-3.3149
-3.3149
-2.0982
-2.0982
-2.6826
-2.6826
-2.7593
-2.7593
-2.5581
-2.5581
-3.7364
-3.7364
-3.1041
-3.1041
-1.8204
-1.8204
-1.7342
-1.7342
-1.4564
-1.4564
-2.5581
0.78537
-1.1881
-1.1881
-2.6635
-2.6635
-0.61332
-0.61332
1.6667
1.6667
1.4656
1.4656
0.64167
0.64167
0.58419
0.58419
0.57461
0.57461
-0.46962
-0.46962
0.70873
0.70873
4.7419
4.7419
3.9468
3.9468
1.6572
1.6572
0.13393
0.13393
2.8738
2.8738
3.7839
3.7839
1.9925
1.9925
1.3889
1.3889
1.5805
1.5805
0.93866
0.93866
0.8716
-0.13431
-3.5927
-3.5927
-0.00019159
-0.00019159
2.0212
2.0212
1.2548
1.2548
0.047709
0.047709
1.0345
1.0345
2.0499
2.0499
1.7338
1.7338
2.2511
2.2511
1.0249
1.0249
-0.48878
-0.48878
-0.72828
-0.72828
-2.2419
-2.2419
-1.715
-1.715
-3.1425
-3.1425
-3.7077
-2.5293
-0.69954
-0.69954
-1.2073
-1.2073
-1.2648
-1.2648
-0.048092
-0.048092
0.61293
0.61293
0.15309
0.15309
0.35427
0.35427
-1.4276
-1.4276
-1.7246
-1.7246
-1.5426
-1.5426
-1.0923
-1.0923
-1.1019
-1.1019
-0.68996
-0.68996
-0.7666
-0.7666
-1.7917
-1.7917
0.095609
0.095609
3.3528
3.3528
2.9984
2.9984
2.8068
2.1649
3.3145
3.3145
2.2032
2.2032
1.0632
1.0632
2.1936
2.1936
2.4427
2.4427
1.1686
1.1686
1.3123
1.3123
0.59377
0.72789
0.22973
0.22973
1.6093
1.6093
0.43091
0.43091
0.31595
0.31595
1.2452
1.2452
1.341
1.341
1.1015
1.1015
0.76621
-2.1749
-2.8934
-2.8934
-2.0982
-2.0982
-2.2994
-2.2994
-3.861
-3.861
-1.8204
-1.8204
-1.4372
-1.4372
-1.7533
-1.7533
-0.18221
-0.18221
2.6152
2.6152
0.57461
0.57461
0.66083
0.66083
-1.6288
-1.6288
-1.6288
-1.6288
-1.4564
-1.4564
-2.2228
-2.2228
-1.1785
-2.3952
-2.3952
-0.575
-0.575
0.66083
0.66083
2.1266
2.1266
1.8104
1.8104
1.8967
1.8967
2.5577
2.5577
3.487
3.487
2.2703
2.2703
1.5901
1.5901
2.6631
2.6631
2.3182
1.3602
2.2128
2.2128
-0.028932
-0.028932
-1.5426
-1.5426
0.56503
0.56503
1.3698
1.3698
1.159
1.159
0.15309
0.15309
1.0919
1.0919
1.0824
1.0824
1.6955
1.6955
1.3602
-2.2898
-2.7976
-2.7976
-1.2839
-1.2839
-2.2323
-2.2323
-2.9221
-2.9221
-2.9317
-2.9317
-1.418
-1.418
-1.8396
-1.8396
-2.7401
-2.7401
-1.6671
-0.41213
0.12435
0.12435
1.7051
1.7051
0.73747
0.73747
1.3793
1.3793
-0.45046
-0.45046
-0.45046
-0.45046
-0.8624
-0.8624
-0.8624
-0.8624
-1.4276
-1.4276
-1.4276
-1.4276
-0.87198
-0.87198
1.5709
1.5709
4.3108
4.3108
2.2703
2.2703
1.2548
1.2548
2.7397
2.7397
3.5444
3.5444
2.2511
2.1745
2.3661
2.3661
0.97698
0.97698
0.028549
0.028549
2.3565
2.3565
-0.24927
-0.24927
-2.2323
-2.2323
0.34469
0.34469
0.74705
0.74705
0.74705
0.74705
2.0691
2.0691
1.7146
1.7146
1.3219
1.3219
0.12435
0.12435
-2.3952
-2.3952
-3.5736
-3.5736
-1.9354
-1.9354
-3.0562
-3.0562
-2.9413
-2.9413
-2.9988
-2.9988
-1.3989
-1.3989
-2.5006
-2.5006
-2.4527
-2.4527
-1.9449
-1.9449
-1.8587
-1.8587
-0.55584
1.1015
1.5422
1.5422
-0.095992
-0.095992
-0.10557
-0.10557
0.057289
0.057289
-0.53668
-0.53668
0.018969
0.018969
-2.5102
-2.5102
-0.99652
-0.99652
-0.21095
-0.21095
-0.21095
-0.21095
2.3852
2.3852
2.5385
2.5385
2.5385
2.5385
2.2607
2.2607
2.9122
2.9122
2.414
2.414
1.456
1.456
2.5768
2.5768
2.0116
0.37343
1.7817
1.7817
-0.72828
-0.72828
-1.1402
-1.1402
0.44049
0.44049
0.49797
0.49797
0.62251
0.62251
0.36385
0.36385
0.8716
0.8716
2.299
2.299
1.8967
1.8967
1.7721
1.7721
-0.46004
-0.46004
-2.7114
-2.7114
-2.8551
-2.8551
-1.4372
-1.4372
-3.3436
-3.3436
-3.6598
-3.6598
-2.5198
-2.5198
-1.4085
-1.4085
-2.9796
-2.9796
-1.9737
-1.5617
-1.5617
0.88118
0.88118
-0.27801
-0.27801
0.64167
0.64167
1.6955
1.6955
0.26805
0.26805
-0.00019159
-0.00019159
-0.33549
-0.33549
-0.20137
-0.20137
-1.1306
-1.1306
-2.4527
-2.4527
-1.8108
-1.8108
-1.7246
-1.7246
-0.076832
-0.076832
2.1553
2.1553
3.4295
3.4295
2.0787
2.0787
2.0787
2.0787
2.002
2.002
3.4582
3.4582
2.0404
2.0404
2.3278
1.2069
0.60335
0.60335
1.0728
1.0728
-1.2839
-1.2839
-1.4564
-1.4564
-0.35465
-0.35465
1.9541
1.9541
0.42133
0.42133
-0.66122
-0.66122
1.2261
1.2261
2.2224
2.2224
1.6763
1.6763
1.5422
1.5422
-1.169
-1.169
-2.1749
-2.1749
-3.2574
-3.2574
-0.7187
-0.7187
-2.4623
-2.4623
-3.3532
-3.3532
-1.9354
-1.9354
-1.7725
-1.7725
-2.8551
-2.8551
-1.9833
-1.169
-0.038512
-0.038512
-0.12473
-0.12473
0.65125
0.65125
1.7434
1.7434
0.23931
0.23931
0.95782
0.95782
-1.2552
-1.2552
-1.1402
-1.1402
-0.28759
-0.28759
-1.3893
-1.3893
-2.5006
-2.5006
-1.418
-1.418
-0.16305
-0.16305
3.6786
3.6786
2.3852
2.3852
2.5481
2.5481
1.8871
1.8871
2.7876
2.7876
2.5864
2.5864
2.2224
2.2224
1.8296
1.8296
2.0308
0.86202
0.37343
0.37343
0.58419
0.58419
-1.5713
-1.5713
0.047709
0.047709
1.1398
1.1398
0.58419
0.58419
0.42133
0.42133
2.6247
2.6247
1.0536
1.0536
1.3602
1.3602
1.2069
1.2069
-1.1306
-1.1306
-1.9066
-1.9066
-2.0791
-2.0791
-1.3222
-1.3222
-2.8359
-2.8359
-3.2478
-3.2478
-1.7054
-1.7054
-1.3414
-1.3414
-2.9604
-2.9604
-1.6575
-1.6575
-1.4564
0.44049
0.48839
0.48839
0.90034
0.90034
1.4272
1.4272
0.86202
0.86202
-0.095992
-0.095992
-0.575
-0.575
-0.70912
-0.70912
-0.29717
-0.29717
-1.5713
-1.5713
-2.3665
-2.3665
-0.75702
-0.75702
0.32553
0.32553
2.8547
2.8547
2.778
2.778
1.82
1.82
1.1877
1.1877
2.9601
2.9601
2.9313
2.9313
1.7338
1.7338
1.8488
1.8488
2.3565
2.3565
1.7146
0.54587
0.66083
0.66083
-1.7725
-1.7725
-1.533
-1.533
0.27763
0.27763
1.4081
1.4081
0.39259
0.39259
1.5709
1.5709
1.6955
1.6955
1.2261
1.2261
1.2452
1.2452
-0.88156
-0.88156
-1.6863
-1.6863
-2.8167
-2.8167
-2.0599
-2.0599
-3.5257
-3.5257
-3.5161
-3.5161
-1.6671
-1.6671
-1.3606
-1.3606
-2.8455
-2.8455
-1.4947
-1.4947
-1.5138
0.63209
0.63209
0.21057
0.21057
0.24889
0.24889
1.4464
1.4464
0.33511
0.33511
-0.70912
-0.70912
-0.18221
-0.18221
-0.69954
-0.69954
-0.78576
-0.78576
-1.3318
-1.3318
-2.1461
-2.1461
-1.8875
-1.8875
-0.019352
-0.019352
1.4751
1.4751
1.9925
1.9925
2.5673
2.5673
2.2128
2.2128
3.2379
3.2379
3.2666
3.2666
1.4751
1.4751
1.6763
1.6763
2.1457
2.1457
1.5997
1.5997
0.64167
0.64167
-1.6863
-1.6863
-0.77618
-0.77618
-1.8875
-1.8875
-1.236
-1.236
0.77579
0.63209
0.30637
0.30637
1.5709
1.5709
1.4177
1.4177
1.4081
1.4081
-0.63248
-0.63248
-0.63248
-0.63248
-1.9928
-1.9928
-1.9928
-1.9928
-1.83
-1.83
-3.6981
-3.6981
-1.4851
-1.4851
-1.5617
-1.5617
-3.449
-3.449
-1.2839
-1.2839
-1.7533
-1.7533
-2.012
-2.012
-0.28759
-0.28759
0.20099
0.20099
1.4368
1.4368
1.5326
1.5326
-0.038512
-0.038512
-0.91988
-0.91988
-0.78576
-0.78576
-0.24927
-0.24927
-0.82408
-0.82408
-1.5138
-1.5138
-1.2264
-1.2264
-1.4468
-1.4468
0.84286
0.84286
2.5002
2.5002
2.9696
2.9696
1.5422
1.5422
1.3793
1.3793
3.3145
3.3145
3.6786
3.6786
1.3602
1.3602
1.8392
1.8392
2.6343
2.6343
1.3698
1.3698
0.72789
0.72789
-1.4947
-1.4947
-0.095992
-0.095992
-2.2323
-2.2323
-1.054
-1.054
-0.095992
-0.095992
1.4272
1.4272
0.69915
0.69915
0.22973
0.22973
1.1973
1.1973
1.2548
1.2548
1.044
1.044
0.31595
0.31595
-1.1211
-1.1211
-1.6288
-1.6288
-2.4335
-2.4335
-2.4814
-2.4814
-3.4682
-3.4682
-3.0754
-3.0754
-1.6671
-1.6671
-2.1653
-2.1653
-2.5677
-2.5677
-1.6959
-1.6959
-0.8145
-0.8145
0.95782
0.95782
1.0345
1.0345
1.3602
1.3602
2.3852
2.3852
0.11477
0.11477
-0.60374
-0.60374
-0.64206
-0.64206
-1.2839
-1.2839
-0.96778
-0.96778
-1.4372
-1.4372
-0.076832
-0.076832
-1.4085
-1.4085
0.72789
0.72789
3.2187
3.2187
2.7685
2.7685
2.1936
2.1936
1.82
1.82
3.372
3.372
2.2032
2.2032
1.6284
1.6284
1.7146
1.7146
1.7242
1.7242
0.97698
0.97698
0.18183
0.18183
-0.90072
-0.90072
-0.97736
-0.97736
0.59377
0.59377
1.2452
1.2452
0.047709
0.047709
0.12435
0.12435
2.1649
2.1649
1.7913
1.7913
1.8104
1.8104
0.68957
0.68957
-1.3318
-1.3318
-1.9641
-1.9641
-1.054
-1.054
-3.2766
-3.2766
-1.4851
-1.4851
-1.8108
-1.8108
-2.0024
-2.0024
-1.4085
-1.4085
-1.4085
-1.4085
-1.533
-1.533
0.15309
0.15309
1.1398
1.1398
1.1398
-0.30675
-0.30675
-0.30675
-0.7187
-0.7187
-0.33549
-0.33549
-1.3701
-1.3701
-1.6096
-1.6096
-0.9103
-0.9103
1.6188
1.6188
1.8871
1.8871
2.3278
2.3278
2.7493
2.7493
1.6763
1.6763
1.7721
1.7721
2.6631
2.6631
1.8775
1.8775
1.1877
1.1877
2.4427
-0.84324
-0.84324
-1.6001
-1.6001
-0.55584
-0.55584
1.2931
1.2931
0.88118
0.88118
-0.23969
-0.23969
1.0728
1.0728
1.753
1.753
2.4236
2.4236
1.8392
1.8392
0.23931
0.23931
-1.7725
-1.7725
-2.5772
-2.5772
-1.3414
-1.3414
-2.9413
-2.9413
-3.7747
-3.7747
-2.606
-2.606
-1.1115
-1.1115
-2.7497
-2.7497
-2.5581
-2.5581
-1.6863
-1.6863
-1.8587
-1.8587
-1.0157
-1.0157
-1.6192
-1.6192
2.3757
2.3757
1.2069
1.2069
0.8716
0.8716
0.076449
0.076449
0.39259
0.39259
-1.0444
-1.0444
-1.1306
-1.1306
-1.1881
-1.1881
-1.418
-1.418
-0.5271
-0.5271
1.7721
1.7721
3.1708
3.1708
2.0404
2.0404
1.8104
1.8104
3.3816
3.3816
2.4715
2.4715
1.7817
1.7817
1.6667
1.6667
2.5577
2.5577
1.9062
1.9062
1.6188
1.6188
0.13393
0.13393
2.7397
2.7397
-0.23011
-0.23011
-1.5138
-1.5138
-0.32591
-0.32591
0.29679
0.29679
1.5614
1.5614
0.37343
0.37343
0.35427
0.35427
2.2415
2.2415
2.3661
2.3661
1.3314
1.3314
0.25847
0.25847
-2.9413
-2.9413
-2.5772
-2.5772
-1.054
-1.054
-3.564
-3.564
-4.2058
-4.2058
-2.2994
-2.2994
-1.6192
-1.6192
-2.4048
-2.4048
-2.309
-2.309
-1.8683
-1.8683
-2.4527
-2.4527
0.29679
0.29679
-1.4659
-1.4659
0.58419
0.58419
1.2356
1.2356
1.0824
1.0824
-0.22053
-0.22053
-0.26843
-0.26843
-1.0061
-1.0061
0.10519
0.10519
-2.5677
-2.5677
-1.1498
-1.1498
-2.1749
-2.1749
0.85244
0.85244
3.1708
3.1708
3.1708
3.1708
1.5135
1.5135
3.2379
3.2379
2.6727
2.6727
1.935
1.935
1.8104
1.8104
2.5098
2.5098
1.1782
1.1782
1.6188
1.6188
0.54587
0.54587
2.117
2.117
-0.75702
-0.75702
-1.83
-1.83
-0.72828
-0.72828
1.7817
1.7817
1.2261
1.2261
-0.7187
-0.7187
1.4943
1.4943
2.0212
2.0212
2.2894
2.2894
1.8104
1.8104
-0.68038
-0.68038
-2.3665
-2.3665
-3.2383
-3.2383
-0.93904
-0.93904
-2.9604
-2.9604
-4.5316
-4.5316
-2.8167
-2.8167
-1.6863
-1.6863
-2.9317
-2.9317
-2.3761
-2.3761
-1.4085
-1.4085
-1.83
-1.83
-0.4313
-0.4313
-1.8779
-1.8779
0.90034
0.90034
1.9062
1.9062
-0.45046
-0.45046
-0.74744
-0.74744
-0.10557
-0.10557
-0.36423
-0.36423
-0.9582
-0.9582
-2.1078
-2.1078
-1.3414
-1.3414
-1.1019
-1.1019
-0.99652
-0.99652
1.3506
1.3506
3.736
3.736
2.0883
2.0883
2.6631
2.6631
2.6631
2.6631
2.5481
2.5481
1.4081
1.4081
1.4368
1.4368
1.4368
1.4368
0.76621
0.76621
-0.00019159
-0.00019159
1.1686
1.1686
-0.44088
-0.44088
-1.0732
-1.0732
0.47881
0.47881
1.8488
1.8488
0.75663
0.75663
-0.15347
-0.15347
1.3506
1.3506
2.1745
2.1745
2.414
2.414
1.82
1.82
-0.94862
-0.94862
-2.3282
-2.3282
-3.0275
-3.0275
-1.1115
-1.1115
-2.7784
-2.7784
-3.9376
-3.9376
-2.2419
-2.2419
-2.0407
-2.0407
-2.7784
-2.7784
-2.0982
-2.0982
-1.5138
-1.5138
-1.9162
-1.9162
-0.33549
-0.33549
-0.18221
-0.18221
0.75663
0.75663
1.3027
1.3027
0.076449
0.076449
-0.38339
-0.38339
-0.038512
-0.038512
-0.057672
-0.057672
-0.88156
-0.88156
-1.2743
-1.2743
-1.9354
-1.9354
-1.2839
-0.50794
-0.50794
3.6786
3.6786
3.008
3.008
2.3278
2.3278
1.8488
1.8488
2.8834
2.8834
3.3145
3.3145
1.9637
1.9637
1.9254
1.9254
2.0595
2.0595
1.3698
1.3698
0.89076
0.89076
-0.33549
-0.33549
-0.33549
-0.33549
-3.0083
-3.0083
0.69915
0.69915
1.8775
1.8775
0.31595
0.31595
0.038129
0.038129
1.6859
1.6859
2.711
2.711
1.9446
1.9446
1.8104
1.8104
-1.1498
-1.1498
-2.3665
-2.3665
-2.7018
-2.7018
-1.5043
-1.5043
-2.5293
-2.5293
-3.1808
-3.1808
-1.5713
-1.5713
-1.2935
-1.2935
-2.7976
-2.7976
-1.9928
-1.9928
-1.2935
-1.2935
-1.1402
-1.1402
0.44049
0.44049
0.63209
0.63209
1.044
1.044
1.3985
1.3985
-0.46962
-0.46962
-0.24927
-0.24927
-0.63248
-0.63248
-0.40255
-0.40255
-0.7187
-0.7187
-1.8204
-1.8204
-2.1844
-2.1844
-1.4851
-1.4851
0.90034
0.90034
2.3565
2.3565
3.0942
3.0942
1.8009
1.8009
2.2799
2.2799
3.2187
3.2187
3.1996
3.1996
1.5518
1.5518
1.9254
1.9254
1.9829
1.9829
1.4751
1.4751
0.34469
0.34469
-0.4792
-0.4792
0.26805
0.26805
-2.5293
-2.5293
-1.5522
-1.5522
0.42133
0.42133
1.6763
1.6763
-0.18221
-0.18221
1.159
1.159
0.59377
0.59377
1.7146
1.7146
1.7146
1.7146
-0.94862
-0.94862
-0.94862
-0.94862
-2.8838
-2.8838
-1.715
-1.715
-2.6251
-2.6251
-3.564
-3.564
-1.9737
-1.9737
-1.8587
-1.8587
-2.8455
-2.8455
-1.5234
-1.5234
-1.5809
-1.5809
-1.054
-1.054
1.6476
1.6476
0.9195
0.9195
0.65125
0.65125
1.4751
1.4751
-0.39297
-0.39297
-0.28759
-0.28759
-0.91988
-0.91988
-0.78576
-0.78576
-0.68996
-0.68996
-2.0312
-2.0312
-2.012
-2.012
-1.0827
-1.0827
1.5614
1.5614
2.4715
2.4715
1.6763
1.6763
2.3852
2.3852
2.6439
2.6439
1.935
1.935
2.893
2.893
2.7876
2.7876
2.9026
2.9026
0.97698
0.97698
2.6152
2.6152
1.638
1.638
-0.6229
-0.6229
-0.11515
-0.11515
-1.6863
-1.6863
-0.17263
-0.17263
1.4272
1.4272
-0.18221
-0.18221
0.095609
0.095609
1.2261
1.2261
1.523
1.523
1.6763
1.6763
0.30637
0.30637
-0.7666
-0.7666
-2.6347
-2.6347
-3.4299
-3.4299
-2.9317
-2.9317
-2.5868
-2.5868
-2.5389
-2.5389
-3.0179
-3.0179
-2.2803
-2.2803
-1.6384
-1.6384
-1.6863
-1.6863
-1.6192
-1.6192
-2.309
-2.309
1.2165
1.2165
1.7051
1.7051
2.2703
2.2703
0.9195
0.9195
-0.31633
-0.31633
-0.028932
-0.028932
0.61293
0.61293
-0.56542
-0.56542
-0.66122
-0.66122
0.59377
0.59377
-0.5271
-0.5271
-1.1306
-1.1306
1.2261
1.2261
2.7397
2.7397
1.8296
1.8296
2.3948
2.3948
2.893
2.893
3.4774
3.4774
3.1708
3.1708
2.7301
2.7301
1.1877
1.1877
1.6667
1.6667
1.6572
1.6572
2.3565
2.3565
-0.6708
-0.6708
-0.60374
-0.60374
-1.4851
-1.4851
-1.4276
-1.4276
2.0116
2.0116
0.18183
0.18183
-0.39297
-0.39297
0.63209
0.63209
1.8104
1.8104
2.0499
2.0499
-0.48878
-0.48878
-0.038512
-0.038512
-0.8145
-0.8145
-2.127
-2.127
-2.8072
-2.8072
-1.8779
-1.8779
-1.7246
-1.7246
-2.673
-2.673
-2.8934
-2.8934
-1.5426
-1.5426
-1.7438
-1.7438
-2.1749
-2.1749
-2.1749
-2.1749
-1.5809
-1.5809
2.0499
2.0499
2.1745
2.1745
0.75663
0.75663
-0.8145
-0.8145
0.076449
0.076449
-0.019352
-0.019352
-0.7666
-0.7666
-1.0636
-1.0636
1.1782
1.1782
-0.60374
-0.60374
-0.79534
-0.79534
1.5422
1.5422
2.2032
2.2032
3.6115
3.6115
1.9254
1.9254
2.2607
2.2607
2.8738
2.8738
2.232
2.232
1.9254
1.9254
2.7301
2.7301
0.79495
0.79495
0.56503
0.56503
-1.5522
-1.5522
-0.23011
-0.23011
-1.6575
-1.6575
-3.1712
-3.1712
-2.6251
-2.6251
-0.74744
-0.74744
-0.17263
-0.17263
-0.42172
-0.42172
0.24889
0.24889
1.159
1.159
1.753
1.753
2.0308
2.0308
1.7051
1.7051
1.6667
1.6667
1.5422
1.5422
0.8237
0.8237
0.42133
0.42133
-0.32591
-0.32591
-0.80492
-0.80492
-1.1498
-1.1498
-1.0636
-1.0636
-1.3318
-1.3318
-1.0636
-1.0636
-0.69954
-0.69954
-0.34507
-0.34507
-0.038512
-0.038512
0.55545
0.55545
0.15309
0.15309
0.71831
0.71831
0.25847
0.25847
0.24889
0.24889
0.24889
0.24889
-0.15347
-0.15347
-0.15347
-0.15347
-0.028932
-0.028932
-0.11515
-0.11515
0.028549
0.028549
0.057289
0.057289
-0.00019159
-0.00019159
0.16267
0.16267
0.047709
0.047709
0.33511
0.33511
-0.13431
-0.13431
0.018969
0.018969
0.11477
0.11477
0.24889
0.24889
-0.10557
-0.10557
0.066869
0.066869
0.14351
0.14351
0.15309
0.15309
0.10519
0.10519
-0.019352
-0.019352
-0.086412
-0.086412
0.16267
0.16267
0.086029
0.086029
0.13393
0.13393
-0.00019159
-0.00019159
0.15309
0.15309
0.057289
0.057289
-0.076832
-0.076832
0.28721
0.28721
0.047709
0.047709
0.10519
0.10519
0.15309
0.15309
-0.038512
-0.038512
0.038129
0.038129
0.028549
0.028549
0.29679
0.29679
-0.076832
-0.076832
0.23931
0.23931
0.24889
0.24889
-0.10557
-0.10557
0.16267
0.16267
0.39259
0.39259
0.35427
0.35427
0.066869
0.066869
0.11477
0.11477
0.21057
0.21057
0.20099
0.20099
0.0093885
0.0093885
0.22015
0.22015
0.22015
0.22015
-0.00019159
-0.00019159
-0.028932
-0.028932
-0.21095
-0.21095
-0.28759
-0.28759
0.018969
0.018969
0.15309
0.15309
-0.16305
-0.16305
-0.14389
-0.14389
0.028549
0.028549
-0.15347
-0.15347
-0.00019159
-0.00019159
-0.20137
-0.20137
-0.057672
-0.057672
-0.39297
-0.39297
-0.28759
-0.28759
0.057289
0.057289
-0.17263
-0.17263
-0.24927
-0.24927
0.038129
0.038129
-0.048092
-0.048092
-0.095992
-0.095992
-0.086412
-0.086412
0.095609
0.095609
-0.095992
-0.095992
-0.076832
-0.076832
-0.076832
-0.076832
0.095609
0.095609
0.10519
0.10519
0.0093885
0.0093885
0.15309
0.15309
0.066869
0.066869
-0.15347
-0.15347
-0.057672
-0.057672
0.028549
0.028549
0.16267
0.16267
0.076449
0.076449
-0.00019159
-0.00019159
-0.057672
-0.057672
-0.00019159
-0.00019159
0.076449
0.076449
0.12435
0.12435
0.028549
0.028549
0.057289
0.057289
-0.057672
-0.057672
-0.12473
-0.12473
-0.057672
-0.057672
-0.12473
-0.12473
-0.10557
-0.10557
-0.038512
-0.038512
-0.038512
-0.038512
0.14351
0.14351
0.15309
0.15309
-0.076832
-0.076832
-0.13431
-0.13431
-0.048092
-0.048092
-0.00019159
-0.00019159
-0.048092
-0.048092
-0.019352
-0.019352
-0.00019159
-0.00019159
-0.038512
-0.038512
-0.19179
-0.19179
-0.16305
-0.16305
-0.00019159
-0.00019159
0.028549
0.028549
-0.019352
-0.019352
0.21057
0.21057
-0.028932
-0.028932
0.0093885
0.0093885
-0.0097717
-0.0097717
0.0093885
0.0093885
0.086029
0.086029
-0.057672
-0.057672
0.028549
0.028549
-0.0097717
-0.0097717
-0.11515
-0.11515
0.24889
0.24889
-0.028932
-0.028932
-0.095992
-0.095992
0.11477
0.11477
-0.14389
-0.14389
-0.086412
-0.086412
0.095609
0.095609
0.10519
0.10519
-0.15347
-0.15347
-0.067252
-0.067252
0.30637
0.30637
0.028549
0.028549
0.23931
0.086029
0.018969
0.018969
-0.16305
-0.16305
0.066869
0.066869
-0.019352
-0.019352
-0.095992
-0.095992
-0.057672
-0.057672
0.20099
0.20099
0.10519
0.10519
-0.019352
-0.019352
-0.048092
-0.048092
-0.12473
-0.12473
-0.11515
-0.11515
0.038129
0.038129
0.076449
0.076449
-0.14389
-0.14389
-0.21095
-0.21095
-0.067252
-0.067252
-0.028932
-0.028932
-0.048092
-0.048092
0.13393
0.13393
0.028549
0.028549
0.066869
0.038129
0.076449
0.076449
-0.048092
-0.048092
-0.086412
-0.086412
0.14351
0.14351
-0.057672
-0.057672
0.17225
0.17225
0.066869
0.066869
0.018969
0.018969
0.17225
0.17225
-0.20137
-0.20137
0.038129
0.038129
0.076449
0.076449
-0.048092
-0.048092
0.30637
0.30637
-0.00019159
0.018969
-0.13431
-0.13431
0.028549
0.028549
-0.067252
-0.067252
0.0093885
0.0093885
-0.028932
-0.028932
-0.019352
-0.019352
0.15309
0.15309
0.13393
0.10519
0.10519
0.14351
0.14351
0.13393
0.13393
-0.00019159
-0.00019159
-0.028932
-0.028932
-0.076832
-0.076832
-0.057672
-0.057672
-0.019352
0.028549
0.028549
-0.019352
-0.019352
-0.019352
-0.019352
-0.10557
-0.10557
0.20099
0.20099
0.11477
0.11477
-0.00019159
-0.00019159
-0.00019159
-0.00019159
0.076449
-0.095992
-0.095992
0.028549
0.028549
-0.028932
-0.028932
-0.42172
-0.42172
-0.575
-0.575
-0.40255
-0.40255
-0.55584
-0.55584
-0.7666
-0.53668
-0.53668
-0.9582
-0.9582
-0.6229
-0.6229
-0.85282
-0.85282
-0.4313
-0.4313
-0.79534
-0.79534
-0.60374
-0.60374
-0.70912
-0.70912
-0.36423
-0.36423
-0.12473
0.27763
0.27763
-0.99652
-0.99652
-1.2839
-1.2839
-0.82408
-0.82408
0.34469
0.34469
4.0139
4.0139
3.5444
3.5444
1.1686
1.1686
0.74705
3.4486
2.1362
2.1362
1.753
1.753
1.5326
1.5326
1.9254
1.9254
1.341
1.341
1.0345
1.0345
2.6822
2.6822
-1.3701
-1.3701
0.72789
0.72789
-0.7666
-0.7666
-1.3414
-1.3414
-0.15347
-0.15347
-0.66122
-0.66122
0.50755
0.50755
0.50755
0.50755
-0.48878
-0.48878
-3.1712
-1.9833
-1.9833
-2.2707
-2.2707
-2.606
-2.606
-1.7054
-1.7054
-1.9354
-1.9354
-1.6288
-1.6288
-1.648
-1.648
-1.6096
-1.6096
1.7721
1.7721
2.5002
2.5002
-0.83366
-0.83366
-0.8145
-0.8145
-0.12473
-0.12473
0.018969
0.018969
-0.048092
-0.048092
0.18183
-0.9103
0.9195
0.9195
3.4774
3.4774
2.5385
2.5385
0.98656
0.98656
1.5614
1.5614
2.8738
2.8738
4.8856
4.8856
0.50755
0.50755
2.5768
2.5768
1.8104
1.8104
0.69915
0.69915
2.5577
2.5577
-1.8204
-1.8204
-0.82408
-0.82408
2.0883
2.0883
2.0691
2.0691
0.23931
0.23931
-1.2264
-1.2264
1.0153
1.0153
0.48839
0.48839
-2.0312
-2.0312
-3.7173
-3.7173
-4.043
-4.043
-2.2803
-2.2803
-2.2803
-2.2803
-2.3186
-2.3186
-3.4586
-2.2323
-2.2323
-1.5713
-1.5713
-1.5043
-1.5043
-0.6708
-0.6708
-0.36423
-0.36423
2.893
2.893
1.9829
1.9829
-1.2839
-1.2839
0.24889
0.24889
-0.44088
-0.44088
1.1303
1.1303
-0.42172
-0.42172
-0.61332
-0.61332
-0.0097717
-0.0097717
2.5098
2.5098
2.1362
2.1362
1.9158
1.9158
0.9674
0.9674
2.3565
2.3565
3.0367
3.0367
1.5614
1.7434
1.7434
0.93866
0.93866
0.57461
0.57461
-0.34507
-0.34507
-2.0407
-2.0407
-1.7533
-1.7533
-0.79534
-0.79534
1.4272
1.4272
1.5039
1.5039
0.74705
0.74705
1.1686
1.1686
1.9829
1.9829
0.25847
0.25847
-0.59416
-0.59416
-2.0886
-2.0886
-4.3495
-4.3495
-2.4527
-2.4527
-1.6288
-1.6288
-2.7976
-2.7976
-3.4011
-3.2478
-1.4085
-1.4085
-1.1211
-1.1211
-1.0348
-1.0348
0.90034
0.90034
1.5422
1.5422
1.0249
1.0249
-0.038512
-0.038512
-1.1977
-1.1977
0.29679
-0.27801
-0.4792
-0.4792
-1.0061
-1.0061
-0.575
-0.575
0.65125
0.65125
2.596
2.596
2.9217
2.9217
1.9062
1.9062
1.6667
1.6667
3.4007
3.4007
2.6918
2.6918
3.075
3.075
0.80454
0.80454
2.4236
2.4236
1.2835
1.2835
-0.32591
-0.32591
-1.9162
-1.9162
-0.23011
-0.23011
1.5039
1.5039
1.3314
1.3314
-0.23011
1.1398
1.1398
0.46923
0.46923
2.0308
2.0308
0.80454
0.80454
-1.0157
-1.0157
-3.0754
-3.0754
-2.7209
-2.7209
-1.533
-1.533
-2.1365
-2.1365
-2.7593
-2.7593
-1.9545
-1.9545
-2.0312
-2.0312
-2.0599
-1.236
-1.236
-1.0061
-1.0061
-0.55584
-0.55584
1.4943
1.4943
2.2128
2.2128
1.0345
1.0345
-1.3414
-1.3414
0.64167
0.64167
-0.50794
-0.50794
-0.19179
-0.19179
-1.4755
-1.4755
1.1303
1.1303
2.5289
2.5289
3.3145
3.3145
1.2835
1.2835
1.8871
1.8871
2.9696
2.9696
2.893
2.893
1.8871
1.8871
1.0632
1.1494
1.1494
1.044
1.044
3.0654
3.0654
-0.4792
-0.4792
-1.9833
-1.9833
-0.25885
-0.25885
1.523
1.523
1.3219
1.3219
0.28721
1.9062
1.9062
1.1398
1.1398
1.5326
1.5326
0.038129
0.038129
-1.2743
-1.2743
-3.2957
-3.2957
-2.6251
-2.6251
-1.7054
-1.7054
-1.8396
-2.7497
-1.9737
-1.9737
-1.6959
-1.6959
-4.1005
-4.1005
-0.9582
-0.9582
-2.5006
-2.5006
-1.5617
-1.5617
0.59377
0.59377
1.935
1.935
-0.39297
-0.39297
0.19141
0.19141
0.047709
0.047709
-1.1977
-1.1977
-0.58458
-0.58458
-0.46962
-0.46962
-0.94862
-0.94862
1.8296
1.8296
2.6727
2.6727
1.4751
1.4751
1.5422
1.5422
1.7721
1.7721
1.7913
1.7913
1.0728
1.0728
1.7721
1.7721
0.44049
0.44049
2.2224
2.2224
-0.34507
-0.34507
-2.194
-2.194
0.47881
0.47881
1.8583
-0.067252
0.92908
0.92908
2.7014
2.7014
0.45965
0.45965
1.2548
1.2548
0.51713
0.51713
-1.7246
-1.7246
-3.8322
-3.8322
-2.4527
-2.4527
-2.424
-2.424
-3.1329
-3.1329
-1.6671
-1.6671
-2.3761
-2.3761
-1.7629
-1.7629
-2.0024
-2.0024
-0.54626
-0.54626
-2.8838
-2.8838
0.55545
0.0093885
-1.3031
-1.3031
-0.46962
-0.46962
0.47881
0.47881
0.31595
0.31595
-1.6575
-1.6575
-1.1115
-1.1115
-1.7246
-1.7246
-0.49836
2.9122
1.9062
1.9062
1.3123
1.3123
1.7434
1.7434
3.1612
3.1612
2.3182
2.3182
1.6188
1.6188
1.4751
1.4751
0.57461
0.57461
1.2165
-0.15347
-0.15347
-3.4682
-3.4682
-3.4682
-3.4682
2.0404
2.0404
0.66083
0.66083
0.66083
0.66083
1.1973
1.1973
2.299
2.299
0.038129
0.038129
-1.8683
-1.8683
-2.9413
-2.9413
-1.9928
-1.9928
-1.9737
-1.9737
-2.2228
-2.2228
-2.0024
-2.0024
-2.7209
-2.7209
-2.8167
-2.8167
-1.3318
-1.3318
-0.6708
-0.6708
-1.6863
-1.6863
0.79495
0.79495
1.4656
1.4656
-0.7666
-0.7666
-0.48878
-0.48878
0.50755
0.50755
0.40217
0.40217
0.54587
0.59377
0.59377
-1.3701
-1.3701
-1.3127
-1.3127
2.414
2.414
3.2379
3.2379
2.0787
2.0787
0.75663
0.75663
2.232
2.232
3.0654
1.5709
2.1936
2.1936
0.58419
0.58419
1.0728
1.0728
-0.15347
-0.15347
-0.39297
-0.39297
-1.6096
-1.6096
-1.9258
-1.9258
1.5326
0.58419
0.58419
0.90992
0.90992
1.9062
1.9062
1.9062
1.9062
1.1686
1.1686
0.80454
0.80454
-1.3797
-1.3797
-3.2862
-3.2862
-2.3665
-2.3665
-2.9413
-2.9413
-2.8455
-2.8455
-2.0503
-2.0503
-1.9641
-1.9641
-1.2839
-1.2839
-1.7629
-1.7629
-0.60374
1.8583
2.3086
2.3086
-1.0348
-1.0348
-1.2264
-1.2264
-0.11515
-0.11515
0.97698
0.97698
-0.61332
-0.61332
0.49797
0.49797
-0.69954
-0.69954
3.0654
3.0654
3.6019
3.6019
1.8392
1.8392
1.3123
1.3123
2.2894
2.2894
3.8031
3.8031
2.4331
2.4331
1.6188
1.6188
2.299
2.299
0.45007
0.45007
1.0536
1.0536
-0.26843
-0.26843
-0.6708
-0.6708
-1.5426
-1.5426
-1.1115
-1.1115
1.2644
1.2644
1.7434
1.7434
0.45007
0.45007
0.20099
0.20099
0.21057
0.21057
1.2452
1.2452
1.2452
1.2452
0.32553
0.32553
-0.6229
-0.6229
-2.0982
-2.0982
-3.6981
-3.6981
-1.5809
-1.5809
-1.5809
-1.5809
-3.449
-3.449
-3.449
-3.449
-1.9737
-1.9737
-2.3473
-2.3473
-2.1461
-2.1461
-1.6001
-1.6001
-1.3989
-1.3989
0.40217
0.40217
2.0404
2.0404
1.2931
1.2931
-1.0732
-1.0732
-0.82408
-0.82408
1.0824
1.0824
-0.028932
-0.028932
-0.72828
-0.72828
0.52671
0.52671
-0.53668
-0.53668
-1.2552
-1.2552
0.24889
0.24889
2.4523
2.4523
2.7972
2.7972
1.3602
1.3602
0.28721
0.28721
1.8488
1.8488
3.3145
3.3145
2.0116
2.0116
1.4656
1.4656
4.5791
4.5791
0.86202
0.86202
1.4464
1.4464
0.29679
0.29679
-0.19179
-0.19179
-1.3222
-1.3222
-1.3797
-1.3797
1.5997
1.5997
1.4751
1.4751
0.10519
0.10519
-0.19179
-0.19179
0.98656
0.98656
0.88118
0.88118
0.8237
0.8237
0.59377
0.59377
-0.38339
-0.38339
-2.127
-2.127
-3.5352
-3.5352
-2.7209
-2.7209
-1.6192
-1.6192
-2.9892
-2.9892
-2.5677
-2.5677
-2.5677
-2.5677
-1.6001
-1.6001
-2.4814
-2.4814
-2.127
-2.127
0.8237
0.8237
0.8237
0.8237
1.2835
1.2835
1.1015
1.1015
-0.96778
-0.96778
-0.11515
-0.11515
1.1494
1.1494
0.34469
0.34469
-0.72828
-0.72828
-0.019352
-0.019352
-0.90072
-0.90072
-0.69954
-0.69954
0.71831
0.71831
2.4236
2.4236
3.1038
3.1038
2.1936
2.1936
1.0824
1.0824
1.8871
1.8871
3.1804
3.1804
2.3278
2.3278
1.0824
0.94824
0.94824
0.86202
0.86202
1.1303
1.1303
0.31595
0.31595
-1.1977
-1.1977
-2.2898
-2.2898
-0.8624
-0.8624
1.1303
1.1303
1.4368
1.4368
0.057289
0.057289
0.33511
0.33511
1.7242
1.7242
1.2069
1.2069
1.159
1.159
0.39259
0.39259
-0.61332
-0.61332
-2.0407
-2.0407
-2.7688
-2.7688
-2.1653
-2.1653
-1.9449
-1.9449
-2.3952
-2.3952
-1.9162
-1.9162
-2.6922
-2.6922
-2.0407
-2.0407
-1.418
-1.418
-1.4755
-1.4755
-1.8396
-1.8396
-1.351
-1.351
1.6667
1.6667
2.1457
-1.2935
-0.44088
1.1398
1.1398
-0.23011
-0.23011
-0.11515
-0.11515
-1.054
-1.054
-0.99652
-0.99652
1.2069
1.2069
2.5289
1.6572
1.6572
1.9254
1.9254
2.1745
2.1745
2.7685
2.7685
2.0212
2.0212
1.8583
1.8583
3.3241
3.3241
0.55545
2.4236
2.4236
-0.32591
-0.32591
-2.7209
-2.7209
-0.11515
-0.11515
2.232
2.232
1.341
1.341
-0.17263
-0.17263
0.61293
1.5039
2.0499
2.0499
0.48839
0.48839
-0.095992
-0.095992
-2.4623
-2.4623
-3.2478
-3.2478
-1.9737
-1.9737
-1.5905
-1.5905
-2.0695
-2.0695
-1.5713
-1.5713
-2.3665
-2.3665
-1.5234
-1.5234
-1.9545
-1.9545
-3.0371
-3.0371
0.42133
0.42133
2.5577
-1.4564
-0.24927
-0.24927
1.2835
1.2835
-0.21095
-0.21095
-1.5522
-1.5522
-0.34507
-0.34507
-0.4792
-0.4792
-0.095992
2.5768
2.2607
2.2607
1.4751
1.4751
2.5864
2.5864
2.5864
2.5864
1.6859
1.6859
1.7242
1.7242
0.93866
0.93866
1.3219
1.3219
0.90034
0.90034
2.8451
2.8451
-0.73786
-0.73786
-2.4719
-2.4719
0.66083
0.66083
1.6188
1.6188
1.3123
1.3123
-0.23969
-0.23969
0.67999
0.67999
1.9062
1.9062
0.50755
0.50755
1.3698
1.3698
-0.575
-0.575
-1.1115
-1.1115
-3.2095
-3.2095
-3.1137
-3.1137
-1.5809
-1.5809
-1.6288
-1.6288
-2.4814
-2.4814
-3.2383
-3.2383
-1.6863
-1.6863
-1.7629
-1.7629
-1.5905
-1.5905
-1.4659
-1.4659
-2.5964
-2.5964
-2.4431
-2.4431
0.34469
0.34469
2.3661
2.3661
-0.51752
-0.51752
-1.4372
-1.4372
-0.095992
-0.095992
0.64167
0.64167
0.19141
0.19141
-2.6635
-2.6635
-0.55584
-0.55584
-0.98694
-0.98694
-0.33549
-0.33549
2.0787
2.0787
1.6667
1.6667
1.6859
1.6859
1.7338
1.7338
1.159
1.159
2.3565
2.3565
2.6535
2.6535
1.8583
1.8583
3.0367
3.0367
1.1973
1.1973
0.18183
0.18183
1.0919
1.0919
-1.5043
-1.5043
-1.897
-1.897
0.85244
0.85244
1.2548
1.2548
0.98656
0.98656
0.34469
0.34469
1.0345
1.0345
2.232
2.232
0.36385
0.36385
1.5805
1.5805
0.90034
0.90034
-1.897
-1.897
-3.3341
-3.3341
-3.1616
-3.1616
-1.3606
-1.3606
-1.8396
-1.8396
-2.6251
-2.6251
-2.8742
-2.8742
-1.9641
-1.9641
-4.0621
-4.0621
-1.6959
-1.6959
-1.897
-1.897
-1.1306
-1.1306
-3.4778
-3.4778
0.34469
0.34469
2.9217
2.9217
-0.99652
-0.99652
-1.6096
-1.6096
-0.36423
-0.36423
0.75663
0.75663
0.33511
0.33511
-1.6959
-1.6959
-1.0444
-1.0444
-1.3031
-1.3031
-0.53668
-0.53668
1.935
1.935
2.3182
2.3182
2.1745
2.1745
1.4751
1.4751
1.8967
1.8967
3.008
3.008
3.0463
3.0463
1.6955
1.6955
1.3793
1.3793
0.90992
0.90992
0.70873
0.70873
-0.028932
-0.028932
1.3123
1.3123
-0.77618
-0.77618
1.4368
1.4368
1.4368
1.4368
0.69915
0.69915
-0.076832
-0.076832
1.1398
1.1398
2.0308
2.0308
0.43091
0.43091
1.3219
1.3219
0.9674
0.9674
-1.7821
-1.7821
-4.4166
-4.4166
-3.2766
-3.2766
-0.79534
-0.79534
-2.2323
-2.2323
-2.9317
-2.9317
-2.7593
-2.7593
-1.8396
-1.8396
-2.3473
-2.3473
-1.2935
-1.2935
-1.8491
-1.8491
-0.29717
-0.29717
-3.8418
-3.8418
0.54587
0.54587
1.8871
1.8871
-0.68038
-0.68038
-2.0024
-2.0024
-0.33549
-0.33549
1.6667
1.6667
1.0824
1.0824
-0.49836
-0.49836
-0.6708
-0.6708
-1.1019
-1.1019
-0.8624
-0.8624
2.2894
2.2894
3.6402
3.6402
2.0499
2.0499
0.85244
0.85244
2.2415
2.2415
3.6019
3.6019
2.2511
2.2511
1.1111
1.1111
2.9984
2.9984
0.45965
0.45965
1.4368
1.4368
0.13393
0.13393
-0.45046
-0.45046
-1.3606
-1.3606
-1.6671
-1.6671
1.4656
1.4656
1.5709
1.5709
-0.44088
-0.44088
-0.44088
-0.44088
1.638
1.638
-0.019352
-0.019352
-0.019352
-0.019352
-0.15347
-0.15347
-1.8587
-1.8587
-2.5102
-2.5102
-1.7917
-1.7917
-1.4085
-1.4085
-2.606
-2.606
-2.5198
-2.5198
-2.8646
-2.8646
-2.1365
-2.1365
-2.0982
-2.0982
-1.6192
-1.6192
-1.3222
-1.3222
-1.3989
-1.3989
-1.3606
-1.3606
1.0632
1.0632
1.2835
1.2835
-1.1402
-1.1402
-1.054
-1.054
1.044
1.044
0.58419
0.58419
0.018969
0.018969
0.8237
0.8237
0.11477
0.11477
-1.1977
-1.1977
-1.1211
-1.1211
2.8451
2.8451
3.4103
3.4103
2.0404
2.0404
0.38301
0.38301
2.3948
2.3948
3.2283
3.2283
2.1362
2.1362
1.7242
1.7242
4.0234
4.0234
0.74705
0.74705
1.2356
1.2356
-0.5271
-0.5271
-0.00019159
-0.00019159
-1.2743
-1.2743
-1.5138
-1.5138
1.6667
1.6667
1.9829
1.9829
0.018969
0.018969
-0.048092
-0.048092
0.86202
0.86202
1.0249
1.0249
1.6572
1.6572
1.2069
1.2069
0.0093885
0.0093885
-1.3318
-1.3318
-1.9833
-1.9833
-1.6192
-1.6192
-2.4527
-2.4527
-2.4719
-2.4719
-2.8742
-2.8742
-2.194
-2.194
-1.418
-1.418
-1.6384
-1.6384
-1.418
-1.418
-1.3318
-1.3318
-0.64206
-0.64206
2.232
2.232
1.159
1.159
-1.7533
-1.7533
-1.0348
-1.0348
0.94824
0.94824
1.3985
1.3985
-0.66122
-0.66122
0.66083
0.66083
-0.6229
-0.6229
-0.85282
-0.85282
-0.30675
-0.30675
2.6247
2.6247
3.7648
3.7648
1.9062
1.9062
0.24889
0.24889
2.5864
2.5864
3.7265
3.7265
2.6247
2.6247
1.5422
1.5422
2.2703
2.2703
1.0536
1.0536
1.9446
1.9446
-1.1785
-1.1785
-0.12473
-0.12473
-1.1306
-1.1306
-0.30675
-0.30675
1.1398
1.1398
0.86202
0.86202
0.39259
0.39259
0.52671
0.52671
0.59377
0.59377
0.57461
0.57461
1.6188
1.6188
1.044
1.044
-0.28759
-0.28759
-2.127
-2.127
-3.2095
-3.2095
-1.9737
-1.9737
-1.0923
-1.0923
-2.3952
-2.3952
-2.3186
-2.3186
-2.9509
-2.9509
-1.7438
-1.7438
-1.2839
-1.2839
-1.5713
-1.5713
-1.1306
-1.1306
0.49797
0.49797
1.9254
1.9254
0.99614
0.99614
-1.1019
-1.1019
-0.53668
-0.53668
1.1877
1.1877
-0.12473
-0.12473
-0.11515
-0.11515
-0.028932
-0.028932
-0.23011
-0.23011
-0.26843
-0.26843
0.65125
0.65125
2.0308
2.0308
3.2091
3.2091
2.1074
2.1074
1.7817
1.7817
2.2894
2.2894
2.9696
2.9696
2.1266
2.1266
4.1576
4.1576
0.71831
0.71831
1.8296
1.8296
0.80454
0.80454
-0.51752
-0.51752
0.38301
0.38301
-1.533
-1.533
-1.1402
-1.1402
1.7721
1.7721
1.5326
1.5326
0.17225
0.17225
0.19141
0.19141
0.62251
0.62251
0.26805
0.26805
2.0308
2.0308
0.79495
0.79495
-0.97736
-0.97736
-3.3436
-3.3436
-4.1292
-4.1292
-1.1211
-1.1211
-0.79534
-0.79534
-2.491
-2.491
-2.4335
-2.4335
-2.2323
-2.2323
-1.5043
-1.5043
-2.4623
-2.4623
-1.4659
-1.4659
-1.4372
-1.4372
0.67999
0.67999
2.3948
2.3948
2.3948
2.3948
0.086029
0.086029
-1.6575
-1.6575
-0.40255
-0.40255
0.22015
0.22015
-1.054
-1.054
-0.36423
-0.36423
-0.87198
-0.87198
-0.64206
-0.64206
0.93866
0.93866
2.9888
2.9888
2.4715
2.4715
1.7817
1.7817
2.1553
2.1553
2.3565
2.3565
2.4331
2.4331
2.7206
2.7206
1.753
1.753
1.1015
1.1015
1.3027
1.3027
1.7434
1.7434
2.2607
2.2607
-0.33549
-0.33549
-2.5198
-2.5198
-0.56542
-0.56542
1.6188
1.6188
1.3602
1.3602
-0.019352
-0.019352
0.32553
0.32553
1.9062
1.9062
0.90992
0.90992
1.341
1.341
0.38301
0.38301
-0.61332
-0.61332
-3.1329
-3.1329
-3.5736
-3.5736
-1.6384
-1.6384
-1.5522
-1.5522
-3.4107
-3.4107
-2.7688
-2.7688
-2.309
-2.309
-2.012
-2.012
-2.2803
-2.2803
-1.1594
-1.1594
-1.9354
-1.9354
-0.29717
-0.29717
0.69915
0.69915
2.7014
2.7014
-0.26843
-0.26843
-1.3414
-1.3414
-0.46004
-0.46004
0.18183
0.18183
-0.46004
-0.46004
-0.4313
-0.4313
-0.94862
-0.94862
-0.6229
-0.6229
-0.6229
-0.6229
2.8834
2.8834
3.5732
3.5732
2.2511
2.2511
1.7817
1.7817
2.8834
2.8834
3.0846
3.0846
1.8871
1.8871
1.6955
1.6955
1.3889
1.3889
0.90992
0.90992
1.2165
1.2165
2.4619
2.4619
-0.87198
-0.87198
-2.4623
-2.4623
0.34469
0.34469
1.341
1.341
0.45007
0.45007
-0.23969
-0.23969
1.0345
1.0345
2.232
2.232
0.67999
0.67999
1.6476
1.6476
-0.095992
-0.095992
-1.648
-1.648
-2.8359
-2.8359
-3.1329
-3.1329
-2.2419
-2.2419
-1.9354
-1.9354
-2.3377
-2.3377
-3.7077
-3.7077
-2.0503
-2.0503
-1.8012
-1.8012
-1.1115
-1.1115
-1.1785
-1.1785
-1.7533
-1.7533
-2.7593
-2.7593
1.1111
1.1111
1.341
1.341
-0.4313
-0.4313
-1.4085
-1.4085
-0.26843
-0.26843
0.56503
0.56503
-0.067252
-0.067252
-2.0503
-2.0503
-0.78576
-0.78576
-0.4792
-0.4792
-0.8624
-0.8624
3.4103
3.4103
3.4103
3.4103
3.6211
3.6211
1.1111
1.1111
1.1111
1.1111
2.8068
2.8068
0.62251
0.62251
1.6572
1.6572
2.002
2.002
0.73747
0.73747
0.65125
0.65125
1.9446
1.9446
-0.39297
-0.39297
-2.5868
-2.5868
0.13393
0.13393
1.8488
1.8488
1.3123
1.3123
0.27763
0.27763
0.81412
0.81412
2.2894
2.2894
0.61293
0.61293
1.8104
1.8104
0.16267
0.16267
-3.085
-3.085
-2.6922
-2.6922
-2.2323
-2.2323
-2.194
-2.194
-2.8167
-2.8167
-3.8897
-3.8897
-3.1425
-3.1425
-2.3186
-2.3186
-2.3952
-2.3952
-2.0024
-2.0024
-2.7018
-2.7018
-2.194
-2.194
-6.1506
-6.1506
0.038129
0.038129
1.7817
1.7817
-1.9449
-1.9449
-3.0754
-3.0754
-0.79534
-0.79534
1.6284
1.6284
2.3565
2.3565
-0.17263
-0.17263
1.0632
1.0632
-0.54626
-0.54626
-0.25885
-0.25885
2.3565
2.3565
3.8989
3.8989
1.7721
1.7721
0.83328
0.83328
3.851
3.851
4.2534
4.2534
2.2032
2.2032
2.2032
2.2032
3.3337
3.3337
1.3123
1.3123
1.8775
1.8775
6.6005
6.6005
0.066869
0.066869
-0.93904
-0.93904
1.4656
1.4656
3.6786
3.6786
0.9195
0.9195
-0.82408
-0.82408
-0.89114
-0.89114
0.71831
0.71831
-0.83366
-0.83366
1.4272
1.4272
-1.7054
-1.7054
-4.2442
-4.2442
-3.8801
-3.8801
-1.648
-1.648
-1.7821
-1.7821
-2.6347
-2.6347
-2.4623
-2.4623
-2.7784
-2.7784
-2.5006
-2.5006
-3.152
-3.152
-3.1137
-3.1137
-2.8455
-2.8455
-2.0312
-2.0312
-6.6775
-6.6775
-0.88156
-0.88156
-0.23969
-0.23969
-2.3665
-2.3665
-2.2036
-2.2036
-2.1461
-2.1461
-0.32591
-0.32591
1.5709
1.5709
0.90992
0.90992
0.35427
0.35427
-0.14389
-0.14389
1.1973
1.1973
3.5828
3.5828
3.8702
3.8702
1.5709
1.5709
1.5326
1.5326
4.0713
4.0713
3.8127
3.8127
2.299
2.299
2.002
2.002
2.9217
2.9217
2.0978
2.0978
2.7972
2.7972
2.3757
2.3757
2.3086
2.3086
2.0116
2.0116
2.4044
2.4044
2.4044
2.4044
1.6859
1.6859
-0.61332
-0.61332
1.0536
1.0536
-0.32591
-0.32591
-0.25885
-0.25885
1.7721
1.7721
-2.8359
-2.8359
-4.1292
-4.1292
-3.2957
-3.2957
-3.0562
-3.0562
-3.4969
-3.4969
-3.1904
-3.1904
-2.3473
-2.3473
-2.8838
-2.8838
-3.9376
-3.9376
-2.0982
-2.0982
-2.97
-2.97
-3.8131
-3.8131
-3.1329
-3.1329
-1.8491
-1.8491
-2.673
-2.673
-4.3783
-4.3783
-4.0621
-4.0621
-3.2383
-3.2383
-2.8551
-2.8551
-3.5352
-3.5352
-2.3952
-2.3952
-2.9317
-2.9317
-3.0562
-3.0562
-2.673
-2.673
-0.095992
-0.095992
1.2069
1.2069
3.8797
3.8797
3.19
3.19
2.1553
2.1553
2.7397
2.7397
4.4641
4.4641
2.8355
2.8355
2.7301
2.7301
2.6631
2.6631
3.0175
3.0175
3.8797
3.8797
3.8414
3.8414
3.2283
3.2283
4.512
4.512
4.6078
4.6078
4.6078
4.6078
3.3433
3.3433
3.2762
3.2762
3.2762
3.2762
3.3337
3.3337
3.3337
3.3337
1.9733
1.9733
1.2261
1.2261
2.5481
2.5481
3.4391
3.4391
5.5084
5.5084
0.33511
0.33511
-6.0069
-6.0069
-2.012
-2.012
3.5828
3.5828
-3.1329
-3.1329
-5.9398
-5.9398
-3.1425
-3.1425
-1.1977
-1.1977
-3.2287
-3.2287
-3.3053
-3.3053
-4.3016
-4.3016
-3.2287
-3.2287
-3.746
-3.746
-3.0467
-3.0467
-3.2574
-3.2574
-3.1425
-3.1425
-3.746
-3.746
-2.8359
-2.8359
-3.6981
-3.6981
-2.6635
-2.6635
-1.1785
-1.1785
-0.93904
-0.93904
-1.5426
-1.5426
6.6675
6.6675
2.9122
2.9122
0.72789
0.72789
2.4523
2.4523
5.0102
5.0102
2.5481
2.5481
2.6918
2.6918
3.2954
3.2954
2.9122
2.9122
3.3912
3.3912
2.4331
2.4331
3.6307
3.6307
2.9888
2.9888
4.3204
4.3204
4.1192
4.1192
3.0942
3.0942
2.778
2.778
3.0271
3.0271
2.0404
2.0404
0.99614
0.99614
1.1686
1.1686
0.28721
0.28721
-5.0872
-5.0872
-5.0872
-5.0872
-1.9066
-1.9066
-1.9066
-1.9066
-3.7268
-3.7268
-3.7268
-3.7268
-2.7018
-2.7018
-2.5677
-2.5677
-2.8263
-2.8263
-3.2862
-3.2862
-3.6885
-3.6885
-3.7747
-3.7747
-3.449
-3.449
-4.2921
-4.2921
-3.3724
-3.3724
-3.3436
-3.3436
-3.3532
-3.3532
-3.5544
-3.5544
-3.0083
-3.0083
-3.9663
-3.9663
-2.127
-2.127
-1.9449
-1.9449
-0.88156
-0.88156
-1.9162
-1.9162
0.018969
0.018969
5.2018
5.2018
2.8547
2.8547
1.0919
1.0919
1.7146
1.7146
5.2305
5.2305
3.8127
3.8127
2.1745
2.1745
2.7493
2.7493
3.2475
3.2475
5.0581
5.0581
3.5061
3.5061
3.1229
3.1229
3.2666
3.2666
4.6461
4.6461
4.6653
4.6653
2.711
2.711
2.2607
2.2607
2.8164
2.8164
4.1288
4.1288
2.5194
2.5194
0.95782
0.95782
-1.0636
-1.0636
-1.4851
-1.4851
-4.2346
-4.2346
-2.3856
-2.3856
-1.4276
-1.4276
-1.9449
-1.9449
-3.1808
-3.1808
-3.1808
-3.1808
-1.9833
-1.9833
-2.3665
-2.3665
-2.5006
-2.5006
-3.9759
-3.9759
-2.2994
-2.2994
-2.7976
-2.7976
-2.6635
-2.6635
-2.9413
-2.9413
-2.4623
-2.4623
-3.0562
-3.0562
-2.3282
-2.3282
-1.1498
-1.1498
-1.1594
-1.1594
-0.22053
-0.22053
0.67999
0.67999
1.0824
1.0824
1.3985
1.3985
1.9829
1.9829
2.0212
2.0212
2.3852
2.3852
2.1553
2.1553
1.6284
1.6284
1.0536
1.0536
-0.0097717
-0.0097717
-0.36423
-0.36423
-0.42172
-0.42172
-0.34507
-0.34507
-0.45046
-0.45046
-0.65164
-0.65164
-1.0636
-1.0636
-0.17263
-0.17263
-0.4313
-0.4313
-0.61332
-0.61332
-0.057672
-0.057672
0.55545
0.55545
0.60335
0.60335
0.56503
0.56503
0.88118
0.88118
1.0057
1.0057
0.64167
0.64167
0.72789
0.72789
0.67041
0.67041
0.36385
0.36385
0.21057
0.21057
0.20099
0.20099
0.14351
0.14351
0.028549
0.028549
-0.19179
-0.19179
-0.086412
-0.086412
0.13393
0.13393
-0.21095
-0.21095
0.018969
0.018969
0.28721
0.28721
0.41175
0.41175
0.28721
0.28721
0.46923
0.46923
0.32553
0.32553
0.45965
0.45965
0.37343
0.37343
0.33511
0.33511
0.31595
0.31595
0.18183
0.18183
0.066869
0.066869
0.22015
0.22015
0.26805
0.26805
0.14351
0.14351
0.32553
0.32553
0.23931
0.23931
0.20099
0.20099
0.13393
0.13393
0.14351
0.14351
0.095609
0.095609
0.095609
0.095609
0.10519
0.10519
0.24889
0.24889
0.19141
0.19141
0.19141
0.19141
0.17225
0.17225
0.25847
0.25847
0.18183
0.18183
0.16267
0.16267
0.22015
0.22015
0.18183
0.18183
0.25847
0.25847
0.23931
0.23931
0.15309
0.15309
0.20099
0.20099
0.18183
0.18183
0.20099
0.20099
0.086029
0.086029
0.16267
0.16267
0.25847
0.25847
0.22015
0.22015
0.14351
0.14351
0.066869
0.066869
0.19141
0.19141
0.13393
0.13393
0.076449
0.076449
0.13393
0.13393
0.19141
0.19141
0.13393
0.13393
0.20099
0.20099
0.13393
0.13393
0.066869
0.066869
0.23931
0.23931
0.13393
0.13393
0.13393
0.13393
0.095609
0.095609
0.12435
0.12435
0.13393
0.13393
0.13393
0.13393
0.086029
0.086029
0.17225
0.17225
0.18183
0.18183
0.086029
0.086029
0.15309
0.15309
0.15309
0.15309
0.047709
0.047709
0.14351
0.14351
0.066869
0.066869
0.086029
0.086029
0.018969
0.018969
0.11477
0.11477
0.15309
0.15309
0.047709
0.047709
0.095609
0.095609
0.18183
0.18183
0.038129
0.038129
0.20099
0.20099
0.095609
0.095609
0.13393
0.13393
0.17225
0.17225
0.076449
0.076449
0.16267
0.16267
0.17225
0.17225
0.19141
0.19141
0.16267
0.16267
0.066869
0.066869
0.19141
0.19141
0.15309
0.15309
0.10519
0.10519
0.13393
0.13393
0.15309
0.15309
0.095609
0.095609
0.12435
0.12435
0.13393
0.13393
0.086029
0.086029
0.095609
0.095609
0.19141
0.19141
0.15309
0.15309
0.19141
0.19141
0.095609
0.095609
0.047709
0.047709
0.15309
0.15309
0.15309
0.15309
0.17225
0.17225
0.16267
0.16267
0.15309
0.15309
0.25847
0.25847
0.22973
0.22973
0.22973
0.22973
0.16267
0.16267
0.16267
0.16267
0.066869
0.066869
0.23931
0.23931
0.20099
0.20099
0.22015
0.22015
0.028549
0.028549
-0.00019159
-0.00019159
0.038129
0.038129
0.086029
0.086029
0.12435
0.12435
0.23931
0.23931
0.15309
0.15309
0.10519
0.10519
0.086029
0.086029
0.095609
0.095609
0.22973
0.22973
0.22015
0.22015
-0.00019159
-0.00019159
0.21057
0.21057
0.23931
0.23931
0.15309
0.15309
0.14351
0.14351
-0.057672
-0.057672
-0.057672
-0.057672
0.086029
0.086029
-0.11515
-0.11515
0.15309
0.15309
0.22015
0.22015
0.12435
0.12435
0.10519
0.10519
0.047709
0.047709
0.12435
0.12435
0.11477
0.11477
0.066869
0.066869
-0.028932
-0.028932
-0.019352
-0.019352
-0.038512
-0.038512
0.047709
0.047709
0.16267
0.16267
0.18183
0.18183
0.19141
0.19141
0.23931
0.23931
0.20099
0.20099
0.15309
0.15309
0.10519
0.10519
0.12435
0.12435
0.076449
0.076449
0.038129
0.038129
0.028549
0.028549
0.13393
0.13393
0.17225
0.17225
0.076449
0.076449
0.095609
0.095609
0.13393
0.13393
0.16267
0.16267
0.16267
0.16267
0.095609
0.095609
0.047709
0.047709
0.047709
0.047709
0.11477
0.11477
0.076449
0.076449
0.10519
0.10519
0.16267
0.16267
0.16267
0.16267
0.076449
0.076449
0.038129
0.038129
0.14351
0.14351
0.18183
0.18183
0.13393
0.13393
0.12435
0.12435
0.10519
0.10519
0.12435
0.12435
0.12435
0.12435
0.057289
0.057289
0.028549
0.028549
0.038129
0.038129
0.086029
0.086029
0.057289
0.057289
0.16267
0.16267
0.17225
0.17225
0.13393
0.13393
0.028549
0.028549
0.038129
0.038129
0.11477
0.11477
0.21057
0.21057
0.028549
0.028549
0.047709
0.047709
0.19141
0.19141
0.047709
0.047709
0.16267
0.16267
0.028549
0.028549
0.20099
0.20099
0.12435
0.12435
0.17225
0.17225
0.047709
0.047709
0.066869
0.066869
0.10519
0.10519
0.028549
0.028549
0.17225
0.17225
0.018969
0.018969
0.18183
0.18183
0.14351
0.14351
0.14351
0.14351
-0.095992
-0.095992
-0.00019159
-0.00019159
0.23931
0.23931
0.095609
0.095609
0.23931
0.23931
0.13393
0.13393
0.18183
0.18183
0.057289
0.057289
0.086029
0.086029
0.22973
0.22973
0.066869
0.066869
0.057289
0.057289
-0.076832
-0.076832
0.16267
0.16267
-0.019352
-0.019352
0.18183
0.18183
0.018969
0.018969
0.13393
0.13393
0.10519
0.10519
0.19141
0.19141
0.17225
0.17225
0.15309
0.15309
0.22973
0.22973
0.076449
0.076449
0.20099
0.20099
0.10519
0.10519
0.22015
0.22015
0.018969
0.018969
0.16267
0.16267
-0.0097717
-0.0097717
0.086029
0.086029
0.20099
0.20099
0.057289
0.057289
-0.038512
-0.038512
0.16267
0.16267
0.047709
0.047709
0.10519
0.10519
0.15309
0.15309
0.086029
0.086029
0.14351
0.14351
0.086029
0.086029
0.19141
0.19141
0.076449
0.076449
0.10519
0.10519
0.21057
0.21057
0.057289
0.057289
-0.00019159
-0.00019159
0.16267
0.16267
0.038129
0.038129
0.16267
0.16267
0.17225
0.17225
0.076449
0.076449
0.13393
0.13393
0.028549
0.028549
0.17225
0.17225
0.21057
0.21057
0.22015
0.22015
0.22015
0.22015
0.047709
0.047709
0.19141
0.19141
0.19141
0.19141
0.038129
0.038129
0.086029
0.086029
0.13393
0.13393
0.066869
0.066869
0.17225
0.17225
0.17225
0.17225
0.16267
0.16267
0.13393
0.13393
0.038129
0.038129
0.047709
0.047709
0.038129
0.038129
0.095609
0.095609
0.14351
0.14351
0.14351
0.14351
0.14351
0.14351
0.028549
0.028549
0.14351
0.14351
0.18183
0.18183
-0.0097717
-0.0097717
0.19141
0.19141
0.038129
0.038129
0.028549
0.028549
0.15309
0.15309
0.057289
0.057289
0.14351
0.14351
0.028549
0.028549
0.15309
0.15309
0.11477
0.11477
0.0093885
0.0093885
0.12435
0.12435
0.18183
0.18183
0.12435
0.12435
0.057289
0.057289
0.057289
0.057289
0.10519
0.10519
0.047709
0.047709
0.057289
0.057289
0.095609
0.095609
0.10519
0.10519
0.086029
0.086029
0.028549
0.028549
0.057289
0.057289
0.086029
0.086029
0.076449
0.076449
0.057289
0.057289
0.038129
0.038129
0.066869
0.066869
0.13393
0.13393
0.13393
0.13393
0.12435
0.12435
0.086029
0.086029
0.086029
0.086029
0.086029
0.086029
0.18183
0.18183
0.16267
0.16267
0.13393
0.13393
0.047709
0.047709
0.076449
0.076449
0.066869
0.066869
0.028549
0.028549
0.15309
0.15309
0.11477
0.11477
0.11477
0.11477
-0.00019159
-0.00019159
0.047709
0.047709
0.057289
0.057289
0.15309
0.15309
0.13393
0.13393
0.10519
0.10519
0.10519
0.10519
0.086029
0.086029
0.11477
0.11477
0.076449
0.076449
0.16267
0.16267
0.11477
0.11477
0.076449
0.076449
0.15309
0.15309
0.13393
0.13393
0.17225
0.17225
0.13393
0.13393
0.028549
0.028549
0.057289
0.057289
0.057289
0.057289
0.047709
0.047709
0.076449
0.076449
0.066869
0.066869
0.066869
0.066869
0.057289
0.057289
0.076449
0.076449
0.086029
0.086029
0.095609
0.095609
0.095609
0.095609
0.16267
0.16267
0.17225
0.17225
0.17225
0.17225
0.19141
0.19141
0.20099
0.20099
0.10519
0.10519
0.018969
0.018969
0.057289
0.057289
0.086029
0.086029
0.095609
0.095609
0.17225
0.17225
0.16267
0.16267
0.14351
0.14351
0.15309
0.15309
0.086029
0.086029
0.086029
0.086029
0.018969
0.018969
0.0093885
0.0093885
0.028549
0.028549
0.057289
0.057289
0.13393
0.13393
0.086029
0.086029
0.057289
0.057289
0.095609
0.095609
0.086029
0.086029
0.15309
0.15309
0.095609
0.095609
0.076449
0.076449
0.12435
0.12435
0.047709
0.047709
0.047709
0.047709
0.038129
0.038129
0.066869
0.066869
0.13393
0.13393
0.095609
0.095609
0.095609
0.095609
0.066869
0.066869
0.17225
0.17225
0.076449
0.076449
0.047709
0.047709
0.0093885
0.0093885
0.076449
0.076449
0.086029
0.086029
0.095609
0.095609
0.095609
0.095609
0.086029
0.086029
0.13393
0.13393
0.16267
0.16267
0.17225
0.17225
-0.019352
-0.019352
0.057289
0.057289
0.19141
0.19141
0.057289
0.057289
0.057289
0.057289
0.057289
0.057289
0.10519
0.10519
0.057289
0.057289
0.086029
0.086029
0.11477
0.11477
0.16267
0.16267
0.057289
0.057289
0.10519
0.10519
0.17225
