-0.0010042
0.027082
0.021628
0.02392
-0.0065879
0.0024692
0.024272
0.029036
0.050416
-0.0032715
-0.0038795
0.021063
0.015616
-0.0092278
-0.014185
-0.044587
-0.012606
0.019823
0.0069374
-0.0095382
0.017681
0.0069565
0.034888
-0.0248
0.039179
0.025712
0.027437
0.037892
0.040883
0.027752
0.026656
0.012982
-0.022954
0.026381
-0.00028339
0.013092
0.0058881
0.016866
0.035355
0.011333
-0.013912
-0.018622
0.019786
-0.043004
0.0063358
-0.034993
0.022366
-0.0057384
-0.011394
-0.003536
0.042235
-0.008476
0.00030962
0.0037925
0.0077301
0.037731
0.026596
0.043894
0.0064936
-0.0044959
0.016641
-0.019421
0.0042943
-0.023306
0.0011178
-0.0040858
-0.0031199
-0.00079847
0.01377
-0.0031895
0.0039691
0.0032329
-0.02439
-0.0419
-0.011644
0.021861
0.0078428
-0.01382
0.0023824
-0.022047
-0.0062337
0.029075
0.0029248
0.018933
0.00042335
-0.013452
-0.0058445
0.0012026
-0.019675
-0.0023369
-0.022052
-0.039901
-0.025529
0.019676
0.024957
0.00075725
0.0019899
0.024464
0.043591
0.0067214
-0.01093
-0.014763
0.050616
0.019729
-0.0024672
0.0019248
-0.00027052
0.012942
0.03424
0.010055
0.026277
-0.012777
0.015246
-0.013914
-0.019811
-0.032978
-0.025598
-0.022935
0.0094442
-0.00043127
0.00048689
-0.005256
-0.011481
0.02025
0.020608
-0.014132
-0.0031458
0.014218
0.025632
0.021387
0.046602
0.025145
0.023645
0.027514
0.0062762
0.017451
0.018676
-0.009579
0.0053141
0.016682
-0.015022
0.0056441
0.0015347
-0.0011958
-0.0079561
-0.0074685
0.035956
-0.01474
0.0036345
0.002882
0.0095362
-0.018038
0.011037
0.035848
-0.015519
0.017935
0.03881
0.012992
-0.021884
-0.0042418
0.034723
0.018222
0.054862
-0.00017167
0.017593
-0.033343
-0.0065633
0.0033199
-0.010825
0.0085315
0.036661
-0.019187
-0.027169
0.025071
0.043605
-0.00081222
0.0047416
0.023495
-3.5058e-05
0.0049235
0.016997
0.01496
-0.0031868
-0.0057683
0.016246
-0.013832
-0.001421
0.0059322
0.013287
-0.0068687
-0.025896
-0.010653
-0.0023055
0.0026564
0.0031128
-0.00045912
-0.024471
0.011734
0.045576
0.025156
0.010299
0.02403
-0.0047995
0.013697
0.0156
0.047195
0.028149
0.036547
-0.019836
0.00908
0.0043888
0.01924
0.0099307
-0.017713
-0.014125
0.026671
0.041481
-0.00071681
-0.0138
-0.0092055
0.0050526
-0.0064313
-0.00088471
0.019323
-0.012723
-0.0041587
-0.029771
0.005992
-0.012502
0.0030812
0.035691
0.0019503
0.027005
0.038375
0.0025312
0.0053463
-0.010778
0.032295
-0.015051
0.0037918
0.019425
0.0050494
-0.034695
0.0017418
-0.019094
0.0072433
0.027198
0.0090964
0.033343
0.011202
0.0021462
0.0021307
-0.0029188
0.01448
0.012925
0.013711
0.024503
0.046691
0.024242
0.01458
-0.010379
0.019926
0.0053785
0.033947
0.0016606
-0.032953
-0.00027134
-0.0047809
0.0092963
-0.013431
0.011173
0.0028407
-0.00031411
-0.026279
0.011266
0.017916
0.0091214
0.03715
0.068731
0.022903
-0.0032729
0.050722
-0.0098068
0.010652
0.0061395
-0.0034877
-0.013418
0.033092
0.0087266
0.0031843
0.011292
0.0028253
0.0059328
0.0035259
-0.00077215
0.033485
0.0023839
0.026686
0.025097
0.010924
0.0033348
-0.024195
0.014485
0.016095
0.0015713
0.021615
-0.014028
0.013198
0.040803
-0.024028
-0.034613
0.0056458
0.013972
0.01033
0.010057
0.031912
0.038322
-0.00064047
0.0073981
-0.0010926
-0.010052
-0.039544
-0.017753
0.026464
-0.01901
0.018594
0.011629
0.0076915
0.0039696
-0.016341
0.0025423
0.011975
0.012863
0.044719
0.010735
0.011238
-0.033754
0.023186
-0.028834
-0.013901
-0.0079792
-0.0086946
0.0027023
0.012804
0.0070823
0.0064244
0.0025232
0.0098402
-0.0044588
0.0083957
0.006492
-0.015252
0.026613
0.0042581
-0.011311
0.0036103
0.022183
-0.0056201
0.0056248
-0.034173
-0.0013454
0.022668
0.035984
-0.0099143
-0.002086
0.020774
-0.0092425
0.014201
0.025718
0.02027
0.019009
0.012168
0.010795
0.029659
0.038165
-0.0010109
0.00055189
0.0034041
0.0037278
-0.0066
-0.0077252
-0.018145
-0.027801
-0.019702
-0.0086729
-0.0074575
0.0067976
0.0069256
-0.00264
0.009758
-0.011153
-0.0056496
-0.017453
-0.0106
-0.013702
-0.0051238
0.0025909
0.0011684
-0.027526
0.0018159
-0.0055462
0.0023574
0.0019647
0.0053187
0.00098256
-0.0067414
-0.0044855
-0.005036
0.021532
0.031657
-0.00012914
-0.0016774
-0.022916
0.043159
0.0022546
0.014522
-0.001007
-0.012111
-0.0038319
0.0070652
0.019767
0.032237
0.013833
0.021702
0.033602
0.013947
0.017893
0.041134
0.039889
0.03455
0.056479
0.022707
0.021697
-0.018298
-0.0074588
-0.021279
-0.031252
-0.0091076
-0.02469
-0.014149
-0.0080384
0.0035602
0.00059096
-0.0081143
-0.0046036
-0.020374
-0.015172
0.033284
0.019201
0.012872
0.0095165
0.0493
0.037323
0.021863
-0.011658
0.050399
0.048421
0.012748
0.035087
0.020803
0.001898
-0.029528
0.013184
-0.019279
-0.0051314
-0.042804
-0.044536
-0.021678
0.0034059
-0.020449
0.0027525
-0.021516
-0.037307
-0.013646
0.025734
0.0064879
0.010867
0.0068402
0.0070019
0.015853
0.0031564
0.0028564
0.0025135
0.015645
-0.0057822
0.053883
0.048692
0.012001
0.00502
0.014546
0.028246
0.015267
-0.028201
-0.0087609
-0.0026846
-0.001972
-0.0043025
-0.025479
-0.025615
0.0023224
0.00053642
0.010096
-0.0062539
0.010896
0.034158
0.015229
0.02009
0.016609
-0.0086114
0.00013107
0.019412
0.012556
-0.018236
-0.021534
-0.013513
-0.021068
-0.023694
0.021164
0.0088821
-0.0086471
0.00116
0.0002445
-0.019729
-3.6577e-05
0.0073501
-0.010638
-0.010519
0.052214
0.033311
0.0064263
0.038784
0.035569
-0.0041213
0.00065936
0.019968
0.015145
0.0094865
-0.011544
-0.022065
0.012319
-0.0033258
-0.010398
-0.04232
-0.033885
-0.0068524
-0.0030275
-0.0016336
-0.0066428
-0.015266
0.01966
0.0052864
0.0060596
0.014733
0.006298
0.05437
0.030243
0.032135
0.036329
0.020246
0.021135
0.055867
0.051595
0.01397
0.0012161
0.006781
-0.0042708
0.00077002
-0.023391
-0.0023535
0.0069148
-0.012534
-0.024133
-0.04251
-0.00038414
-0.045451
-0.02039
-0.0092422
0.015325
0.01449
0.053815
-0.008568
-0.018349
0.041081
0.040483
0.024296
0.016187
0.014432
-0.013771
-0.012889
-0.00066917
-0.0047772
0.00023254
-0.011196
-0.0089297
-0.0058975
-0.016297
-0.0090029
-0.0013251
-0.015478
-0.019843
0.011844
0.012173
0.027546
0.015142
0.023825
0.037508
0.035811
0.043941
0.035524
0.064647
0.064998
-0.014859
0.0030471
-0.006223
0.015744
-0.019291
0.0015269
-0.0027355
-0.0082432
-0.02019
0.013022
0.021449
-0.01022
0.015513
0.0095209
0.0010282
0.025033
0.014529
-0.013247
0.048196
0.012896
0.037042
0.023684
0.0022053
0.0090678
0.0098603
0.044054
0.0017994
-0.041542
-0.013101
-0.023956
-0.021399
-0.021266
0.017324
-0.03102
-0.0043039
0.047027
0.0066682
-0.0037303
0.0023933
0.02175
0.020516
0.032043
0.02453
0.026044
0.012978
0.031305
-0.029886
0.0098567
0.015968
0.0053882
0.033329
-0.0028204
0.00015118
-0.017058
0.020669
-0.0034943
0.0034181
0.013916
-0.012245
-0.023951
-0.023364
-0.003798
-0.0078507
0.00064324
-0.0017034
-0.0049635
-0.02707
0.012237
0.0089863
0.011186
0.021926
0.0059971
0.031364
0.022902
0.050106
-0.0032712
0.015057
0.015385
-0.017342
-0.0061394
-0.026375
-0.015691
-0.029483
-0.035239
-0.010709
0.010338
-0.025448
-0.029845
-0.019437
0.040431
0.014519
0.019054
0.0065802
0.031065
0.049006
0.037881
0.039478
0.026083
0.018281
0.016017
0.024785
0.013519
-0.013243
-0.0067876
-0.012735
0.015802
-0.025691
-0.066616
-0.024573
-0.066436
-0.0384
-0.05446
-0.018539
-0.0041489
0.015852
0.025954
-0.0013934
0.024572
-0.0050607
0.048753
0.017749
0.054176
-0.0046454
0.041884
0.052503
-0.0042265
0.010848
-0.015154
-0.032227
-0.017632
-0.0061614
-0.025056
-0.015767
0.041253
0.024088
0.046733
0.027187
0.040989
-0.018055
0.018528
0.027317
0.023438
0.032205
-0.00073624
-0.013353
-0.01821
-0.035611
-0.017388
0.0079575
0.0098964
0.0015878
-0.018334
-0.035993
0.020159
-0.0091438
-0.011115
0.055281
0.031622
0.0048677
0.012307
0.020798
0.031235
0.029182
0.014878
0.0087445
0.0088003
0.0084898
-0.013512
0.0011134
-0.015128
-0.0089256
-0.037361
-0.012035
-0.015827
-0.00764
-0.017814
-0.013985
-0.021087
0.017943
0.0054697
0.024692
0.024849
0.013983
0.00012759
-0.005696
0.052476
0.022843
0.0027914
-0.024233
0.0017934
0.014448
-0.0010939
0.011884
0.017311
0.0024523
0.0022326
-0.009182
-0.0070456
0.010886
-0.019489
-0.041176
-0.031597
-0.017658
-0.023402
-0.0026642
-0.031152
0.014385
0.0014012
0.0013626
0.00491
0.039623
0.035177
0.019012
0.04291
0.017291
0.036783
0.0053078
-0.004307
-0.018332
-0.016465
0.015558
-0.0048954
-0.010149
-0.00089373
-0.016495
0.022277
0.028138
0.010818
0.0063223
0.027804
0.017836
-4.9358e-05
-0.0058797
-0.016383
-0.028008
-0.017628
-0.021186
0.023342
0.018881
0.042227
0.012391
0.0062238
-0.015323
0.018946
-0.0079918
-0.0048727
0.0078606
0.0012693
0.0087307
0.0086431
-0.0074122
-0.0099117
0.006612
0.0068056
-0.013422
-0.0054166
-0.0017065
-0.0011603
0.0082672
0.032059
-0.00067637
0.01089
0.0033189
0.00083124
0.025246
0.037071
0.041226
0.0027143
-0.045952
-0.020691
-0.030283
-0.011534
-0.027011
-0.020836
0.011482
-0.013949
-0.017985
0.0020309
-0.0064621
-0.024973
0.0092147
0.031271
-0.023093
-0.020141
-0.0052365
0.00016618
0.0020754
0.027279
0.0041093
0.019581
0.041642
0.015471
0.053377
0.030306
-0.0041495
0.018835
0.019448
0.0056488
0.00070193
-0.0043716
-0.033719
-0.01263
-0.013813
-0.013157
-0.016526
-0.023121
0.0031428
0.024422
0.014107
0.011887
0.017081
0.02402
0.062854
0.023686
0.031599
0.027753
0.026619
0.044082
0.019647
0.022519
-0.0097344
0.028778
-0.015721
-0.002194
0.02197
-0.0054842
-0.020349
-0.032373
-0.029206
-0.023187
0.0018948
-0.027605
-0.014316
0.00027033
-0.0054949
0.014453
0.01022
0.022292
0.017092
0.002761
0.012556
0.018878
0.030152
0.013265
0.016628
0.00011607
-0.0008771
-0.016827
-0.028088
-0.041111
-0.015225
-0.03402
-0.011796
-0.045294
-0.021725
0.0042023
-0.031377
0.020925
-0.028519
0.02364
0.047939
0.012355
0.013892
0.033025
0.051533
0.020585
0.033021
0.030175
0.010699
-0.01208
0.032859
0.020977
0.010674
-0.0024961
-0.038357
0.0077934
-0.020431
-0.0078338
0.03557
0.016892
-0.0057891
0.019484
0.0076366
-0.023182
0.027541
0.031766
-0.0029714
-0.0015973
0.0020693
0.0017459
0.012633
-0.017054
-0.012606
0.041595
0.014177
0.032853
0.021335
0.012343
0.020142
0.00040674
0.02365
-0.016134
-0.021637
-0.0048555
-0.017121
0.0053937
0.011733
0.0034963
-0.029271
0.017032
0.0015708
0.014382
0.013794
0.023833
0.0077131
-0.0045346
0.02853
0.032072
0.0081125
0.0028287
-0.013607
0.022614
0.022371
0.016049
0.00118
-0.012965
0.013306
0.0094136
-0.0068667
0.024827
0.0017383
0.0069794
0.015427
0.0061385
0.00473
0.00023279
0.0048689
-0.012471
0.0023608
-0.013425
-0.0033841
0.0079529
0.006408
0.025196
0.035924
0.022767
0.00054743
-0.014103
0.020853
0.020024
0.0063221
-0.014095
-0.019902
0.001859
-0.0051719
0.04656
-0.011822
-0.0062875
-0.018584
-0.015198
0.023146
-0.017704
-0.022754
-0.015073
-0.0032688
0.011513
-0.0097568
-0.0024813
-0.0049457
0.02327
0.0022933
0.03011
0.030277
0.018625
0.026251
0.0036108
0.048229
0.042248
-0.047804
-0.037968
-0.033329
-0.022995
-0.030287
-0.0090141
-0.00088957
-0.0082402
-0.0058134
0.0018182
-0.028156
0.0076455
-0.0063842
0.023134
0.023076
-0.0049885
0.018153
0.0074374
0.020104
0.016939
0.0315
0.025583
0.0053518
0.024348
0.028592
0.055515
-0.00046637
0.00080771
-0.023925
-0.031461
-0.030906
0.0078319
0.017032
0.030737
0.025855
0.0083967
-0.033856
-0.019719
-0.017678
-0.0067941
0.018076
0.026754
0.0028252
0.013509
0.018537
0.039358
-0.0035771
0.021186
0.03056
0.018609
-0.025997
-0.026967
0.0042158
-0.016092
-0.014818
-0.020573
-0.0041566
-0.019795
0.0004505
0.013354
0.011723
0.025721
-0.007452
-0.012943
-0.014269
0.013418
-0.0034312
0.0096352
0.016435
0.020707
0.0046289
0.0076757
0.0028271
-0.0037999
-0.0059344
-0.027912
-0.0075127
-0.019705
0.0025626
0.00064071
-0.030909
-0.0024404
0.0094647
-0.017715
-0.01418
-0.0081306
0.010279
0.010388
0.030066
0.032942
0.017435
0.0060953
0.036266
-0.0011595
-0.0092147
0.034902
-0.018799
-0.0094029
-0.012061
0.0062852
-0.0079765
0.014546
-0.02653
-0.025084
-0.039857
-0.016194
-0.013215
-0.010524
0.0042155
-0.013089
-0.004607
-0.0017182
-0.013917
-0.001242
0.031005
0.024157
0.006201
0.0053186
0.010722
0.026544
0.0051703
0.030079
0.036129
0.0014621
0.00056772
0.0044347
-0.011201
0.0020277
-0.028131
-0.030074
-0.014514
0.011767
-0.007265
-0.015878
-0.018092
-0.0019812
-0.035285
0.0033579
0.012334
0.011951
-0.0013491
0.031569
-0.021561
0.0051944
-0.00064627
0.019573
0.0061377
0.024954
0.015561
-0.003981
0.014818
0.015732
-0.021253
0.0080765
0.0055612
-0.00089914
-0.022983
0.021141
-0.013659
0.039495
-0.0080484
-0.00737
0.032482
-0.012259
-0.032292
-0.029718
-0.008763
-0.022513
0.038351
0.033002
0.0030171
0.012742
0.034465
0.0093476
0.032182
0.030482
0.016354
0.023118
0.0098324
0.011958
-0.0095012
-0.0098049
-0.004943
-0.01485
-0.0040467
-0.017098
-0.028504
0.0075987
-0.035102
-0.013725
0.0021381
-0.029403
0.011258
0.0064865
0.013647
0.018094
0.029251
0.011869
0.042938
0.0053553
0.016877
0.010904
-0.030833
-0.0053736
0.025888
0.0039602
0.0098728
-0.0028454
-0.0095577
0.035254
0.02318
-0.017455
0.002058
-0.003446
0.027566
-0.026626
0.017912
0.010345
0.013955
-0.0044298
0.020833
-0.012716
0.045121
0.021522
0.03089
0.022186
0.019656
0.041004
-0.017284
0.012677
-0.0024069
-0.016122
-0.005854
-0.014705
-0.040421
-3.5196e-05
-0.022337
-0.017767
-0.029161
-0.0049711
-0.015808
-0.017357
0.014742
0.0083623
0.017014
0.03899
0.038394
0.01062
0.046772
0.011755
0.0037717
-0.0085421
0.016778
-0.030971
0.0067038
-0.0090821
0.0041594
0.015757
0.0023728
-0.011858
0.0017346
0.018026
0.013477
0.032105
-0.042379
-0.021749
-0.0080524
-0.037691
-0.02047
0.022206
0.017122
-0.0057118
0.0081368
-0.0048951
0.0099878
-0.01934
-0.0062905
-0.011573
-0.0020408
0.00017391
0.016427
0.01671
0.025012
-0.033305
-0.008717
-0.019235
-0.019352
-0.015862
-0.0022663
0.011106
-0.018091
0.001871
-0.022209
-0.0055715
0.034272
0.058941
0.017614
-0.0099223
-0.0083984
0.015824
0.0017871
0.015244
0.047037
0.023902
0.0078312
0.050161
0.03293
0.021344
-0.00029695
0.0024313
-0.0010115
0.0084421
-0.0046501
0.011057
0.022472
-0.008854
0.00055597
-0.0059738
-0.0034181
-0.00058875
-0.014257
-0.002533
-0.0036397
0.03584
0.0094281
0.010669
0.03124
0.004827
0.006204
0.03136
0.034321
-0.0014107
0.022936
0.020992
0.024991
0.017151
0.010653
0.0085622
-0.0073828
0.010403
-0.0016298
0.034725
-0.0081557
0.0065592
-0.0074764
-0.0071042
0.0032146
0.0047528
-0.015497
-0.010149
0.014576
-0.02275
0.0035557
-0.016077
0.0086586
-0.0092727
0.021501
0.016654
0.0076049
-0.0098494
-0.029782
-0.0026071
0.0075279
0.0021514
0.003848
0.032574
-0.0024192
0.017479
0.046257
0.037308
0.0079008
-0.020463
0.0064759
-0.0088725
0.0084559
-0.007434
0.010069
-0.0090128
0.02127
0.022589
-0.0049071
-4.0144e-05
-0.043538
-0.0014761
-0.010771
0.0076068
-0.021059
0.0064106
-0.016979
-0.0028886
-0.013618
0.022762
0.035029
0.019178
-0.022697
0.0208
0.013106
0.029396
0.0070516
0.026288
0.0052076
0.02222
-0.041357
-0.0036973
0.018637
-0.0091256
0.025381
-0.0034677
0.015471
0.03661
0.0064964
-0.029416
-0.018783
-0.0067931
-0.0053267
-0.00061373
-0.019178
0.0093891
0.012088
-0.010123
0.013035
0.0087614
-0.02076
-0.012042
0.047843
-0.012439
0.018596
0.049255
0.042471
-0.018568
0.013997
0.0074359
0.018221
0.02428
0.032684
0.032319
-0.023558
-0.0021457
-0.0003753
0.0008464
0.00020716
-0.022471
-0.023223
0.017468
0.01913
0.0050938
-0.0015396
-0.0011764
0.015692
0.015655
0.011607
0.010649
-0.0013142
-0.019956
-0.0021793
0.013601
-0.02833
0.0047324
-0.010223
-0.019559
-0.019102
-0.023107
0.031399
0.010952
0.014988
0.00052899
0.033778
0.033919
0.020888
0.019295
-0.0036776
0.024873
-0.0036395
-0.03786
-0.047789
-0.024459
-0.041159
-0.0059668
0.031954
-0.0034186
0.022034
-0.038932
-0.002948
0.050978
0.057462
0.049
0.024873
0.031776
0.035129
0.03352
-0.021244
-0.00159
0.016053
0.0012706
-0.0015525
-0.010778
-0.029056
0.028098
0.01292
0.010383
0.023502
0.018488
0.010272
-0.03602
-0.038251
-0.0074693
0.024728
-0.01852
0.072427
-0.0029349
-0.00080691
0.041708
0.0021109
0.023089
0.025501
-0.010152
0.02889
0.036597
-0.014521
-0.013969
-0.010376
0.02478
-0.0133
0.022391
0.025949
-0.011095
0.017663
-0.024013
-0.0066523
0.0052178
-0.0046035
0.050002
0.014624
0.019614
0.028741
0.0081596
0.0046036
0.012501
0.0051342
0.0078654
0.024414
0.047721
0.020447
-0.00062045
-0.013654
-0.027009
0.017869
-0.022033
-0.011505
-0.0050288
0.0089083
0.01631
0.027021
0.0083014
0.0054669
0.017446
0.02434
0.0031997
0.0043445
-0.00063957
-0.0016979
-0.0089268
0.019923
-0.0074925
-0.0058385
-0.021306
-0.041755
-0.011861
-0.023032
-0.025624
-0.018844
-0.011861
-0.0052732
-0.0031238
-0.0060156
-0.004791
6.3965e-05
0.013129
0.026553
0.028153
0.0070387
-0.0027549
0.0072691
0.018103
0.014699
-0.013754
-0.0057336
0.011046
-0.0072619
0.0013994
0.034652
0.027474
0.009016
-0.015611
-0.011955
-0.023879
0.0054022
0.020266
-0.0014687
-0.016033
-0.025953
0.030097
-0.0014528
0.007509
0.016914
-0.0047839
0.006671
0.033054
0.021581
0.01114
0.0072813
-0.012628
0.040469
0.0012808
-0.0062466
0.013071
0.001764
0.011615
0.0051482
0.0045024
0.014518
-0.031932
-0.0088508
0.0028515
0.0057794
0.021746
0.01001
-0.0042786
-0.019353
-0.017674
0.013229
0.0087699
-0.014746
0.0015629
-0.0041942
-0.011261
-0.015031
0.020309
0.0029087
-0.0055852
0.0023708
0.0047242
0.020651
-0.0018299
0.011944
0.011356
0.038751
0.00039207
0.018122
0.029922
0.02854
0.020621
0.0071666
-0.032578
0.022009
-0.0084333
0.038591
0.026094
-0.018503
0.008774
0.0022004
-0.0015841
0.030462
0.026909
0.011739
0.018398
-0.0041126
0.0047085
0.022637
0.015394
0.0006632
0.0097048
0.039988
0.0026713
-0.011512
0.039989
-0.013444
-0.003888
-0.0044958
0.015172
0.036701
-0.0049311
0.035098
0.017195
0.0098634
0.013715
-0.011083
0.0088578
0.00099146
-0.00040026
0.0069958
0.016049
0.0047729
0.031117
0.013155
-0.010854
0.015401
-0.015999
-0.010196
0.0078858
0.018887
0.00055837
0.034521
0.016658
0.0028412
-0.0097385
-0.010613
0.011756
-0.0026972
-0.020312
0.0035087
0.016504
0.028423
-0.02122
-0.015056
0.0057339
0.033277
0.0042864
-0.0095675
-0.0096907
-0.028634
0.031124
0.0055567
0.031127
0.016256
0.0094532
0.0054635
-0.0019371
0.0071596
0.0031113
0.018704
0.014647
0.043269
0.0086897
-0.015753
0.032544
0.018809
-0.018621
-0.020009
0.018782
-0.0019952
-0.011985
0.0023406
0.019328
-0.0023262
0.017782
-0.018646
0.032137
-0.001434
-0.003221
0.0217
0.0088896
-0.0038121
0.0093027
0.0098386
-0.0092196
0.004103
0.04496
-0.014872
0.0022141
-0.0039471
0.020727
0.0014256
0.007776
0.0028734
-0.031678
-0.020329
-0.0019927
-0.015526
-0.0026582
-0.010399
-0.0010758
-0.0098782
0.0031781
0.0012175
0.010931
0.057774
0.027878
0.017934
-0.024797
0.017315
0.01403
0.0072739
0.019291
0.033949
0.0082232
-0.01656
-0.020171
-0.015558
-0.0068385
-0.010209
0.0060794
0.017229
0.010855
0.01897
-0.00033448
0.012501
0.011193
-0.0037798
0.021335
-0.0058062
-0.0047655
0.01803
0.0032244
0.037756
0.0023213
0.01055
-0.0010841
0.0083757
-0.0018918
0.0057131
0.019135
-0.00089623
6.3849e-05
0.038624
0.0052559
-0.0096137
0.0059105
-0.017658
0.010323
0.031702
0.025376
0.030845
0.0020371
0.020092
-0.020734
-0.011385
0.0036263
0.011722
0.017123
-0.014465
2.3103e-05
0.029956
-0.019813
-0.032133
0.0087075
-0.02526
0.027229
0.029478
0.028231
0.0067746
0.032992
0.012421
-0.005752
-0.008196
0.05386
-0.0074651
0.021822
0.0010879
-3.2285e-05
0.00044581
-0.021775
0.022585
-0.016089
0.0097939
0.0022076
0.0297
0.0020991
0.03728
0.016897
0.0040751
0.013951
-0.031167
0.013419
0.013052
0.018305
-0.0074195
-0.01827
0.029172
0.0080089
0.012302
0.012869
0.0097439
0.0036543
0.052834
-0.0053218
0.02809
0.0012842
0.025369
0.0021855
-0.012229
-0.0043141
0.039542
0.015199
-0.016647
0.013312
0.0014145
-0.012316
0.023509
0.0067116
0.0099987
-0.0064909
0.015295
0.02302
0.03177
0.0025484
0.019334
0.0069468
0.036773
-0.018491
-0.024241
-0.0090826
-0.018405
0.01108
-0.0051903
0.015641
0.018009
-0.019508
-0.014304
-0.034442
0.016449
0.014948
0.026201
-0.00014124
-0.026813
-0.0050632
-0.0058743
0.0080766
0.025604
0.02411
0.020061
0.019075
0.31687
-0.35008
0.057636
0.074516
0.18938
0.039542
-0.016599
0.1538
0.076389
0.16719
0.17375
0.079954
-3.2591e-05
-0.13028
0.5641
0.19483
-0.24859
-0.17371
-0.047092
0.028333
0.12039
-0.17038
0.80546
-0.055984
0.4286
0.63027
-0.17735
-0.34197
0.76305
0.61326
-1.3323
-0.70212
1.715
1.2941
-0.40741
-1.7205
-1.4887
-0.54439
0.098918
0.25943
0.80025
-0.071159
0.41972
-1.3494
-1.5457
-0.19818
-0.53785
-0.70105
1.0276
1.2328
1.0385
-0.40784
0.029932
-0.70853
-0.82252
0.12111
0.27437
0.85756
1.1036
0.045126
-1.9483
-1.6957
0.84991
3.3036
2.7983
1.5515
1.2888
0.11697
0.74318
1.0339
0.23544
0.22216
-0.12925
-0.18438
-0.3405
-0.46243
-0.83922
-2.8301
-2.9357
0.58659
2.4598
3.3425
2.6892
-2.8699
5.6563
3.874
3.1647
-8.657
2.2973
5.1985
5.2708
3.3792
1.0914
-2.2608
-6.2094
-5.9863
0.27229
5.6126
-3.2609
4.6445
5.0363
-9.3306
-5.5375
0.86812
-1.1332
-2.9107
-0.66862
1.0984
-0.36527
-1.9796
-0.56094
0.52577
-1.1396
-0.2912
2.015
-0.23008
-1.9196
-3.5143
-2.7754
3.599
2.0071
2.291
2.8102
1.2015
-1.4798
-0.47656
0.57496
-1.2301
-1.4348
-1.8877
-1.4541
-0.73516
-0.33539
-1.4237
-1.7514
-0.41538
-0.026671
0.025798
0.41676
0.1258
-0.38488
-0.38637
0.081698
-0.42557
1.8429
5.246
0.39429
-5.2003
3.8053
2.4407
2.0173
2.1487
1.6617
1.6526
1.5954
-0.14154
-1.405
-1.6166
-1.9154
-2.5842
-2.3895
-2.6943
-0.55874
3.9258
4.843
3.6509
0.33584
-1.0759
0.31003
0.99083
3.2538
-1.8437
3.7256
1.6288
-3.1425
0.19176
0.749
3.8073
3.9777
9.7924
3.9172
-2.941
1.8748
2.2353
3.733
3.141
-7.5225
4.6165
4.8776
1.7152
2.7135
-0.81967
-1.877
-5.3773
-7.0217
-5.3213
-1.9878
-1.3882
0.66586
2.9019
2.4062
2.1906
-0.30117
-1.0479
-0.82263
-0.14883
1.861
-3.2944
-5.4327
-2.0247
0.57618
3.9996
3.2891
3.2695
4.9614
3.8554
-0.58369
-4.6932
-5.4121
-2.6836
-0.90961
0.27004
-1.0954
-0.98925
-0.71769
-1.6254
-2.2635
-1.5221
-0.24239
0.38997
-0.18165
0.47131
0.37154
-0.068525
-0.15197
-1.0367
0.82758
3.5858
5.2598
7.5292
-9.4439
4.3258
1.5791
-0.56031
-0.87886
-1.5915
1.2634
0.77183
1.0148
0.73087
-0.70668
-1.1248
-1.4751
-1.632
-0.53474
-2.7094
-1.7446
3.6922
7.5113
-1.1923
0.94921
-0.84961
1.106
-1.4019
1.5876
-7.9959
6.6981
-0.83798
-5.3766
0.64696
-0.67962
-0.70469
10.804
-3.0507
-0.39692
-0.98079
-3.471
-6.2188
2.3209
3.5815
-3.605
4.7352
0.69756
2.7427
-1.0195
0.32512
-1.1696
-6.1272
-7.4088
-6.2786
-2.5725
-2.6574
2.0662
-0.52993
1.9438
1.0952
-0.76266
0.771
0.24456
1.7168
2.8426
-1.7577
-4.6364
0.77882
-0.17283
3.8815
3.1731
3.6232
3.7178
1.0478
-1.8713
-4.7359
-3.0072
-2.1587
-1.1919
-1.8036
-1.2496
-1.3382
0.72263
0.7546
-0.50704
-0.82981
-0.34004
0.079796
-0.51329
-0.38015
0.72894
3.2637
3.4378
1.344
-2.1518
5.1967
1.7535
-1.0894
-1.7077
0.55662
1.5138
1.1745
-0.28276
-0.65967
-1.2596
-0.90499
-1.1752
-0.77962
-2.4509
-2.055
-1.362
1.9135
8.2515
2.821
0.18438
-2.3661
-3.5198
-3.7534
5.848
-8.2128
4.1532
3.0578
-4.2491
-1.7519
0.51544
4.3346
5.0411
-0.13449
-3.5787
-0.98734
2.8759
-6.0424
4.4996
7.8672
-3.8217
-1.8752
5.0037
0.98579
2.2431
-2.5301
-2.6475
-6.1573
-4.4916
-3.6844
-3.193
-1.9945
-1.168
0.16998
3.4779
1.6879
0.30359
-0.097389
0.024727
0.27156
1.3798
1.6777
-6.4005
1.6496
-0.13213
0.11813
2.8993
6.6745
2.7178
3.8251
-1.0004
-3.7525
-2.0072
0.77864
0.30415
-2.7835
-4.4109
-1.0105
1.772
-0.36159
-1.8828
-1.0707
0.50086
0.33352
-1.0604
-0.65575
-0.47941
0.067427
0.11014
-0.086004
0.56849
3.3917
8.9649
5.2201
-9.9545
2.7251
-0.70162
-2.6398
-0.5475
1.3689
1.571
0.72153
0.22637
-0.33054
-0.99465
-2.078
-2.0377
-1.9133
-4.0027
-1.597
0.96531
5.7089
6.0726
3.4811
-2.8561
-1.8896
2.262
9.2769
-2.1781
0.94404
-0.12793
7.3438
-7.1773
-2.2719
-2.8222
2.0831
10.357
1.7945
-1.5358
-1.7688
-0.20897
-2.1414
-2.1681
3.7286
3.2535
-6.5627
4.084
2.9364
2.5514
-1.5408
-1.9983
-3.351
-5.9506
-3.9965
-0.60918
0.32393
1.0497
-0.28329
0.56403
-1.0197
-0.36963
0.91877
2.6434
-4.8013
-0.0070406
2.9473
2.1751
0.34352
-1.5945
2.2295
3.001
1.0297
-2.2463
-2.4934
-1.7909
-0.034312
-1.5525
-2.5509
-2.0282
-1.1303
0.39151
-0.11489
-0.49062
1.5876
2.241
10.374
1.7182
-0.41223
-6.636
-4.5348
-0.097891
-0.2096
0.32428
0.3598
-0.4985
-0.77605
-1.205
-1.8119
-3.3224
-2.1737
2.5282
6.3476
5.5737
0.8777
-4.3953
-6.2986
3.0204
-3.646
-4.9906
3.5562
7.7609
10.195
5.1158
5.2317
6.237
-3.8455
2.4199
-2.3369
-0.66551
-3.1574
-0.2743
-1.2191
0.9066
0.5837
-2.7461
-2.4879
-1.514
-0.36608
0.65979
0.42382
-0.075346
-0.50925
-0.99819
-0.6088
1.2948
2.3057
2.8477
2.078
1.2176
0.47507
-0.85696
-1.1664
-0.36182
0.36473
0.43051
0.64776
0.62208
0.26329
-0.034147
-0.70782
-1.1888
-1.2607
-1.1342
-0.86565
-0.76712
-0.40346
-0.10688
-0.044021
-0.21215
-0.24301
0.14752
0.043061
0.69487
0.92169
1.0156
0.8908
0.80503
0.85948
0.59304
0.13149
0.02681
-0.10702
-0.186
-0.39823
-0.65786
-0.4548
-0.56847
-0.37179
-0.35748
-0.32127
-0.13078
-0.01666
0.11208
0.028909
0.32097
0.30514
0.2958
0.19065
0.39055
0.18954
0.10109
0.01373
-0.070584
-0.070595
0.003402
0.008676
-0.14632
-0.10904
-0.063641
-0.17696
-0.20765
-0.068289
0.079808
-0.0234
0.16227
0.27213
-0.00099664
0.23737
-0.70559
2.2142
0.58685
1.2464
-0.91428
-3.2699
-3.9283
-0.53603
2.5897
2.5587
1.934
1.3866
-1.4559
-1.9364
0.40292
0.90188
-0.80401
-0.57707
0.75246
1.0771
0.53465
-0.044074
0.36952
-1.1009
-1.3071
-0.36266
-0.70192
-2.1404
-1.8805
-2.67
-5.8084
3.4201
5.3131
7.242
5.1738
0.92617
-1.0194
-1.0888
-1.3457
-1.187
-1.3417
-1.8108
-2.6815
-4.9329
-0.058554
4.5917
3.2673
-2.9234
-15.975
-15.204
-20.327
5.2153
9.3846
-0.5699
-4.8613
-4.6536
3.2659
4.8624
4.537
3.0178
3.2549
4.5306
0.83713
7.7469
3.301
1.4753
-3.4771
-4.4359
2.5669
4.3145
7.3495
4.2328
0.16708
-3.8028
-3.4935
-2.0307
-1.503
-0.74828
-0.80829
0.074954
-3.5973
-4.7845
-4.5603
4.959
-2.3944
1.8178
-1.0802
-6.0178
-6.0939
-2.6377
1.4305
1.9682
2.8618
2.7354
2.743
2.8811
2.3838
1.0835
0.85568
-1.0308
-0.072167
-1.2742
-0.070091
-3.0813
-0.69305
0.98898
2.776
11.427
1.802
0.18177
-1.1273
-1.9291
-0.19431
0.46736
0.63627
1.0033
-0.84576
-2.0107
-2.1462
-0.99938
1.5479
1.1313
-5.6133
-6.7207
-16.811
-16.491
-6.6185
6.4767
5.0061
10.272
-0.85731
-1.5036
0.09538
-2.9087
-0.59122
3.9841
3.6951
3.7113
0.34215
2.9979
-0.90402
1.4956
8.4884
2.488
-6.3953
-0.015381
8.3549
1.4235
0.9464
-2.3893
-2.4794
-1.6074
-0.072936
0.43631
0.024288
-0.43444
0.48872
0.46724
-0.71686
-5.6423
3.1126
7.5883
-1.9322
-6.4167
-1.9854
-6.1795
-2.4963
1.4843
1.9265
2.3999
4.1074
3.946
1.6844
-0.63392
-0.66584
-1.6109
0.53067
-1.4519
0.47543
2.2184
0.31548
0.091715
-3.3817
2.4979
-3.1388
3.1267
-0.38865
-1.143
1.4453
3.568
3.7473
1.8012
0.01669
-0.65728
-1.7407
-1.1653
-2.2575
-3.6392
-4.8158
-5.1322
-4.9235
-8.9327
-17.059
2.9865
10.177
11.456
5.836
-1.8613
0.70216
-2.0018
2.0855
1.4742
3.8585
5.2641
1.5115
-0.64411
0.096822
3.8005
-2.4654
-2.7118
-4.6189
4.7768
1.9334
3.0706
-1.2498
-5.1067
0.59661
1.1383
1.3325
-1.7648
-1.0635
-0.33107
0.061375
-0.26961
-0.54835
-6.1197
5.9076
8.1161
5.4933
-14.683
-3.3676
-6.0077
0.34227
6.2838
7.4485
4.7044
0.20209
-0.91239
-1.008
-1.2456
-1.1941
-0.40825
-0.18238
-0.63094
0.63381
0.90852
1.8739
-0.20087
-2.3619
-2.7002
-1.9822
-3.5626
6.8061
6.1164
1.1924
2.4409
2.0222
-0.42563
-0.18699
-1.7804
-1.4252
-0.93695
-1.3418
-4.5026
-4.2053
-3.4283
-0.38639
3.6915
2.867
1.0462
-5.9399
4.1587
3.1277
-2.6118
4.6097
0.20704
-1.2345
-2.6243
-0.28712
0.26035
9.0239
9.3145
4.1579
1.4485
0.18569
-4.5712
0.74786
-6.3572
6.401
0.34274
0.27804
-2.3596
-2.8273
1.5078
1.5317
-0.12414
-0.69844
-0.22707
1.0952
-0.71627
-4.5438
-1.5327
8.7586
4.9579
-12.97
-5.3875
-6.811
-3.0606
3.4738
7.7242
3.8302
2.6083
1.2311
-0.36664
-1.1574
-0.52814
-1.2486
-0.73626
-0.73194
0.53788
0.53578
1.4366
-2.398
-1.973
-4.2061
3.2713
11.336
-1.5003
6.5812
0.99398
2.0544
-0.37098
-0.70005
-2.7512
-2.0781
-1.9043
-1.7032
-3.7987
-4.2388
-3.9074
1.4776
5.5251
5.4533
-17.605
-0.41112
2.2197
6.077
-2.2216
1.8902
1.1359
-6.5957
-0.45446
0.07215
3.07
9.368
1.9744
5.231
3.2054
2.4448
-2.4854
-5.1701
-5.1385
5.6812
8.4665
0.67738
-1.2996
-1.1938
1.9199
2.8975
1.1465
-2.5297
-1.0816
0.76844
0.64228
-2.1099
-8.3508
6.5794
8.2659
-0.45995
-15.806
-9.3226
-4.4053
-2.4311
4.8733
7.6797
7.2667
4.6464
2.7081
-0.33141
-2.3431
-2.3655
-2.8799
-1.8398
-0.21387
0.65824
0.98149
-0.36667
0.55007
-3.094
-4.5575
-7.1926
-0.39747
3.8071
7.3308
4.5292
-0.23963
0.45186
-0.69181
0.34602
0.74054
0.73228
-0.97382
-1.6976
-1.5068
-1.5095
-1.5351
-1.3709
-2.6689
-3.6154
-0.78874
3.284
5.5353
2.0822
-5.7374
-16.406
-20.436
0.35175
3.6829
8.57
5.9028
-3.3848
0.64565
1.0408
-3.2358
5.0228
9.1571
7.1127
6.5928
5.5911
4.6112
3.6272
0.67626
0.6794
1.2243
-0.77792
-7.4504
-7.5806
-8.848
0.9724
4.2011
3.8241
2.3857
-0.75006
-0.79239
2.7958
0.63964
-0.57943
-1.2387
-0.61342
-0.39243
-0.71239
-0.21293
0.75385
-1.1335
-1.7026
-4.8913
9.4555
10.111
-13.736
-17.175
-9.8794
-5.9098
0.69745
8.2655
7.501
4.586
0.24583
-1.6258
-1.4391
0.53942
1.8369
1.4476
0.0030976
-1.8365
-1.5547
0.10329
-1.3214
0.18178
-0.24762
-0.014289
-0.32957
-0.85265
-3.3396
-5.6591
-2.3194
6.0235
3.7651
4.5907
-0.48626
-1.9043
-0.90012
0.99162
1.776
1.1324
-0.53507
-1.6686
-2.2827
-0.64631
-0.27912
-0.62307
-3.6524
-3.6468
-3.4599
-2.8649
0.94215
5.8104
1.1894
-7.9606
-20.473
-16.104
-14.634
13.609
7.0056
1.185
-1.9657
-5.7117
-2.4608
2.9918
4.0654
3.7055
4.9191
1.824
5.3517
1.3067
0.46062
0.67109
0.31019
7.2507
-1.7286
-3.5916
3.1605
-8.018
2.0883
4.4934
3.1633
-1.7177
-4.4834
1.2273
1.3262
0.7164
-2.0914
-1.5193
-0.18419
1.1095
0.92236
-0.78058
0.70488
1.8857
-3.789
-4.0368
-0.3619
5.3972
1.2593
-23.365
-26.011
-6.1379
-5.0232
1.8972
8.0813
9.013
1.8808
-0.7032
-3.9208
-3.8311
-0.32557
2.4956
2.257
0.052482
-1.4662
-1.0284
-0.57098
0.92524
-0.30326
-0.18452
0.13051
-2.126
-2.0224
-0.83226
-5.5457
2.7108
7.5006
1.9594
3.9379
0.57231
-0.15257
2.4393
1.0465
-0.41012
-2.0511
-2.6684
-2.113
-0.85278
-0.63318
-1.384
-3.7497
-6.0454
-1.6425
0.82153
6.0595
3.3681
-0.91806
-7.3134
-7.822
-11.215
-10.865
8.3006
5.0036
0.588
-0.73509
-2.8615
5.0224
1.2341
3.297
3.9193
3.5496
7.1577
5.6402
2.6664
-0.91461
3.7322
3.1522
-0.94365
-1.0732
-7.8823
-4.5267
-7.4883
8.1028
7.5798
-1.9929
-3.1566
-4.7988
1.2395
2.7588
-1.1366
0.040939
-0.52395
0.036474
-0.095473
-2.3598
-0.65199
0.65453
-1.1417
-1.6341
-7.692
7.3353
6.7601
0.18054
-15.01
-9.1288
-6.0478
-1.7317
6.5101
7.9773
4.4635
-0.20222
-3.4696
-3.1421
-1.6183
1.5561
1.7234
0.60296
0.079539
-1.0817
1.104
-1.1283
-0.55736
0.34256
0.39438
0.088391
-1.7161
-2.7956
-5.2318
-2.149
7.5296
-0.14851
4.2661
0.88397
-0.82429
-0.045564
-0.041281
2.7853
2.2574
-0.61888
-3.2144
-3.8638
-2.3638
-0.82055
-0.45564
-1.8531
-4.0939
-4.2894
1.1955
4.2235
5.9254
0.85904
-6.1509
-15.837
-16.737
1.5365
5.7859
1.8671
1.5797
0.98396
3.4542
0.7487
2.3924
5.9225
4.254
-0.36653
0.94838
1.5538
-1.2737
0.20548
-2.3364
-1.8571
-6.8896
2.7039
5.0603
2.2925
2.0221
1.0051
-1.6666
-2.8005
-1.7589
-1.1353
-0.66957
-1.1649
0.20695
0.85189
-0.014008
-3.4849
-2.2903
5.1125
3.4924
1.7315
2.5994
5.9187
2.8752
-2.0707
-4.7198
-4.2792
-3.3313
-0.51456
0.97507
1.0346
-1.0326
0.16443
-0.32075
-0.055135
-0.056763
0.21257
-2.284
-0.54637
7.8964
0.48205
7.1303
0.83922
-0.86509
-0.021997
-0.5115
2.8756
0.95092
-0.46006
-1.8331
-3.2644
-6.049
-2.502
0.36233
4.2125
3.4321
-2.6637
-19.362
-21.429
-4.1525
7.3427
3.0569
8.5461
4.9878
-0.49872
-1.6814
4.3904
4.8684
9.4754
1.716
1.8987
0.98135
3.5395
-0.81274
-1.7028
-5.7682
-4.5543
-5.711
4.2161
8.6479
2.1577
-1.5585
-4.6144
-3.6053
-1.9722
0.96953
0.756
0.37387
0.87632
-0.14318
-0.15952
-4.152
-1.8563
7.6136
1.9629
-10.149
-2.8061
0.29108
3.3818
-0.13918
-2.2374
-1.9638
0.68043
2.4519
3.0473
1.3099
-1.7122
2.0324
-1.1882
0.98618
0.11494
0.37766
-0.12142
-5.1271
2.8788
5.5949
2.6581
-0.71712
-0.54244
-0.18719
-0.035798
-0.05536
-0.71836
-1.2457
-0.74514
-0.72131
-0.49183
-0.70587
-1.9431
4.4714
0.61656
1.4369
-6.8163
-18.071
-25.75
-3.4597
5.932
5.2054
5.6204
3.4639
0.96384
-4.1731
-0.83556
6.6155
-1.8685
3.7612
6.2895
0.32903
0.84981
4.622
2.0789
1.7574
1.146
-7.2567
-3.6768
6.4619
6.225
1.0874
-4.9091
-5.5306
0.3028
3.97
2.7359
-0.75506
-2.5085
-1.5406
-0.11149
-2.9319
-3.3334
6.5964
6.2765
-3.2805
-11.204
-6.391
-6.0551
-0.68274
7.2336
8.8293
3.9382
-0.84076
-2.8879
-3.8211
-2.4015
0.48713
1.0094
3.0185
1.526
1.1023
0.41162
-0.98462
-0.69435
-2.8003
-4.3953
-6.9151
6.7711
9.8807
2.1624
-0.046535
-0.9903
-1.7098
-1.1713
-0.76209
1.0534
1.0613
0.32589
0.02162
-1.6478
-5.1755
-5.7873
1.2218
1.5467
6.4712
-3.1318
-11.145
-22.383
-12.903
-6.1459
13.066
8.0358
5.0198
-0.51113
-1.4159
-0.73531
4.0479
-0.1639
2.7974
2.4465
4.3113
4.4462
4.5868
1.1311
2.6193
4.0934
7.3069
6.6794
-1.7285
-4.6352
-4.7932
0.54832
5.6394
3.8341
-1.4132
-5.1942
-3.8198
1.3821
4.0455
0.92954
-0.92526
-2.2381
-1.1205
0.20935
0.29328
-0.061733
0.17421
-0.051624
-5.8336
8.1071
7.748
-10.904
-12.428
-3.3425
-6.6935
-4.4513
2.1424
8.24
8.5657
2.7783
-2.6487
-4.2133
-2.9269
0.55484
2.6251
1.2375
2.5044
1.0716
-1.067
0.9566
0.54993
0.76402
0.14729
-0.8781
-0.81906
-0.32443
-7.0108
-8.388
0.92208
0.47829
5.3408
3.8604
2.7615
0.96293
-0.030374
0.354
-0.69955
-1.6607
-1.9547
-1.0213
-0.10492
-0.66469
-0.61851
-1.6864
-3.6276
-4.2663
-1.1636
3.2163
3.9299
2.5781
-6.7608
-14.12
-12.751
-5.625
6.1661
6.7245
8.4665
5.6427
-4.7891
0.47632
1.0651
1.6103
1.6454
3.758
4.5137
6.1507
1.7072
1.8941
3.7152
1.4074
9.0657
-8.1204
-11.445
-6.621
-4.4129
4.2569
6.127
2.7447
-2.4323
-7.4284
-2.1473
3.5581
3.983
0.0049479
-2.9011
-2.1943
-0.030759
0.54516
0.79643
-0.63702
1.4301
-4.4059
-4.3068
-5.8247
4.6906
-4.0808
-2.2142
-5.2647
-6.229
-1.4937
5.4344
8.3524
6.2042
0.85479
-4.339
-3.1834
-0.39498
2.7168
2.5682
0.21125
-1.2837
-1.8962
-1.1785
0.19586
-0.54386
1.5712
-0.56027
-1.404
-1.5421
-1.9301
-5.2833
-2.7834
0.73659
7.7946
4.4981
1.8682
0.90834
0.76196
1.0617
0.61998
-0.57113
-1.2169
-1.4067
-1.3868
-1.1907
-1.1243
-0.20499
-1.0548
-4.14
-3.3468
-1.6994
4.8707
-1.0363
2.086
-3.4408
-7.5168
-15.464
-7.466
1.0272
8.1503
0.082301
-0.16655
4.0746
0.080434
4.8755
2.1168
-4.4921
0.38864
3.4993
3.3737
3.8341
4.2695
0.83275
-1.6755
1.5126
4.2142
3.161
-5.0788
-4.2237
-3.3618
7.7092
6.3079
0.72816
-4.2987
-5.1783
-1.0234
3.3706
1.7812
-0.25911
-2.1651
-0.72359
0.067605
-0.2972
-0.050714
0.033998
-0.1299
-0.6244
-6.8421
7.6723
4.6765
1.0555
-12.897
-6.4348
-5.4993
0.38853
7.2121
7.6578
5.8923
-2.5636
-3.7616
-3.4445
1.1883
3.0283
1.8091
0.078797
-1.5173
-0.77134
-1.1932
0.59571
0.76036
0.9651
-0.24034
-1.2754
-1.5069
-3.5275
-4.1467
7.4011
5.9764
3.6584
4.1938
1.1245
1.0871
1.3346
-0.29234
-1.1269
-2.1812
-2.2582
-1.8755
-1.792
-0.54253
-1.0198
-2.8484
-4.0884
-2.601
1.5467
3.4127
3.1068
-0.32026
-1.3287
-17.918
-10.803
-8.4043
7.2858
14.885
-1.7077
-1.6428
-0.84496
0.62988
2.6171
-1.5265
2.9226
0.067636
5.0295
4.4282
1.8011
1.6753
1.6682
-3.1583
1.4001
-0.94525
7.9824
0.1756
-8.217
6.0388
7.5009
-0.33701
-0.10251
-4.3423
-2.9077
2.0851
1.4721
0.99562
-0.57375
-0.03614
-0.75311
-0.85306
-0.66729
-0.38825
-1.0541
-0.31903
-3.8126
6.8329
5.1853
1.8506
-11.617
-5.1221
-5.6356
-1.4396
4.8514
8.115
5.2862
-1.0124
-3.4577
-1.9425
-0.45901
1.8451
1.6666
0.36838
-0.31669
-0.64426
1.6711
-1.8653
-0.54949
-0.94266
1.1796
0.56849
-1.1838
-0.6859
-2.8608
0.84597
-2.4181
-7.7423
9.3287
-1.3276
2.5513
1.2363
0.28035
1.0417
-0.30471
-1.4439
-0.93003
-1.9976
-1.6787
-0.36908
-1.0922
-2.6893
-4.1053
-5.4517
0.31725
2.4043
2.2495
2.0863
-1.878
-6.6802
-20.592
-8.5845
1.6153
7.8731
4.6165
1.2852
5.1397
1.4213
-0.78286
-0.43537
1.3289
5.0009
4.8004
4.9813
3.3399
1.595
0.40352
2.4873
-2.3201
6.2147
-0.3627
-1.6077
-4.7609
-2.668
1.2025
-0.30532
3.1867
0.12133
-1.2438
-0.3945
-0.47585
-0.64117
-1.0669
-0.58132
-1.0364
0.63038
-0.098247
0.27731
0.40053
-0.8322
2.2081
7.2544
4.9916
-0.55686
-2.66
-5.0951
-4.4687
-0.61764
5.9379
7.403
2.7953
0.029353
-3.4758
-2.7178
0.064998
1.6765
2.0573
0.70062
-0.15152
-1.3891
3.2463
-0.047861
-0.10905
0.10673
-0.099555
1.2379
-1.3718
-0.89171
-6.1364
-4.1978
-2.3845
5.4613
6.0337
2.2173
1.244
-0.80261
1.3886
0.83975
0.80522
-0.40747
-1.448
-1.4192
-2.2922
-1.5353
-0.72248
-2.36
-3.119
-4.9837
-0.77987
3.7019
3.9692
1.3154
0.021902
-17.987
-11.866
-4.6196
6.9897
9.6798
4.1598
-1.1978
-3.2552
1.5802
1.5285
0.13598
5.0856
6.8857
1.3016
3.1832
3.7035
2.1216
1.3567
1.403
3.3566
4.6459
5.2896
-5.0783
-3.6489
4.0938
7.2433
6.6457
-1.0623
-3.1587
-0.74342
1.8439
1.2983
-1.8544
-3.2384
-0.28272
0.88632
0.86866
-0.28462
0.44021
0.13548
-1.91
-0.71826
7.7282
1.6544
2.1748
-0.63758
-5.1867
-5.3351
1.3084
5.8257
7.5836
2.8439
-1.4409
-2.8723
-2.4549
0.57154
1.4482
1.3914
-0.17666
-0.60542
2.5405
-0.56883
-0.91699
-0.25414
0.66923
1.4595
-0.92851
-3.1448
-3.2727
-2.3397
-3.097
5.9707
3.6885
5.8906
0.75019
-0.50319
-1.1066
-0.5647
-0.08688
0.44418
-0.31159
1.4609
-1.3865
-1.9362
-2.2229
-0.95439
-3.1157
-2.992
-3.4774
0.61928
5.1163
-1.0715
-2.2159
-3.5549
-18.377
-8.7445
-9.2092
5.329
11.751
5.2701
-6.9272
-6.7862
1.3149
1.9903
3.9535
-0.20477
4.9079
6.9704
3.268
3.1993
1.4615
-0.097232
-0.019911
1.3546
0.29576
-4.0633
-6.8558
-5.9425
2.7314
7.711
3.8284
-1.5412
-4.8041
-0.11941
3.9094
3.0146
-0.69857
-2.578
-1.0348
0.75808
0.52459
-0.80142
-0.85119
0.5335
0.17047
-3.0166
4.053
1.408
3.0239
1.2844
-2.864
-4.7451
-1.0375
4.0579
4.576
1.0203
-2.351
-2.1394
1.0098
0.94713
-1.1848
-1.2681
0.6159
0.94143
0.40473
-0.23743
-1.0293
-0.61363
-0.26679
0.048538
-0.077429
-0.15831
-1.594
-1.3807
0.82805
6.8488
5.7357
3.1848
0.74962
-0.95876
-3.1773
0.13742
1.3895
2.4359
0.88461
-1.0382
-0.27505
0.63298
0.30549
-0.55823
-0.46442
-3.2116
-0.87574
7.5134
11.25
10.143
-14.108
-10.478
-4.4382
-0.73384
3.6665
0.30688
6.9278
3.4191
-0.42391
-1.47
-2.1968
1.4978
11.724
4.3141
4.0694
4.4615
-0.22495
1.6645
1.0333
0.62236
1.4393
-7.1505
-0.70902
-1.2988
-3.0707
-5.7183
1.3481
0.20226
5.9576
8.0254
3.2061
-0.38405
-3.1067
-2.6663
-1.5899
-0.65743
-1.6493
-1.0238
0.23444
0.22884
-1.0039
-1.8661
-4.1958
-3.9356
3.9692
3.633
1.347
1.6113
-1.101
-5.8586
-4.7751
2.7395
5.2313
3.9041
-0.43883
-3.7652
-3.7118
-2.2395
-0.32534
0.45911
1.3819
0.78106
0.36074
0.38953
-0.19799
-1.4038
-0.66072
0.047893
-0.28153
2.1077
6.6234
-4.062
0.06682
0.47482
0.88935
1.7966
-4.4926
-5.9089
-2.6624
1.2363
2.1089
1.2153
-0.25339
-0.59307
1.3105
0.26431
0.49548
0.042182
-3.247
-2.4443
-3.0352
9.8598
12.915
5.7177
-5.0803
-13.137
-14.97
-9.3651
4.8681
5.2676
7.4062
0.71741
-2.1905
4.2178
-1.6132
3.2287
7.0879
8.126
5.042
2.7258
2.2154
-0.49339
-6.0813
-8.5446
-6.2212
-7.727
-9.046
-2.9576
-0.67045
4.8889
5.95
4.7857
0.49739
-3.2847
-3.7348
-2.0627
-1.7823
-3.1136
-1.3745
-0.32862
-4.4388
-1.6746
-1.2157
6.186
1.5264
-1.0745
-4.2817
-5.3516
-2.8105
3.0497
6.655
2.7577
-2.2828
-4.3487
-5.754
-3.1752
0.55061
0.55756
0.86724
0.75589
0.20132
0.72037
0.024113
-0.41128
1.5821
7.4255
2.1762
-0.39708
-2.4566
-10.873
-2.5202
-3.8452
-4.0242
0.25506
0.59362
0.78639
1.2842
0.18758
-0.083371
-0.55475
-0.89186
-1.833
1.1577
-2.4501
1.5151
-1.9805
-4.7344
-5.6354
-5.1215
2.5578
2.2836
4.145
-5.1661
2.8156
0.93541
0.95501
3.7161
1.6902
8.4701
12.873
3.788
0.64291
-4.023
-11.783
-0.90373
-4.0725
-5.2389
2.8918
6.3949
4.3317
2.436
-1.8668
-2.8203
-3.0922
-1.7064
-1.4712
-0.046424
-1.0264
-0.83835
-0.43648
-1.0144
-0.71628
-2.286
-2.7176
4.87
-0.47255
-2.8694
-1.2125
-3.1012
-4.5606
0.14517
3.8087
5.746
0.86537
-1.4617
-3.1679
-3.0197
-0.69978
-0.67319
-0.71253
0.49885
0.77393
0.58886
-0.070321
0.26373
0.28074
-0.35659
0.80273
6.5023
6.5766
-0.14077
-2.3093
-3.552
-0.30808
-1.2235
-1.7274
-0.078174
1.2076
0.67178
0.92273
0.96476
-0.20588
-0.97969
-1.7198
-1.8881
-1.5731
-4.1752
-2.6098
3.4396
-3.1989
-1.7333
3.5665
5.4834
-0.08329
8.0297
6.2919
-4.7754
-0.36158
1.0814
4.6085
9.8867
7.9457
7.7844
1.031
0.24146
-0.77755
3.7656
0.13603
-7.3569
6.6593
-14.681
-2.1424
-6.0173
3.9559
2.8798
3.9401
2.7854
1.3847
0.62121
0.017306
-2.6885
-3.5405
-3.5407
-2.2527
0.090559
-0.25248
-1.0217
-0.072228
-2.0931
-3.0014
-0.44304
2.5089
0.91072
1.6849
-2.0442
-3.7475
-2.1974
-0.16399
2.792
-0.30473
-0.57409
-0.71149
0.13834
-0.13962
0.61463
0.85931
0.35627
-0.48843
-0.73738
-0.60611
-0.73308
0.69549
-0.41305
0.027541
9.719
13.033
1.0111
-5.6279
4.4773
-1.0211
-3.7323
-2.576
0.51605
1.564
1.0502
0.95607
-0.49238
-0.35974
-0.47948
-1.7654
-2.4123
-3.5257
-3.9075
0.66322
3.9874
6.1319
3.1804
-1.8953
-7.6878
-8.6533
-5.7638
5.8235
1.5032
10.745
5.3357
1.6788
0.97493
2.1937
3.3245
3.5374
3.329
6.3989
3.5091
3.6511
1.6959
-4.2995
2.1364
6.4686
-1.0665
-4.0993
-1.5724
-10.767
6.0278
-3.0164
-1.7842
6.3535
6.7942
6.3902
3.5983
-1.3508
-5.4682
-3.6325
-3.7934
-1.6412
0.64844
-0.12922
-0.79467
-1.0331
-1.8973
-1.8465
-5.5504
-0.81032
3.5406
2.7387
-2.7205
-3.5107
-2.9267
1.9545
4.899
3.9387
0.40144
-2.709
-4.6612
-2.3384
-0.11165
1.3794
0.91952
0.21578
0.61621
0.41984
0.32129
0.6505
0.02947
0.88234
20.232
4.1047
-4.3255
5.5757
-13.441
-1.4314
-4.3848
-2.1955
-1.5893
1.527
0.63449
0.16419
-0.2429
-0.92747
-0.42487
-1.0064
-1.0519
0.54507
-3.9445
-2.9407
-0.091139
5.7568
5.9228
4.1983
-6.7674
-6.3351
-10.085
-1.5782
4.8793
7.7309
11.099
-2.3711
5.8956
-5.8834
4.3019
8.043
2.4381
3.9001
5.9381
3.1255
-0.46763
-0.40899
0.16798
4.6491
2.9165
2.5882
-27.202
-2.0648
-10.271
3.2676
3.3509
7.9203
6.2694
-1.4855
-2.3277
-1.2453
-1.8258
-1.4079
-3.0681
-1.1182
0.55968
0.51644
-1.0435
-1.6847
-2.8287
-2.0982
-3.6325
0.28518
3.3017
2.8552
-2.1728
-4.8024
-4.5228
1.2224
4.861
6.6539
0.58545
-2.8064
-4.8876
-2.7514
-1.0663
0.84426
0.92229
-0.33728
0.45682
0.77092
0.73512
0.42611
-0.29485
-1.2982e-05
0.14001
4.991
16.911
7.5482
0.0025594
-18.041
-3.4539
-3.3956
-2.6038
1.2528
1.9498
0.018805
0.14424
-0.8776
-0.050945
0.30619
-0.032422
-1.3776
-1.2665
-4.6199
-2.664
3.6954
7.387
10.346
-0.11392
-11.201
-4.9524
-10.344
-0.099698
10.005
4.8746
10.673
-2.3622
4.1513
0.078913
1.8614
5.3895
3.0858
11.055
1.6413
4.5419
2.8657
-5.241
1.212
3.9552
-0.79314
2.719
3.3086
-18.681
-4.886
-2.9463
7.7616
4.3095
7.8051
2.9886
-3.5714
-3.4258
-0.52754
-0.8275
-1.6728
-1.2721
0.4969
0.60564
-1.1131
-1.3441
-1.3025
-2.5834
-2.4426
-1.6329
2.665
0.45696
-1.3117
-3.8619
-4.7041
-1.9485
2.6592
4.9384
3.6166
-0.72776
-3.1347
-4.6877
-2.9687
-0.14273
0.30227
-0.30166
0.30209
0.37964
0.94011
1.0247
-0.31827
-0.76933
-0.57655
0.10628
0.44603
-1.4021
11.972
2.8621
7.8056
4.0139
-2.9948
-0.77094
-3.0917
-2.686
-0.40144
0.1203
-0.059716
-0.33798
0.074054
-0.14655
-0.094902
-1.1628
-2.2461
-1.6777
-2.4339
0.38939
7.0136
9.8631
0.12939
-3.5466
-2.9317
-5.2083
-2.1283
-0.26948
4.436
6.2132
5.3296
0.69773
-3.4296
-4.4582
12.116
1.6955
2.2704
7.7202
-2.7939
-0.83463
-6.1269
-10.12
-19.144
1.9255
0.77778
-1.7883
4.5451
7.0542
4.6031
0.01456
-2.4477
-1.9091
0.14616
-1.6479
-2.8584
-2.327
0.6327
1.0041
-0.8959
-2.5725
-3.1767
-1.1924
-0.53656
1.048
-1.2141
1.4231
-3.4458
-6.18
-4.1866
-0.13092
5.2866
5.2946
1.426
-2.8039
-5.0823
-3.789
-0.46758
1.0568
1.0626
0.20243
0.23093
0.54229
0.93092
0.89023
-0.28412
-0.96494
-0.050859
0.6667
-0.59498
2.3685
7.6693
2.2372
6.4258
-2.699
2.2987
-0.11291
-4.4888
-2.968
0.94896
0.35084
-0.098268
-0.44415
0.32984
1.2432
0.85665
-1.1778
0.82181
-0.97908
-3.9187
3.7121
5.8817
3.8293
-0.057862
-10.977
-17.878
-8.068
3.331
9.5679
5.9993
6.7088
-0.39935
4.2754
2.1974
-2.9702
6.2013
7.8967
6.5898
5.1661
2.0686
1.2887
-4.8685
-2.4381
-1.6853
2.8191
-7.2134
-5.4845
-2.5285
-3.9003
-7.5462
0.45555
4.0129
8.6044
5.9651
-0.22014
-2.975
-3.0885
-1.0235
-1.5251
-2.1492
-1.5426
0.84019
-0.27071
-2.0106
-1.066
-2.2367
-2.4592
2.3365
2.7878
0.90404
0.78807
-2.2641
-5.0491
-4.507
1.6052
6.4384
5.5992
0.53985
-4.7196
-6.037
-3.675
-0.075658
1.8758
1.1629
-0.14159
-0.20506
0.74005
1.0152
0.040492
-1.057
-1.0453
0.81366
0.63882
-0.43153
0.28917
4.8527
7.7902
5.1426
3.0493
-15.761
-1.8386
-5.0187
-0.62414
2.1888
2.6081
0.63087
-1.003
-0.69727
0.097517
0.093395
-0.71846
0.17726
-2.3825
-3.6978
-2.2484
3.3554
8.1543
-1.2048
-6.8343
-6.0093
-5.9544
1.0342
7.9162
10.626
8.1731
0.97405
3.8597
-4.6612
-4.9337
-0.57858
3.4091
4.821
9.9308
9.5004
1.2245
0.69985
-1.8015
-2.3711
-1.9828
-2.4338
-6.0243
0.79292
-4.3765
-5.5659
-6.08
7.5232
5.3896
5.1068
2.3726
-1.6804
-1.9381
-0.72646
-1.5194
-0.4606
-0.78073
-0.5455
0.26961
-1.0622
-1.3975
-0.19927
-2.5479
-1.5501
2.2975
0.84386
0.59714
-3.5274
-3.7783
-5.7441
-0.26317
3.5707
7.6869
1.5113
-2.2704
-5.0819
-3.4924
-0.67214
0.17806
0.23862
0.11878
0.76872
0.46882
0.91507
-0.09463
-0.92144
-0.47601
-0.3861
0.23349
0.18191
7.2426
13.566
-1.3346
4.5299
-2.8152
-20.522
4.8796
-2.2015
-0.51506
2.2751
1.0541
-0.088628
-0.67818
-0.64035
-0.28513
-0.63435
-0.9435
-1.547
-3.6548
-3.1044
-1.0713
5.2995
7.8985
-0.11073
2.9049
-16.094
-20.968
7.9258
4.6411
4.8559
8.54
1.0501
-0.88532
-1.9697
-6.3603
3.4528
7.1573
16.727
6.1369
1.1488
8.6925
0.3917
-1.1017
-1.7858
4.4678
1.0115
-16.135
-5.7531
-10.285
-5.9227
2.2503
4.5505
8.7849
5.5384
1.5445
-2.9061
-4.5422
-3.0288
-1.7241
-0.13243
-1.166
0.40356
0.32084
-1.6432
-1.3528
-1.7415
-1.4025
-0.15609
2.6971
0.85375
0.3568
-1.1895
-5.5365
-3.7539
0.90783
7.3051
5.0707
1.1134
-2.7484
-5.5995
-2.8559
0.30187
0.60792
0.3194
0.061049
0.29643
1.0287
0.54158
0.28264
-0.77695
-0.99657
0.11226
0.88907
-0.91977
2.9234
13.796
8.8484
4.6347
2.88
-13.73
-4.0011
-2.9349
-4.5217
1.5801
3.1388
0.78774
-0.44063
-1.0813
0.074001
-0.048191
-0.71122
-1.3883
-2.7395
-4.027
-3.3609
3.8294
6.9733
1.321
7.6302
-13.686
-16.342
-1.0351
4.6716
3.8379
7.7921
1.1171
1.3459
2.5285
1.4476
-3.1643
3.4639
12.313
7.6547
4.7927
3.0603
1.9928
-4.1391
-1.2856
2.1943
-7.8928
1.4266
-0.71971
6.2573
-13.475
-6.8567
3.3054
5.1241
8.7322
7.2739
0.47908
-1.826
-4.1493
-2.8835
-1.6759
-1.6385
-0.93502
-0.74856
-1.1449
-1.174
-3.5211
-4.7235
3.3015
2.4692
6.1405
-1.3866
-3.0816
-5.284
-2.1181
2.8309
6.7765
3.8452
0.9572
-4.0801
-5.8074
-2.2921
0.066185
1.2265
0.89465
0.13486
0.51414
0.67957
0.40996
-0.08806
-0.84461
-0.93371
0.5043
0.78117
2.1601
7.4869
14.086
4.9432
3.3476
-9.4767
-4.8643
-1.8893
-4.4132
-2.1617
1.9441
1.5877
1.0008
-0.35282
-0.75082
0.13402
-0.19785
-0.60562
-0.077281
-3.1096
-4.1898
-1.8832
0.57619
6.3183
1.5855
-0.080524
-5.0213
-9.3648
-3.7875
7.5434
9.3731
2.8809
-6.3167
-0.12109
-1.8153
1.8382
4.9014
7.5061
0.018665
3.9785
4.743
-0.86156
-0.50501
-2.7201
-1.0728
-14.16
10.252
0.011435
0.14863
-5.4675
-4.6003
-2.79
1.9764
4.2829
1.7607
-3.9727
-5.4535
-3.0021
2.5214
4.0939
2.9504
-0.81751
-1.6243
-0.18745
1.304
1.885
1.2134
0.63925
0.94996
1.0122
1.1061
0.60517
-0.18741
-0.21183
-0.54754
-0.50479
-0.5408
-0.20617
0.10758
0.37631
0.45246
1.0032
0.16841
-0.94831
-1.1019
-2.0624
-2.0575
-0.98511
-0.96955
0.22327
0.1905
-0.3499
-0.044016
-0.13824
-0.63179
-0.15258
-0.49027
-0.02126
0.27905
0.095949
0.17194
0.11154
0.33846
0.55968
0.75353
0.87291
1.0057
0.92658
0.79371
0.73848
0.36225
0.39162
0.10476
-0.097455
-0.19166
-0.41379
-0.35386
-0.37474
-0.41478
-0.35261
-0.44416
-0.44629
-0.42541
-0.38068
-0.25602
-0.24122
-0.059405
-0.033119
0.0076736
-0.013262
0.029221
0.055424
0.098495
0.10125
0.1337
0.13268
0.15898
0.087919
0.06466
0.096874
0.089242
-0.029966
-0.017378
-0.062512
-0.038359
-0.17455
-0.12076
-0.22631
-0.22487
-0.2619
-0.15747
-0.21463
-0.1158
-0.048492
0.034482
0.064005
0.111
0.13183
0.15299
0.26577
0.26468
0.2824
0.18643
0.16162
0.064708
-0.089365
-0.17777
-0.16147
-0.10445
-0.12123
-0.14172
-0.11815
-0.10015
-0.12099
-0.090643
-0.047009
-0.13822
-0.17383
-0.18918
-0.12455
-0.076967
-0.02985
-0.0028076
0.031624
0.16559
0.22986
0.059964
-0.031863
-0.021166
0.089437
-0.029355
0.26349
0.39472
0.71476
-0.026694
-0.010334
-0.47565
-0.76163
-0.57089
-0.41461
-0.456
-0.22149
-0.30379
-0.37502
-0.14418
-0.16126
-0.1266
-0.35919
-0.32674
-0.22319
0.038561
0.057143
-0.11973
-0.041963
0.074467
0.02529
0.35506
0.44564
0.23177
0.41936
0.11725
-0.03141
0.010919
0.038566
0.22943
-0.038473
-0.16854
-0.037794
0.022735
0.0098029
-0.063183
0.057215
0.078791
0.047279
-0.083611
0.055685
0.52569
0.35705
-0.049898
-0.3137
-0.59308
-0.62302
-0.38617
0.018202
0.0048831
0.37232
0.22163
0.33665
0.3787
0.40622
0.26481
0.33894
0.21239
0.075507
0.023657
0.13327
0.21011
0.36387
0.39749
0.21465
-0.029511
-0.16609
-0.18928
-0.18849
-0.11084
-0.0057757
-0.04196
-0.080091
-0.058641
-0.17306
-0.24087
-0.2492
-0.22548
-0.25554
-0.20667
-0.15624
-0.13497
-0.1359
-0.095115
-0.033747
0.084697
0.19434
0.19809
0.097127
0.099835
0.1377
0.54029
0.74413
0.51524
0.64839
0.31327
-0.33659
-0.61148
-0.53414
-0.30325
-0.33149
-0.40264
-0.47451
-0.39941
-0.20543
-0.11443
0.04044
0.089585
0.12546
0.24107
0.23786
0.15127
0.037486
-0.097304
-0.12933
-0.12811
-0.04947
0.0077966
0.039061
0.043138
0.024793
-0.024935
-0.0089409
0.082595
0.21522
0.30282
0.13881
-0.071684
-0.27892
-0.34361
-0.41011
-0.3481
-0.1767
-0.043257
-0.085744
-0.22236
-0.26728
-0.24613
-0.12646
0.025693
0.068489
0.10116
0.13607
0.13996
0.16261
0.23078
0.22176
0.23978
0.19219
0.11977
0.037841
0.0046373
-0.021136
-0.072016
-0.15287
-0.18006
-0.15623
-0.065991
-0.072317
-0.037038
-0.011173
-0.1019
-0.12956
-0.12336
-0.098671
-0.042765
0.030167
0.11936
0.050994
0.11802
0.059949
0.09744
0.12394
0.12214
0.089037
0.081623
0.060181
0.0022408
0.036005
-0.024656
-0.0042841
-0.093141
-0.17332
-0.22291
-0.25183
-0.2038
-0.19822
-0.15567
-0.069381
-0.036296
-0.042494
-0.025391
0.0053628
0.045023
0.060576
0.045731
0.089309
0.11178
0.108
0.10145
0.081935
0.018911
-0.024584
-0.077731
-0.10302
-0.13153
-0.1581
-0.1719
-0.14036
-0.23432
-0.097084
-0.092658
-0.066098
-0.092467
0.048564
0.01132
0.081628
0.15651
0.18212
0.10397
0.0081236
-0.082428
-0.032362
-0.0021001
0.082445
0.1122
0.016525
-0.15062
-0.0016527
0.090532
0.56634
-0.32929
0.025612
-0.27116
0.1704
-0.1471
-0.35671
-0.28922
-0.092652
-0.46996
-0.2927
0.011868
0.075067
0.10506
0.13108
0.91134
0.8815
1.3958
0.50789
0.56179
0.95288
-0.14806
0.28377
1.1633
-2.1503
-4.1493
-3.3036
7.897
5.6248
1.2334
-3.1258
-4.3357
-1.592
-2.1951
0.052449
-9.2936
5.0655
6.3436
-0.091404
2.0917
0.92049
4.9924
5.2774
-1.3061
-1.8191
2.8396
3.0638
8.1409
5.4497
5.712
6.9231
-3.289
0.28065
4.042
0.42797
-4.5179
-4.6264
-1.7203
-0.78026
-1.4133
-1.1045
-3.3506
-1.4411
-1.2048
-0.18887
-0.66777
-0.21698
-0.048634
-1.8824
1.3478
5.7792
4.3802
2.2017
-2.4292
-1.0029
-0.11831
0.56892
-3.2603
-3.8262
-2.8743
-0.46963
1.1363
0.36657
-1.7951
-2.2635
-0.98471
1.106
1.0436
0.96391
0.56945
0.44777
0.465
1.2461
6.1952
8.2878
7.3079
-4.4993
3.6844
-0.18654
-2.6966
-3.3347
-1.6943
0.57189
0.9278
3.6892
1.5539
-1.0015
-1.3872
-0.15897
-0.16082
2.4237
-5.0941
-3.3305
-0.14985
1.7425
7.8897
1.7813
1.483
-3.0018
1.8273
-6.9683
-1.8957
-1.7703
-5.5132
-7.9475
5.4319
6.326
-7.5341
0.45113
-1.1614
2.7512
-3.2456
-1.5528
-5.9826
0.394
2.4336
2.2364
-0.69447
-3.8518
-6.4171
-7.7743
-6.7964
-2.221
1.5731
3.2471
2.9968
2.2398
0.93229
1.248
-1.4826
-2.0333
-0.73886
0.50225
-3.2467
-3.0581
2.8731
2.4091
3.7762
2.951
5.1378
3.2713
4.3511
-0.02664
-1.6428
-3.9551
-5.5951
-5.2705
-4.996
-2.0624
-1.1086
0.0098824
0.12482
-0.66867
0.30593
0.9505
0.79742
0.076959
-0.2402
1.3172
1.2905
2.6234
0.65053
1.8669
2.8685
3.0911
2.4357
0.35521
-0.52135
-1.2855
-0.91956
-0.73935
-1.5501
-2.5378
-1.8141
2.6206
-7.073
6.6884
8.788
4.149
5.4431
-1.3661
3.0027
0.31905
-0.76901
-6.532
1.4821
-3.4266
2.6431
1.3396
-3.0044
-2.1055
-3.9577
5.6353
1.9847
3.4617
-0.30938
-3.0538
-3.4079
-9.164
-6.7044
-1.915
-0.88565
0.15695
-3.0057
2.8355
2.2738
2.4303
1.7442
1.7267
-0.97669
-2.946
2.9496
3.8783
3.7756
1.5795
2.3309
2.818
-0.25147
-3.0567
-3.4678
-0.623
1.9298
-0.99443
-3.3347
-3.7474
-1.4847
0.58723
-0.62405
-1.1341
-0.26542
0.23862
0.40485
0.70446
0.38747
-0.18736
-1.4834
-2.3007
2.8648
4.8268
4.5268
1.1319
-0.0086548
0.13997
-0.058954
0.046792
0.2688
-0.38773
-0.75448
-1.1234
-2.1173
-0.83865
-1.4675
2.9004
3.755
-0.59072
0.8696
3.8961
-4.4219
3.4405
2.7872
-5.5545
-2.0988
-5.6735
-4.8313
3.9794
1.0617
5.3565
2.3368
-1.0164
-5.4596
3.5314
4.9571
0.51393
-0.047463
-0.66823
-2.4295
-4.4377
-2.4301
-1.0937
-2.6055
-2.2486
0.55697
1.7576
2.9356
-1.0105
-0.19583
-1.8569
-1.3991
0.96529
1.3066
2.2015
-4.0163
-0.72468
7.3188
-1.2064
3.7336
5.2574
2.7349
0.73478
-2.7612
-5.1805
-0.20548
0.58531
0.18241
-3.6535
-3.8218
-2.6976
-0.3989
-0.043862
0.45938
-0.70829
-0.5645
0.074644
0.57861
0.33683
-0.41848
0.55616
-1.9998
4.191
3.7136
4.1829
1.719
-1.3527
1.1554
1.6399
1.3697
-0.31154
-1.9351
-2.8143
-0.58683
-4.8718
-2.9207
2.0216
6.3383
7.8639
1.1915
-3.3517
2.2166
-8.7648
2.7242
1.8118
-3.6614
-4.0231
-0.34372
-5.6174
-5.558
1.652
5.0498
8.0403
1.6262
0.53652
-0.085776
-1.9574
4.2453
-1.7573
5.6678
-2.7297
-1.4405
-2.9548
-2.738
-2.5503
-2.76
-0.47818
-0.13629
0.51765
1.3712
0.60477
0.8738
0.31871
0.68146
0.027641
-0.090418
-4.2031
-1.9453
0.30273
5.8999
1.1125
3.7922
2.1374
0.2516
-2.6054
-3.5014
-1.1272
2.3176
0.85454
-2.9187
-3.4157
-2.487
-0.60268
-0.22355
-0.39746
-0.43237
-0.69589
0.19679
-0.2103
-0.024336
0.15434
-0.33467
-0.86193
-1.5381
0.55754
1.1295
3.4654
2.1283
2.8756
2.6368
0.93063
0.56489
-0.49235
-0.41238
-0.53917
-0.48181
-0.88215
-0.68381
-0.75087
-1.0792
-2.0951
-0.8772
4.1526
6.6705
4.2242
-1.6605
-6.2875
0.60258
-2.8388
-0.38843
1.3249
2.5155
0.43877
-4.2447
-10.202
-9.1452
7.7236
0.44215
1.4308
-1.4829
7.5083
8.1472
4.956
-8.6687
-0.5119
0.11402
-1.5298
-1.7501
-1.7938
-0.72344
-1.6033
-2.5635
-5.408
-5.2515
-0.23347
4.0269
4.2758
1.59
-0.21709
-0.31949
0.91774
1.1116
1.6719
0.53162
-1.3556
0.64198
1.2249
2.4805
3.3043
3.1514
1.9712
-1.4232
-2.5093
-0.4281
1.0578
-0.63345
-2.8104
-1.9517
-0.43814
0.10543
-1.4411
-2.0012
-1.4154
-0.65766
-0.16609
0.79581
1.0173
0.46612
-0.79225
-1.7858
0.9904
4.9382
3.5802
3.4908
0.76712
-1.2637
-0.99683
0.40543
1.3983
0.436
-1.2126
-1.7086
-0.77584
-0.11714
-0.9211
-1.4117
1.6185
-0.50124
-1.5244
0.58474
4.6326
5.8836
1.9016
-2.1732
-3.7702
2.7315
-1.2081
1.7711
1.3178
-0.81718
-5.6067
-1.4271
1.23
1.6725
5.4259
-3.4677
-4.773
-3.2761
3.1328
-0.032448
-0.093634
4.0517
-2.4928
1.8404
0.96105
-1.4975
-3.1055
-6.0446
-5.1676
-1.7111
2.7625
2.4247
0.62365
-0.064758
-0.61163
0.04181
0.74122
0.92
0.55393
0.56194
-2.6339
-1.8277
1.7344
2.1106
3.913
4.4401
1.4248
-0.0024621
-4.0676
-2.8482
0.85298
0.1877
-2.0976
-3.4714
-2.0411
0.64073
0.23937
-0.75519
-1.7901
-0.23573
0.66767
0.605
0.30697
-0.083951
-1.8922
-0.3674
1.6099
6.441
1.215
2.9025
-0.0093952
-2.1892
1.5595
1.7584
1.5685
-0.64239
-0.70422
-0.68581
-0.49404
-1.3762
-1.7102
0.47284
-2.526
-1.4198
3.1386
5.0158
7.4768
-0.80627
-4.7927
-0.6016
-0.40372
1.971
2.6455
-3.9163
1.0287
-3.2667
-5.8964
-5.2815
2.0664
6.7898
8.137
-4.4422
2.4862
-2.633
1.2842
1.848
-3.1268
6.6707
2.0339
1.1195
-2.0984
-1.0749
-2.0563
-2.0545
-4.2274
-2.355
1.5759
1.384
0.81213
-1.5639
-0.74028
0.41188
0.89791
0.091255
0.78645
1.0155
-1.1952
-4.406
2.686
0.41218
3.4432
3.0569
2.9273
0.81386
-1.3686
-3.7614
-0.99193
0.93552
0.19713
-2.7747
-2.1055
-1.0174
-0.2179
-0.56993
-1.8863
-0.54212
0.30706
0.59457
0.33813
0.11632
0.24362
-1.7213
-0.33147
0.808
-0.54203
4.0592
1.5987
1.1002
2.4937
1.4819
0.52383
-2.1162
-2.9495
-1.0218
-0.47542
-0.69943
-1.4596
-1.3681
-2.8952
-1.4576
-0.10907
2.9305
6.9205
3.751
-1.1276
-4.8161
-1.304
-0.93808
-0.82536
-6.0508
3.5436
0.079593
-1.7154
-4.5313
3.9028
5.6132
0.087695
-0.55234
-2.347
1.179
3.5504
-0.24958
-2.3848
1.0202
2.5024
2.8277
-2.6797
-0.50536
-2.2205
-2.1451
-2.1013
-5.8297
-2.7526
1.0137
1.7175
1.8962
0.09834
0.96522
-0.24829
-0.6846
0.47858
1.7727
-0.12234
-5.1795
2.0769
0.7159
2.2569
3.8915
5.8156
2.4305
1.9011
-5.0632
-4.6447
-0.49168
1.2648
1.0726
-4.2397
-4.521
-0.95681
1.5714
1.3064
-0.22051
-1.1186
-0.69623
0.33494
-0.11505
-0.94795
-1.0221
-0.94576
0.0099799
0.36455
-0.6091
0.39296
1.6973
3.0093
1.289
3.6354
0.60171
-0.58315
-1.5031
-1.3285
-0.88718
-0.20111
-0.70794
-1.0696
-1.3495
-3.8887
-1.4262
1.6497
5.5683
6.1041
3.0437
-2.7971
-5.009
3.5277
5.1133
-3.0969
-3.5449
-0.49185
-3.8225
-1.4655
-5.1182
1.7005
0.60008
7.6294
0.24929
-1.1788
-0.52723
-4.27
0.24415
2.9203
3.1368
3.8726
6.142
-9.2476
5.5075
0.21591
-2.4574
-1.6481
-0.68481
-1.7645
-1.9867
-5.0886
-2.1767
0.86689
0.14693
0.15392
-0.89304
0.66184
0.59296
1.7556
1.9307
-0.062815
0.084336
-4.2171
3.6962
4.1854
0.82063
3.5381
6.0061
2.6045
-2.7949
-5.0638
-3.9469
-1.7994
-2.9375
-2.2453
-0.26358
2.0659
1.6945
-0.96171
-1.8162
0.36318
1.1975
0.18892
-0.72174
-1.6656
-0.84005
0.036342
0.60667
0.85769
-0.58416
-0.97855
1.8672
4.0267
1.9913
3.3146
1.1822
-1.4483
0.0082866
0.69957
0.40516
-0.95064
-1.8987
-0.62546
-0.77267
-0.085458
-0.84231
-2.0129
-3.6109
-0.8143
4.0639
6.9308
5.7869
4.5329
-9.5288
-1.1622
6.1239
3.8129
-1.9144
0.90928
-4.6534
-2.2319
-4.598
-4.5483
-0.90912
3.9884
3.9007
1.3967
1.7629
-3.5866
-4.1265
10.388
-6.3224
0.89751
6.6284
7.6493
-4.1675
2.3758
-1.9633
-2.4126
0.51074
-1.6929
-2.0816
-4.2024
-2.1286
0.72318
0.59749
0.10422
0.33218
0.41095
0.90948
-0.342
1.0344
0.67652
0.78499
-3.4127
1.567
3.1345
1.3203
4.4661
4.508
3.1157
-0.62641
-1.9644
-3.905
0.75407
0.87649
-1.2423
-3.0242
-3.1291
-0.41213
0.344
-0.47513
-1.5506
-0.87831
0.52202
0.68806
-0.090503
-1.1891
-0.80463
0.10308
0.50329
-0.099989
-0.90479
-1.4952
-3.813
0.76905
1.1244
2.4907
4.2882
4.0906
2.5607
0.8961
-0.18715
-1.4406
-2.1227
-1.2995
-1.4405
-0.10488
-3.3406
-1.7176
0.82839
5.9901
8.0913
1.8003
-1.7841
-3.3977
-1.1667
-1.0572
-3.0195
-1.1661
2.6326
5.1475
6.4777
-2.2173
2.1084
0.35311
3.9815
1.9511
-0.63
2.6633
1.9621
-0.085686
2.5181
1.0994
0.31182
-2.8769
-6.6277
-3.7415
-1.6796
-0.75152
-0.27079
0.67567
1.3425
1.4265
1.5228
1.487
0.64317
-0.94817
1.508
1.3639
5.0637
2.126
0.9154
2.6016
2.1429
-3.0018
-4.6115
-3.2183
-0.5898
-0.14794
-1.7609
-2.0777
-0.28404
1.4698
0.91477
-0.35838
-0.90006
-0.94774
-1.5725
-1.9746
1.1347
6.3917
3.002
3.1866
0.45862
0.29132
1.2793
1.7683
0.57964
-0.84784
-1.6131
-0.70779
-1.0092
-0.77023
-1.4305
-1.1944
-1.8119
-0.2081
3.155
6.7183
3.2675
0.14277
-1.4629
-0.46775
4.4874
5.6174
-4.6583
1.2717
-1.3407
-4.0212
-5.0907
-5.6068
0.82657
2.1375
2.972
0.51743
2.6771
-1.3025
-1.8435
2.4581
2.0696
-1.4151
-1.1408
-1.1216
-1.5186
4.015
-0.24314
-2.4123
-1.3183
-2.3881
-2.7433
-3.8683
-4.298
-0.11338
2.3915
3.1426
0.73867
0.41608
0.12809
-0.23539
0.84477
1.2939
2.0737
-0.00037136
-3.3744
3.7239
2.3145
2.9132
1.9365
4.2733
0.48204
-3.1432
-4.2709
-0.98982
2.4939
0.52679
-3.0771
-4.0475
-1.2629
1.01
0.37319
-2.2169
-1.2567
0.21986
0.89708
-0.36904
-0.96864
-0.79741
-0.032753
0.72769
0.83678
0.16053
-0.80193
-1.1012
1.602
6.6293
4.5264
1.8197
-0.1802
0.37827
1.4175
1.1311
0.51511
-0.78203
-1.2713
-1.042
-0.82704
-1.0498
-1.198
-1.0639
-1.501
-2.6435
-0.27391
4.9082
8.1483
4.2026
-3.77
-1.7904
-0.067752
4.6635
-0.646
3.8762
-3.9634
-1.4483
-6.4428
-4.5457
-5.0603
8.6283
0.25656
6.8152
-0.98499
-7.293
-1.5461
-6.6326
9.1509
3.6623
6.0865
6.7719
-3.292
1.1207
-1.708
-3.3052
-0.94551
1.1558
-2.0945
-2.2923
-5.3637
-2.3658
2.0216
2.1456
2.5538
-0.62114
-1.1902
-0.30826
1.1849
1.353
0.092928
0.0019654
-2.2964
1.8317
3.5699
0.030176
2.4742
3.736
2.5882
-1.56
-3.001
-1.5995
1.9618
1.4675
-1.7421
-3.7459
-2.9099
-0.90387
0.088879
-0.84811
-1.9285
-0.39325
0.75434
1.4097
-0.026807
-0.81572
-0.16106
0.76146
-0.076854
-0.73592
-2.1824
0.80993
3.7946
3.9425
3.7049
1.1982
0.35391
-0.3071
0.81718
1.2154
0.26147
-1.3248
-1.7636
-0.83097
-0.48723
-1.1462
-1.3795
-0.23838
-3.5515
-1.9775
2.1223
7.2009
5.3731
0.79304
-3.8923
0.083852
1.8822
5.0107
2.2534
-5.9985
3.7065
-6.4218
-7.9921
-5.6975
1.9692
4.5256
2.1222
2.9701
-1.3791
-0.49666
-1.0393
1.8297
0.65564
1.6183
1.3998
4.1423
-8.6648
-3.4231
1.5162
-3.0289
-0.83693
-1.9493
-1.9523
-4.1466
-3.7863
-0.13921
0.63295
2.5027
1.0291
-0.27388
1.6372
-0.11451
0.62049
1.3522
-0.37746
1.2634
-2.9563
3.1665
2.5929
0.080979
3.5847
2.9373
0.45069
-1.5493
-2.7888
-1.0193
1.9771
-0.26067
-2.3448
-2.5682
-1.7407
0.18888
-1.0123
-1.9729
-1.1341
0.80118
0.69951
-0.2765
-0.85594
-1.0186
-0.45016
0.12925
0.26235
0.047946
-0.86984
-0.26137
3.766
6.6677
0.22288
-0.61807
-1.5024
-1.8293
1.5647
2.4452
1.961
0.12157
-1.8823
-1.7615
-0.71874
-1.1232
-1.2175
0.23285
-2.6252
-2.3282
-0.78663
1.6802
6.2097
6.1503
-0.63433
-0.43055
0.63106
4.2274
4.2465
-1.4186
1.747
-1.4473
-6.795
-4.0632
-2.0751
1.7739
6.6852
3.9562
-4.3048
-2.6167
-5.366
-4.5952
2.1545
-3.3262
-2.2965
9.1953
-7.717
-2.4525
0.73599
-0.14795
-3.0024
-1.258
-2.4404
-3.343
-6.3599
-3.2256
2.7484
3.2124
2.0607
0.051635
0.24269
-0.52534
0.74091
0.072994
1.1896
-1.9214
1.8531
1.76
0.078005
2.1283
4.3675
2.4995
1.2565
-3.5634
-3.5872
1.1708
2.4764
-0.55075
-4.0773
-3.7394
-1.1474
0.89835
-0.95839
-2.2812
-0.92528
1.2012
1.051
-0.30009
-1.5084
-1.3453
0.071472
0.31388
0.77304
-0.54064
-1.2143
3.3018
4.9999
-0.82553
2.0361
-0.77701
-1.2813
0.67407
2.2768
1.53
0.52889
-0.62294
-1.8299
-0.93592
-0.71105
-1.0184
-1.2414
-0.36553
-3.0496
-2.3587
-0.94295
4.3391
7.6113
2.4749
-0.94735
0.13242
2.014
3.8716
-1.1971
-4.7827
0.45207
-3.9515
-6.1597
-1.156
-0.073965
6.4374
3.1052
-1.7514
-0.35008
-4.8982
1.952
0.31384
-0.31096
3.4707
1.8738
1.4708
7.5167
-4.131
0.43873
-0.78711
-1.777
-3.0114
-4.0035
-4.5209
-0.91938
2.7375
1.2556
-0.051514
-0.8562
0.38158
0.26859
0.63711
0.70529
0.28778
-0.17916
-4.2393
-0.96121
5.4598
2.0153
3.4506
4.6327
1.9466
-3.4574
-3.5222
-1.1816
2.8423
-0.091084
-2.7
-4.1955
-2.1162
0.42476
0.073054
-1.5117
-1.556
0.32032
1.514
-0.25646
-0.94909
-1.2904
-0.5202
-0.10619
0.37983
0.52498
-0.62524
-0.65986
1.0684
6.7243
2.4686
-1.0622
-0.34513
-0.49204
1.0204
1.6099
1.4263
-0.50169
-1.7582
-1.5182
-1.0617
-0.5295
-0.77142
-2.0456
0.6544
-3.9072
-1.7495
0.92553
4.2346
5.7007
1.8123
-2.1339
-5.3725
2.1092
5.1991
-2.318
-6.4926
6.3066
-7.2077
-8.134
-3.5826
-0.16397
2.3128
1.8817
5.9294
-1.2236
1.653
-0.012086
1.1726
2.9719
-0.0044973
-0.57289
-3.7286
1.0321
0.69141
-2.598
-3.2876
-2.7887
-1.9286
-3.3475
-4.4999
-2.8499
-0.95963
3.4243
1.3426
0.45749
-0.24648
-0.088679
0.72943
1.4721
0.82306
0.37702
-3.5056
-3.6856
1.0636
4.4675
4.5929
-0.21809
1.6584
-5.7576
-4.3798
-3.0582
1.2657
6.9163
4.8163
1.3708
-4.3496
-5.1103
-2.0399
2.1171
2.5904
0.21799
-1.7361
-1.4049
0.50988
1.2838
0.5357
-0.11991
0.026327
-0.81132
-2.8279
-2.3926
-5.2124
-0.16301
5.5347
2.9598
6.993
2.3735
3.271
1.1142
-0.094985
-2.0584
-1.3685
-0.3983
0.56027
0.5089
0.33892
-0.87616
-4.2948
-1.7216
-2.3451
0.38962
2.1653
0.75367
-3.2095
-7.6758
-15.719
-19.239
-1.5325
8.2314
6.3591
-3.5672
3.4293
-7.0089
0.66307
1.8116
-1.3674
4.3327
6.3467
5.2222
5.5462
2.2845
-0.81675
-2.0545
3.0448
2.9713
9.4117
1.8438
-5.922
-2.9593
3.1499
5.4704
1.7475
-3.6379
-2.24
1.7597
2.4478
0.28164
-1.7318
-1.077
-0.095368
0.23499
-0.4344
-0.81761
0.462
0.44239
-2.5624
-0.12026
7.5317
-5.9166
-8.1161
-4.4544
-8.9633
-6.024
-2.9771
3.6255
8.1142
5.8665
1.9483
-2.9166
-4.279
-1.6505
1.0388
1.5809
0.1335
-0.44349
3.2196
1.0773
0.70404
-0.71892
-1.4937
0.0078107
-0.54997
-0.79216
-3.6726
-4.8437
-4.844
3.1885
2.9268
4.0449
2.0569
2.2088
1.785
1.87
-0.27353
-1.4505
-0.34399
0.023434
-0.29971
-1.4289
-1.843
-1.1168
-2.066
-4.2184
-3.621
-0.48853
3.5606
4.4607
-0.14004
-19.193
-20.247
-18.083
3.6088
7.4575
6.0401
2.8754
-3.2397
-5.64
-1.7939
-0.23646
0.52115
3.4911
2.6941
0.32961
4.0332
3.98
3.8246
-3.8786
-0.93884
1.2359
0.78663
-2.8015
3.5276
-1.6519
-0.77198
4.7323
1.8086
1.2012
-3.3993
-1.7807
1.223
2.679
0.21704
-2.0205
-1.084
-0.56923
-0.5498
0.42109
0.18905
-0.52325
-6.223
-1.0209
2.478
-0.61556
-1.746
-1.8659
-4.2547
-3.289
1.3699
4.4739
3.433
1.4995
-1.7058
-0.63044
0.42332
-0.080477
-0.87297
-1.0074
0.12213
0.59979
-0.29603
-0.31705
0.30188
-0.32331
-0.16136
0.64652
-0.78639
-0.39849
8.2579
10.007
0.36307
-2.4712
-3.4433
-2.321
-4.763
-1.8815
-1.9552
-0.27144
0.31329
0.19237
0.47344
-0.4089
-0.54845
-0.77184
-0.5309
-0.25465
-0.40417
-0.86046
-0.70475
-0.67151
-0.60993
-0.27549
0.059203
0.2173
0.18777
0.012919
0.05866
-0.075955
0.16104
0.39922
0.46665
0.24862
0.074455
0.11056
0.18615
0.13205
0.32003
0.1419
0.23978
0.17276
0.11162
0.10831
0.018996
-0.050142
-0.2015
-0.028324
-0.33194
-0.54984
-0.85567
-1.1001
-0.85749
-0.70552
-0.18262
0.037216
0.53132
0.57589
0.52394
0.33111
0.33706
0.25283
0.099872
0.14139
0.20042
0.1788
0.15132
0.24984
0.14608
0.15764
-0.13331
-0.17271
-0.18364
-0.19137
-0.35249
-0.229
-0.16228
-0.27191
0.00766
0.10824
0.16008
-0.070097
-0.35676
-0.33233
-0.22008
-0.29071
0.035483
0.18838
0.21557
-0.029156
-0.085323
-0.25342
-0.16308
-0.12795
-0.088886
0.081194
0.15911
0.21453
0.24524
0.22802
0.074485
-0.0019153
-0.11561
-0.17412
-0.17005
-0.15914
-0.10551
-0.090864
-0.043251
-0.011042
-0.085863
-0.088335
-0.076561
-0.099616
-0.10833
-0.05399
-0.066966
0.054866
0.054716
0.0050545
0.029108
0.022474
-0.035141
-0.014178
0.0074139
-0.029623
-0.051462
-0.09325
-0.095565
-0.051708
-0.036723
0.020053
0.023057
0.0027463
-0.057336
-0.011914
-0.072244
-0.084054
-0.045363
-0.090169
-0.087218
-0.071286
-0.04396
-0.078603
0.028646
0.027889
-0.064851
0.023951
0.019737
0.057971
0.014848
0.04542
-0.027042
0.039458
-0.041291
0.094192
0.08123
0.059276
0.11388
0.10179
-0.0039448
-0.087276
-0.16843
-0.096992
-0.21656
-0.1334
-0.17192
-0.047616
-0.033234
-0.12047
-0.1055
-0.001347
0.081849
0.050671
0.16099
0.036669
0.0015756
-0.070526
-0.18904
-0.50789
-0.34637
-0.21332
0.070687
-0.39134
0.18034
0.28133
0.27973
0.15385
0.059881
-0.12571
-0.23424
-0.15852
-0.054011
-0.05487
0.021964
-0.02627
-0.18138
-0.27486
-0.034774
-0.081835
0.034988
0.07636
0.14674
0.058022
0.066619
0.031973
-0.016909
-0.04867
-0.031833
-0.051648
-0.049737
-0.0054166
0.021314
-0.028875
-0.042915
-0.071332
-0.098957
-0.11765
-0.10702
-0.10788
-0.10065
-0.08568
-0.082207
-0.051006
-0.0098875
0.025274
0.026625
0.022315
0.03558
0.0063992
-0.034475
-0.042273
-0.027733
0.0030248
0.0040992
0.0051564
0.039404
-0.010807
-0.051696
-0.091664
-0.072358
-0.054133
-0.039041
-0.06704
-0.042155
-0.034479
-0.050538
-0.041008
-0.091884
-0.086221
-0.17713
-0.10195
-0.10497
-0.092366
-0.01615
0.083845
0.03067
0.019287
-0.010018
-0.0083675
0.042704
0.054527
0.05454
0.047874
0.064507
0.026641
0.024485
0.01315
-0.0029984
-0.025827
-0.040968
-0.088495
-0.10081
-0.09874
-0.11548
-0.12939
-0.094242
-0.13524
-0.099019
-0.097893
-0.099104
-0.083485
-0.051013
-0.0012084
0.009375
0.072418
0.060567
0.078999
0.039884
0.14424
0.0088208
-0.022272
0.053939
-0.034172
-0.04781
-0.11909
-0.058555
-0.093842
-0.12808
-0.12658
-0.060926
-0.1125
-0.12869
-0.034389
-0.010197
-0.065096
-0.055303
-0.035326
0.064421
-0.050757
0.023181
-0.032163
-0.015499
-0.0015939
0.0023688
0.014352
-0.027719
-0.037178
0.017016
-0.0021048
-0.074666
-0.0086321
-0.063696
-0.022848
-0.09091
-0.0048281
-0.12081
-0.11584
-0.073331
-0.1003
-0.080148
-0.094117
-0.055975
-0.096031
-0.058575
-0.027262
-0.023272
0.019024
0.03938
0.023005
0.012937
0.037965
0.049235
0.020356
0.024675
0.016471
-0.029026
-0.07747
-0.12566
-0.12376
-0.13309
-0.16971
-0.15926
-0.17701
-0.14766
-0.044756
-0.017314
0.0099095
0.011897
0.052615
0.046434
0.050037
0.037299
0.029998
-0.029795
-0.072684
-0.092266
-0.091445
-0.012744
0.084415
-0.13902
-0.0019402
-0.057991
0.054432
0.024265
-0.036002
-0.089861
0.018337
-0.10478
-0.086742
-0.034589
-0.058626
-0.026673
-0.030995
0.0078955
-0.020912
0.044892
0.074115
-0.037135
0.030379
-0.083394
-0.055535
-0.11423
-0.11672
-0.089132
-0.071487
-0.022706
-0.058072
-0.067882
-0.025969
-0.041312
-0.029183
-0.049461
0.080789
-0.070511
-0.023238
-0.037729
0.051581
-0.001075
-0.039273
-0.047549
0.019814
-0.0063464
-0.022445
0.0082244
-0.054686
-0.10154
-0.072831
-0.060564
-0.06248
-0.073819
-0.063688
-0.088958
-0.08364
-0.069688
-0.035719
-0.0076265
0.013152
0.021511
0.091876
0.033297
0.025888
0.0067648
0.0048826
-0.016185
-0.032501
-0.019716
-0.080651
-0.052929
-0.085714
-0.10723
-0.14885
-0.13319
-0.10494
-0.073459
-0.055514
-0.021498
0.043294
0.0090349
0.025925
-0.056629
-0.077098
0.09553
-0.039581
0.046228
-0.019446
-0.035427
-0.094188
-0.11197
-0.10443
-0.066471
-0.074041
-0.039477
-0.037425
-0.048743
-0.056876
-0.032655
0.065328
0.080991
0.067913
-0.064261
0.16399
-0.11803
0.26042
0.025391
0.087627
0.064127
0.078252
-0.079509
-0.13899
-0.16976
-0.14751
0.036902
-0.19139
0.0021868
0.078756
0.010951
0.040335
-0.071625
0.049777
0.16755
0.21737
0.096028
0.052068
0.018867
1.4405
-0.80539
-1.5767
-0.85118
0.56777
0.41299
-0.25414
-2.3962
-3.9198
-1.8414
1.5456
3.0315
2.1684
-5.1602
-0.98777
1.2381
-1.2507
1.6752
1.9035
0.65072
0.49454
-0.30712
-0.50204
-0.557
0.16945
0.41312
-0.89317
-2.0567
-3.1279
-1.4268
1.3457
3.6027
3.1722
1.7729
0.93653
1.4712
1.3356
0.88561
0.16401
0.49291
0.81412
-2.356
-0.92652
-1.4948
0.52964
0.071808
-9.3426
-9.659
-0.53999
-0.40562
1.2537
6.3791
1.6296
13.674
-4.5701
5.2903
5.2605
0.40693
4.8069
3.128
1.1688
1.2768
-0.87448
-5.1131
-4.9971
-5.1717
-1.8946
3.4876
3.178
-2.2728
-4.7279
-2.3949
1.2144
1.8229
-0.45418
0.85296
0.75751
-0.24698
-3.7193
-3.0988
3.2718
2.094
1.5342
-3.0425
-5.7558
-4.4839
-0.8248
1.9491
1.2744
-0.88396
-2.336
-1.6545
0.66471
1.4027
1.7866
3.3536
2.244
1.968
1.7739
1.4391
0.28935
0.58298
-2.6686
-4.8629
-4.3234
1.5584
2.193
1.1565
0.39163
0.7956
1.4882
1.9247
-0.079852
-0.97227
-0.045768
0.18812
-0.51833
-2.1682
1.3993
0.64574
-2.2469
-4.6424
-13.227
-5.8937
-5.8713
-4.8273
6.8387
7.1183
-2.2029
12.911
13.413
6.3371
6.273
5.8821
8.1962
2.5336
-1.5599
-0.87048
4.2971
-5.2761
5.1937
-1.9864
-2.5469
-3.7965
-7.3377
-1.5103
-1.8804
-0.37744
-1.1733
-0.89584
-0.50848
-0.43502
-0.80152
-0.40029
0.44787
1.8049
-2.1099
0.7235
2.456
3.7647
0.71379
0.41365
-2.8402
-4.8731
-4.4115
0.95329
3.717
2.8244
0.95581
-0.88665
-1.7967
-1.5609
0.7711
1.0993
2.4469
0.97201
0.56562
0.52436
0.64928
0.97063
0.63513
0.68709
-1.8353
-2.807
-0.59611
7.0587
2.8441
1.6321
-2.3794
-2.979
-1.4117
0.13157
1.3961
1.1525
1.4297
0.57562
0.91673
0.62656
1.8054
2.7455
-3.9718
-5.0322
-11.563
-13.558
-4.8498
1.2993
4.8469
10.65
2.2413
-4.3102
7.4515
6.6926
0.080669
8.7083
0.75467
3.0589
3.7097
1.9807
4.1381
-21.474
9.9877
-3.1446
-3.5715
-9.6787
-0.64791
-1.0332
0.67048
-0.78913
-0.4485
0.65324
0.9871
0.37409
-0.16793
0.49492
1.1659
-0.84524
0.42698
2.0614
-0.47444
0.033452
-2.2432
-2.6681
-4.0857
-0.36771
1.6807
1.9061
0.32964
-0.98911
-0.32977
-0.65442
-0.12487
0.86741
1.5012
1.1382
1.256
1.7467
0.59688
-0.3518
-0.5563
-0.86336
-0.76339
-2.97
5.5824
5.2771
-0.59736
-1.7452
-3.2424
-1.0501
2.8177
1.8404
1.0058
0.93961
0.043292
-0.25645
-1.8856
-2.9516
0.97991
2.4856
3.7494
-5.964
-7.3011
-8.918
-13.464
-2.4502
1.1364
6.7537
14.493
0.052981
-2.3197
1.0721
8.6848
4.5578
11.22
5.8525
3.184
1.7047
1.9184
0.40441
6.7431
-10.674
5.5005
-0.22591
-4.0313
-8.3401
-2.9169
-2.4856
1.9405
-0.99625
-2.6203
-0.43527
1.3879
0.92912
0.10858
-0.52317
0.32653
1.166
-1.499
4.1259
-1.6132
1.32
-0.27301
-3.6626
-3.87
-1.7499
1.688
1.4154
-0.66875
-1.6742
-1.2506
0.47262
1.0693
1.2784
0.88406
0.56926
1.4559
1.2597
0.66284
-0.23593
0.40995
0.87469
0.6225
-2.5813
0.12367
4.2486
2.3999
0.33007
-3.7239
-3.9325
1.0947
4.4529
4.3031
2.8572
1.1187
-0.7982
-2.1212
-2.872
-2.2531
-2.8188
3.2006
2.5689
-5.9811
-7.0842
-20.092
-8.9733
1.5557
2.477
17.417
6.2103
4.4394
-6.5562
14.285
3.19
7.7167
3.8488
-0.81262
1.8691
0.073809
3.823
-3.6828
0.38933
-5.9772
2.7631
-8.466
-6.4878
-5.9756
0.45091
0.54696
-0.77845
-0.90024
0.19903
0.51587
0.43165
-0.053356
0.23525
0.38053
-2.3019
0.47095
3.0745
-0.33396
0.24744
-1.6912
-3.659
-4.3381
-2.155
1.6917
3.0923
2.6004
1.1032
0.82659
0.56357
0.36015
1.051
0.09982
1.2964
0.5361
0.99975
0.0069339
-1.302
-0.48461
-0.013262
-1.6532
-2.9288
-0.47699
11.751
-1.3228
-0.41101
-2.3261
-2.9044
-2.5875
0.75312
2.1457
1.3481
0.20478
-0.93809
-3.1404
-0.61499
2.6906
5.2863
4.9849
-6.9124
-11.078
-14.959
7.6992
-3.0663
5.734
6.2933
18.099
4.5472
16.915
4.8735
2.9959
5.2997
0.47919
1.8481
6.493
-1.2257
4.3188
-9.3902
4.4868
-1.0273
-2.9827
-5.6001
-5.391
-2.4745
-1.6635
-0.38058
0.4596
1.4231
0.71355
-0.48287
-0.9817
0.62639
0.85614
-3.2226
-2.0376
0.52191
-2.1094
-2.2689
0.44263
3.3004
1.5629
-0.5819
-1.8157
-1.4617
-0.7094
-0.32499
0.92541
2.2452
2.0535
1.334
0.72193
0.51753
0.67194
0.8054
-1.0557
-2.4066
-1.9535
7.4076
-1.0134
0.28723
-2.2951
-4.908
-0.24281
3.6361
4.1379
1.5154
-0.41434
-1.4045
-0.78404
0.246
0.85519
2.6505
2.9487
0.874
-5.5852
-9.0459
-17.354
-10.966
0.39415
6.1482
8.1682
4.9325
-8.3707
6.8497
1.5508
-1.2258
-0.81283
12.776
3.7052
0.87431
5.264
-12.86
-12.498
-8.4975
0.43965
-7.2298
-2.8121
0.25796
-2.5083
-0.5815
-1.5434
-0.49974
0.82316
1.0755
0.10036
-0.17013
-0.60303
-0.13683
-1.849
-2.3665
-0.88613
4.1401
0.59321
0.69114
-2.213
-4.8707
-4.1347
-1.0169
2.8411
1.4328
0.19317
-0.82295
-0.9175
0.28683
1.5378
2.1849
1.8323
1.3934
0.54439
0.070149
0.15662
-0.15127
-0.48841
-1.3804
-4.2754
-4.0393
6.5368
-0.43429
2.2991
-0.37065
-0.072359
0.084301
-1.6017
-1.1001
0.13862
1.2701
-0.37862
-0.84121
1.0751
-1.2321
-1.0358
-1.1602
0.1195
2.5927
-3.0911
-15.495
-17
5.392
-1.6049
3.6004
6.2281
10.698
-1.3753
-2.9679
15.188
2.2201
2.6076
1.8268
-0.29168
-0.20311
-5.8244
-8.7694
-0.72331
0.48397
-2.1891
-0.19964
-1.6941
-1.7588
0.93696
0.70489
0.43173
-0.27741
-0.13591
0.21445
-0.013948
-2.5291
0.53411
4.3385
0.5168
0.35618
-3.4711
-4.7273
-0.64168
1.5158
1.0632
-1.073
-2.5864
-2.3558
-0.24363
0.39301
0.76979
0.32976
1.1341
1.5085
2.0602
1.001
1.0378
1.1696
2.1589
-0.14184
-1.1174
-0.95736
-0.25118
-3.8639
-5.1931
7.109
8.4445
-1.1631
-3.0044
-3.967
-0.26707
3.3526
3.6607
1.2066
-0.16533
-0.89736
-0.33971
0.087
-0.97666
0.61278
-1.9291
-3.2502
-0.61982
1.5557
3.9502
-0.7294
-4.4744
-8.2859
-14.741
5.4592
-2.0289
-0.11381
9.2454
9.0454
5.033
-3.0174
-0.5357
8.3944
8.9217
4.2145
-2.8023
5.9734
3.8603
6.4176
1.6928
1.345
1.8105
-2.0539
6.1257
4.6422
-9.8834
-4.0912
-5.9579
-2.0175
-2.3129
-0.3709
-0.63757
-1.0417
0.3165
1.1804
0.48698
0.051343
0.23244
0.017641
0.089069
0.32275
0.20656
0.62285
-0.19385
-2.4388
-0.41205
4.1568
0.51183
-1.2648
-3.0258
-5.0775
-2.1352
0.71038
1.8196
1.8173
-1.2121
-1.5749
-1.2594
0.34755
1.2109
0.39657
-0.059602
0.74578
1.4231
1.5219
1.1153
1.3324
1.1007
1.5548
-0.93182
-0.83744
-0.54283
-1.7224
-3.6916
-3.6574
7.2133
2.7368
0.45052
-2.6022
0.53659
2.0268
1.1041
-0.4222
-0.99922
0.068622
0.45525
-0.14902
-0.43021
0.52377
-0.92015
-2.9012
-1.5578
2.8433
3.7859
-2.5434
-8.7531
-9.7717
-15.735
1.7097
3.1445
7.2943
9.1624
4.1593
4.5348
8.1077
2.0422
10.971
7.2314
-8.7538
16.824
6.0905
6.9616
0.93997
2.7586
-2.6335
3.2126
7.5812
8.3564
-8.9153
-6.2257
-2.5925
-3.9771
1.9379
-3.201
1.1616
-0.72107
-1.1074
1.3142
0.77857
-0.19802
0.10813
-0.4028
-0.22611
-0.27817
-0.25192
0.25997
1.5928
-2.0557
-0.40233
1.9153
0.69249
0.07255
-2.5746
-5.1819
-4.994
0.71208
2.7224
2.3855
-0.68534
-0.98354
-0.74862
-0.19176
0.43879
1.1423
1.468
1.1665
1.3721
0.59799
1.5253
-0.52758
-0.1476
-0.89402
-0.37296
0.74484
0.4599
-1.4992
-3.5318
1.0237
5.6912
0.77361
-2.7565
-3.8753
-1.1678
4.2986
4.7588
1.0873
-1.3637
-0.84303
0.084809
-0.15819
0.28892
0.23587
-3.4826
-3.0386
0.96257
3.2302
3.243
-2.3432
-8.0245
-15.893
-4.3414
6.5493
-2.7256
16.319
-5.1341
0.28883
9.6858
3.9934
6.5888
15.632
-1.8206
-0.55891
-0.29858
-0.66091
8.3794
-2.1652
1.858
-3.0923
4.5851
-10.36
-3.2503
-8.6555
-2.7127
-5.5593
-2.8737
-0.90406
-0.724
-0.71649
-0.19942
0.65193
1.1226
0.29523
-0.012517
-0.20975
0.30596
0.97826
-1.1082
-1.9968
-1.464
-4.0432
-2.1091
0.30812
2.2976
0.093453
-1.1818
-1.6846
-0.99201
-0.13209
0.54022
1.1786
1.2261
0.90297
1.1329
0.75279
0.52717
0.76416
0.88097
-1.0166
-4.201
-2.6751
7.3072
4.3292
-0.94684
-3.9366
-2.3457
2.3994
4.7033
2.1316
-0.27423
-1.4187
-0.21717
-2.3145
-2.9146
-0.78187
1.25
7.0555
-0.24784
-7.6592
-12.946
-15.237
10.987
-3.5534
8.273
-0.11259
4.4554
14.071
-5.7761
-2.8891
2.7613
-0.23286
6.2205
0.21173
3.3941
0.58286
-2.0788
-13.916
6.4421
-6.4843
-8.9099
-5.7765
-3.7312
-2.0794
-0.65154
-0.17373
0.33357
0.80844
0.79725
-0.31146
-0.2311
0.94965
0.60883
-0.53971
-1.8345
-0.027823
-1.525
-0.19271
0.051835
-0.050528
-0.31814
-1.9585
-2.0974
-1.6451
-0.36978
1.1093
0.96863
1.6014
1.1168
1.2827
0.87145
0.72926
0.97739
-0.0060779
-0.20783
-1.4786
-0.50459
0.20764
-1.8513
-2.4549
-2.4911
7.8267
2.4137
-2.1593
-4.3746
-1.9023
2.4637
3.7931
0.8122
-0.73569
-0.3672
0.75375
0.49785
-0.49424
-0.473
0.32209
-1.671
-0.81117
0.39222
3.0805
-1.7167
-6.4917
-7.5311
-8.4554
0.5092
2.6034
-0.35739
7.8983
-5.1378
2.02
10.971
11.359
-0.1989
4.5354
2.6283
5.6
6.8068
2.9154
2.7418
-3.0395
6.3828
-1.491
-15.273
8.833
-4.8513
-12.345
-8.4875
-6.8092
4.2209
-2.0023
-2.3771
-1.8808
-2.1963
0.72317
0.1523
-0.12397
0.017558
0.3463
0.30622
0.20057
0.38111
-0.44878
-0.43508
-2.0621
0.97677
1.3861
-0.20358
-3.1188
-6.0117
-4.9625
0.51773
4.2728
3.972
0.96171
-1.3537
-3.1415
-1.4369
0.07003
0.70291
0.83139
2.3341
1.7856
1.0546
0.18651
-0.30842
0.46669
-1.373
-0.42571
0.30226
0.8762
-0.14358
-3.4792
-0.63706
2.1817
4.6069
0.06497
-1.7244
-4.8263
-1.7018
1.9947
3.6502
2.1975
-0.058943
-1.1479
0.6063
0.45198
-0.90723
-1.5621
-1.4302
-3.2064
0.76561
4.4604
5.3105
2.069
-10.017
-9.3355
-13.22
-7.5433
1.3701
-1.9128
6.6087
12.628
-4.8627
-3.177
4.3577
12.132
-1.1249
-3.1496
7.8789
6.1341
7.0701
2.6619
2.3544
-0.29811
4.29
-1.52
-14.509
-14.502
-4.3654
-11.451
-5.9129
0.11099
2.687
0.21596
-3.0361
-3.0702
-0.27549
0.81447
0.1956
-0.33048
0.54502
0.92672
0.30223
-0.779
-1.17
0.58553
0.68566
-2.1399
3.7854
0.8191
-0.6855
-2.9627
-5.0793
-5.9968
-1.9106
1.8528
3.3232
1.5525
-0.1189
-0.93
-1.8005
-1.2987
0.050648
1.0337
1.959
1.8784
1.8232
1.1325
0.6456
0.41407
-0.31479
-0.71074
-0.8895
-0.31489
1.1353
-0.28786
-6.9971
-5.7362
2.8518
2.5719
0.96716
-2.8166
-3.6012
0.03443
3.3323
3.1477
0.43601
-1.2301
-0.43686
0.85091
0.58325
-0.5004
-1.0508
-0.72387
-0.3854
-0.54059
1.1858
1.1825
-1.2108
-8.7713
-19.664
-1.9936
-2.3497
0.12981
10.353
6.2091
4.364
-2.6798
-3.7393
15.589
-3.11
-3.5053
2.8489
2.1589
9.4531
2.2984
1.9433
-0.78692
0.012219
7.2846
7.751
-8.6664
4.7019
0.9549
-10.861
-1.2162
-0.99257
0.96305
-1.2485
-2.5756
-0.89986
0.69619
0.84427
-0.1975
-0.6908
0.74781
0.775
-0.86876
-1.5702
-0.30101
-1.8749
2.3869
-1.7237
-0.17588
2.2573
0.87147
-2.7855
-4.8656
-3.9975
-0.99994
1.4969
1.0381
1.0665
-0.39243
-1.1571
-1.016
0.14056
0.60216
0.42198
1.2132
1.5994
1.6572
1.1928
0.97456
1.8848
0.44712
-0.82003
-1.1638
-0.8971
-0.86588
-0.72035
-4.0864
1.323
4.0418
2.9265
-1.2576
-4.669
-1.6872
1.8451
3.8237
1.9963
-0.48121
-1.6393
-0.75593
0.39246
0.084833
-0.54008
-1.2618
-1.8901
-1.4192
3.2155
4.3751
-3.3688
-3.2921
-8.3293
-18.016
-5.4053
-3.4966
11.192
9.6097
-0.955
6.8047
-2.6455
4.7989
12.138
-5.3152
10.66
-0.96676
8.1282
3.3612
1.8614
0.92843
1.3815
1.0152
-2.8573
2.8277
-4.3709
2.0053
-4.5889
-6.9415
-1.679
-1.9593
0.18681
-0.80357
-1.3075
-0.088415
0.98738
0.5333
-0.30947
0.07517
-0.3645
-0.60938
-0.82245
-0.00017784
0.9147
-0.49353
1.1833
-0.85564
-0.20851
-0.23427
-1.9633
-3.6952
-3.2989
0.94735
1.8128
3.0194
-0.15251
-0.75187
-1.4883
-0.642
0.33333
0.85225
0.55387
1.4037
1.1156
1.8968
1.4172
0.7902
0.82927
-0.083293
-0.69689
-0.95556
-0.21013
-1.2957
-3.3059
-0.62775
8.8855
-0.13719
1.7115
-2.7963
-4.5717
-0.54357
2.6682
3.7858
1.1836
-1.9476
-2.7528
-0.76713
1.0585
0.97548
-0.085373
-0.98841
-1.3047
-0.33923
1.3383
2.2872
-3.1362
-1.5342
-8.3774
-15.727
-10.483
1.7201
5.0543
12.49
7.642
-3.4335
13.037
3.0646
4.6142
16.076
-0.63277
14.655
-0.36008
3.3374
1.7042
3.0866
0.77812
0.29664
7.2394
-13.15
8.8825
-3.5408
-4.2604
-6.7615
-2.1121
-2.1996
-1.1377
-1.0852
-0.85357
1.4843
0.95965
-0.047621
-0.85232
-0.65801
-0.31244
-0.54868
-0.64133
-0.139
0.84687
0.52614
-1.2797
3.1659
0.021039
1.2782
-0.94239
-4.0342
-4.6087
-1.246
0.71902
2.4265
1.0249
-0.51709
-0.83151
0.052665
0.79968
0.35665
0.82869
0.5457
1.2408
1.4507
0.71864
2.1086
1.5291
-0.4589
-1.3513
-0.46388
-0.42077
-1.9303
-2.6681
3.0016
4.3692
2.6062
-0.55717
-4.2382
-2.4568
1.3016
3.4386
2.1277
-0.3595
-1.709
-0.6847
0.60636
0.36658
-0.32824
0.2574
-1.1758
-1.0448
-1.2539
1.8147
-1.0843
-0.3677
-6.9865
-14.966
-9.161
-2.218
13.119
7.5502
5.8053
4.2296
5.1838
5.0945
-1.3806
10.345
-9.4268
14.367
4.3922
1.0852
3.1004
0.64808
2.0584
-1.4762
7.7635
-9.1469
4.8174
-4.9571
-1.5704
-7.0113
-5.0883
-3.1707
0.32505
0.4083
-0.79152
-0.19336
0.11262
0.50543
-0.81139
-0.7405
-0.21214
-0.40059
-0.37854
-0.40328
0.41901
1.3265
-1.5049
3.4958
0.37142
1.7695
0.007923
-3.2058
-5.1254
-4.0502
-0.80301
2.5398
1.8173
0.065186
-1.5078
-1.2774
-0.44042
0.78367
0.76443
1.1012
1.0342
1.5419
0.96919
1.2739
1.6736
0.013767
-0.55249
-0.77023
0.1355
0.45075
-0.877
-3.1221
-2.5044
5.5903
2.6073
2.5327
-2.3815
-4.6542
-0.91958
2.153
2.8648
0.79487
-1.5233
-1.4511
-0.11137
1.2072
0.91054
0.69835
-2.6868
-1.8311
0.27528
2.7402
-0.64271
-2.9029
-12.778
-13.24
-2.6361
9.9191
4.0405
4.1756
6.2868
4.6343
8.4713
-1.1062
7.8642
-9.4419
7.1388
12.672
-0.37335
7.8592
-0.4687
2.332
-0.99007
3.2105
4.8038
-8.3714
-2.8637
-2.4373
-1.8255
-6.3861
-5.7944
-2.9803
-2.3544
0.030107
0.26821
-0.39941
-0.33227
0.15142
-0.042279
-0.34219
0.14962
-0.28496
-0.057485
0.056575
1.3909
-2.1867
0.21056
1.4501
-0.34441
0.93376
-0.60032
-2.5787
-5.7063
-3.2702
0.32404
2.87
2.0418
-0.80268
-1.0613
-1.8034
-0.045181
0.73304
1.4685
1.4046
1.5107
1.3618
1.2548
0.92772
-0.35805
0.10029
-0.48664
-0.55238
-0.067541
0.16522
-1.065
-5.9895
3.0995
0.22462
3.4903
1.3758
-3.2681
-2.4301
1.2735
3.0979
2.8375
-0.29401
-1.4855
-0.83157
0.3887
0.49428
0.8516
-0.68341
-1.2094
-2.4419
-0.51152
7.5052
-1.4731
-2.5484
-9.0997
-15.819
-8.3416
-0.9178
7.1165
15.889
-2.0518
9.6664
-2.2395
6.3161
-2.5605
2.4891
-5.0735
18.221
2.2345
10.471
0.6449
0.40125
-0.31292
-1.0553
6.1459
-10.657
-2.962
-1.1233
-0.97772
-6.1692
-6.5529
-4.0021
-1.0954
1.0493
-0.96969
-1.2059
-0.2416
0.65778
-0.056849
0.43047
0.081348
-0.081251
0.11548
0.078049
0.44394
-1.5691
0.31938
1.3786
-0.069402
0.40704
0.4976
-2.0542
-4.3474
-4.4192
-1.3873
1.4194
1.4624
1.0086
-0.02607
-0.65282
-0.84812
-0.10143
0.84961
1.2214
0.77247
0.96747
1.0661
1.1249
-0.11606
1.4481
0.84183
-0.28422
-1.1355
-1.4075
-0.80645
-3.8414
0.82229
4.6968
-0.1246
2.5095
-2.3939
-4.7727
-1.732
2.9652
4.4766
2.2447
-0.90401
-2.0358
-0.68263
0.80315
0.69905
-1.1372
-1.2645
-0.17366
-0.78756
1.5353
-2.8274
-3.6377
-2.9513
-17.035
-12.145
1.3558
4.6973
5.6816
7.7411
0.86899
5.8472
3.63
6.0566
-2.036
17.221
6.5467
5.0522
2.8479
4.3136
3.3322
-0.82158
-0.26116
-7.6005
-7.7128
-6.4549
4.7212
2.013
-10.437
2.3961
-1.9542
2.1664
1.2624
-1.8134
-3.6721
-2.0813
0.1542
1.0636
0.27612
-0.44968
-0.18453
-0.091256
-0.76324
-0.82701
-2.7518
-1.5284
2.3032
3.2236
0.52046
-1.1585
-2.9192
-3.8513
-1.8039
0.89082
3.8707
2.4577
0.6439
-1.5004
-2.1409
-1.0841
-0.19056
0.84268
0.54734
0.69282
1.1449
1.1288
2.1103
2.0634
-0.83246
0.70668
0.22897
-0.087878
0.099184
0.10454
-3.3318
-2.6326
-0.88354
0.40079
0.73745
-2.4377
-3.6419
-0.89917
2.3928
3.1973
1.4914
-0.010205
-0.4872
-0.077573
0.50514
0.32773
-0.7743
0.36648
-0.7652
-3.0226
0.66451
7.345
-2.9222
-5.569
-6.9813
-11.529
6.5345
3.3288
4.9547
5.3716
1.3972
5.167
-2.5114
-1.9166
6.5171
9.8564
5.7749
5.9923
6.258
3.0448
5.3166
2.4026
0.54502
1.2483
5.7037
5.7758
-9.2329
0.53553
-0.14888
10.981
-8.7589
-2.964
0.741
2.1591
-3.8634
-1.3247
0.21426
0.91379
0.63996
-0.20363
-0.18975
-0.85667
-0.84587
-0.48217
-1.4247
-2.7053
0.66657
1.5801
1.7048
0.45912
-1.9653
-2.6433
-1.6162
-1.4236
-0.45415
-0.94391
-0.36409
-0.34025
0.14868
0.53336
0.17125
0.56482
0.16378
1.4515
-0.38217
2.1082
0.70708
1.5183
-0.90753
2.1332
-0.33472
-0.52956
-1.1244
-1.1605
0.34083
-1.7187
-2.4947
1.8831
0.6676
-1.451
0.39535
2.3247
1.0525
-0.62958
-1.9503
0.25346
1.425
1.8352
0.053722
0.60361
-0.55403
-2.9504
-3.3607
-1.9147
-1.7449
13.065
-0.22828
-15.396
-5.2931
-8.3759
-7.72
3.4058
0.46009
2.6928
4.7895
4.0404
3.2471
6.4543
-8.1877
12.513
2.5645
-1.5962
7.6429
2.5674
4.3976
0.22054
1.8902
8.0005
-3.5501
5.6108
5.4508
-14.454
6.7252
0.11241
-2.8798
-3.3328
-8.4977
-4.4921
5.0948
-6.6814
-1.4619
2.0845
3.5213
2.2379
2.2391
2.5993
1.9109
1.6162
-5.7299
-4.6399
0.75261
-0.067962
0.71499
1.2753
0.76016
0.71735
-0.76059
-0.70678
-1.5227
-0.62871
0.19182
-1.1399
0.82328
-1.2948
-0.59348
0.37637
0.10154
0.6621
-1.2177
2.3234
1.0471
-0.54524
-0.20872
-1.4245
0.1253
-1.6339
1.1832
-0.063987
-3.7813
6.0165
-0.10167
-0.067843
-1.504
-2.1127
0.17618
0.93977
0.64217
0.20352
-1.2793
0.207
-0.48216
1.1349
-1.2186
0.093225
2.3239
0.46409
2.7333
5.2277
-5.7641
3.6251
4.9865
-2.6241
6.3057
-1.5066
4.4512
-2.7775
7.9134
0.86146
-4.7394
2.0067
1.4229
6.2062
7.0408
-8.0906
0.16385
2.1221
0.96874
2.6361
3.5745
2.6309
5.9955
-10.023
5.5325
-7.2444
1.2196
-4.6714
6.7512
14.647
0.43514
1.8273
1.1363
4.5479
5.2173
3.5709
3.5053
4.8226
5.1899
1.372
3.8929
-0.43649
3.8058
-0.06598
-3.1032
-0.27832
-9.8293
-5.3644
-3.5681
-12.388
11.349
-0.38636
-0.6055
3.9
5.3523
3.0632
2.4933
1.0832
-1.5505
-2.5739
0.41422
-2.7683
-5.0544
2.5027
1.0452
-0.88128
-0.24431
0.88352
-0.61869
-0.79746
-1.1658
-3.3333
-1.9614
0.19104
-4.572
-5.7844
7.4649
0.61174
-6.0326
-0.70437
-1.7402
-0.12175
-1.3207
-1.4074
-0.53817
-2.4172
-2.9466
-0.24997
-0.62513
-1.0975
-3.4331
-2.3308
1.4309
-9.3002
5.4143
5.2729
0.19505
2.6499
2.4851
0.40714
-17.58
-4.4017
-6.4315
-7.1961
-2.5643
-5.4622
-0.50043
32.676
8.3047
-11.794
6.9331
11.34
3.0349
-4.0441
-2.0755
6.7883
15.342
13.364
17.182
4.4084
-11.664
-7.3208
-7.3793
5.5591
-10.023
-8.2865
-0.49427
-2.1594
1.7479
-2.1672
0.75386
4.8964
0.69632
1.4608
1.2197
0.86284
0.32429
-0.69964
5.2544
-0.56936
-14.106
1.4016
-0.57214
-5.6581
-0.89716
12.488
-0.65644
-4.2485
2.4751
2.8397
1.9327
3.6984
0.86963
-3.7127
-7.1333
-5.7047
-2.8662
2.8819
2.2062
1.1208
-1.6294
0.51581
0.19021
-0.74822
-0.37521
0.044978
-1.8435
0.38274
-0.31041
-2.5715
2.5823
-1.4873
-0.32585
-6.1328
1.8711
1.1424
0.6424
0.36527
1.1613
0.87912
0.42402
-0.71048
-0.25197
0.03937
0.36251
0.43732
-1.1421
2.74
5.552
19.593
-1.9281
-11.129
-14.363
3.7975
-2.2234
-1.5198
9.3443
10.032
7.775
5.8596
9.5359
-6.7471
7.5926
1.4418
1.522
2.0239
6.1265
2.3888
0.74356
1.4742
9.9923
-12.609
0.12796
13.846
-3.3367
-12.037
7.7815
4.3659
-4.3261
-0.86317
2.1535
3.1083
6.9323
-0.19929
3.433
3.7609
1.928
3.8918
-0.53733
1.8516
2.3742
2.6792
-0.98187
-4.4418
1.2833
-1.5905
-3.6281
3.3724
5.2338
-2.1049
-1.9783
-3.515
3.4463
-2.986
-0.71027
-1.3101
-2.7384
-4.439
-5.1498
-1.8684
0.85158
0.91815
1.2708
-1.268
-0.77606
0.27846
2.3084
-2.4434
0.64893
-0.67828
0.39088
1.5771
-0.68327
-0.43979
-2.0106
-1.796
-2.3625
-0.25567
-1.275
2.5987
1.2789
-0.046264
-2.6029
2.1583
-0.49657
-0.098422
0.87331
-0.19834
1.5479
-0.44862
-3.4701
-1.466
2.6392
5.935
8.0996
-1.2888
-10.868
-9.0591
-3.3945
-9.5305
1.8991
9.6681
7.3229
5.2277
2.7347
3.4251
4.3538
4.1548
2.417
3.2588
4.7934
6.478
3.8675
-4.8569
-5.8746
-0.23618
3.6749
-4.9213
-13.842
-13.857
8.5496
3.4312
-2.6499
-3.8948
-4.9165
0.54216
-0.15549
12.327
0.26192
1.0772
1.6656
5.1267
-2.5327
0.6493
0.074721
-2.4014
-0.068062
-1.6447
-0.32806
-0.22139
-1.044
-1.213
-2.6279
-3.8959
-4.028
-1.8331
1.7585
3.6537
2.2293
-0.22748
-1.4423
-1.8135
-1.7238
-1.3151
-0.68244
-0.17898
-0.51996
-0.24492
-0.41859
-0.49365
-0.036088
0.82214
1.3669
1.1624
1.3019
2.3092
3.5777
2.9429
2.837
2.7346
2.9589
-0.045125
0.59182
-0.72607
-1.3629
-1.0619
-1.6472
-1.2717
-1.0476
-0.67873
0.61218
-0.48821
-0.28709
-0.84021
-0.84997
-0.65636
-0.00043137
-0.43691
0.029679
0.066658
-0.084673
-0.076128
-0.33816
-0.41279
-0.35915
0.073016
-0.0041476
0.44483
0.35513
0.5901
0.28967
0.039196
0.19193
0.076895
-0.1107
0.03705
-0.094499
0.25439
0.46337
0.46148
0.17008
-0.089405
-0.22995
-0.39522
-0.51559
-0.55197
-0.41287
-0.29361
0.11849
0.38702
0.40249
0.31954
0.0644
-0.10678
-0.19212
-0.13402
0.036959
0.094639
0.17483
0.26033
0.21932
0.13485
0.080068
0.068008
0.016161
-0.036073
0.05446
0.19878
0.13665
0.07838
0.012422
-0.0037323
-0.092757
-0.11113
-0.074428
-0.073841
-0.023309
-0.034728
0.0056302
-0.032608
-0.11993
-0.21699
-0.23132
-0.23655
-0.17494
-0.024318
0.084546
0.12349
0.15949
0.13139
0.06844
-0.09974
-0.0939
-0.12549
-0.1171
0.022531
0.0014574
0.11442
-0.072286
-0.04863
0.0018129
-0.052809
-0.016075
-0.085838
-0.10698
0.031937
0.056132
0.041879
0.082744
0.085725
0.051737
-0.063135
-0.061593
-0.075342
-0.086556
-0.056772
-0.018606
0.043177
-0.022711
-0.028308
-0.014038
-0.012113
-0.025015
-0.002991
-0.0067141
-0.08377
-0.056794
-0.056571
-0.034628
-0.019867
-0.0077842
-0.040666
-0.014264
-0.050283
-0.023091
-0.056704
-0.051915
-0.016478
-0.033209
-0.086907
-0.092621
-0.14493
-0.25853
-0.40792
-0.33003
-0.11893
0.017013
0.16865
0.18431
0.25247
0.21956
0.1269
0.071669
0.0098556
0.028162
0.038683
0.092225
0.15713
0.094352
0.044141
-0.031967
-0.061522
-0.084981
-0.054797
-0.044619
-0.019467
0.058723
0.050381
-0.032195
0.018372
-0.038235
-0.040813
-0.0066519
0.062915
-0.016761
0.031626
-0.0054597
-0.049782
-0.036453
-0.049234
-0.083176
-0.05278
-0.059733
-0.030371
-0.037907
-0.011402
-0.022846
-0.0090115
-0.056847
-0.00098231
-0.039162
-0.011639
-0.075318
-0.067956
-0.050811
-0.091628
-0.057217
-0.022515
-0.013079
0.016024
0.040757
0.016001
0.07089
-0.043831
-0.042463
-0.015168
0.031186
0.048807
0.032885
0.020664
0.067264
0.039392
-0.014005
0.0030167
-0.019095
0.0097404
0.0083541
0.053919
0.01962
0.021751
0.057983
0.014425
0.00026074
0.016902
0.010635
-0.049611
-0.040848
-0.045954
-0.057349
-0.039171
-0.044939
-0.041387
-0.066619
0.013447
0.020929
-0.12284
-0.13107
-0.10762
-0.25452
-0.25218
-0.10014
-0.10182
0.079738
0.14965
0.16599
0.29831
0.13497
0.022372
-0.044033
-0.042001
-0.042423
-0.032268
0.017517
0.033343
0.08527
0.037766
-0.008329
-0.055388
-0.066841
-0.052064
-0.043255
0.0096952
-0.050054
-0.081738
-0.12359
-0.20776
-0.15336
-0.12834
-0.0034391
0.065247
0.11402
0.095337
0.10951
0.083758
0.020628
-0.0057134
-0.021742
0.006102
0.0099322
0.11473
0.075787
0.087916
0.036647
-0.05682
-0.020213
0.0036517
-0.062497
-0.010993
0.0124
-0.027274
-0.044786
-0.02706
0.022423
-0.045973
-0.017611
0.0066356
-0.03512
0.00067015
0.015218
-0.04742
0.025816
0.028406
-0.056784
-0.028764
-0.04873
-0.057717
-0.060182
-0.094049
-0.092096
-0.10914
-0.1031
-0.05323
0.013861
0.03746
0.092843
0.080201
0.098523
0.10967
0.091673
0.096767
0.042711
0.057251
0.048838
-0.025217
-0.038681
-0.11006
-0.11917
-0.083312
-0.12724
-0.055482
-0.059591
0.020214
-0.026546
-0.045586
-0.022113
0.034288
0.041495
0.058606
0.082225
0.070828
0.084479
0.07731
0.029983
0.0072727
-0.0016916
-0.037497
-0.10136
-0.13959
-0.068659
-0.073891
-0.019671
-0.0040617
0.050967
0.10723
0.06626
-0.0027036
-0.00021557
-0.016105
0.0089345
0.011596
0.040387
0.032728
-0.0074724
-0.044992
-0.029203
-0.042517
-0.034869
-0.02332
-0.025785
-0.022276
-0.041708
-0.037076
-0.034079
-0.030737
-0.024628
0.020109
0.024816
0.021321
0.0016347
-0.022784
-0.026827
-0.02332
-0.011244
-0.00043235
0.013641
-0.023402
0.010061
0.016973
0.0041746
0.012486
0.02377
-0.0076013
0.0091593
-0.035267
-0.017519
-0.023024
-0.047524
-0.050491
-0.064567
-0.045395
-0.031073
-0.013793
3.904e-05
-0.028742
-0.049927
-0.0096043
0.0076377
0.0011733
-0.012014
0.0089489
-0.0019765
-0.0057089
0.01085
-0.0029509
-0.013531
0.016837
-0.0013489
0.021805
0.0098569
-0.0026618
-0.035503
0.01754
-0.019787
0.003703
0.022493
0.044376
0.035051
-0.017496
-0.014504
-0.032528
-0.019877
-0.078838
-0.029366
-0.019648
-0.016197
-0.01973
-0.01019
0.0087925
-0.024844
-0.039815
-0.0098708
-0.034849
0.032748
0.040415
-0.0070472
-0.022894
0.044333
-0.0057338
0.010073
0.02913
-0.0025407
-0.019804
0.003853
-0.043971
-0.052447
-0.041279
0.013468
-0.023389
0.019011
0.017369
0.002733
0.044572
-0.005442
0.034264
0.039029
-0.012647
0.0034583
-0.034524
-0.066691
-0.1049
0.14296
-0.0079738
-0.027388
0.079248
0.1512
0.23784
0.19212
0.23592
0.079054
-0.049793
-0.11196
-0.21185
-0.19113
-0.19345
-0.17011
0.016419
0.05009
0.071932
0.11365
0.02881
0.044645
0.0089156
0.011808
-0.031766
-0.039393
-0.13295
-0.17799
-0.085069
-0.032062
-0.063067
-0.067438
0.020815
0.11256
0.011486
-0.030961
-0.1945
-0.17693
-0.11899
0.0024706
0.042322
0.067974
0.15838
-0.025785
0.044101
-0.20334
-0.10758
-0.31015
-0.060066
0.003114
0.0069712
0.26018
0.40871
0.1343
0.1112
0.16001
-0.087335
-0.031546
0.01989
0.083434
0.083955
0.064357
0.023312
-0.030822
-0.097092
-0.16218
-0.1828
-0.10772
-0.010554
0.091257
0.16501
0.071757
0.049299
-0.027191
-0.089619
-0.13692
-0.14038
-0.2472
-0.099141
-0.17091
-0.04977
-0.042689
0.13596
0.16048
0.12954
0.034253
-0.011395
-0.092991
-0.16193
-0.11341
-0.045234
-0.0031115
0.050168
0.073132
0.053769
0.0027143
-0.052907
-0.069
-0.034213
0.0066602
0.01164
0.031223
0.057119
0.016719
-0.025888
-0.053994
-0.056749
-0.036148
-0.024779
0.039884
0.055023
0.035777
0.0030849
-0.035225
-0.040444
-0.041672
-0.023035
0.0039246
-0.030499
-0.048146
-0.058792
-0.032166
-0.051668
-0.031123
-0.012976
0.010121
0.013146
-0.01026
0.010427
0.0021045
-0.033037
-0.0015514
-0.038334
-0.027868
-0.036305
-0.045495
-0.0317
-0.031699
-0.039278
-0.020314
-0.011752
-0.020914
0.0073941
0.015424
0.0090268
-0.0076914
0.01222
0.00046208
0.005427
-0.0091448
-0.034446
-0.056205
0.0026037
-0.05326
-0.040466
0.00074456
-0.043368
0.035576
0.051209
0.047001
0.01191
-0.026318
-0.030469
-0.069082
-0.043117
-0.026479
0.010081
-0.0013346
-0.021371
0.027976
0.035358
0.0059377
0.036979
0.020389
0.0051318
-0.0021196
0.010512
-0.046365
-0.052538
-0.062196
-0.0011725
-0.0034416
0.024523
0.00056415
-0.038789
-0.068395
-0.082876
0.0084994
-0.016696
-0.030821
0.027914
-0.0039633
-0.041426
-0.0091526
0.014736
-0.006516
0.002208
-0.020059
-0.011988
0.0043964
0.023901
-0.0039219
-0.025141
0.017794
0.013636
-0.0087216
-0.024893
-0.029529
-0.076924
-0.048373
-0.077947
-0.057156
0.0012989
0.024333
0.021254
0.0083104
0.014422
0.022199
0.0003593
-0.081248
-0.055282
-0.030845
0.0025023
-0.040751
-0.03428
-0.02306
-0.0046013
-0.010398
-0.0095034
0.016951
-0.0059552
-0.054474
-0.081589
-0.037243
0.017074
0.0022579
-0.025105
0.0016449
-0.020329
0.0022122
0.0093967
-0.0033999
0.026458
0.068227
0.060963
0.0048474
0.028474
-0.0067353
-0.028958
-0.019803
-0.050219
-0.10309
-0.041567
-0.015463
-0.0094632
-0.045586
0.0080486
-0.04814
-0.069784
-0.037321
-0.14102
-0.11525
-0.033646
0.030704
0.026569
0.010641
0.060962
-0.031347
-0.040748
-0.01207
-0.016223
0.0089276
0.023093
0.010311
0.07941
0.065711
0.0041472
-0.063281
-0.066068
-0.028136
-0.013933
-0.04598
-0.036274
-0.020566
-0.049553
-0.023724
0.00080688
0.0059879
0.014953
0.017201
0.048554
0.01621
0.030549
0.02037
0.018547
-0.048081
-0.019512
-0.043229
-0.050695
-0.030172
-0.0032725
-0.077118
-0.047646
-0.025075
-0.021796
0.028325
0.0081669
0.016841
0.015302
0.046575
-0.004216
-0.024068
0.0183
0.015818
-0.0091179
-0.0032339
-0.017984
-0.08343
-0.10654
-0.041965
-0.046717
-0.0084654
-0.01007
0.00083939
0.0038633
0.0091798
0.0012593
-0.0041096
0.04834
0.043543
0.086145
0.05875
0.035469
0.049183
-0.024346
-0.047509
-0.062019
-0.12871
-0.11436
-0.063289
-0.084516
0.0039537
-0.022785
-0.0093317
0.0052421
0.0095717
0.13616
0.040164
0.081939
0.012988
0.032663
-0.080556
-0.10111
-0.087492
-0.048007
-0.050673
0.014708
-0.024695
-0.096698
-0.10018
-0.11783
-0.087442
-0.048711
0.0098068
0.023178
0.013877
0.0012617
0.0099306
-0.020121
-0.035079
-0.013726
0.034684
0.033038
0.023068
-0.020612
0.020186
-0.023257
-0.033019
-0.059803
-0.029335
-0.024475
-0.0051001
-0.026109
0.014924
-0.022363
-0.038027
-0.038681
0.0051628
0.0027997
0.050865
0.025226
-0.0036849
-0.016032
0.021972
-0.035926
-0.022323
-0.022163
-0.040207
-0.0038017
-0.052085
-0.06235
-0.07258
-0.028514
-0.018401
-0.044004
0.028146
-0.002263
0.0019214
0.019488
-0.014484
0.035946
-0.015871
0.043779
0.0088241
0.030611
-0.019913
-0.0071303
-0.06859
-0.072194
-0.075441
-0.052407
-0.053746
0.027823
-0.012812
-0.019902
-0.016477
0.0027697
-0.046371
-0.052769
0.032898
