0.01813
0.012966
0.019827
0.024344
0.020648
0.017357
0.00053426
0.018354
0.019415
0.019419
0.022228
0.01331
0.021425
0.010943
0.015669
0.018972
0.021029
0.017535
0.02155
0.017878
0.023142
0.019448
0.017078
0.01939
0.019958
0.021066
0.011768
0.001174
0.018823
0.018419
0.017848
0.020246
0.018239
0.019877
0.0054341
0.011867
0.018442
0.021862
0.013702
0.017734
0.01929
0.024941
0.018075
0.015967
0.020945
0.019281
0.012654
0.018388
0.014298
0.016082
0.01968
0.0066147
0.017116
0.010954
0.023542
0.022356
0.016479
0.024795
0.017146
0.018942
0.012598
0.035726
0.023311
0.01233
0.017156
0.018254
0.014359
0.015441
0.018134
0.010326
0.0060103
0.018208
0.016715
0.022883
0.017908
0.020844
0.017882
0.017677
0.013812
0.017948
0.019393
0.018352
0.021182
0.017261
0.019256
0.013405
0.018974
0.014126
0.01289
0.018027
0.017658
0.016165
0.013981
0.016385
0.017407
0.023947
0.01932
0.01426
0.036321
0.01815
0.018475
0.020502
0.020812
0.03039
0.01915
0.019656
0.019332
0.022599
0.019042
0.017589
0.022691
0.028414
0.01061
0.018588
0.017069
0.020918
0.025202
0.016867
0.020156
0.01145
0.018465
0.017502
0.01609
0.018142
0.015799
0.01251
0.019478
0.0162
0.029774
0.032016
0.012924
0.010226
0.01592
0.011225
0.011511
0.016685
0.019141
0.013887
0.029077
0.021411
0.020062
0.012692
0.015552
0.018402
0.017798
0.018857
0.012956
0.031233
-0.0021023
0.032527
0.018365
0.020874
0.017747
0.0075055
0.02202
0.015241
0.014151
0.00092947
0.01768
0.01083
0.017837
0.014455
0.00015352
0.020307
0.018356
0.014046
0.022667
0.01848
0.018218
0.0092772
0.019302
0.014462
0.016549
0.0059318
0.019048
0.015029
-0.00032881
0.031373
0.011374
0.022572
0.014328
0.015681
0.015704
0.014685
0.019744
0.019229
0.016818
0.016373
0.015977
0.020594
0.016797
0.021426
0.024509
0.014896
0.0313
0.014801
0.013445
0.01226
0.010077
0.014215
0.015702
0.015808
-0.0037739
0.02274
0.013006
0.022125
0.018259
0.015665
0.012178
0.017451
0.01549
0.011163
0.017825
0.014232
0.016808
0.015537
0.015309
0.015812
0.013727
0.017785
-0.0028695
0.01407
0.016818
0.0089679
0.019485
0.017834
0.016912
0.017255
0.019197
-0.00010572
0.018913
0.012555
0.010994
0.013474
0.014821
0.021725
0.01095
0.013413
0.018312
0.012963
0.018546
0.01955
0.0081729
0.017076
0.011865
0.025889
0.017358
0.014077
0.0059997
0.015631
0.012151
0.023422
0.014245
0.015902
0.013639
0.0043628
0.010725
0.02371
0.01508
0.017435
0.01519
0.018965
-0.0071226
0.013931
0.0070043
0.027051
0.013643
0.015718
0.013503
0.020035
0.0091698
0.022931
0.016977
0.014921
0.016599
0.017412
0.014055
0.016158
0.019799
0.030622
0.015942
0.0089341
0.020543
0.014954
0.013585
0.011356
0.010472
0.015096
0.014849
0.008932
0.015147
0.011799
0.012032
0.018161
0.016058
0.015878
0.012429
0.0087768
0.011651
0.015999
0.0092422
0.020461
0.014781
0.01517
0.018187
0.016702
0.017536
0.0063437
0.016845
0.014736
0.021474
0.016978
0.017443
0.018138
0.019578
0.012098
0.014716
0.0089878
0.015781
0.017097
0.013932
0.017492
0.0084577
0.012667
0.014622
0.022712
0.012701
0.013406
0.01474
0.0043939
0.012176
0.013906
0.019814
0.016346
0.0050776
0.014005
0.014783
0.015081
0.006147
0.013327
0.01036
0.015813
0.012862
0.0097342
0.012535
0.015054
0.012402
0.0094203
0.012636
0.0073497
0.012748
0.014063
0.011096
0.019939
0.018782
0.013694
0.01811
0.031872
0.0048792
0.015632
0.015013
0.0082791
0.015385
0.013701
0.015419
0.011475
0.0061941
0.0035277
0.014818
0.010234
0.0092898
0.0097177
0.011967
0.028103
0.011437
0.017681
0.012043
0.013014
0.015721
0.0067928
0.018798
0.014985
0.015455
0.0070902
0.012263
0.014784
0.0053981
0.011706
0.011496
0.014371
0.014957
0.010502
0.011341
0.014577
0.010663
0.016413
0.0082273
0.0091899
0.013084
0.025594
0.011445
0.015776
0.0069225
0.016789
0.012811
0.0085303
0.012226
0.013204
0.0075882
0.015001
0.015608
0.019901
0.013655
0.013379
0.017427
0.006724
0.021575
0.0067196
0.017619
0.014008
0.012689
0.01097
0.012558
0.0087715
0.010259
0.015222
0.0045436
0.01278
0.012107
0.027971
0.020596
0.014031
0.0059321
0.028494
0.0031366
0.018915
0.010074
0.018012
0.01479
0.016036
0.0095881
0.01112
0.019677
0.013946
0.0043444
0.020978
0.0090807
0.00621
0.017557
0.017075
0.011406
-0.0056841
0.011632
0.014145
0.018439
0.0066619
0.014438
0.014386
0.01462
0.018441
0.0047148
0.016724
0.013267
0.020256
0.0045314
0.0097071
0.01451
0.012271
0.00879
0.012397
0.01559
0.008649
0.0083925
0.0056121
0.0015756
0.026246
0.012712
0.01632
0.018198
0.015256
0.01192
0.012641
0.019404
0.016878
0.014722
0.015849
0.019304
0.015396
0.014966
0.015114
0.012013
0.0079775
0.012819
0.0066921
0.007415
0.010092
0.011468
0.010181
0.020099
0.011654
0.024165
0.0065694
0.012562
0.0057954
0.019877
0.016415
0.010885
0.0036652
0.00075079
0.008863
0.0059718
0.0077962
0.01244
0.0030831
0.015229
0.013143
0.013483
0.00077618
0.023763
0.0035973
0.010638
0.015256
0.0087585
0.011147
0.010061
0.018643
0.0059283
0.0061362
0.013184
0.0086649
0.012026
0.0019427
0.0049201
0.0097845
0.01278
0.018155
0.024585
0.013211
0.012689
0.013306
0.013235
0.0094522
0.017067
0.010626
0.0039258
0.0051024
0.00058311
0.010473
0.0014823
0.0034462
0.0012665
0.010339
-0.0071738
0.0115
0.010879
0.010266
0.0077363
0.016828
0.0039075
0.013556
0.011413
0.015607
0.010649
0.0044989
0.0074266
0.013006
0.0015118
0.0066474
0.0082339
0.001374
0.0082686
0.015416
0.01303
0.013784
0.0055174
0.011472
0.0077572
0.010192
0.0041338
0.0046951
0.011019
0.0072652
0.013666
0.011612
0.0073166
0.015151
0.0097186
0.0030946
0.0081778
0.011424
0.0053325
0.0093316
0.0056803
0.012908
0.0054905
0.015991
0.0027963
0.0020178
0.0066776
0.0091006
0.011111
0.0092752
0.0065169
-0.0064867
0.0087306
-0.0011973
0.0091666
0.0082954
0.0065928
0.0067645
0.016567
0.005598
0.024174
0.0063178
0.0099992
0.01294
0.0055943
0.0017705
-0.0016965
-0.0012435
0.0050541
0.010739
0.0062334
0.0031688
0.0088162
-0.002127
0.0033432
0.0062059
-0.001783
-0.00088961
0.011023
0.0020783
0.00598
0.0098833
0.012646
0.0035922
0.0087672
0.011991
0.009339
0.015657
0.010102
0.0060694
0.0048685
0.0070955
-0.00066301
0.0078454
0.0032289
0.0029564
0.00049049
0.0030178
0.0065298
0.020681
-0.013601
0.006697
-0.002582
0.009291
0.0071878
0.0066497
0.0012809
0.0035427
0.010659
0.0094475
0.0079511
-0.001595
0.00091113
0.0046842
0.0069048
-0.00056551
0.0091941
0.0092156
0.0068962
0.003397
0.0074228
0.0095874
0.0063154
0.010381
0.0050103
0.011435
0.0035382
0.022555
0.010218
0.006197
0.009939
-0.0044688
0.0068302
0.0026295
-0.0032531
0.016681
0.0026588
0.015078
-0.0088263
-0.0015924
-0.0056081
-0.0073722
-0.007316
-0.0046386
-0.013912
-0.0073577
-0.012466
-0.013803
-0.012173
-0.0090094
-0.0042407
-0.0078683
-0.0041255
-8.2765e-05
0.00051465
0.0006867
-0.0048498
-0.00077066
-0.0046388
-0.0019038
0.0035336
-0.0062657
-0.0016293
-0.0032966
-0.0076276
-0.0076655
-0.0010956
-0.014002
-0.0033026
-0.0074013
-0.0010742
-0.0092005
-0.010699
0.00090722
-0.0027115
-0.016882
-0.00035409
-0.002221
-0.0084422
-0.0077083
-0.0023385
-0.012137
-0.0016697
-0.0096863
-0.0025238
-0.0021661
-0.0014532
-0.0046207
-0.013723
-0.0033028
-0.021322
-0.013798
-0.0047837
-0.005808
-0.0084891
-0.0058383
-0.0087194
-0.0041539
-0.0073332
-0.0021353
-0.0095168
0.001388
-0.0021154
-0.007948
-0.012791
-0.0016223
-0.0090583
0.0099795
-0.0025264
-0.010728
0.00957
-0.0069864
-0.012491
-0.002963
-0.0012347
-0.0014796
-0.0014439
-0.0080362
-0.0040503
-0.0038766
-0.0024446
-0.0018635
-0.0054217
0.00093337
-0.0043683
-0.010062
0.016574
-0.015634
-0.006195
-0.0021692
-0.0099435
0.00094931
-0.012268
-0.0072481
-0.00018013
-0.0044649
-0.0051222
-0.0024011
-0.0017356
0.00099931
-0.0089833
-0.00090153
-0.0011407
-0.0044898
0.0039841
-0.0035533
0.0072149
-0.0051878
-0.0099475
-0.0084732
-0.0056727
0.0013578
-0.0039296
0.0018375
-0.00035053
0.0058432
0.0044507
0.0063691
0.0036903
-0.0091311
0.0057326
-0.0030473
0.00085596
-0.0066339
-0.0016958
0.0035686
-0.0051963
-0.00043814
0.00020833
-0.00086198
-0.0053699
-0.0020282
-3.1386e-05
-0.0033385
-0.011371
0.0015714
-0.0045569
-0.0032572
0.001654
-0.0036057
0.0058859
-0.006528
-0.0076346
-0.0079143
-0.0017462
0.0073812
0.00083704
-0.0048914
-0.0031556
-0.0019051
0.005468
-0.0029384
-0.015945
-0.00156
-0.0020495
-0.004123
-0.0045924
-0.0074421
-0.0012475
-0.012493
-0.0041226
0.0049327
0.0017539
-0.0045408
-0.0023453
0.0024059
-0.0059535
-0.0019241
-0.0053254
-0.011101
-0.015174
-0.0070926
-0.0060378
-0.0082823
-0.0079815
-0.010026
-0.0030755
-0.010428
-0.005364
-0.0020157
0.00065941
-0.011833
-0.0011534
-0.0038263
-0.0064378
-0.0035987
-0.0074166
-0.0006429
0.00383
-0.0059433
-0.0058431
-0.012559
-0.0017069
-0.00069196
-0.0099157
0.01422
-0.0047295
-0.0011477
-0.00041628
-0.00019067
-0.0015449
-0.0030945
-0.001657
-0.0049174
-9.0024e-05
-0.012413
-0.0022271
-0.0050178
0.00034534
-0.0048838
0.015735
0.0089329
-0.0011796
0.0025089
0.0050817
0.005272
-0.0016568
-0.00033039
-0.0021959
0.0011585
0.002677
0.0021627
-0.00075372
-0.002547
-0.0052586
-0.0020015
-0.0037953
-0.013971
-0.0064206
-0.0019524
-0.0091969
0.00076225
-0.0026087
0.0012074
0.0071952
-0.006147
0.00047685
0.002044
-0.008387
-0.00066913
-0.00064307
0.0015078
-0.0010312
0.0019946
0.006706
-0.0022958
-0.0031095
0.005871
-0.0028787
0.0057567
-0.0042764
-0.009243
-0.0012027
-0.0011421
0.00020964
-0.0077716
-0.0050188
-0.0040833
-0.0066138
-0.0037173
0.00081882
0.011268
0.0002686
0.0059252
-0.0022999
-0.0032528
0.0015727
-0.0063557
0.0014881
-0.0076371
-0.014434
-0.0024439
-0.0095394
0.0011529
-0.0029418
0.0019687
0.01075
0.0077983
-0.0046521
0.0057666
-0.0026197
0.012487
0.0048284
0.0014555
0.0054572
-0.0051254
0.0027615
0.0025612
0.00065575
0.0039778
0.0013475
0.0080726
0.0075163
0.0057543
0.0029039
0.010087
-0.0052035
0.01179
0.0050123
-0.013242
0.011602
0.0023174
0.00048786
0.0034952
-0.0042074
0.0030369
0.018154
0.015316
0.0077107
0.0054916
0.00029183
-0.0034782
0.00073321
0.0046335
-0.0063192
0.0086993
0.0098961
-0.011653
0.0016254
0.0059962
0.010754
0.0029721
0.0034716
0.0002101
0.0009299
-0.019123
0.020925
0.0097966
-0.0017569
0.00069944
0.0043703
-7.1062e-05
-0.0019359
-0.011678
0.0057981
0.0099181
0.0012765
0.0043294
-0.00039553
0.0079659
0.0076855
-0.00014012
-0.00408
0.0062652
-0.00051287
0.012381
-0.00094549
0.0038872
-0.0034972
0.0074243
0.0015942
0.0070672
-0.0010075
0.0064169
-0.00026217
0.0057479
0.0093378
0.00023946
0.0074895
0.0093155
0.0054321
0.0050966
-0.0018203
0.0086134
-0.0087908
0.0043234
0.0058181
-0.0005381
0.0021455
0.0038993
0.0039278
0.008399
0.012691
0.0094598
0.011028
0.004007
0.0094312
0.0021392
0.012014
0.008727
0.0030168
0.011425
0.010428
0.012741
0.00028324
0.0023336
0.0035582
0.001834
0.0004185
0.0061292
0.0031664
0.0033578
0.0022921
0.0059271
0.0018787
0.0069851
0.0050269
0.0079086
0.0046685
0.0091701
0.0095589
0.0022978
0.0039933
0.0051262
0.0021372
0.012831
0.010128
0.0017862
-0.010979
0.014923
0.00096718
0.0049169
-0.0083171
0.0025437
0.0013437
-0.00029386
0.0091204
-0.0051837
-0.0074589
0.0035921
0.0021474
0.00076716
0.0081871
0.001188
0.0072016
0.0013102
0.0063638
-0.012152
0.014857
-0.002062
0.0055929
0.004084
-0.0071999
0.004253
-0.0013873
0.0024859
0.0013972
0.00095044
0.00081399
0.0037178
0.0053609
0.0029021
0.0056998
0.0063678
0.0081543
0.0040072
0.0091812
0.00098618
0.0058196
0.0063451
0.0030536
0.0089938
-0.0072589
0.0030207
-0.0040093
0.010787
0.020789
0.00049849
-0.00037529
0.0042313
-0.0036113
-0.001558
0.015196
0.00077662
0.0034996
0.0066483
0.0054895
0.0067301
0.0021733
0.005985
0.00069568
0.006591
-0.01879
0.0070238
0.0028677
0.0086688
-0.0013844
0.0032537
0.0070404
-0.0044811
0.0032273
-0.0089054
-0.0082129
0.0042784
0.00029755
0.0015593
0.002308
0.0038007
0.011181
-0.00089689
-0.0019794
0.0055767
0.00084085
0.0034731
0.0060752
0.00070553
0.0072579
0.016318
-0.017979
0.0061094
0.0046878
0.0053774
0.0016027
0.0067573
0.0011166
0.00087459
-0.0018932
0.0018586
0.00076856
0.0054189
-0.00040943
0.013725
0.006728
0.0097721
-2.1513e-05
-0.00027511
-0.0064054
0.0028314
0.0033188
-0.0014377
-0.0016735
0.0054069
0.0031216
0.00077451
0.0079252
0.0089702
-0.0014095
0.0016767
0.0060333
-0.00082288
0.0026309
0.008333
-0.020832
0.0048984
-0.0058516
0.0029848
0.0026923
-0.0005734
0.0020183
-0.0030497
0.0087058
0.0012738
-0.00062611
-0.0021349
0.002877
-0.0024835
0.003845
-0.0071472
-0.00041291
0.0052104
0.006638
0.0031399
-0.0013344
-0.00032174
-8.0949e-05
-0.00020083
0.0073665
0.0056032
0.0015106
0.003913
0.004001
0.0072202
-0.0050829
-0.0011768
0.0022402
0.005822
-0.013665
0.0019979
0.00067685
-0.0029112
-0.0041162
-0.0043012
0.0065403
0.020779
0.0063116
0.0092826
0.0029418
0.011337
0.012053
0.0027424
0.0038429
-0.010751
0.0046123
-0.018436
-0.022113
0.00065804
-0.0018182
-0.0050628
0.0019249
0.0031853
0.0083404
-0.0048814
0.0037499
-0.00011666
0.010014
0.00017374
0.0010594
0.00082077
-0.0004152
-0.0061464
0.0028057
-0.0023151
0.0050162
-0.0041119
-0.0035237
-0.003519
-0.0036998
0.0037034
-0.0044678
-0.0088787
0.00018007
-0.00472
-0.0048557
-0.0042996
-0.0024709
0.0010449
-0.001383
-0.0063331
0.0032601
-0.004406
-0.0085862
-0.003717
-0.00057403
-0.012381
-0.0050008
0.016194
0.010146
-0.0093247
0.0030721
-0.001338
0.0019661
-0.0034146
0.0015837
-0.0053007
-0.011055
-0.0068766
0.0028041
-0.0023277
-0.00016604
0.0027888
-0.011014
0.0010108
-0.0011455
0.010873
-0.0067543
-0.0030457
0.0017978
-0.0022102
-0.00081139
-0.0052275
-0.00028761
-0.0017734
0.0036906
0.0079546
0.0037329
0.016941
0.0026874
-0.0033537
0.0014115
0.0046779
-0.0011046
0.00094516
-0.0052441
0.003496
0.001921
0.0045497
-0.0012733
0.00089772
0.0043561
-0.0031948
0.0034566
-0.0054643
-0.0083816
0.004456
-0.0081164
0.0014237
0.0040843
0.0044281
-0.002043
0.0015126
-0.00044233
6.1417e-05
0.00048795
-3.5143e-05
0.0019146
-0.0084986
0.00051052
-0.0026231
-0.0037185
0.0018567
-0.0047727
-0.0031449
-0.0042117
-0.0097863
-0.00011577
-0.0073167
0.0042614
-0.0014221
-0.0046614
-0.0023218
0.00047107
-0.00085543
0.00057168
-0.0049044
0.0027082
-0.0076795
-0.011235
0.00057462
-0.00071965
-0.0071516
-0.0049607
-0.0084358
0.0056241
-0.0018322
-0.0048556
0.011103
0.0033077
-0.004154
-0.0062802
-0.0025421
-0.0007253
-0.0052008
0.0062521
-0.0078966
0.0080119
-0.0051926
-0.00013752
-0.0064503
-0.007987
-0.0039305
-0.0039247
-0.00099412
-0.013769
0.0074748
0.0088105
-0.010482
-0.0026262
0.0040191
-0.0093825
-0.00283
0.0011128
0.00010234
-0.0081386
0.0015341
0.015785
0.0037829
-0.0026171
-0.0021413
-0.0041744
-0.0071429
-0.014314
0.0015999
-0.0063601
0.0069066
-0.011316
-0.011582
-0.0035517
-0.0053767
-0.0002424
-0.0039073
-0.0077433
-0.0039807
-0.017226
-0.011164
0.001616
-0.0047014
-0.0057782
-0.0052209
-0.0067481
-0.00066103
0.00021842
-0.0063427
-0.0045807
-0.0011483
-0.0036523
-0.0058071
0.0023059
-0.0055517
-0.0061405
-0.0057199
0.0018539
-0.0064414
0.0022101
-0.00035185
-0.0088186
-0.0024443
-0.002684
-0.011149
-0.0054807
-0.018524
0.010233
-0.0035416
-0.0057013
-0.0015375
-0.012442
-0.0024185
0.00080477
-0.014652
-0.0049933
8.6613e-05
-0.0036934
0.0080857
-0.0056067
-0.0030861
-0.0034027
0.00078112
-0.018342
-0.012676
-0.0043972
0.0011469
-0.005494
-0.00024784
-0.017842
-0.002966
-0.017143
-0.0050984
0.0042642
0.00047264
-0.0048359
-0.0090303
-0.0086624
-0.0038117
-0.0026266
-0.0073169
-0.00036547
-0.01133
-0.0068766
0.00081199
0.0025351
0.0022119
-0.0019218
-0.00095137
-0.0041311
-0.0028795
-0.0060961
0.0042509
-0.0058873
-0.0049309
-0.011747
0.01371
-0.018801
-0.00077374
-0.0048362
0.0021975
-0.0067208
-0.0099736
-0.01491
-0.0055273
-0.0058428
-0.0021453
-0.0003248
0.0036357
-0.0033
0.0018258
-0.0034703
0.013258
-0.0046461
0.0004309
-0.0015785
-0.00061116
-0.011192
-0.0015859
-0.0016829
-0.010852
0.00024405
-0.004136
-0.0088568
0.0044096
-0.005314
0.0035213
0.0055414
-0.0033148
-0.0010517
-0.011352
-0.006711
-0.0031611
-0.0075905
-0.0067381
0.0048314
0.00083725
0.00093834
-0.00090201
-0.0039966
-0.0010751
-0.0021864
-0.00096505
-0.0019399
-0.005474
-0.0087768
-0.0029721
-0.0068877
-0.01414
-0.0093908
-0.0075931
0.0054999
-0.007191
-0.0015844
0.00040267
-0.00063835
-0.005118
-0.0089603
5.215e-05
-0.004297
-0.0060092
0.00091604
-0.0033972
0.0026153
-0.0088663
0.0012088
-0.0022875
0.0038266
-0.0066716
0.00044461
-0.011176
-0.0031889
-0.0076536
0.011601
-0.021478
0.014015
-0.0061738
6.2516e-06
-0.0066561
0.0034164
-0.027231
0.0045907
-0.00010734
-0.0049749
-0.0074515
0.00090653
-0.0039717
-0.0028411
-0.01229
-3.7403e-05
0.0070786
-0.0074364
-0.0047095
-0.0018412
-0.00515
-0.0010684
0.0023978
-0.0019347
-0.0019862
0.0018089
-0.003257
-0.0038825
-0.0057996
-0.0053795
-0.0018294
-0.0056174
-0.0029146
-0.0048411
-0.0015114
0.010611
-0.016056
-0.014443
-0.0043367
-0.0090935
-0.00037053
-0.0053804
0.00025014
-0.0067684
0.0023641
-0.006927
0.0085621
0.0033443
-0.0088778
-0.0019558
-0.0012714
0.0022718
-0.0050717
-0.00072356
-0.0022668
-0.011064
-0.0003484
-0.016157
-0.0098162
-0.0067156
0.0017003
-0.002317
-0.0047252
0.0056461
-0.0053466
0.00029235
-0.006241
0.0026977
-0.0060215
0.0059199
-0.0031504
-0.0051941
-0.00029592
-0.0040553
0.00026497
-0.0080868
0.012124
-0.014959
-0.0046234
-0.0088174
-0.0061342
-0.0058114
-0.0087926
-0.0055353
-0.0012548
-0.00011483
-0.010837
-0.021119
-0.013204
0.00272
-0.0019811
-0.0031985
-0.0010386
-0.005124
0.011675
0.019283
-0.0035029
-0.0076773
-0.0044141
-0.0071847
-0.008317
0.011172
-0.0073975
-0.0031891
-0.0043852
-0.0072905
-0.0013578
-0.014287
-0.0026758
-0.0031157
-0.0059525
0.0096382
-0.00014255
0.0021917
0.00023424
-0.0059495
-0.005801
-0.0012175
-0.0070228
-0.0030203
-0.006298
0.0043443
0.010822
-0.0092383
0.0031715
-0.0015843
0.0009824
0.00039379
-0.0046704
-0.0043115
-0.0047548
0.0018697
-0.0080987
-0.013172
-0.0082397
-0.0051881
-0.013235
-0.0026547
-0.0082126
-0.0076411
-0.024449
0.0060272
-0.00019589
-0.0059231
-0.0015434
-0.0064381
0.00028601
-0.0061451
0.0037102
-0.0006055
-0.0021393
-0.0018554
-0.0062797
-0.0015129
-0.0026163
-0.0090514
-0.0078437
-0.0008256
-0.005733
-0.0018734
-0.0050195
-0.0060512
0.00032724
-0.0055668
0.00091387
-0.0095777
-6.3003e-05
-0.0088357
-0.006237
-0.0010766
-0.01002
-0.0078889
-0.003503
-0.013415
-0.0072901
-0.0029321
0.004356
-0.001966
-0.0016004
-0.0035629
-0.0036161
0.0023082
-0.0014935
-0.0068772
-0.0011773
-0.0018826
-0.00642
-0.0022015
-0.00065496
-0.0096499
-0.020341
-0.00067191
-0.0052907
-0.0017402
-0.0080244
-0.0045203
-0.0058011
-0.0045462
-0.013756
-0.0046107
0.0098698
0.0027054
-0.0074892
-0.010007
0.00274
-0.007234
0.0046733
0.008708
-0.0046468
-0.0029946
-0.0086132
-0.010887
-0.0055492
-0.0079056
-0.0041353
-0.01702
-0.012988
-0.0028334
-0.0076061
-0.0010829
-0.0038845
-0.0014891
-0.00097257
0.0118
0.0056422
-0.0023649
-0.0081403
-0.0091141
-0.0055255
-0.0085175
-0.0083381
-0.0021983
-0.0094387
-0.02792
-0.0037058
-0.0023086
-0.007981
-0.0019993
-0.00022945
-0.0046256
-0.0065891
0.008554
-0.00043652
-0.0088544
-0.011951
-0.007621
-0.0034616
-0.0068744
0.00060353
0.012907
-0.0023573
-0.011107
-0.0028937
4.4438e-05
-0.0021015
-0.013009
-0.012687
0.016189
-0.007219
-0.00037069
-0.013012
0.012393
-0.0027189
0.0032454
-0.013144
-0.0022381
-0.0046832
-0.012841
-0.0031404
-0.006314
0.020623
-0.0058226
-0.011614
-0.0040475
-0.0078133
-0.0080838
-0.0067234
-0.00071067
-0.01553
-0.0062231
-0.0076906
-0.0011182
-0.0052456
-0.011391
-0.0081775
-0.0018529
-0.0036834
-0.0044457
-0.0018298
-0.0056381
-0.010798
0.0018869
-0.0077466
-0.011464
-0.001574
-0.025655
0.015728
-0.0026437
-0.0085015
-0.007195
-0.0024476
-0.0021704
-0.0010327
-0.0081008
-0.013044
-0.0026144
-0.0058638
-0.010205
-0.0075312
-0.0016474
-0.0038505
-0.0076534
0.0059125
-0.0045519
-0.0034798
0.00076003
0.0037961
-0.0033757
0.0038904
0.0010136
-0.0059884
-0.0078288
-0.00060349
-0.0059329
-0.01193
-0.00076958
-0.0074414
-0.0016398
-0.0070243
-0.010647
-0.0056155
-0.0030791
-0.0074395
0.0033646
-0.006845
-0.015652
0.0016449
-0.0087957
0.0080224
-0.0056368
-0.0089768
-0.0014434
-0.0074265
-0.0087713
-0.011227
0.0041211
-0.0050653
-0.0031359
-0.0014111
-0.010279
-0.022338
-0.0012231
-0.0072658
-0.0034064
-0.0043964
0.0054524
-0.0064435
0.0023499
0.00635
-0.0001936
-0.0068992
-0.0040968
0.0035779
-0.0050528
-0.0061308
-0.0042598
-0.0092125
-0.0015484
-0.012584
-0.0032372
-0.0093697
-0.0050259
-0.00096567
-0.0055317
-0.001311
-0.006476
-0.0018541
-0.0098067
-0.0067844
-0.0051079
-0.008275
-0.0035077
-0.011173
-0.0038691
-0.0064873
-0.00977
0.0036817
0.00084658
-0.0016261
0.0010925
-0.0038021
0.0072605
0.014772
0.023947
0.036042
0.040456
0.039175
0.026883
-0.0044749
-0.027975
0.024493
0.012581
0.020044
0.042613
0.067571
0.081076
0.097667
0.10445
0.096355
0.16745
0.15837
0.1326
0.15342
0.12746
0.10718
0.093771
0.082541
0.088558
0.079585
0.071417
0.024329
-0.03819
-0.11752
-0.17293
-0.21071
-0.031182
-0.24713
-0.14068
-0.083178
0
-0.0020706
-0.016562
-0.022188
-0.0077057
0.0074547
0.0073627
6.8103e-05
0.0046038
0
0
0.0010778
0.0044804
0.0015752
0.0016553
0
0.00043467
0.0017901
0.0013834
0.00052884
0.003646
0.0012266
0.0033334
0.0049634
0.0063975
0.032152
-0.04074
0.062577
0.084004
0.03335
0.033937
0.047422
0.07195
0.048858
0.05215
0.039464
0.040773
0.054554
0.070014
0.090823
0.10082
0.10932
0.11207
0.15792
0.14451
0.082033
0.06298
0.083233
0.20466
0.36984
0.63137
0.86407
0.71865
0.74988
0.75931
0.79653
0.90414
1.0201
0.98175
0.98732
0.94249
0.98131
0.88316
0.90328
0.93511
0.94892
0.89566
0.93601
0.87808
0.85321
0.75389
0.42274
0.23703
0.25296
0.32891
0.47584
0.36101
0.39399
0.4724
0.51438
0.44542
0.33865
0.28483
0.52099
0.47604
0.29072
0.17136
0.06904
0.044244
0.034521
8.7726e-06
-0.001467
0.00052484
0
0.0088519
0.0035981
0.0078541
0.0037035
0.0050663
0.0054692
0.0075452
0.0050249
0.0036589
0.0019142
0.0019732
0.0053343
0.0055499
0.0043509
0.0059071
0.051461
0.093041
0.24562
0.38062
0.53307
0.46371
0.43363
0.4459
0.41782
0.39716
0.20056
0.16485
0.13096
0.1113
0.093606
0.077507
0.082862
0.074727
0.076675
0.049858
0.037093
0.028797
0.030924
0.089251
0.26656
0.41037
0.53569
0.73405
0.74964
0.76266
0.69185
0.67026
0.74235
0.70868
0.8812
0.90464
0.95759
1.0143
1.0082
0.98208
0.9463
0.86672
0.84102
0.91558
0.86293
0.89044
0.86088
0.78494
0.57957
0.39849
0.18261
0.17713
0.21192
0.38031
0.49523
0.54483
0.44044
0.45161
0.44811
0.56724
0.60671
0.68986
0.65332
0.61242
0.59943
0.83333
0.8264
0.67447
0.34952
0.17263
0.12414
0.078543
0.046537
0.010931
0
0
0.0021186
0.0022502
8.7893e-06
0.0029678
0.0030311
0.0027671
0.0049479
0.002106
0.0046689
0.0046174
0.0031468
0
0.0049116
0.0050464
0.0043105
0.070278
0.062093
0.24013
0.39684
0.54705
0.47913
0.39726
0.45309
0.4245
0.37479
0.374
0.35781
0.28286
0.2175
0.15189
0.12554
0.11072
0.085785
0.088768
0.082078
0.072899
0.058729
0.06525
0.046618
0.02342
0.022835
0.10737
0.24592
0.4087
0.48444
0.64873
0.80858
0.76118
0.62509
0.68913
0.63953
0.72765
0.84096
0.97628
0.88701
0.93016
0.92583
0.91677
0.84396
0.85976
0.7702
0.8445
0.81019
0.6999
0.69122
0.59256
0.27325
0.061927
0.047634
0.047523
0.051852
0.16002
0.35384
0.48376
0.47882
0.3443
0.35508
0.51313
0.62143
0.74645
0.70269
0.65472
0.63746
0.87413
0.83362
0.74093
0.49455
0.24988
0.13074
0.12481
0.096445
0.079382
0
0
0
0
0.00066337
0.0032377
0.0023212
7.4051e-05
0.00070603
0.0018671
0.00063347
0.001947
0.00076116
0.0046801
0.063807
0.12849
0.30917
0.33575
0.3575
0.31877
0.34458
0.36319
0.31709
0.31049
0.28547
0.23416
0.1832
0.16689
0.13202
0.13267
0.11535
0.090274
0.082788
0.064855
0.082629
0.073373
0.041216
0.023176
0.043002
0.12814
0.2745
0.37611
0.52207
0.64752
0.77789
0.72076
0.60375
0.60536
0.59936
0.70254
0.85762
0.85499
0.86874
0.82908
0.87707
0.84538
0.83391
0.74341
0.7804
0.72472
0.74637
0.64616
0.53841
0.49841
0.30612
0.050653
0.038592
0.019544
0.056845
0.17816
0.26881
0.33606
0.32319
0.26804
0.37854
0.55224
0.54133
0.64699
0.60912
0.5969
0.51889
0.77193
0.76711
0.59559
0.44491
0.24795
0.10381
0.079777
0.061711
0.0098201
0
0
0
0
0.0034286
0.0039879
0.0019666
0.0008373
0.0038835
0.0020777
0.00058495
0.0025348
0.00383
0.0020944
0.0038652
0.0026624
0.0025084
0.013643
0.046799
0.18929
0.31055
0.50023
0.33552
0.31926
0.3605
0.3336
0.34442
0.32742
0.27959
0.23999
0.16088
0.16088
0.13588
0.10896
0.10337
0.094086
0.063718
0.041389
0.058811
0.05706
0.029832
0.018632
0.022111
0.11521
0.24867
0.38578
0.6454
0.78793
0.82872
0.59591
0.53682
0.5878
0.60974
0.80884
0.82212
0.89956
0.81141
0.89004
0.77276
0.76245
0.77104
0.76901
0.74072
0.74472
0.7057
0.60062
0.62976
0.50514
0.33191
0.084439
0.030077
0.029819
0.041882
0.18857
0.28779
0.30595
0.44947
0.44813
0.53445
0.59655
0.51091
0.52548
0.65451
0.71058
0.57461
0.37543
0.17241
0.11071
0.069889
0.041926
0
0.0032494
0.0019411
0.0023287
0.00039609
0.0028581
0.0043607
0.0023001
0.0008428
0.004103
0.0010298
0.0025147
0.0037325
0.36287
0.555
0.34932
0.28643
0.32174
0.27889
0.26594
0.25072
0.22571
0.1684
0.12347
0.099418
0.082302
0.070883
0.00739
0.020065
0.014969
0.011334
0.011249
0.059078
0.1655
0.30452
0.64874
0.70471
0.73616
0.62866
0.45722
0.48628
0.67513
0.79661
0.7391
0.78083
0.72719
0.70912
0.69995
0.58805
0.49097
0.44309
0.27043
0.23744
0.073448
0.026353
0.029608
0.033333
0.035543
0.1319
0.1527
0.19482
0.29289
0.40923
0.43448
0.56852
0.57291
0.63776
0.6536
0.65594
0.58985
0.58307
0.56271
0.51686
0.4616
0.4585
0.35966
0.3163
0.21184
0.18769
0.13621
0.088834
0.046455
0.0015663
-0.0033443
-0.0076103
0.009365
0.05596
0.11463
0.20611
0.28032
0.34264
0.34386
0.35684
0.39232
0.36999
0.39764
0.3802
0.3881
0.26175
0.23752
0.20544
0.17621
0.15849
0.13426
0.11247
0.10755
0.096412
0.09477
0.10486
0.10037
0.10879
0.11616
0.22258
0.22698
0.26598
0.2673
0.291
0.30344
0.28968
0.2773
0.28299
0.25506
0.24939
0.25018
0.23683
0.22078
0.10119
0.077828
0.065964
0.04752
0.013035
0.0086365
-0.00070279
-0.028255
-0.020972
-0.01274
-0.026707
-0.028339
-0.0415
-0.074291
0.1853
0.15491
-0.078192
-0.066735
-0.012405
0
0.0015772
0.0013945
0.002101
0.0062187
0.0020171
0.0017035
0.001575
0.0049753
0.0055042
3.2604e-05
0.003526
0.0013371
0.0029239
0.0037609
0.0072705
0.0090359
0.044132
0.055508
0.26162
0.51756
0.78713
0.71689
0.52892
0.62028
0.66098
0.65714
0.54736
0.43725
0.38899
0.36071
0.35569
0.30244
0.28961
0.2458
0.21299
0.21393
0.039935
0.043691
0.27758
0.58822
1.0097
1.1289
1.0849
1.1034
0.84816
0.92921
0.97174
1.0018
1.0766
1.1171
1.202
1.1229
1.0913
1.0574
0.77582
0.79164
0.66689
0.57207
0.48514
0.26294
0.028811
0
0.0087876
0.01723
0.079273
0.085748
0.1176
0.16058
0.4906
0.47613
0.55185
0.56144
0.58656
0.75273
0.68829
0.31176
0.10378
0.11597
0.084402
0.076858
0.026436
0
0
0.00060674
0.0027986
0.010084
0.0034468
0.0016541
0.00016113
0.0027983
0.0037081
0
0.0075694
0.012169
0.078196
0.14813
0.26555
0.47022
0.80483
1.1117
0.94504
0.78847
0.63425
0.51265
0.49755
0.43503
0.42002
0.39312
0.2878
0.29227
0.28826
0.32537
0.27585
0.20856
0.11998
0.077063
0.081238
1.3976
1.3768
1.3712
1.3747
1.2626
1.2396
1.3929
1.4683
1.5977
1.5558
1.6144
1.4905
1.4032
1.3112
1.1485
1.1522
1.0613
0.98083
0.71568
0.27048
0.075766
0.15722
0.27596
0.37784
0.38858
0.43084
0.42768
0.43509
0.58831
0.56551
0.52302
0.56812
0.31602
0.83889
0.71284
0.37031
0.13535
0.10084
0.10817
0.09213
0.022962
0
0
0.005071
0.0056382
0.0075257
0.00042181
0.0099869
0.010147
0.0068846
0.0099921
0.014038
0.0097983
0.2657
0.11138
0.59107
0.83978
1.3249
1.5417
1.2607
0.80278
0.76123
0.83073
0.98396
0.49477
0.41519
0.31094
0.27505
0.27125
0.23775
0.24922
0.21606
0.18891
0.11838
0.044554
0.066786
0.050274
0.13882
0.77133
1.0017
1.3264
1.366
1.5158
1.4883
1.6629
1.6506
1.7395
1.6132
1.566
1.4599
1.4533
1.2549
1.2265
1.086
1.0244
0.18147
0.041111
0.12531
0.18025
0.28581
0.32871
0.37789
0.37474
0.43716
0.51341
0.52272
0.57888
0.52137
0.52745
0.52823
0.55281
0.33485
0.13712
0.092305
0.10183
0.068141
0.018554
0
0.00072791
0.0077331
0
0.0073979
0
0.0087181
0.0044364
0.010336
0.0074842
0.011165
0.013036
0.013896
0.030152
0.38841
0.13219
0.85573
1.1838
1.3677
1.2686
0.84201
0.7851
0.90883
1.1876
1.0641
0.83252
0.74428
0.5723
0.50276
0.32231
0.29021
0.29735
0.2034
0.049866
0.10328
0.086287
0.34411
0.99654
1.1828
1.3193
1.3698
1.2768
1.4869
1.5548
1.7
1.7658
1.8703
1.6836
1.7246
1.4568
1.358
1.3071
1.1603
1.0885
1.0113
0.91902
0.88183
0.64976
0.16234
0.36418
0.34336
0.39222
0.39341
0.47122
0.4862
0.64834
0.46185
0.42148
0.48874
0.42994
0.050598
0.74748
0.58622
0.42599
0.0093947
0
0.0057026
0.0095235
0.004421
0.0086629
0.0021017
0.010654
0.006981
0.014008
0.011045
0.015746
0.020535
0.024419
0.372
0.3479
0.9626
1.3788
1.6739
1.207
0.88663
0.77444
0.8425
1.0279
1.0489
0.89772
0.72648
0.55104
0.54077
0.2268
0.24647
0.2167
0.18694
0.056636
0.11252
0.083959
0.30509
0.89408
1.0925
1.1097
1.2626
1.2829
1.3704
1.569
1.8045
1.7219
1.7464
1.8171
1.8671
1.7445
1.4906
1.4267
1.1865
1.1098
1.055
1.0497
1.0011
0.93358
0.29531
0.32378
0.34889
0.52265
0.45535
0.42955
0.60793
0.62209
0.60979
0.62517
0.46667
0.49181
0.4052
0.068541
0.04119
0.016136
0.011319
-0.0013588
-3.9414e-05
-4.9118e-06
0.0050836
-0.00022378
0.017149
0.010087
0.0034465
0.006768
0.012557
0.005234
0.010808
0.015
0.23519
0.097326
0.62573
1.0472
1.3916
1.6663
1.2988
0.86211
0.91873
0.89173
1.1356
1.0796
0.94624
0.66108
0.56938
0.44226
0.41793
0.37543
0.36752
0.30958
0.30398
0.32065
0.31043
0.23497
0.13959
0.12047
0.11219
0.32067
0.98096
1.3415
1.3746
1.4487
1.608
1.5733
1.6985
1.7215
1.7248
1.7484
1.9782
1.7965
1.8651
1.8709
1.7018
1.6307
1.3826
1.2189
1.1215
0.99167
0.94734
0.83716
0.81772
0.76772
0.27506
0.035111
0.056478
0.12511
0.24785
0.21487
0.31633
0.3614
0.51218
0.54566
0.61065
0.55975
0.58208
0.51139
0.48176
0.44179
0.45188
-0.086242
0.41611
0.53846
0.28655
0.047635
0.029883
-0.0016469
-0.0020481
-0.014307
-0.00035957
0.0026503
0.0068231
0.001908
0.010251
0.006181
0.0058697
0.010496
0.0054055
0.0061144
-0.00099338
0.014363
0.0020387
0.014896
0.0049968
0.030898
0.21508
0.15372
0.62527
0.90016
1.3266
1.3217
1.1307
0.86882
0.87633
0.7469
0.94935
0.9501
0.91503
0.7488
0.6225
0.46337
0.41
0.40185
0.3079
0.24878
0.23678
0.20093
0.21241
0.10327
0.052783
0.10864
0.071603
0.21142
0.77148
0.78134
1.0102
1.0601
1.2025
1.2168
1.3158
1.4487
1.3944
1.4659
1.402
1.4655
1.3857
1.5336
1.436
1.4142
1.2323
1.019
0.9744
0.881
0.79806
0.80031
0.66512
0.64372
0.19487
-0.037411
0.0087226
0.044797
0.093097
0.017137
0.11872
0.22473
0.28398
0.42344
0.28779
0.38462
0.3573
0.37589
0.32049
0.27374
0.31268
-0.24122
0.056352
0.34665
0.25023
0.053312
0.0053796
-0.011918
-0.015611
-0.034361
-0.00055271
0
0.039642
-0.00024968
0
0.017087
0.0095237
0.0096201
0.013957
0.0083732
0.0023317
0.0099395
0.0046758
0.0107
0.015301
0.0084802
0.091011
0.26956
0.36255
0.86628
1.134
1.1005
0.92248
0.65729
0.62121
0.71109
0.76675
0.72163
0.78522
0.71933
0.5191
0.4353
0.42336
0.3494
0.28877
0.29303
0.25822
0.26803
0.23793
0.20348
0.074825
0.10534
0.072964
0.27157
0.74173
0.90804
1.0624
0.9365
1.1131
1.077
1.315
1.2282
1.2924
1.294
1.3306
1.3752
1.3625
1.3801
1.3404
1.246
1.2409
1.1266
0.95115
0.93963
0.93652
0.86845
0.97653
0.78239
0.40695
-0.01994
0.0077752
0.083467
0.13771
0.08906
0.077997
0.086733
-0.011253
0.096746
0.13935
0.159
0.12792
0.17036
-0.00093366
0.069349
0.043594
-0.47175
-0.0038426
0.085093
0.037626
-0.043488
-0.021878
-0.046373
-0.030159
-0.032103
-0.0022702
0
0.020332
-0.0059415
0.0029193
0.008438
0.010268
0.005526
0.0070087
0.0023654
0.0053925
0.0021808
0.0025725
0.010442
0.0088682
0.013947
0.0087198
0.22343
0.24169
0.75256
0.93789
0.93389
0.90417
0.52098
0.6178
0.68919
0.79857
0.6892
0.58261
0.52787
0.48744
0.35941
0.31537
0.29643
0.26907
0.25477
0.23035
0.22289
0.21252
0.17501
0.10205
0.08272
0.067821
0.2412
0.69674
0.74692
0.78874
0.81157
0.98952
1.1361
1.0829
1.1836
1.2548
1.3265
1.2047
1.1772
1.2436
0.92218
0.7982
0.60733
0.60322
0.572
0.5119
0.51144
0.14841
-0.0614
0.025759
0.049456
0.060558
0.025581
0.030751
0.1255
0.19995
0.19328
0.26572
0.072371
0.14084
0.10309
-0.59588
0.074843
0.16502
0.093609
-0.049735
-0.057389
-0.063766
-0.065169
-0.062846
-0.018658
-0
0.013407
0.0032832
-0.0015769
-0
0.003525
-0.0013556
0.0029261
0.0067141
0.0043185
0.0069911
0.014241
0.0066409
0.012197
0.28834
0.3977
0.68318
0.41243
0.51679
0.52757
0.51912
0.40168
0.38012
0.34189
0.2838
0.27383
0.2188
0.20773
0.22426
0.21383
0.20897
0.18305
0.5295
0.40107
0.496
0.58575
0.82834
0.84351
0.95343
0.93433
1.0132
0.9387
0.87083
0.93111
0.84856
0.90441
0.83143
0.4703
0.38963
0.3657
0.37956
0.26699
-0.055518
-0.12187
0.00068681
0.0063091
0.036551
-0.12891
-0.13579
-0.10469
-0.040972
-0.01149
0.010664
0.036417
-0.02897
-0.63217
-0.21628
0.044504
-0.019396
-0.067075
-0.077418
-0.090698
-0.054824
-0.031328
-0
-0
-0.0045698
0.00040269
0.003265
-0.00016282
-0.0021578
-0.00041174
0.0018787
0.0028071
0.0063077
0.0082358
0.014731
0.0093861
0
0.0041498
0.18644
0.42716
0.37593
0.25307
0.2696
0.33073
0.29671
0.25565
0.25843
0.21353
0.11839
0.11401
0.11727
0.14545
0.19814
0.15827
0.13515
0.066795
0.091088
0.06872
0.37154
0.55114
0.62092
0.64949
0.67888
0.67836
0.69573
0.65837
0.62303
0.55564
0.49595
0.4959
0.43955
0.37936
0.35973
0.27449
0.19264
0.051481
-0.21088
-0.064542
-0
0.0086822
0.011493
-0.11918
-0.046157
-0.075395
-0.055062
-0.0032928
0.0357
0.028405
0.044132
0.087495
-0.023772
-0.024656
-0.018001
-0.64128
-0.094049
-0.10118
-0.053673
-0.04899
-0.002971
-0
-0.0026603
-0.0038143
0.006267
-0.005702
0.0019206
0.0024881
0.00076488
-0
-0.0020593
-2.2013e-05
0.010623
0.0050059
0.0030432
0.0071699
0.11988
0.37792
0.15157
0.064596
0.12595
0.1543
0.073653
-0.0032625
0.098163
0.14318
0.12279
0.12387
0.12953
0.093276
0.069403
0.080518
0.079534
0.076225
0.032885
0.046391
0.011699
0.070733
-0.030046
-0.1407
-0.14641
-0.082811
0.083975
0.169
0.18679
0.15716
0.20666
0.15105
0.10712
0.087981
0.064018
0.034202
0.029141
0.018538
-0.012782
-0.0081617
-0.044262
-0.085413
-0.085682
-0.10576
-0.016128
-0.099731
-0.26943
-0.062908
-0.00022026
-0.0071701
0.0067179
-0.11754
-0.073884
-0.12325
-0.11361
-0.10206
-0.12314
-0.16177
-0.14363
-0.15956
-0.17237
-0.21112
-0.20829
-0.64366
-0.43252
-0.25613
-0.14073
-0.095497
-0.087988
-0.072146
-0.055045
-0.038617
-0
-0
-0
-0.0057569
0.0036924
0.0019564
0.0010128
-4.3567e-05
0.00043044
-0.0030399
-8.6448e-05
-0.0004333
0.0019407
0.00051598
0.0020372
0.0024803
0.0026777
-0
0.0015409
0.015363
0.19321
-0.044944
-0.079291
-0.017998
-0.041111
-0.079692
-0.13585
-0.07857
0.0017098
0.023435
0.038848
0.017928
-0.0091433
-0.011502
-0.021431
-0.028444
-0.011594
0.00074774
-0.004455
0.0012529
0.0051822
0.010212
-0.012021
-0.10056
-0.29227
-0.40353
-0.42695
-0.30166
-0.21771
-0.20208
-0.21539
-0.24648
-0.21692
-0.28229
-0.34693
-0.35548
-0.3883
-0.41502
-0.37613
-0.38014
-0.36781
-0.35659
-0.38734
-0.35229
-0.38801
-0.32431
-0.3187
-0.29012
-0.24392
-0.08059
-0.0021819
-0.0040044
0.0005019
-0.089495
-0.023486
-0.085264
-0.13694
-0.13548
-0.21304
-0.21581
-0.24441
-0.26788
-0.2549
-0.32048
-0.34726
-0.60397
-0.58273
-0.42459
-0.19731
-0.093449
-0.096944
-0.098686
-0.069507
-0.04594
-0
-0
-0.0014392
-0.0045325
-0.00010287
-0.00033206
-0.00035982
-0.00053259
-0.00050571
-0.0006359
-0.00034494
-0.00080186
-0.0031314
-0.0022097
-0.0019706
-0.0032581
-0.0031355
-0.0041939
-0.023291
-0.093849
-0.1638
-0.37047
-0.39522
-0.19696
-0.24004
-0.32147
-0.41803
-0.31643
-0.19724
-0.17151
-0.13118
-0.131
-0.1011
-0.068171
-0.061221
-0.069427
-0.081038
-0.073302
-0.07151
-0.058944
-0.025689
-0.025662
-0.022271
-0.25749
-0.52462
-0.80024
-0.77113
-0.80625
-0.6489
-0.61154
-0.62449
-0.71097
-0.71624
-0.70785
-0.73628
-0.80726
-0.86052
-0.79567
-0.79238
-0.71081
-0.71306
-0.66061
-0.6547
-0.6944
-0.64609
-0.65603
-0.58283
-0.47925
-0.37873
-0.096327
-0.0012056
-0.016135
-0.065927
-0.088542
-0.10341
-0.15028
-0.18978
-0.21567
-0.33379
-0.34187
-0.36308
-0.34329
-0.37166
-0.41382
-0.44858
-0.57987
-0.65655
-0.56326
-0.26075
-0.090796
-0.11319
-0.1056
-0.076271
-0.044511
-0.00036299
-0
-0.0052264
-0.003609
-0.0038544
-0.0066809
-0.0020642
-0.0047533
-0.0037787
-0.0054293
-0.0032141
-0.0037042
-0.0053731
-0.0024904
-0.005
-0.011122
-0.0066025
-0.019698
-0.14923
-0.19357
-0.4453
-0.64247
-0.65934
-0.43735
-0.52258
-0.60927
-0.51891
-0.52758
-0.36053
-0.28363
-0.30645
-0.26989
-0.26496
-0.17105
-0.17326
-0.15543
-0.14111
-0.15329
-0.18198
-0.1206
-0.067119
-0.040341
-0.040932
-0.32475
-0.77058
-1.1352
-1.1984
-1.1076
-1.0123
-0.92809
-1.0011
-0.941
-1.1566
-1.0836
-1.2367
-1.1533
-1.2115
-1.138
-1.0831
-1.0878
-0.97935
-0.99668
-0.93036
-0.93418
-0.91543
-0.82596
-0.85113
-0.80534
-0.61923
-0.22795
-0.025705
-0.034214
-0.15285
-0.1439
-0.17732
-0.21352
-0.24775
-0.32519
-0.36414
-0.3972
-0.41615
-0.39631
-0.41349
-0.49125
-0.49989
-0.46304
-0.71589
-0.6601
-0.33276
-0.097947
-0.090547
-0.096949
-0.073206
-0.026731
0
-0.00030052
-0.0079007
-0.0037771
-0.0063639
-0.003126
0
-0.0061092
-0.0072498
-0.0063418
-0.0035704
-0.0086129
-0.0036954
-0.0079144
-0.003134
-0.015877
-0.015285
-0.17148
-0.2403
-0.58341
-1.0516
-1.3022
-0.92596
-0.52628
-0.70347
-0.6981
-0.93447
-0.85566
-0.6917
-0.50841
-0.37607
-0.29832
-0.20023
-0.15816
-0.13976
-0.12103
-0.1402
-0.14738
-0.1321
-0.11064
-0.061409
-0.062027
-0.054333
-0.28249
-0.87263
-1.1033
-1.3002
-1.3318
-1.2987
-1.3117
-1.3115
-1.3759
-1.4167
-1.5892
-1.5868
-1.6567
-1.5436
-1.5885
-1.4765
-1.3954
-1.3936
-1.3097
-1.1333
-1.013
-1.0335
-0.90266
-0.97818
-0.85204
-0.67548
-0.22911
-0.058784
-0.092144
-0.16356
-0.21219
-0.2873
-0.28132
-0.36412
-0.42932
-0.46298
-0.53314
-0.60716
-0.45527
-0.61319
-0.56338
-0.61252
-0.3533
-0.79514
-0.75272
-0.42745
-0.16059
-0.086115
-0.10425
-0.064665
-0.017372
0
0
-0.010288
-0.0030955
-0.01313
0
-0.0027023
-0.0011697
-0.0043326
-0.0058646
-0.0016563
-0.0068883
-0.0042146
-0.01006
-0.013934
-0.010439
-0.01645
-0.1857
-0.21021
-0.70659
-1.0709
-1.2116
-1.243
-0.70942
-0.79864
-0.93484
-0.99342
-1.0654
-0.77631
-0.65223
-0.52045
-0.50029
-0.43718
-0.35777
-0.37465
-0.31476
-0.3579
-0.33033
-0.33729
-0.295
-0.11764
-0.09544
-0.079896
-0.39375
-0.99482
-1.2912
-1.4779
-1.426
-1.551
-1.4336
-1.4606
-1.4785
-1.7216
-1.6697
-1.8266
-1.7791
-1.8833
-1.6582
-1.7245
-1.4719
-1.436
-1.3143
-1.2164
-1.0968
-1.08
-1.0101
-0.86338
-0.71584
-0.21918
-0.023657
-0.00097476
-0.007711
-0.070017
-0.075639
-0.095595
-0.15299
-0.17672
-0.25577
-0.4632
-0.44573
-0.59801
-0.63791
-0.65171
-0.66845
-0.68355
-0.28679
-0.80252
-0.74225
-0.45575
-0.16967
-0.042062
-0.053251
-0.050426
-0.0095192
0
0
-0.0014296
-0.0030247
-0.0081082
-0.0091158
-0.004018
-0.01147
-0.011522
-0.0079619
-0.0058834
-0.010893
-0.0045021
-0.0082312
-0.010384
-0.013343
-0.01665
-0.21419
-0.31049
-0.82349
-1.2851
-1.3736
-1.4532
-1.1532
-1.2387
-1.1051
-1.2037
-1.1446
-0.91659
-0.92752
-0.71305
-0.62576
-0.56971
-0.51859
-0.53895
-0.45848
-0.42833
-0.4887
-0.42376
-0.3471
-0.13553
-0.10211
-0.11739
-0.56568
-1.1363
-1.5577
-1.6455
-1.5988
-1.8245
-1.6442
-1.7783
-1.6852
-1.9177
-1.8579
-1.9065
-2.0644
-1.9572
-1.8902
-1.7558
-1.6654
-1.6005
-1.3744
-1.3449
-1.3178
-1.2308
-1.1072
-1.1219
-0.89215
-0.43491
-0.033707
-0.012252
-0.035324
-0.17884
-0.18351
-0.13814
-0.17015
-0.32018
-0.37087
-0.55846
-0.60215
-0.60995
-0.67984
-0.71639
-0.69617
-0.76185
-0.18266
-0.78811
-0.79143
-0.6292
-0.21916
-0.14656
-0.098866
-0.030433
-5.9651e-05
-1.2519e-06
0
-0.0097649
-0.0076159
-0.020619
-0.00066122
-0.0045971
-0.0071629
-0.013155
-0.013948
-0.0077763
-0.0061552
-0.011403
-0.004439
-0.013279
-0.008437
0
-0.014294
-0.17319
-0.2895
-1.015
-1.1832
-1.0515
-0.73237
-0.60603
-0.96683
-1.007
-0.99462
-0.51406
-0.27406
-0.24523
-0.25772
-0.23305
-0.23091
-0.1986
-0.21678
-0.22567
-0.27121
-0.18619
-0.1304
-0.060399
-0.090973
-0.10759
-0.47772
-1.2003
-1.5002
-1.8833
-1.9175
-1.5422
-1.5612
-1.4333
-1.4241
-1.5134
-1.6979
-1.6478
-1.5887
-1.5883
-1.4818
-1.2462
-1.2044
-1.189
-1.1354
-1.0354
-0.8814
-0.88951
-0.68695
-0.68691
-0.6157
-0.23181
-0.15325
-0.02428
-0.02132
-0.025919
0.0054178
0.058518
-0.0097596
0.0045904
0.028544
-0.12224
-0.16866
-0.22846
-0.13942
-0.11204
-0.10676
-0.12916
0.28599
-0.2428
-0.50301
-0.2115
-0.048274
-0.047422
-0.044525
-0.0067744
0
2.1307e-05
-0.0028252
-0.020415
-0.013905
-0.0162
-0.019074
0
-0.019261
-0.010975
-0.017003
-0.017176
-0.011351
-0.0088352
-0.012233
-0.0064676
-0.014939
-0.014998
-0.18289
-0.17482
-0.783
-1.3757
-1.4236
-1.2049
-1.1509
-1.1279
-1.0422
-1.1342
-0.93174
-0.61488
-0.44521
-0.33191
-0.24997
-0.22796
-0.12564
-0.13729
-0.14207
-0.14949
-0.16859
-0.14925
-0.15587
-0.10525
-0.085436
-0.10592
-0.3815
-0.83388
-1.3765
-1.7186
-2.0588
-2.0078
-1.7002
-1.6313
-1.4475
-1.5714
-1.578
-1.6466
-1.9493
-1.8373
-1.7828
-1.5021
-1.3937
-1.4039
-1.2445
-1.2214
-1.195
-1.0716
-0.62798
-0.26492
-0.071421
-0.031226
-0.055045
-0.0070773
-0.036318
-0.10661
-0.095218
-0.1106
-0.1895
-0.31621
-0.20455
-0.30058
-0.33757
-0.32112
-0.35729
-0.032175
-0.558
-0.78957
-0.36634
-0.036388
-0.00034971
0
-0.0089922
-0.0052114
-0.012613
-0.020164
-0.015697
-0.011186
-0.011375
-0.011182
-0.018902
-0.012105
-0.015642
-0.015081
-0.0081298
-0.0059504
-0.016739
-0.010131
-1.245
-1.0647
-0.89354
-0.85179
-0.88391
-1.016
-0.82437
-0.51166
-0.33015
-0.24191
-0.18562
-0.13631
-0.11657
-0.083812
-0.082414
-0.080775
-0.068058
-0.072914
-0.051955
-0.028703
-0.027966
-0.03762
-0.31042
-1.5692
-1.3592
-1.4252
-1.2992
-1.5648
-1.6725
-1.6885
-1.698
-1.6594
-1.6712
-1.4505
-1.4331
-1.3112
-1.2588
-1.1084
-1.0794
-1.0294
-0.79678
-0.89077
-0.85441
-0.72774
-0.070543
-0.14976
-0.11431
-0.075324
-0.16079
-0.19778
-0.17525
-0.24152
-0.25734
-0.26045
-0.2457
-0.27197
-0.081941
-0.52596
-0.41313
-0.13957
-0.046917
-0.054016
-0.013187
-0.0039634
-0.0013075
0
-0.0062727
-0.017913
-0.0087666
-0.012586
-0.015195
-0.0039352
-0.012807
-0.0095671
-0.01071
-0.0070817
-0.0082248
-0.008065
-0.0097199
-0.0070646
-0.0084453
-0.012842
-1.1346
-1.2
-0.75684
-0.66773
-0.62498
-0.54823
-0.68331
-0.63107
-0.41139
-0.21559
-0.13597
-0.099778
-0.065512
-0.073022
-0.054431
-0.02114
-0.013159
-0.013026
0.0012441
-0.0019257
-0.0012183
-0.020188
-0.016645
-0.087831
-0.28989
-0.7447
-1.2411
-1.2995
-1.1431
-1.314
-1.4351
-1.4466
-1.5232
-1.4182
-1.2683
-1.1685
-1.2528
-1.0613
-0.98575
-0.86358
-0.85121
-0.74948
-0.7405
-0.7156
-0.4808
-0.152
-0.039003
-0.058099
-0.11409
-0.16376
-0.242
-0.22982
-0.26072
-0.21682
-0.29746
-0.25895
-0.20014
-0.29831
-0.29928
-0.30703
-0.33752
-0.16547
-0.39085
-0.29735
-0.10688
-0.027205
-0.011514
-0.0079831
0.0080172
0
0
-0.0083392
-0.0097756
-0.009164
-0.014524
-0.0091871
0
-0.0065136
-0.008631
-0.0033781
-0.0049304
-0.0059579
-0.00497
-0.093496
-0.10961
-0.33372
-0.54876
-0.71334
-0.51037
-0.45231
-0.45405
-0.45318
-0.42078
-0.37624
-0.22649
-0.15964
-0.13656
-0.092744
-0.084655
-0.046943
-0.051476
-0.074674
-0.071211
-0.072966
-0.063071
-0.056601
-0.052289
-0.035764
-0.066832
-0.22238
-0.42339
-0.71654
-1.1263
-1.2087
-1.2638
-1.1183
-1.0316
-1.1241
-1.0178
-1.0991
-1.311
-1.2744
-1.3491
-1.2569
-1.2249
-1.0607
-1.0455
-1.0682
-1.0417
-0.98763
-0.87782
-0.92126
-0.87939
-0.84334
-0.73646
-0.68649
-0.37261
-0.24463
-0.29195
-0.24369
-0.2788
-0.30821
-0.26093
-0.27519
-0.17234
-0.14805
-0.14679
-0.15525
-0.18074
-0.17754
-0.19369
-0.20598
-0.4101
-0.22344
-0.041597
-0.0011548
0.00043135
0.024149
0.0034211
-0
-0.0045175
-0.0043612
-0.0035038
-0.0045245
-0.004561
-0.0044751
-0.001801
-0.0030718
-0.0036856
-0.00080199
-0.0022041
-0.0028966
-0.0019062
-0.0018478
-0.0014712
-0.0016803
-0.0035362
-0.61787
-0.38819
-0.23037
-0.24208
-0.21735
-0.23509
-0.40449
-0.26627
-0.024825
-0.026244
-0.034886
-0.024798
-0.022295
-0.015392
-0.0097487
-0.0052607
0.014092
0.013378
-0.0016765
-0.00071469
-0.0034185
-0.0064571
-0.023309
-0.087782
-0.39207
-0.66093
-0.77029
-0.76381
-0.72067
-0.70195
-0.84146
-0.78467
-0.95383
-0.95446
-0.98728
-0.99346
-0.87835
-0.86642
-0.75538
-0.73157
-0.6754
-0.54793
-0.51423
-0.45567
-0.36074
-0.33624
-0.2503
-0.19262
-0.024617
-0.018811
-0.050721
-0.093759
-0.14976
-0.19601
-0.15963
-0.18568
-0.20492
-0.26869
-0.37308
-0.38257
-0.41235
-0.51399
-0.51015
-0.56349
-0.57497
-0.61958
-0.5054
-0.15983
-0.016918
-0.021146
-0.018379
0.038502
-0.0017401
-0
-0.00055193
-0.0030862
-0.0026275
-0.0029152
-0.0031772
-0.0012409
-0.0010709
-0.00055033
-0.0010507
-0.00040862
-0.00058022
-0.00024664
-2.0557e-05
0.00020977
-0.00099323
0.00045905
0.001703
0.022405
0.058341
0.012354
-0.07401
0.025352
0.068586
-0.046657
0.032625
0.058878
0.05589
0.028309
0.025633
0.02663
0.022978
0.022071
0.021882
0.027596
0.00057761
-0.0059841
0.0051569
0.0067299
0.0071648
0.013363
-0.031497
-0.21156
-0.41765
-0.39599
-0.46603
-0.42298
-0.45577
-0.51485
-0.5548
-0.59655
-0.59414
-0.60068
-0.63303
-0.5505
-0.50251
-0.47291
-0.42597
-0.42018
-0.41385
-0.31907
-0.30618
-0.25835
-0.28474
-0.23559
-0.25888
-0.041006
-0.033729
-0.043311
-0.17863
-0.21162
-0.2766
-0.19151
-0.19302
-0.27402
-0.33488
-0.39162
-0.44073
-0.4461
-0.46596
-0.50786
-0.54942
-0.62649
-0.64006
-0.34484
-0.10746
-0.028138
-0.019169
-0.0015219
0.039032
-0
-0
0.00055448
0.0008852
-0.0027173
0.0018484
0.0013569
0.00017894
0.0027724
0.003006
0.0017069
0.0019363
0.0020756
0.0025114
0.0022082
0.0036615
0.003961
0.0047668
0.064558
0.065034
0.29696
0.35529
0.28125
0.24098
0.26813
0.26499
0.18732
0.19865
0.18253
0.22208
0.15406
0.12635
0.086867
0.077701
0.065858
0.045061
0.038188
0.049233
0.083694
0.045626
0.0040019
0.0089161
0.016295
0.018975
0.058735
0.25284
0.1803
0.084433
0.089218
0.015944
-0.065998
-0.018167
-0.11775
-0.18452
-0.14624
-0.17192
-0.16387
-0.18533
-0.17157
-0.16527
-0.11944
-0.11228
-0.11154
-0.087764
-0.081952
-0.021043
-0.012436
-0.002809
-0.028236
-0.15982
-0.14884
-0.25359
-0.22569
-0.24653
-0.28722
-0.38953
-0.43531
-0.42339
-0.47249
-0.50072
-0.538
-0.5629
-0.785
-0.59437
-0.36169
-0.10322
-0.017128
-0.0069777
0.00081666
0.068372
-0
-0
-0
0.006789
0.0017951
0.011202
0.0037759
0.00034312
0.004932
0.0044705
0.0062562
0.0041747
0.0043243
0.0044811
0.0070581
0.0053533
0.0084739
0.0048477
0.0081008
0.128
0.35503
0.63396
0.48656
0.54447
0.49449
0.49845
0.46335
0.52678
0.50803
0.43697
0.22722
0.20558
0.15955
0.14427
0.14416
0.15637
0.10978
0.11888
0.11518
0.10039
0.06701
0.031404
0.048156
0.055127
0.18127
0.49568
0.58674
0.5726
0.56893
0.37842
0.38152
0.37525
0.24314
0.29455
0.29224
0.30669
0.29925
0.31753
0.27099
0.25913
0.26694
0.27294
0.24678
0.21251
0.20968
0.28884
0.2449
0.26362
0.20527
0.086128
0.11959
0.00013745
-0.01924
-0.10964
-0.22417
-0.2218
-0.18892
-0.22047
-0.21953
-0.30594
-0.36559
-0.34417
-0.42003
-0.41853
-0.46549
-0.54761
-0.84348
-0.53975
-0.32023
-0.041457
-0.013304
0.0071735
-0.024904
0.049821
-0
-0
0.0012088
0.010833
-0.0012336
0.013021
0.0083132
0.00029718
0.008359
0.01049
0.0075577
0.0096815
0.0085746
0.0063135
0.007116
0.010877
0.0055942
0.0094231
0.0099176
0.21401
0.67194
0.89702
0.85773
0.75874
0.68049
0.65876
0.61304
0.78121
0.7231
0.60327
0.28072
0.26628
0.21664
0.20477
0.18004
0.17095
0.15043
0.14286
0.15294
0.10794
0.065775
0.043671
0.052375
0.08554
0.34367
0.91638
0.99248
1.0164
1.0289
0.80096
0.76815
0.7246
0.64478
0.65532
0.7697
0.70896
0.76653
0.74554
0.69572
0.68599
0.67349
0.68228
0.54668
0.4836
0.50203
0.55884
0.53975
0.54424
0.48629
0.27731
0.17857
0.010584
-0.051846
-0.12567
-0.22448
-0.22535
-0.15274
-0.1709
-0.22388
-0.28511
-0.28685
-0.3178
-0.33613
-0.43156
-0.39778
-0.48068
-0.83509
-0.46281
-0.26939
-0.056296
0.0014894
0.020116
-0.036124
0.048417
-0.0027008
-0
-0
0.014036
0.0093822
0.014719
0.0067637
0.0078374
0.018466
0.010768
0.014434
0.011049
0.010229
0.0059969
0.0096637
0.0085865
0.01501
0.013198
0.33947
0.22377
0.99796
1.3056
1.1204
1.0038
0.95067
0.79994
0.73705
0.86391
0.86241
0.68653
0.4498
0.35701
0.27973
0.19521
0.19368
0.1741
0.10788
0.098334
0.089001
0.052794
0.027569
0.021449
0.041437
0.033026
0.13467
0.6627
1.0527
1.2296
1.4545
1.1296
1.0582
1.0651
0.94575
0.93757
0.96541
1.0264
0.95388
0.96081
0.90408
0.81373
0.70671
0.73156
0.66511
0.52215
0.45002
0.46382
0.46631
0.44546
0.51382
0.30219
0.20074
-0.077206
-0.10024
-0.19605
-0.31758
-0.30968
-0.22207
-0.25487
-0.27326
-0.39511
-0.41603
-0.36217
-0.42391
-0.46177
-0.47782
-0.48867
-0.93319
-0.63169
-0.19935
-0.093456
-0.014488
0.016527
-0.016999
0.055762
-0
-0
-0
0.015172
0.010292
0.02314
0.010929
0.013036
0.014511
0.015954
0.016425
0.017147
0.016726
0.0098715
0.009673
0.014853
0.013427
0.013687
0.35966
0.33729
1.189
1.4548
1.6623
1.0685
1.1256
1.0593
0.87595
0.98376
1.0424
0.81494
0.60304
0.36524
0.28058
0.23195
0.19411
0.18827
0.13017
0.10945
0.078013
0.054004
0.033762
0.029025
0.049943
0.032046
0.20117
0.76573
1.2436
1.3632
1.606
1.4
1.2518
1.131
1.2627
1.1299
1.2905
1.3747
1.3412
1.3037
1.2629
1.1004
1.0893
1.0068
0.98687
0.79359
0.64813
0.68237
0.59578
0.54041
0.76909
0.50857
0.40842
-0.077904
-0.19033
-0.17021
-0.20416
-0.23735
-0.1848
-0.23245
-0.32899
-0.35982
-0.34598
-0.32838
-0.32667
-0.3226
-0.37997
-0.45061
-0.84995
-0.34587
-0.22457
-0.047915
-0.014908
0.0049684
-0.017794
0.020697
0
0
0
0.024485
0.0075081
0.024176
0.016472
0.0072947
0.01723
0.021612
0.014322
0.018347
0.016486
0.0094645
0.012583
0.0082024
0.012213
0.013422
0.36306
0.43866
1.1986
1.511
1.8756
1.1417
1.2085
1.0497
0.82638
1.2568
0.97931
0.74406
0.50953
0.31983
0.30155
0.22974
0.16994
0.14128
0.12459
0.10921
0.11562
0.099619
0.036734
0.011881
0.049105
0.051743
0.11141
0.94469
1.4705
1.6443
1.8767
1.6328
1.769
1.7672
1.7787
1.7768
1.7754
1.9796
1.9186
1.782
1.5831
1.7126
1.4822
1.5402
1.3977
1.308
1.2469
1.1842
1.0887
0.9455
0.95129
0.75597
0.39306
0.12348
-0.0045862
0.0050694
0.20308
0.22121
0.19914
0.21751
0.23954
0.3948
0.56544
0.72079
0.90959
1.06
1.1127
1.1336
1.2187
1.2652
1.308
1.2929
1.3478
1.2698
1.1838
1.1853
1.0545
1.0283
0.96357
0.81088
0.7475
0.55863
0.39481
0.40536
0.36421
0.2896
0.31426
0.22089
0.2042
0.14674
0.10836
0.11803
0.11827
0.14588
0.1788
0.16123
0.23319
0.29068
0.31718
0.52345
0.58233
0.72866
0.775
0.78213
0.83412
0.79146
0.84609
0.88641
0.81164
0.87026
0.68766
0.68465
0.69033
0.6494
0.54543
0.50687
0.44384
0.43269
0.41206
0.42919
0.38475
0.42236
0.36532
0.37523
0.36973
0.40361
0.35377
0.41362
0.43501
0.49996
0.48001
0.543
0.50063
0.53917
0.52929
0.52544
0.51701
0.55138
0.50398
0.52204
0.48157
0.50194
0.46128
0.46028
0.44084
0.48487
0.43236
0.44902
0.41496
0.43602
0.40392
0.43729
0.41689
0.45005
0.42673
0.47324
0.47441
0.45215
0.48675
0.47374
0.50943
0.46517
0.4697
0.47221
0.44377
0.48859
0.43299
0.47649
0.43359
0.45915
0.43589
0.43468
0.40268
0.43289
0.40268
0.40515
0.41157
0.44698
0.44229
0.41203
0.37924
0.40255
0.43437
0.40378
0.4376
0.39853
0.43606
0.41042
0.39738
0.40248
0.37756
0.39623
0.41523
0.37477
0.43054
0.41988
0.37955
0.42821
0.42473
0.39477
0.39743
0.39495
0.41661
0.40021
0.42169
0.40722
0.4331
0.39934
0.43493
0.43655
0.45018
0.42457
0.40014
0.47673
0.45729
0.50718
0.50887
0.47001
0.4928
0.48938
0.54102
0.52525
0.52374
0.55864
0.50975
0.51596
0.58731
0.60354
0.55984
0.5911
0.5518
0.58872
0.57589
0.57899
0.57707
0.58936
0.63579
0.62043
0.59036
0.63263
0.64307
0.60357
0.65997
0.61747
0.66011
0.67098
0.62137
0.6671
0.62826
0.66854
0.67385
0.62534
0.67334
0.63815
0.63108
0.62861
0.66927
0.62349
0.65299
0.62877
0.67987
0.6472
0.61219
0.6568
0.59868
0.63241
0.63447
0.63251
0.6129
0.61586
0.58359
0.60011
0.58462
0.58122
0.61611
0.58126
0.62394
0.59473
0.59886
0.6415
0.61893
0.63375
0.65967
0.66434
0.60333
0.62705
0.68067
0.666
0.6295
0.62151
0.64802
0.62216
0.66202
0.61685
0.63108
0.67925
0.61128
0.66869
0.64062
0.67463
0.63421
0.68332
0.63603
0.69023
0.66288
0.61871
0.65128
0.66113
0.63509
0.68323
0.63446
0.68513
0.63437
0.66932
0.63701
0.68561
0.67108
0.64336
0.69205
0.62213
0.64454
0.66463
0.63073
0.68928
0.62427
0.63413
0.67264
0.62425
0.61208
0.67432
0.62691
0.65784
0.63736
0.6921
0.64234
0.6291
0.67924
0.62183
0.68536
0.68928
0.65123
0.71242
0.70215
0.63949
0.70403
0.65735
0.65099
0.63938
0.67413
0.69608
0.68988
0.64739
0.70054
0.64747
0.69375
0.62494
0.69728
0.64376
0.67836
0.65065
0.68096
0.67717
0.643
0.70473
0.69668
0.69963
0.71058
0.63097
0.65686
0.70084
0.64372
0.71017
0.65862
0.69001
0.6524
0.65536
0.70569
0.65073
0.65025
0.701
0.6396
0.64662
0.69642
0.69185
0.62714
0.70064
0.64758
0.70929
0.68291
0.70064
0.66604
0.68773
0.65225
0.68294
0.69933
0.70398
0.69102
0.68523
0.65052
0.65035
0.64788
0.64783
0.67531
0.65966
0.71513
0.70614
0.65809
0.67464
0.7199
0.6617
0.70064
0.67232
0.67092
0.68184
0.74556
0.69811
0.74453
0.75802
0.70057
0.73748
0.75206
0.69745
0.73606
0.7379
0.67419
0.69478
0.6552
0.69729
0.66147
0.56768
0.56783
0.6154
0.60315
0.53713
0.59364
0.54249
0.56733
0.57633
0.55732
0.54532
0.61903
0.57932
0.62623
0.60942
0.67266
0.64029
0.69254
0.7094
0.6994
0.80258
0.93079
0.94865
0.67262
0.35567
0.40399
0.43665
0.95768
1.4587
1.9605
1.9807
2.1751
1.913
1.9791
1.815
1.7358
1.8901
1.9135
1.813
1.9089
1.8089
1.8663
1.6364
1.6898
1.7579
1.7908
1.7245
1.8004
1.5886
1.4178
1.2652
1.1158
1.0556
0.82617
0.397
0.52186
0.3188
0.20544
0.1428
0.07335
0.13863
0.051624
0.038132
-0.061336
-0.0021364
-0.46332
0.34706
0.070907
0.041239
0.026482
0.026546
0.010892
-0.0097441
-0.033473
0
0.023637
0.015932
0.012689
0.015043
0.0042747
-0.00081301
0.021786
0.01562
0.018612
0.0095887
0.0076629
0.009417
0.0056898
0.0076456
0.018102
0.10376
0.088718
0.52379
1.1173
1.6831
1.9281
1.3438
1.4976
1.2485
0.92983
0.71306
0.46778
0.3816
0.33964
0.26448
0.25593
0.30497
0.28862
0.30908
0.15112
0.072586
0.05701
0.071933
0.35299
0.80549
1.5434
2.027
2.239
2.694
2.8372
2.5433
2.5002
2.2039
1.9815
2.194
2.0463
2.1942
1.884
1.3173
1.2706
1.3449
1.1159
1.1567
0.97917
0.76824
0.36698
0.32001
0.22437
0.46897
0.63028
1.1752
1.1248
1.1837
0.87266
1.0046
1.0316
1.3053
1.2554
1.2657
1.1934
1.1731
1.0303
1.114
1.1442
1.0358
0.34719
0.1322
0.025707
-0.011965
0
0
0
-0.00047549
0
0.010669
0.023368
0.018098
0.0088316
0.0018837
0.0057107
0.0073053
0.012812
0.015173
0.0076204
0.015011
0.16278
0.65829
1.2866
1.2378
0.94965
0.95838
1.1097
0.69829
0.71263
0.69287
0.63179
0.66041
0.63684
0.68428
0.6951
0.68831
0.67749
0.33986
0.27937
0.33015
0.8019
1.3115
1.8118
2.9709
2.458
2.2902
2.0551
1.957
1.9296
1.7641
1.8326
1.6331
1.6291
1.4967
1.4712
1.4308
1.3594
1.3298
0.25024
0.10209
0.019133
0.066188
0.3352
0.45221
0.81628
0.89489
0.71829
0.76095
0.98541
1.2454
1.4252
1.4009
1.4641
1.2143
1.2204
0.6457
0.25423
0.13005
-0.0081152
-0.041138
-0.0018903
0
0
-0.00048304
0.0072388
0.01369
0.025801
0
0.010113
0.018602
0.007974
0.011236
0.0073613
0.014585
0.00851
0.01346
0.012961
0.011972
1.0238
0.89998
0.98727
1.1443
1.067
1.0439
0.92547
0.90584
0.68114
0.69606
0.62994
0.60084
0.60109
0.6699
0.64874
0.72105
0.68017
0.53546
0.33295
0.17119
0.31575
0.89554
2.6352
2.6166
2.5694
2.334
2.0735
2.1372
2.0348
2.1027
1.8473
1.6652
1.6736
1.547
1.4081
1.4313
1.3596
1.2888
1.146
1.1555
0.16928
0.070282
0.048816
0.30323
0.53086
0.60799
0.71141
0.67197
0.70834
1.0865
1.2158
1.2903
1.2351
1.1376
1.1708
1.0002
0.93981
1.1972
0.93473
0.43238
0.18622
0.11755
0.016592
-0.046941
0
0
0
0
0.01268
0.013232
0.0097209
0.0047846
0.015128
0.019357
0.0071164
0
0.0050559
0.014788
0.091057
0.22394
0.91307
1.656
1.1327
1.0649
1.089
1.3691
1.3339
1.1398
1.1043
0.88029
0.79394
0.77087
0.64602
0.62752
0.56869
0.51004
0.23005
0.14001
0.29608
0.88853
1.4273
1.8083
2.3016
2.7986
2.6608
2.8396
2.5908
2.2035
2.178
2.0775
2.1535
1.9259
1.8211
1.8646
1.6246
1.6481
1.4601
1.44
1.4097
1.4634
1.2429
1.2765
1.0718
0.94938
0.83085
0.25913
0.54458
0.61317
0.49291
0.66623
0.91809
0.94258
1.0931
1.0757
1.1192
1.0572
1.1325
0.97078
0.88771
1.0023
0.84602
0.45864
0.1962
0.085309
0.033987
-0.0095753
-0.00023781
0
-0.00077181
-0.00016373
0.0072344
0.011444
0.011008
0.0039425
0.016977
0.016923
0.0091729
0
0.013682
0.012997
0.01184
0.015482
0.0072662
0.01499
1.0382
1.0636
1.0925
1.1861
1.2851
1.1578
1.0717
0.95338
0.94556
0.84353
0.83371
0.77631
0.77628
0.71073
0.79961
0.81235
0.81167
0.71302
0.32107
0.21198
0.29041
0.66047
1.3143
1.8752
2.3291
2.6807
2.6178
2.5855
2.3703
2.2068
2.0477
1.9693
2.1807
2.1581
2.0014
1.8802
1.6741
1.6635
1.5904
1.5197
1.5333
1.1541
0.91051
0.76949
0.097059
0.20783
0.10772
0.090252
0.27435
0.4689
0.61848
0.64069
0.55343
0.7421
1.0215
1.0641
1.1516
1.1508
1.2109
1.0602
0.93765
0.99869
1.0667
0.91701
0.50567
0.20703
0.094999
0.040984
-0.0092864
0.00091536
0
0
0
0.011828
0.015851
0
0.0041689
0.016928
0.018396
0.00059997
0.0032254
0.016927
0.0063526
0.016681
0.011049
1.0165
1.7768
1.2055
1.1567
1.2868
1.3467
1.4744
1.2478
1.1255
0.98322
0.76282
0.70345
0.6759
0.62604
0.62598
0.6184
0.59183
0.65135
0.55579
0.46802
0.28709
0.12625
0.10911
0.64126
1.1552
1.7901
2.4889
2.4837
2.578
2.3721
2.2773
2.1152
2.1413
2.0761
2.2025
2.082
1.9097
1.8977
1.6198
1.6975
1.6363
1.491
1.4846
1.3376
0.89835
0.35156
0.12807
0.16798
0.24683
0.3482
0.70631
0.57386
0.55692
0.59713
0.91966
1.0211
1.0544
1.0868
1.0698
1.0129
1.0194
0.91515
0.83656
0.98989
0.99355
0.41948
0.20717
0.11745
0.021535
-0.0050431
0.00010509
-0.00017273
0
0
0.020882
0.0070326
0.011051
0.0097658
0.01495
0.011534
0.011622
0.0050162
0.010794
0.01291
0.0080905
0.0037118
0.013261
0.010604
1.3739
1.312
1.2837
1.336
1.4556
1.2407
1.2344
1.0003
0.83666
0.69174
0.69414
0.6035
0.54798
0.58558
0.56896
0.54628
0.57694
0.49785
0.32554
0.15268
0.14176
0.58483
1.2497
2.0153
2.3929
2.7542
2.5416
2.5882
2.287
2.0346
1.9636
2.0855
2.014
2.0124
1.8762
1.8255
1.6952
1.6291
1.4978
1.5473
1.3474
1.4149
1.2176
1.1951
0.091699
0.13426
0.1903
0.39167
0.68243
0.48444
0.56503
0.52015
0.84025
0.96937
0.93646
1.0296
0.93196
0.89641
0.86558
0.84399
0.92871
0.92675
0.91279
0.29911
0.16472
0.069019
0.014635
-0.015695
0
0
-0.00079421
0.0046606
0
0.0091085
0
0.003711
0.0052089
0.010749
0.0078424
0
0.0067502
0.0063492
0.0041283
0.0010988
0.0056332
0.003032
0.24006
0.17984
1.189
1.3722
1.3444
1.3092
1.1475
0.83814
0.79534
0.70543
0.55713
0.53713
0.52251
0.46518
0.53708
0.51565
0.51291
0.48956
0.29097
0.14163
0.17417
0.56668
1.2142
1.8173
2.4191
2.7549
2.6575
2.5709
2.3389
2.2753
2.2131
2.0466
2.0655
1.9868
1.9076
1.8939
1.6916
1.7191
1.639
1.5036
1.4859
1.3824
1.347
1.3017
0.26677
0.16489
0.13949
0.18342
0.465
0.52302
0.56841
0.56702
0.47746
0.80882
0.94787
1.0466
1.0931
1.0791
1.0037
1.0868
0.83329
0.94551
0.99701
0.90691
0.4077
0.2173
0.056363
0.068454
-0.0062884
0
0
-0.00051055
0.0023453
0.0079232
0.0075571
-0.0003764
0.010785
0.01066
0.011748
0.015052
0
0.011926
0.006386
0.010958
0.017193
0.0051213
0.0092327
0.31139
0.25987
0.99917
1.824
1.2407
1.2893
1.2758
1.3756
1.3945
1.2673
1.0571
0.96289
0.75061
0.66431
0.48585
0.52212
0.46516
0.38047
0.28154
0.13504
0.15816
0.60561
1.1105
1.8465
2.2542
2.5596
2.7707
2.5642
2.4698
2.0558
2.0624
2.0684
2.1137
2.0293
1.9726
1.6867
1.8038
1.6566
1.6627
1.449
1.3611
1.3374
1.1707
1.2192
1.1929
1.0762
0.8902
0.35989
0.15808
0.17473
0.1448
0.38115
0.59422
0.69429
0.60367
0.6024
0.76158
1.0039
1.0882
1.0435
1.0055
1.0651
1.0365
1.0749
0.98124
1.0997
0.82891
0.42317
0.18848
0.075689
0.011862
-0.014871
0
-0.00031144
0
0
0.013159
0.005674
0.0084965
0
0.011569
0.019986
0.0053612
0.0026645
0.010744
0.0082073
0.015011
0.0065054
0.0022576
0.0081596
0.24774
0.21791
0.90973
1.8753
1.2845
1.0981
1.2631
1.3767
1.2261
1.2207
1.0596
0.88895
0.86213
0.6777
0.65308
0.61376
0.55982
0.61122
0.57175
0.65635
0.62909
0.5184
0.34416
0.16201
0.21351
0.63496
1.1866
1.8202
2.2986
2.7642
2.6549
2.8694
2.4401
2.3151
2.0927
2.111
1.9823
2.1483
1.9815
1.9202
1.7005
1.6016
1.553
1.4915
1.4084
1.4136
1.3112
1.2396
1.1259
1.0051
0.80978
0.24215
0.15841
0.13358
0.12248
0.39187
0.40735
0.55814
0.55939
0.6157
0.89237
0.90768
1.0861
1.1289
1.1051
1.0291
1.0918
0.99365
0.98638
0.97773
0.94895
0.44241
0.1899
0.070681
0.013908
-0.0080112
0
0
-0.00075086
0
0.0043487
0.0039725
0
0.0052028
0.011646
0.002697
0
0
0.0048506
0.00010508
0.010765
0.0082714
0.00042119
0.0078497
0.26627
0.33547
1.0526
1.7811
1.3014
1.1871
1.2408
1.3995
1.3538
0.66397
0.63709
0.61052
0.56969
0.51366
0.60766
0.58356
0.62039
0.4377
0.21084
0.11017
0.14026
0.54237
1.1942
1.6896
2.3972
2.6769
2.6594
2.5725
2.1588
2.2596
2.0747
1.8926
1.7128
1.7156
1.6105
1.3779
1.3555
1.4466
1.252
1.2005
1.0981
0.96403
0.71811
0.20156
0.16769
0.11733
0.1374
0.24941
0.41683
0.69621
1.0593
1.0034
1.0821
1.0383
1.0292
0.92035
1.0908
0.96686
0.95006
0.48492
0.15534
0.064681
0.0037864
-0.0069276
0
0.014868
0.00035038
0.0003508
0.013301
0.0023286
0.010727
0
0.0081592
0.0017825
0.0097468
0.0062185
0.0041217
0.0054289
0.061793
0.24555
0.84951
1.0863
1.2324
1.3267
1.0873
0.90898
0.85553
0.81619
0.72188
0.58236
0.48704
0.50632
0.48174
0.53614
0.56192
0.50831
0.4114
0.258
0.12913
0.23234
0.6714
1.4109
1.8154
2.4642
2.4831
2.6715
2.4764
2.3202
2.056
1.951
2.1211
2.0089
2.0307
1.8806
1.79
1.684
1.4806
1.5242
1.4355
1.3131
1.3138
1.2263
1.1024
1.001
0.91657
0.72206
0.11901
0.16322
0.14125
0.11449
0.21457
0.46605
0.52525
0.52286
0.51919
0.71787
0.87531
1.0759
1.0265
1.0154
0.93102
0.9294
0.8332
0.88308
0.93235
0.75541
0.44093
0.18135
0.055969
-0.016806
-0.010598
0
0
0
0.0041203
0.0164
0.00038612
0.0060946
0
0.015873
0.010413
0.0071728
0.00095365
-0.00044223
0.0135
0.0081514
0.01428
0.0059309
0.012097
0.045759
0.30814
0.97016
1.767
1.2104
1.0438
1.1063
1.2747
1.2792
1.1476
1.0652
1.0148
0.7941
0.73333
0.62487
0.61545
0.5306
0.57007
0.60877
0.5979
0.64093
0.52943
0.28188
0.1386
0.15619
0.62355
1.3668
2.0246
2.231
2.6396
2.5465
2.4762
2.1559
2.2662
2.0077
1.9871
2.1559
2.1092
1.8434
1.8229
1.5597
1.6446
1.5487
1.4191
1.345
1.3296
1.1351
1.1247
1.0494
0.9348
0.70684
0.11423
0.2027
0.1853
0.090923
0.25213
0.39333
0.53125
0.53877
0.4353
0.8506
0.91259
1.066
0.98879
0.92542
0.95989
0.96776
0.79134
0.8192
0.98141
0.94734
0.28838
0.16717
0.091746
0.017404
-0.008384
-0.0013386
0
0
0
0.012773
0.0066041
0.0077301
0
0.004649
0.001023
0.0034719
0
0.0028404
0.002618
0.0085518
0
0.0035831
0.0012008
0.17448
0.25383
0.98609
1.7033
1.1864
1.1721
1.2706
1.3106
1.328
1.3133
1.0487
0.96033
0.80327
0.67838
0.62828
0.62458
0.58605
0.562
0.51339
0.56164
0.50379
0.35753
0.23232
0.11842
0.13033
0.7293
1.2751
1.966
2.2986
2.4923
2.5965
2.4704
2.2006
2.2072
2.0083
2.0108
2.1458
1.9974
1.9628
1.7012
1.7007
1.6061
1.4653
1.4616
1.4636
1.4259
1.1481
1.1233
0.99144
0.91199
0.72614
0.2495
0.1476
0.12086
0.1975
0.31651
0.38564
0.51006
0.37606
0.55115
0.87042
0.80953
0.92861
0.98172
0.85248
0.92369
0.84796
0.84686
0.6844
0.93051
0.81964
0.40383
0.1951
0.03232
-0.026453
-0.020058
-2.0216e-05
0
0
0
0.0041864
0.014527
0
0
0.013887
0.0090369
0.014113
0.0055724
0.0085218
0.0067129
0.014345
0.016596
0.0071498
0.0066275
0.26325
0.33628
1.1365
1.7096
1.3357
1.0517
1.1046
1.2944
1.4459
1.2225
1.0472
0.79558
0.75109
0.60861
0.58018
0.45043
0.45493
0.41676
0.41654
0.46499
0.44868
0.39807
0.23119
0.14697
0.17326
0.67393
1.3444
1.8827
2.1863
2.443
2.349
2.1887
2.3217
2.0055
2.1411
2.1085
1.9743
2.0853
1.7783
1.7699
1.5768
1.5492
1.6024
1.4525
1.4206
1.3503
1.2361
1.2309
1.0556
0.94423
0.88864
0.24287
0.14344
0.17786
0.27187
0.50396
0.53007
0.50844
0.51005
0.49605
0.77452
0.84263
0.98451
0.89902
0.87097
0.91682
0.88024
0.79239
0.77396
1.0106
0.77479
0.29951
0.12855
0.050714
-0.0034671
0
0
0
0
0.0056901
0.021961
0.012222
0
0.010311
0.022591
0
0.00091566
0.0054938
0.0094586
0.0132
0.014155
0.0010572
0.016717
0.24457
0.67282
1.175
1.7626
1.4689
1.3418
1.4615
1.4199
1.3888
1.3497
1.0936
0.87346
0.67989
0.64361
0.51659
0.41189
0.40344
0.41886
0.38624
0.44742
0.42864
0.34237
0.19276
0.12452
0.17614
0.69534
1.2317
1.8896
2.3431
2.5012
2.6605
2.474
2.1949
2.1825
1.9637
1.9668
2.1001
1.8688
1.8712
1.6545
1.7302
1.5548
1.5786
1.4127
1.3983
1.2795
1.1463
1.1305
0.99829
1.0629
0.74719
0.38859
0.17502
0.096249
0.26797
0.44465
0.52347
0.44568
0.41069
0.56587
0.64642
0.84848
0.82775
0.89265
0.85003
0.85805
0.67411
0.48676
0.60365
0.96582
0.65848
0.21524
0.13526
0.0039185
-0.045336
-0.012441
0
0
0
0
0.011408
0.005871
-0.00031662
0
0.017528
0.0099004
0.010931
0.0023912
0.010504
0.0035748
0.012869
0.01063
0.0062244
0.015932
0.17307
0.71704
1.1703
1.7859
1.4774
1.319
1.5078
1.5016
1.4948
1.4407
1.1251
0.96104
0.81446
0.66821
0.606
0.51471
0.50651
0.45331
0.49651
0.4808
0.50969
0.42698
0.26382
0.13877
0.12544
0.52302
1.0733
1.8061
2.1948
2.4125
2.7219
2.4471
2.3596
2.1554
2.0559
1.8577
1.9228
2.0179
1.9484
1.7586
1.6991
1.4928
1.5078
1.3633
1.3888
1.331
1.2558
1.0726
1.1308
1.0537
0.60911
0.29945
0.1969
0.16581
0.14031
0.25825
0.52097
0.58878
0.74422
0.49669
0.65595
0.95256
0.89724
0.98328
1.0417
0.99286
0.95339
0.99357
1.1129
1.2061
0.85697
0.46589
0.37808
0.35981
0.28463
0.22382
0.074105
0.023985
0.01276
0
0.011763
0.015371
0
0.0074514
0.01255
0.011635
0.0027832
0.0066109
0.012449
0.011552
0.0060983
0.012312
0.0057972
0.020352
0.097755
0.42025
1.0443
0.9795
0.89999
0.96714
0.90686
0.99979
0.94248
0.97271
0.85269
0.8148
0.72583
0.69103
0.58206
0.578
0.57709
0.54745
0.58649
0.53674
0.48461
0.41849
0.12619
0.14535
0.10479
0.3584
0.77312
0.90851
0.92068
0.87506
1.2657
1.238
1.2835
1.2831
1.4303
1.3445
1.3166
1.3569
1.236
1.2866
1.1764
1.1332
0.99491
0.83602
0.65598
0.62523
0.5434
0.48709
0.47789
0.43213
0.071283
-0.095959
-0.01613
0.037963
0.068379
-0.00052631
-0.032264
0.073164
0.072048
0.09037
0.13479
0.092269
0.081882
0.15823
0.1485
0.099645
0.094599
-0.4346
-0.052918
0.13943
0.044265
0.0076097
0.0030163
-0.040633
-0.03014
-0.012599
-8.0975e-05
-0
0.0042127
0.0095936
0.012093
0.010689
0.012831
0.01019
0.0057773
0.0037651
0.013834
0.0071702
0.0068965
0.0078641
0.019937
0.015592
0.0079362
0.10039
0.16125
0.49593
0.95171
0.93183
0.93596
0.77275
0.88305
0.81515
0.86171
0.85798
0.79648
0.623
0.63998
0.60529
0.57406
0.50672
0.44806
0.47926
0.47783
0.53663
0.45867
0.3062
0.11537
0.089178
0.094566
0.58884
0.82373
0.91881
0.89209
0.98932
1.2471
1.3956
1.2406
1.3707
1.3071
1.3141
1.3344
1.213
1.2954
1.1855
1.0891
1.1021
0.9634
0.77265
0.72944
0.61827
0.6815
0.60997
0.5757
0.54234
0.3055
-0.031816
0.032042
0.037694
0.016212
0.10387
0.076909
0.23001
0.18842
0.27238
0.34423
0.28897
0.31528
0.31303
0.2574
0.29303
0.18623
-0.73216
0.078723
0.33531
0.27286
0.10411
-0.02608
-0.029166
-0.014195
-0
-0
-0
-0.00065563
-0
0.0052977
0.013207
0.005316
0.0056986
0.013488
0.0096879
0.0074516
0.0091741
0.006189
0.007251
0.0070836
0.011338
0.0078384
0.028526
0.28294
0.7939
0.82654
0.42395
0.76528
0.74256
0.62477
0.6084
0.77101
0.70408
0.65106
0.62635
0.53778
0.39382
0.31392
0.32326
0.27475
0.19235
0.1307
0.081171
0.072089
0.074557
0.050644
0.032895
0.021709
0.039604
0.043588
0.088441
0.1096
0.15535
0.16997
0.26636
0.2848
0.28733
0.35302
0.35358
0.337
0.36091
0.37137
0.34067
0.39741
0.34541
0.32078
0.26684
0.20969
0.19387
0.17199
0.17681
0.13059
0.14813
0.13908
0.25721
0.22157
0.24354
0.20938
0.1883
0.20402
0.19566
0.20375
0.19375
0.23889
0.26354
0.24838
0.29312
0.29299
0.27674
0.27742
0.27699
0.26335
0.26586
0.25809
0.24012
0.24724
0.21724
0.23139
0.21349
0.20347
0.19355
0.18146
0.13863
0.18326
0.17835
0.15919
0.20591
0.16824
0.19931
0.16377
0.16292
0.18298
0.18296
0.22935
0.21449
0.21277
0.21122
0.20362
0.20021
0.22644
0.2095
0.2186
0.19666
0.20776
0.20361
0.20466
0.20352
0.1805
0.19286
0.19007
0.16488
0.18847
0.1969
0.18221
0.21195
0.17753
0.17636
0.21284
0.21441
0.19995
0.22853
0.20481
0.2304
0.19722
0.23049
0.21652
0.18967
0.19069
0.20798
0.21158
0.22023
0.19679
0.20007
0.2142
0.19269
0.215
0.21511
0.19416
0.21874
0.18172
0.16895
0.19755
0.17874
0.19846
0.18925
0.21262
0.1907
0.20706
0.20628
0.20102
0.21795
0.25783
0.21636
0.25659
0.25515
0.25093
0.27944
0.31915
0.29534
0.31976
0.27872
0.31077
0.27751
0.27376
0.27131
0.23826
0.28768
0.27565
0.26679
0.2943
0.3075
0.27865
0.30017
0.2898
0.25164
0.25703
0.24851
0.25092
0.22056
0.25118
0.22259
0.23565
0.21293
0.19121
0.20086
0.2033
0.17914
0.19364
0.19943
0.17772
0.19728
0.19415
0.17743
0.17166
0.15804
0.1752
0.19561
0.20948
0.23856
0.25156
0.22501
0.23055
0.24101
0.21794
0.2407
0.20457
0.24647
0.233
0.24122
0.26342
0.26801
0.23763
0.25504
0.2379
0.24293
0.2505
0.23574
0.22988
0.23406
0.2267
0.23958
0.20315
0.23214
0.21354
0.22483
0.24395
0.23321
0.22578
0.26431
0.24988
0.26391
0.24923
0.27821
0.27397
0.27127
0.26225
0.28272
0.26267
0.28481
0.26197
0.27879
0.2778
0.25169
0.25067
0.26422
0.24296
0.26877
0.24876
0.24491
0.26582
0.25199
0.26403
0.25267
0.24622
0.27022
0.23966
0.26443
0.27383
0.26025
0.30284
0.30102
0.29758
0.25983
0.30853
0.28846
0.30756
0.29027
0.31113
0.29093
0.31602
0.30161
0.27704
0.26827
0.2949
0.24532
0.28213
0.2727
0.26141
0.26484
0.27712
0.26227
0.28419
0.26021
0.29155
0.26472
0.29344
0.30145
0.32602
0.2829
0.31003
0.2938
0.31958
0.32407
0.30069
0.34056
0.30585
0.30437
0.32403
0.30073
0.30279
0.30156
0.3127
0.27629
0.31849
0.30441
0.30448
0.2938
0.30588
0.2924
0.31956
0.30675
0.2977
0.31454
0.31691
0.30624
0.32093
0.30741
0.32875
0.29051
0.29285
0.30018
0.31139
0.32187
0.32566
0.29942
0.31808
0.28328
0.30315
0.31833
0.29134
0.29775
0.30295
0.28449
0.31113
0.29389
0.31193
0.2848
0.29471
0.28939
0.32251
0.30932
0.33765
0.34693
0.31997
0.34825
0.33759
0.32428
0.31105
0.3438
0.30758
0.29939
0.32108
0.29683
0.30757
0.2819
0.28078
0.29231
0.27306
0.31087
0.26489
0.30027
0.31223
0.35076
0.3405
0.30705
0.34598
0.34097
0.30967
0.31125
0.2896
0.29745
0.2941
0.30379
0.31013
0.32466
0.33308
0.30179
0.29552
0.32503
0.32853
0.32437
0.3017
0.31713
0.29904
0.30663
0.32429
0.31007
0.30331
0.32678
0.32247
0.32017
0.31672
0.33995
0.30686
0.34306
0.32939
0.30967
0.32668
0.32606
0.30059
0.33308
0.30571
0.33135
0.30206
0.31861
0.31897
0.35069
0.35072
0.32434
0.34226
0.361
0.32885
0.3642
0.34097
0.38534
0.35307
0.35708
0.36305
0.34943
0.33216
0.33903
0.35438
0.31509
0.33059
0.35505
0.3396
0.36518
0.33836
0.36278
0.36735
0.34531
0.36584
0.34699
0.35559
0.38933
0.388
0.35642
0.37556
0.34712
0.37051
0.33995
0.3439
0.35967
0.35038
0.33937
0.31932
0.31035
0.33072
0.32179
0.34869
0.33682
0.33992
0.37886
0.34958
0.37808
0.36786
0.36767
0.38094
0.34904
0.36586
0.33072
0.34127
0.36844
0.32623
0.32735
0.35897
0.33403
0.3504
0.31321
0.32063
0.34597
0.32413
0.36087
0.33695
0.36147
0.33334
0.33275
0.36939
0.36317
0.31886
0.35905
0.32191
0.33868
0.34605
0.30092
0.34611
0.36161
0.41249
0.43708
0.45399
0.52094
0.5103
0.57169
0.51824
0.50761
0.49142
0.47171
0.46638
0.45071
0.43909
0.3884
-0.5101
0.3631
0.20525
0.23647
0.13385
0.16679
0.16459
0.040273
-0
0.011466
0.0072501
-0
-0
-0
0
0
0.014775
0
0
0
0.0026774
0.013025
0.0090708
0.0084436
0.011247
0.016231
0.74727
0.21183
0.18004
0.21575
0.325
0.33542
0.47951
0.48932
0.4794
0.4958
0.4771
0.48295
0.53885
0.41551
0.29038
0.095041
0.13021
0.34584
0.43682
0.36187
0.27798
0.15796
0.094843
0.17676
0.17919
0.21821
0.058026
0.13534
0.1536
0.14423
0.12949
0.18041
0.13437
0.12278
0.2635
0.254
0.3362
0.56883
0.65823
0.75258
0.52245
0.15626
0.071449
0.15915
0.34939
0.35584
0.39719
0.41285
0.39278
0.34716
0.38342
0.34437
0.33994
-0.29529
0.26284
0.37273
0.25807
0.287
0.13691
0.053369
0.017666
-0.0028633
-7.9184e-05
0.0050101
-0.0016059
-0
0.0048138
-0
-0.0018745
-0.0012101
-0.002909
-0
0.0046685
0.0060948
0.0041179
0.40171
0.08661
0.043716
0.089359
0.16569
0.18903
0.14241
0.12641
0.15881
0.23824
0.25618
0.15164
0.13452
0.15391
0.15275
0.19022
0.16124
0.1767
0.2526
0.29626
0.27496
0.32361
0.24938
0.23557
0.21036
0.36329
0.27322
0.22873
0.27631
0.25199
0.16625
0.22314
0.29898
0.26565
0.32758
0.28517
0.32133
0.53807
0.54012
0.45312
0.44457
0.40039
0.21044
0.1461
0.15608
0.06388
0.030923
-0.00082812
0.014392
0.078214
0.10554
0.10885
0.046523
-0.53823
0.19948
0.20176
0.23332
0.12895
0.1206
0.30934
0.3917
0.29023
0.087684
0.035478
0.0056323
0.0093608
0.01337
0.002598
0.0023037
-0.0019957
0.010295
-9.364e-05
-0.0019573
0.00074144
-0.0041114
0.010923
-0.00056554
0.010024
0.032499
0.53364
0.20064
0.41664
0.28628
0.31965
0.43724
0.46329
0.39313
0.30699
0.14134
0.1303
0.14933
0.12671
0.15288
0.14408
0.026519
0.024011
0.041398
0.070986
0.22488
0.44664
0.51402
0.36194
0.35129
0.31757
0.32724
0.40696
0.55418
0.59209
0.73029
0.65833
0.61168
0.62525
0.6116
0.64513
0.7114
0.9229
0.93349
0.9426
0.94204
0.82195
0.5753
0.20278
0.1853
0.36503
0.36287
0.34779
0.28788
0.31207
0.39348
0.38336
0.41987
0.48497
0.44425
0.42932
0.49204
0.45197
0.21234
0.20379
0.28143
0.42478
0.35932
0.16831
0.099163
0.032056
0.0090494
0.0071803
0.0063207
0.0077214
0.006411
0.0047944
-0
-0.0028972
-0.00059022
-0
0.0088867
0.018388
0.018561
0.12402
-0.24984
0.086811
0.035618
0.13988
0.12799
0.034692
-0.045917
-0.096778
-0.0081624
-0.0038345
0.0047188
-0.0017528
-0.00025317
-0.013541
-0.10495
-0.084143
0.015834
0.031758
0.076773
0.27544
0.29783
0.16259
0.16128
0.17564
0.11594
0.21864
0.31122
0.3182
0.36125
0.35117
0.39035
0.4205
0.36955
0.44895
0.45145
0.5235
0.59201
0.6667
0.62972
0.79738
0.77378
0.60338
0.4654
0.11807
0.11241
0.25768
0.26342
0.23988
0.22877
0.26458
0.25635
0.2953
0.35467
0.28241
0.2342
0.25686
0.21725
0.17929
0.14767
0.14989
0.23991
0.35798
0.27846
0.13077
0.05799
0.01563
0.010155
0.0063997
0.0068372
-0.0016255
-0
0.0041147
0.00075907
-0
-0.0010664
-0.0037516
-0.00019884
0
0.0048497
0.0031385
0.11266
-0.039281
0.18133
0.097159
0.14404
0.21137
0.18769
0.088146
0.053403
0.074987
0.067874
0.1184
0.088833
0.01095
0.039082
0.0069421
-0.026914
0.013374
0.031754
0.073319
0.31107
0.27591
0.195
0.21849
0.16614
0.083241
0.17211
0.44023
0.31869
0.38141
0.40229
0.33777
0.32865
0.54645
0.58477
0.52699
0.6549
0.60511
0.73024
0.76353
0.6178
0.64353
0.40489
0.22434
0.1639
0.35891
0.31884
0.25789
0.21159
0.24907
0.25276
0.32932
0.24306
0.2452
-0.4897
0.15547
0.34271
0.24247
0.13838
0.14896
0.25568
0.34332
0.32558
0.12727
0.067039
0.021145
0.0082898
-0.0036271
0.0020636
-0.0029785
-0
0.0001777
-0
-0.00086552
-0
-0.0012529
0.0014241
0.0005455
0
-0.081252
-0.14775
0.12738
0.065706
0.12115
0.14864
0.11378
-0.060211
0.003964
0.0079436
0.01891
0.058015
0.017768
-0.019782
-0.12803
-0.077158
0.0052971
0.019198
0.076392
0.27803
0.33138
0.21763
0.26993
0.1519
0.18166
0.23312
0.37094
0.32625
0.32549
0.33458
0.48298
0.40339
0.41941
0.45294
0.43359
0.46507
0.55092
0.55942
0.5216
0.54664
0.33136
0.23283
0.1734
0.21169
0.24481
0.22263
0.029943
0.045666
0.092716
0.08623
0.1088
0.083767
-0.020447
-0.75284
0.20275
0.07484
0.13537
0.079024
0.080838
0.28543
0.36576
0.26295
0.0031407
0.012047
-0.0012512
0.0048443
0.005386
0.0011066
-0.0030013
-0.0027467
-0.0010836
-0.0041933
0
7.8775e-05
0.0045213
0.0011181
0.0074013
0.00013014
0.053478
0.29186
0.31326
0.32304
0.16263
0.085839
0.079994
0.050624
0.083718
0.04921
0.067269
0.03245
0.025277
0.016969
0.020169
-0.072748
-0.01752
0.0053163
0.25552
0.17104
0.18367
0.15104
0.19684
0.40296
0.33074
0.3743
0.42809
0.37502
0.44431
0.49904
0.48848
0.49381
0.54902
0.65673
0.59494
0.6781
0.62945
0.69995
0.51176
0.34498
0.34191
0.51102
0.46664
0.41538
0.27971
0.14804
0.17056
0.22071
0.17518
0.2475
0.28214
0.24578
0.24847
0.16
0.15904
0.077181
0.11516
0.28911
0.35908
0.24486
0.10491
0.073894
0.018389
0.0028924
0.004653
0.0078359
-0
0.0085658
-0
-0
0.0062998
-0
0.0065288
0.0013494
0.0088845
0.018974
-0.031976
-0.077268
0.18292
0.19508
0.27109
0.33191
0.20196
0.09434
0.063209
0.047397
0.09145
0.083904
0.014123
-0.00093474
-0.036897
-0.061556
-0.014669
0.013649
0.033672
0.04397
0.18128
0.23485
0.18537
0.083222
0.22508
0.24242
0.18355
0.31669
0.4104
0.47468
0.46447
0.53146
0.6545
0.65907
0.75352
0.73377
0.71431
0.70222
0.847
0.86237
0.8657
0.66293
0.50924
0.35751
0.31411
0.29294
0.34566
0.34987
0.32067
0.3279
0.33998
0.2928
0.28296
0.24625
-0.42257
0.31617
0.24872
0.27601
0.31402
0.058415
0.055298
0.017102
0.0094807
0.004166
0.0014636
-0.00011222
-0.00087168
0.018337
-0
-0.00039281
-0.00065143
-0.0028321
-0.00079356
-0.00021632
0.0040487
0.00047783
-0.0007549
0.0077233
0.078573
0.076302
-0.089894
0.19472
0.13886
0.18877
0.20876
0.22048
0.11948
0.066905
0.075451
0.063829
0.10202
0.055264
0.033105
0.04965
0.036304
0.033657
-0.036739
-0.050577
-0.029074
0.023843
0.035368
0.10849
0.30823
0.35612
0.2278
0.2635
0.19967
0.16249
0.21912
0.39144
0.4156
0.43213
0.50992
0.45435
0.49147
0.45966
0.55829
0.59543
0.70595
0.7328
0.82469
0.74712
0.83138
0.87517
0.93194
0.97354
0.8961
0.66179
0.60611
0.2367
0.18402
0.27766
0.40374
0.36015
0.28162
0.30399
0.44957
0.45704
0.49054
0.40733
0.41602
0.45723
0.37687
0.397
-0.31382
0.51679
0.55614
0.3022
0.16979
0.14673
0.27096
0.3529
0.31911
0.10548
0.11736
0.01669
0.0054753
-0.002061
-6.0812e-05
-0.001899
-0.002462
0.0015104
-0.0040463
-0
-0.00067083
-0.0038401
-0.00039396
0
0.00054202
0.0013415
0
0.013259
0.020033
0.084811
-0.083654
0.15555
0.079858
0.15924
0.21175
0.18444
0.092907
0.059457
0.073117
0.036202
0.048811
0.049126
0.042398
0.067655
0.037687
-0.030975
-0.051024
-0.088515
-0.047417
0.0087338
0.035788
0.083502
0.22531
0.20913
0.15994
0.20951
0.21078
0.16448
0.26842
0.33937
0.40454
0.47804
0.44412
0.44825
0.38511
0.4513
0.44384
0.47692
0.54693
0.63405
0.66697
0.67338
0.65994
0.74084
0.84584
0.8121
0.72933
0.6826
0.50902
0.22772
0.18718
0.34213
0.35708
0.413
0.30957
0.29201
0.32209
0.38335
0.37592
0.29995
0.32237
0.27159
0.20931
0.18705
-0.45959
0.3552
0.3871
0.26397
0.12489
0.12468
0.25874
0.31218
0.25625
0.12724
0.080714
0.018933
0.0062609
0.0077752
0.0046287
-0.0038551
-0.0010767
0.0082141
-0.00059198
-0
-0.00071271
-0.001818
-0.0031032
-0.0022898
-0.00079862
0.0014234
0.012094
0.024104
0.10064
-0.14638
0.19986
0.22471
0.29063
0.31673
0.2795
0.10374
0.028983
0.090002
0.071165
0.063594
0.068111
0.07076
0.042374
0.021218
-0.050037
-0.008542
-0.064259
-0.026845
0.016424
0.034908
0.067858
0.24203
0.37907
0.2027
0.26915
0.13997
0.18282
0.21727
0.39292
0.43657
0.40856
0.47216
0.42982
0.47106
0.41521
0.54643
0.59508
0.64467
0.69102
0.75065
0.64209
0.73182
0.81559
0.83974
0.96081
0.86746
0.75579
0.60301
0.29765
0.24476
0.44753
0.51441
0.45391
0.37912
0.45178
0.42625
0.36745
0.32648
-0.5561
0.56104
0.48562
0.30202
0.18569
0.19035
0.36881
0.40962
0.242
0.15782
0.0084729
0.0063975
-0.004694
-0.0023646
-0
-0.00033312
-0
-0.0030016
-0.0014828
-0.0010759
-0.0029459
-0.0010179
0
-0.0023422
0.0060945
0.018476
0.1836
0.25448
0.35926
0.20018
0.086515
0.031678
0.066185
0.076921
0.055598
0.037949
0.035326
0.0077447
0.015138
-0.028114
-0.050552
0.11582
0.3766
0.41591
0.3397
0.25419
0.24797
0.12179
0.29781
0.4124
0.46601
0.4784
0.48999
0.45695
0.51905
0.53557
0.78486
0.72114
0.75138
0.83165
0.84138
0.88508
0.93128
0.82503
0.78999
0.53603
0.51381
0.51319
0.52944
0.42552
0.32578
0.38031
0.41255
0.42597
0.33771
0.32274
-0.47728
0.35309
0.4646
0.33898
0.14704
0.20885
0.37465
0.3948
0.30994
0.0067021
0.0023668
0.0033066
0.0015328
0.0053886
0.0021442
-0.0023275
-0
-0.001276
-0.0022971
-0
0.00075686
0.00026604
0.0082756
0.0041831
0
-0.0076711
-0.19751
0.058406
0.040637
0.11225
0.16923
0.083622
0.029097
0.022195
0.030309
0.013599
0.010345
0.033197
0.029969
0.048138
0.010247
-0.029456
-0.085147
-0.15527
-0.065915
0.013258
0.036441
0.093328
0.2462
0.21243
0.14814
0.11296
0.11757
0.10897
0.20325
0.30722
0.34853
0.37423
0.30749
0.31271
0.2062
0.33133
0.32746
0.42037
0.46082
0.54055
0.58604
0.53426
0.54062
0.54949
0.56653
0.61918
0.61365
0.57243
0.4657
0.30259
0.27046
0.33812
0.28749
0.17854
0.13492
0.17602
0.16096
0.15365
0.17669
0.22342
0.2096
0.20842
0.21019
0.15742
-0.5234
0.1836
0.14194
0.23122
0.13848
0.097077
0.3009
0.44222
0.29821
0.061382
0.0094263
0.015488
0.00092295
0.0050069
0.0065336
-0.00021484
-0.00050781
0.0039282
0.0029019
-0.00073021
8.0116e-05
0
-0.0021931
0
0.0028851
0.0013706
0.0062042
0.0070542
0
0.14782
-0.012806
0.20121
0.14443
0.20622
0.2269
0.26901
0.18378
0.13612
0.13117
0.092161
0.085681
0.090319
0.079882
0.083823
0.062127
0.079332
0.0078221
-0.10342
-0.04379
0.009641
0.048112
0.086123
0.27238
0.37924
0.31684
0.2262
0.23383
0.22474
0.31397
0.38574
0.35102
0.3294
0.36114
0.44788
0.42344
0.43171
0.42717
0.54752
0.50253
0.52291
0.59518
0.56616
0.67921
0.7776
0.72313
0.72197
0.72566
0.59466
0.51287
0.33129
0.32879
0.39205
0.37272
0.25382
0.23908
0.1412
0.1656
0.1211
0.1764
0.20925
0.21644
0.2471
0.2432
0.12081
-0.67508
0.42006
0.20581
0.18542
0.085213
0.12
0.29157
0.3926
0.26821
0.13075
0.052578
0.01758
0.0042602
0.0044911
0.001771
-0
0.00032561
-0
-0
0.0011743
0.00062139
-0.00099636
-0.0016525
0
0.00040039
0.0043795
0.0045238
0.01383
0.024755
-0.039074
-0.075021
0.20871
0.17807
0.20136
0.21146
0.22264
0.11135
0.067599
0.095043
0.065803
0.069931
0.054996
0.072253
0.05317
0.034759
-0.011924
-0.073652
-0.032082
-0.026136
0.024599
0.044473
0.066962
0.16627
0.17194
0.20727
0.068701
0.095379
0.11851
0.13942
0.26591
0.36932
0.28951
0.38166
0.32285
0.31145
0.37734
0.4216
0.53281
0.51095
0.54283
0.63614
0.56237
0.59432
0.69056
0.70086
0.82463
0.78269
0.77475
0.5545
0.36675
0.44762
0.43547
0.42093
0.28522
0.19135
0.18114
0.15189
0.14857
0.14859
0.21263
0.25216
0.25353
0.23437
0.19714
-0.53131
0.43614
0.20862
0.13792
0.031989
0.10224
0.20105
0.33864
0.25699
0.060336
0.018986
0.019773
0.001327
0.0039017
0.0033724
-0.0039937
-0
0.0070468
0.00056406
-0
0
-0.002277
0
0.00201
0.00012772
0
0.0010789
0.011253
0
0.0031709
-0.12713
0.13066
0.13851
0.1966
0.25194
0.23908
0.09459
0.036834
0.075072
0.075829
0.078819
0.066101
0.092054
0.073856
0.046334
-0.024829
-0.050805
-0.054791
-0.052123
0.012426
0.04739
0.10029
0.14902
0.21903
0.17081
0.10634
0.30077
0.12609
0.24497
0.36879
0.3897
0.28468
0.44562
0.41589
0.37657
0.39079
0.47187
0.54161
0.58017
0.71241
0.64058
0.63261
0.69129
0.65286
0.7815
0.80484
0.85055
0.72692
0.69589
0.47542
0.46672
0.46013
0.50885
0.41058
0.27587
0.21121
0.23452
0.27709
0.26554
0.26866
0.30563
0.28371
0.28099
0.1889
-0.66305
0.4872
0.25121
0.21362
0.070599
0.063856
0.22126
0.30346
0.23188
0.13075
0.045095
0.011127
0.00060151
0.0042869
0.0046967
-0.0013778
0.0074622
0.0036878
-0.00094796
0.0023404
-0
-0.00053133
-0.0011156
0
-0.00027532
0
-0.0009218
0.0047513
0.0065964
0.028651
-0.013755
0.25791
0.184
0.24863
0.2989
0.26318
0.10971
0.047388
0.068444
0.056928
0.056476
0.072278
0.070968
0.077535
0.033361
-0.034474
-0.032948
-0.027507
-0.00591
0.019916
0.033458
0.054551
0.17768
0.19298
0.21515
0.11598
0.22519
0.11273
0.21591
0.31714
0.43662
0.36471
0.47935
0.49057
0.47106
0.48792
0.49792
0.50634
0.61037
0.61601
0.74163
0.67244
0.72586
0.75069
0.78658
0.89779
0.8404
0.76424
0.73644
0.42367
0.39018
0.40516
0.3372
0.32274
0.27013
0.28265
0.25977
0.28864
0.31481
0.29183
0.19844
0.22252
0.18512
0.15779
-0.57371
0.4739
0.23684
0.21873
0.077293
0.089102
0.23902
0.27894
0.25972
0.0794
0.091515
0.01227
0.0070999
-0.0013202
0.00029629
-0.0028205
-0
0.0026676
0.00046179
-0
-0.0019527
-0
0
-0.0018991
0.0058812
-0.0012791
0.0096741
0.0086606
0.010634
0.10631
-0.12964
0.24438
0.079359
0.17783
0.25024
0.19739
0.10846
0.041302
0.10145
0.097513
0.1001
0.075071
0.081322
0.015336
0.030298
0.0011274
-0.011444
0.0034497
-0.022912
0.027333
0.038365
0.061149
0.2013
0.17539
0.13842
0.15905
0.25744
0.084146
0.14928
0.35865
0.44981
0.38102
0.51336
0.46614
0.4311
0.40514
0.40296
0.53724
0.55504
0.65329
0.68871
0.70326
0.658
0.76964
0.86375
0.8964
0.88847
0.75725
0.57104
0.35223
0.27322
0.33425
0.2934
0.34458
0.29105
0.25421
0.37866
0.30928
0.30408
0.30006
0.25294
0.24553
0.24594
0.23453
-0.41411
0.30511
0.30401
0.23078
0.13441
0.12923
0.2607
0.33194
0.22291
0.083645
0.044419
0.012049
-0.0052351
-0
-0.0029658
-0.000293
-0.0018387
0.00032949
-0.00021356
-0
-0.00023346
-0
-0.00031282
0
0.00068066
0.0013007
0.0074157
0.011896
0.045819
0.076902
-0.18544
0.13688
0.070684
0.13792
0.25194
0.13018
0.035823
0.075342
0.08502
0.090809
0.085689
0.081212
0.064374
0.052023
0.057654
0.014192
-0.010109
0.017591
0.0024495
0.021119
0.036211
0.094536
0.26643
0.1829
0.21096
0.19686
0.26122
0.20736
0.17319
0.33936
0.42338
0.47724
0.41891
0.51349
0.43955
0.42586
0.47032
0.47224
0.60071
0.63448
0.70457
0.70725
0.72435
0.82363
0.82011
0.92268
0.80904
0.83306
0.70092
0.51198
0.39
0.31373
0.32274
0.3416
0.33584
0.35122
0.34095
0.33845
0.41626
0.36341
0.3439
0.32578
0.33345
0.28133
-0.40708
0.35158
0.33526
0.28119
0.16096
0.14538
0.26177
0.29002
0.22621
0.070349
0.07504
0.01134
-0.00051955
0.0040809
0.005787
-0.00031078
-0.0028782
0.0067803
-0.0052925
-0
0.00079312
-0
0.0016372
0
0.00029694
0.0018451
0.0053921
0.0071897
0
-0.061211
-0.10068
0.14673
0.085033
0.16134
0.1983
0.16284
0.076275
-0.0183
0.050535
0.044648
0.064713
0.060166
0.053221
0.042552
0.011832
-0.037327
-0.010783
-0.047409
-0.037412
0.011916
0.03905
0.13745
0.32504
0.35394
0.26749
0.26275
0.24443
0.21451
0.27256
0.47795
0.55552
0.509
0.54544
0.46775
0.49743
0.54037
0.51653
0.55632
0.67792
0.68273
0.77371
0.69863
0.72184
0.75518
0.83305
0.85565
0.89167
0.69232
0.64435
0.41325
0.28922
0.39307
0.35196
0.28391
0.25977
0.28911
0.33879
0.36894
0.43144
0.39809
0.41867
0.37612
0.36849
0.34939
-0.33737
0.32107
0.41724
0.37291
0.17821
0.1753
0.24469
0.28723
0.29473
0.14454
0.046206
0.021027
0.018125
0.0054335
0.0076016
-0
-0.00025159
-0
-0.0022371
-0.0017036
-0.00056395
-0.0010013
-0.0046901
0
0
0.0011095
0
0.0042786
0
-0.10533
-0.14523
0.11151
0.073699
0.1764
0.24364
0.1842
0.04476
-0.049697
0.023961
0.041864
0.049177
0.059969
0.029164
0.040745
0.027117
-0.041726
-0.029343
-0.059232
-0.03336
0.022108
0.028769
0.056031
0.17396
0.1999
0.23077
0.15717
0.14748
0.076667
0.14582
0.38953
0.36591
0.45427
0.44969
0.37486
0.40719
0.51004
0.43489
0.53228
0.47909
0.60613
0.57542
0.56698
0.58507
0.60493
0.67012
0.71932
0.6585
0.43623
0.30222
0.07111
0.13204
0.060397
0.062921
0.049857
0.0044159
-0.0048073
-0.046292
-0.026118
-0.046322
-0.034248
-0.043541
-0.020404
-0.021331
-0.05896
-0.65758
-0.074335
-0.0045316
0.15191
0.094607
0.10044
0.12219
0.1539
0.18955
0.017453
0.01357
0.0075788
-0.0054576
-0.00043017
-0.0022593
-0.0031003
-0
-0
-7.7231e-05
-0.0016087
-0
-0.0037169
-0.0028325
-0
0.0053812
0.0050329
0.0020535
0.0054148
-0.0015292
-0.15593
-0.30339
-0.029276
-0.075516
-0.07615
0.079121
0.03834
-0.14371
-0.0954
-0.10172
-0.053403
-0.094325
-0.060873
-0.066091
-0.084122
-0.08559
-0.11001
-0.14035
-0.16408
-0.11309
-0.0022225
0.047841
0.073188
0.045164
0.095376
0.26554
0.16221
0.14737
0.10696
0.11974
0.17959
0.26058
0.24448
0.18887
0.15018
0.19632
0.25676
0.21314
0.22543
0.24264
0.31457
0.40503
0.39852
0.41722
0.4931
0.63412
0.69293
0.74771
0.6481
0.68325
0.77458
0.38587
0.25062
0.13194
0.19211
0.23013
-0.064504
-0.11411
-0.18866
-0.1971
-0.20185
-0.19138
-0.12509
-0.079416
-0.10818
-0.62529
-0.0141
0.013856
0.020784
-0.0018139
0.053024
0.069895
0.022675
-0
0.005868
0.0099356
-0
-0.0076274
-0
-0.0021418
-0.0021995
0
0
0
0
-0.0034091
0
0.0048366
0
0.0052626
0.005403
0.0015708
0.01282
0.016545
0.023912
-0.06284
0.043142
0
0
0
0
0
0
0
0.0088173
0.0085008
-0.027921
0.00040767
-0.021075
0.0038422
0.0388
0.049394
-0.10063
-0.21054
-0.064796
-0.050398
0.051741
0.14326
0.3579
0.37001
0.42102
0.50028
0.23554
0.35762
0.3957
0.22171
0.25968
0.25443
0.20534
0.23579
0.27739
0.29842
0.36246
0.34349
0.41279
0.41188
0.49886
0.54038
0.6284
0.68393
0.83464
0.81646
0.92272
0.78943
0.87936
0.68409
0.63923
0.44916
0.49802
0.39821
0.3235
0.1785
0.0017916
-0.14092
-0.22897
-0.24953
-0.16399
-0.067411
-0.09461
-0.67637
0.1453
-0.032546
0.0015772
-0
-0.0014485
-0
-0
0.016621
-0
0.010321
-0
0.0054936
-0.0026578
-0
0.0043589
-0.00074751
0.0023431
-0.0025064
0.0078485
0
-0.0014187
0.0039369
0.00911
0.009975
0.0087902
0.020181
0.011383
0.019586
0.021683
0.019945
0
0
0.017442
0.010373
0
0
0.0087327
0
0.0061608
0.014417
0.040685
0.079104
0.081216
-0.00029282
-0.00027264
0.064216
0.097537
-0.038103
0.058988
0.10136
0.25531
0.63321
0.86634
1.005
1.1392
1.0221
1.0352
0.94308
0.77724
0.8516
0.85965
0.81745
0.90535
0.80055
0.83949
0.85957
0.87075
0.91893
0.91586
0.9088
0.95733
0.92114
0.95487
0.93081
0.95341
1.005
0.9254
1.1485
1.3334
1.3253
1.0976
1.1326
0.93838
0.83866
0.6259
0.62371
0.6554
0.69716
0.72568
0.74392
0.80585
0.77768
0.72829
0.065408
0.26618
0.44676
0.59152
0.97554
0.51474
0.25216
0.10519
0.0019212
0.0072621
0.0020283
-0
0.0034677
0.0044871
-0.0086015
-0
-0.0031646
0.0029481
-0
-0.00092676
-0.0019286
0.0018221
0.0033337
0
0.0051753
0.010804
0.011663
0.0070019
0
0
-0.0008979
0
0
0.009249
0.010843
0
0
0
-0.00036342
0
-0.0018254
0
0
0
0
0.0031791
-0.00010643
0
0
0.0058935
0
0.0044971
0.0031711
0.0045845
0.013036
0.01324
0.013345
0.0068676
0.68935
0.76819
1.3642
0.91814
1.0253
0.79646
0.85089
0.95314
1.043
1.0224
1.1612
1.1849
1.2518
1.1836
1.1903
1.0389
0.9809
1.0799
1.057
1.1749
1.4323
1.7359
2.0312
2.0044
1.8342
1.9204
1.6643
1.742
1.5701
1.6731
1.7462
1.7748
1.7062
1.8325
1.7432
1.4899
1.0812
0.97237
1.2794
1.3719
1.533
1.2672
1.0497
0.82616
0.69347
0.77404
0.4283
0.13445
0.033216
0.0035063
0.0017613
0.0071652
0.0086003
-0.00091174
0
0
0.0075376
0.0068701
0
0.0045943
0.0029957
0.0045845
0.008402
0.010034
0.007045
0.015022
0.026735
0
0
0.0090323
0.015283
0
0.0092558
0.016288
0
0.0022271
0.0047119
0
0.0030381
0.013217
0
0
0.0010143
0.0097497
0.0020144
0
0.0021245
0.11954
0.25884
1.1259
1.4528
1.9276
1.9657
2.0191
1.5289
1.6138
1.402
1.398
1.4383
1.6916
1.7555
1.6538
1.6333
1.4817
1.3067
1.3114
1.3349
1.296
1.4504
1.5797
1.5459
1.7256
1.6529
1.6595
1.8564
2.0898
2.0241
2.0548
1.9361
1.7645
1.5871
1.5356
1.3557
1.5297
1.5836
1.4489
1.6398
1.5286
1.3966
1.5234
1.3124
1.507
1.3535
1.1004
1.0453
0.73385
0.67064
0.54415
0.59222
0.62056
0.43905
0.029641
0.035936
0.0030966
-0.00039234
0.017925
-0.0023815
0
0
0
0
0.0005585
0.0017818
0.003386
-8.5224e-05
0.0050089
-0.0015122
0.016851
0.010764
0.0041112
0.024922
0
0
0.078924
0
-0.00046704
0
0.0015068
0.0047021
0.00058939
0
0.0043517
0
0.011221
0.010602
0.0040658
0.0087069
0
0
0.016356
0.016206
0.053414
0.1114
0.55584
0.91376
1.336
1.6611
1.948
1.7597
1.5786
1.6695
1.3421
1.7015
2.0046
2.2916
2.2407
2.34
2.3466
1.9481
1.8493
1.7691
1.5901
1.654
1.5495
1.8289
1.8148
1.9185
1.854
2.0615
2.1013
2.1102
1.7034
1.6541
1.6083
1.695
1.7031
1.7485
1.8858
1.8122
1.7308
1.4737
1.3029
1.0436
0.87878
0.72311
0.55725
0.3952
0.26147
0.19472
0.17107
0.10944
-0.0015493
0.058091
0.034987
0.033578
0.05284
0.063566
0.10289
0.10995
0.11465
0.13762
0.18235
0.31217
0.50084
0.75368
0.87552
1.0735
1.0651
1.2181
1.2258
1.4131
1.4283
1.4866
1.4656
1.5418
1.5623
1.5223
1.5714
1.5985
1.5504
1.4438
1.4297
1.523
1.4202
1.3591
1.2413
1.1948
1.2242
1.1956
1.0738
1.1349
0.99021
0.94225
0.82248
0.81063
0.84572
0.8433
0.86594
0.86968
0.80228
0.89834
0.86336
0.92073
0.96161
1.0052
0.94064
0.9606
0.97462
0.99209
1.0768
1.0573
1.1307
1.046
1.1303
1.0621
1.126
1.1307
1.0894
1.1431
1.0536
1.1447
1.1326
1.1253
1.0792
1.0208
1.0798
0.99477
1.0738
0.9899
1.0574
1.0113
1.0022
1.0573
1.0009
1.0704
1.0459
0.99889
1.0887
1.0508
1.0893
1.0962
1.099
0.99001
1.0834
1.0144
1.0559
1.0116
1.0889
1.0193
1.0163
1.0909
1.0562
1.0734
1.0785
0.98648
1.0212
1.0601
1.0607
0.99127
1.0929
0.98875
1.0761
1.0287
1.0705
0.98549
1.027
1.0988
1.0945
1.0221
1.0974
1.0222
1.022
1.0863
1.0186
1.0951
1.0221
0.99572
1.0959
1.0784
1.0972
1.0229
1.0325
1.0785
1.0821
1.0229
1.0861
1.0771
1.0232
1.0929
1.014
1.0914
1.0198
1.012
1.0676
1.0796
1.005
1.1004
1.1004
1.0189
1.0749
1.0197
1.0951
1.0691
1.0187
1.109
1.0157
1.0157
1.0958
1.0637
1.0955
1.021
1.0955
1.0697
1.0918
1.0178
1.0731
1.0273
1.1029
1.0339
1.0937
1.0217
0.99089
1.0951
1.0175
1.0087
1.0975
1.0243
1.0403
1.1078
1.0445
1.1126
1.0759
1.0454
1.1118
1.0406
1.1072
1.0301
1.0288
1.0353
1.1059
1.0196
1.1101
1.0329
1.0954
1.0173
1.0188
1.024
1.1023
1.0369
1.0811
1.0285
1.1036
1.0164
1.0814
1.1142
1.0049
1.048
1.1003
1.0481
1.1031
1.1032
1.0145
1.1036
1.0747
1.0258
1.0703
1.0406
1.1085
0.99441
1.0766
1.0822
1.0322
1.0895
1.0147
1.0193
1.0982
1.0744
1.0571
1.0844
1.0893
1.0582
1.0662
1.0228
1.0905
0.99507
1.0777
1.0718
1.0789
0.98231
0.99032
0.99744
1.0668
1.0483
0.99817
1.0865
0.98302
1.0871
1.0874
0.97814
1.07
1.0201
1.0546
0.99661
1.0727
0.97515
1.0246
1.0072
1.0494
1.0037
1.0548
0.99874
0.97501
1.0026
1.0452
1.0177
1.0797
0.98156
1.0724
0.97634
1.0623
1.0436
1.0049
0.98012
1.0712
1.0874
1.0017
1.0821
1.0046
1.0839
1.0116
0.98947
1.0887
1.0522
0.99662
1.0884
1.0703
0.97254
1.0579
0.99762
1.0591
0.98671
1.0691
1.044
1.0051
1.0668
1.0019
1.0015
1.0763
0.99735
1.0733
1.0735
1.0154
0.98571
1.0814
0.99333
1.0712
1.0208
1.0737
0.98229
1.0133
1.086
1.0669
1.0146
1.0448
0.97775
1.0657
0.99717
1.0066
0.99275
1.0763
0.98345
1.058
0.98683
1.0765
0.97472
0.99688
1.0775
1.077
1.0012
1.0337
0.98463
1.0015
1.0436
0.96008
1.064
1.0031
1.0221
1.0958
1.0404
1.1221
1.06
1.133
1.0449
1.1332
1.0648
1.1058
1.0599
1.1009
1.0599
1.022
1.1108
1.0357
1.0402
1.111
1.0402
1.0945
1.0063
1.0394
1.122
1.1273
1.1215
1.0599
1.1329
1.1058
1.0603
1.1337
1.0551
1.0651
1.1011
1.0499
1.0548
1.1276
1.0263
1.1002
1.1114
1.0602
1.1276
1.0261
1.122
1.065
1.1329
1.0597
1.0699
1.1396
1.1338
1.0599
1.1056
1.0551
1.1328
1.1175
1.1331
1.1332
1.1163
1.0649
1.133
1.0549
1.1279
1.0694
1.1335
1.0452
1.133
1.0451
1.1329
1.0501
1.0351
1.111
1.0596
1.1326
1.0594
1.0745
1.1208
1.0745
1.0591
1.0491
1.1319
1.1041
1.1333
1.0492
1.0523
1.1263
1.0687
1.1101
1.0686
1.1317
1.1205
1.1318
1.1314
1.0638
1.1314
1.0684
1.0535
1.1091
1.1267
1.0687
1.1093
1.137
1.0636
1.1372
1.0736
1.1044
1.0444
1.1203
1.0989
1.1259
1.0737
1.1315
1.0584
1.1311
1.0634
1.0491
1.1369
1.058
1.0393
1.1368
1.0785
1.1037
1.0486
1.1368
1.0738
1.0572
1.0584
1.1316
1.0587
1.137
1.0636
1.0388
1.143
1.0441
1.1374
1.0735
1.0788
1.1156
1.0492
1.1435
1.1438
1.059
1.1386
1.1267
1.0743
1.1209
1.0693
1.0593
1.1388
1.0443
1.1207
1.0744
1.0591
1.0192
1.0595
1.0595
1.1212
1.0643
1.1319
1.0481
1.0692
1.0995
1.1496
1.0591
1.1322
1.039
1.1771
1.1
1.1555
1.0697
1.1274
1.1206
1.152
1.0792
1.1514
1.0844
1.0595
1.0656
1.0612
1.0892
1.054
1.0735
1.1503
1.0785
1.1329
1.0887
1.1551
1.1541
1.067
1.0882
1.1543
1.0765
1.1322
1.1519
1.0762
1.1517
1.1426
1.1178
1.1426
1.0864
1.1468
1.0756
1.0756
1.0779
1.1179
1.1299
1.1545
1.0461
1.143
1.072
1.076
1.1489
1.0496
1.1549
1.081
1.0764
1.1495
1.1443
1.0514
1.1325
1.0552
1.0864
1.1554
1.0702
1.155
1.1193
1.08
1.1543
1.0455
1.1541
1.0748
1.1273
1.0723
1.1377
1.0844
1.1413
1.1522
1.0491
1.1362
1.0848
1.1267
1.1485
1.1334
1.154
1.0389
1.1544
1.0687
1.156
1.0794
1.1429
1.0744
1.1214
1.1496
1.0398
1.1537
1.0691
1.123
1.0639
1.0847
1.1541
1.0761
1.0739
1.0842
1.1437
1.0534
1.1497
1.084
1.0753
1.0839
1.1569
1.1376
1.0841
1.0841
1.1536
1.0949
1.095
1.1481
1.0709
1.0485
1.1402
1.0631
1.1546
1.0631
1.1542
1.0838
1.1545
1.0726
1.0585
1.0428
1.1531
1.0736
1.0589
1.154
1.0783
1.0766
1.0583
1.0693
1.149
1.0535
1.1309
1.0834
1.048
1.1491
1.1497
1.0885
1.0995
1.1235
1.0886
1.1589
1.0631
1.1316
1.078
1.1292
1.0887
1.0802
1.1528
1.0577
1.0831
1.1598
1.0429
1.0868
1.0814
1.0728
1.1207
1.0803
1.0832
1.1641
1.0937
1.16
1.0627
1.1537
1.0971
1.1547
1.0673
1.1592
1.1298
1.0675
1.1527
1.0788
1.099
1.1536
1.1554
1.1401
1.0934
1.1254
1.0726
1.1515
1.1361
1.0871
1.0937
1.1279
1.0828
1.0932
1.1521
1.0525
1.1572
1.0875
1.0723
1.1513
1.0807
1.1469
1.1636
1.1514
1.1533
1.0929
1.0627
1.062
1.1506
1.0769
1.1129
1.0874
1.1499
1.0626
1.1483
1.1577
1.0677
1.1572
1.1555
1.0509
1.1631
1.0714
1.1424
1.134
1.1525
1.0879
1.1318
1.0923
1.1618
1.0619
1.163
1.0701
1.0821
1.086
1.1582
1.0821
1.066
1.1557
1.0976
1.1628
1.0817
1.161
1.056
1.0746
1.1373
1.0874
1.1521
1.0607
1.1602
1.161
1.0919
1.1609
1.1556
1.1366
1.161
1.1404
1.1422
1.1538
1.0606
1.1506
1.1586
1.1459
1.0707
1.1595
1.0923
1.1543
1.0915
1.1337
1.0567
1.1481
1.1223
1.0666
1.1481
1.1293
1.1594
1.1588
1.0924
1.0504
1.1539
1.1588
1.092
1.1471
1.0709
1.1299
1.0903
1.0919
1.1294
1.0811
1.1226
1.0612
1.1583
1.1582
1.1221
1.0701
1.1336
1.0911
1.1466
1.0733
1.0649
1.1514
1.0687
1.0805
1.1576
1.0853
1.133
1.151
1.0796
1.1223
1.0904
1.0678
1.1585
1.1468
1.09
1.1628
1.0698
1.1567
1.0848
1.1327
1.0788
1.0587
1.073
1.1563
1.0697
1.1442
1.0794
1.09
1.1562
1.1382
1.1558
1.1564
1.0741
1.156
1.0848
1.1437
1.1561
1.0956
1.1555
1.089
1.0692
1.0701
1.1443
1.0792
1.1331
1.0899
1.1616
1.1465
1.1207
1.1551
1.0907
1.1005
1.0793
1.1317
1.074
1.1553
1.1215
1.1327
1.1549
1.0839
1.1429
1.0684
1.1547
1.0795
1.1547
1.1546
1.0843
1.0781
1.1258
1.0882
1.0673
1.154
1.0673
1.1314
1.0882
1.1604
1.1537
1.0731
1.0889
1.1323
1.0998
1.1323
1.0787
1.1316
1.1548
1.0889
1.0838
1.1542
1.0785
1.1314
1.1546
1.1602
1.1312
1.0938
1.0882
1.0789
1.1539
1.0779
1.1243
1.0671
1.1486
1.0661
1.1422
1.0764
1.0996
1.1537
1.0881
1.1479
1.0775
1.1676
1.0571
1.1497
1.0889
1.1475
1.1533
1.0676
1.1535
1.0772
1.1598
1.1304
1.0876
1.1526
1.0771
1.141
1.0873
1.1295
1.1465
1.0818
1.0508
1.0817
1.0869
1.1643
1.152
1.0762
1.0765
1.1648
1.0765
1.1584
1.0871
1.1464
1.0565
1.1656
