0.039912
0.03866
0.033525
0.029382
0.02151
0.0022162
-0.015469
-0.022389
-0.022767
-0.019345
-0.019019
-0.021987
-0.025171
-0.023683
-0.018794
-0.011989
-0.0064184
-0.007449
-0.009573
-0.012032
-0.013603
-0.012875
-0.0019141
-0.0060751
-0.0081953
-0.0027536
0.0022551
0.0097702
0.016044
0.022862
0.0276
0.03109
0.029357
0.030322
0.033524
0.034623
0.030323
0.023795
0.016601
0.010219
0.003163
-0.0057857
-0.016733
-0.024195
-0.026039
-0.023461
-0.019985
-0.019135
-0.02027
-0.021963
-0.02051
-0.015783
-0.011944
-0.0080872
-0.0023142
6.1857e-06
-0.0018602
-0.0039387
-0.0055259
-0.0065208
-0.0056388
-0.0059701
-0.004946
-0.0038372
-0.0020351
0.0017902
0.0082355
0.015522
0.02409
0.030428
0.035964
0.041491
0.048572
0.051391
0.047567
0.038517
0.030695
0.025657
0.016911
0.0051357
-0.0048658
-0.012331
-0.019004
-0.022227
-0.021616
-0.020163
-0.019327
-0.021352
-0.02634
-0.030402
-0.033266
-0.04385
-0.044666
-0.032776
-0.022819
-0.019077
-0.017484
-0.014764
-0.014973
-0.013352
-0.013447
-0.0091717
-0.0044269
0.0043086
0.01357
0.01859
0.02058
0.024393
0.031072
0.036163
0.039981
0.039614
0.037327
0.033739
0.029527
0.02292
0.014363
0.0036145
-0.0094504
-0.018691
-0.022042
-0.022316
-0.019981
-0.019597
-0.022114
-0.022915
-0.021053
-0.017648
-0.015473
-0.014127
-0.011647
-0.01203
-0.010861
-0.020925
-0.024835
-0.022614
-0.020859
-0.018033
-0.014129
-0.0093251
-0.0030993
0.0030525
0.0098676
0.016579
0.023268
0.029749
0.036714
0.044314
0.048286
0.048011
0.047887
0.04289
0.029406
0.006509
-0.01112
-0.022381
-0.0252
-0.024398
-0.025045
-0.028367
-0.033307
-0.033769
-0.029708
-0.02272
-0.016523
-0.013011
-0.013732
-0.012934
-0.0086303
-0.010138
-0.010315
-0.010236
-0.0093485
-0.0058089
-0.00053024
0.0064077
0.014405
0.021672
0.024919
0.027004
0.031584
0.037718
0.038824
0.047042
0.054389
0.047371
0.019997
-0.0047067
-0.017731
-0.020906
-0.019767
-0.018922
-0.019731
-0.019791
-0.018416
-0.015664
-0.012703
-0.011843
-0.0080345
-0.0068863
-0.0037562
-0.004885
-0.0075955
-0.0010094
-0.0063218
-0.0099221
-0.0070915
-0.0064257
-0.00069376
0.0044466
0.01149
0.019181
0.026202
0.03252
0.042601
0.051424
0.052705
0.049792
0.048082
0.044307
0.032408
0.013165
-0.0078294
-0.019573
-0.025286
-0.026024
-0.026694
-0.030982
-0.034863
-0.035897
-0.03102
-0.023725
-0.017594
-0.015384
-0.015441
-0.0074707
-0.010682
-0.011608
-0.01409
-0.014565
-0.011831
-0.0067124
-0.00070722
0.0071895
0.015198
0.021308
0.022822
0.024555
0.029521
0.037364
0.039951
0.038499
0.034342
0.028509
0.017907
-0.0044662
-0.020669
-0.025642
-0.023947
-0.020434
-0.019374
-0.018331
-0.016226
-0.01368
-0.009974
-0.0093311
-0.007195
-0.0051715
-0.0052499
-0.0053986
-0.0086503
-0.0098087
-0.0033983
-0.0077116
-0.0081322
-0.0057216
0.0017864
0.0092668
0.014179
0.018021
0.025178
0.03412
0.044554
0.04949
0.050937
0.050044
0.047479
0.041485
0.032172
0.020799
0.0086241
-0.0026549
-0.01653
-0.038671
-0.049392
-0.047742
-0.043152
-0.0366
-0.028838
-0.021077
-0.015018
-0.012705
-0.013111
-0.01536
-0.017263
-0.019308
-0.0187
-0.015811
-0.015877
-0.01556
-0.014934
-0.016174
-0.0022703
0.016978
0.031715
0.035304
0.035832
0.039115
0.039423
0.037962
0.034888
0.029399
0.023002
0.016398
0.0085183
-0.0023394
-0.015084
-0.023893
-0.025997
-0.023399
-0.019999
-0.019134
-0.02021
-0.021574
-0.021032
-0.018804
-0.015387
-0.011623
-0.01016
-0.0082997
-0.0068241
-0.0082241
-0.010808
-0.010876
-0.01184
-0.011956
-0.012705
-0.013053
-0.015255
-0.014895
-0.013432
-0.010155
-0.0052478
0.00060612
0.0063307
0.014706
0.021613
0.03141
0.043169
0.05054
0.049786
0.047338
0.047685
0.043735
0.034033
0.023388
0.012943
0.00262
-0.0087858
-0.017784
-0.022482
-0.025423
-0.025675
-0.024197
-0.026037
-0.031739
-0.035433
-0.035564
-0.030383
-0.023306
-0.017621
-0.01381
-0.014103
-0.015864
-0.015694
-0.015913
-0.016679
-0.01438
-0.01129
-0.012245
-0.012587
-0.013883
-0.013338
-0.0086284
-0.0030539
0.0064125
0.015335
0.021025
0.021541
0.02456
0.029901
0.036692
0.039402
0.039559
0.037199
0.032294
0.02671
0.02166
0.011994
-0.00033143
-0.012112
-0.019472
-0.021686
-0.022042
-0.019657
-0.018169
-0.019486
-0.021555
-0.021096
-0.018707
-0.014999
-0.012375
-0.011131
-0.0063792
-0.0089284
-0.013036
-0.011858
-0.010329
-0.011823
-0.012381
-0.010441
-0.0070263
-0.00073981
0.0043658
0.010151
0.017075
0.025183
0.031877
0.04113
0.048866
0.049544
0.057684
0.066091
0.055444
0.02346
-0.004674
-0.02056
-0.027853
-0.029991
-0.027991
-0.026831
-0.028979
-0.032665
-0.033755
-0.029517
-0.022227
-0.016635
-0.017481
-0.013049
-0.019552
-0.019516
-0.014024
-0.014832
-0.014772
-0.010968
-0.0067058
0.0013786
0.0093261
0.01861
0.022916
0.025291
0.026586
0.034208
0.039695
0.041804
0.040823
0.038276
0.038392
0.030419
0.010757
-0.0068228
-0.015393
-0.018362
-0.019447
-0.021644
-0.022696
-0.02054
-0.016075
-0.012822
-0.011806
-0.011134
-0.011529
-0.0053312
-0.013391
-0.015793
-0.012532
-0.012176
-0.013229
-0.010717
-0.0063842
2.821e-05
0.0065765
0.012832
0.02055
0.02879
0.036885
0.045285
0.051422
0.070073
0.088743
0.080962
0.048391
0.016051
-0.0085914
-0.022463
-0.02795
-0.027626
-0.02443
-0.02343
-0.02807
-0.034057
-0.035677
-0.031766
-0.023807
-0.019717
-0.020787
-0.02384
-0.015179
-0.011121
-0.011703
-0.012456
-0.011629
-0.010762
-0.0062623
0.00022053
0.0081373
0.016362
0.022202
0.024893
0.025953
0.045854
0.072983
0.080376
0.060953
0.03845
0.017229
-0.0015483
-0.01423
-0.020919
-0.023268
-0.02252
-0.018998
-0.017141
-0.018842
-0.020873
-0.021208
-0.019226
-0.016294
-0.012283
-0.0087334
-0.015582
-0.018804
-0.016674
-0.012389
-0.010132
-0.011003
-0.01116
-0.011
-0.0066047
-0.00088114
0.0055299
0.011456
0.018572
0.02559
0.033826
0.059402
0.091062
0.095677
0.07194
0.042645
0.018154
0.00081238
-0.011353
-0.018835
-0.02325
-0.026379
-0.026753
-0.025659
-0.025112
-0.027044
-0.030802
-0.032957
-0.030668
-0.026448
-0.024528
-0.020307
-0.016596
-0.014797
-0.011961
-0.0106
-0.012483
-0.01295
-0.013927
-0.012288
-0.0080479
0.00038591
0.0097011
0.017224
0.020522
0.020692
0.023975
0.049305
0.082104
0.089823
0.067278
0.034687
0.0033666
-0.01513
-0.022696
-0.025813
-0.02379
-0.019356
-0.01873
-0.020476
-0.021566
-0.019939
-0.016576
-0.012556
-0.0094193
-0.008401
-0.013637
-0.0179
-0.01735
-0.014101
-0.012714
-0.014218
-0.016631
-0.017046
-0.015353
-0.0095189
-0.0014706
0.0055443
0.012853
0.020829
0.026529
0.05575
0.099056
0.11274
0.081603
0.047093
0.020332
0.002264
-0.01103
-0.019279
-0.021455
-0.023733
-0.024433
-0.021885
-0.022124
-0.025861
-0.0299
-0.031366
-0.02915
-0.021034
-0.031441
-0.026156
-0.018605
-0.012784
-0.0098277
-0.01047
-0.010818
-0.011
-0.0096498
-0.0079867
-0.0011637
0.0074193
0.016388
0.022267
0.023551
0.026883
0.032285
0.038486
0.041887
0.051623
0.063777
0.059413
0.033894
0.0068189
-0.011149
-0.019762
-0.022132
-0.020476
-0.01967
-0.021966
-0.023878
-0.022397
-0.018811
-0.016468
-0.013586
-0.011986
-0.011298
-0.0096827
-0.011081
-0.012448
-0.013083
-0.012403
-0.011806
-0.010863
-0.011427
-0.013136
-0.015269
-0.014339
-0.0089816
-0.0019518
0.0050276
0.026132
0.057071
0.074319
0.069235
0.05678
0.046576
0.039819
0.03013
0.020717
0.010494
0.00042385
-0.0085978
-0.015286
-0.020992
-0.024561
-0.025259
-0.024325
-0.024463
-0.027418
-0.032255
-0.034695
-0.03094
-0.024355
-0.016254
-0.014126
-0.017342
-0.016199
-0.016076
-0.017295
-0.016955
-0.013879
-0.013281
-0.013112
-0.013349
-0.013231
-0.012907
-0.0092235
-0.0028261
0.006038
0.01461
0.019561
0.020328
0.024661
0.032637
0.039344
0.042029
0.04191
0.038801
0.033438
0.031306
0.026136
0.013583
-0.0010915
-0.011327
-0.01892
-0.0237
-0.022953
-0.019899
-0.018901
-0.019748
-0.02061
-0.02093
-0.019017
-0.016825
-0.017023
-0.013522
-0.013412
-0.011671
-0.011214
-0.013994
-0.014784
-0.014344
-0.014343
-0.013984
-0.01215
-0.014057
-0.015628
-0.01451
-0.0096546
-0.0014718
0.0068626
0.013068
0.01913
0.024308
0.031204
0.039921
0.046313
0.046612
0.044897
0.043981
0.040109
0.029247
0.016979
0.0053046
-0.0052907
-0.015888
-0.024344
-0.028254
-0.030269
-0.029923
-0.027665
-0.026519
-0.028122
-0.029625
-0.0287
-0.023136
-0.018564
-0.0147
-0.015819
-0.014764
-0.015201
-0.016951
-0.017576
-0.01723
-0.015081
-0.016204
-0.015749
-0.015491
-0.014466
-0.011398
-0.0063711
0.0005133
0.0082892
0.014526
0.017078
0.01899
0.023596
0.029577
0.036453
0.039615
0.038594
0.034532
0.031038
0.027452
0.020129
0.0096157
-0.0032435
-0.016143
-0.0241
-0.02555
-0.023336
-0.02412
-0.026586
-0.028233
-0.027566
-0.023884
-0.018485
-0.01268
-0.010909
-0.012457
-0.014299
-0.015725
-0.015263
-0.0144
-0.010747
-0.0097343
-0.0076556
-0.007194
-0.0073468
-0.0072791
-0.0053719
-0.0031711
0.0016655
0.0071478
0.013748
0.01952
0.024313
0.027354
0.027746
0.028126
0.033382
0.037546
0.037414
0.035576
0.033519
0.029006
0.022345
0.010564
-0.0025382
-0.013788
-0.022876
-0.027799
-0.028131
-0.025911
-0.022055
-0.020035
-0.021194
-0.022639
-0.022418
-0.019945
-0.016805
-0.014104
-0.012901
-0.011208
-0.011976
-0.014736
-0.015706
-0.013939
-0.01149
-0.010053
-0.0094367
-0.0095499
-0.0086378
-0.0061649
-0.0015654
0.0054619
0.012152
0.017975
0.018925
0.0185
0.020213
0.026555
0.033008
0.037528
0.036973
0.035477
0.032539
0.028411
0.020171
0.0098
-0.0032046
-0.014538
-0.021284
-0.022409
-0.022125
-0.024307
-0.027757
-0.030617
-0.03084
-0.026987
-0.021761
-0.016135
-0.012742
-0.011691
-0.010612
-0.010164
-0.010934
-0.010705
-0.0095062
-0.0083153
-0.0091567
-0.0073274
-0.0090579
-0.0093577
-0.0069635
-0.004696
-0.00015436
0.0051079
0.0117
0.017937
0.021771
0.022515
0.024049
0.027796
0.031793
0.034954
0.035956
0.035544
0.034862
0.031069
0.022592
0.010489
-0.002777
-0.01542
-0.02506
-0.029744
-0.031316
-0.031318
-0.027797
-0.022442
-0.019258
-0.018346
-0.019212
-0.0187
-0.016868
-0.016687
-0.014694
-0.014187
-0.014814
-0.016812
-0.019047
-0.021563
-0.019791
-0.018763
-0.015609
-0.012679
-0.0094353
-0.0075919
-0.0047592
0.00050227
0.0063065
0.010876
0.014021
0.017163
0.022334
0.030232
0.037396
0.041382
0.04232
0.040987
0.036334
0.029399
0.020075
0.0092924
-0.0032772
-0.014529
-0.021832
-0.02582
-0.027112
-0.028575
-0.030889
-0.033173
-0.034896
-0.034846
-0.03128
-0.025393
-0.019921
-0.014738
-0.013683
-0.013252
-0.01272
-0.0095253
-0.0074386
-0.0065908
-0.0072208
-0.010076
-0.0092067
-0.010847
-0.0082515
-0.0042925
0.0011766
0.0090806
0.015847
0.019408
0.020487
0.023905
0.029661
0.035748
0.03912
0.041254
0.041455
0.041815
0.038787
0.031742
0.022704
0.010528
-0.0026988
-0.01589
-0.025844
-0.03059
-0.031091
-0.030756
-0.029105
-0.025016
-0.019985
-0.018332
-0.019564
-0.021201
-0.021337
-0.020179
-0.019543
-0.019723
-0.021481
-0.023663
-0.024964
-0.024545
-0.021345
-0.019953
-0.016947
-0.015083
-0.012878
-0.010799
-0.0065296
-0.001978
0.0034125
0.010063
0.01404
0.018412
0.025025
0.033509
0.042114
0.046048
0.046513
0.046414
0.043386
0.035092
0.023653
0.010336
-0.0030593
-0.015301
-0.024107
-0.027846
-0.028486
-0.02918
-0.030029
-0.032073
-0.035039
-0.036692
-0.033781
-0.029432
-0.023479
-0.020988
-0.018876
-0.019044
-0.016017
-0.012301
-0.011086
-0.009422
-0.0099566
-0.0098594
-0.0086115
-0.0059447
-0.003713
-0.0011148
0.0044512
0.010139
0.014979
0.018531
0.020777
0.022824
0.026816
0.033522
0.038699
0.041159
0.042138
0.04149
0.039012
0.03168
0.021881
0.0097962
-0.0036956
-0.015902
-0.025355
-0.029897
-0.030431
-0.02972
-0.027253
-0.023381
-0.021249
-0.02156
-0.021978
-0.022542
-0.021988
-0.020419
-0.01828
-0.018007
-0.018567
-0.020472
-0.019467
-0.020625
-0.018574
-0.017056
-0.014296
-0.011505
-0.0084131
-0.0072553
-0.0048956
-0.00028911
0.0052245
0.010617
0.015038
0.020143
0.025081
0.030323
0.037475
0.043961
0.046982
0.045619
0.041723
0.034313
0.023811
0.010143
-0.0040419
-0.01631
-0.02607
-0.032291
-0.035099
-0.033223
-0.030939
-0.031715
-0.034464
-0.036777
-0.036101
-0.031033
-0.02348
-0.020683
-0.019331
-0.016932
-0.017394
-0.015623
-0.013977
-0.013582
-0.012853
-0.010993
-0.0091753
-0.0071019
-0.0043079
-0.00075813
0.0037348
0.0091328
0.013858
0.016158
0.019954
0.025213
0.032508
0.03839
0.042989
0.04676
0.046992
0.045125
0.041269
0.032772
0.02041
0.0071575
-0.0052179
-0.016711
-0.023897
-0.026744
-0.028894
-0.0296
-0.028521
-0.02649
-0.024008
-0.02313
-0.024341
-0.026328
-0.025076
-0.023427
-0.021905
-0.022463
-0.022532
-0.023293
-0.022218
-0.020447
-0.017759
-0.018024
-0.01574
-0.013297
-0.011565
-0.0092602
-0.0046795
0.00014456
0.0051359
0.01178
0.017395
0.021372
0.027526
0.033318
0.039668
0.045323
0.048841
0.049612
0.045534
0.038407
0.027547
0.013208
-0.0042349
-0.019746
-0.029544
-0.035783
-0.039064
-0.037021
-0.034165
-0.034119
-0.037088
-0.039376
-0.035972
-0.028951
-0.023315
-0.018182
-0.015399
-0.014007
-0.013208
-0.012825
-0.013413
-0.016194
-0.01406
-0.01354
-0.011799
-0.011315
-0.0088912
-0.0056782
-0.00049524
0.0052377
0.011515
0.016107
0.018687
0.023242
0.030426
0.03733
0.041376
0.044975
0.044905
0.043071
0.03939
0.031448
0.02025
0.0064707
-0.0070701
-0.017617
-0.024264
-0.028091
-0.029563
-0.029224
-0.02807
-0.025934
-0.023476
-0.023632
-0.02447
-0.022873
-0.019688
-0.017978
-0.018617
-0.020239
-0.021974
-0.020925
-0.021219
-0.019739
-0.01867
-0.018144
-0.016184
-0.013528
-0.011299
-0.0078807
-0.0046052
0.00097883
0.0062669
0.011469
0.017017
0.02311
0.028224
0.034174
0.041089
0.047553
0.049611
0.048418
0.045159
0.0375
0.0261
0.011752
-0.0035194
-0.01695
-0.026513
-0.033983
-0.038848
-0.03873
-0.036936
-0.034481
-0.035122
-0.036454
-0.03523
-0.030493
-0.024945
-0.021625
-0.019986
-0.020912
-0.017002
-0.015888
-0.015395
-0.016167
-0.015997
-0.014386
-0.012249
-0.0098145
-0.0087258
-0.0056265
-0.0011364
0.0046604
0.010262
0.01471
0.019708
0.025016
0.033547
0.040357
0.044844
0.046583
0.045606
0.044147
0.040372
0.031911
0.021022
0.0079858
-0.0056233
-0.017042
-0.025096
-0.028666
-0.028999
-0.028884
-0.027257
-0.025124
-0.023888
-0.024525
-0.02565
-0.025627
-0.025555
-0.024825
-0.022605
-0.020914
-0.019826
-0.02094
-0.022395
-0.020412
-0.017181
-0.015466
-0.01247
-0.012504
-0.010838
-0.0076988
-0.0040763
0.001739
0.0070941
0.012223
0.017125
0.021871
0.026475
0.033857
0.041529
0.045547
0.045288
0.043737
0.04126
0.03504
0.025653
0.014118
0.00031578
-0.014165
-0.025255
-0.031973
-0.035654
-0.036393
-0.035725
-0.035794
-0.0372
-0.037843
-0.035717
-0.028868
-0.021817
-0.016921
-0.014795
-0.01429
-0.014655
-0.012909
-0.012037
-0.013043
-0.013636
-0.012336
-0.011352
-0.0099098
-0.0095904
-0.0048122
0.00017153
0.0075008
0.013368
0.016684
0.020942
0.026943
0.033466
0.038109
0.040516
0.042911
0.044374
0.044211
0.039491
0.031179
0.020247
0.0059373
-0.0081594
-0.018625
-0.025543
-0.0296
-0.032202
-0.03214
-0.028715
-0.024302
-0.023019
-0.024086
-0.024967
-0.023946
-0.023065
-0.023001
-0.02184
-0.020382
-0.020748
-0.021481
-0.022799
-0.022835
-0.018624
-0.015385
-0.012854
-0.010614
-0.0095302
-0.0072639
-0.0024722
0.0034084
0.0098305
0.014139
0.018635
0.021683
0.02728
0.035021
0.041922
0.045921
0.048058
0.049151
0.046888
0.039758
0.029764
0.01759
0.00377
-0.0095449
-0.019931
-0.025642
-0.026358
-0.023868
-0.020516
-0.02108
-0.024347
-0.026147
-0.025043
-0.020387
-0.014504
-0.0094981
-0.0083457
-0.0085653
-0.0091948
-0.0093653
-0.0098689
-0.011454
-0.013283
-0.013966
-0.013653
-0.012843
-0.010937
-0.0085234
-0.0070959
-0.0061624
-0.005366
-0.0046639
-0.0040143
-0.0038789
-0.0033902
-0.0029875
-0.0036553
-0.0048526
-0.0059848
-0.0070468
-0.0077078
-0.0076494
-0.0066913
-0.0055307
-0.0045254
-0.0034502
-0.002454
-0.0013613
-0.00041959
8.8605e-05
0.00015853
0.00012291
0.00041444
0.00080032
0.00086106
0.00068825
0.00047045
0.00030533
0.00021443
0.00018791
0.00032747
0.00035811
6.383e-05
-4.9164e-05
0.00035038
0.00068944
0.00063435
0.0004342
0.00030034
0.00020112
9.8159e-05
0.00011973
0.0002192
0.0001624
7.5631e-05
3.2296e-05
-0.00010991
-0.00027271
-0.00034985
-0.00042272
-0.00038091
-0.00023509
-6.0008e-05
3.8957e-05
0.00012262
0.00037841
0.00063725
0.00057689
0.00024606
5.4719e-05
9.0331e-05
9.0547e-05
-5.7688e-05
-0.00014955
-9.7881e-05
-0.00026519
-0.00037533
-0.0001135
8.672e-05
0.00021982
0.00030733
0.00021291
8.6649e-05
2.2746e-05
0.00017593
0.0004319
0.00042895
0.0001451
-0.00015357
-0.00022505
-0.0002253
-0.00037877
-0.00050955
-0.00041563
-0.00022764
-2.7815e-06
0.0001829
0.00032621
0.00034781
0.00028319
0.00041911
0.00057728
0.00056413
0.00036856
4.0319e-05
-0.0002687
-0.00049653
-0.00045124
-3.6947e-05
0.00036972
0.00037277
0.00020097
0.00016654
0.00027034
0.00029903
0.00012293
5.8809e-05
0.00021629
0.00025796
0.00020253
9.7785e-05
-3.0781e-06
0.00016089
0.00033991
0.00027778
0.00012744
-6.1535e-05
-0.00016231
-2.3468e-05
6.2825e-05
-8.0483e-06
-4.5692e-05
-2.6845e-05
3.1989e-05
0.00010238
0.00013531
6.872e-05
-1.4267e-05
-5.9353e-05
-6.9842e-05
-3.6665e-05
-7.3845e-05
-0.00023422
-0.00025344
-7.689e-05
4.1829e-05
0.0001391
0.00022572
0.00010671
-0.00016814
-0.00022748
-1.8135e-05
9.3274e-05
5.4563e-05
6.6154e-05
0.00010081
1.886e-05
-0.00010878
-0.00025391
-0.00038523
-0.00016074
0.00025245
0.00037226
0.00027016
0.00014582
4.5097e-05
1.345e-05
3.9906e-05
1.5755e-05
-0.0001099
-0.00029068
-0.00031917
-0.00027636
-0.0002343
-0.00013314
-0.00013691
-9.394e-05
4.1359e-05
7.3004e-05
0.00013177
0.00018868
8.5334e-05
-0.00015384
-0.00022547
-1.852e-05
9.6087e-05
9.6152e-06
-5.9846e-05
-0.00015458
-0.0002028
-4.9577e-05
8.8544e-05
0.00011154
0.00011018
3.1556e-05
1.8477e-05
0.00024801
0.00049989
0.00046399
0.00018167
-4.1393e-06
-8.5045e-05
-0.00012422
-6.5771e-05
0.00013153
0.00029748
0.00018683
0.00010253
0.00012377
5.151e-05
-3.8034e-05
-0.00014002
-0.00018895
-0.00014301
-0.00010701
3.3743e-05
0.00019039
0.00016939
0.00010018
5.7079e-05
1.5588e-05
-8.7263e-05
-9.7748e-05
6.5891e-05
5.1638e-05
-6.314e-05
-3.6548e-05
-0.00014431
-0.00034465
-0.00019674
0.00013455
0.00018564
4.9701e-05
-2.8008e-05
-2.4154e-05
9.591e-05
0.00010936
-0.00010549
-0.00015146
-8.9836e-06
7.6283e-05
9.2499e-05
3.9165e-05
-7.5943e-06
-1.2477e-05
7.3514e-05
0.00010989
1.7416e-05
-6.4514e-05
-0.00018251
-0.00024529
-0.0001107
0.00011847
0.00021154
-8.8563e-06
-0.00024177
-7.2903e-05
9.6078e-05
2.8318e-05
4.0773e-05
0.0001178
0.00016738
0.00014233
-3.5082e-05
-0.00020086
-0.00011811
5.7386e-05
0.00012652
1.2549e-05
-0.0002012
-0.0002027
-7.4065e-05
-6.9928e-05
-9.9208e-05
6.4287e-06
0.00020696
0.00017486
-0.00019142
-0.00042443
-0.00023249
4.9163e-05
0.00020393
0.00023718
9.1346e-05
1.1527e-05
0.00013445
0.0001173
-1.4757e-05
2.8276e-05
-3.97e-05
-0.00027616
-0.00028671
-0.00015303
-4.2428e-05
0.00015677
0.00029416
0.00014038
-0.00016397
-0.00029717
-0.00013407
0.00011581
0.00020818
0.00010262
-2.3652e-05
-8.1133e-05
-0.00016752
-0.00019369
-2.0865e-05
0.00014267
0.00014714
5.0378e-06
-0.00016256
-8.5797e-05
6.6863e-05
9.5397e-05
7.8066e-05
-5.3732e-05
-0.00026548
-0.0002435
1.5818e-05
0.00017938
0.0001912
7.3588e-05
-5.9793e-05
-4.3537e-06
-1.9861e-06
-9.1239e-05
-0.00010378
-0.00017029
-0.00024062
-0.00016424
-4.1365e-05
-9.7231e-05
-0.00018658
-0.00010582
-0.00015342
-0.00026307
-4.128e-05
3.3758e-05
-4.0763e-05
0.00024532
0.00065806
0.00077249
0.0026202
0.0043584
0.0059687
0.0062861
0.0054794
0.0049856
0.004859
0.0053952
0.0063112
0.0076637
0.0082469
0.0089667
0.01101
0.014369
0.018633
0.021923
0.024546
0.028864
0.034296
0.039351
0.043144
0.06069
0.083452
0.079338
0.047374
0.013546
-0.012924
-0.028605
-0.035716
-0.039131
-0.037371
-0.034279
-0.035465
-0.039785
-0.043285
-0.044206
-0.038137
-0.030892
-0.025133
-0.017917
-0.0024382
0.0030088
0.0063259
0.011028
0.0079657
0.0048298
0.0040854
0.0054333
0.0097236
0.014404
0.020406
0.023113
0.026993
0.031647
0.039082
0.045769
0.047631
0.058695
0.068617
0.055293
0.026315
-0.0024236
-0.019615
-0.027167
-0.028485
-0.026237
-0.025766
-0.029708
-0.033283
-0.035538
-0.031896
-0.024914
-0.017493
-0.014893
-0.013927
-0.014779
-0.0045628
-0.0097812
-0.013958
-0.0126
-0.0094196
-0.0050836
0.0015855
0.0078156
0.014672
0.020397
0.024309
0.024046
0.025719
0.031807
0.035412
0.034438
0.031684
0.028461
0.017797
-0.0055373
-0.021506
-0.025432
-0.024047
-0.02087
-0.019816
-0.020442
-0.019979
-0.017397
-0.012686
-0.0092687
-0.0086735
-0.008067
-0.0071441
0.001863
0.0016208
-0.00040611
-0.00089623
-0.0016982
-0.0011964
-0.00061432
0.0023712
0.0058176
0.011079
0.018031
0.025953
0.033486
0.043763
0.050271
0.051564
0.049898
0.047188
0.042954
0.036744
0.030165
0.019269
0.0064379
-0.009267
-0.033652
-0.043684
-0.041912
-0.035838
-0.03373
-0.033814
-0.031511
-0.029334
-0.029076
-0.028228
-0.028008
-0.028383
-0.02732
-0.028121
-0.027202
-0.023912
-0.022322
-0.021789
-0.020658
-0.018766
-0.013059
-0.006254
0.0016474
0.0080555
0.011837
0.015835
0.022627
0.02922
0.035527
0.038311
0.038282
0.035975
0.032428
0.028665
0.021707
0.0119
0.00033958
-0.011503
-0.020434
-0.024675
-0.024523
-0.021256
-0.022883
-0.034835
-0.038216
-0.029346
-0.021275
-0.013931
-0.010898
-0.0098463
-0.011905
-0.012988
-0.012478
-0.011476
-0.011527
-0.012023
-0.014354
-0.012784
-0.0097245
-0.0029936
0.023723
0.063751
0.088375
0.084739
0.069738
0.05533
0.045608
0.035391
0.02504
0.014313
0.0028258
-0.0079936
-0.016198
-0.021418
-0.025071
-0.026102
-0.026632
-0.038873
-0.064759
-0.069392
-0.053498
-0.032969
-0.019115
-0.015057
-0.014695
-0.011732
-0.013308
-0.017048
-0.017037
-0.018492
-0.017979
-0.015683
-0.011848
-0.0048246
0.0025675
0.010579
0.016516
0.017918
0.019665
0.024289
0.032566
0.046164
0.055263
0.049248
0.029279
0.0084178
-0.010058
-0.023527
-0.02851
-0.027637
-0.023357
-0.018995
-0.017712
-0.017957
-0.018009
-0.017151
-0.0147
-0.011475
-0.0091541
-0.0086305
-0.0088551
-0.010677
-0.012828
-0.012587
-0.014385
-0.014572
-0.014659
-0.01388
-0.014858
-0.014965
-0.013417
-0.008957
-0.0026539
0.0023695
0.0084916
0.016616
0.025351
0.034246
0.045604
0.051365
0.052467
0.053727
0.054005
0.046463
0.038471
0.028212
0.016427
0.0043196
-0.0069373
-0.016846
-0.022729
-0.02547
-0.026846
-0.027713
-0.029534
-0.033059
-0.036611
-0.03643
-0.032917
-0.028625
-0.024797
-0.023878
-0.02406
-0.022747
-0.020372
-0.021088
-0.020246
-0.017993
-0.020887
-0.020412
-0.019729
-0.019476
-0.017074
-0.011196
-0.0043285
0.0034877
0.010732
0.016205
0.016661
0.01991
0.027027
0.033642
0.036277
0.036114
0.033829
0.030378
0.02601
0.019259
0.00894
-0.0040756
-0.015313
-0.021467
-0.024041
-0.025314
-0.023182
-0.019669
-0.018284
-0.018886
-0.019452
-0.018375
-0.01654
-0.01407
-0.011106
-0.0086689
-0.007626
-0.010192
-0.013114
-0.01444
-0.014169
-0.015078
-0.015025
-0.014387
-0.014984
-0.013741
-0.013487
-0.0095067
-0.0028828
0.0041128
0.010572
0.018155
0.027786
0.036572
0.045674
0.049831
0.050007
0.049755
0.049309
0.044632
0.03726
0.026988
0.014842
0.0030032
-0.0074546
-0.017303
-0.023624
-0.025186
-0.025945
-0.026971
-0.029565
-0.03303
-0.036206
-0.036338
-0.03195
-0.028375
-0.025078
-0.022879
-0.024567
-0.024598
-0.022047
-0.021299
-0.020957
-0.017098
-0.018673
-0.019719
-0.01861
-0.018591
-0.016285
-0.011606
-0.004703
0.0034861
0.010653
0.015789
0.01729
0.018143
0.025534
0.032062
0.034385
0.034346
0.032732
0.028764
0.023198
0.016918
0.0080588
-0.0054935
-0.016154
-0.021528
-0.024368
-0.025515
-0.022061
-0.018496
-0.017206
-0.017191
-0.017202
-0.01718
-0.014886
-0.014192
-0.011892
-0.010889
-0.0096792
-0.0097301
-0.012181
-0.012732
-0.012181
-0.012584
-0.012833
-0.012343
-0.012203
-0.011834
-0.010056
-0.0075523
-0.0021162
0.0037166
0.0088684
0.016039
0.025446
0.035535
0.044768
0.051004
0.051033
0.050298
0.050072
0.045705
0.035655
0.025448
0.015238
0.0047455
-0.0060793
-0.015411
-0.021412
-0.025243
-0.027059
-0.027885
-0.030793
-0.035021
-0.037626
-0.035582
-0.031424
-0.028352
-0.022896
-0.022527
-0.022312
-0.020088
-0.01816
-0.019485
-0.015218
-0.01533
-0.018087
-0.018649
-0.018306
-0.017345
-0.015529
-0.010484
-0.0034925
0.0044469
0.011866
0.018167
0.017149
0.020805
0.027279
0.034105
0.036759
0.036254
0.034326
0.030594
0.026086
0.020601
0.010992
-0.0025828
-0.014049
-0.020048
-0.024526
-0.026023
-0.022209
-0.018633
-0.018306
-0.019605
-0.021298
-0.021879
-0.020502
-0.019754
-0.01723
-0.01483
-0.012373
-0.013384
-0.01475
-0.015099
-0.015503
-0.015702
-0.014103
-0.0060482
-0.0087572
-0.0025825
0.0048993
0.0167
0.026378
0.035609
0.046348
0.051584
0.050904
0.0502
0.05054
0.045383
0.038254
0.028164
0.016152
0.0027304
-0.015903
-0.043974
-0.056221
-0.053972
-0.048546
-0.042393
-0.034467
-0.02669
-0.021991
-0.018164
-0.015867
-0.013763
-0.013884
-0.016215
-0.014105
-0.011201
-0.012321
-0.011483
-0.011901
-0.011964
-0.010677
-0.0076305
-0.0014887
0.0072952
0.014816
0.038489
0.066592
0.079571
0.067923
0.047204
0.028613
0.016251
0.0061601
-0.0051857
-0.01475
-0.021234
-0.025307
-0.025441
-0.021665
-0.017982
-0.016666
-0.017706
-0.019491
-0.019621
-0.01747
-0.015509
-0.014523
-0.013086
-0.025582
-0.028756
-0.024483
-0.017821
-0.017063
-0.014884
-0.013663
-0.011208
-0.0060022
-0.00024637
0.007817
0.016334
0.024935
0.0341
0.044953
0.053936
0.055126
0.051365
0.047266
0.04319
0.03592
0.026331
0.014448
0.0025993
-0.0082646
-0.016747
-0.021901
-0.02511
-0.027248
-0.025758
-0.025253
-0.030536
-0.037142
-0.04053
-0.047445
-0.037861
-0.024638
-0.019356
-0.014812
-0.011629
-0.011471
-0.013235
-0.013891
-0.013525
-0.012268
-0.0085488
-0.0019888
0.0066038
0.014178
0.019793
0.021
0.021667
0.029489
0.036289
0.037204
0.035513
0.033447
0.030672
0.025999
0.020298
0.012781
-0.00015568
-0.013746
-0.021122
-0.023693
-0.025017
-0.021948
-0.023888
-0.033752
-0.033894
-0.024504
-0.014663
-0.0096545
-0.0081828
-0.010003
-0.010796
-0.010898
-0.01178
-0.01174
-0.011395
-0.011427
-0.011786
-0.011135
-0.0075754
-0.00091778
0.0048351
0.011096
0.018155
0.02574
0.034007
0.043586
0.05193
0.053636
0.051771
0.050312
0.047518
0.0387
0.027374
0.015863
0.0040561
-0.0075898
-0.017141
-0.022859
-0.026143
-0.039008
-0.064399
-0.070489
-0.053349
-0.034302
-0.0231
-0.020201
-0.017332
-0.016201
-0.018364
-0.017874
-0.014767
-0.016167
-0.015947
-0.017156
-0.017667
-0.015456
-0.0090166
-0.0013783
0.0075417
0.014166
0.018902
0.01913
0.022837
0.030008
0.036573
0.038826
0.037267
0.034323
0.031259
0.027089
0.019864
0.010862
-0.0014505
-0.013661
-0.022323
-0.025421
-0.025037
-0.021945
-0.024046
-0.035508
-0.036572
-0.027464
-0.016839
-0.010804
-0.0081933
-0.010198
-0.012335
-0.014041
-0.014556
-0.013584
-0.012147
-0.01194
-0.011654
-0.010672
-0.0064666
-0.0011585
0.0045923
0.011564
0.018936
0.026299
0.03605
0.046558
0.051849
0.051905
0.052291
0.052386
0.046635
0.037448
0.025929
0.013121
0.0012424
-0.0084836
-0.01709
-0.029931
-0.053062
-0.065801
-0.059272
-0.044552
-0.033296
-0.023895
-0.018889
-0.020805
-0.018404
-0.01871
-0.018185
-0.017824
-0.013684
-0.013794
-0.01522
-0.0157
-0.015246
-0.013057
-0.0093918
-0.0016644
0.0068451
0.013965
0.018803
0.020904
0.022341
0.028762
0.034805
0.037437
0.037729
0.034614
0.02973
0.024238
0.018114
0.0083754
-0.0031429
-0.012654
-0.019917
-0.02409
-0.025389
-0.022696
-0.01959
-0.018864
-0.019667
-0.02049
-0.024746
-0.022414
-0.016164
-0.013445
-0.013523
-0.012702
-0.012003
-0.01178
-0.012029
-0.013217
-0.011162
-0.010342
-0.0068326
-0.0012056
0.0052237
0.011802
0.017903
0.025133
0.033895
0.04427
0.050815
0.051119
0.049612
0.049793
0.046225
0.037937
0.025869
0.01437
0.0030437
-0.0083338
-0.01734
-0.022447
-0.025008
-0.026519
-0.027057
-0.028264
-0.031718
-0.035552
-0.038257
-0.034959
-0.030169
-0.025452
-0.021379
-0.024314
-0.022115
-0.019074
-0.01774
-0.019668
-0.016362
-0.016382
-0.01619
-0.016846
-0.015673
-0.014976
-0.010236
-0.0024585
0.0069612
0.014882
0.017792
0.019839
0.021568
0.027204
0.0335
0.036612
0.035865
0.033764
0.030683
0.026588
0.020122
0.0098748
-0.0012841
-0.012526
-0.020742
-0.023585
-0.023086
-0.020737
-0.019777
-0.02034
-0.020761
-0.021016
-0.019561
-0.017795
-0.014671
-0.013088
-0.011193
-0.010379
-0.012746
-0.015787
-0.015766
-0.016784
-0.015224
-0.013949
-0.014972
-0.015195
-0.014271
-0.012847
-0.0093232
-0.0043554
0.0013564
0.0090722
0.017379
0.025324
0.034305
0.04334
0.050171
0.050896
0.050465
0.049908
0.04579
0.037503
0.026873
0.015154
0.0032468
-0.0091125
-0.017807
-0.022391
-0.026367
-0.0279
-0.026627
-0.026884
-0.030752
-0.037397
-0.038143
-0.033825
-0.028494
-0.022905
-0.024753
-0.023828
-0.020886
-0.021086
-0.02297
-0.01955
-0.018268
-0.020852
-0.019988
-0.019885
-0.018925
-0.016325
-0.011054
-0.0030314
0.0057284
0.013559
0.017604
0.019177
0.022334
0.029487
0.035717
0.038925
0.038067
0.034895
0.031409
0.028119
0.02263
0.011918
0.00015556
-0.012277
-0.020661
-0.024063
-0.023307
-0.01863
-0.016294
-0.017724
-0.019984
-0.021468
-0.020346
-0.018644
-0.016575
-0.013937
-0.013276
-0.012677
-0.013337
-0.016519
-0.018738
-0.016971
-0.017791
-0.017073
-0.015946
-0.015777
-0.01652
-0.01555
-0.011775
-0.0050948
0.0031306
0.0091405
0.01705
0.025677
0.034905
0.044648
0.051001
0.051996
0.050569
0.04819
0.043251
0.035679
0.026425
0.014147
0.0027653
-0.0072136
-0.016645
-0.022718
-0.026278
-0.028178
-0.026977
-0.027712
-0.032077
-0.036892
-0.037978
-0.033577
-0.027555
-0.022182
-0.021334
-0.020442
-0.018001
-0.01691
-0.016557
-0.017072
-0.01483
-0.014766
-0.01774
-0.017216
-0.017068
-0.015446
-0.010251
-0.0036185
0.0057269
0.01363
0.01916
0.020312
0.021293
0.027032
0.034501
0.038011
0.037155
0.032985
0.028408
0.02308
0.017322
0.0095589
-0.001034
-0.013891
-0.021572
-0.023103
-0.022885
-0.019477
-0.016615
-0.017537
-0.019509
-0.01994
-0.019
-0.016321
-0.015024
-0.012279
-0.011725
-0.013509
-0.014149
-0.015797
-0.017195
-0.018949
-0.019298
-0.017545
-0.017679
-0.01839
-0.018216
-0.015693
-0.010778
-0.006228
0.00054805
0.0087918
0.017018
0.025346
0.034421
0.044761
0.052621
0.053603
0.051825
0.050699
0.045511
0.038462
0.028598
0.017631
0.0064834
-0.0055569
-0.015053
-0.021953
-0.027078
-0.028614
-0.029105
-0.031041
-0.035173
-0.03944
-0.038822
-0.03444
-0.028207
-0.021805
-0.022318
-0.020035
-0.018668
-0.019562
-0.021098
-0.018498
-0.019118
-0.022322
-0.021609
-0.021871
-0.021153
-0.017689
-0.012769
-0.0041504
0.0042515
0.011749
0.01763
0.017748
0.020715
0.026344
0.031246
0.034135
0.03506
0.033494
0.02979
0.02573
0.019828
0.0088196
-0.0032303
-0.013704
-0.021414
-0.02538
-0.025383
-0.022102
-0.018829
-0.017825
-0.01808
-0.017721
-0.01707
-0.015725
-0.01411
-0.012077
-0.0114
-0.010977
-0.012313
-0.015735
-0.018049
-0.017605
-0.017997
-0.017239
-0.01601
-0.016153
-0.014761
-0.013581
-0.0090766
-0.0027557
0.0034406
0.0090283
0.015514
0.023371
0.033047
0.042718
0.047961
0.048288
0.047499
0.046667
0.043756
0.036428
0.025228
0.012911
0.0012546
-0.010569
-0.02046
-0.025555
-0.026513
-0.025836
-0.025247
-0.025044
-0.025869
-0.025645
-0.023675
-0.020234
-0.017013
-0.014131
-0.013458
-0.01245
-0.011646
-0.012779
-0.014835
-0.014113
-0.012188
-0.01189
-0.011389
-0.010279
-0.0086681
-0.0072988
-0.0063862
-0.0059369
-0.0050182
-0.0040143
-0.0035244
-0.0035764
-0.0043156
-0.0040802
-0.0030435
-0.002127
-0.0016666
-0.0022636
-0.0034952
-0.0046483
-0.0054253
-0.0057843
-0.0061293
-0.0060468
-0.0052462
-0.0038045
-0.002572
-0.0016854
-0.0013372
-0.0011633
-0.00093568
-0.0008593
-0.00080811
-0.00074059
-0.00081877
-0.0010116
-0.0012943
-0.0013506
-0.0012163
-0.0010871
-0.0007353
-0.00026446
0.00025273
0.00063446
0.00085915
0.0010491
0.0013516
0.0014817
0.0013324
0.0012439
0.0010352
0.00033644
-0.00048671
-0.00084042
-0.00074429
-0.00052177
-0.00019729
7.9131e-05
0.0001122
8.5798e-05
-7.0066e-05
-0.00037551
-0.00081517
-0.0011571
-0.00096614
-0.00060851
-0.00033507
8.42e-05
0.00039499
0.00034444
0.00019083
0.0001819
0.00017688
8.272e-05
2.8658e-05
-6.0681e-05
-0.00033196
-0.00066919
-0.00064518
-0.00025392
-1.4818e-05
4.4665e-05
-6.3269e-05
-0.00033481
-0.00041644
-0.00032891
-0.0002458
-0.00018135
-0.00029605
-0.00037632
-8.3101e-05
0.000251
0.00031825
0.00021588
0.00015393
0.00020933
9.1366e-05
-0.00031066
-0.00070075
-0.00083785
-0.00075128
-0.00048434
-0.00011443
0.00018653
0.00017635
-8.2277e-05
-0.00024208
-0.00014012
0.00010863
0.00022456
0.00014353
6.2072e-05
-7.4972e-05
-0.00028337
-0.00022364
-7.5541e-06
5.8101e-05
0.00011056
0.00017394
0.00017283
2.4077e-05
-0.00022891
-0.0003351
-0.00017606
2.0106e-05
6.8655e-05
5.2521e-05
1.6713e-06
7.186e-05
0.00011286
-7.7155e-05
-0.00022233
-9.1792e-05
0.00012076
7.3478e-05
-8.7327e-05
-0.00015497
-0.00013151
4.6827e-05
0.00018082
3.5606e-05
-0.00011009
-8.8754e-05
-3.9012e-05
5.4045e-06
1.4409e-05
9.6727e-05
0.00018611
6.4314e-05
-8.3826e-05
-0.00013083
-0.00012888
-8.9456e-05
-5.3275e-05
-1.3769e-05
-7.56e-05
-0.00016526
-4.9342e-05
2.0236e-05
-3.0752e-05
-1.6371e-05
-0.00011504
-0.00022626
-0.00017356
-0.00011092
-5.2169e-05
3.2606e-05
4.2435e-05
4.7674e-06
1.8171e-05
-0.00015949
-0.0004692
-0.00041098
-0.00024413
-0.00030433
-0.00031689
-0.00018849
-5.2521e-05
1.703e-05
-5.4182e-05
-0.00023907
-0.00030452
-0.00028067
-0.00025034
-0.00018224
-0.00010669
-1.1533e-05
2.5957e-05
-5.2634e-07
-9.6538e-05
-0.00017904
-0.00015714
-8.911e-05
4.6425e-05
0.0001621
4.4299e-05
-0.00012397
-7.9778e-05
-6.0425e-05
-0.00013776
-6.4713e-05
-3.7474e-05
-8.4062e-05
0.00013699
0.00027308
3.6605e-05
-0.00019947
-0.00031133
-0.00053125
-0.0010776
-0.001466
-0.0012339
-0.00058942
-3.0795e-05
6.0652e-05
0.00014399
0.0015999
0.0031214
0.0035684
0.0029111
0.0025406
0.0022479
0.002115
0.0019672
0.0022148
0.0033042
0.0045826
0.0057078
0.0066975
0.0073232
0.0088342
0.0096644
0.010222
0.011433
0.013628
0.016937
0.020719
0.024323
0.026821
0.030084
0.03569
0.040622
0.043732
0.046071
0.048148
0.048223
0.044463
0.037021
0.026792
0.0037395
-0.031233
-0.054451
-0.055217
-0.049206
-0.047579
-0.048966
-0.049234
-0.047109
-0.040202
-0.03161
-0.022312
-0.012103
-0.0064259
-0.0045492
-0.0015146
0.0023749
0.0065303
0.010682
0.010916
0.0091004
0.0066197
0.0041822
0.00418
0.0062015
0.0114
0.017134
0.022147
0.0238
0.024941
0.026176
0.031193
0.035895
0.037345
0.037407
0.036159
0.031537
0.014964
-0.010662
-0.030615
-0.036622
-0.034179
-0.031953
-0.032222
-0.033661
-0.032201
-0.028275
-0.021248
-0.015681
-0.013164
-0.010778
-0.010202
-0.0098904
-0.0080856
-0.0081905
-0.0090552
-0.0090049
-0.0077383
-0.006344
-0.0045851
-0.0021995
0.0010436
0.0040854
0.0098658
0.016964
0.024541
0.030741
0.032911
0.031571
0.032916
0.03315
0.035687
0.037018
0.038337
0.026959
0.008165
-0.011131
-0.024808
-0.029423
-0.025293
-0.019854
-0.019317
-0.0203
-0.020991
-0.019524
-0.014884
-0.0094866
-0.0038113
-0.0012921
-0.0021804
-0.0049703
-0.0045915
-0.0035889
-0.0046432
-0.0076336
0.0029473
0.0099128
0.013983
0.018669
0.022087
0.022557
0.023201
0.023798
0.028251
0.034548
0.037165
0.035386
0.031826
0.02958
0.025515
0.017088
0.0055617
-0.0066855
-0.017716
-0.025386
-0.029259
-0.031356
-0.031416
-0.029651
-0.028494
-0.028335
-0.030393
-0.032158
-0.029517
-0.02894
-0.040651
-0.041785
-0.035301
-0.027409
-0.021084
-0.017004
-0.015185
-0.01381
-0.012054
-0.0085248
-0.0031646
0.0042431
0.011541
0.019234
0.024977
0.027047
0.030175
0.038945
0.047822
0.052765
0.050706
0.046222
0.039637
0.032506
0.01377
-0.015175
-0.03601
-0.037704
-0.03147
-0.026865
-0.026016
-0.02665
-0.026004
-0.024016
-0.01837
-0.015161
-0.012602
-0.012349
-0.012523
-0.012109
-0.010396
-0.0091666
-0.0069107
-0.0080201
-0.0078402
-0.0057933
-0.0033715
-0.0012203
0.0018438
0.0054448
0.0094453
0.011803
0.014135
0.018403
0.025
0.032092
0.037103
0.039851
0.041085
0.039917
0.035676
0.027309
0.017605
0.0089444
-0.0016163
-0.013003
-0.023453
-0.029809
-0.041601
-0.061947
-0.066935
-0.053358
-0.036822
-0.025897
-0.019154
-0.0203
-0.022531
-0.022786
-0.021073
-0.019395
-0.019032
-0.015113
-0.012503
-0.010804
-0.0090231
-0.0065862
-0.0010192
0.0062075
0.014315
0.021048
0.026648
0.030452
0.03664
0.044566
0.05278
0.058406
0.057604
0.052158
0.043076
0.032464
0.020591
0.0069719
-0.0066695
-0.017643
-0.02476
-0.028612
-0.031021
-0.030733
-0.027493
-0.026567
-0.028468
-0.030239
-0.029385
-0.023353
-0.018731
-0.015211
-0.011947
-0.0048589
-0.0071884
-0.004143
-0.0049548
-0.0042239
-0.0019217
0.0012132
0.0037643
0.0069886
0.01137
0.014914
0.016241
0.018011
0.024286
0.03253
0.039209
0.041848
0.043853
0.042077
0.03685
0.029038
0.018544
0.0079814
-0.0027561
-0.013704
-0.02269
-0.028909
-0.03146
-0.031084
-0.029071
-0.028808
-0.029913
-0.03063
-0.035438
-0.046752
-0.048377
-0.03989
-0.031039
-0.028046
-0.02258
-0.018843
-0.016499
-0.015397
-0.013596
-0.0089497
-0.0036519
0.0035847
0.012324
0.019174
0.025208
0.027877
0.033892
0.042951
0.051747
0.055252
0.054791
0.050148
0.040036
0.028933
0.017919
0.0059745
-0.0070627
-0.022931
-0.047707
-0.057262
-0.05037
-0.04031
-0.032551
-0.022762
-0.01485
-0.012768
-0.011144
-0.011465
-0.01179
-0.01122
-0.011367
-0.0086306
-0.0091037
-0.0098853
-0.0083318
-0.0061713
-0.0045446
-0.0012786
0.0022837
0.0065327
0.010932
0.013278
0.015227
0.018355
0.023926
0.030999
0.035951
0.040461
0.043852
0.04174
0.036507
0.028135
0.018142
0.0083062
-0.0020018
-0.013068
-0.022869
-0.029403
-0.032381
-0.032029
-0.030203
-0.03047
-0.032379
-0.036532
-0.053777
-0.054731
-0.044353
-0.034374
-0.025696
-0.022937
-0.021682
-0.01793
-0.016272
-0.013514
-0.01263
-0.0081949
-0.0036841
0.0023338
0.010924
0.018528
0.024839
0.029363
0.034141
0.04028
0.047162
0.053816
0.056327
0.051886
0.041464
0.029308
0.018598
0.005977
-0.007585
-0.018596
-0.025162
-0.029439
-0.030527
-0.028463
-0.024434
-0.024096
-0.027739
-0.030998
-0.029141
-0.022
-0.015233
-0.0097308
-0.0094139
-0.0085661
-0.010893
-0.011295
-0.010964
-0.0075672
-0.0083405
-0.0090048
-0.0071785
-0.0064371
-0.0035974
0.00024751
0.0043541
0.0092601
0.013966
0.016167
0.01622
0.017418
0.021651
0.0296
0.034998
0.038021
0.039743
0.038835
0.033612
0.026631
0.018
0.0084422
-0.0015117
-0.012374
-0.022357
-0.02763
-0.030291
-0.030917
-0.029477
-0.029518
-0.031045
-0.03076
-0.031139
-0.02858
-0.025149
-0.02318
-0.023419
-0.026218
-0.026226
-0.024828
-0.022036
-0.020618
-0.019483
-0.015717
-0.013399
-0.0116
-0.0097646
-0.0063832
-0.0020515
0.0028726
0.009652
0.033065
0.065315
0.082912
0.081194
0.070859
0.056653
0.042253
0.030552
0.017307
0.0051626
-0.0062642
-0.016996
-0.024266
-0.027182
-0.027341
-0.025461
-0.024526
-0.027281
-0.031238
-0.032917
-0.027756
-0.020828
-0.013937
-0.0070144
-0.0046714
-0.0042871
-0.0050365
-0.0059499
-0.0055942
-0.0035235
-0.004923
-0.0043473
-0.004195
-0.0029521
-0.00138
0.0011514
0.0057691
0.011694
0.018485
0.022724
0.022389
0.019203
0.020463
0.025896
0.03167
0.035711
0.0426
0.047269
0.035718
0.010679
-0.012855
-0.026825
-0.029357
-0.026647
-0.025385
-0.025608
-0.027062
-0.026992
-0.024237
-0.020876
-0.017911
-0.017011
-0.017703
-0.017184
-0.017039
-0.014397
-0.013694
-0.012849
-0.011376
-0.0082994
-0.0080116
-0.0047836
-0.0015564
0.0010803
0.0030881
0.0063196
0.011073
0.016983
0.023582
0.03077
0.037449
0.042033
0.044918
0.046882
0.051862
0.054297
0.048901
0.039501
0.026638
0.010444
-0.0056591
-0.016863
-0.021923
-0.023807
-0.022529
-0.021015
-0.024405
-0.030432
-0.034372
-0.034121
-0.0267
-0.015465
-0.0094007
-0.0071603
-0.0019892
0.0014212
0.0044358
0.0076792
0.0056573
0.0036945
0.0039178
0.004404
0.0057709
0.0097029
0.015707
0.021316
0.027196
0.030129
0.031801
0.030133
0.029553
0.033389
0.034216
0.031538
0.029047
0.027021
0.022466
0.015248
0.0047779
-0.0062894
-0.016495
-0.025595
-0.02867
-0.025326
-0.02334
-0.025583
-0.027845
-0.027316
-0.024371
-0.021845
-0.019132
-0.017008
-0.01659
-0.015521
-0.01414
-0.012595
-0.00996
-0.0083657
-0.0068309
-0.0052174
-0.004593
-0.0047829
-0.0031978
-0.0016324
0.0022442
0.0055189
0.0081708
0.012944
0.018566
0.02463
0.029605
0.031481
0.033781
0.03711
0.039374
0.041855
0.042469
0.03908
0.030407
0.019088
0.0067078
-0.0064409
-0.017323
-0.023246
-0.026498
-0.026598
-0.022507
-0.02016
-0.022442
-0.026343
-0.02898
-0.025497
-0.018681
-0.010476
-0.0038078
0.00024181
0.00051757
-0.0025508
-0.0024566
-5.677e-05
0.0032786
0.007281
0.0073165
0.0052055
0.0053284
0.0056495
0.008539
0.011919
0.01762
0.023387
0.027673
0.027616
0.025885
0.023875
0.025029
0.02852
0.031748
0.032759
0.031739
0.028774
0.024263
0.016686
0.00651
-0.0050945
-0.015937
-0.023704
-0.026032
-0.024658
-0.024715
-0.026476
-0.028714
-0.028217
-0.025383
-0.022631
-0.01961
-0.017621
-0.015005
-0.0096724
-0.0079242
-0.0071011
-0.0026426
0.0014082
-0.0013177
-0.00026488
-4.8097e-05
0.0023889
0.0064753
0.010888
0.016007
0.020479
0.025722
0.028262
0.028336
0.031403
0.034681
0.036695
0.037478
0.037194
0.035426
0.029127
0.018335
0.0066661
-0.0057295
-0.018753
-0.027647
-0.030219
-0.027691
-0.02299
-0.020704
-0.022652
-0.02713
-0.029502
-0.026984
-0.019896
-0.011295
-0.0037805
-0.0013521
-0.0020727
-0.0011866
0.00030186
0.00026162
0.0020788
0.0035092
0.002492
0.0027804
0.0025086
0.0040737
0.006009
0.0093658
0.014389
0.019286
0.022905
0.024019
0.024434
0.023427
0.025605
0.029602
0.033413
0.034488
0.033116
0.029761
0.024837
0.01794
0.0069635
-0.0054826
-0.015931
-0.022248
-0.02377
-0.023103
-0.025144
-0.029396
-0.031774
-0.030345
-0.026775
-0.023783
-0.019597
-0.017009
-0.015781
-0.0131
-0.012628
-0.011056
-0.0097859
-0.0096929
-0.0069953
-0.0043536
-0.0049961
-0.0041271
-0.0034615
-0.0025243
-0.00095162
0.0037354
0.0091231
0.014348
0.019722
0.02324
0.023881
0.023817
0.028092
0.0341
0.03466
0.033852
0.034032
0.031672
0.025484
0.018021
0.0081229
-0.0047535
-0.016535
-0.023695
-0.026044
-0.024585
-0.020596
-0.018893
-0.021529
-0.025515
-0.026241
-0.022503
-0.01612
-0.01015
-0.0034924
-0.00096083
-0.0014039
-0.0032522
-0.0036124
-0.0028071
-0.0027999
-0.0027985
-0.004081
-0.0054801
-0.0057739
-0.0047304
-0.0030737
-0.0016118
-0.00017871
0.00057867
0.0011036
0.001349
0.0015411
0.0012227
0.00041501
-0.00027142
-0.00052281
-0.0012015
-0.0024426
-0.0036477
-0.0050017
-0.0057896
-0.0059781
-0.0051107
-0.003543
-0.0026753
-0.0026574
-0.0026334
-0.0018372
-0.00095213
5.6247e-05
0.00076988
0.0009194
0.00086127
0.0006154
0.00022971
-0.00021684
-0.0006626
-0.0010795
-0.0013409
-0.001157
-0.00079434
-0.00075892
-0.00060985
-0.00010834
0.00021436
-7.551e-05
-0.00063629
-0.001038
-0.001185
-0.0011325
-0.0011761
-0.0014758
-0.0015718
-0.0012853
-0.00097805
-0.00077981
-0.00070594
-0.00076037
-0.000798
-0.00076485
-0.00069403
-0.00060963
-0.00056676
-0.00038547
7.5701e-05
0.00030012
0.00014997
4.8719e-05
5.3394e-05
2.8547e-05
-2.2887e-05
-1.6162e-05
-3.0177e-05
3.589e-06
9.899e-05
0.0001314
0.00017671
0.00017546
0.00010442
0.00018167
0.00024709
-3.1316e-06
-0.00022033
-0.0001804
-0.00022191
-0.00033219
-0.0002275
8.8093e-05
0.00042076
0.00063766
0.00061454
0.00028387
2.6354e-05
-6.4506e-06
-1.2685e-05
0.00021898
0.00055604
0.0006105
0.00042291
0.00012825
-3.5448e-05
4.1352e-05
0.00013714
2.7508e-05
-0.00024578
-0.00040785
-0.00016623
0.00023794
0.00036672
0.00026902
0.00023518
0.00027916
5.7652e-05
-0.00039688
-0.00063803
-0.00046941
-8.046e-05
0.00027705
0.00055614
0.00068511
0.00048161
0.00031023
0.00044322
0.00040412
0.00011994
-5.9438e-05
-0.00013603
-0.00015316
-1.3644e-05
0.00019437
0.0001963
-1.9594e-05
-0.00016587
-0.00018198
-0.00014775
-6.0681e-05
-1.4944e-06
-7.6809e-06
7.5534e-05
5.6249e-05
-0.00018993
-0.00019976
3.1327e-06
9.665e-05
1.2481e-05
-0.00012626
-5.1599e-05
0.00010421
0.00013162
6.7374e-05
1.5803e-05
1.7272e-05
1.5419e-06
-4.091e-06
0.00010561
0.00023793
0.00016447
-5.1794e-05
-0.00025486
-0.00042327
-0.00042589
-0.00027128
-0.00012267
-3.7071e-05
1.1087e-05
-4.3319e-05
-0.00014901
-1.2601e-05
9.2216e-05
-5.3807e-05
-3.785e-05
0.00015058
0.00025091
0.00018667
6.1269e-05
-1.9266e-05
-6.6394e-05
-8.9566e-05
-6.8469e-05
0.00012016
0.0001642
-6.9e-05
-7.1947e-05
0.00017456
0.00018152
-6.5086e-05
-0.000194
-0.0001219
8.9958e-05
0.00014893
-5.3375e-05
-0.00013316
-8.8574e-05
-5.602e-06
0.00016801
0.00030952
0.00023139
-0.00011832
-0.00035168
-0.00011141
0.00026363
0.00026908
0.00018608
0.00022523
5.9843e-05
-9.2104e-05
8.3636e-06
2.3035e-05
-0.00014537
-0.00026955
-0.00023278
-4.7025e-05
5.7395e-05
1.3876e-07
-7.1755e-05
-3.6385e-05
2.423e-05
5.2138e-05
7.4145e-05
6.2091e-05
0.00012103
0.0001009
-0.00015138
-0.00031812
-0.00024707
-0.00013182
-7.9816e-05
-8.8369e-06
9.572e-05
8.3202e-05
-1.663e-05
-3.2587e-05
-3.1942e-05
-3.0542e-05
-8.6423e-05
-0.0001689
-4.883e-05
4.2581e-05
-0.00011304
-0.00029088
-0.0002328
-3.9529e-05
-1.0832e-05
2.0389e-05
0.00011005
2.4867e-06
-0.00014585
-6.4401e-05
7.1012e-05
-1.5211e-05
-0.00014379
-0.00010925
-1.4361e-05
1.598e-05
3.8472e-06
2.702e-06
3.5323e-05
2.9521e-05
-5.5982e-05
-6.183e-05
0.00012999
0.00036849
0.000299
-2.0389e-05
-0.00021668
-0.0002243
-0.00013221
2.3524e-05
0.00016626
0.00014409
8.6324e-05
8.1477e-05
-3.0924e-05
-0.00012597
-5.4743e-05
7.1091e-05
0.00015491
0.00014199
-4.9485e-05
-0.00017844
-0.00020782
-0.00024346
-0.00010073
9.2525e-05
0.00012981
0.00018483
0.00021954
2.3238e-05
-0.00013926
-0.00016017
-0.00011508
-1.6923e-05
2.9634e-05
2.7588e-05
-6.5842e-06
-1.5311e-05
3.5305e-05
1.3525e-05
-8.3224e-05
-0.00011045
-4.2651e-05
-5.028e-06
8.0278e-05
0.00019845
7.5016e-05
-0.00013406
-0.00016833
-0.00010327
-4.0281e-05
1.9735e-06
3.3393e-05
4.445e-05
1.9402e-05
4.3277e-06
3.6533e-05
7.1428e-05
4.7006e-05
-1.5431e-05
-7.2193e-05
-0.00014655
-0.00017034
-3.518e-05
8.2742e-05
3.9e-05
-9.0604e-06
9.1621e-06
2.9781e-05
2.022e-05
-9.6387e-07
-5.238e-05
-9.8508e-05
-5.7798e-05
1.0373e-05
3.8967e-05
5.701e-05
5.1321e-05
2.0992e-06
-2.8341e-05
-0.00010192
-0.00022059
-0.00017753
2.5608e-05
0.00017501
0.00019451
0.00016382
0.00011661
2.2083e-05
-2.0692e-05
4.6242e-05
7.6275e-05
2.7679e-05
-3.4304e-07
-8.4967e-06
-6.1352e-05
-7.0751e-05
-9.2637e-06
6.1908e-05
0.00010055
6.7116e-05
2.6033e-05
-2.6588e-05
-9.1052e-05
-6.0831e-05
1.9201e-05
1.7213e-05
-4.5162e-06
2.7851e-05
8.0238e-05
0.00012704
7.377e-05
-4.4261e-05
-8.7942e-05
-7.2874e-05
-5.7502e-05
-9.1568e-05
-0.00013475
-7.503e-05
2.3392e-05
-3.5368e-05
-0.00016569
-7.01e-05
0.00011817
0.00011512
4.0631e-05
2.3231e-05
1.0568e-05
2.2503e-05
4.0418e-05
1.8789e-06
-0.00010996
-0.00016083
-4.5093e-05
7.3079e-05
7.3554e-05
2.7395e-05
3.0789e-05
4.7928e-05
1.5288e-05
-5.1213e-06
1.0167e-05
3.6044e-05
4.6776e-05
9.1283e-05
0.00010748
-1.7636e-05
-0.00012221
-4.2142e-05
9.1868e-05
5.154e-05
-6.7717e-05
-0.00011226
-0.0001033
-4.9989e-05
5.3386e-06
4.2636e-05
4.6562e-05
6.3125e-06
-2.4693e-06
3.2589e-05
4.7757e-05
2.0869e-05
-2.8597e-05
-5.8666e-05
-9.225e-05
-8.552e-05
3.2916e-05
0.00012328
0.0001096
6.7132e-05
3.371e-05
2.1447e-05
2.3766e-05
1.8011e-05
2.7045e-06
-8.807e-06
-1.4265e-05
-4.2336e-05
-7.1634e-05
-5.4579e-05
-2.2725e-05
-5.4857e-06
2.7797e-06
1.4192e-05
1.2961e-05
4.2496e-06
-3.5089e-06
5.3489e-06
5.3211e-05
4.7561e-05
3.2526e-05
4.7143e-05
7.5733e-06
7.0816e-06
3.6161e-05
-1.1822e-05
-0.00014967
-0.00028655
-2.6767e-05
0.00045789
0.00098773
0.0012606
0.0013071
0.0016376
0.0020574
0.0024575
0.0026296
0.0027684
0.0025797
0.0029805
0.0036193
0.0043356
0.0047387
0.0057142
0.0069329
0.0085641
0.016022
0.022904
0.026519
0.024186
0.02282
0.023896
0.026713
0.029629
0.032048
0.035564
0.040315
0.045328
0.049934
0.051095
0.049444
0.044051
0.037161
0.029618
0.019404
0.0052798
-0.010892
-0.0266
-0.038029
-0.044977
-0.046752
-0.045045
-0.047331
-0.053322
-0.056423
-0.053414
-0.047807
-0.040938
-0.031493
-0.026089
-0.016794
-0.011182
-0.0067981
0.00033185
0.0052809
0.0073047
0.0079668
0.0076677
0.0075171
0.007385
0.0069415
0.0078906
0.012032
0.018398
0.024288
0.02838
0.031599
0.031888
0.032104
0.033528
0.037472
0.050033
0.059829
0.049363
0.023125
-0.00094496
-0.018153
-0.027095
-0.029092
-0.024026
-0.01692
-0.012327
-0.011154
-0.011698
-0.011018
-0.0091695
-0.0077884
-0.0047345
-0.004001
-0.0041168
-0.0032146
-0.0021259
0.00099433
0.0051903
0.0061831
0.0064963
0.0079469
0.0088568
0.010753
0.012
0.014021
0.016197
0.019408
0.023889
0.029225
0.034895
0.037396
0.034499
0.029286
0.027799
0.028107
0.026126
0.020879
0.014616
0.0073366
-0.0003491
-0.0093777
-0.017335
-0.019435
-0.019449
-0.023637
-0.028854
-0.031235
-0.030681
-0.027226
-0.022501
-0.016547
-0.012145
-0.0064231
0.00018976
0.0036981
0.0036572
0.0029992
0.0041266
0.0034062
0.004045
0.0030813
0.0010997
0.0014588
0.0012236
0.003197
0.0059737
0.0090742
0.011912
0.014322
0.017279
0.02103
0.025172
0.028703
0.032441
0.030409
0.027223
0.024425
0.02152
0.01784
0.011701
0.0041756
-0.0036454
-0.0099883
-0.014092
-0.014232
-0.014978
-0.01682
-0.017121
-0.014798
-0.013416
-0.01304
-0.011067
-0.010894
-0.0094339
-0.0056611
-0.0018923
0.00083349
0.0020487
0.0030483
0.004017
0.0055245
0.0085733
0.0087137
0.0085329
0.0085085
0.0096221
0.010415
0.012474
0.013785
0.014581
0.015861
0.018895
0.023944
0.028887
0.030727
0.029312
0.026737
0.026566
0.025578
0.022528
0.018452
0.013836
0.0098978
0.0030759
-0.0058502
-0.011365
-0.011696
-0.013106
-0.019941
-0.026618
-0.026614
-0.025133
-0.024078
-0.019427
-0.013572
-0.011495
-0.0088234
-0.0053078
-0.00087743
0.00069526
0.0024407
0.0042505
0.0048785
0.0072147
0.0070952
0.0069335
0.0074113
0.008366
0.011052
0.014685
0.019065
0.020935
0.022179
0.023452
0.023418
0.023963
0.024349
0.026628
0.028059
0.025935
0.020576
0.016258
0.014345
0.010853
0.0055597
0.00078362
-0.0023964
-0.0040595
-0.0046854
-0.0051642
-0.0026654
-0.00075557
-0.002833
-0.0062534
-0.010644
-0.015784
-0.018767
-0.017699
-0.01375
-0.0079412
-0.0016127
0.0047165
0.0091116
0.013952
0.018931
0.023243
0.025833
0.023667
0.02199
0.019489
0.020476
0.023573
0.027213
0.027441
0.026078
0.025897
0.028974
0.032776
0.034592
0.034494
0.032948
0.02906
0.023193
0.019009
0.017811
0.014747
0.0094352
0.0055104
0.003078
-0.00095504
-0.0074256
-0.013157
-0.017287
-0.019822
-0.020861
-0.019942
-0.019031
-0.015006
-0.010623
-0.0084565
-0.0061709
0.00018017
0.0041035
0.005686
0.0048324
0.0048244
0.0046894
0.0072415
0.0097144
0.0092882
0.012732
0.014554
0.015935
0.018999
0.024757
0.028646
0.031755
0.033253
0.033001
0.031431
0.03029
0.030583
0.03224
0.031591
0.026549
0.018602
0.011279
0.00478
0.0015659
0.00049099
-9.9289e-05
-0.0020957
-0.0018681
0.0014116
0.0037908
0.0030832
-0.00046348
-0.0072877
-0.014789
-0.01925
-0.019315
-0.015518
-0.0075611
0.0052662
0.014553
0.024775
0.025392
0.022512
0.024
0.030383
0.039785
0.048285
0.052026
0.04919
0.041585
0.036546
0.035423
0.039017
0.041683
0.043514
0.046244
0.045353
0.043438
0.042867
0.04026
0.036316
0.031996
0.031344
0.029533
0.023345
0.016677
0.0096581
0.00323
-0.0010653
-0.0033857
-0.0051447
-0.0090649
-0.013212
-0.017467
-0.021919
-0.022753
-0.021396
-0.017932
-0.015502
-0.01042
-0.0029812
0.0066863
0.01583
0.016684
0.014754
0.010554
0.0075969
0.012913
0.017999
0.020746
0.023201
0.020769
0.020275
0.022303
0.025832
0.029795
0.033376
0.035156
0.034631
0.034954
0.035177
0.032731
0.030349
0.027896
0.022465
0.014037
0.0073905
0.0013323
-0.0049902
-0.010352
-0.013873
-0.014897
-0.012413
-0.0095865
-0.0087665
-0.011451
-0.015662
-0.018391
-0.018985
-0.018052
-0.016314
-0.012342
-0.0051881
0.0024871
0.0093804
0.01347
0.011147
0.0047657
-0.00031162
-5.3451e-05
0.003487
0.0088851
0.013985
0.01667
0.01524
0.013492
0.014298
0.015899
0.017929
0.019014
0.017672
0.014205
0.010617
0.0070937
0.0021028
-0.0023317
-0.0053114
-0.0067678
-0.0065555
-0.005218
-0.0034602
-0.0012739
0.0010978
0.0029131
0.0042086
0.0054715
0.0064943
0.0062935
0.0044703
0.0021355
0.00051592
-4.1997e-05
-0.00012894
-0.000531
-0.0010586
-0.0015409
-0.0025046
-0.0047318
-0.0075584
-0.0096451
-0.011
-0.011081
-0.0090913
-0.0067494
-0.0049597
-0.0035426
-0.0025585
-0.0019395
-0.0013237
-0.00075072
-0.00024172
0.00015196
0.00031143
0.00081514
0.001524
0.0022784
0.0029868
0.0029889
0.0027993
0.0037295
0.005366
0.0064815
0.0064868
0.0053677
0.003619
0.0018792
0.00079158
0.00029454
0.00027568
0.00061685
0.00092797
0.00098944
0.00098657
0.0011078
0.0010197
0.00081915
0.00093631
0.0011809
0.0013213
0.0012896
0.00079
0.00019304
0.00022245
0.00067184
0.0011261
0.0014382
0.0016114
0.0019137
0.002037
0.0016483
0.0013207
0.0013344
0.0013276
0.001248
0.0012812
0.0011414
0.000813
0.00063684
0.00049439
0.00044708
0.00067169
0.00097976
0.0010434
0.00069794
0.00018038
-0.00025494
-0.00057604
-0.00066283
-0.0006023
-0.00052116
-0.00033678
-0.00014164
-2.1389e-05
4.223e-05
1.9841e-05
-5.4554e-05
-8.7142e-05
-5.3253e-05
-1.509e-05
-3.5295e-05
-0.00011402
-0.0001753
-0.00019706
-0.00019226
-0.00015311
-0.00012434
-0.00012147
-0.00014963
-0.00016051
-7.4987e-05
1.451e-05
1.5018e-05
5.2012e-06
-7.4285e-06
-3.7649e-05
-2.6442e-05
2.655e-05
5.5203e-05
5.5718e-05
5.8152e-05
0.00010233
0.00017431
0.0001595
8.1448e-05
5.4194e-05
-8.0933e-05
-0.00026097
-0.00014411
-5.9118e-05
-0.00022802
-0.00039318
-0.00040195
-0.00017006
4.9506e-05
8.9845e-05
8.9827e-05
5.589e-05
1.5554e-06
-0.0001158
-0.00040452
-0.00045519
-0.0001052
8.8241e-05
0.00013731
0.0002726
0.00039105
0.00028284
-0.00013054
-0.00043877
-0.00039889
-0.0001877
7.757e-05
0.00024692
0.00012133
3.2756e-05
0.00012337
-6.6589e-05
3.1494e-05
-3.339e-05
-0.00015164
-0.00014815
-2.3136e-05
0.00010272
1.2769e-05
-0.00012694
-0.00012097
2.5664e-05
0.00015785
5.721e-05
-0.00011591
-0.00012541
-5.7736e-05
-4.0095e-05
-0.00010896
-0.00017898
-5.7966e-05
0.00012136
0.00015607
0.00010077
3.3459e-05
-2.3613e-06
8.3037e-06
1.4118e-05
3.869e-06
-0.00019089
-0.00036811
-0.0001567
7.7688e-05
0.00026455
0.00027852
-7.5072e-05
-0.00038182
-0.00045586
-0.00039028
-0.00030491
-0.00020777
-0.00012853
-0.00010711
-0.00013466
-0.00023296
-0.00016096
-6.4064e-05
-0.00020374
-0.00032933
-0.00037622
-0.00029107
-0.00012037
0.00012669
0.00033809
0.00012753
-0.00016767
-0.00017144
-9.3055e-05
-7.3094e-05
-4.9584e-05
-6.744e-06
3.8674e-06
-7.7693e-06
-2.0613e-05
-4.7441e-06
3.6538e-05
-5.9306e-05
-0.00019915
-8.8799e-05
-2.5458e-06
-6.4621e-05
3.545e-05
6.2648e-05
-6.2275e-05
-8.5731e-06
0.00010556
5.345e-05
-1.6771e-05
-1.3064e-05
-4.3287e-05
-8.3146e-05
-6.9673e-05
6.7457e-05
0.00024362
0.00025541
-8.4494e-06
-0.00026835
-0.00018456
4.584e-05
0.00015256
0.00017568
0.00015935
-5.3686e-05
-0.00025837
-0.00015225
2.2891e-05
9.2808e-05
0.00010682
-3.0124e-05
-0.00017078
-5.6662e-05
1.1772e-05
-4.1843e-05
-5.8205e-05
-8.6146e-05
2.491e-05
0.00018499
0.00020189
0.00010959
1.9193e-05
1.3955e-05
-8.069e-06
-0.00016265
-0.00025529
-5.988e-05
0.00016119
0.00018229
2.538e-05
-0.00021826
-0.00024116
-9.3281e-05
-1.1557e-05
4.4455e-05
-4.3276e-05
-8.6208e-05
2.7063e-05
-0.00013317
-0.00031293
-0.00010376
2.0093e-06
-5.5133e-06
0.00028485
0.00037551
6.1572e-05
-9.6582e-05
-6.3998e-05
-0.00011526
-0.00016102
-0.00012212
-0.00014005
-0.00024993
-0.00028961
-0.00010865
8.7307e-05
4.3082e-05
-7.3309e-05
-0.00012839
-0.00010839
-1.7211e-05
-5.132e-05
-0.00014341
-0.00013013
-0.00017841
-0.00023535
-0.00017182
-0.00010988
-5.9392e-05
-8.8914e-05
-0.00023723
-0.00021942
1.8173e-05
0.00021496
0.00024736
0.00023161
0.00022259
6.6239e-05
-0.0002316
-0.00044889
-0.0004137
-0.00025672
-3.7988e-05
0.00023361
0.00033447
0.00025944
0.00012158
-1.8374e-05
-5.73e-05
-0.00010824
-0.00026275
-0.00031962
-0.00011733
0.00018766
0.00014399
-3.5019e-05
2.1228e-05
6.465e-05
0.000123
9.8694e-05
-0.00014216
-0.00028543
-0.00022865
-8.894e-05
8.8926e-05
0.00027069
0.00032331
0.00013919
-7.9702e-05
-0.00017534
-0.00027077
-0.00031902
-4.7349e-05
0.00033977
0.00025883
-0.00014987
-0.00022918
-5.0974e-05
-7.0856e-05
-0.00014508
-0.00011862
-9.0363e-05
1.8837e-05
0.00012616
9.6707e-05
0.00014622
0.00014218
-8.0016e-05
-0.00020571
-0.00014562
-7.7434e-05
-8.0634e-05
-8.613e-05
5.8188e-05
0.00029486
0.00036752
0.00019177
-0.0001199
-0.00020898
3.9364e-05
0.00021071
5.7064e-05
-0.00023405
-0.00026788
-8.632e-05
1.293e-05
1.9498e-05
-4.1327e-05
-8.5267e-05
9.9281e-06
0.000125
0.00010285
7.3275e-05
0.00011241
6.0859e-05
-5.2559e-05
2.0407e-05
0.00013361
6.5193e-06
-0.00012035
-0.00010117
-0.00013616
-0.00019258
-0.00021029
-4.6401e-05
0.00028957
0.00026518
-8.2809e-05
-0.0002671
-0.00013299
0.00018464
0.00022253
-5.1222e-05
-0.00019979
-0.00016518
-0.00010831
1.7653e-06
0.00014698
0.00013803
-1.2104e-05
-0.00010521
-0.00010016
-7.9852e-05
6.5938e-05
0.00032225
0.00029641
8.1737e-07
-0.00020014
-0.00015873
-1.3559e-05
-5.5448e-05
-0.00016233
-0.00013417
2.2128e-05
0.00029755
0.00033234
0.00012544
-1.1149e-05
-7.3361e-05
3.432e-05
7.2432e-05
-2.4418e-05
-3.2516e-05
-4.5023e-05
3.2717e-05
0.00013987
3.8248e-05
-0.00017832
-0.00029364
-0.00018744
-2.7943e-06
7.2903e-06
4.6725e-05
0.00015394
2.5684e-05
-7.54e-05
9.4455e-05
0.00016588
-2.7935e-05
-0.00018778
-0.00022726
-0.00010434
0.00010616
0.00021779
0.00021684
-7.1389e-06
-0.00027035
-0.00029534
-0.00018774
-6.1635e-05
3.5965e-05
0.00015827
0.00021632
5.4646e-05
-3.3316e-05
0.00012719
0.00021223
0.00016181
8.754e-05
-0.00010386
-0.00015909
-5.5613e-05
-5.665e-05
-3.9447e-05
-5.1964e-05
-0.00012528
-0.00012554
-8.8163e-05
-5.4321e-05
6.2144e-05
0.00019542
0.00011919
-7.3737e-05
-0.00014213
-7.2143e-05
-1.9831e-05
-9.1124e-07
-1.1678e-05
3.4328e-05
0.00029968
0.00041434
0.00018179
-3.2784e-05
-0.00023228
-0.00027085
-6.9462e-05
1.2334e-06
-4.497e-05
4.4224e-05
0.00015243
1.7871e-05
-6.6077e-05
1.3255e-05
1.9595e-05
-1.7899e-05
1.69e-05
8.0129e-05
-5.2685e-05
-0.00010003
2.5035e-05
-2.5871e-05
-9.6763e-05
-7.7686e-05
3.3366e-05
0.00015147
3.5529e-05
-0.00010835
-7.7277e-05
-2.9017e-05
-3.7465e-05
4.4636e-05
0.00015319
2.572e-05
-0.00016013
-0.00014417
-5.8643e-05
-2.8479e-05
7.5625e-05
0.00025657
0.00030162
0.00024501
5.3518e-05
-0.00014691
-7.4314e-05
-3.3625e-05
-0.00013754
-0.00015894
-0.00015639
-3.7074e-05
0.00024393
0.00036867
0.00016666
-0.00016411
-0.00030671
-9.0027e-05
0.00013985
-3.4649e-05
-0.00015802
-4.9229e-05
-8.0953e-05
-0.00013764
3.1867e-05
0.00020463
7.4898e-05
-9.0441e-05
5.872e-06
8.8487e-05
-1.3818e-06
-3.4697e-05
-4.3858e-05
-0.0001017
-4.2299e-05
7.2994e-05
-1.2274e-05
-0.00014503
-0.00010679
9.078e-05
0.00023741
0.00010557
-6.3912e-05
-9.5171e-05
1.1703e-05
0.00020994
0.00018598
-7.9355e-05
-6.3151e-05
0.00022691
0.00012627
-0.00022655
-0.00023291
-2.9926e-05
-1.401e-05
-0.00010258
-0.00012831
-9.5894e-05
-3.6785e-05
0.00011555
0.00034439
0.00038251
0.00022445
-3.0997e-05
-0.00030719
-0.00039053
-0.00017469
0.00012527
0.00020947
0.00020388
0.00010317
-0.00016979
-0.00021626
-7.2694e-05
-0.00011931
-6.7353e-05
0.00013028
0.00015904
0.00011875
7.7624e-05
8.1337e-05
9.1499e-06
-0.0001893
-0.000167
0.00011198
0.00020009
2.387e-05
-4.1725e-05
-5.0277e-05
-0.00017734
-0.00022718
-0.00012477
-3.9918e-05
-1.8317e-05
-6.5375e-06
6.4706e-05
0.00016479
8.4761e-05
-8.6573e-05
-5.0723e-05
0.00026558
0.00036418
9.4623e-05
-8.6696e-05
-0.00011087
-7.4945e-05
-5.4888e-05
-7.0016e-05
-6.5536e-05
-2.4816e-05
-4.9672e-05
-8.9339e-05
-4.7139e-05
-9.614e-07
9.6664e-06
6.7303e-05
0.00019582
0.00013981
-8.9323e-05
-9.8393e-05
0.00012255
0.00013042
-0.00011969
-0.00025468
-0.00023119
-0.00015502
5.2523e-05
0.0001817
4.9229e-05
-4.8658e-05
6.2395e-05
