0.047616
0.045756
0.03924
0.034965
0.051067
0.085892
0.097105
0.078125
0.055264
0.0397
0.029815
0.022672
0.012489
-0.0032155
-0.021074
-0.03615
-0.046293
-0.052282
-0.054852
-0.056656
-0.060032
-0.065856
-0.091031
-0.13049
-0.12904
-0.088792
-0.049044
-0.022426
-0.0050896
0.010763
0.027639
0.040219
0.047307
0.049035
0.044991
0.03817
0.032433
0.027281
0.026028
0.027504
0.029034
0.032447
0.034538
0.031314
0.021949
0.0080987
-0.0033447
-0.0057482
0.00036589
0.012367
0.020409
0.010881
-0.013985
-0.031642
-0.033862
-0.028792
-0.023938
-0.022744
-0.024684
-0.029218
-0.035349
-0.041002
-0.043081
-0.039494
-0.031922
-0.021115
-0.0083052
0.0042936
0.016891
0.029949
0.043449
0.055559
0.063929
0.065825
0.056412
0.044122
0.037107
0.034343
0.03464
0.036216
0.037825
0.040087
0.041805
0.040693
0.036152
0.030606
0.025877
0.020437
0.011436
-0.00023742
-0.033857
-0.086951
-0.11234
-0.10412
-0.087461
-0.073813
-0.066384
-0.062409
-0.058651
-0.054084
-0.048449
-0.042234
-0.03565
-0.030059
-0.024203
-0.016078
-0.0038567
0.0088748
0.022397
0.036179
0.043978
0.047074
0.04922
0.048293
0.045637
0.044323
0.04307
0.04159
0.042507
0.04531
0.044985
0.037206
0.024265
0.012333
0.0050908
0.0021523
0.0037296
0.0052751
0.0030496
-0.0023185
-0.0080442
-0.013031
-0.025947
-0.046435
-0.056422
-0.052432
-0.045821
-0.039792
-0.032917
-0.027722
-0.024574
-0.020816
-0.013746
-0.0039275
0.0068995
0.020157
0.03465
0.046012
0.05063
0.046123
0.051604
0.07458
0.083222
0.072189
0.056996
0.043009
0.032914
0.027408
0.024149
0.017595
0.0027567
-0.019269
-0.04006
-0.054841
-0.063038
-0.093607
-0.14557
-0.16048
-0.13112
-0.094648
-0.065038
-0.046075
-0.035134
-0.02807
-0.024108
-0.019967
-0.012343
-0.0040992
0.005119
0.017995
0.02928
0.036012
0.039886
0.055619
0.08904
0.10079
0.090111
0.07376
0.056672
0.039792
0.023748
0.01105
0.0056169
0.0069423
0.0095238
0.011015
0.010256
0.0046279
-0.0019188
-0.0068425
-0.011219
-0.015108
-0.018339
-0.03361
-0.060208
-0.070783
-0.061232
-0.047562
-0.034619
-0.021536
-0.010143
0.0015166
0.01658
0.033054
0.047419
0.055584
0.052197
0.041707
0.03391
0.046658
0.078759
0.091478
0.076379
0.055644
0.039373
0.028859
0.021081
0.013118
0.0028855
-0.011107
-0.028144
-0.04436
-0.056377
-0.062072
-0.064522
-0.094282
-0.15248
-0.16975
-0.13612
-0.092324
-0.055799
-0.032817
-0.020957
-0.013722
-0.0051185
0.0041447
0.010109
0.015815
0.023644
0.031669
0.03675
0.03831
0.037573
0.036125
0.044513
0.068134
0.080365
0.06712
0.042027
0.020188
0.0081147
0.0056135
0.0094442
0.013241
0.012551
0.0072018
-0.00048701
-0.0053064
-0.0089383
-0.013824
-0.018993
-0.023716
-0.039308
-0.066236
-0.075621
-0.062649
-0.045437
-0.02918
-0.011795
0.0079042
0.027932
0.043498
0.050166
0.050944
0.047284
0.042236
0.037255
0.034218
0.034214
0.034669
0.034487
0.035073
0.050756
0.075474
0.078689
0.056669
0.02766
-0.00095074
-0.024861
-0.042645
-0.054258
-0.059996
-0.06136
-0.061038
-0.062534
-0.065394
-0.069024
-0.074056
-0.078179
-0.076352
-0.067945
-0.055716
-0.043473
-0.031423
-0.011867
0.011517
0.026362
0.033468
0.037231
0.038409
0.038215
0.036872
0.035518
0.035074
0.035443
0.036063
0.037978
0.042223
0.045186
0.038752
0.022264
0.0058963
-0.00074223
0.0022724
0.0096368
0.014686
0.013488
0.0043311
-0.0067824
-0.013574
-0.016742
-0.018906
-0.020241
-0.021666
-0.024098
-0.027429
-0.031767
-0.035273
-0.037302
-0.040506
-0.04417
-0.044396
-0.039126
-0.029616
-0.015558
0.0038179
0.024973
0.042293
0.054552
0.059324
0.055607
0.047268
0.038785
0.033184
0.032413
0.034638
0.037468
0.039682
0.04002
0.039546
0.039344
0.036673
0.032754
0.028886
0.023258
0.016347
0.0066638
-0.0063393
-0.019195
-0.031329
-0.044539
-0.055505
-0.06203
-0.065527
-0.066971
-0.068315
-0.071348
-0.074582
-0.0749
-0.071804
-0.065156
-0.055366
-0.044528
-0.033797
-0.023853
-0.015246
-0.0059683
0.0027999
0.0094965
0.015719
0.02336
0.030659
0.036883
0.041349
0.042789
0.043043
0.043777
0.0428
0.040873
0.041815
0.046776
0.051385
0.050512
0.040893
0.025489
0.011423
0.0038838
0.001997
0.0048627
0.0095713
0.010226
0.0040096
-0.0056265
-0.024456
-0.050131
-0.060457
-0.053931
-0.0447
-0.039174
-0.038578
-0.038802
-0.037375
-0.032716
-0.024802
-0.013681
0.0021346
0.020637
0.037991
0.051444
0.056275
0.052272
0.056616
0.079634
0.085773
0.071535
0.054474
0.042457
0.035616
0.03075
0.026776
0.020817
0.011967
0.00021315
-0.015804
-0.032064
-0.044659
-0.054183
-0.057689
-0.084665
-0.1369
-0.15427
-0.12709
-0.091941
-0.063805
-0.045411
-0.033055
-0.02383
-0.015474
-0.0062333
0.0030891
0.012061
0.020841
0.030246
0.03758
0.041035
0.045772
0.051772
0.066704
0.098898
0.11146
0.091448
0.062028
0.033814
0.013265
0.0033232
0.001917
0.0058805
0.0095622
0.0074014
-0.00019112
-0.0083563
-0.014744
-0.032146
-0.059831
-0.071456
-0.062406
-0.050299
-0.041994
-0.036875
-0.032624
-0.02906
-0.023924
-0.01416
0.0022267
0.021816
0.038462
0.049778
0.054946
0.063207
0.08788
0.095205
0.079343
0.061297
0.048204
0.03837
0.031746
0.027792
0.02535
0.021692
0.014901
0.0032855
-0.012134
-0.029642
-0.046048
-0.087633
-0.14972
-0.16942
-0.13896
-0.10132
-0.074842
-0.058995
-0.05068
-0.044583
-0.037612
-0.030044
-0.022047
-0.010825
0.0010854
0.011575
0.023215
0.045747
0.074839
0.082528
0.071694
0.0558
0.045961
0.043652
0.045277
0.047908
0.047434
0.04076
0.029297
0.016146
0.0062455
0.0036552
0.0062609
0.0082155
0.0072067
0.0025461
-0.015948
-0.044608
-0.058708
-0.054207
-0.044093
-0.035555
-0.032205
-0.032307
-0.034495
-0.034487
-0.02942
-0.021791
-0.0093479
0.008451
0.026218
0.040553
0.055376
0.071403
0.072976
0.060796
0.04771
0.041638
0.04042
0.040644
0.040242
0.037827
0.033368
0.027558
0.021562
0.017099
0.012422
0.0038681
-0.0099167
-0.02694
-0.061691
-0.10924
-0.12894
-0.11322
-0.092225
-0.077636
-0.068339
-0.063687
-0.06159
-0.057056
-0.048539
-0.038705
-0.030465
-0.022168
-0.011751
0.00043123
0.011521
0.021147
0.047131
0.085988
0.098813
0.080882
0.062906
0.055217
0.050781
0.04815
0.046037
0.039551
0.02761
0.014707
0.0057489
0.0027425
0.0042811
0.0065182
0.0060842
0.00072559
-0.012711
-0.031979
-0.043581
-0.043622
-0.039519
-0.035543
-0.03511
-0.037701
-0.040912
-0.042171
-0.039436
-0.034017
-0.027158
-0.016342
-0.0017415
0.015763
0.04372
0.078437
0.088048
0.076548
0.06212
0.05404
0.0489
0.044523
0.040884
0.038649
0.034966
0.030588
0.028776
0.025349
0.017159
0.0036357
-0.014784
-0.032986
-0.0755
-0.13761
-0.16334
-0.14059
-0.10701
-0.081607
-0.068828
-0.061949
-0.055727
-0.047756
-0.039063
-0.031353
-0.023071
-0.012095
-2.3416e-05
0.011668
0.024601
0.03581
0.042776
0.045569
0.055828
0.079275
0.08742
0.079031
0.067548
0.059836
0.054412
0.044705
0.03067
0.016852
0.0066262
0.0026301
0.0054627
0.0082474
0.0052386
-0.001684
-0.0082745
-0.013909
-0.019892
-0.023765
-0.025277
-0.026733
-0.027433
-0.026173
-0.024885
-0.024931
-0.028143
-0.03406
-0.037194
-0.034687
-0.028451
-0.021337
-0.0020908
0.032661
0.054563
0.052804
0.042205
0.033486
0.030358
0.034619
0.04058
0.045158
0.047134
0.045535
0.042226
0.039534
0.034921
0.0279
0.022889
0.020019
0.014966
0.0042675
-0.011746
-0.029216
-0.043047
-0.054837
-0.063046
-0.066105
-0.068896
-0.071383
-0.071534
-0.073274
-0.076537
-0.077844
-0.076088
-0.070506
-0.06013
-0.047438
-0.037404
-0.029766
-0.020947
-0.0094161
0.00044409
0.008755
0.01993
0.031521
0.040353
0.046191
0.047114
0.0477
0.048984
0.04507
0.040023
0.039002
0.041167
0.046548
0.051206
0.05044
0.04314
0.030752
0.017368
0.0076776
0.0041045
0.0051573
0.0066053
0.0053113
0.00021434
-0.0063398
-0.012749
-0.017637
-0.021036
-0.025239
-0.029163
-0.032154
-0.033807
-0.032392
-0.030133
-0.031344
-0.035399
-0.036842
-0.033995
-0.028043
-0.021608
-0.01318
-0.0010927
0.011544
0.02375
0.032303
0.03263
0.026979
0.022228
0.019354
0.018341
0.018144
0.019946
0.024346
0.027309
0.027612
0.026176
0.024195
0.020941
0.01817
0.017237
0.015561
0.0097665
0.0010686
-0.0090942
-0.018703
-0.023609
-0.025336
-0.024521
-0.022485
-0.020918
-0.02224
-0.02714
-0.032698
-0.035386
-0.034873
-0.031845
-0.027953
-0.023344
-0.018705
-0.014367
-0.010037
-0.0092796
-0.014349
-0.024209
-0.03214
-0.032318
-0.026816
-0.019697
-0.016641
-0.016736
-0.018025
-0.021095
-0.024491
-0.029588
-0.034176
-0.03453
-0.030104
-0.025792
-0.02735
-0.03441
-0.042262
-0.04602
-0.040584
-0.025804
-0.0090243
0.0030197
0.0073183
0.0077666
0.0087082
0.014184
0.022911
0.031713
0.03853
0.041353
0.040233
0.038148
0.034353
0.028474
0.021417
0.016439
0.016875
0.021166
0.026666
0.029171
0.027873
0.0283
0.033628
0.04439
0.055846
0.062188
0.063732
0.059893
0.053147
0.050288
0.049892
0.044664
0.037918
0.030787
0.023963
0.019681
0.016962
0.014215
0.010112
0.0054583
-0.0012057
-0.0099097
-0.019062
-0.028275
-0.034346
-0.035174
-0.032978
-0.029205
-0.026614
-0.029982
-0.039186
-0.049148
-0.057448
-0.060637
-0.05717
-0.051051
-0.04641
-0.044749
-0.044947
-0.045966
-0.047916
-0.05124
-0.055016
-0.057851
-0.05473
-0.046057
-0.035598
-0.024981
-0.01912
-0.02109
-0.024934
-0.02886
-0.030823
-0.030538
-0.030005
-0.027404
-0.024079
-0.024159
-0.027906
-0.033246
-0.035296
-0.030773
-0.019305
-0.0044397
0.0092229
0.01765
0.021196
0.023343
0.027453
0.035356
0.046767
0.060398
0.070937
0.073583
0.069421
0.063168
0.058934
0.054178
0.047004
0.043504
0.046015
0.047676
0.046014
0.041991
0.037707
0.037687
0.043399
0.051675
0.060061
0.063106
0.057631
0.049412
0.044887
0.046086
0.049627
0.047103
0.039087
0.028606
0.017425
0.0088154
0.0042421
0.0028494
0.0014972
-0.00051523
-0.0045017
-0.012264
-0.022643
-0.033612
-0.043553
-0.051017
-0.053323
-0.049935
-0.04682
-0.049123
-0.055183
-0.063525
-0.072646
-0.078624
-0.07654
-0.070515
-0.065391
-0.062114
-0.062464
-0.066785
-0.07224
-0.076407
-0.077205
-0.072583
-0.062377
-0.050338
-0.038451
-0.030587
-0.031157
-0.036255
-0.040115
-0.040065
-0.034953
-0.029395
-0.025027
-0.021522
-0.020867
-0.024352
-0.032114
-0.03772
-0.0366
-0.029486
-0.017302
-0.0033434
0.0095209
0.019603
0.028111
0.034552
0.039685
0.04835
0.065328
0.084657
0.099178
0.10752
0.10898
0.10325
0.093139
0.080805
0.069339
0.06533
0.068321
0.07078
0.070608
0.067226
0.062583
0.061485
0.063799
0.067238
0.067858
0.060795
0.051455
0.0487
0.047525
0.045046
0.042132
0.037427
0.03093
0.024116
0.019674
0.017276
0.014116
0.0083482
0.0011002
-0.0076864
-0.018686
-0.030525
-0.040333
-0.049209
-0.055899
-0.059188
-0.060441
-0.060954
-0.063319
-0.069767
-0.078819
-0.088164
-0.094853
-0.094727
-0.089098
-0.082991
-0.077476
-0.075837
-0.07903
-0.08389
-0.087499
-0.088872
-0.087856
-0.085089
-0.07901
-0.068513
-0.060431
-0.057427
-0.054153
-0.047869
-0.042099
-0.037775
-0.032812
-0.029012
-0.028634
-0.030201
-0.03112
-0.030716
-0.029867
-0.027243
-0.020904
-0.0099957
0.003843
0.01827
0.0312
0.043608
0.053414
0.058164
0.062011
0.070689
0.080939
0.093595
0.10689
0.11523
0.11858
0.11834
0.11327
0.10398
0.097201
0.093656
0.091072
0.091493
0.092667
0.090521
0.087956
0.085557
0.080453
0.074459
0.068425
0.060859
0.05346
0.048845
0.046595
0.045897
0.045159
0.038428
0.028328
0.017901
0.0089301
0.0036182
0.0015086
-0.0017111
-0.0086977
-0.019598
-0.029745
-0.038859
-0.049738
-0.059532
-0.065347
-0.068596
-0.070554
-0.074484
-0.082042
-0.090513
-0.099023
-0.10736
-0.11112
-0.11141
-0.10999
-0.10657
-0.10069
-0.095909
-0.094771
-0.095182
-0.094713
-0.093769
-0.092652
-0.090825
-0.085976
-0.076209
-0.064781
-0.056819
-0.049654
-0.043751
-0.043566
-0.043508
-0.042457
-0.041401
-0.037729
-0.032839
-0.030652
-0.030217
-0.029295
-0.025733
-0.015932
-0.0021415
0.012939
0.029078
0.043232
0.055944
0.068366
0.078143
0.083912
0.089912
0.099309
0.11167
0.1241
0.13153
0.13374
0.13359
0.13186
0.12731
0.1223
0.11793
0.11286
0.10936
0.10898
0.10739
0.1033
0.099538
0.094484
0.084142
0.073174
0.065286
0.057514
0.052022
0.049262
0.04422
0.035725
0.026193
0.017251
0.0095501
0.005046
0.0045449
0.004411
0.00040734
-0.0048097
-0.010984
-0.020624
-0.033313
-0.046465
-0.059836
-0.070337
-0.076438
-0.081489
-0.08839
-0.095484
-0.10568
-0.11798
-0.12697
-0.13139
-0.13226
-0.12771
-0.12116
-0.11565
-0.11061
-0.10786
-0.10826
-0.10797
-0.10634
-0.10335
-0.09888
-0.092778
-0.084178
-0.077054
-0.070272
-0.060461
-0.050131
-0.043423
-0.042037
-0.041475
-0.039299
-0.034446
-0.029948
-0.02792
-0.028251
-0.027805
-0.021156
-0.0077196
0.0091429
0.027544
0.045342
0.058204
0.068949
0.080658
0.088389
0.093408
0.099745
0.10971
0.12326
0.13947
0.15276
0.15638
0.15214
0.14354
0.13347
0.12594
0.12161
0.11741
0.11465
0.11315
0.10946
0.1038
0.099554
0.094387
0.085054
0.072274
0.058895
0.047172
0.041328
0.03912
0.037344
0.032739
0.023464
0.012509
0.0036854
-0.00091143
-0.0027018
-0.0030783
-0.0045687
-0.010022
-0.01919
-0.03011
-0.04236
-0.054717
-0.06532
-0.072738
-0.08022
-0.08713
-0.092075
-0.10092
-0.11199
-0.11961
-0.12586
-0.13075
-0.1327
-0.13289
-0.12791
-0.1188
-0.11248
-0.11154
-0.1123
-0.11162
-0.1089
-0.10333
-0.096355
-0.090141
-0.084312
-0.07821
-0.072598
-0.06546
-0.058184
-0.053491
-0.050799
-0.047511
-0.041714
-0.034649
-0.028217
-0.024888
-0.023258
-0.018874
-0.0092607
0.006161
0.021825
0.03784
0.053418
0.066968
0.07726
0.087299
0.095948
0.10253
0.11038
0.11952
0.12956
0.13827
0.14624
0.15142
0.15134
0.14715
0.14165
0.13629
0.12923
0.12128
0.11665
0.11455
0.11172
0.10691
0.098658
0.088135
0.076684
0.065393
0.053609
0.042707
0.035601
0.032254
0.02884
0.022877
0.016122
0.0092093
0.0026309
-0.0027524
-0.0060201
-0.007228
-0.0086493
-0.012046
-0.019599
-0.029035
-0.038287
-0.050247
-0.064687
-0.076232
-0.085067
-0.091407
-0.093008
-0.093867
-0.099175
-0.10981
-0.12268
-0.13082
-0.13342
-0.13079
-0.12383
-0.11722
-0.11253
-0.10877
-0.1071
-0.10612
-0.10369
-0.099214
-0.09354
-0.088334
-0.083025
-0.076575
-0.069505
-0.062345
-0.056753
-0.052662
-0.048192
-0.043152
-0.037686
-0.031879
-0.026116
-0.020946
-0.016644
-0.01038
0.00090056
0.015676
0.032123
0.048742
0.064759
0.077268
0.084982
0.091371
0.095073
0.096557
0.10104
0.10938
0.11899
0.13087
0.14323
0.15114
0.15173
0.14737
0.14107
0.13301
0.12513
0.11949
0.11478
0.10914
0.1016
0.09313
0.084594
0.074487
0.059777
0.043446
0.03089
0.023675
0.021761
0.022364
0.020326
0.015299
0.008663
0.002478
-0.0014708
-0.0028431
-0.0030201
-0.0047028
-0.01162
-0.021002
-0.028119
-0.033786
-0.040952
-0.052795
-0.064836
-0.073552
-0.080464
-0.084493
-0.085809
-0.087953
-0.092926
-0.10109
-0.1107
-0.1185
-0.12217
-0.12111
-0.11794
-0.11313
-0.10759
-0.10463
-0.10341
-0.10042
-0.095589
-0.09111
-0.087937
-0.0846
-0.081083
-0.07765
-0.07249
-0.068144
-0.066459
-0.06535
-0.064524
-0.062398
-0.057705
-0.050306
-0.04052
-0.031864
-0.026288
-0.022434
-0.018367
-0.013372
-0.0048508
0.0061707
0.014339
0.019892
0.024962
0.030152
0.032806
0.031886
0.031243
0.034877
0.042443
0.051082
0.055104
0.052925
0.049116
0.045096
0.041701
0.041133
0.041523
0.040917
0.040234
0.039626
0.037224
0.032822
0.029148
0.02672
0.024447
0.022918
0.021879
0.021721
0.02339
0.025423
0.027745
0.030184
0.031025
0.030361
0.028823
0.027548
0.02774
0.028898
0.02965
0.029435
0.028667
0.027275
0.02512
0.023307
0.022194
0.02078
0.019114
0.017598
0.016267
0.015152
0.013199
0.01033
0.0081036
0.0065085
0.005291
0.0045237
0.0038672
0.0037748
0.003555
0.0026577
0.0024064
0.0024924
0.0022592
0.0019884
0.0023396
0.0032281
0.0032811
0.0032385
0.0035408
0.002944
0.0026343
0.0032294
0.003286
0.003443
0.0039506
0.0037935
0.0030303
0.0025849
0.0027447
0.0028829
0.002833
0.002279
0.0014444
0.00099315
0.00060057
4.5038e-05
-0.0005141
-0.00087664
-0.00036919
0.00095591
0.0019929
0.002369
0.0023129
0.0017615
0.0013994
0.0021225
0.0031272
0.0032556
0.0028435
0.0021955
0.001418
0.0011947
0.00117
0.001398
0.0019228
0.0018861
0.0015312
0.0012953
0.0013459
0.0012761
0.00095081
0.00076278
0.00078249
0.0010257
0.0011931
0.0015777
0.0020791
0.0018015
0.0013496
0.0014314
0.0013371
0.00098022
0.00076491
0.0006144
0.00049769
0.00041744
0.00027157
-0.00017063
-9.3e-05
0.00051989
0.00043437
0.00065001
0.0012913
0.00073555
-8.0982e-05
0.00026427
0.00059385
-0.00033099
-0.0013093
-0.00086111
0.00071429
0.0012246
6.7366e-05
-0.00048172
0.00028313
0.0010863
0.0011242
0.00073313
-0.0003739
-0.0016573
-0.0017187
-0.00088242
-0.00010896
-0.00024082
-0.00054549
-0.00032196
0.00019367
0.0003928
-3.266e-05
-5.6811e-05
0.00070611
0.0010751
0.00056643
8.8261e-05
-0.00029025
-0.00023954
-0.00012277
-0.00015994
4.5351e-05
0.00013688
0.00040759
0.00041631
-0.00030335
-0.0012447
-0.0011661
0.00015779
0.000937
0.0010816
0.00076584
-0.00051485
-0.00084052
0.00010422
0.00041806
0.00035718
0.00076901
0.00098971
0.0009168
0.0011175
0.00097697
0.00027479
-0.0003258
-0.00051436
-0.00026079
-0.00026413
-0.00044071
-4.9659e-05
-1.976e-05
-0.0004998
-0.00041097
-0.00011628
-0.0001709
-0.0003016
-0.00040777
-0.00056675
-0.00056883
-0.00026499
-6.9915e-05
-9.7079e-05
-0.0001243
-0.00039727
-0.00083381
-0.00092188
-0.00067892
-0.00036626
-0.00014036
-5.8007e-05
-0.0001711
-0.00010428
0.00014781
0.00017808
0.00039856
0.00045483
0.00024665
-4.9329e-05
-0.00064588
-0.00055402
0.00030311
0.00083481
0.00071603
0.00034448
0.00010634
-0.00018023
-0.00049343
-0.00032587
0.00035561
0.00043316
-0.00018602
-0.00040404
-0.00042795
-0.00023047
-4.944e-06
-0.00024034
-0.00011093
0.00021768
0.00017798
0.00026127
0.0003414
0.00021194
0.00026238
0.00018549
-0.00016662
-0.00032757
-0.00013791
0.00042807
0.00074536
0.00034921
-0.00038948
-0.0007812
-0.00035601
4.5594e-05
-9.8528e-05
5.9017e-05
0.00041872
0.00031317
-0.00016867
-0.00049469
-8.8912e-05
0.00036656
0.00034087
0.00077695
0.0010573
0.00014723
-0.00033005
0.00056036
0.00094402
0.00015632
-0.00018668
4.7359e-05
-2.1143e-05
-1.8502e-05
0.00044662
0.00080945
0.00070431
0.00049546
0.00015868
-0.00055801
-0.00065886
0.00012374
0.00057253
0.00072378
0.00064953
-0.00010622
-0.00025718
0.00075561
0.0007264
-0.00080844
-0.0013672
-0.00074695
-0.00042496
-0.00027651
6.8921e-05
0.00026232
-3.7476e-06
-8.8421e-05
-0.00017208
-0.00044264
6.0679e-05
0.001105
0.0017141
0.0012143
-8.0517e-05
-0.00085663
-0.00073603
-0.0004925
-0.00026923
-5.2698e-05
0.00040915
0.00086318
0.00032485
-0.00041126
-0.00058247
-0.00035095
8.7577e-05
0.00033323
0.00030314
0.00014321
0.00014144
0.00021371
-6.3889e-06
-0.00023613
-0.00018341
-0.00012719
0.00011283
0.00045576
0.00054307
0.00043873
-8.0518e-05
-0.00057906
-0.00099687
-0.0018524
-0.0032521
-0.0050192
-0.007193
-0.010367
-0.013663
-0.016488
-0.019129
-0.021579
-0.024054
-0.026016
-0.028332
-0.031821
-0.035319
-0.058153
-0.10171
-0.1203
-0.1056
-0.086978
-0.07594
-0.071121
-0.068835
-0.068084
-0.067995
-0.067147
-0.064867
-0.063048
-0.063369
-0.064593
-0.065634
-0.064471
-0.060077
-0.053866
-0.047094
-0.041076
-0.042325
-0.052874
-0.048857
-0.030044
-0.013438
-0.0029501
0.0040749
0.010952
0.019106
0.02919
0.041335
0.055261
0.071124
0.087148
0.10106
0.11227
0.11429
0.11355
0.11961
0.18497
0.30379
0.34214
0.27802
0.19846
0.13984
0.10917
0.09837
0.097196
0.098865
0.099033
0.095777
0.084493
0.065158
0.044404
0.028141
0.020011
0.021573
0.025012
0.018947
0.008603
0.00070043
-0.0055693
-0.011069
-0.01748
-0.02753
-0.041934
-0.055687
-0.06432
-0.065944
-0.063181
-0.059104
-0.059713
-0.064332
-0.072548
-0.085367
-0.13545
-0.21289
-0.23434
-0.19
-0.13913
-0.10427
-0.085314
-0.076875
-0.075092
-0.078483
-0.084093
-0.088799
-0.086603
-0.072942
-0.053722
-0.038953
-0.03244
-0.033054
-0.047348
-0.068224
-0.067791
-0.045288
-0.016892
0.01125
0.034751
0.050609
0.05851
0.063815
0.070945
0.077696
0.083885
0.092416
0.10332
0.16363
0.26696
0.29805
0.2457
0.18285
0.13725
0.11061
0.095594
0.08831
0.084284
0.080048
0.073324
0.061715
0.044793
0.02602
0.014078
0.014949
0.024974
0.033511
0.033141
0.023254
0.0079896
-0.0064473
-0.0201
-0.032647
-0.041772
-0.048695
-0.058197
-0.066404
-0.0694
-0.067926
-0.064759
-0.062698
-0.063317
-0.070254
-0.081335
-0.094377
-0.10361
-0.10474
-0.10096
-0.096392
-0.093497
-0.093053
-0.095204
-0.097926
-0.097169
-0.092126
-0.086871
-0.085875
-0.087166
-0.084968
-0.076301
-0.065377
-0.058063
-0.053403
-0.051458
-0.051073
-0.049928
-0.046819
-0.039731
-0.030781
-0.023392
-0.018922
-0.01772
-0.017107
-0.013292
0.020982
0.084481
0.12427
0.12473
0.11369
0.10737
0.11262
0.12645
0.13833
0.14293
0.14269
0.13993
0.13607
0.13283
0.12788
0.12067
0.1137
0.10668
0.11994
0.15303
0.14771
0.10557
0.066937
0.043008
0.027728
0.013936
0.00094018
-0.008967
-0.014117
-0.014574
-0.012973
-0.011934
-0.011841
-0.015158
-0.022388
-0.052708
-0.10096
-0.12298
-0.11108
-0.099391
-0.095032
-0.094563
-0.095946
-0.097816
-0.098517
-0.099801
-0.10229
-0.10375
-0.10344
-0.099904
-0.091809
-0.082713
-0.075941
-0.073446
-0.078212
-0.084915
-0.086546
-0.083092
-0.071404
-0.065795
-0.080286
-0.085666
-0.070896
-0.051367
-0.036224
-0.027205
-0.022439
-0.017256
-0.00778
0.005287
0.020665
0.035309
0.048213
0.06013
0.069971
0.077765
0.083457
0.088873
0.097587
0.11014
0.12275
0.13412
0.14338
0.14597
0.13987
0.13047
0.1236
0.12024
0.11853
0.11639
0.11105
0.10308
0.093664
0.081514
0.066617
0.053518
0.043102
0.034839
0.030777
0.032113
0.032065
0.0297
0.021705
0.0099165
-0.0018403
-0.0092435
-0.011199
-0.0087069
-0.0056225
-0.0061295
-0.010508
-0.019229
-0.032679
-0.047612
-0.059356
-0.06283
-0.056872
-0.050223
-0.050837
-0.057132
-0.067836
-0.079058
-0.087373
-0.094401
-0.10036
-0.10338
-0.10234
-0.099314
-0.097699
-0.096785
-0.094391
-0.09236
-0.089856
-0.08577
-0.083334
-0.084865
-0.0881
-0.087197
-0.080494
-0.069294
-0.057208
-0.048819
-0.0464
-0.048083
-0.049139
-0.046422
-0.040593
-0.034368
-0.029104
-0.025616
-0.024734
-0.021782
-0.011885
0.0034085
0.019764
0.035074
0.048081
0.060563
0.071899
0.078251
0.081882
0.087623
0.097848
0.11218
0.1272
0.13968
0.14611
0.14512
0.1395
0.13127
0.12368
0.11977
0.11712
0.113
0.10607
0.097617
0.089971
0.082248
0.072687
0.059483
0.044863
0.033625
0.029764
0.031792
0.035183
0.034301
0.026309
0.013994
0.0014346
-0.0067917
-0.0096396
-0.007914
-0.0058098
-0.0074974
-0.012421
-0.02051
-0.033205
-0.048115
-0.059007
-0.061632
-0.05648
-0.049394
-0.049966
-0.058808
-0.070294
-0.082711
-0.092867
-0.097362
-0.098567
-0.098958
-0.097782
-0.096994
-0.096495
-0.095795
-0.095263
-0.092228
-0.086505
-0.082215
-0.082351
-0.084786
-0.087989
-0.090438
-0.085182
-0.072218
-0.058491
-0.048375
-0.042653
-0.04129
-0.04306
-0.043017
-0.039466
-0.034212
-0.029097
-0.026239
-0.024046
-0.018395
-0.0081194
0.0051967
0.019523
0.03336
0.046971
0.058268
0.067553
0.075222
0.081325
0.087763
0.097667
0.1116
0.12497
0.13304
0.13806
0.14042
0.13796
0.13187
0.12826
0.12835
0.12383
0.11412
0.10521
0.098489
0.092115
0.082531
0.069608
0.055025
0.042316
0.032926
0.029426
0.030885
0.033384
0.031558
0.025079
0.014513
0.0029726
-0.0062678
-0.010223
-0.009316
-0.0078022
-0.0096156
-0.014457
-0.022615
-0.036979
-0.053337
-0.062438
-0.062339
-0.057276
-0.052762
-0.054007
-0.061328
-0.071673
-0.081371
-0.089957
-0.094402
-0.095449
-0.095836
-0.095874
-0.095563
-0.0953
-0.095041
-0.094465
-0.092372
-0.087677
-0.083344
-0.082896
-0.087666
-0.093805
-0.09213
-0.08341
-0.068812
-0.053386
-0.045147
-0.044721
-0.049204
-0.052803
-0.050606
-0.042767
-0.033616
-0.02701
-0.024033
-0.022415
-0.018862
-0.011329
0.00011557
0.015982
0.033756
0.051425
0.066004
0.075516
0.08297
0.087949
0.090993
0.09838
0.11124
0.12518
0.13565
0.14118
0.14136
0.13676
0.17012
0.24003
0.25344
0.19639
0.13052
0.082157
0.053508
0.038505
0.031719
0.032986
0.038702
0.041659
0.038429
0.027097
0.011001
-0.0050252
-0.014004
-0.021861
-0.033228
-0.044909
-0.055693
-0.064338
-0.065731
-0.062878
-0.058847
-0.05609
-0.058456
-0.0649
-0.076719
-0.092464
-0.10522
-0.112
-0.11284
-0.10854
-0.10278
-0.099061
-0.097127
-0.096575
-0.095525
-0.09018
-0.084162
-0.082373
-0.10222
-0.14377
-0.14812
-0.11184
-0.078293
-0.06021
-0.050546
-0.042196
-0.034152
-0.028885
-0.027077
-0.026539
-0.023605
-0.014617
-0.0010079
0.015702
0.033886
0.049848
0.062957
0.074519
0.082538
0.088635
0.14893
0.26001
0.30136
0.25263
0.18921
0.14141
0.11557
0.10715
0.10425
0.099794
0.094651
0.089537
0.083514
0.07494
0.062973
0.049711
0.039431
0.03579
0.037733
0.040744
0.03819
0.02798
0.012975
-0.0011528
-0.011425
-0.0141
-0.010221
-0.0051593
-0.0031386
-0.0054731
-0.01449
-0.029327
-0.045989
-0.059672
-0.08832
-0.13418
-0.15677
-0.14615
-0.1279
-0.11293
-0.10366
-0.099003
-0.098007
-0.098536
-0.098268
-0.097412
-0.095436
-0.089744
-0.083314
-0.080996
-0.082014
-0.083597
-0.083991
-0.07877
-0.064618
-0.049045
-0.042257
-0.043064
-0.046481
-0.05
-0.050714
-0.047864
-0.043396
-0.037616
-0.033255
-0.032018
-0.027489
-0.014872
0.02666
0.093283
0.13153
0.12783
0.11553
0.11216
0.11908
0.12941
0.13731
0.14117
0.14135
0.13655
0.1288
0.12292
0.11991
0.11668
0.11047
0.10336
0.096391
0.088812
0.080769
0.069855
0.055367
0.043431
0.036752
0.034501
0.036115
0.038122
0.035284
0.025845
0.011973
-0.00076926
-0.0095696
-0.012173
-0.0096072
-0.0060048
-0.0053017
-0.032438
-0.084392
-0.10982
-0.0974
-0.076908
-0.063241
-0.061566
-0.072595
-0.087956
-0.098427
-0.10327
-0.10291
-0.098971
-0.097177
-0.098948
-0.10097
-0.1001
-0.095216
-0.088447
-0.082722
-0.080124
-0.081479
-0.085019
-0.085273
-0.078143
-0.062969
-0.047273
-0.039553
-0.040493
-0.045875
-0.0505
-0.05068
-0.044975
-0.036635
-0.029188
-0.025916
-0.025644
-0.023653
-0.01591
0.024509
0.093868
0.13399
0.13183
0.11915
0.11153
0.11532
0.1251
0.13401
0.1394
0.13885
0.13555
0.1324
0.12696
0.12095
0.11369
0.10509
0.098917
0.095916
0.093824
0.08831
0.07674
0.062084
0.04891
0.038502
0.03356
0.036446
0.038754
0.034202
0.022873
0.0083372
-0.0049348
-0.012111
-0.012431
-0.008046
-0.019631
-0.054098
-0.080865
-0.083454
-0.074252
-0.063349
-0.0571
-0.056797
-0.06455
-0.080433
-0.097527
-0.10731
-0.10742
-0.10315
-0.098325
-0.09528
-0.094673
-0.095499
-0.097169
-0.096253
-0.091631
-0.08561
-0.081362
-0.080572
-0.083656
-0.086752
-0.080749
-0.068293
-0.055741
-0.045594
-0.040759
-0.039027
-0.039191
-0.040428
-0.039652
-0.035207
-0.030762
-0.028866
-0.027288
-0.023045
-0.013146
0.0018791
0.018981
0.036578
0.082033
0.15277
0.18903
0.1806
0.16438
0.15331
0.1451
0.13966
0.13683
0.13204
0.12557
0.12169
0.1185
0.11318
0.10658
0.10021
0.091488
0.079014
0.065665
0.052786
0.041738
0.034559
0.032676
0.034156
0.035445
0.032698
0.024278
0.013168
0.00092338
-0.007931
-0.010696
-0.0082351
-0.0047102
-0.0046709
-0.0090152
-0.017845
-0.032322
-0.048567
-0.06013
-0.063102
-0.061983
-0.058825
-0.057131
-0.060441
-0.067459
-0.076313
-0.085324
-0.094383
-0.10122
-0.10378
-0.10018
-0.09551
-0.092884
-0.093041
-0.096175
-0.096795
-0.092135
-0.085796
-0.082362
-0.083474
-0.087431
-0.090164
-0.083714
-0.068896
-0.053839
-0.046221
-0.045714
-0.047442
-0.048335
-0.047403
-0.044015
-0.038337
-0.032687
-0.029832
-0.028975
-0.025311
-0.014029
0.0044913
0.022158
0.0369
0.04973
0.05939
0.066552
0.074519
0.082339
0.091186
0.10408
0.11904
0.13125
0.1402
0.14164
0.13661
0.13262
0.13055
0.12769
0.12511
0.12174
0.1152
0.10775
0.10096
0.093708
0.085828
0.074135
0.058236
0.04405
0.034882
0.031984
0.034878
0.038037
0.034289
0.023596
0.0091453
-0.0045351
-0.012488
-0.013684
-0.010411
-0.0077245
-0.0074712
-0.010244
-0.017884
-0.030584
-0.047137
-0.060626
-0.064911
-0.060959
-0.055087
-0.053004
-0.056904
-0.06596
-0.077741
-0.089685
-0.097488
-0.10175
-0.10445
-0.105
-0.10363
-0.10126
-0.099088
-0.096702
-0.093142
-0.086783
-0.081383
-0.081216
-0.083711
-0.087546
-0.090368
-0.084843
-0.070511
-0.054654
-0.046631
-0.046868
-0.050955
-0.0556
-0.055926
-0.049449
-0.039619
-0.031921
-0.029348
-0.030171
-0.027538
-0.016901
-0.0012707
0.016847
0.03604
0.053061
0.06579
0.074917
0.082175
0.087654
0.093886
0.10455
0.11903
0.13297
0.14172
0.14599
0.14639
0.14088
0.13104
0.12357
0.11911
0.1151
0.11136
0.10672
0.10113
0.096002
0.088252
0.076361
0.061313
0.045551
0.034081
0.030496
0.032585
0.034672
0.031872
0.02291
0.0091786
-0.0043317
-0.011933
-0.012904
-0.0092542
-0.0055907
-0.0052566
-0.009226
-0.020027
-0.036132
-0.050469
-0.058231
-0.059071
-0.054389
-0.050351
-0.05284
-0.060094
-0.069949
-0.081839
-0.091321
-0.096371
-0.099285
-0.10062
-0.098924
-0.096546
-0.094808
-0.093331
-0.092905
-0.090832
-0.08411
-0.077583
-0.076605
-0.080186
-0.086623
-0.089167
-0.082275
-0.066879
-0.051048
-0.043012
-0.045095
-0.052022
-0.056729
-0.056079
-0.051192
-0.044224
-0.038155
-0.035209
-0.034351
-0.02906
-0.016128
0.0010037
0.018141
0.03524
0.050267
0.062684
0.074091
0.08206
0.087354
0.092437
0.10086
0.11303
0.12626
0.13819
0.1429
0.13981
0.13401
0.12848
0.12424
0.12058
0.11421
0.10659
0.10157
0.097989
0.093283
0.085799
0.073562
0.057831
0.043651
0.033779
0.030311
0.033742
0.034626
0.032271
0.023851
0.01012
-0.0042913
-0.013447
-0.014503
-0.011001
-0.007272
-0.0065288
-0.01097
-0.02051
-0.034495
-0.048681
-0.057397
-0.057298
-0.050402
-0.045751
-0.045686
-0.049121
-0.060868
-0.07535
-0.085515
-0.093201
-0.098269
-0.098477
-0.097571
-0.09538
-0.091078
-0.088176
-0.087573
-0.086187
-0.082952
-0.081062
-0.081414
-0.082498
-0.08513
-0.085974
-0.080059
-0.067053
-0.054438
-0.04764
-0.045407
-0.047587
-0.049658
-0.048652
-0.045887
-0.041309
-0.037521
-0.035691
-0.033814
-0.026767
-0.013587
0.0029457
0.020233
0.035156
0.04691
0.057684
0.068492
0.077306
0.085149
0.092845
0.09951
0.10915
0.1232
0.13538
0.14225
0.14408
0.13982
0.13143
0.12464
0.11978
0.11507
0.11094
0.10483
0.097686
0.091555
0.084348
0.073665
0.061021
0.050866
0.045558
0.047042
0.053442
0.057387
0.054951
0.047784
0.037273
0.025738
0.018307
0.015702
0.016419
0.018852
0.01878
0.013421
0.0034826
-0.0057469
-0.009718
-0.0085779
-0.0084817
-0.010169
-0.011315
-0.0145
-0.01866
-0.023634
-0.029434
-0.035984
-0.041909
-0.04534
-0.04532
-0.043251
-0.041778
-0.040578
-0.03896
-0.038654
-0.038827
-0.037142
-0.033013
-0.027731
-0.022771
-0.018637
-0.015527
-0.013442
-0.011832
-0.010551
-0.010248
-0.012314
-0.0158
-0.018368
-0.020144
-0.021366
-0.022135
-0.022818
-0.022751
-0.023373
-0.025898
-0.027964
-0.028735
-0.029772
-0.029782
-0.026998
-0.023462
-0.020856
-0.018989
-0.017395
-0.015647
-0.014477
-0.013959
-0.013131
-0.012046
-0.011342
-0.01108
-0.010804
-0.0092732
-0.006257
-0.004728
-0.0055305
-0.006524
-0.0072126
-0.0071555
-0.0069055
-0.0069996
-0.0066076
-0.0058046
-0.0052179
-0.0059283
-0.0075825
-0.0076587
-0.0060681
-0.0050083
-0.0047392
-0.0043464
-0.0036432
-0.0033562
-0.0035033
-0.0032376
-0.0029176
-0.0029248
-0.0028015
-0.0020392
-0.0011319
-0.00086655
-0.00075449
-6.5056e-05
0.00057878
9.0622e-05
-0.00070506
-0.00070708
-0.00089781
-0.0021026
-0.003129
-0.0030266
-0.0018372
-0.0015804
-0.0029325
-0.0034056
-0.0032807
-0.0036902
-0.0037438
-0.0028753
-0.0021664
-0.0024778
-0.0025599
-0.001957
-0.0013227
-0.00060902
-0.00063677
-0.0013406
-0.0013184
-0.00089267
-0.00068803
-0.00065177
-0.00097886
-0.0015394
-0.0011711
-5.1445e-05
0.00021554
-0.00037026
-0.0009335
-0.00087523
-0.00046061
-0.00014476
-0.00013462
-0.00032868
-0.00035294
0.0001757
0.00082583
0.00045271
-0.00015768
-0.00021907
0.00011678
0.00050182
0.00015279
-0.00011955
0.00039387
0.0005323
0.00027514
0.00019038
-0.00033992
-0.00090154
-0.00079314
-0.00042595
-0.0001874
-0.00010749
0.00036882
0.0010269
0.00066386
-0.00021435
-0.0001593
0.00027366
-7.1274e-05
-0.00051045
-0.00018035
0.00051412
0.00086953
0.0006886
-1.433e-05
-0.00048148
-2.1628e-05
0.00049442
0.00016583
-0.00035665
-6.1622e-05
7.6055e-05
-0.00035939
-0.00053612
-0.00067029
-0.00068627
-0.00049928
-6.8878e-05
0.0006909
0.00073483
-0.00021235
-0.00047986
-1.4064e-05
0.00011883
0.00055238
0.00095518
0.00059508
9.2295e-05
-0.00012244
-8.9241e-06
0.00011343
2.8424e-05
-0.00034952
-0.0010682
-0.0014143
-0.0011279
-0.00069054
-0.00028634
-9.5684e-05
0.00011928
0.00081307
0.0012902
0.00091018
-0.00011705
-0.00076246
-0.00018423
0.00044756
0.00042218
0.0002716
7.2061e-05
-0.00037193
-0.00092149
-0.0010874
-0.00091562
-3.8342e-05
0.0011827
0.00090508
-0.0004093
-0.00074016
1.1178e-05
0.00034086
-0.00038215
-0.001
-0.0011464
-0.0029213
-0.006877
-0.010612
-0.013546
-0.016132
-0.018495
-0.021509
-0.02426
-0.026165
-0.038702
-0.062301
-0.072972
-0.066892
-0.059044
-0.055451
-0.055819
-0.058564
-0.062761
-0.066072
-0.067875
-0.069751
-0.072372
-0.073303
-0.07193
-0.069962
-0.06572
-0.062497
-0.063412
-0.065091
-0.065235
-0.063766
-0.060831
-0.055943
-0.048949
-0.042348
-0.036741
-0.032681
-0.029015
-0.026661
-0.025445
-0.02211
-0.015571
-0.0018216
0.021589
0.04122
0.052237
0.059356
0.067182
0.075849
0.086395
0.10051
0.11145
0.11209
0.10866
0.10655
0.10718
0.1138
0.12561
0.13568
0.13974
0.13917
0.13384
0.12397
0.11436
0.10606
0.099373
0.097559
0.099712
0.10238
0.10322
0.099552
0.087931
0.07034
0.050746
0.034258
0.026929
0.029755
0.03697
0.042383
0.050562
0.05749
0.053091
0.03839
0.022798
0.0057128
-0.010734
-0.027338
-0.045393
-0.059866
-0.070348
-0.075266
-0.073978
-0.074504
-0.083484
-0.098445
-0.11524
-0.13044
-0.13982
-0.14086
-0.13559
-0.12782
-0.11959
-0.113
-0.10913
-0.10685
-0.10361
-0.098724
-0.092475
-0.088044
-0.08619
-0.082562
-0.074558
-0.065434
-0.058107
-0.054223
-0.067194
-0.093614
-0.087385
-0.050942
-0.017625
0.0032814
0.016227
0.028144
0.040866
0.054151
0.065335
0.075785
0.08593
0.091101
0.091316
0.090995
0.09438
0.10437
0.11881
0.12971
0.13287
0.12973
0.16108
0.22717
0.24038
0.19049
0.13805
0.1039
0.083238
0.069807
0.059266
0.050221
0.046599
0.04803
0.051557
0.052557
0.049146
0.042353
0.033968
0.026647
0.02362
0.023503
0.021975
0.017466
0.0098092
-0.0016741
-0.015108
-0.029476
-0.046499
-0.063234
-0.075548
-0.11086
-0.17612
-0.21082
-0.19359
-0.16428
-0.14305
-0.13391
-0.13203
-0.13167
-0.13109
-0.13034
-0.12887
-0.12665
-0.12198
-0.11272
-0.10275
-0.096753
-0.090339
-0.081964
-0.075733
-0.069704
-0.063392
-0.05423
-0.044842
-0.036567
-0.02547
-0.0098387
0.005104
0.01593
0.024391
0.034837
0.049766
0.066187
0.081141
0.09051
0.092622
0.089295
0.087927
0.093095
0.10568
0.12085
0.13102
0.13637
0.13868
0.13548
0.12996
0.12556
0.11979
0.11331
0.10974
0.1064
0.10104
0.097422
0.094765
0.088604
0.07971
0.069995
0.062754
0.0593
0.057242
0.054788
0.049103
0.041452
0.034585
0.028074
0.02285
0.020768
0.020287
0.018574
-0.0054733
-0.057585
-0.097829
-0.10892
-0.10574
-0.10051
-0.10138
-0.11207
-0.12717
-0.13545
-0.13809
-0.14026
-0.14088
-0.14221
-0.14498
-0.14508
-0.14166
-0.13693
-0.13082
-0.12453
-0.11948
-0.11179
-0.10089
-0.092008
-0.084643
-0.075561
-0.064393
-0.053826
-0.047103
-0.041504
-0.035137
-0.026153
-0.014481
-0.0035207
0.0035224
0.0068381
0.010025
0.013218
0.013999
0.015538
0.023119
0.036128
0.051541
0.066341
0.079292
0.088849
0.091242
0.088307
0.084583
0.13707
0.24716
0.29172
0.2446
0.18102
0.13389
0.10783
0.097185
0.09294
0.09138
0.091583
0.09064
0.085148
0.075445
0.067425
0.061998
0.058438
0.055078
0.050419
0.042516
0.034733
0.027135
0.020328
0.014789
0.010733
0.0093292
0.0089191
0.0045648
-0.0058037
-0.019828
-0.036358
-0.054401
-0.068992
-0.11752
-0.20326
-0.24198
-0.21981
-0.18676
-0.15773
-0.13989
-0.13312
-0.13281
-0.1346
-0.1364
-0.13529
-0.13057
-0.12404
-0.11488
-0.10381
-0.09207
-0.079036
-0.06473
-0.052165
-0.040164
-0.030116
-0.023629
-0.017517
-0.011284
-0.0049476
0.0016679
0.0088057
0.013587
0.022197
0.04162
0.060159
0.069789
0.075719
0.080567
0.081167
0.078307
0.075028
0.073828
0.079249
0.091679
0.10804
0.12316
0.13116
0.1306
0.12559
0.11967
0.11327
0.10566
0.097659
0.091539
0.087436
0.086021
0.084695
0.080639
0.075621
0.069544
0.061013
0.053944
0.051483
0.049899
0.046188
0.037446
0.027331
0.017709
0.0099764
0.0048277
0.0026775
0.0024239
0.0021798
-0.0012069
-0.011302
-0.026456
-0.042281
-0.058712
-0.10843
-0.18683
-0.22359
-0.2011
-0.16444
-0.13786
-0.12474
-0.12239
-0.12809
-0.13498
-0.13666
-0.13346
-0.12555
-0.11504
-0.10705
-0.098695
-0.087664
-0.077472
-0.067125
-0.052684
-0.035007
-0.018084
-0.0044544
0.004774
0.0086263
0.011124
0.013832
0.015793
0.017272
0.01721
0.015641
0.015465
0.017956
0.021635
0.024729
0.029127
0.037008
0.047852
0.059801
0.069792
0.073086
0.068725
0.062867
0.059205
0.063493
0.077452
0.093752
0.10457
0.10867
0.10645
0.10043
0.094573
0.08877
0.082045
0.076805
0.074126
0.071411
0.069859
0.06987
0.067933
0.064859
0.060132
0.052416
0.045758
0.041846
0.038711
0.034802
0.028201
0.019205
0.010133
0.00097507
-0.0061235
-0.0094371
-0.009096
-0.008117
-0.0101
-0.018024
-0.032841
-0.048942
-0.061454
-0.071616
-0.078774
-0.081955
-0.081649
-0.084063
-0.09091
-0.098619
-0.10358
-0.10573
-0.10728
-0.10686
-0.10667
-0.10817
-0.11112
-0.11396
-0.11297
-0.10518
-0.092681
-0.080244
-0.070035
-0.067232
-0.066507
-0.046804
-0.010571
0.020811
0.035829
0.036897
0.032219
0.027193
0.024554
0.02459
0.025644
0.027159
0.028342
0.02753
0.025346
0.027041
0.032228
0.03937
0.049068
0.057977
0.059559
0.055117
0.04898
0.045484
0.049582
0.060447
0.07273
0.080644
0.083778
0.081736
0.073688
0.065008
0.058648
0.053018
0.049709
0.050365
0.051441
0.051146
0.048402
0.043223
0.039852
0.036646
0.031764
0.027345
0.024622
0.023217
0.016315
0.0032885
-0.010068
-0.017754
-0.01858
-0.020837
-0.030147
-0.043252
-0.055898
-0.066293
-0.071438
-0.069891
-0.065502
-0.065313
-0.070333
-0.074815
-0.079237
-0.084367
-0.087253
-0.086806
-0.085818
-0.085503
-0.086678
-0.088582
-0.089346
-0.087505
-0.082588
-0.073625
-0.061767
-0.048601
-0.03624
-0.026422
-0.018614
-0.011817
-0.0059965
0.0053893
0.024444
0.045249
0.062648
0.07196
0.070881
0.062168
0.0518
0.04279
0.035912
0.033472
0.0336
0.033302
0.030875
0.027189
0.026406
0.030793
0.035528
0.036007
0.042388
0.060361
0.06733
0.060905
0.053725
0.048821
0.044872
0.041124
0.038677
0.035677
0.029463
0.023432
0.020195
0.021014
0.024519
0.024905
0.021607
0.018148
0.014501
0.010522
0.0054612
-0.00013828
-0.0029438
-0.00077388
0.0017917
-0.00091463
-0.0083911
-0.017461
-0.024927
-0.028061
-0.027677
-0.02696
-0.030869
-0.041186
-0.052565
-0.060256
-0.062796
-0.058798
-0.050899
-0.046751
-0.050002
-0.055326
-0.055404
-0.052756
-0.051392
-0.050996
-0.050347
-0.048793
-0.045953
-0.045697
-0.049818
-0.054194
-0.053313
-0.045777
-0.036926
-0.030167
-0.023067
-0.016454
-0.010798
-0.0045555
0.0018543
0.0096597
0.022398
0.037739
0.051673
0.063271
0.069496
0.067014
0.056465
0.046026
0.039783
0.034377
0.028526
0.023179
0.02272
0.02604
0.026921
0.027433
0.026613
0.021019
0.013524
0.0076428
0.0035538
0.0010768
0.0018484
0.0056427
0.0088974
0.0098095
0.01033
0.010032
0.0093156
0.010648
0.010873
0.0086684
0.0067306
0.0047908
0.0022806
-0.00073696
-0.0029977
-0.0041636
-0.0033875
-0.0009301
0.001887
0.0050748
0.0071598
0.0057469
0.0014184
-0.0029468
-0.0059442
-0.0079689
-0.01128
-0.015514
-0.019398
-0.023157
-0.026733
-0.030484
-0.036542
-0.046318
-0.056836
-0.061427
-0.057008
-0.047244
-0.03741
-0.030583
-0.027452
-0.026234
-0.02739
-0.029874
-0.028749
-0.024034
-0.01891
-0.017013
-0.01923
-0.019388
-0.014875
-0.0092073
-0.004382
-0.0003644
0.002764
0.0057784
0.0097076
0.015812
0.027308
0.040832
0.053996
0.067567
0.075191
0.07165
0.061872
0.048957
0.036854
0.030392
0.026187
0.023304
0.020619
0.01769
0.015723
0.016274
0.017327
0.015645
0.0094434
0.00081485
-0.0061712
-0.010249
-0.012753
-0.011982
-0.010137
-0.0095651
-0.010109
-0.010805
-0.01277
-0.015264
-0.016842
-0.017652
-0.018088
-0.018397
-0.019187
-0.01921
-0.01933
-0.021392
-0.024335
-0.026345
-0.023987
-0.017477
-0.012952
-0.012951
-0.012604
-0.014072
-0.017809
-0.020593
-0.022197
-0.023337
-0.024793
-0.026236
-0.026584
-0.026416
-0.028908
-0.035352
-0.044877
-0.053534
-0.054041
-0.045223
-0.032554
-0.018855
-0.0091102
-0.0068036
-0.0073896
-0.0026498
0.0039399
0.007878
0.011378
0.014365
0.016279
0.016876
0.016683
0.015043
0.010072
0.005812
0.0072645
0.012269
0.017097
0.020684
0.023435
0.024946
0.027873
0.03362
0.040426
0.047712
0.055999
0.062358
0.065376
0.065092
0.059236
0.048213
0.03574
0.025285
0.017779
0.012836
0.0088915
0.0055422
0.0040082
0.0039079
0.0035536
0.0017019
-0.00050148
-0.0041619
-0.0079033
-0.0086712
-0.0066477
-0.0031476
-0.00032511
-0.0024697
-0.010604
-0.020305
-0.027102
-0.029504
-0.027678
-0.023169
-0.018586
-0.017342
-0.020537
-0.024388
-0.025551
-0.024627
-0.021399
-0.016336
-0.013387
-0.015022
-0.020657
-0.026207
-0.027562
-0.025829
-0.022835
-0.019019
-0.015279
-0.012467
-0.010366
-0.0083115
-0.0073348
-0.0073747
-0.0063595
-0.0033935
0.00038317
0.0034226
0.005903
0.0071621
0.0068867
0.0076594
0.0089567
0.0076672
0.0046198
0.0026422
0.0018429
0.0010747
0.00051795
0.00099497
0.0021656
0.0026468
0.0021066
0.0013584
0.00097387
0.00069123
-0.0011671
-0.0040848
-0.0053496
-0.0058669
-0.0064033
-0.0057739
-0.0057154
-0.0064877
-0.0059947
-0.0055569
-0.0056207
-0.0051653
-0.0053918
-0.0060412
-0.0060403
-0.0050972
-0.0038909
-0.0035503
-0.0032207
-0.0028409
-0.0026811
-0.0020651
-0.0023097
-0.0027336
-0.0016395
-0.0011585
-0.0016539
-0.0013151
-0.00042635
-0.00025143
-0.00095642
-0.0013123
-0.00013229
0.001319
0.0012573
0.00023355
-0.00036111
0.00011026
0.00061503
0.0011261
0.0019889
0.0023928
0.0021646
0.0014907
0.00092028
0.00017666
-0.00065186
0.00025091
0.0021318
0.002814
0.0019499
8.0845e-06
-0.001389
-0.0013401
-0.00087415
-0.00059532
-0.00037685
-0.00041143
-0.00060387
-0.00077221
-0.00083603
-0.00062363
-0.00037528
-0.00039065
-0.00065141
-0.0011944
-0.0016849
-0.0015784
-0.00076799
0.00039548
0.0013314
0.0019209
0.0018156
0.001057
0.00037678
-3.3651e-05
-0.00025408
0.00011051
0.00060968
4.1135e-05
-0.00071437
-0.00052615
-3.1807e-05
0.00016135
0.00010429
5.6411e-06
-0.00037017
-0.00063087
-9.0016e-05
0.0002964
0.00014063
0.0001611
0.00011723
-0.00038094
-0.00050779
-9.1835e-05
0.00014413
0.00033152
0.000175
-0.00032812
-0.00024425
0.00020253
8.8575e-05
-0.00018873
0.00016267
0.00029259
-2.6745e-05
0.0002679
0.0003929
4.0329e-05
0.00015044
0.000476
0.00072543
0.00073489
0.00046911
-0.00011913
-0.00060352
-0.00016271
0.00049302
0.00062706
0.00022666
-0.00038366
-0.00040062
-0.00034804
-0.00074458
-0.00018155
0.0011238
0.001458
0.0011594
0.00064547
-9.9384e-05
-0.00048083
1.6274e-05
0.00066063
0.00076045
0.0011075
0.0014944
0.0013736
0.001301
0.001845
0.0023521
0.0018006
0.00064826
7.5107e-05
-0.00015709
-0.00067023
-0.00064017
9.0002e-05
0.00035758
0.00015116
0.00019738
0.00035677
0.00036697
-0.00024394
-0.0010228
-0.00070545
0.00020436
0.00066704
0.00042345
-0.00074604
-0.0016044
-0.0005898
0.00092169
0.0014041
0.0010491
8.2681e-05
-0.0011045
-0.0016213
-0.00070233
0.00017818
-0.0008583
-0.0018419
-0.0014291
-0.00083479
-1.3456e-05
0.00045389
0.00024351
4.5091e-05
-0.00050699
-0.0010087
-0.00043716
0.00069655
0.0004929
-0.00044805
-0.00032504
-2.9386e-05
0.00041019
0.00060363
0.00010052
0.00037456
0.00013134
-0.00081222
-0.00037949
-0.00010025
-0.00056204
-0.00012213
0.00050701
0.00053125
0.0004238
0.00024788
-4.0526e-05
-0.00020631
-0.00013125
-0.00039873
-0.00032506
0.00032697
0.00015935
5.2368e-06
0.00020288
0.00020559
4.863e-05
-0.00051258
-0.00049112
0.00026971
0.00069706
0.00074421
0.0007796
0.0005009
-0.00029454
-0.00066354
-0.00045362
0.00054202
0.0018287
0.0013048
-5.3415e-05
-0.00018423
0.00032333
0.00039757
0.00040191
0.00069283
0.00018706
-0.00084941
-0.00062424
0.0003934
0.00061437
0.00041219
0.00059041
0.00052745
8.6102e-05
-0.00061399
-0.00083231
-0.00041205
-0.0011524
-0.0013405
0.00015553
0.00083645
0.00055616
-0.0001494
-0.00040622
0.0004431
0.00032147
-0.00074985
-0.00081669
-0.00011446
-8.8578e-05
-0.00079726
-0.00065211
-4.9784e-05
-3.4183e-05
4.0026e-05
0.00014091
-3.5649e-05
-0.00026714
2.4019e-05
0.00048041
0.00020523
-0.00016195
0.00010301
0.00064341
0.00053562
-9.0385e-05
-0.00056667
-0.00050485
-0.00010368
5.1564e-05
-6.7546e-05
-0.00074769
-0.0011501
-0.00061109
6.8587e-05
0.00038247
0.00035401
-0.00033775
-0.0010547
-0.00063623
-8.8004e-05
-4.8829e-05
0.00023058
0.00035196
0.00014653
3.0529e-06
-0.00040343
-0.00033537
0.00016829
0.00010464
8.55e-05
0.00053366
0.00091628
0.00087312
0.00021171
5.9621e-06
0.00084183
0.0012426
0.00090928
0.00056633
0.00013574
-0.00065142
-0.00080982
-0.00031071
0.00011801
0.00081474
0.0010427
0.00052463
-0.00056136
-0.0016029
-0.00090321
0.00082428
0.0010243
0.00046098
0.00073094
0.00089344
0.00082401
0.0005906
-0.00035582
-0.0011593
-0.00099956
-0.00092439
-0.0015576
-0.0018728
-0.00082647
0.00072834
0.0009008
-0.00012817
-0.0003993
0.00021134
0.00020377
-0.00011678
-0.0004993
-0.00080408
-0.00014473
0.00058973
0.00020542
-0.00047264
-0.00027841
0.00029273
0.00048868
0.00015071
-0.00018578
0.00011632
0.00020721
-0.0001551
-3.0352e-05
0.00033846
0.00046498
0.00039742
0.00019934
-0.00025764
-0.00070449
-0.0004632
0.00011381
0.0004262
0.00040987
5.8094e-05
-0.00041389
-0.00059545
-0.00039058
-1.6464e-05
0.00039949
0.00031407
-0.00015563
-5.3093e-05
0.00033904
0.00041916
0.00023833
1.0448e-05
-0.00011954
0.00029613
0.0011719
0.0013591
0.0005439
-0.00035198
-0.0003449
-3.4138e-05
-3.458e-05
0.00026324
0.00045279
0.00012568
-0.00015038
-0.00018465
-0.00064722
-0.0010892
-0.00058619
-0.00017788
-0.00021077
0.00015301
0.0004657
0.00018178
-7.3753e-05
-0.00036711
-0.00023276
0.00077886
0.0010905
7.2944e-05
-0.0010612
-0.0010474
-2.7214e-05
0.00035014
-0.00057544
-0.0014656
-0.0026763
-0.0051491
-0.0071385
-0.0078126
-0.0083185
-0.008726
-0.0085061
-0.0077997
-0.0075703
-0.0091055
-0.011109
-0.012132
-0.012174
-0.011357
-0.010856
-0.011094
-0.011712
-0.012236
-0.012331
-0.017155
-0.02638
-0.028233
-0.020293
-0.010102
-0.0037872
-0.0018625
0.00023519
0.0042316
0.010107
0.016734
0.019647
0.021377
0.022567
0.01919
0.014909
0.013157
0.010801
0.006696
0.003403
0.0022121
0.0022843
0.0014329
0.00055785
0.0021789
0.0053127
0.002297
-0.0078307
-0.017482
-0.022085
-0.021552
-0.021662
-0.020348
-0.015431
-0.010155
-0.0040422
0.0036594
0.010346
0.013966
0.015503
0.015692
0.015617
0.016186
0.016441
0.01426
0.010295
0.0074431
0.0064369
0.006494
0.0080228
0.0092296
0.0097808
0.012416
0.015271
0.017828
0.020397
0.017188
0.0035583
-0.011953
-0.024344
-0.033341
-0.038768
-0.039927
-0.03894
-0.038183
-0.037531
-0.033814
-0.027833
-0.021036
-0.015146
-0.013306
-0.013139
-0.013422
-0.015616
-0.017634
-0.017779
-0.01652
-0.01514
-0.012911
-0.011894
-0.013474
-0.015115
-0.014896
-0.012156
-0.0078712
-0.0051037
-0.0049491
-0.005074
-0.004734
-0.0023205
0.0038622
0.015107
0.031475
0.045905
0.049809
0.044783
0.034073
0.023252
0.019042
0.017513
0.017271
0.020049
0.023041
0.025706
0.02758
0.027692
0.024788
0.016638
0.0067122
-0.00062161
-0.0021162
0.001568
0.0073556
0.011154
0.012559
0.012168
0.0091339
0.003549
-0.0028905
-0.0064803
-0.0073118
-0.0068213
-0.0044685
-0.002338
-0.0025195
-0.0040023
-0.006374
-0.0080356
-0.008114
-0.0067577
-0.003809
0.0016981
0.0064153
0.0055729
0.00093873
-0.0044602
-0.01029
-0.01349
-0.012781
-0.010135
-0.011057
-0.018764
-0.030956
-0.044512
-0.056985
-0.063545
-0.061196
-0.050661
-0.036737
-0.024673
-0.020037
-0.023688
-0.028334
-0.027726
-0.022085
-0.012761
-0.0054526
-0.00074075
0.0050069
0.010582
0.013611
0.012941
0.0098637
0.0039189
-0.003252
-0.0076945
-0.006758
-0.0013047
0.0046768
0.008041
0.0091672
0.0093549
0.011346
0.015185
0.021394
0.030797
0.043867
0.060668
0.07059
0.067805
0.056655
0.042751
0.031822
0.023345
0.017466
0.018698
0.024213
0.028752
0.030765
0.028656
0.020621
0.008574
-0.0012537
-0.0041342
-0.0011178
0.003354
0.0060748
0.0063208
0.0024357
-0.0047816
-0.012353
-0.018626
-0.023783
-0.026337
-0.026188
-0.026612
-0.02861
-0.02988
-0.030315
-0.031864
-0.033002
-0.032625
-0.03047
-0.025485
-0.019938
-0.01495
-0.010499
-0.0080241
-0.011116
-0.021048
-0.033157
-0.040961
-0.040807
-0.032826
-0.021754
-0.018276
-0.028148
-0.043102
-0.05125
-0.04698
-0.035061
-0.021913
-0.011976
-0.0082653
-0.0091251
-0.012848
-0.014796
-0.010888
-0.0040944
0.0015894
0.0040517
0.0037423
0.0030399
0.0040176
0.0071726
0.0098277
0.011583
0.013302
0.011815
0.0091454
0.010542
0.017013
0.023361
0.028361
0.031266
0.030284
0.029094
0.029913
0.030176
0.031236
0.038791
0.047789
0.054833
0.059503
0.058487
0.05306
0.044861
0.032723
0.021972
0.020556
0.026947
0.032369
0.029167
0.019634
0.010137
0.0058636
0.0079834
0.013617
0.015483
0.011969
0.0079119
0.0052634
0.0018098
-0.0014871
-0.003726
-0.0098613
-0.021082
-0.034703
-0.046096
-0.051144
-0.049083
-0.044372
-0.040823
-0.039814
-0.04059
-0.042879
-0.043613
-0.039791
-0.02977
-0.019558
-0.012633
-0.0063753
-0.002765
-0.0046161
-0.0095661
-0.018628
-0.030565
-0.041134
-0.048324
-0.053071
-0.056456
-0.056278
-0.049769
-0.0381
-0.025689
-0.017517
-0.017001
-0.020957
-0.023209
-0.02176
-0.019536
-0.017298
-0.012571
-0.0040333
0.005049
0.0048696
-0.0067344
-0.020445
-0.029316
-0.030115
-0.025759
-0.022181
-0.016886
-0.0073512
0.0056722
0.024991
0.042881
0.052961
0.060638
0.063809
0.059003
0.05293
0.047776
0.043619
0.039857
0.04341
0.051781
0.056538
0.060459
0.061141
0.05478
0.043491
0.030226
0.023259
0.027188
0.035384
0.040496
0.042
0.040836
0.036776
0.029961
0.021746
0.012714
0.0019115
-0.0086786
-0.016097
-0.020837
-0.023262
-0.021651
-0.019914
-0.022592
-0.031582
-0.045222
-0.058899
-0.066044
-0.063833
-0.054736
-0.0423
-0.033916
-0.029765
-0.026101
-0.020513
-0.013738
-0.0044512
0.0043372
0.0096494
0.01333
0.013869
0.0088139
-0.0012967
-0.013342
-0.021752
-0.024079
-0.023279
-0.023719
-0.027042
-0.03022
-0.02965
-0.025661
-0.018775
-0.0087304
-0.0010782
-0.0024762
-0.0089936
-0.01214
-0.010916
-0.0062543
5.691e-05
0.0038822
0.0040997
0.00040086
-0.0075934
-0.012495
-0.0072352
0.0037809
0.016209
0.024721
0.024574
0.021093
0.01996
0.021194
0.02518
0.031274
0.038046
0.04317
0.042235
0.035644
0.028124
0.021525
0.016159
0.0122
0.0094495
0.0076038
0.0063241
0.004524
0.0022916
0.00085739
0.00038019
-0.00012688
-0.00036246
0.00054926
0.0015433
0.0023387
0.0037963
0.0054214
0.0063061
0.0072166
0.0087322
0.0098799
0.010489
0.010654
0.010639
0.010215
0.0082116
0.0052247
0.0022877
-0.00039035
-0.0025736
-0.0044991
-0.00582
-0.006914
-0.0083614
-0.009395
-0.0099945
-0.010434
-0.010418
-0.010494
-0.01005
-0.0088764
-0.0086225
-0.0083505
-0.0070822
-0.0067192
-0.0078651
-0.010845
-0.014641
-0.01609
-0.015358
-0.013977
-0.0116
-0.0094726
-0.0086532
-0.0083566
-0.0090862
-0.010982
-0.012528
-0.013142
-0.012531
-0.010088
-0.0074018
-0.0063914
-0.0066746
-0.0075129
-0.0078318
-0.0062657
-0.0031986
-6.4575e-05
0.0022288
0.0035867
0.0048941
0.0066839
0.0078115
0.0077676
0.0077568
0.0084508
0.0090644
0.0090729
0.0084091
0.0071554
0.0065484
0.0066339
0.0067207
0.0069125
0.0067158
0.006531
0.0073394
0.008836
0.0089872
0.0066257
0.003696
0.0017115
0.00018275
-0.0010767
-0.0013994
-0.00058503
0.00029943
0.00036389
0.00027372
0.0003333
-0.00032264
-0.0013548
-0.0015681
-0.00089899
-0.00037953
-0.00079177
-0.0017373
-0.0026675
-0.003431
-0.0035225
-0.003345
-0.0034182
-0.0028245
-0.0018304
-0.0013152
-0.00068161
-1.4872e-05
-0.00016341
-0.00031829
-0.00013004
-0.00035779
-0.00041233
0.00016996
0.0005893
0.00042612
0.00031491
0.00028711
-0.00025247
-0.00016537
0.0012604
0.0018134
0.00080575
0.00029128
0.00015351
-0.00045113
-0.00075817
-0.00055288
-0.0002458
-0.00015426
-0.00035984
-0.00048977
-0.00018623
-1.523e-05
-1.4706e-05
-7.9309e-05
-0.00026189
-0.00016927
0.00012928
0.00077854
0.00077966
-8.3553e-05
-0.00026182
0.00016641
0.00024891
-0.00017465
-0.00031805
-8.8003e-05
-0.00010706
0.00029852
0.0007815
0.00055087
0.00043148
-5.538e-06
0.00023528
0.00035656
5.1384e-05
-0.00043012
-0.0011846
-0.0011206
-0.0002034
5.5736e-05
-7.3099e-05
-0.00015835
-0.00036289
-0.00028531
5.4736e-06
0.00037013
0.00072435
0.00065684
0.00034049
-7.7905e-05
-0.00047113
-0.00033151
-2.7216e-05
3.1039e-05
3.7027e-05
2.5623e-05
0.00018329
6.2322e-05
-0.00027785
6.1874e-05
0.00058708
0.00062884
0.00035124
-1.0907e-05
-0.00025719
-0.0001273
0.00048552
0.00095516
0.00062173
-5.1807e-05
-0.00020085
0.00015259
0.00021217
-7.4499e-05
8.8037e-05
0.00030276
0.00028896
0.00036485
9.7087e-06
-4.5226e-05
0.00053564
0.00046723
6.1152e-05
0.0001532
8.1037e-05
-0.0002114
0.00034022
0.00081138
8.17e-05
-0.00047716
-0.00021755
-6.8235e-05
-0.00014179
-0.00012038
-1.2984e-05
0.00025972
0.00073728
0.00077043
-3.3599e-05
-0.00064999
-0.00054262
-8.0678e-05
0.00015035
8.8258e-05
-6.3435e-05
-0.00024735
8.3293e-05
0.00081571
0.0011946
0.0005131
-0.00054309
-0.00072645
-0.00051437
-0.00049503
-0.00072625
-0.00083431
-0.00045097
-5.9869e-05
0.00030693
0.00054853
0.00041445
0.00019924
0.0001523
0.00018077
-1.177e-05
-0.00021102
-0.00029534
-0.00013939
0.00021267
0.00033612
0.00027447
0.00018501
0.00011195
-2.6268e-05
-0.00016144
-0.00024904
-1.9009e-05
0.00047467
0.00021156
-0.00034819
-0.0003137
-0.00035624
-0.00046794
-0.00025088
6.3488e-05
0.00029269
0.00030302
0.00043079
0.00069638
0.00034539
-0.00038402
-0.00064778
-0.00029498
8.8245e-05
-3.0813e-05
7.0253e-05
0.0004517
0.0007884
0.0010567
0.0005457
-0.0003019
-0.00068685
-0.00048551
4.5199e-05
0.00010442
-0.00032591
-0.00053242
-0.00025634
-2.3721e-05
0.00012097
0.00051442
0.00041404
-0.00015444
-0.0002935
5.8684e-05
0.00032646
0.00010862
1.2622e-05
0.00044129
0.00082923
0.00061704
0.00013211
8.1168e-07
-3.7094e-05
2.3276e-05
-9.7688e-05
-0.00033506
0.00011771
0.00066877
0.00020816
-0.00079395
-0.00055496
0.00030556
-3.4786e-05
-0.00049674
-0.00018008
-0.00029359
-0.00014832
0.0009674
0.001136
0.00026939
-0.00019631
-0.00039921
-0.00046449
-0.00063505
-0.0011953
-0.00097022
0.00012164
0.00087389
0.00078895
0.00036871
0.00010748
-0.00085069
-0.0012301
0.00028151
0.001573
0.0015944
0.00069254
-0.0003243
-0.00047143
-0.00012901
0.00026473
1.846e-05
-0.00085669
-0.0012656
-0.0010194
-0.00061676
-0.00060071
-0.00068003
-0.00051946
-0.00033808
-0.00050624
-0.00074481
-0.00067887
-0.00036766
-0.0001273
-3.9617e-05
0.00034852
0.0007399
0.00059337
-0.00010318
-0.0007761
-0.00089933
-0.00062751
-0.00010319
0.0004404
0.00072039
0.00098876
0.000991
0.0002733
-0.00038193
-0.00066946
-0.00086437
-0.0005742
-8.3205e-05
4.9651e-06
-0.00020265
-6.7075e-05
0.00032218
0.00035363
0.00014715
-0.0003261
-0.00067597
-0.00081323
-0.00095027
-0.00019582
0.00061349
0.00057091
0.0005318
0.00042726
-0.00042314
-0.0010434
-0.00042352
0.00023942
0.00038043
0.00054539
0.00051175
0.00023495
0.00038277
0.00068705
0.00022761
-0.00084215
-0.0010296
-0.00014502
-0.00013575
-0.00039629
4.6874e-05
0.0001746
0.00027879
0.00020859
-0.00019434
-1.2329e-05
0.00043534
7.2242e-05
-0.00041157
7.1983e-05
0.0007861
0.0006437
0.00010068
7.3629e-05
0.00020237
6.4965e-05
-0.00031964
-0.00055715
-0.00079806
-0.00098677
-0.00043378
0.00034979
0.00028537
-0.00019123
-2.7407e-05
0.00017617
0.00037797
0.00080749
0.00062934
6.924e-05
-0.000192
-0.00015506
4.9574e-05
0.00010717
-0.00010674
-0.00043438
-0.00059648
-0.00047366
5.1593e-06
0.00086998
0.001028
0.00015163
-0.00040939
-0.0002589
2.2413e-05
0.00025549
0.00018552
-0.00057929
-0.0010013
-0.00013915
0.00081026
0.0010475
0.00028792
-0.00097854
-0.00086782
-0.00023902
-0.00031945
5.3265e-05
0.00030593
-8.0393e-05
-0.00027144
-7.7479e-06
0.00017786
-0.00019674
-0.00052118
-0.00039032
-0.00012299
0.00021518
0.0010293
0.0016123
0.0010716
0.00027985
7.0994e-05
-8.8681e-05
-0.00093276
-0.0012946
-0.000117
0.00076528
0.00047903
9.7909e-05
-5.2496e-05
-3.2867e-05
0.00022969
0.00042617
-0.00021773
-0.00074656
-0.00031458
-6.431e-05
5.5417e-05
3.4702e-05
-0.00082121
-0.0013151
-0.00012102
0.0012822
0.0011857
0.00019606
-0.00050159
-0.00033843
0.00041238
0.00093056
0.00048018
-0.00035046
-0.00042628
-0.00024214
-0.00021524
-0.00016433
-0.00015632
-0.00046675
-0.00086692
-0.00039415
0.00035858
0.0006391
0.00086218
0.00092389
0.00062044
0.00012419
-0.00036196
-0.0004714
-0.00020436
0.00025778
0.00049267
1.5817e-05
-0.00070962
-0.00076922
-0.0004759
-0.00041424
0.0001052
0.00067076
0.00054732
0.00026168
-0.0003751
-0.00107
-0.00052288
0.00015033
-1.9839e-05
-0.00030415
-0.00014435
0.00095686
0.0013921
0.00029142
-0.00057627
-0.00037823
0.00017731
0.00034863
0.00034227
0.00035695
-4.8654e-05
-0.00081324
-0.00087553
-0.00047499
-0.00049046
-6.8246e-05
0.00059167
0.00066378
0.00044425
0.00026505
0.00032456
0.00032081
-0.00039806
-0.0014242
-0.00128
0.00047869
0.0011222
-0.00047761
-0.0011487
-0.00066399
-0.00030424
0.00068039
0.0015864
0.0013229
0.00057382
0.00026888
0.000346
6.566e-05
-0.00064346
-0.00077904
-0.00042458
-0.00019022
-0.0003221
-0.00062025
-0.00010139
0.00046421
0.00053981
0.00083431
0.00075906
1.0132e-05
-0.00051845
-0.00037495
-1.4703e-05
8.7232e-05
-6.4335e-05
-0.00032515
-0.00045334
-0.00010259
-0.0001553
-0.00045721
0.00030177
0.00093252
0.00045002
-0.00011068
-0.0003246
-0.00049357
-0.00052717
-0.00023781
0.00031611
0.00051492
1.1418e-05
-8.182e-05
0.00037237
0.00014988
-8.6004e-05
0.0002499
0.00016732
-0.00023327
-5.7571e-05
3.014e-05
-0.00055101
-0.00052415
0.00031176
0.0006905
0.00054969
0.00011545
-0.00033515
-3.3202e-05
6.7137e-05
1.1357e-05
0.00055589
0.00035405
-0.0005929
-0.00073242
-0.00016789
0.00018704
0.00027739
0.00028046
0.00022412
-0.00014891
-0.00069505
-0.00078446
-0.0002866
0.00039268
0.00074896
0.00082357
0.00071407
0.00024725
-0.00036344
-0.00093768
-0.00097738
-0.0003973
0.00010843
0.00030289
0.0002091
0.00016005
0.00022527
-0.00014885
-0.00051186
-0.00021167
-0.00035604
-0.00050481
0.00056686
0.0012561
