13.64
13.64
-2.8131
0.16362
-0.22583
0.45959
-0.23251
0.28879
-0.8206
-0.037282
0.0055888
-0.00068758
0.030879
-0.023658
-0.15928
0.70457
0.41708
-0.25678
0.79955
-1.7037
0.40499
0.2022
0.19321
0.195
-0.17069
-0.15024
1.772
-1.4318
-0.67024
2.0912
2.0667
3.3173
-5.467
-1.9318
1.4489
-1.5794
-2.6364
4.4493
0.932
14.303
-18.096
5.5239
-10.845
-7.1149
-7.227
-24.206
1.5416
-6.74
16.348
16.544
8.4805
0.80011
-1.0632
1.3947
-1.1545
-1.1608
1.9397
8.2977
-1.7345
-4.9003
-4.9084
-5.8129
4.194
-2.9902
-7.1373
-1.9308
-1.9289
-2.3281
-2.6713
-2.3255
-0.46961
0.020908
2.3496
7.5765
-1.5199
-1.5027
-0.30142
-0.35849
0.11395
-0.36835
-0.12241
-0.1173
0.63394
1.1267
-0.52382
0.45148
0.77089
-0.4742
-0.18537
0.083616
-0.057056
-1.0486
1.5886
1.5902
-1.2568
0.057727
0.14252
-0.13678
0.68019
0.228
0.72899
-0.077873
0.48849
-0.82886
0.1087
0.094387
0.12201
0.32823
-0.065168
-1.007
-0.57763
-0.5725
-0.97306
23.615
-2.4823
-13.47
19.657
19.667
-8.7603
-2.1348
-5.705
-5.5921
-21.632
-4.3291
-16.219
-16.243
20.868
-32.86
23.025
0.92866
0.93971
9.3451
-4.1762
2.9799
5.9831
-7.7928
-7.827
1.7556
-9.712
3.3982
-0.52646
-3.8392
-2.3502
3.2011
-4.0037
-0.47928
-5.3507
1.4722
0.62879
-0.091901
-0.36124
-0.4643
0.26884
0.016235
0.19152
-0.40452
-0.28448
-0.37556
-0.3744
-0.12522
-0.067475
-0.20115
-0.012976
-0.0099157
-0.15868
1.8243
1.8289
1.112
1.596
-0.79415
-0.78861
-0.3085
0.058688
0.060408
0.33056
-0.19531
4.6255
4.6351
0.69414
-0.20162
1.1379
-1.2288
0.46091
-2.5564
8.3898
15.404
7.3934
-14.09
-3.4967
1.7891
-8.0941
-8.0467
5.3796
-27.647
-27.579
-6.5475
-19.692
-11.27
2.2974
2.3226
1.3127
0.54724
5.9532
5.9545
2.9443
-0.27867
-0.32713
-7.3246
4.7164
-7.663
-3.8091
-3.7441
-5.2353
-0.52322
-0.58711
4.0804
0.58543
-0.086896
-0.27508
0.39173
-0.33268
0.17298
-0.09052
0.24232
0.17431
0.20987
0.040528
-0.17906
-0.25499
-0.45542
-0.46016
0.32597
0.58364
1.7122
0.63638
-0.80823
0.49194
0.48603
-0.76125
0.15239
0.090485
-0.27257
-0.2703
-0.16408
2.9924
-4.4218
-4.4298
-2.1074
1.1323
1.4761
1.7645
1.112
1.0802
5.423
0.84625
0.3683
-2.4363
-17.528
-3.9971
-20.097
-10.676
-14.15
-14.072
26.671
-16.894
-1.3926
-0.8632
-0.9006
-0.87312
-2.8471
6.5857
2.7404
1.0843
-4.1354
-0.18181
-5.0563
3.8981
-5.1975
-0.34967
-1.2401
-2.6936
-9.9865
7.1994
7.2098
-0.42326
0.17843
0.1804
-0.041558
0.017893
-0.11136
-0.25248
-0.1614
-0.21836
-0.1047
-0.10457
-0.069989
0.1944
0.013585
-0.036207
-0.18925
-0.38902
0.34891
-1.7634
-1.7676
0.34217
0.35845
-0.72398
0.22839
0.011007
0.011169
-0.1612
-0.29452
0.33202
0.25323
6.0128
0.18476
-1.2849
0.69158
-0.2513
-0.25156
-0.2914
14.042
-7.4974
4.9768
4.9096
-0.66864
-17.867
1.5883
1.6563
-27.656
-27.772
-3.6198
-8.5899
23.575
-18.468
-18.208
7.2293
-6.4451
-4.4514
7.4473
7.3639
-3.3533
-11.522
5.1908
2.5467
3.4267
6.2972
0.92493
1.1544
4.118
-7.3259
1.9445
-4.3279
-4.3706
-3.6937
-3.1321
-3.4088
2.9531
2.9491
-0.96139
-0.10688
0.2487
-0.6305
-0.62827
0.033425
0.1424
-0.0030693
-0.24221
0.79645
0.33684
-0.18108
-0.54946
0.5616
-0.13124
-0.073764
0.24861
0.05192
-0.00049728
-0.0016771
0.00086516
0.40799
0.1735
-0.08988
-0.86839
-0.87367
0.91733
0.18511
-0.3335
0.46014
-0.57054
0.24211
0.13224
0.13004
-0.10223
0.20401
0.21164
-0.28711
1.0801
1.0666
0.83451
-0.14698
1.0329
-1.3247
0.62354
0.62645
-2.378
-23.345
-11.651
-11.675
-11.255
2.9856
3.0084
-32.207
-32.507
-0.55867
-15.102
-7.775
-12.798
16.983
16.979
2.8563
7.2489
12.253
-7.5668
-5.8446
11.24
-5.9043
7.1235
-3.8465
-3.405
-1.0637
-3.086
1.0659
0.7916
0.68885
-1.6897
-6.1728
-0.54533
0.669
10.746
0.47171
-0.10016
-0.15614
-0.047502
0.23821
0.12755
0.12518
-0.23345
0.95577
0.56486
-0.40171
-0.31704
-0.0092633
0.0073517
-0.0076387
0.010559
-0.92995
1.8901
0.50038
0.29082
0.72706
0.040082
0.039077
-0.080289
-0.20857
0.58366
0.58294
0.54491
-0.58724
-4.7229
0.82595
0.81412
-0.073414
1.0915
0.57507
-0.30752
-21.17
0.056522
2.8608
-3.3995
-13.679
-10.911
6.6754
-12.083
-8.6493
-8.6789
-8.4347
11.356
5.0141
-0.31064
10.918
2.6779
2.6748
0.97222
8.8594
-6.0437
-1.8177
3.8823
2.7233
-4.4433
-2.2482
4.8415
-5.931
2.052
-7.355
1.2375
-3.467
-0.0057996
0.36076
0.1629
0.20353
0.61854
-0.34623
0.12826
0.40624
0.59425
-0.27348
-0.10024
-0.21857
-0.21794
-0.0066338
-0.043552
0.56538
-0.19498
3.587
0.95203
0.025451
1.848
-1.4991
0.97452
1.1035
0.10469
-0.57114
0.147
0.14309
0.32764
0.78038
-0.31958
3.4813
2.0244
2.6903
-2.7775
-2.881
15.571
-2.6681
-15.517
-15.822
10.621
-6.5506
-4.9647
9.5068
9.5057
-3.0635
-17.476
10.716
-32.621
-32.449
-4.9505
3.0651
-6.3045
2.3359
3.1395
3.1377
-4.5563
0.24036
-2.4854
-2.1384
-4.657
-2.2328
-2.6643
-0.88274
-2.2454
-2.7343
-1.4939
1.8107
8.7669
-0.8604
0.067371
-0.22923
-0.22525
0.10866
-0.021544
-0.75091
0.46477
0.46221
0.36526
-0.3008
-0.39574
-0.39743
0.0056426
-0.023502
0.0013049
-0.26086
-0.23273
-0.094101
-0.73768
-0.73787
0.17768
-0.31436
0.0031575
0.3663
-0.56954
-0.56133
-0.44533
0.86536
-0.54362
-0.54263
-0.083142
0.9961
0.76477
1.2902
-0.26458
0.47725
-5.8217
13.576
-5.128
-4.1083
-11.805
-11.833
10.466
-13.497
-0.023555
6.3444
2.9384
7.7198
-15.15
-15.138
-8.2358
13.166
-4.6462
-7.6531
1.4472
-1.9811
3.0138
1.1234
-0.72139
-1.379
-4.443
-4.4648
-4.4972
1.8576
-2.3385
-2.2419
-2.2398
-0.3961
4.8423
-0.23618
0.093302
-0.61342
-0.14651
-0.55818
0.66656
-0.15539
-0.42234
-0.6993
-0.69612
-0.17817
0.39526
0.11365
0.035223
-0.025555
-0.061321
-1.0021
-1.2121
0.20037
-0.32585
-0.32528
-0.91789
0.86968
0.45418
0.66192
0.65736
-0.62462
-0.06982
0.87564
-0.50444
-2.1953
-1.0463
-1.0564
-1.0614
1.0442
-1.2295
1.4241
21.878
-10.565
-0.364
1.3889
-23.151
3.5299
-7.6385
-25.655
2.8556
-9.7587
0.82934
-19.57
17.402
-5.9801
6.5437
23.085
-10.07
13.809
3.888
3.8876
-6.4861
1.8785
7.5498
4.0663
0.77479
0.77151
4.2651
7.8191
1.1008
1.7346
-3.828
-1.385
-0.36961
-0.40187
-10.31
7.4083
0.1571
0.10508
-0.32668
-0.28508
-0.20748
-0.19159
1.2374
-0.92355
0.17913
-0.87059
0.18397
0.18365
-0.077795
0.72926
-0.36962
-0.0018806
-0.0022034
-0.017764
0.005237
-0.19475
0.51594
-0.2125
0.36287
1.12
-1.9076
-0.53362
-0.53544
-0.15391
0.11542
0.060285
0.060166
-0.92265
0.03944
0.31454
0.064433
0.056052
0.057764
-0.37841
0.078327
-1.3754
-1.379
0.31785
4.8707
-12.464
-12.703
8.894
3.3277
-13.756
1.5278
-11.196
-11.257
-4.52
-13.046
9.2405
-15.539
0.65446
0.6398
-21.529
5.651
-5.2871
-5.1359
6.7543
3.6862
8.0034
-1.5101
-1.5292
-0.74123
8.197
-1.5738
4.394
-1.2922
-1.2968
1.0346
0.41843
-0.16982
2.3362
0.52435
-1.8182
1.2186
-1.5539
-1.5646
0.20123
6.8509
-0.37048
0.14421
-0.037772
-0.034444
-0.10587
-0.052347
-0.099845
0.55684
-0.010108
-0.03213
-0.3263
-0.0084789
0.14526
0.14491
-0.30258
0.086797
0.022439
0.023186
-0.084685
0.042751
0.53463
0.18328
0.1943
1.5389
1.2177
-1.8129
0.16684
0.54275
0.53487
0.40261
0.024408
0.12511
-0.11351
-0.11351
0.10897
-0.82692
0.39542
-0.18107
-0.18299
0.97285
1.8099
1.8235
-1.0433
6.9805
16.613
7.1086
-3.5823
-3.6609
-2.4059
-21.69
-8.6388
-6.1018
-6.1455
3.0933
-27.494
1.4995
1.5141
-7.0542
9.6558
16.334
7.6123
-1.2994
-1.3752
-0.54682
-0.76495
0.54159
-0.57843
-0.56644
9.7528
-5.1806
6.1414
-6.7056
-0.04963
-3.8112
-1.7253
3.4071
2.5056
3.1109
-2.6721
1.4394
-6.7812
-3.9916
-4.0245
-7.931
12.281
-1.1746
-0.65394
0.19723
0.19909
-0.017911
0.015112
0.023124
-0.048525
-0.22681
0.09851
0.081333
-1.0697
0.75301
-0.49203
1.7185
0.42465
-2.4821
-2.4951
-0.43481
2.033
-3.3857
2.3031
1.723
0.93927
0.36463
-1.233
-1.2298
-0.31747
-1.5319
-0.46909
-0.35801
0.99863
0.99525
-0.61208
0.59416
0.25432
-0.95626
-0.95711
-0.53031
-0.060575
-1.3556
1.7805
1.9395
2.2569
-10.26
-3.7157
-7.9567
-7.9907
-6.9158
-12.836
-8.4686
-8.4343
-14.997
3.3121
0.50771
-15.307
1.2411
1.2466
3.3274
2.5565
-15.893
13.637
13.524
-0.22061
-2.8987
-1.784
5.0317
-3.5689
-1.9724
-0.24493
5.6393
-7.1147
-7.2832
1.4106
-0.31201
4.2888
-0.19748
-0.20489
2.1612
-6.1453
-2.9715
6.6887
6.7559
5.1274
-0.018322
-0.16862
0.090621
0.09966
-0.028479
-0.057636
-0.25609
-0.03782
-0.10698
-0.39926
0.57574
-0.20272
0.045189
0.042504
0.91328
-0.74458
0.67894
-2.0059
0.20651
0.8235
0.18988
0.18982
1.3011
-0.34615
-0.26291
-1.2345
0.54379
0.53735
-0.90207
-1.893
1.7346
1.0605
0.66848
-0.16196
-0.70865
0.20191
-1.6909
0.069398
0.32197
-1.6554
-1.6137
2.2006
27.544
2.9516
-8.7871
-0.47973
-0.53538
-2.236
-8.6813
-9.5749
-6.8332
-7.6364
-7.5485
2.2966
1.2612
-3.4776
-1.6676
-1.6897
2.7683
-0.53024
-12.757
8.369
6.3139
-4.4589
1.2895
1.2249
-0.33907
9.2717
-2.7586
1.8254
1.818
-0.40532
-0.70153
0.034819
-7.5822
4.6436
4.6325
1.9578
-0.7628
-1.4655
-1.4846
-0.47271
0.18786
-0.071309
-0.069919
0.11104
-0.078255
-0.042847
-0.11122
0.090412
0.09087
-0.2407
-0.3338
0.22097
0.58993
0.16657
-0.14692
0.46223
0.22854
0.14253
0.14485
-0.43854
-0.32061
-0.32114
0.41566
0.062443
0.063915
0.088893
-0.50319
0.33042
-0.16435
-0.41731
0.46059
-0.098872
0.10187
-0.016397
-0.00095705
0.085176
-0.17976
0.21141
-0.14393
-1.1014
2.0534
-1.3817
-0.15017
2.6019
2.6205
6.1187
9.331
-7.9928
-7.8713
-3.3195
5.4807
2.8035
-8.4476
-8.2623
-1.6203
-17.064
12.404
-10.576
-8.4151
-8.2812
-5.1366
-0.70666
-16.242
24.101
-18.614
0.13997
1.6746
-0.31041
1.0414
0.99395
0.49907
0.51671
0.7744
-0.084228
0.51284
1.3531
-1.2942
-0.041299
0.22
0.21738
-0.2034
0.9035
0.26179
0.79991
-0.2392
0.088104
0.081195
0.10913
0.05165
-0.013746
-0.052754
-0.072546
-0.14887
-0.14735
-0.27854
0.36211
0.1126
-0.11553
0.25289
-0.43483
0.95096
0.046834
-0.45177
-0.33469
-0.7725
0.094962
0.79607
0.072465
0.072542
0.44066
-0.14037
0.09424
-0.034868
-0.033482
0.12388
-0.22667
0.15882
-0.11213
-0.11157
0.19683
0.70624
-0.50588
0.28282
1.1488
1.1509
-0.29874
0.076752
1.4956
2.9187
2.7453
-17.466
13.773
-0.91205
6.9553
15.353
-14.343
-23.31
-8.431
-11.982
-12.071
-12.962
6.0784
6.679
-19.932
-9.8764
1.9192
6.832
1.149
1.1275
0.4559
-0.061363
-0.77251
0.69694
-0.26203
-0.26401
-0.20346
-0.0033303
-0.30692
0.34274
0.34359
-0.7443
0.60551
1.2753
-0.72111
0.60456
-0.41853
-0.75555
-0.084772
0.072834
0.074793
0.13038
-0.18674
-0.026735
-0.026371
-0.073893
-0.8907
1.2305
-0.35147
-0.34834
0.010979
0.30328
-0.1953
0.61953
-0.35106
-0.3499
0.22392
-0.2477
1.7634
-0.48684
-0.48575
-0.21319
0.5498
-0.72425
0.4829
0.48718
0.72334
0.75453
-0.23447
-0.65872
-0.65798
-0.16546
0.26287
0.21872
-0.19317
0.53762
0.53904
-0.0041258
-0.51805
-0.96435
3.4794
0.99033
16.436
16.213
2.4205
2.3404
-17.568
4.7955
-4.7441
8.9196
-0.45964
-0.75959
-5.4575
-18.42
-10.576
-0.9491
8.3992
5.0973
-0.88029
-12.181
8.308
-2.5345
1.1546
1.0259
0.82234
0.82066
0.69319
0.8169
-2.5494
0.31588
0.27802
0.37242
-0.87041
0.82736
0.10923
0.72937
-1.2422
-0.31722
-0.39009
-0.27094
0.88687
-0.79762
-0.057626
-0.14894
0.01559
0.012846
-0.072925
0.11517
0.04201
-0.080056
-0.080072
0.13286
-0.77362
-0.76862
0.41951
0.056749
-0.46695
0.24206
-0.45309
-0.15973
-0.007984
-0.39297
0.063622
-0.53603
0.02681
0.52572
0.52544
-0.108
0.14981
0.22333
-0.62132
-0.27556
-0.2724
-0.94095
0.40855
-0.57316
1.4965
-0.2529
0.41266
0.41198
0.85638
-0.99613
-1.0377
0.63345
-0.02895
0.077983
0.75499
9.494
19.518
0.96382
3.0597
-12.442
-7.7149
-7.6648
15.332
-2.7089
-22.011
-5.1102
1.9018
-10.312
-26.297
-26.243
11.037
-5.5899
1.3501
22.997
-6.6237
-1.0055
-1.1405
0.56233
0.89585
-5.0429
-5.1161
1.6392
-0.062122
-0.94297
0.81439
0.81889
-0.055927
-0.15557
0.11345
-0.59562
0.63242
0.63091
-0.018839
-0.40717
0.033893
0.037843
0.00085194
-0.016839
0.0042639
0.021463
0.025804
0.25388
-0.99906
-0.30577
0.75382
0.75382
-0.14479
0.65387
1.5113
-1.2625
0.56689
0.55528
-0.62938
0.75466
-1.4018
-0.37761
-0.084201
0.18555
-0.50799
-0.88639
0.17599
-0.49992
0.64543
1.1777
-1.6723
1.2951
-0.93518
0.62402
0.21675
0.21643
0.53091
-0.17615
-0.97934
-0.8885
-0.89012
1.1645
1.4885
1.5507
2.0918
6.9695
6.8085
-12.58
15.984
-14.957
-14.097
1.5517
-2.9999
-10.765
-2.3466
-2.0303
-27.178
-27.169
-14.998
-1.969
3.1386
-18.887
10.708
-17.588
-4.8001
-3.9241
0.95592
-0.3682
0.63207
-3.5418
0.10885
-0.092166
-0.62079
-0.48719
0.14929
0.14388
0.68678
-0.6477
0.086472
0.15861
-0.25385
-0.25371
0.0097921
-0.129
0.15853
0.15942
0.07171
-0.077809
0.053917
0.001802
-0.0029025
-0.0020833
-0.050793
-0.23126
-0.20805
-0.23688
-0.23405
0.61198
0.11871
-0.26641
0.82078
-0.096207
0.53796
-0.40114
-0.13955
-0.13979
0.23486
1.1516
0.13524
0.13171
0.1315
-0.60626
-0.37063
-0.46797
0.19136
0.71797
0.71362
0.93067
-0.725
-0.54102
-0.54055
0.8421
0.035188
-0.72603
0.86338
0.86852
-1.3431
-0.48937
0.33928
12.56
19.427
19.267
8.1557
-8.6786
-10.499
1.494
1.4385
-17.639
-5.06
-4.7992
-24.795
8.5025
-17.903
-3.0282
15.805
-14.787
4.1957
4.2917
-1.0325
1.6292
1.6211
2.0035
0.46476
-0.059147
0.38782
0.74391
0.74475
-0.38544
-0.01274
0.13678
1.1827
1.1716
1.6342
0.4623
-0.59689
0.44122
-1.8028
-0.0058019
0.46534
0.46559
-0.36734
-0.55819
-0.55973
-0.27979
0.41217
-0.40794
-0.40569
-0.08674
-0.022579
0.030531
-0.065703
-0.05235
0.1166
-0.025711
0.083083
0.083786
0.11789
0.002246
0.04987
-0.052693
0.029006
0.029331
0.12989
-0.17679
0.041568
0.041176
-0.017124
0.013614
-0.0095938
0.029925
0.013356
0.013184
-0.051831
0.00021475
-0.013135
-0.0049635
-0.0051845
-0.071852
-0.064585
-0.047203
0.062496
0.062566
-0.014423
0.047499
-0.037591
-0.034291
0.036476
-0.020758
0.028721
-0.027334
-0.0038596
-0.0035629
0.051126
0.044997
0.022735
0.083402
0.019476
-0.049424
0.089478
0.0047445
-0.060589
-0.06017
0.0083683
0.072279
0.011778
0.006115
0.0060473
-0.039804
0.0076658
0.031702
0.0057981
0.0059595
-0.041635
-0.020639
-0.016468
-0.01436
-0.014258
-0.011516
-0.012291
0.041399
-0.0065744
-0.0065635
-0.030453
-0.0018003
-0.046901
0.0050651
0.0050893
0.056759
-0.0029095
-0.06623
0.0037056
0.0037685
-0.021835
0.018684
-0.0078639
0.0063119
0.0063395
-0.00079904
0.068053
0.05994
-0.033652
-0.033419
0.0084743
-0.052477
0.042126
-0.0041378
-0.0041953
0.0091413
-0.0014551
0.0032032
0.015168
0.01525
0.027562
0.017325
-0.013643
0.013194
0.013239
-0.011187
-0.010931
0.028489
0.025303
0.025188
-0.012733
-0.012731
0.034744
0.003538
0.0035709
0.0066368
0.0070894
0.016215
-0.014495
-0.014371
-0.012876
0.018587
-0.011347
0.024181
0.024088
0.0074118
0.019537
0.0062354
0.0042384
0.0041937
0.0078213
0.018533
-0.0015066
-0.015334
0.0049888
-0.0016153
0.019884
0.0045334
-0.0068856
0.011933
0.01648
0.038691
0.01739
0.0020392
0.0067581
-0.001752
-0.022037
0.0085156
-0.026241
0.063936
0.053412
0.037972
-0.051779
0.033118
0.0041727
0.066117
-0.05093
0.0097283
0.03153
-0.043073
0.036179
0.0087907
-0.013074
-0.056183
0.013052
0.026271
-0.0011831
-0.0017298
0.013055
0.014631
-0.032471
-0.0019442
-0.025317
-0.026401
0.0033436
-0.022026
0.027872
0.026877
0.00092701
-0.013843
-0.0031689
-0.011219
0.0077417
0.011924
0.01484
-0.014015
-0.0012557
-0.00367
-0.026993
0.0033829
0.027843
0.0079133
0.01712
-0.0054001
-0.014869
-0.012834
0.0078918
0.015069
0.017341
0.0078057
0.002004
0.016297
-0.0012866
-0.0024973
0.0015337
-0.013429
-0.013982
0.037307
0.025513
0.0020842
-0.016573
-0.023576
0.0064088
0.0025299
-0.0019028
-0.01359
-0.028012
-0.024555
-0.001623
0.0078477
-0.012596
0.0015245
-0.0026645
0.017798
-0.006575
-0.008034
0.0038797
0.0062907
-0.011802
0.022434
0.035553
-0.060724
0.001932
0.014454
-0.022018
0.018238
0.01598
-0.0075315
0.004479
0.0065168
-0.01297
-0.0069436
-0.0049712
0.0067922
-0.012233
0.0048671
-0.003685
0.017492
0.017521
0.0024717
0.0063514
0.0054074
0.0069103
0.0015278
-0.0055004
0.0054632
0.017941
0.0071614
-0.0090042
-0.025371
0.006478
0.016908
0.0075807
-0.008033
0.0077859
0.045808
0.001459
-0.0060382
0.0064067
-0.012082
0.0020119
0.0051341
0.017956
-0.0030308
-0.0033466
-0.027948
0.0056243
-0.0043635
0.016565
-0.01649
0.017404
-0.0020521
0.040958
0.0044183
0.005442
0.0083975
0.0074462
-0.018006
-0.0045028
0.018915
-0.01153
0.0015328
-0.013508
-0.022528
-0.014067
-0.0079675
0.013916
0.0078696
0.0020005
-0.0035802
0.017876
0.0067618
-0.021562
0.0014068
0.0041318
-0.013017
0.045922
-0.0076774
0.071793
0.026123
-0.060039
0.053377
-0.036098
-0.070285
0.11718
0.047253
0.099702
0.030857
0.091885
0.0066349
-0.055322
0.15822
-0.00079768
0.098139
-0.026451
0.04218
0.09603
-0.1547
0.21304
-0.27711
-0.22927
0.30185
-0.48926
0.48983
1.1905
1.7487
2.8725
8.651
-6.2348
9.753
-4.3768
-17.47
-3.0235
-5.8679
-2.95
15.097
6.6155
-17.018
18.063
-7.8537
16.304
-31.967
11.025
-0.11108
-1.8926
0.038431
-0.54603
0.94353
2.0315
2.2943
-2.1785
-1.7131
-4.628
-0.029881
-0.036205
0.25608
-6.0131
-1.5595
2.5307
5.9566
-0.79149
0.20024
-0.0028174
-0.24105
-0.17785
0.59378
-0.393
0.31067
-0.022829
-0.17686
0.44065
0.084648
-0.61369
0.067214
-0.50872
0.0018717
-0.46848
1.2259
1.293
-0.27374
-0.39704
0.19088
-0.45753
-0.11489
0.50622
0.73206
0.47511
0.47424
-0.19011
0.15841
1.2806
-4.2142
0.20573
-0.31864
-0.29829
0.71606
-1.874
25.486
-8.5451
-19.409
3.3372
1.6164
-3.2651
-9.5652
23.145
23.183
9.7861
-3.8906
-3.0828
-3.7288
-1.0334
0.33471
0.40616
-0.67647
0.12109
3.7521
-3.9557
5.139
-0.4138
-0.79474
-3.054
-7.0425
-0.57212
-5.4536
-5.4575
0.36463
2.955
4.9758
-0.87396
-0.86851
0.47465
-0.15227
0.098538
0.19888
0.19788
0.70641
0.12533
-0.21994
-0.07689
0.14811
0.89676
-0.23843
-0.18257
-0.55631
0.24195
0.7507
0.24884
0.26268
0.0052598
-0.45325
0.17548
-0.25794
0.0056671
0.18681
-0.14723
-0.14629
0.080139
-0.02412
0.18582
-0.077372
0.048579
-1.1144
1.6119
-0.2246
-1.5936
1.379
0.059581
-4.8129
0.2081
-4.6572
-4.7339
15.821
-9.5268
-18.706
9.4604
9.4766
-1.4159
-28.705
-0.61626
-0.18306
5.9584
-5.7345
-19.57
10.973
-2.5678
-0.30893
-0.3024
-8.1062
5.0967
-0.83422
-2.9111
-2.9158
-6.4118
1.0942
-4.4664
0.28513
0.29587
-5.4148
-0.41728
6.3502
10.176
-0.78039
-0.77611
0.21091
-0.20409
-0.14551
0.25631
0.59639
0.13784
-0.61765
0.44009
0.43987
-0.22204
1.0153
-0.19259
-0.19197
-0.094186
0.58492
0.58194
1.0303
-1.4123
0.84986
0.85534
-0.74562
-0.082294
0.6475
-0.70046
0.076999
-0.54152
1.2692
0.078205
0.12895
-0.57724
-0.58005
-2.8101
1.8137
-1.4438
-1.7689
2.5767
-0.97208
0.56607
-1.7057
1.1403
7.0395
-16.256
-0.65291
-5.3062
-3.7176
-5.9045
-5.9645
-4.4658
-17.064
-10.08
19.91
-14.817
-14.57
-7.0439
-2.8217
3.2238
-4.3461
-4.3457
0.98599
-1.0001
-0.53844
0.4346
2.1287
-1.2204
-1.4999
0.80422
3.4639
-2.0742
-6.8722
-0.026099
-5.6595
-6.1184
-6.1293
7.0019
10.128
-1.2567
0.10013
0.22637
-0.53276
-0.048271
0.5279
0.25621
-0.023134
-0.023787
-0.23793
-0.29872
-0.10903
-0.10803
0.63354
0.88347
0.66298
-1.0102
-0.071177
-0.066348
0.32594
-0.78745
1.4891
1.5073
0.56466
0.091944
0.055482
-0.45404
0.0046152
0.2759
0.097162
0.18739
-0.18937
-0.18963
-0.071824
0.26142
0.08949
-0.17723
0.16866
-0.56553
-2.506
-0.2351
-0.23661
1.3396
1.8033
24.737
-11.584
-10.104
5.1507
-8.87
2.3522
-15.317
-8.6522
-7.6242
6.276
15.179
-12.752
-5.8125
-5.7896
-5.9005
-17.772
-11.003
-10.964
4.339
-4.6059
8.9302
-4.1634
4.6644
-0.87852
1.203
0.55616
1.7899
1.796
0.82293
0.83896
1.1718
1.5278
-0.49235
-1.6308
-1.6017
-0.87544
-3.1555
2.0884
2.1812
2.1829
-0.058527
-0.42319
-0.42508
0.23778
0.12549
-0.7048
-0.25893
-0.25755
0.18519
-0.24722
0.0083864
-0.12206
0.19113
0.038432
0.9643
-1.0397
-0.09292
-0.093905
-0.5623
0.76681
0.0072043
-0.51266
-0.51256
0.13975
-0.37022
-0.65094
0.36184
0.35735
-0.26655
0.13899
0.11758
0.0060879
0.0065857
-0.28981
0.16792
0.36197
0.17166
0.17222
-1.9066
-0.1697
2.7949
-1.196
0.91217
0.25186
21.226
-10.149
17.776
17.496
-4.6604
-9.1659
7.5699
-1.1007
6.9498
-5.1446
5.4547
-19.976
6.6985
5.2503
-37.187
-16.615
19.823
12.332
-2.9978
4.0869
-6.8627
4.1969
-0.35654
3.5274
1.7046
-1.0328
2.2461
2.5622
-6.4911
5.3413
-6.8014
-5.6623
-1.8018
-2.4833
-3.1356
-4.0566
4.2779
-3.0507
0.72025
-0.1132
-0.15869
0.67118
-0.054534
1.0993
-0.40871
-0.65596
-0.80135
-0.35282
-0.34627
0.30407
-0.054508
0.38343
0.31471
0.31447
0.5866
-0.37972
-0.33149
-0.52921
-0.042728
0.16386
1.3987
-0.80899
1.6351
0.33655
-1.2306
-0.049647
0.084069
-0.6863
0.4592
-0.4589
0.0055409
0.75113
-0.49286
0.32429
0.10905
-0.36594
-0.53109
2.0886
-3.6873
2.2557
-0.6338
-0.62917
1.2687
-3.3115
6.7041
-21.002
2.2948
13.459
-20.522
-4.9712
2.9461
1.2537
-5.9454
13.988
-2.7084
-15.373
3.8576
-6.7621
-16.737
-6.5626
-9.804
6.1407
-5.6369
-3.9427
-0.89239
-4.7479
2.6391
-1.445
4.8372
-7.0945
-7.8262
2.561
1.1719
-7.7417
2.4515
-5.7521
-2.214
-4.913
-3.8836
2.6207
3.5596
0.62345
0.19032
-0.4508
0.41471
-0.41791
0.19271
0.41182
-0.11249
0.21388
-0.17455
0.33684
0.71692
0.23328
-0.68133
-0.10174
0.61755
-0.73234
0.60849
0.31592
0.13768
-1.2054
-0.43825
0.21917
0.36823
-0.1277
0.04166
0.2132
-0.27433
0.31106
0.15536
0.20255
-0.77392
0.52995
-1.8211
0.70988
1.3457
-6.2628
-10.906
-1.8111
9.1179
-1.6142
10.578
2.7446
-3.2222
-17.175
14.464
-18.664
-5.9279
11.288
-2.6088
-27.557
10.134
17.066
-0.11865
-5.0887
-3.0996
2.2007
-1.4339
6.0673
-0.14536
3.9566
-11.254
3.0096
-8.1893
2.7682
-0.096985
-6.298
0.26468
-1.0846
-1.0775
10.571
2.412
0.23253
0.24219
-0.42785
-0.15328
-0.81651
0.3219
0.1602
0.79126
-0.57675
-0.052002
0.061448
0.58487
-0.24935
0.26507
-0.030609
-0.040039
-0.17465
-1.0597
1.7902
0.22526
0.56605
-0.52791
0.19944
0.16955
0.36966
0.13956
-0.058103
-0.30513
-0.011151
0.23654
0.053414
0.36211
-0.68589
-4.1076
1.3583
-2.2385
-1.2023
-1.465
0.64616
-6.2807
24.089
-0.1651
-18.971
3.1063
-11.567
-8.7632
1.1639
-9.6643
11.042
-9.0169
-8.878
-3.7628
-11.075
-2.3463
2.3446
-0.56042
-6.5003
-2.2394
0.13291
3.4947
0.7997
-0.017294
-1.1679
2.1481
-5.3544
1.8436
0.98064
-1.2082
-3.8216
-0.15073
-2.3726
-0.95516
1.8782
1.856
7.1878
-0.57821
0.61163
0.22524
-0.048645
-0.015125
-0.22748
0.0070209
0.1146
-0.45864
-0.24256
-0.31401
0.36603
-0.051936
-0.34413
-0.34767
-0.2167
-0.96652
0.89086
0.14353
1.2973
-1.4126
0.21526
0.29232
0.19804
0.58961
0.16983
0.14609
0.14569
-0.3623
0.27574
0.29332
0.18126
0.32261
0.32411
-2.6275
-0.61163
-1.0827
1.2955
1.2965
22.482
-15.036
6.824
-18.982
-19.19
11.847
-6.6188
-5.4644
-25.32
5.997
19.764
14.499
1.4053
-4.6805
21.693
-4.6529
3.4918
2.1978
-2.4273
1.1855
1.5803
2.7059
0.68901
-0.272
0.65062
0.64394
1.1946
-0.37612
-7.2416
2.1825
-0.06641
-2.3011
-0.40141
-1.3647
1.4749
8.5821
0.071822
0.15332
0.24925
-0.12723
0.30313
-0.48366
0.37746
-0.12968
1.0502
0.22352
-0.23247
-0.014729
0.84094
-0.70647
-0.71345
0.36688
0.90756
-0.17722
0.40237
0.71624
0.71279
-2.3784
0.27275
-1.1162
0.77734
-0.15912
-0.16203
0.35087
-0.074852
0.010329
0.01023
-0.13693
0.92437
0.097537
1.4427
0.75351
0.64338
1.4392
-0.16682
1.2659
1.2729
-3.9665
-5.15
15.636
15.543
-15.559
8.2423
2.0696
-0.79851
1.1967
9.9594
-10.522
8.5412
-3.6237
-14.447
10.037
4.46
0.1601
1.0183
0.29275
0.29256
2.391
2.6035
-3.4189
4.022
-2.7154
-0.43838
1.7174
-7.8138
-1.8861
-1.8788
3.0128
2.9918
7.2709
-3.4818
7.0126
-0.19166
0.3476
-0.0060312
-0.19742
-0.19377
0.45549
-0.55093
0.057993
0.5438
0.93365
0.020678
-0.0067811
0.31824
-0.53162
-0.53204
-0.40177
0.41799
-0.56012
-0.43785
-0.038885
-0.037733
0.097854
-1.0515
0.77038
1.6325
1.0677
-1.4537
0.049425
-0.084897
-0.81013
0.34199
-0.53728
0.73016
-0.28459
-0.2803
0.68167
0.11236
-2.3156
-0.028648
-1.679
0.5185
-0.77725
-0.10649
1.7329
1.7713
-4.9645
16.283
-0.8161
-7.1555
17.011
-13.9
-1.3708
6.0018
-6.1908
11.139
-25.111
-25.127
-8.8115
-8.9128
-12.274
-12.347
20.402
30.171
-14.365
-1.3579
-1.3527
5.7653
-1.5389
3.2502
-1.5972
5.1985
1.8738
-4.9718
3.9016
-6.7933
-0.99292
-2.911
-4.299
-4.676
-4.644
-1.5734
-3.2304
-3.2221
9.1033
9.1176
-0.6815
0.20239
-0.32967
-0.13878
-0.13369
-0.73231
0.41997
0.26839
-0.83847
0.82897
-0.23983
-0.30241
0.34421
-0.33746
-0.17958
-1.1238
-0.18017
-0.12783
-0.35645
-0.35305
-0.047897
-0.40034
1.3511
1.8197
-0.044571
-1.699
0.008627
0.66521
0.20353
0.20224
-0.56069
0.038011
-0.12286
0.18383
0.1836
1.0078
-0.4248
-2.1128
-0.41698
-0.41912
0.021383
-2.6563
0.61015
0.72665
5.8929
29.508
-14.251
-8.9529
17.727
-19.767
7.1982
5.2035
-12.828
-3.2754
-16.399
-1.7635
-5.6698
-2.3898
-12.637
-9.7954
-3.7771
-1.2
1.8658
-4.9943
14.712
3.5065
-4.6441
-1.9904
-2.3097
0.90573
0.37092
4.2072
1.3304
-1.5152
-3.0434
-3.2567
-4.8223
1.6019
-3.0303
3.1105
-6.3217
1.3292
-0.81298
9.0331
9.7649
-0.027578
-0.017774
-0.45317
-0.48106
-0.47945
0.36399
0.10795
0.40063
0.65649
-0.33027
-0.24875
0.12398
0.021597
-0.26798
-0.34593
0.080462
-0.017025
-0.072816
-1.4678
-1.4529
-0.55809
1.9235
-0.84648
0.71112
0.34004
2.0537
0.036705
0.81945
-0.39663
0.83482
-0.49461
0.021148
-0.09845
-0.32038
0.87385
-0.5533
2.0466
-3.5643
1.8111
-1.6326
0.94738
-1.3174
0.037152
-4.7381
22.458
1.5696
-6.826
-6.9422
-2.389
-3.2021
3.3048
-9.7245
-13.092
11.368
-22.642
3.121
1.2831
-0.272
-12.771
14.898
-14.019
-0.0084171
-4.0862
1.6295
1.35
-7.3223
4.5377
5.6931
4.9049
4.5989
-5.1212
-1.7225
-1.8579
-6.244
4.7099
-3.6933
0.42419
-3.4935
-1.5706
-0.7253
0.024737
-0.53785
11.76
2.0928
0.17488
0.28741
-0.70042
0.4104
-0.0047979
0.76587
0.58098
0.082902
-0.1073
-0.13746
-0.21389
0.11272
-0.033719
-0.060884
-0.004193
-0.13551
-0.068922
-0.24532
-0.24441
-0.86372
0.2874
1.8134
-0.59891
0.20961
-0.72736
-0.52344
-0.24059
0.83649
0.14701
0.23208
-0.73419
0.53422
0.17267
0.13701
-0.04736
-1.0876
-0.69309
0.62745
0.63076
0.059974
1.0872
-1.4492
0.82406
-1.5736
30.678
-16.239
-13.186
-22.872
-22.533
1.9761
-6.5328
13.354
9.8102
21.382
-6.4309
-16.944
3.2353
3.1214
-2.915
6.2689
2.7789
3.7296
-2.659
-2.6593
4.1592
-2.7855
-1.6316
5.256
-1.2982
5.8352
-3.3961
3.5002
4.8879
-1.3754
0.16906
-3.215
-3.6294
-0.43272
-0.45176
-0.41272
-1.204
4.9521
7.0691
0.57392
0.044925
-0.14658
0.18754
0.18583
-0.054313
-0.1648
0.19506
0.083964
-0.082121
-0.44942
0.18296
-0.20305
-0.20155
0.63298
0.041876
0.8461
-0.2891
-0.28286
-0.51546
1.6034
-0.11034
-0.16221
-1.4277
-0.17124
-0.89008
0.5001
-0.47481
0.68233
0.68042
0.30037
-0.10179
-0.16673
0.10855
0.11297
-0.35043
0.41767
-0.50357
-0.499
0.15455
-0.10857
0.16702
0.33926
-0.49068
0.17937
-0.62121
-0.45527
0.6177
-0.15481
0.071806
0.33284
-0.15395
0.030382
0.030561
0.0071931
-0.13368
0.11259
0.52734
0.52887
-0.72768
-0.16221
0.23101
-0.39199
-0.050545
-0.1692
0.20932
-0.16077
-0.060393
0.079497
-0.018509
0.0010809
-0.057742
-0.048732
0.020777
-0.0064746
-0.015982
-0.024493
0.0043268
0.058327
-0.11525
0.14239
-0.013531
0.063034
-0.029566
0.078908
0.044255
-0.015174
-0.056293
-0.038628
0.052188
0.012565
-0.037698
-0.047357
0.11062
-0.069229
-0.016642
0.03332
-0.03667
0.00056204
0.072165
-0.065378
0.03457
0.0017314
0.029053
0.021726
-0.014837
-0.0049547
0.0342
0.0011287
0.023831
0.014877
-0.015003
-0.015374
0.0017182
0.01244
0.0025418
-0.084678
-0.046989
0.00058623
0.012065
0.01285
0.055038
0.054505
-0.11709
-0.0354
-0.015926
0.033519
-0.018011
0.010181
0.012699
-0.014948
-0.015598
-0.0053749
-0.015738
0.0048429
-0.019781
-0.037661
-0.0068088
0.005481
-0.0067345
0.0017125
-0.025402
0.0041133
0.015118
0.00022732
0.0221
-0.0059182
0.0038061
-0.010198
0.001329
0.014995
0.00058347
-0.0074766
0.0038002
0.0050683
0.0048885
0.0097708
0.0033302
0.0037532
0.0036296
-0.00061684
-0.0085948
0.01458
0.0029782
0.035158
0.031377
0.0041738
0.0044043
0.0033633
0.010548
-0.0046514
0.0045534
0.010165
0.0021107
0.025127
-0.0082107
-0.00024116
0.020962
-0.016593
0.0045946
0.014835
0.00098019
0.012891
-0.0059393
0.024413
0.0055988
0.010167
0.0013799
0.02441
-0.014734
-0.017391
-0.010232
-0.0057661
-0.013546
0.015581
-0.0057475
0.024632
0.022608
-0.00030009
0.0021971
-0.016046
0.015257
0.0048939
0.012609
0.014523
0.005123
0.014699
0.030102
0.0047983
0.0030274
0.034753
-0.0061997
0.0098104
0.0017728
0.0047278
-0.0041951
0.014985
-0.0086077
0.014312
0.020567
0.0010144
0.0044957
0.012145
0.0030269
0.023016
-0.0054904
0.011354
0.010138
0.010193
0.0025185
0.0046032
0.014181
0.0038147
-0.00059644
0.0033336
-0.0065999
-0.005883
0.0043102
0.0014311
0.0028673
-0.08756
0.0031036
0.003403
0.086375
-0.090842
0.0025929
0.035213
0.029418
-0.046563
0.02795
0.027935
0.0265
-0.032735
0.086515
0.14846
-0.32994
0.23459
-0.086825
0.017395
-0.03916
0.074656
-0.030666
-0.035731
-0.036817
0.24174
-0.42974
2.4762
0.026572
-0.011444
11.445
9.1254
2.256
-12.89
-12.944
-9.5096
-12.778
-3.4966
7.6331
-5.5377
-23.213
-31.483
8.8237
-1.1488
4.039
4.5955
5.1624
0.32387
2.9166
3.0412
3.0511
1.7565
3.6425
1.7395
0.32704
-0.40042
-0.40452
0.12308
0.14192
-0.11568
2.1054
2.09
1.9594
-0.28156
-1.7092
-5.4368
-5.5622
-2.1578
3.8844
1.3111
0.19638
0.2052
-0.36576
0.14581
-0.0039446
0.098534
0.084144
0.084344
-0.076319
0.0043708
0.033523
-0.052191
-0.010847
0.047356
-0.36759
-2.1952
1.7991
-1.9411
-0.28553
0.40839
0.43333
-0.89379
-0.34462
0.87087
-0.014529
-0.95956
-0.95151
-0.27897
0.41066
0.079344
0.31872
-0.11956
-0.11682
-0.79512
1.1606
-0.33809
1.0329
-1.9372
17.091
16.947
2.6331
19.058
-20.49
-20.528
-5.2429
12.568
-8.9713
22.948
22.786
11.447
-7.7011
-7.6331
7.8067
1.3401
4.1704
-3.942
-3.919
-2.3288
2.0841
1.2778
3.5354
1.773
-6.0301
-4.9722
-4.9746
2.6009
-0.37173
0.36639
-3.5316
-11.221
-11.156
0.823
0.82963
1.2082
-0.048587
-0.20531
0.38854
-0.0061653
-0.007116
-0.27981
-0.18714
0.16105
-0.10851
0.24316
-0.032567
-0.032291
0.10921
-0.12716
-0.12427
-0.47828
1.1712
-1.4017
0.11096
2.2976
-0.80315
-1.1147
-0.14043
0.41959
0.94952
-0.37042
-0.3541
-0.64248
0.24499
-0.19513
-0.94001
-0.95791
0.29938
0.56384
-0.65964
0.0038789
0.75598
21.134
-5.1156
2.9566
6.1009
-12.232
-7.8783
-8.033
0.67197
-1.5829
-5.2014
-25.823
16.881
24.079
-11.702
-3.425
0.65243
-2.3499
1.9103
-1.1329
0.17025
0.23694
0.55093
-0.12707
1.3258
1.32
0.14903
-0.58084
2.604
-2.1251
-2.133
-0.71981
0.48332
-0.5917
-3.9661
-3.9809
-3.0953
0.24142
0.25927
0.25995
0.080973
-0.30847
0.37926
-0.47283
0.52771
0.52986
-0.30416
0.081623
-0.018204
-0.018077
-0.081937
0.095008
0.095498
-0.090495
0.94482
0.90101
0.26009
0.10755
-0.15344
-0.070155
-0.41215
-0.57812
0.1623
0.80487
0.61753
0.56074
-0.30269
-0.56401
0.22734
0.035713
0.037534
-0.29755
1.2633
3.6666
2.8153
2.5787
5.697
-11.504
18.222
-14.734
-14.635
23.807
-25.279
-6.4301
-2.5389
-7.437
-7.4482
-7.168
7.233
-13.519
-13.565
3.6562
14.766
24.228
10.73
4.8705
-2.8834
-0.32467
0.35831
-0.074663
1.9697
1.2928
1.3062
0.12413
3.7342
-3.6047
2.1104
2.1114
-0.51662
-1.0857
-8.0746
-8.0594
13.304
0.10964
0.0094935
-0.055539
-1.1473
-1.1401
0.68966
0.10656
-0.0066158
0.3622
0.71056
-0.43601
0.27471
0.15162
0.15071
0.76733
-0.25705
0.12468
0.0015526
0.0024713
-0.14141
0.31742
0.46461
-0.22466
0.96215
-0.48047
0.15116
0.39231
0.18042
-0.28678
0.47647
-0.13145
-0.18269
-0.10743
-0.10671
0.7423
0.56528
1.3603
-1.8631
0.07945
13.597
9.8501
7.2014
20
-19.616
-19.61
-24.133
-17.972
-1.8038
-28.342
-23.924
3.085
14.073
0.44114
9.6681
-3.867
0.57697
-1.3234
1.2995
1.2993
0.9355
-0.16037
-0.21896
0.82378
0.59102
0.62299
-0.90235
0.27575
-1.1322
2.7698
-2.984
-2.9862
-1.5724
2.1693
-2.7426
-1.1251
4.8426
0.47173
0.3848
0.14981
0.14885
-0.40748
0.092298
-0.17132
-0.30066
0.61432
-0.13574
0.23098
0.022821
0.020882
0.23134
0.040196
-0.21732
-0.072009
0.09797
-0.258
-0.97602
0.70379
-0.75883
-1.0404
1.079
1.0271
-0.45019
-0.035491
0.27674
-0.99288
-0.063596
-0.070009
0.53964
0.043422
-0.90072
-0.8699
-0.024901
0.72499
-0.85591
-1.02
9.5479
17.901
0.87753
4.5296
6.9978
7.0665
-8.625
2.738
-4.932
-10.437
-21.671
-10.955
-24.737
6.2214
-16.485
13.64
4.203
4.3916
4.4208
-4.0335
-0.36024
-2.3516
2.0403
-0.09072
-0.092817
0.41171
-0.29812
-0.57122
-0.097497
0.33807
0.3413
0.19565
-1.2286
-1.2302
-2.3964
0.044724
1.2933
-0.7888
-1.9173
-1.9105
-4.0504
3.9192
0.42242
0.30197
0.30458
0.027004
-0.23483
0.073711
-0.31339
0.26724
-0.22413
0.30566
-0.28501
0.25622
-0.18501
0.10627
0.074703
0.014002
0.020034
0.021902
-0.27613
0.11289
0.18729
0.59077
-0.2259
-0.052484
1.2092
0.13111
0.12814
-1.0147
-0.85503
0.38864
-1.416
0.20288
0.20542
1.1846
-1.4143
1.5954
-1.732
1.517
0.46067
1.9685
4.6709
13.801
1.637
-0.42458
-4.6568
5.9879
-13.086
-11.848
-18.651
-7.8283
-29.455
-3.471
-9.1371
5.191
7.3935
18.963
-0.66195
-2.9616
-2.971
0.21065
1.1961
-0.44787
-0.32951
0.57432
0.57414
-0.64101
-0.36793
-0.97164
2.312
2.3181
-0.28464
2.1895
-1.5356
-3.3375
-3.3464
-1.9159
-0.27612
-8.3676
-8.4414
3.0259
1.1259
0.24662
0.24601
-0.11972
-0.32699
-0.32677
-0.24761
0.59304
0.030051
-0.3277
-0.32386
0.45649
-0.045611
0.094738
0.097073
-0.22623
0.31687
0.40671
0.51782
0.51637
-1.0662
0.51257
1.035
0.22928
-1.436
-1.3181
0.95339
-1.4087
-0.22483
0.27753
0.29427
-0.023192
0.11462
-0.27949
0.5678
-0.53642
-0.56408
2.1228
5.612
11.268
-1.8024
11.03
6.6667
14.382
14.992
-14.136
-5.1939
-27.615
-4.2132
-11.962
-12.018
-19.248
17.599
-8.5807
8.3892
8.4941
-8.0684
-1.5292
-3.414
4.828
-0.067267
0.15452
0.073348
-0.37039
1.3733
-3.7065
0.4815
1.561
1.0049
-0.19139
0.078587
0.079882
-1.8609
0.15751
-1.1253
-2.0362
-2.0486
-1.2056
2.8935
0.22739
-0.25746
-0.024525
0.26132
-0.54179
0.36342
0.36312
0.53066
0.61768
-0.045009
0.11079
0.071403
-0.042882
-0.041783
-0.25378
-0.27262
0.20376
1.164
1.1836
1.6587
-2.5113
-0.67336
-0.69854
-0.17375
0.3072
-2.7162
1.4616
1.4515
0.067511
0.11822
-0.20667
-1.5489
0.51773
0.16595
-1.3941
1.0158
0.23902
0.51193
-0.27889
-0.63975
0.064745
0.48926
0.47487
0.31291
23.489
-5.0102
8.0103
-14.768
11.681
-15.589
-4.2525
-9.5546
-9.494
-16.821
11.82
-4.7647
-4.7873
15.985
4.0431
0.072863
0.22706
0.22638
0.16729
1.6831
-0.82802
-0.65564
-0.68139
-0.6265
-0.6993
-0.058016
1.0784
0.65493
0.64639
0.62923
2.3729
-1.2008
-1.4981
-1.4899
0.64761
-9.0637
1.0944
1.0761
3.4879
-0.18298
0.22132
0.15907
0.16016
-0.22693
-0.25687
-0.0993
-0.28256
0.43477
0.43324
-0.11537
-0.016998
0.25777
0.27818
0.27907
-0.085093
-0.44616
0.41434
-0.6441
1.3166
-0.41801
-1.423
-0.13199
0.57178
2.3314
0.35034
0.33444
-0.20233
-0.39662
0.19078
0.19258
0.79568
-0.067399
0.29798
0.22425
-0.25354
-0.24926
-0.91029
-0.33855
-1.9733
-0.2902
-0.45717
17.346
-13.518
7.9282
-0.8091
-8.1115
-7.3905
-9.1166
-3.7351
-30.747
11.596
-13.776
5.6195
-8.2677
7.0137
-1.6194
-1.2005
6.4929
-0.46733
3.0748
-1.7078
-1.7691
2.1304
-0.9934
1.12
-0.20864
0.46283
3.1523
-2.1619
2.1658
-0.16852
0.9677
-1.2192
0.52962
-3.514
1.6907
0.16442
-12.054
-0.054592
1.8132
-0.0025264
-0.34181
0.28092
0.059174
0.061633
-0.40587
0.18195
-0.085391
-0.085893
0.1123
0.22837
-0.058086
0.35725
-0.21137
-0.21032
-0.18556
-0.071321
0.04489
1.3644
-0.7269
2.0569
2.0112
-0.28553
-1.0878
-1.0656
0.28241
-1.5165
-0.87948
0.20027
0.20532
-0.41467
1.129
-1.608
0.2832
0.28365
-0.5032
0.73302
0.012811
-0.096266
0.56899
-1.1822
-1.3393
-1.5081
2.1516
1.9244
24.263
-1.0293
-2.5011
3.3165
-10.905
-10.802
-6.9403
-8.4744
-30.042
-30.013
10.98
-9.5023
15.708
-25.19
21.409
1.761
-2.146
0.1363
1.2056
0.40628
-1.8473
0.56264
-0.93118
0.021402
-0.18116
0.59403
-0.10642
-0.24211
-0.24426
-0.25139
2.8282
-0.83784
0.35885
0.17078
-0.88589
-0.88638
0.15644
0.11307
-0.37265
-1.9369
0.38225
-2.431
0.83876
0.81744
-4.4204
2.6697
1.8656
0.22623
0.22585
-0.80745
-0.052965
-1.2757
1.0341
0.58259
0.5831
1.2238
0.35671
0.20157
0.049688
-0.21677
-0.21594
0.059481
0.033043
-0.09199
-0.092359
0.10961
0.52956
-0.2723
-0.31752
-0.31809
0.44884
-0.23043
0.061087
-0.38322
0.48923
0.040783
0.040595
-0.44787
-0.057218
0.062095
-0.0075724
0.020334
-0.028127
0.031941
0.032094
0.0022827
-0.048845
-0.041147
0.28252
0.28264
0.042436
0.0070639
0.0033265
0.0028944
0.0032038
0.045962
-0.040458
-0.067282
-0.016578
-0.016762
-0.095544
-0.010975
0.11086
-0.024831
-0.024918
0.11491
-0.00034798
-0.01854
-0.10597
-0.10596
0.031711
-0.068054
-0.06799
0.13258
0.13253
0.013831
-0.059455
-0.046644
0.0027251
0.0027746
-0.026067
-0.05917
0.1205
0.013176
0.013188
-0.10605
-0.050201
-0.019824
0.013388
0.013317
-0.035122
-0.010372
0.051773
0.033952
0.033854
0.003319
0.0095813
0.059986
0.051665
0.051685
0.042591
0.0008376
0.041726
-0.037667
-0.037639
-0.03667
0.070058
0.0023706
-0.12575
0.055199
-0.04616
0.0097975
0.022687
0.023466
0.023503
-0.015075
-0.02069
0.022673
0.032528
0.0051485
0.012967
-0.0011225
0.041365
0.022194
0.022247
0.013395
0.0097245
0.0013595
0.0026847
0.0041609
0.021808
-0.0014352
-0.0081874
0.0030355
0.0030391
-0.016142
-0.059434
0.0018855
0.022577
0.032629
0.043929
-0.029319
0.01268
0.023127
0.023127
-0.017723
0.008585
0.010616
-0.00771
-0.0076864
0.023523
-0.019773
0.012274
0.0034476
0.0033936
-0.036142
-0.0010107
0.00057502
0.00297
0.0029865
0.0033632
-0.019369
0.062071
-0.015464
-0.015439
-0.065369
-0.00055657
-0.028138
0.013082
0.013137
0.0026902
-0.030942
0.023518
-0.026853
-0.026926
-0.015718
0.0058783
0.0026077
-0.026159
-0.026194
-0.0078148
0.028163
-0.0094129
-0.065075
-0.065073
0.013734
0.014559
0.01012
0.033374
0.033335
0.0036762
0.00094929
-0.010654
-0.01653
-0.016516
-0.0060932
-0.035731
-0.019839
-0.006077
-0.0060901
-0.036162
-0.014207
0.019756
0.012146
0.012138
-0.0050309
-0.017414
-0.050583
-0.0070422
-0.006968
0.0047159
0.023518
0.11083
-0.086672
0.0044042
-0.016061
0.0022105
0.019288
-0.018664
-0.0065972
-0.025367
-0.027037
-0.010591
-0.018143
0.092555
0.013901
-0.016448
0.038467
-0.019403
0.022253
-0.035395
0.0026264
-0.010232
0.01057
-0.015877
0.0034549
0.014067
-0.00058358
-0.0094155
0.0029644
-0.00711
0.0021066
-0.030953
0.0017534
-0.016723
0.034403
0.033288
-0.039787
-0.037828
0.0025521
0.043323
0.01135
-0.00099831
0.031355
0.033341
0.0037581
-0.016185
0.0082391
-0.037438
-0.027382
-0.015893
-0.025124
0.0093366
0.0017638
-0.0065978
0.023711
0.022157
-0.00021483
-0.019397
-0.016629
0.0044579
-0.016585
0.00016557
0.0013053
-0.018174
-0.016648
-0.02746
-0.0098932
0.00052386
0.0037169
0.002965
0.012162
0.0092565
0.042506
-0.02617
0.024395
-0.065368
-0.011013
0.0017382
0.002151
0.023388
0.0022168
-0.0011077
0.020922
0.0033998
0.012954
0.024069
0.00015961
-0.008606
-0.0073732
0.033265
-0.027371
-0.021464
0.0017961
0.0034505
0.023808
0.003631
0.010571
-0.0082386
0.0041667
0.033806
0.010915
-0.0098943
-0.018652
0.0032389
0.014745
-0.00623
-0.030644
0.012187
0.012837
0.0048881
0.00491
-0.00069952
0.00054722
0.003345
0.0040737
-0.0082373
-0.0014379
-0.025702
-0.0058088
0.053733
0.052857
0.042989
-0.007789
-0.0098291
0.00095387
-0.0070571
0.013274
0.023813
-0.010325
-0.018631
-0.0070601
0.022508
-0.0006881
-0.0090879
0.0017327
0.0038128
-0.010705
-0.0094457
0.012581
-0.0007068
0.01097
-0.02655
0.0030267
-0.016945
0.0097868
-0.028676
-0.006168
0.04244
0.019708
-0.0082873
-0.015779
0.0038249
-0.0077986
0.00057678
0.011856
0.004301
0.0026759
-0.0069797
0.013871
0.014132
-0.00026217
-0.0082412
0.0026683
0.0052883
-0.0014226
-0.0082125
0.063051
-0.045289
-0.056912
-0.00025159
0.082131
-0.037733
-0.0061366
-0.021091
0.00059772
-0.015357
-0.0098452
0.0021844
-0.0070256
0.0030214
-0.0053387
0.0097447
0.0017231
0.0029696
-0.0082047
0.027637
0.0014072
-0.005902
-0.0045334
0.014219
0.010124
0.031707
-0.014995
0.0022145
-0.056168
0.023707
0.0021812
-0.00024822
-0.0082787
0.0029201
-0.0058375
0.011781
0.0017473
-0.0074594
0.0033547
0.011701
0.0084397
0.012506
-0.026042
0.0052932
-0.031142
-0.018137
0.01332
-0.00074509
0.001317
0.012504
0.0033547
0.0043929
0.019244
-0.0094865
0.022929
0.0018109
-0.011553
0.00093993
0.002641
0.0039192
0.0030617
-0.0015477
-0.017036
0.0044258
0.0048754
0.39354
0.25239
-0.11957
-0.1489
0.021957
0.033135
0.002132
0.0020208
-0.11842
-0.15813
0.43171
0.11012
-0.188
0.6405
-0.62909
0.42932
-0.49004
0.56193
2.5346
0.031244
-0.86058
1.25
-0.098581
0.15187
0.54209
-0.22356
-0.78023
-0.70267
-0.15941
0.13915
-2.462
2.1136
0.34321
2.1532
2.1596
-1.1464
-2.2488
-6.1569
3.3596
3.3561
-2.1184
-0.72206
0.83124
0.84138
-0.55678
1.3035
-1.1512
0.68689
1.8109
1.7444
-0.9939
14.257
-11.362
2.8854
2.8866
-1.7095
-2.6405
-1.1803
1.2545
1.256
-1.0667
3.539
-0.19608
0.66438
-0.53246
-0.14852
-0.66901
-2.1937
0.76727
1.1091
0.68153
3.0038
0.098284
11.766
-12.421
3.4327
3.4713
-17.563
2.4931
-2.0783
9.4524
-16.162
16.739
-11.513
-19.066
12.379
-4.3675
-4.556
-4.5799
8.165
-0.77741
4.4463
-0.22079
2.5271
-6.5848
1.6592
1.4455
0.27072
2.3126
-0.684
-3.2725
1.7551
4.1995
-1.6796
-4.3485
-4.0463
-4.0601
0.45145
-4.1947
3.7901
-4.5366
-0.89441
7.682
0.14443
0.14438
0.77425
0.83301
-1.1828
-0.23956
-0.40338
2.1263
-1.9419
1.8334
-1.4565
0.73828
-0.47337
-4.0691
-4.1622
2.9962
-8.6723
-0.52388
-0.52379
1.8599
3.2209
-1.6687
-3.1179
-3.1073
1.3999
-1.9136
0.05575
-0.26979
-0.81811
-0.81244
-0.79425
2.1295
-2.3992
2.6111
2.5829
0.1417
-2.2354
-2.9431
1.8377
-1.7982
-6.2585
2.0029
6.9668
-8.7687
-3.1403
-0.64651
-18.106
0.63621
-6.42
0.66606
-16.73
-5.5989
2.4407
0.69959
0.45189
7.5859
2.7326
1.6282
-7.205
-2.1824
4.7705
-3.5359
2.9457
2.9586
-0.21762
-0.29241
8.3752
8.4892
4.8902
-2.3548
-3.2753
-2.0648
-2.0556
0.59948
-2.0688
5.9879
-2.7189
-2.7055
-2.6397
-4.1969
-4.209
0.40122
6.0291
6.0361
-17.802
2.8573
2.8694
0.085459
0.086329
0.0077754
0.47734
-1.0816
-1.0783
0.76017
-0.43942
-1.2065
-5.2931
-5.2805
16.591
-8.3439
-2.167
-0.92642
2.8749
2.6681
-5.9383
15.496
-3.6569
-2.2216
-2.1607
-1.4787
-0.78397
-0.91121
0.57227
0.56891
-0.32009
0.91637
-0.2061
0.12307
6.0433
-3.1777
1.3721
-4.7084
-4.6374
0.87469
0.3325
-1.6753
1.9089
-5.5176
-5.5027
3.4927
-7.6042
5.5705
-4.4989
-15.415
-21.607
-11.736
6.912
11.88
-6.4582
5.1248
4.9608
1.4784
1.2539
-10.791
1.0593
4.3041
1.6913
1.6688
-4.904
6.9997
2.7577
-0.2447
4.1855
3.5534
1.5238
5.3176
0.11132
0.10022
-5.9937
0.25792
0.98362
-2.3922
-2.5124
-5.7401
-4.5985
0.28223
2.1398
1.9078
2.7466
6.4674
3.3236
-0.48706
-0.48468
1.4574
-1.8133
-2.4202
-0.83391
1.7955
1.7897
-0.24565
2.6885
3.8849
-1.9986
-2.3482
-1.1105
-3.0218
-1.2233
-15.527
-6.096
-2.0919
-0.92218
3.9452
-0.65732
6.6295
-4.2162
3.3594
2.4822
-0.8036
-0.10327
-0.62725
0.66354
0.45556
0.7854
0.78619
0.18424
-2.6279
-1.8957
-6.3012
1.0585
5.7275
-7.4488
-3.89
-3.8751
1.0195
2.3808
2.7447
2.7603
-3.6672
-7.2895
4.4471
4.7926
3.2707
3.3406
-0.87606
2.5687
1.2246
0.77314
3.6932
3.7394
-4.3701
7.0199
-4.5092
-4.5961
-2.6009
-8.2443
3.6904
11.632
-3.404
-3.8108
-0.48111
-2.636
14.679
-3.3512
-3.3906
-0.17152
-4.2303
6.5457
-4.6611
-11.303
1.3348
3.1625
-13.038
-13.024
13.761
10.393
1.4161
5.5943
-2.2674
0.75778
-0.3095
-0.075509
0.53697
-0.6904
-0.70155
-0.90783
1.8529
2.9282
4.1831
-1.2634
0.54971
-10.023
-7.9486
-8.3562
-9.8404
6.2463
4.0998
-1.7597
-1.7526
3.2993
3.2171
-0.59797
2.1538
0.0086943
0.010035
-0.85293
-0.24474
6.9425
-1.2689
-1.2752
-3.9472
-4.3879
1.2103
1.2121
1.4559
-2.3
2.7016
1.2042
1.2305
-7.8142
3.4067
-3.8941
2.6427
-12.876
-12.552
-4.6805
5.241
3.1523
-1.1524
-1.1415
-3.4084
0.60963
6.8963
-4.127
-2.0524
-3.8906
-2.4015
2.5737
-2.1923
-2.1983
-2.4568
-0.030539
2.3897
-0.25002
1.4417
0.75612
1.1622
5.0397
-1.4369
0.75132
6.7845
2.1666
0.89927
-1.4047
-1.1921
-4.0416
-6.0673
-5.3954
0.97166
-3.7846
-0.26423
-0.6252
-0.19103
-4.0766
-4.0826
-2.056
-0.64451
0.53471
-0.2589
1.9652
-0.044815
-3.5068
1.2517
1.2561
4.1894
1.3188
-2.5377
1.8379
0.10552
0.13285
-4.7548
-0.37676
-0.37538
-0.46772
0.53434
-0.10464
0.68934
0.18593
0.18344
0.037717
-0.18812
0.40108
-0.6143
0.48576
0.48232
-0.3849
-0.60623
0.5158
-0.17678
-0.17693
0.054393
-0.015457
-0.14101
-0.14137
-0.21723
-0.066057
0.1578
-0.41622
-0.41866
0.056425
0.43885
0.55938
0.60876
-0.74962
-0.75126
-0.59308
-0.074494
-0.55632
-0.58549
-0.58633
-0.54081
-0.16065
0.050622
-0.75883
0.47959
0.23184
-0.15837
0.32228
0.06006
0.078018
0.077629
-0.19819
-0.13723
0.15415
-0.28605
-0.28593
-0.26334
0.51413
-0.04555
-0.20758
-0.2078
0.21942
-0.10608
0.0076757
-0.15854
-0.076154
0.032006
-0.056792
0.14791
-0.0094976
0.031272
-0.067059
0.038135
-0.050892
0.25776
-0.20612
0.1111
-0.057153
-0.013547
0.069877
0.069882
-0.016851
0.0019543
0.10053
-0.032025
-0.048286
-0.037686
-0.028597
0.056381
-0.041209
0.061807
0.011977
-0.08564
-0.012487
-0.10892
0.030163
0.021866
-0.029725
0.017011
0.010258
0.0015114
-0.015248
-0.027474
-0.0016282
0.00056142
0.011884
-0.0081344
0.022152
0.0082658
-0.0094175
0.011743
0.061668
0.0017068
-0.012276
0.0089063
-0.029501
0.081686
0.022188
-0.030742
-0.049922
0.021733
-0.0081196
-0.0090086
0.0078885
-0.010748
0.0026962
-0.0072959
0.01267
-0.0023584
0.02971
-0.018152
0.0034071
-0.0010256
0.0073265
0.0089261
-0.0085901
0.0018265
-0.00112
0.020956
0.012284
0.0022717
-0.016865
-0.021565
-0.0093989
0.010947
0.0026119
-0.0099367
-0.012804
-0.020293
-0.0074289
0.0021744
0.002605
-0.0014921
0.01138
0.010965
0.022207
-0.00026583
-0.012651
-0.01983
0.0017965
-0.026045
0.0026966
-0.021494
0.011772
0.021424
0.011805
-0.0081494
-0.011942
0.0088678
0.010973
-0.0066005
-0.0085765
-0.012379
-0.010258
0.011416
0.012698
0.012262
-0.0015317
-0.0093953
0.00184
0.0022722
-0.00022646
-0.0023244
0.00058175
0.011871
0.0022884
0.0026303
-0.011079
0.00099616
-0.0077621
-0.017754
0.028952
0.018449
-0.0098139
-0.0081637
-0.02817
0.0018189
0.057965
-0.019024
0.0022414
0.001755
0.052136
0.037535
0.030127
-0.0086308
-0.017385
0.031369
0.0084356
-0.029813
0.0022335
0.011804
0.0022435
-0.0010275
0.00099785
0.0017745
-0.0065916
0.00017271
0.017162
-0.011123
0.010562
0.003119
0.011755
0.027279
-0.029816
0.0017655
0.012993
0.012566
0.017701
-0.010248
0.011791
0.011753
0.00096038
-0.01278
-0.01026
0.0022108
-0.0082138
0.0030027
-0.0026909
0.020167
0.020526
0.032147
0.020576
0.0077099
-0.030222
-0.007415
0.0025757
-0.016595
-0.0017579
-0.018599
-0.0082009
-0.018207
-0.00025329
-0.032256
0.00015113
0.0013923
0.022567
0.0021979
-0.0022994
0.0093892
0.0005673
0.021398
0.0018066
-0.021045
-0.020216
0.041377
-0.027779
0.010959
0.038158
-0.020632
0.031367
0.0017875
0.021772
-0.0013717
0.048913
0.031794
0.032202
0.010169
0.028088
0.010177
0.00099768
0.030979
0.032221
0.0064713
0.0010084
0.012249
0.031809
0.032237
-0.041348
-0.0098151
-0.020198
-0.016553
0.0014383
-0.0018673
-0.00061621
0.022189
-0.0060828
0.002183
0.0073449
-0.009422
-0.027764
-0.0078199
-0.00023924
-0.012225
0.010141
0.0018087
-0.0069685
0.0025184
-0.0021754
0.0001825
0.021381
-0.017426
-0.0010792
-0.022181
-0.019803
-0.0094072
0.003457
-0.0089963
0.017821
-0.011835
0.0018405
0.0018141
0.011817
-0.0026427
-0.020997
-0.0085725
-0.017414
0.030159
0.016868
0.027809
0.020575
0.0018268
0.032161
-0.011452
0.010561
0.0018324
-0.027371
0.00015537
-0.032255
-0.059783
-0.009014
-0.046655
-0.02819
-0.0017803
0.0013727
-0.047811
0.0021558
0.0026188
-0.0017872
-0.009407
0.019733
0.022635
0.030991
-0.022704
0.017835
-0.018119
-0.01811
0.02308
-0.0018594
0.019405
0.031831
0.0014154
-0.020144
-0.023007
-0.029313
-0.0073002
-0.036476
0.012633
0.018137
-0.019756
0.011449
0.013092
-0.027745
-0.0022791
-0.029774
-0.018597
-0.0069566
0.0018031
0.027299
-0.010944
0.03182
0.031365
0.0030832
-0.012616
-0.018994
0.0022215
0.0025998
0.0014331
-0.002214
-0.00024667
0.0022721
0.0018362
0.0014476
0.0077672
0.00097961
-0.018134
0.0022501
-0.02023
-0.022669
-0.019774
0.011814
0.013024
0.031775
0.0077417
0.0014214
0.011782
-0.0077545
0.0039112
-0.0026732
0.0010126
0.0014232
-0.0066476
-0.0081563
0.0072884
0.008165
-0.0077774
0.0017728
0.0026884
-0.0026572
0.020182
0.0014349
0.012248
0.00019642
-0.020994
-0.0089767
-0.0077282
0.01268
-0.012676
-0.0078279
0.0021609
-0.0074127
-0.0073437
-0.0077387
-0.0026996
0.001034
-0.018517
0.01105
0.00179
-0.0022189
-0.0014454
-0.008121
0.0022769
-0.0073034
-0.021878
0.010244
-0.0081569
0.0026028
-0.018936
-0.018939
-0.0013834
-0.0078328
0.0022462
0.012926
-0.011014
-0.018145
-0.0070272
0.0093837
0.0068747
0.0070152
0.019864
-0.017709
-0.017709
-0.057367
-0.04134
-0.0081068
-0.0085777
-0.008559
0.0037061
-0.031823
-0.018154
-0.018122
0.0022108
0.010191
0.0098012
0.002212
0.012243
0.003064
-0.031747
0.0002161
-0.008237
0.0026645
0.0026587
-0.02893
-0.0021742
0.00020547
-0.0077965
0.0030765
0.012193
-0.022641
0.010167
0.0097944
0.0022293
-0.0018239
-0.019777
0.011424
0.002221
0.0018221
-0.012268
-0.00064684
0.00097982
0.022202
0.022247
0.0021606
-0.011817
0.010154
-0.018535
0.021808
0.0002018
-0.0029078
0.00018137
0.0021768
0.0022455
-0.017348
0.0081402
-0.028955
0.0010363
-0.017363
-0.00015449
0.007713
0.0006074
-0.0077341
0.0024812
0.002242
0.0022442
-0.0025203
0.020981
0.012651
-0.0065345
-0.022264
-0.019786
0.012665
0.00098243
0.017718
0.017829
-0.00015807
0.011784
0.0026067
0.0022562
-0.051323
-0.00016537
0.010983
0.021805
-0.009368
0.016894
0.016893
0.011006
-0.008579
-0.017292
-0.0013724
0.01101
0.0013498
0.0014006
0.0030309
-0.021424
0.010582
0.0029848
0.0018289
-0.0026578
-0.0026797
0.0097946
0.021799
0.0017636
-0.026181
-0.0014698
-0.010573
-0.0090015
0.023401
0.0001663
-0.012273
-0.010216
-0.0081205
0.0017714
-0.0082243
-0.0017705
-0.0017723
0.011005
-0.017769
-0.0097779
-0.013062
-0.012918
0.020198
0.0033873
-0.0085822
-0.0030838
-0.0029589
0.00061391
0.010206
0.0022729
0.0073124
0.0073138
0.010189
0.0010305
0.010595
-0.0029783
-0.0031107
-0.0014692
0.0026224
0.0022562
0.0085199
0.0085999
0.019764
0.0026744
0.00019433
-0.012554
-0.012666
-0.020985
0.0022974
-0.016922
-0.0025648
-0.0025639
0.0014311
0.011837
0.013033
0.0081604
0.0081471
0.021385
0.0018034
-0.019347
-0.0025779
-0.0025747
0.011803
-0.0081209
-0.026716
0.0074306
0.0074326
0.011799
-0.017367
0.011406
-0.0025253
-0.0025605
-0.0073189
0.023873
-0.007799
0.0073007
0.0074267
-0.0085565
0.0014347
0.00020144
-0.0029597
-0.00023344
-0.018551
0.0025985
0.0024981
0.0078186
0.0077115
-0.0078416
-0.0081925
0.0029375
-0.0017375
-0.0017382
-0.0089707
0.0018304
