-2.1017
-2.7485
-3.7799
-3.3334
-2.8371
-2.3474
-2.4524
-1.621
-0.60619
-0.27364
-0.2333
-0.21701
-0.23063
-0.41158
-0.87604
-0.98508
-0.85899
-1.0156
-0.91778
-0.94039
-0.80894
-0.15147
0.39201
0.72959
1.2271
1.3974
1.5953
1.6404
0.99508
0.40866
0.0009365
0
0.080479
0.036693
0
0
0
0
0.0026936
0.0069015
0
0
0.071948
0.28955
0.65883
0.55376
0.3805
0.16365
0.23332
-0.003372
0.015467
0
0
0
0
0
0
0
0
-0.024592
-0.074436
-0.23496
-0.40057
-1.0069
-1.9312
-3.0594
-4.0979
-5.6105
-5.3474
-4.3394
-3.8498
-2.583
-2.8544
-3.3886
-3.1606
-2.9752
-2.8948
-1.7038
-1.4459
-0.86691
-0.84758
-0.87558
-0.48036
-0.39042
0.038436
0.12459
0.088462
0.17697
0.25318
0.64928
0.33949
0.7929
1.0427
1.102
1.3206
1.7267
2.0395
2.1109
2.0048
1.8102
2.1496
1.6124
1.1328
0.56327
0.029345
0
0.034577
0
0
0
0
0
0.0061077
0.0038196
0.003418
0.00036614
0
0
0
0.0078461
-0.17133
-0.32315
-0.48793
-0.46539
-0.61946
-0.67028
-0.7113
-0.56017
-0.55191
-0.55863
-0.22514
-0.051859
-0.079561
-0.067309
-0.087
-0.13924
-0.24637
-0.51151
-0.83906
-1.5323
-2.2713
-3.1439
-3.7679
-4.1254
-3.9408
-3.5104
-3.2683
-3.0337
-3.0709
-2.2314
-1.7377
-1.4594
-1.1813
-1.4446
-1.2951
-0.89184
-0.35069
-0.11635
-0.039474
-0.06818
-0.0079981
-0.15356
-0.24362
0.085582
0.34436
0.69401
0.41566
0.46945
0.62592
1.713
1.8973
1.8153
2.0014
1.9977
1.7486
1.5418
0.44036
0.0079804
0
0
0.006325
0
0.0010916
0
0
0
0.34357
0.26866
0.2169
0.33406
0.2439
0.14797
0.05738
0.0070071
-0.11579
-0.07122
-0.0092288
-0.18905
0.0064456
-0.02612
0.058687
0.027616
0.0031128
-0.0041257
-0.031335
-0.12929
-0.27277
-0.7744
-1.3571
-2.0752
-2.4805
-2.5502
-2.5414
-2.3595
-2.2887
-2.2393
-2.4034
-2.3925
-1.0748
-0.72695
-0.47686
-0.53939
-0.38339
-0.090599
0.14659
0.18425
0.095924
0.17031
0.21115
0.35157
0.28252
0.44296
0.65591
0.98864
1.9268
1.3458
1.167
1.4842
1.6361
2.1894
2.0923
1.9474
1.6107
0.71207
0.20087
0
0
0.026611
0.0018862
0
0
0
0
0
0
0.044527
0.19888
0.51234
0.399
0.23702
0.061372
0.035011
-0.054777
-0.20336
-0.059282
-0.17156
-0.039437
0.030881
0.01268
0.017287
0.0088395
0.0027518
-0.0071136
-0.05208
-0.23962
-0.8042
-1.2871
-1.7874
-2.2289
-2.7898
-2.5181
-2.2641
-2.0214
-2.3275
-2.3557
-1.9895
-1.3452
-0.83733
-0.29912
0.14363
0.36994
0.60121
0.36727
0.28892
0.15109
0.31768
0.4204
0.59005
0.65645
0.75634
1.0746
1.2257
1.4284
1.3728
1.3737
1.7761
1.8605
1.8235
2.5257
2.8688
2.777
0.88757
0.20074
0
0
0.020426
0.00072136
0
0
0.0011384
0.0051509
0
0.0045736
0.0013214
0.00016509
0
0
0.086372
0.037916
-0.17606
-0.22995
-0.40793
-0.53583
-0.55926
-0.47755
-0.51321
-0.49662
-0.30689
-0.18374
-0.082285
-0.016643
-0.006256
-0.0031324
0
-0.0075136
-0.014239
-0.039858
-0.076622
-0.16361
-0.38821
-0.80154
-1.6203
-2.5367
-3.3916
-4.1675
-3.6329
-3.7385
-3.5798
-3.194
-3.2949
-3.583
-3.3678
-2.0698
-1.2084
-0.96623
-0.44405
-0.28635
-0.30623
-0.29331
0.069017
0.38952
0.60103
0.48621
0.30021
0.19781
0.28277
0.31244
0.58718
0.55932
0.68042
1.0638
1.1696
1.2004
1.4309
1.249
1.4605
1.9496
1.9323
1.8496
2.5722
2.3291
2.365
2.4059
1.9771
1.4521
0.83047
0.11309
0
0
0.027032
0.006261
0
0
0
0.00059529
0
0.0033866
0.00051485
0
0
0
0.042153
-0.037413
-0.1361
-0.31432
-0.44952
-0.46888
-0.53642
-0.49708
-0.47654
-0.39383
-0.32789
-0.026889
-0.0083972
-0.002575
-0.033589
-0.050575
-0.063848
-0.15057
-0.36396
-0.77202
-1.5945
-2.1156
-2.8975
-3.2457
-3.3054
-2.9739
-3.0755
-2.8076
-2.7237
-2.2997
-1.8362
-1.1104
-0.87329
-1.1953
-0.76167
-0.65612
-0.20363
0.082757
0.067878
0.080973
0.091448
0.16545
0.24999
0.18742
0.15453
0.67349
1.8946
1.5965
1.5848
1.5083
1.5651
1.7853
1.9616
1.755
1.9133
1.279
0.5494
0.076432
0
0.058231
0.018714
0
0
0
0
0
0
0
0.044605
0.0090608
-0.041344
-0.20079
-0.28716
-0.38341
-0.45713
-0.48932
-0.38856
-0.34184
-0.29983
-0.14036
-0.0096636
0.0057581
0.0043303
-0.0085623
-0.014506
-0.059909
-0.24115
-0.53579
-1.2076
-1.7536
-2.4741
-2.9591
-3.0751
-2.8925
-2.6439
-2.578
-2.3781
-1.6172
-1.0106
-0.9233
-0.72842
-0.7944
-0.76082
-0.31951
-0.19808
0.14274
0.14546
0.039915
0.068773
0.082897
0.05343
0.066165
-0.42949
0.11725
-0.14466
0.57614
0.21014
0.27249
1.041
1.3629
1.7575
1.9166
1.5325
1.4349
0.63781
0.15023
0
0
0
0
0
0.010123
0.0068486
0.001845
0
0
0
0.072266
0.060018
0.068361
-0.090658
-0.22358
-0.35969
-0.44076
-0.45781
-0.37906
-0.27895
-0.014128
-0.0035045
-0.0056142
-0.021554
-0.017675
-0.037632
-0.037548
-0.096864
-0.28984
-0.93683
-1.4787
-2.3154
-2.8408
-3.1341
-3.1272
-3.3888
-3.653
-3.3329
-2.7253
-2.1865
-1.4587
-1.012
-0.93454
-0.83199
-0.83845
-0.75338
-0.39646
0.091989
0.21536
0.29382
0.13022
0.12087
0.15121
0.15419
0.25007
0.99997
0.80938
0.66751
0.70404
0.98569
0.93349
1.1382
1.7884
1.7027
1.8337
1.5236
1.423
0.7466
0.17922
0
0
0
0
0.012677
0.011357
0.0035535
0
0
0.0012421
0
0.08425
0.13444
0.010063
-0.058854
-0.25966
-0.26225
-0.42188
-0.46404
-0.44966
-0.34023
-0.045159
-0.0083333
0.00064622
-0.0068732
-0.013229
-0.017298
-0.027058
-0.054945
-0.12156
-0.30998
-0.7659
-1.4096
-2.0994
-2.8445
-2.9948
-2.7673
-3.4232
-3.2185
-2.0731
-1.0218
-0.8783
-0.44387
-0.081141
-0.042546
-0.23176
0.0018722
0.15497
0.30053
0.40525
0.28429
0.11326
0.1749
0.22121
0.23226
0.45075
-0.025738
0.46177
0.36708
0.54798
0.63059
0.58203
1.2461
1.4255
1.749
1.7935
1.471
1.3676
0.25339
0.044969
0
0.15204
0.023089
0
0.0025442
0.013393
0
0
0
0
0
0.080891
0.065614
0.060178
-0.14137
-0.32312
-0.48356
-0.5912
-0.54564
-0.46136
-0.40046
-0.25312
-0.15707
-0.08184
0.0001676
-0.014714
-0.01133
-0.011747
-0.014802
-0.027078
-0.035595
-0.055665
-0.087861
-0.3792
-0.85035
-1.6275
-2.5399
-3.3994
-3.333
-3.3846
-3.4123
-3.6339
-3.4943
-2.754
-1.5276
-1.256
-0.80274
-0.7386
-0.84184
-0.76988
-0.49854
-0.34399
0.32326
0.52828
0.30319
0.22132
0.20863
0.23691
0.39224
0.37411
0.69503
0.77595
1.1532
1.7
1.4369
1.4011
1.5411
1.9294
1.6855
2.2245
2.6242
2.444
2.4115
2.1059
1.4939
1.0157
0.29298
0
0
0.12184
0.018513
0
0.0030947
6.0813e-05
0
0.0056657
0.0069771
0.0017803
0
0
0
0
0.0014783
-0.042473
-0.17713
-0.36593
-0.50333
-0.60205
-0.66463
-0.73312
-0.63937
-0.50807
-0.62356
-0.3105
-0.22727
-0.097829
-0.05997
-0.050248
-0.032129
-0.038084
-0.058051
-0.10843
-0.1039
-0.18893
-0.54214
-1.096
-1.8521
-2.5655
-2.7905
-3.2052
-3.2423
-3.2741
-3.0115
-2.8262
-2.6389
-2.7283
-2.3745
-1.6839
-0.74621
-0.59559
-0.091288
-0.0314
0.18646
0.22333
0.26468
0.82536
0.58712
0.7067
0.37051
0.25238
0.27881
0.46037
0.76347
0.7023
0.81576
0.64867
1.084
1.0951
1.2045
1.2918
1.4144
1.4283
1.3391
2.0253
2.5646
2.5872
2.2659
2.0329
1.5109
0.70679
0.42764
0.0052855
0
0
0.0057527
0.0082314
0
0
0
0.0098121
0.012928
0.0077936
0.0020513
0
0
0.097518
-0.1831
-0.14374
-0.41874
-0.43378
-0.47959
-0.51089
-0.47212
-0.48673
-0.60762
-0.45328
-0.30614
-0.26044
-0.12814
-0.066401
-0.04102
-0.060918
-0.051151
-0.11548
-0.10868
-0.12605
-0.13693
-0.14961
-0.21439
-0.55997
-1.0585
-2.0797
-3.2154
-4.1698
-4.2589
-3.4766
-2.6968
-2.8462
-2.8662
-2.2688
-2.2093
-2.0934
-1.3399
-0.98051
-0.72967
-0.34141
-0.32514
-0.24362
0.13754
0.2967
0.34273
0.23287
0.22323
0.22306
0.24813
0.50485
0.51109
0.3736
0.5395
0.3085
0.47125
0.71051
0.85639
1.6197
1.8787
1.8
2.099
2.4339
2.6686
2.5536
2.4462
2.2031
1.9442
1.1351
0.41984
0.080858
0
0
0
0
0
0
0.0033609
0
0.0083894
0
1.3476e-05
0
-0.04401
-0.10035
-0.24139
-0.37473
-0.12043
-0.40329
-0.2812
-0.23954
-0.20391
-0.1631
-0.30519
-0.40315
-0.31407
-0.19429
-0.037615
0.0029658
-0.0093441
-0.016504
-0.025398
-0.045712
-0.069875
-0.041354
-0.080127
-0.090605
-0.11221
-0.33025
-0.82296
-1.5332
-2.4825
-3.0969
-3.2646
-2.962
-2.7893
-2.5198
-2.0566
-2.146
-1.9567
-1.4394
-0.93715
-0.16221
0.25298
0.22686
0.36211
0.30354
0.64145
1.0488
1.1596
1.0362
0.8926
0.83559
1.2802
1.6955
1.9546
2.1035
2.078
2.4663
2.41
2.6374
3.3341
3.4419
3.5828
3.7009
3.617
4.1298
3.7073
3.0953
2.4989
1.6746
1.5151
0.72268
0.09686
0
0.023041
0
0
0
0
0
0
0.00033309
0
0
-0.00025205
0
-0.0009168
-0.4734
-0.30315
-0.4446
-0.49301
-0.49838
-0.47571
-0.45607
-0.48443
-0.50064
-0.49741
-0.45802
-0.39286
-0.17416
-0.13601
-0.058642
-0.028244
-0.020517
-0.024114
-0.043285
-0.058689
-0.073721
-0.082607
-0.048592
-0.17505
-0.32884
-0.95509
-1.3874
-1.6253
-1.8737
-2.1752
-1.6721
-1.2899
-0.66859
-0.71708
-0.30825
0.38326
0.79447
1.3298
1.803
1.9324
2.3077
2.5149
2.3877
2.8347
3.1095
2.6672
2.3634
2.0699
2.4738
2.629
2.4689
2.4385
3.0703
3.0112
2.6543
2.9776
3.2432
3.3818
3.3857
3.5649
3.4787
3.1378
3.1535
2.7211
2.2763
1.5404
0.96921
0.64269
0.22751
0.039618
0
0
0
0
0
0
0
-0.00059721
0
0
0
0
-0.0045917
0
-0.00053884
-0.068724
-0.44588
-0.4986
-0.55395
-0.61161
-0.457
-0.43996
-0.53645
-0.3782
-0.44236
-0.20716
-0.20272
-0.13788
-0.031989
-0.0039425
-0.00075322
-0.0029054
-0.005277
-0.015395
-0.01263
-0.016378
-0.0086643
-0.077197
-0.17599
-0.37343
-0.66647
-0.79017
-0.76022
-1.1898
-0.63865
-0.36949
-0.15359
0.25485
0.28174
0.83112
1.3469
1.6147
2.4665
2.0778
1.9074
2.3795
2.1643
2.6064
2.73
2.3081
1.9051
1.7551
1.8169
1.8171
1.8976
1.9265
1.8805
2.0854
2.1993
2.1352
2.2317
2.387
2.4076
2.3467
2.8926
2.7757
2.5388
2.5638
1.774
0.95081
0.83935
0.5809
0.25711
0.10179
0
0
0
0
0
0
0
-0.0027764
-0.011292
0
-0.0049326
0
-0.0066485
0
-0.0023596
-0.42491
-0.0062056
-0.33784
-0.22215
-0.16458
-0.11734
-0.12544
-0.16024
-0.22436
-0.16584
-0.070359
-0.068732
-0.046245
-0.017343
0.002241
0.0049801
0.011644
0.00080222
0.0051443
0.026357
0.03386
0.027888
0.07303
0.17708
0.29028
0.40458
0.46496
0.36004
0.5212
0.85012
0.98134
1.2883
1.4572
1.8812
3.157
3.1153
2.9758
3.0471
3.3566
3.2368
3.1668
4.0867
3.9682
3.4855
3.137
2.558
2.3472
2.3514
2.2969
2.2351
1.9875
1.7555
1.9165
1.8553
1.8373
2.385
1.9979
1.9243
2.2572
2.0321
1.8486
1.8977
1.7868
1.4337
1.2106
0.61479
0.34209
0.13611
0.048113
0.038132
0.022925
0
0
-0.00031695
0
-0.0014374
0
0
0
-0.0029483
0
0
0
-0.0083843
-0.052233
-0.10072
-0.49328
-0.3926
-0.35166
-0.19487
-0.27822
-0.36365
-0.22198
-0.20229
-0.083255
-0.076786
-0.050637
-0.0022607
0.0043391
0.006594
0.00062567
0.00012524
0.0013089
0.0055931
0.012316
0.030883
0.10137
0.29159
0.61752
0.95417
0.9791
1.3171
1.3332
1.6922
1.542
1.6915
1.5719
1.9472
2.7978
2.8051
2.6268
2.8229
3.2035
2.8533
2.9249
3.3952
3.1395
3.0035
2.9751
2.4263
2.2597
1.9266
1.866
1.7284
1.8624
1.829
1.4514
1.445
1.6624
1.5162
1.5141
1.7217
2.0281
1.9911
1.5571
1.6027
1.544
1.1102
0.7341
0.45521
0.25045
0.08981
0.045251
0
0
0
0
0
0
0
0
-0.0053102
0
0
-0.012599
0
-0.0033412
-0.0075395
-0.35413
0
-0.236
-0.14599
-0.24095
-0.14163
-0.10646
-0.17185
-0.065408
-0.051361
-0.090704
0.0085748
0.020286
-0.016973
0.0063101
0.018134
0.022476
0.0036742
0.018917
0.050615
0.066302
0.10323
0.22195
0.61469
1.2585
1.6083
1.5552
2.0304
2.032
2.0245
1.9731
2.0807
2.3047
2.4863
3.1627
2.9564
2.6458
2.9138
2.5228
2.4831
3.1991
2.5638
2.5188
2.5556
1.9368
1.6841
1.497
1.441
1.4975
1.3313
1.0852
1.4294
1.08
0.91969
0.96579
1.0448
0.99631
1.1528
1.0628
1.1129
1.339
1.1164
0.80076
0.59515
0.50465
0.29752
0.20585
0.045131
0.007009
0
0
0
0
-0.0015657
0
0
0
0
0
0
-0.0086396
0
0
0
-0.50571
-0.042368
-0.094421
0.055973
0.072592
0.073299
0.064502
0.061325
0.1792
0.19856
0.055009
0.038585
0.015092
-4.0744e-05
0.010818
0.017577
0.0039034
3.7003e-05
0.00024771
0.0079587
0.026623
0.096905
0.24295
0.64981
1.3191
1.6208
1.9156
2.473
2.6731
2.5753
2.3895
2.3844
2.2505
2.2985
2.5958
2.2434
2.3377
2.4817
2.2201
2.2184
2.2562
1.8485
2.1134
2.1171
1.5463
1.217
1.1876
1.2231
0.96187
0.84734
1.0836
1.1712
1.0922
0.79073
0.62607
0.76177
0.8253
0.87679
0.76784
0.54418
0.96322
0.61791
0.52006
0.29518
0.0070956
0.016578
0.017554
0.0014962
0
-0.001009
0
0
-0.00044489
0
0
0
0
-9.1991e-05
0
0
-0.0025072
0
-0.00081347
0
-0.041449
0.01227
0.45545
0.60926
0.87595
0.86069
0.78215
0.86147
0.78107
0.31892
0.17635
-0.01524
0.056909
0.090933
0.037174
0.00062537
0.00096273
-0.0096019
0.0025625
0.013206
0.03122
0.045716
0.053333
0.092435
0.084634
0.091856
0.1195
0.15003
0.17043
0.28186
0.38605
0.48766
0.42952
0.62453
0.84083
1.0421
1.332
1.6381
1.9091
2.1306
2.1845
2.0691
2.05
1.9271
1.8488
1.5461
1.3011
1.0742
0.87834
0.629
0.42284
0.2723
0.20612
0.14155
0.096089
0.077054
0.065487
0.049905
0.048644
0.052773
0.056831
0.078562
0.096056
0.11736
0.15121
0.15994
0.19198
0.20728
0.19697
0.21903
0.2152
0.22596
0.22302
0.21319
0.19879
0.21211
0.20388
0.18872
0.19093
0.19143
0.18481
0.19459
0.18759
0.17705
0.21177
0.19851
0.20433
0.23205
0.2351
0.24076
0.25027
0.22356
0.24894
0.24681
0.23849
0.28051
0.27657
0.25223
0.25856
0.25929
0.24827
0.25952
0.26181
0.25804
0.2549
0.26969
0.26364
0.22613
0.26082
0.22932
0.26083
0.26064
0.24697
0.26361
0.25916
0.2736
0.26498
0.27884
0.24722
0.27107
0.2675
0.25254
0.25668
0.27201
0.25007
0.29108
0.24659
0.26601
0.28273
0.29572
0.27073
0.28955
0.28336
0.28291
0.28752
0.26344
0.26639
0.2669
0.26447
0.28041
0.28454
0.28378
0.27693
0.2835
0.30767
0.29315
0.30233
0.31965
0.25344
0.29051
0.28622
0.26556
0.25958
0.26088
0.25082
0.25548
0.23616
0.25574
0.25742
0.26695
0.28193
0.29568
0.26518
0.27083
0.29987
0.30782
0.30143
0.2997
0.29577
0.28849
0.28788
0.29341
0.27059
0.28847
0.25978
0.27296
0.26236
0.26511
0.27754
0.29199
0.26368
0.28672
0.27694
0.27856
0.27827
0.27895
0.25412
0.25544
0.27931
0.28117
0.28495
0.30767
0.29761
0.32779
0.31402
0.32111
0.31996
0.32307
0.29492
0.31564
0.29127
0.2946
0.2932
0.29719
0.29306
0.28327
0.30058
0.28099
0.27882
0.29427
0.26184
0.28198
0.28882
0.26452
0.27122
0.26284
0.245
0.26726
0.24672
0.24458
0.26524
0.2568
0.26032
0.27556
0.24243
0.29148
0.28391
0.27593
0.27874
0.29803
0.28611
0.29578
0.29975
0.29995
0.27626
0.30316
0.27838
0.28685
0.27961
0.28529
0.27647
0.28666
0.28173
0.28518
0.28072
0.29769
0.27557
0.29979
0.28936
0.29628
0.27586
0.27048
0.2951
0.27902
0.29974
0.28259
0.28792
0.29633
0.29309
0.29119
0.2851
0.28053
0.28861
0.29009
0.29461
0.30425
0.29783
0.30174
0.28874
0.29844
0.29702
0.30314
0.28213
0.29375
0.30916
0.30392
0.29726
0.29009
0.28997
0.31475
0.30766
0.31074
0.29022
0.28509
0.30039
0.29296
0.30987
0.30056
0.30917
0.31685
0.32013
0.30094
0.30894
0.30995
0.3029
0.30501
0.30387
0.29671
0.30478
0.30224
0.2913
0.29077
0.2967
0.27135
0.29843
0.2921
0.30048
0.29415
0.30156
0.29066
0.29719
0.29983
0.28696
0.30518
0.2971
0.2985
0.30104
0.30375
0.28662
0.29552
0.30614
0.27683
0.30648
0.29345
0.30735
0.2816
0.30804
0.30566
0.30344
0.30718
0.29989
0.31342
0.30243
0.31362
0.31274
0.31737
0.31414
0.31156
0.30291
0.30279
0.33156
0.32863
0.32727
0.34774
0.33104
0.3664
0.40105
0.38639
0.40917
0.42857
0.45669
0.44324
0.51554
0.53407
0.51623
0.57157
0.55012
0.49274
0.44613
0.34054
0.38618
0.38108
0.36398
0.28445
0.23736
0.22845
0.19402
0.13659
0.093109
0.021986
0.0074405
0.00018792
0.00020913
0
0
0
0
0
0
0
0
0.014781
0.012241
0
0
0.0048814
0.48044
0.55467
1.4794
2.3373
2.3522
2.4757
2.6871
2.4224
2.4288
2.1129
0.93756
0.72724
0
0
0
0
0.014212
0.01619
0.086115
0.26435
0.59083
0.91733
1.2876
1.2613
1.2319
1.145
0.97531
0.94393
0.67872
0.8634
0.44665
0.49644
0.97588
0.80547
1.0027
0.55928
0.37659
0.31934
0.018052
0.031053
0.07078
0.11644
0.23004
0.56569
1.3345
2.0716
2.6722
3.636
3.6337
4.3437
3.6112
2.6166
1.8137
1.1679
0.94628
0.7066
0.2735
0.10507
0.0035764
0
0
0.0017408
0
0
0
0
0
0
0.12361
0.6933
1.5158
1.9249
2.0349
1.2635
1.1126
1.0278
0.78475
0.43493
0.096001
0.047773
0
0
0
0
0.00034397
0.036086
0.15027
0.40524
0.74794
1.6019
2.378
2.5616
2.3694
1.7895
1.6388
0.92281
0.96642
0.96053
1.0172
0.84038
0.89464
1.5384
0.53531
-0.088643
-0.65172
-1.3827
-0.83968
-0.926
-0.66739
-0.73956
-1.0343
-0.90027
-0.4837
-0.077281
-0.16007
0.68107
0.68413
0.32661
0.79138
0.81792
0.81426
1.045
1.1407
0.50979
0.39243
0.27467
0.1573
0.076043
0.037549
0
0
0
0
0
0
0
0
0
0.0053402
0.0064967
0
0.0015957
0
0
0.011388
0.15847
0.42362
1.0974
1.0903
0.90633
0.82952
0.47002
0.23331
0.12521
0.13138
0.11379
0.081738
0.060935
0.064466
0.070964
0.074495
0.048484
0.13893
0.53775
0.95745
1.6392
1.1095
0.4164
0.30158
-0.14582
-0.32289
-0.24855
-0.16305
0.30158
-0.011358
-0.59321
-0.91319
-0.84488
-0.61931
-0.85051
-0.48629
-0.11267
0.031695
0.23894
0.15356
0.36813
1.1752
2.5255
3.3635
3.2629
3.0754
3.8943
3.7607
2.9638
3.0604
2.0877
1.6438
1.2169
0.92997
0.79361
0.45333
0.10529
0.0058837
0
0
0.010355
0
0
0.0067259
0.00043753
0
0
0
0.10335
0.22252
1.2374
1.1977
1.4427
1.5076
1.1314
0.81796
0.76872
0.57735
0.29863
0.17654
0.21681
0.11827
0.049153
0.011662
0.0036698
0.009216
0.013198
0.03883
0.020121
0.031682
0.21271
0.46813
0.99235
1.356
1.467
1.1607
0.60686
0.907
0.66195
0.1748
0.074778
0.48161
0.54145
0.10759
0.85118
0.24365
-0.43232
-0.70367
-0.97788
-1.0948
-0.74076
-0.32256
-0.2153
-0.42634
-0.40503
-0.19905
-0.14243
-0.11632
0.022351
0.40607
0.71737
1.0233
1.8184
2.0507
2.0399
2.719
2.653
2.7929
3.3562
2.3821
2.6465
1.9492
1.2011
1.0084
0.99668
0.39408
0.20579
0.019079
0
0
0
0.0040399
0
0
0
0
0
0
0
0
0
0.00078923
0.80397
0.33571
1.0586
1.2427
1.375
1.4958
1.3878
1.0744
0.85572
0.61355
0.41245
0.24333
0.13642
0.14674
0.042627
0.02033
0.0037401
0.016183
0.013704
0.0090068
0.0059882
0.019741
0.1215
0.348
0.68335
1.2324
1.4842
1.1101
0.53558
0.41434
0.76391
0.39153
0.11293
0.15728
0.31624
-0.014169
0.47479
0.3965
-0.12826
-0.38686
-0.92292
-1.3924
-0.63767
-0.31624
-0.49969
-0.18356
-0.35843
-0.23164
-0.28036
-0.071479
0.1243
0.25241
0.37763
1.1268
2.1877
1.9492
1.928
2.3008
2.5038
2.6721
3.4152
2.9768
2.4401
2.1102
1.3695
1.1167
1.0981
0.66472
0.31202
0.078985
0
0
0.01233
0
0
0
0
0
0.0048047
0.00039182
0
0
0
0
0.046022
0.26839
0.98719
1.2553
1.5128
1.2205
1.2004
0.99896
0.89802
0.61635
0.39188
0.20664
0.10279
0.11736
0.062141
0.028074
0.0022119
0.0042566
0.0052084
0.002272
0.00092989
0.0047952
0.10995
0.3185
0.55277
0.84397
1.1544
1.1242
0.70754
0.29006
0.39261
0.22172
-0.10981
0.01399
0.34523
1.0045e-05
0.054112
0.60037
0.20156
-0.4858
-0.97313
-1.3258
-1.0578
-0.65714
-0.22379
-0.34866
-0.36426
-0.16771
-0.13125
-0.17501
0.070741
0.41814
0.47994
1.5299
2.0319
1.9394
2.138
2.5879
2.6467
3.3786
3.2661
2.475
2.7988
1.812
1.1894
1.1657
0.93212
0.59608
0.27725
0.021857
0
0
0.001343
0.003505
0
0
0.00030758
0
0
0.00068768
0
0
0
0
0.2352
0.16372
0.67285
1.0827
1.4113
1.2108
1.1388
0.78404
0.64874
0.44228
0.29724
0.16922
0.10443
0.11629
0.050554
0.010239
0.0059889
0.010076
0.01309
0.083615
0.19283
0.60258
1.0001
0.96147
0.27532
0.096793
0.24956
-0.2289
-0.35131
-0.34805
-0.2973
-0.72718
0.06478
-0.31842
-0.81108
-0.99763
-1.1441
-1.0017
-0.46122
-0.30095
-0.12186
-0.1673
-0.23558
0.074618
0.27473
0.78457
1.6754
1.9986
2.5459
3.083
2.7602
3.2851
3.5577
3.1157
2.6554
1.9909
1.5782
1.0856
0.746
0.58547
0.23899
0.00062419
0
0
0
0
0
0.010092
0
0
0
0
0.17456
0.24994
0.62062
0.92509
1.4575
1.1212
0.99561
0.80333
0.76479
0.47348
0.30547
0.013111
-0.00064281
-0.013573
-0.02463
-0.02882
-0.049588
-0.08944
-0.047365
0.070199
0.26615
0.58795
0.58447
0.50768
0.20275
-0.075259
-0.30283
-0.49979
-0.64109
-0.29975
-0.099665
-0.51516
-0.19273
0.11459
-0.46897
-0.81111
-1.1433
-1.452
-1.2001
-0.89338
-0.70067
-0.25076
-0.37236
-0.19278
-0.090759
-0.34666
0.42694
0.92659
2.0463
2.3713
2.1187
2.3131
2.9604
2.867
2.345
1.6665
1.3519
0.81227
0.61164
0.45502
0.16
0.028917
0
0
0
3.6154e-05
0
0
0.002797
0
0.0021237
0.0018027
0
0.0011094
0
0.0019486
0.062242
0.21877
1.0662
1.1488
1.1109
0.93486
0.59084
0.36107
0.15253
0.13774
0.063762
0.044348
0.019652
0.039434
0.034208
0.041449
0.029293
0.060381
0.23438
0.5544
0.92876
1.564
1.7483
1.5052
1.2042
0.86705
0.91188
0.76949
0.44407
0.29888
0.54618
0.49358
0.27895
0.77594
0.46726
-0.13345
-0.47547
-0.71957
-0.41219
0.044236
0.084958
-0.039265
0.19467
0.1614
0.40075
1.0115
1.1232
0.69625
1.3163
1.9548
1.8221
1.9636
2.6943
2.3309
1.678
1.1859
0.97669
0.60205
0.53863
0.32922
0.089988
0.00087443
0
0
0.00078851
0.0021723
0.00010217
0
0
0
0
0.012575
0
0
0
0.0063494
0.54373
0.13461
0.4762
1.0859
1.1224
0.89621
0.59629
0.41716
0.26287
0.15308
0.12967
0.10088
0.024622
0.062036
0.045351
0.040446
0.051379
0.099636
0.26675
0.65653
0.89962
1.4948
1.5833
1.3345
0.98011
0.75056
0.56874
0.36145
0.27886
0.40874
0.20647
0.072091
0.43332
0.079981
-0.52789
-0.47634
-0.32867
-0.64969
-0.27089
-0.16523
-0.20959
-0.15988
-0.077175
0.043722
0.19799
0.92013
1.5704
1.0709
1.6451
2.1825
2.5759
2.4644
2.7474
2.7217
2.332
1.392
1.2512
0.9279
0.51624
0.4053
0.13626
0.017752
0
0
0
0.0026374
0
0
0
0
0
0
0
0
0
0
0.02246
0.19955
0.71223
1.1502
1.3862
1.2539
0.79018
0.39005
0.2384
0.080989
0.033984
0.00099337
0.0040335
0.020474
0.015189
0.026614
0.029176
0.054518
0.15915
0.49051
0.83998
1.2595
1.3268
1.044
0.81055
0.52828
0.46013
0.26706
0.33625
0.30206
0.3346
0.11561
0.40394
0.40061
0.047396
-0.41113
-0.5831
-0.51649
-0.37828
-0.29778
-0.10252
-0.0062183
-0.23701
-0.060044
-0.085665
-0.0013367
0.021561
0.15306
0.47475
1.0943
1.6944
1.151
1.9207
2.5288
2.8204
2.5827
2.8526
2.9609
2.4771
1.6938
1.3023
0.83167
0.6153
0.33532
0.11051
0.003681
0
0
0.0054407
0.0010264
0.00017566
0
0
0
0
0
0
0
0
0
0.049819
0.16081
0.88744
1.0501
1.2425
1.1855
1.1871
0.93224
0.65784
0.48506
0.32551
0.18821
0.12099
0.075734
0.008996
0
0.006376
0.0091565
0.0059141
0.010213
0.014316
0.042904
0.21103
0.4202
0.82829
1.2029
1.1756
0.86879
0.67794
0.72198
0.38166
0.23586
0.16805
0.55697
0.53509
0.17038
0.54551
0.22398
-0.35708
-0.5834
-0.78152
-0.59217
-0.57676
-0.35139
-0.045228
-0.4166
-0.37961
-0.076774
-0.076258
-0.24526
0.014364
0.24428
0.37185
0.94862
0.79726
1.14
2.0056
2.0447
1.7095
2.3533
2.4675
1.97
1.7997
1.2422
0.82963
0.6128
0.45407
0.25111
0.072662
0.00087416
0
0
0.0013241
0
0
0
0
0
0.014074
0.0017586
0
0
0
0
0.035437
0.19911
0.85689
0.91557
1.3811
1.1961
1.2071
0.97858
0.79205
0.59043
0.45201
0.21134
0.085065
0.079443
0.094251
0.036003
0.0024743
0.01373
0.010971
-0.0021284
-0.010593
0.018144
0.077646
0.20695
0.43569
0.8763
1.2345
1.004
0.32047
0.56401
0.70212
0.40954
0.15928
0.14697
0.13315
-0.030124
0.21198
0.26121
-0.24743
-0.30632
-0.75578
-1.1509
-0.53255
-0.34398
-0.59808
-0.28414
-0.23666
-0.15873
-0.12485
-0.05707
-0.07531
0.26391
0.69878
1.0708
1.1673
2.0193
2.7935
2.9954
3.3945
3.1079
3.5274
4.0304
3.1382
2.3543
1.7878
1.3004
1.2794
0.85138
0.32157
0.069485
0
0
0
0.0020682
0
0
0
0
0
0
0
0
0
0
0.19356
0.29489
0.79533
1.2477
1.2064
1.2001
1.2467
1.0576
0.95422
0.69245
0.5483
0.30326
0.14587
0.12095
0.1055
0.032671
0.020709
0.021002
0.023071
0.0051706
0.039109
0.13012
0.18337
0.45537
0.93721
1.2651
1.3526
1.0339
0.96736
0.83909
0.55369
0.3169
0.15802
0.43068
0.19865
0.22739
0.82221
0.49869
-0.24452
-0.66477
-0.78199
-0.36488
-0.2878
-0.51485
-0.11079
-0.25899
-0.19848
-0.060112
-0.067374
0.0059939
0.19074
0.44975
0.79602
1.5716
1.2523
1.7461
2.3724
2.5169
2.3187
2.9623
2.85
2.1898
2.4153
1.5201
1.139
1.0066
0.60643
0.46337
0.17277
0.0096179
0
0
0
0
0
0
0
0
0.0051323
0
0
0
0
0
0.059856
0.16008
0.40451
1.0013
1.2355
1.0727
1.1206
0.81348
0.67801
0.49301
0.37772
0.17126
0.069687
0.13177
0.064818
0.032291
0.0062748
0.020996
0.022981
0.022423
0.037478
0.094421
0.25366
0.59326
0.82679
1.3976
1.4869
1.1085
0.49513
0.78326
0.61824
0.26156
0.1572
0.23671
-0.041248
0.092564
0.6364
0.44511
-0.27065
-0.5778
-0.99047
-0.8314
-0.4151
-0.43465
-0.21936
-0.10115
-0.1526
-0.10175
-0.0042679
-0.024338
-0.00038373
0.20727
0.38085
0.68732
0.4935
0.62475
1.4165
1.6375
1.9258
2.5939
3.4747
3.6146
3.702
4.0738
4.1058
3.9842
3.6316
3.6162
3.4743
2.8147
2.262
2.1273
1.4489
1.0622
0.91749
0.63482
0.41522
0.30535
0.20633
0.14289
0.10807
0.071808
0.07973
0.061942
0.062438
0.070879
0.06714
0.10978
0.16828
0.21239
0.28383
0.32518
0.4275
0.53057
0.65068
0.78046
0.80094
0.8791
0.89178
0.91972
0.90454
0.83439
0.8354
0.65718
0.57576
0.45462
0.35469
0.28491
0.19455
0.14028
0.097416
0.073098
0.082099
0.079205
0.081918
0.095028
0.1036
0.13381
0.17569
0.22728
0.24238
0.32447
0.37026
0.45261
0.51509
0.55531
0.5436
0.59329
0.61355
0.62291
0.62267
0.59645
0.61215
0.59043
0.54054
0.53821
0.52038
0.48832
0.48743
0.5007
0.47292
0.46856
0.45308
0.47516
0.45907
0.46203
0.4867
0.46956
0.46736
0.44963
0.47146
0.43378
0.42407
0.44456
0.44117
0.44964
0.44023
0.44242
0.42684
0.4307
0.41851
0.43482
0.43417
0.43433
0.44187
0.43022
0.44133
0.44218
0.45854
0.45928
0.46603
0.4614
0.42639
0.43354
0.4352
0.44109
0.45284
0.44128
0.46145
0.44975
0.44461
0.43199
0.44725
0.45975
0.44104
0.43473
0.44799
0.45873
0.4678
0.44907
0.44794
0.43767
0.46134
0.45193
0.43498
0.43877
0.44382
0.44645
0.46416
0.43938
0.43489
0.45387
0.44949
0.44493
0.43578
0.43321
0.43921
0.44628
0.43332
0.43681
0.42804
0.44555
0.43717
0.42505
0.44878
0.44025
0.45052
0.44506
0.45194
0.44396
0.44952
0.4462
0.44862
0.45622
0.44923
0.44572
0.45258
0.42804
0.44917
0.45499
0.43011
0.44225
0.42297
0.44117
0.43582
0.43208
0.43543
0.43078
0.42394
0.4035
0.41536
0.41757
0.40183
0.42516
0.40541
0.42519
0.43631
0.42604
0.43513
0.4469
0.44067
0.45526
0.45684
0.47135
0.47384
0.46724
0.46602
0.46255
0.44927
0.4705
0.47442
0.45817
0.47988
0.50265
0.49304
0.52473
0.54792
0.54116
0.57695
0.6168
0.5967
0.60497
0.60055
0.56783
0.52345
0.42042
0.35834
0.33348
0.26755
0.24991
0.23247
0.20137
0.23435
0.19242
0.23756
0.22839
0.2945
0.2393
0.21503
0.28387
0.19998
0.22558
0.067224
0.0071877
0.007739
0.006782
0
0
0
0
0
0
0
0
0
0
0
0
0.039775
1.0618
0.79863
2.2442
2.636
2.3712
2.7608
2.6257
3.0573
2.7388
2.0561
1.6134
0.83129
0.5253
0.36948
0.13273
0.053403
0.027345
0
0
0
0
0.008419
0.053391
0.2101
0.48029
0.69969
0.88171
1.1576
1.0011
0.82359
1.0633
0.75428
0.77294
1.0493
1.2026
0.93733
0.79754
0.56436
0.56692
0.072031
0.3001
0.29662
0.1028
0.071622
0.062173
0.18763
0.28903
0.50358
0.37127
0.15726
0.65019
1.1204
1.0263
1.2689
1.1442
0.87144
0.37066
0.074428
-0.090396
-0.23802
-0.238
-0.2292
-0.1931
-0.12955
-0.0048716
0
0
0
-0.00046321
0
-0.00027435
0
0
0
0
0.0015689
0.23936
0.48299
1.3486
1.2053
1.008
1.0615
0.93863
0.96474
0.81609
0.61211
0.21471
0.16197
0.24019
0.084985
0.045022
0
0
0
0.10513
0.31518
0.6797
1.2536
2.0313
2.5621
2.4922
2.2847
2.3844
1.9496
1.6928
1.7508
1.3254
1.1747
1.1632
1.4416
1.1695
0.92148
0.58608
0.55522
0.54697
0.255
0.15981
0.44183
0.4026
0.2397
0.45314
0.3226
0.26891
0.52861
0.12216
-0.065469
-0.1967
0.13223
0.17991
-0.52605
-0.67311
-0.10837
0.023231
-0.05748
-0.036502
-0.01567
0
0
-2.0342e-05
0
0
0
0
0
0
-0.0038195
0
-0.00029896
-0.00064741
0
0.048403
0.29357
0.44831
0.37393
0.27161
0.44199
0.44091
0.51761
0.31252
0.10141
0.1233
0.096405
0.058437
0.023317
0
0
0
0
0
0
0.072407
0.50459
0.99911
1.6716
2.4537
3.0153
3.4814
3.3795
3.2225
3.0194
2.5753
2.6147
2.5205
2.3322
1.9544
1.7586
1.4778
1.028
1.5008
1.6739
1.3742
1.005
0.51062
0.43383
0.4683
0.43402
0.44171
0.55497
0.39133
0.62464
0.50252
0.22159
0.048776
0.41968
0.19064
-0.2309
-0.228
-0.11198
0.036602
0.051893
0.0038666
0.0027541
0
0
0
0
0
0
0
0
0
0
0
0
-2.9917e-07
0.00089552
0
0
0.0015876
0.0094564
0.14583
0.41245
0.70161
0.44535
0.26393
0.49886
0.52621
0.59401
0.36792
0.12608
0.083777
0
0
0
0.021705
0
0.1228
0.45093
1.1059
2.2233
2.6363
3.7172
3.6799
3.6164
3.1663
2.8533
3.1717
2.915
2.5375
2.5701
2.5195
2.29
2.4309
1.9403
2.1071
2.6081
2.4016
2.5142
2.5214
2.2393
1.7932
1.397
1.0926
1.0277
1.3296
1.2209
1.1304
1.095
0.78506
0.61495
0.20201
0.065324
0.36205
0.40955
0.31108
0.12357
0.028674
0.0099163
0
0
0.0025307
0.0014055
0
0
0
0
0
0
0
0
0
-0.00022355
0
-0.032388
0.12447
0.19199
0.19825
0.23456
0.38304
0.38058
0.26118
0.2438
0.028275
0.028546
0
0
0
0
0
0
0
0
0.040525
0.22249
0.4644
0.89553
1.1881
1.4083
1.485
1.2927
1.1009
1.3347
1.1996
1.0944
0.90987
1.2468
1.168
1.1577
1.404
1.075
1.6389
1.9578
1.2969
1.2684
1.6564
1.3194
1.0876
0.98403
0.72703
0.6958
0.83723
0.95881
0.99726
1.0566
0.78788
0.92768
0.55888
0.32876
0.50921
0.61968
0.36446
0.16986
0.015122
0.0091004
0
0
0.020456
0.036054
0
0
0
0
0
-0.0038328
-0.0013815
-0.0041451
0
0
0
0
0.00042225
0.0015702
0.1162
0.15313
0.21342
0.2796
0.24198
0.22661
0.211
0.41022
0.46187
0.23079
0
0
0
0
0
0
0
0
0
0
0
0.11343
0.27229
0.47462
0.71062
0.84593
0.79142
0.59961
0.57143
0.42083
0.70975
0.80502
0.50879
0.38053
0.89221
0.88946
1.1592
1.4731
1.5426
1.8314
1.7912
1.4679
1.6117
1.615
1.135
1.0147
0.72691
0.82586
0.83382
0.9464
1.0801
0.69282
0.76817
0.99157
0.95518
0.7046
0.4813
0.84257
0.86048
0.47188
0.36942
0.7165
0.33124
0.18085
0.040342
0.049352
0.040886
0.028249
0.0010326
0
0
0
0
0
0
0
-0.0031888
0
0
0
0.15507
0.042075
-0.26803
-0.003878
-0.0058286
0.12926
0.2567
0.28462
0.45851
0.59461
0.39404
0.14085
0
0.016654
0
0
0
0
0
0
0
0
0
0.038
0.19155
0.32126
0.2934
0.20234
-0.10458
-0.4382
0.0027987
0.17948
-0.036803
-0.2152
-0.01842
0.34039
0.55324
0.65857
0.54315
0.39808
0.46986
0.24483
0.19037
0.22425
0.28573
0.3383
0.60631
0.60139
0.646
0.57363
0.38719
0.25063
0.48738
0.18276
0.16884
-0.028128
-0.093495
0.16794
0.35808
0.18787
0.12547
0.088396
0.041289
0.047009
0.061874
0.04908
0.0082145
0.033109
0.027494
0
0
0.00052578
0
0
-0.0042517
0
-0.0014695
0
0
0.023379
-0.17388
-0.1816
-0.20717
-0.31564
-0.13669
0.20079
0.39351
0.46269
0.22948
0.14293
0.049572
0.025503
0.0507
0
0
0
0
0
0
0
0.015681
0.0075797
0.11694
0.32139
0.3691
0.070208
0.079214
0.070538
-0.068579
-0.060727
-0.30003
-0.51092
-0.62364
-0.53779
-0.21632
0.33362
0.41139
0.35996
0.58994
0.37428
0.15822
0.092287
0.11282
0.12047
0.15098
0.21386
0.38569
0.4007
0.22473
-0.010678
-0.14048
-0.31571
-0.55696
-0.69367
-0.99649
-0.99378
-0.92864
-0.67665
-0.15024
0.30125
0.24426
0.37826
0.30207
0.3212
0.25232
0.057304
0.0076691
0
0
0
0
0
0
0
0.0051621
0
0.00099807
0
0
0
0.0047622
1.3073
0.64451
0.55511
0.34967
0.21995
0.3066
0.28409
0.24782
0.71056
0.77045
0.59985
0.4344
0.11747
0.060591
0
0
0
0
0
0
0
0
0.0032538
0.015983
0.0063483
0.017861
-0.040546
-0.2342
-0.60152
-0.81737
-0.9859
-0.77838
-0.85205
-1.0681
-1.1534
-1.007
-0.75097
-0.080702
0.085289
0.19007
0.08748
0.21031
0.20639
0.15218
0.16574
0.10755
0.090191
0.10957
0.18932
0.24796
0.24495
0.19005
0.26696
-0.11823
-0.48939
-0.79777
-0.43676
-0.33302
-0.36388
0.44333
0.28096
0.4408
0.47479
0.41231
0.33781
0.050056
0
0.0055605
0
0.0016914
0.011253
0
0
0
0
0
0
3.7487e-05
0
0
0
0.23938
0.43821
0.15336
0.25283
0.23826
0.2578
0.11613
0.27714
0.43296
0.51032
0.42715
0.28457
0.039174
0.02813
0
0
0
0
0
0
0
0
-0.0069045
-0.094177
-0.26536
-0.68274
-1.1637
-1.5504
-1.9532
-2.1918
-2.105
-1.6246
-1.6879
-1.9438
-2.2185
-1.8641
-1.3983
-1.0095
-0.38263
-0.20942
-0.14825
-0.17942
-0.10976
-0.014386
0.024189
0.047413
0.051562
0.12181
0.10189
0.11099
0.41804
0.32586
0.21118
0.1187
-0.19589
-0.2455
-0.44917
-0.42268
-0.051562
0.075576
0.16444
0.83642
0.95786
1.143
1.0862
1.0514
0.92003
0.57012
0.1833
0
0
0
0
0
0
0
0
0
0
0.005695
0
0
0
0.011112
0.67888
0.45038
0.23258
-0.0067423
-0.031903
-0.092628
0.023182
0.27558
0.4765
0.68158
0.38843
0.39899
0.18861
0.053764
0.083023
0.026234
0.022904
0.036717
0.034904
0.057507
0.040733
0.0085405
-0.00402
-0.00029363
-0.012285
-0.01379
-0.029291
-0.035439
-0.051623
-0.07907
-0.095646
-0.20216
-0.36166
-0.62252
-0.80494
-1.0865
-1.3207
-1.4809
-1.6615
-2.056
-2.2009
-2.11
-1.8689
-1.6065
-1.458
-1.1142
-0.88816
-0.56973
-0.35454
-0.13876
0.0021291
0.10655
0.17432
0.21194
0.24069
0.24809
0.2447
0.21569
0.18796
0.19373
0.18742
0.14719
0.12409
0.1016
0.058278
0.035497
0.018662
-0.0099629
-0.038589
-0.07334
-0.12529
-0.11637
-0.14562
-0.17902
-0.19526
-0.18975
-0.20044
-0.17583
-0.14329
-0.16908
-0.13182
-0.12889
-0.093144
-0.060256
-0.013056
0.0097796
0.048909
0.049685
0.065391
0.048124
0.042317
0.022312
0.038329
0.013511
0.0014319
-0.017825
-0.019045
-0.024501
-0.032676
-0.042317
-0.037058
-0.064573
-0.073324
-0.085073
-0.089607
-0.10145
-0.10583
-0.098208
-0.10172
-0.091008
-0.11294
-0.10648
-0.096795
-0.093293
-0.085207
-0.10563
-0.074462
-0.053321
-0.048617
-0.073661
-0.073301
-0.055363
-0.063998
-0.071874
-0.055829
-0.047184
-0.051521
-0.055133
-0.066747
-0.072649
-0.054043
-0.07845
-0.061609
-0.086485
-0.080813
-0.066326
-0.067821
-0.058745
-0.048822
-0.039481
-0.023967
-0.050652
-0.057754
-0.068943
-0.070485
-0.06543
-0.066966
-0.081081
-0.074657
-0.057601
-0.058647
-0.063921
-0.096395
-0.071336
-0.086512
-0.070356
-0.074852
-0.069416
-0.049668
-0.073019
-0.074209
-0.076137
-0.062682
-0.085831
-0.0645
-0.084352
-0.072563
-0.076366
-0.077568
-0.083291
-0.084534
-0.087536
-0.083108
-0.079325
-0.08219
-0.080732
-0.072655
-0.079605
-0.077067
-0.075601
-0.081334
-0.074351
-0.072104
-0.071262
-0.072438
-0.074474
-0.074787
-0.081559
-0.08559
-0.086555
-0.088186
-0.087309
-0.091227
-0.095855
-0.094345
-0.10053
-0.099323
-0.098133
-0.096713
-0.090929
-0.098574
-0.10023
-0.077726
-0.070011
-0.07804
-0.075922
-0.072518
-0.076461
-0.091728
-0.075405
-0.08213
-0.083256
-0.078784
-0.089546
-0.091137
-0.090962
-0.09339
-0.09559
-0.091707
-0.092268
-0.084395
-0.086817
-0.081061
-0.079245
-0.084302
-0.078354
-0.075105
-0.075987
-0.073983
-0.070642
-0.074282
-0.074527
-0.068027
-0.072757
-0.077862
-0.082124
-0.085055
-0.088048
-0.091796
-0.091022
-0.090228
-0.084092
-0.08728
-0.074087
-0.068757
-0.062468
-0.071412
-0.081371
-0.064034
-0.068194
-0.081083
-0.062511
-0.090429
-0.084784
-0.087169
-0.094667
-0.089632
-0.069099
-0.08155
-0.07151
-0.06835
-0.073214
-0.069997
-0.071265
-0.09103
-0.076582
-0.075001
-0.079502
-0.095241
-0.07632
-0.10222
-0.10268
-0.087691
-0.091521
-0.10752
-0.10745
-0.11148
-0.099758
-0.10554
-0.10558
-0.098754
-0.095298
-0.095051
-0.092691
-0.092656
-0.073922
-0.087669
-0.089346
-0.092038
-0.089703
-0.090776
-0.094293
-0.099515
-0.095526
-0.0967
-0.10197
-0.080836
-0.093994
-0.09421
-0.09584
-0.08977
-0.091179
-0.087725
-0.093294
-0.094569
-0.086765
-0.095226
-0.080774
-0.075714
-0.098095
-0.099845
-0.098698
-0.10086
-0.096363
-0.097447
-0.082582
-0.077409
-0.093046
-0.090803
-0.097158
-0.079687
-0.089572
-0.076169
-0.092383
-0.075533
-0.07924
-0.079501
-0.080174
-0.08462
-0.084489
-0.10097
-0.087499
-0.079177
-0.080095
-0.099992
-0.079206
-0.0775
-0.081371
-0.084198
-0.080672
-0.10266
-0.082705
-0.082087
-0.085205
-0.081945
-0.064795
-0.084971
-0.10134
-0.097289
-0.066935
-0.079205
-0.08202
-0.079306
-0.095626
-0.098766
-0.088221
-0.087977
-0.087945
-0.090682
-0.094201
-0.088805
-0.09112
-0.080905
-0.087083
-0.088144
-0.10333
-0.082377
-0.083062
-0.10098
-0.082806
-0.098262
-0.089201
-0.08314
-0.090007
-0.1012
-0.085552
-0.081733
-0.084518
-0.086678
-0.079603
-0.078286
-0.07738
-0.081301
-0.076726
-0.073824
-0.074886
-0.080148
-0.079808
-0.078132
-0.097913
-0.083967
-0.08143
-0.085148
-0.080359
-0.093275
-0.074487
-0.076805
-0.073158
-0.068986
-0.056375
-0.069451
-0.057514
-0.075889
-0.071222
-0.089285
-0.074452
-0.074058
-0.058598
-0.055742
-0.0901
-0.071654
-0.058257
-0.07335
-0.073968
-0.092079
-0.075997
-0.070362
-0.073598
-0.074502
-0.077457
-0.081361
-0.080416
-0.061983
-0.073035
-0.076102
-0.074563
-0.072322
-0.090506
-0.074972
-0.075254
-0.074916
-0.07015
-0.092875
-0.076446
-0.073679
-0.071644
-0.08941
-0.084619
-0.073196
-0.088867
-0.092047
-0.074217
-0.072071
-0.092614
-0.075323
-0.089379
-0.074463
-0.060344
-0.093576
-0.092575
-0.095307
-0.074537
-0.088001
-0.05828
-0.090505
-0.056599
-0.071418
-0.090047
-0.071031
-0.084299
-0.088978
-0.086006
-0.063562
-0.06686
-0.06799
-0.085101
-0.066023
-0.067352
-0.068334
-0.066369
-0.06261
-0.060668
-0.064559
-0.050891
-0.037845
-0.031835
-0.056925
-0.057911
-0.080506
-0.10954
-0.10856
-0.14822
-0.20164
-0.237
-0.24878
-0.30749
-0.34146
-0.3733
-0.40403
-0.48833
-0.58545
-0.63006
-0.7688
-0.83635
-1.0047
-1.3032
-1.3887
-1.4709
-1.5173
-1.24
-0.79632
-0.2618
0.048519
0.38357
0.7253
1.596
1.7461
2.3603
2.9194
3.5437
3.6726
3.368
3.439
3.169
3.1128
2.672
1.4545
0.79154
0.089839
0
0.014906
0.0027965
0
0
0.01796
0.0028521
0.052772
-0.015435
-0.059326
-0.14211
-0.39325
-0.70381
-0.9312
-0.97635
-1.1136
-1.315
-1.1794
-1.1973
-0.98793
-0.73378
-0.38094
-0.13973
-0.0043874
0.004322
0
0
0
0.00024774
0.1898
0.92537
1.3902
2.2084
1.6473
1.5498
1.4304
1.3738
1.8786
2.2294
3.0351
2.6102
1.7287
1.6782
1.6313
1.5776
1.6844
1.168
0.75346
0.28826
0.10519
0.00078638
0.020127
0
0.00051491
0
0
0
0
0
-0.042118
-0.16501
-1.8692
-3.1913
-4.4613
-4.3379
-2.8201
-1.9671
-1.2954
-1.5896
-1.8963
-2.3414
-2.7061
-3.2404
-2.812
-1.8709
-1.2175
-0.62154
-0.05984
0
0
0
0
-0.011782
-0.18249
-0.70558
-1.2216
-1.6184
-2.4167
-2.9115
-3.4111
-4.0735
-4.7311
-4.1433
-3.7401
-2.8683
-1.5352
-0.80438
-0.005789
0.32207
0.70654
1.0305
1.3829
1.7919
2.7454
2.4783
1.4456
0.58184
0.024437
0
0.021356
0.011497
0
0.0062657
0.00075211
0.93885
2.3123
4.0496
4.517
4.8508
3.9444
4.0314
3.0695
3.0434
3.2002
2.8514
3.0804
1.773
1.2248
0.68484
0.57367
0.36033
0.032183
0
0
0.0072657
0
0
0.00097435
0
0
0
0
0
-0.038198
-0.36062
-1.555
-4.4363
-5.711
-5.6756
-5.5995
-4.0174
-2.1421
-1.4786
-1.6702
-2.2691
-2.5833
-2.5225
-2.5824
-1.6591
-0.76403
-0.13543
0
0
0
0
0
0
-0.23995
-0.82236
-0.97408
-1.3197
-1.9858
-2.3858
-2.4713
-3.2227
-3.5508
-3.2671
-3.0304
-2.3799
-1.6773
-0.93159
-0.075354
0.092313
0.30321
0.55998
1.4512
2.1817
2.586
3.0655
1.8497
1.6385
0.57172
0.09984
0.10486
0.022338
0.053613
0.48517
1.7611
4.1115
7.131
7.982
7.4165
5.7343
4.2796
4.7845
5.7899
6.2406
5.8759
5.0396
3.0925
2.6388
2.3411
1.5609
1.2541
0.5381
0.22331
0
0
0
0
0
0.001505
0.0094307
0.00050007
0.00093468
0
-5.8466e-05
-0.0014986
-0.05806
-0.19244
-1.368
-3.0549
-4.771
-6.3782
-6.0911
-5.0576
-3.6618
-3.1585
-3.1165
-2.8583
-2.5538
-1.3876
-0.4592
-0.088089
0
0
0
0
0
0
0
0
0
-1.0093
-2.4083
-3.8524
-3.8481
-3.1367
-3.7041
-4.5153
-4.4072
-3.624
-2.9645
-2.2384
-1.7933
-1.0776
-0.63215
-0.51894
-0.23256
0.36742
0.77821
1.2532
1.3455
1.332
0.9974
1.0521
0.84238
0.55848
0.57165
0.87118
0.93762
4.3094
7.3232
7.6881
6.5335
5.6691
5.9603
6.7857
7.3934
7.4989
6.7691
5.9069
5.201
2.8744
2.9314
3.2424
5.0723
6.8936
4.7179
3.4859
2.079
0.99227
0.29462
0
0.067651
0
0
0
0
0
0
0.027586
0.037581
-0.0071534
-0.24976
-0.84083
-1.5859
-2.4397
-3.0338
-2.3062
-3.0378
-2.4055
-1.6556
-1.8264
-2.2986
-1.6292
-0.63703
-0.15827
-0.013536
0
-0.0088425
0
-0.015789
-0.027349
0
0
-0.04404
-0.42312
-1.9551
-3.0408
-3.5454
-3.5014
-2.419
-2.8901
-3.846
-3.9389
-4.0695
-3.7609
-3.2281
-2.7584
-1.8126
-1.3324
-1.0193
-0.57806
-0.038039
0.37051
0.4569
0.56874
0.62406
0.55585
0.37987
0.38399
0.25952
0.27945
0.51054
3.5123
5.5247
7.6694
6.5736
5.13
4.8775
5.7814
7.4083
8.6749
7.1949
4.8238
3.9018
2.2338
2.2286
3.2005
5.1993
7.9801
9.2643
7.1708
5.5458
2.6642
1.5263
0.97302
0.8814
0.96672
0.52524
0.1029
0.0026746
0.0065493
0.0034663
0
0
0
0
0
0
0
-0.00039181
0
0
-0.0013314
-0.002904
-0.0068731
-0.0087294
-0.0038752
-0.0036031
-0.0037937
-0.0035541
-0.0075896
-0.0012166
-0.0012748
0
0
0
-0.12106
-0.060095
-0.12948
-0.28989
-1.1969
-2.3952
-2.9632
-3.2954
-3.7713
-4.1717
-4.4236
-4.2539
-3.885
-3.2913
-2.522
-1.7928
-0.96929
-0.18365
0.53894
1.0927
1.6061
2.0823
2.2587
2.2835
2.3734
2.2913
1.8859
1.6605
1.4118
1.1363
0.74821
0.25928
0.17418
0.093543
0.0070462
0
0.0049777
0.0053957
0.034926
0.055166
0.065803
0.075806
0.065116
0.043759
-0.015408
-0.098363
-0.17266
-0.2444
-0.3663
-0.41645
-0.48865
-0.51262
-0.46154
-0.39997
-0.34693
-0.29551
-0.21031
-0.10241
-0.011815
0.045659
0.08705
0.10749
0.11627
0.12524
0.13629
0.11639
0.09545
0.079842
0.058141
0.044117
0.03566
0.016038
0.001081
-0.022281
-0.03251
-0.0506
-0.0631
-0.072959
-0.077522
-0.067567
-0.039503
-0.02892
-0.019582
-0.010853
0.021288
0.045084
0.051653
0.058345
0.070979
0.068822
0.065652
0.069474
0.064648
0.061417
0.058486
0.056048
0.050303
0.044951
0.038543
0.029814
0.023994
0.017539
0.015769
0.012266
0.016422
0.021176
0.023896
0.028245
0.033085
0.033324
0.034824
0.031774
0.027107
0.022605
0.019918
0.016867
0.015884
0.0074149
0.0083712
0.020775
0.0093771
0.021865
0.023586
0.024295
0.026963
0.032659
0.035848
0.040748
0.045357
0.048291
0.04696
0.048692
0.047113
0.044957
0.042586
0.039666
0.039574
0.036624
0.033577
0.032154
0.030371
0.02978
0.027372
0.025592
0.028113
0.030052
0.035081
0.037001
0.040141
0.039336
0.038038
0.041282
0.039808
0.037982
0.039759
0.038205
0.037755
0.035888
0.034484
0.034126
0.032249
0.030124
0.031174
0.03093
0.019854
0.032942
0.0324
0.023784
0.034609
0.024895
0.033577
0.034094
0.0332
0.022188
0.032841
0.031889
0.032299
0.034657
0.034583
0.034288
0.02503
0.035419
0.035658
0.036059
0.036348
0.035887
0.037362
0.034976
0.025487
0.034101
0.031818
0.029364
0.030773
0.03067
0.029403
0.030573
0.020497
0.030642
0.032345
0.031979
0.032262
0.023189
0.033425
0.012899
0.036774
0.038374
0.038449
0.042988
0.041873
0.041489
0.032576
0.031036
0.040168
0.030682
0.030161
0.025909
0.038772
0.03814
0.025876
0.037571
0.034468
0.032664
0.023436
0.033976
0.022049
0.025482
0.024089
0.036864
0.037926
0.025779
0.037235
0.027013
0.026633
0.017068
0.026962
0.02804
0.027977
0.026933
0.025154
0.037616
0.025301
0.035279
0.036907
0.026045
0.035465
0.027702
0.026794
0.026893
0.025818
0.016231
0.026741
0.0161
0.025811
0.025571
0.026463
0.025173
0.024392
0.014128
0.024534
0.02595
0.025597
0.027166
0.027182
0.02854
0.028496
0.028522
0.028127
0.026817
0.016881
0.029461
0.026961
0.01783
0.027677
0.026355
0.027288
0.026968
0.025188
0.015627
0.026978
0.026298
0.02764
0.025492
0.015136
0.027175
0.027329
0.027618
0.02734
0.029513
0.028707
0.027621
0.028572
0.027392
0.028183
0.029982
0.028225
0.030213
0.018825
0.017614
0.028376
0.02761
0.014858
0.024973
0.023257
0.024397
0.024802
0.022189
0.011031
0.022184
0.021631
0.022486
0.022194
0.022583
0.022418
0.03711
0.024085
0.025867
0.017649
0.016267
0.027518
0.028639
0.016601
0.028621
0.018275
0.026937
0.027702
0.028454
0.02574
0.015622
0.023881
0.023254
0.01289
0.022511
0.023736
0.024839
0.02497
0.015215
0.025831
0.027456
0.016471
0.026822
0.028209
0.027854
0.027033
0.029869
0.027789
0.027738
0.027751
0.026645
0.016074
0.037221
0.014232
0.027526
0.015256
0.02701
0.027933
0.017412
0.029512
0.016953
0.030086
0.029473
0.028782
0.029118
0.026893
0.016126
0.024627
0.025971
0.023139
0.024
0.023682
0.012124
0.023122
0.023485
0.022729
0.012785
0.022628
0.02473
0.024843
0.025999
0.026636
0.027781
0.025896
0.027629
0.027318
0.027087
0.027491
0.027085
0.026816
0.027332
0.01434
0.026479
0.025216
0.022856
0.022357
0.024722
0.011583
0.012403
0.034729
0.023143
0.023095
0.0232
0.023065
0.034584
0.023858
0.024305
0.025091
0.025156
0.02484
0.025725
0.014621
0.025529
0.025453
0.014815
0.024178
0.025903
0.026409
0.026669
0.026933
0.027203
0.026806
0.025904
0.015668
0.025832
0.024314
0.025388
0.025582
0.014261
0.025145
0.025294
0.025788
0.026973
0.026819
0.015875
0.014222
0.026679
0.025909
0.027246
0.026536
0.01596
0.017022
0.016442
0.028016
0.028099
0.028064
0.027346
0.027955
0.026743
0.015677
0.02598
0.025938
0.026986
0.026399
0.025138
0.025342
0.014161
0.013829
0.01406
0.025208
0.025061
0.024333
0.013723
0.024025
0.01367
0.024365
0.025111
0.01418
0.02655
0.026935
0.015744
0.014674
0.026464
0.026861
0.015856
0.016005
0.015062
0.026495
0.026463
0.002574
0.024837
0.013424
0.024669
0.026053
0.025646
0.025807
0.025883
0.026187
0.024502
0.013057
0.023893
0.012578
0.025082
0.023804
0.024955
0.014495
0.025979
0.02604
0.02673
0.025829
0.02552
0.026574
0.01446
0.025901
0.024967
0.023398
0.013244
0.012972
0.024855
0.025761
0.024994
0.014156
0.025501
0.023825
0.013429
0.025058
0.024335
0.025015
0.013377
0.024081
0.013336
0.024681
0.012983
0.024616
0.024972
0.02456
0.024575
0.026345
0.013793
0.014617
0.025597
0.025115
0.024557
0.0011228
0.024983
0.025
0.013884
0.024159
0.026306
0.027454
0.025992
0.016435
0.027592
0.026421
0.02714
0.016859
0.016571
0.015942
0.016348
0.027702
0.014899
0.0030912
0.016473
0.027107
0.028475
0.027902
0.028189
0.016364
0.014833
0.027811
0.01606
0.026078
0.017564
0.028274
0.016986
0.026354
0.017365
0.016129
0.015574
0.026319
0.026992
0.02588
0.026002
0.014306
0.015864
0.02747
0.015841
0.016951
0.01766
0.027969
0.027869
0.02704
0.027873
0.016609
0.0035039
0.015641
0.015457
0.015519
0.027949
0.026462
0.026626
0.014138
0.026321
0.013539
0.026209
0.026039
0.015696
0.01456
0.026896
0.027157
0.025277
0.026295
0.025857
0.026233
0.026747
0.014431
0.028536
0.027842
0.015413
0.026833
0.027545
0.01487
0.026859
0.028287
0.017381
0.0174
0.027965
0.01592
0.028669
0.02711
0.015717
0.016311
0.026373
0.025956
0.027524
0.025603
0.027238
0.027849
0.014169
0.025795
0.01697
0.01654
0.016311
0.02881
0.0041222
0.017056
0.017136
0.028888
0.016711
0.028389
0.01583
0.016805
0.027954
0.027088
0.01633
0.027495
0.014985
0.016018
0.015753
0.015801
0.015133
0.026815
0.0149
0.01461
0.00038618
0.013975
0.025523
0.014033
0.00051558
0.014216
0.013494
0.013451
0.013605
0.013669
