0.050594
0.036923
0.012007
-0.012208
-0.035026
-0.052938
-0.055894
-0.045439
-0.024282
0.0029685
0.020251
0.019577
0.00027104
-0.031623
-0.066889
-0.092358
-0.10294
-0.1049
-0.098142
-0.097712
-0.104
-0.11168
-0.1454
-0.20105
-0.19389
-0.12979
-0.071382
-0.036206
-0.0086092
0.032768
0.087414
0.12476
0.13978
0.1386
0.12141
0.10966
0.12145
0.13111
0.13904
0.1467
0.15461
0.17117
0.17962
0.17104
0.13599
0.071746
0.015428
-0.0050109
0.0038465
0.043417
0.07042
0.037029
-0.037195
-0.075348
-0.066236
-0.040654
-0.016753
-0.0045669
-0.010323
-0.029377
-0.046657
-0.059844
-0.070578
-0.070813
-0.060414
-0.042812
-0.025886
-0.016182
-0.01122
-0.0039505
0.013205
0.034197
0.045934
0.033622
-0.00049147
-0.032367
-0.05138
-0.057885
-0.05094
-0.037486
-0.025811
-0.014348
-0.0022965
0.0060032
0.0079171
0.012017
0.022962
0.024959
0.0075593
-0.02101
-0.085322
-0.17383
-0.21126
-0.1877
-0.14441
-0.10783
-0.092142
-0.090669
-0.087774
-0.077757
-0.063115
-0.050162
-0.043996
-0.043864
-0.039623
-0.023538
0.014047
0.055603
0.096583
0.14121
0.17246
0.19512
0.21256
0.20817
0.19433
0.18914
0.19231
0.2043
0.22216
0.23943
0.22741
0.16284
0.079397
0.016103
-0.012642
-0.0069663
0.019907
0.033137
0.019512
-0.0053708
-0.023502
-0.030837
-0.039302
-0.057187
-0.067644
-0.06652
-0.064734
-0.062817
-0.054827
-0.049772
-0.052636
-0.051101
-0.038311
-0.025857
-0.0212
-0.016555
-0.0058205
0.0066497
0.0051252
-0.019343
-0.070631
-0.12188
-0.12034
-0.076174
-0.033869
-0.0080245
0.0031488
0.013334
0.023568
0.016672
-0.012293
-0.051841
-0.085307
-0.10409
-0.11003
-0.15859
-0.24637
-0.26932
-0.22025
-0.15759
-0.10825
-0.078844
-0.058608
-0.046281
-0.044584
-0.044226
-0.024307
0.0095286
0.046746
0.08926
0.11515
0.12488
0.14807
0.23234
0.3912
0.45063
0.40267
0.32444
0.24287
0.15212
0.056726
-0.011709
-0.036473
-0.017562
0.015562
0.033947
0.034272
0.016674
-0.0024085
-0.010364
-0.012956
-0.016754
-0.017553
-0.028456
-0.05962
-0.079826
-0.081728
-0.078804
-0.071216
-0.057138
-0.042097
-0.026213
-0.0050525
0.017076
0.032642
0.033207
0.011778
-0.020461
-0.041573
-0.050663
-0.056312
-0.049272
-0.033968
-0.024671
-0.015269
-0.0032978
0.0055763
0.0047194
-0.0066885
-0.029345
-0.063811
-0.096065
-0.11147
-0.10879
-0.10543
-0.15371
-0.25275
-0.27731
-0.21701
-0.14566
-0.090169
-0.057149
-0.043778
-0.035819
-0.0084281
0.031918
0.060111
0.082267
0.097558
0.11036
0.13109
0.15114
0.16204
0.17237
0.23826
0.38206
0.44043
0.33953
0.17735
0.046565
-0.023533
-0.030834
0.00059383
0.024647
0.02347
0.0075227
-0.010357
-0.0154
-0.013642
-0.015338
-0.01739
-0.018442
-0.035852
-0.075256
-0.10106
-0.10113
-0.093574
-0.080579
-0.055026
-0.015814
0.025242
0.052536
0.055392
0.03579
0.0081683
-0.010147
-0.018506
-0.019233
-0.014679
-0.013412
-0.014504
-0.013966
-0.021977
-0.032623
-0.024904
-0.0085795
-0.0072499
-0.026553
-0.059298
-0.092726
-0.11087
-0.11411
-0.11055
-0.1068
-0.10993
-0.11631
-0.11733
-0.11515
-0.11338
-0.10871
-0.09806
-0.07972
-0.057125
-0.03201
0.016295
0.075033
0.094481
0.090569
0.10056
0.1202
0.13721
0.14866
0.15606
0.16284
0.16982
0.1825
0.20184
0.22569
0.23077
0.17951
0.091986
0.015228
-0.017444
-0.0037511
0.031701
0.047624
0.031432
-0.0069862
-0.039917
-0.048108
-0.039498
-0.025837
-0.01189
-0.0076259
-0.013914
-0.023696
-0.036144
-0.048498
-0.058896
-0.071825
-0.083379
-0.086629
-0.078086
-0.058122
-0.029871
0.00093265
0.025156
0.036812
0.041402
0.037362
0.020057
-0.0037437
-0.021657
-0.028049
-0.025614
-0.019181
-0.013232
-0.011358
-0.015118
-0.023239
-0.028379
-0.028449
-0.02338
-0.012219
-0.0020465
0.0023132
-0.0058521
-0.027151
-0.048927
-0.066916
-0.086502
-0.10014
-0.10662
-0.11293
-0.11495
-0.11312
-0.11715
-0.12028
-0.11452
-0.10616
-0.094106
-0.078918
-0.066865
-0.058886
-0.051276
-0.037004
-0.0081377
0.027201
0.055902
0.075842
0.091139
0.10331
0.12383
0.15096
0.17033
0.18228
0.18711
0.18418
0.18524
0.19711
0.2252
0.24726
0.23432
0.16963
0.083342
0.011984
-0.021166
-0.021719
0.0014591
0.028887
0.032015
0.007574
-0.021517
-0.045228
-0.059152
-0.054922
-0.045158
-0.043399
-0.051823
-0.066711
-0.074388
-0.075374
-0.072071
-0.061183
-0.04143
-0.014874
0.0073436
0.021304
0.033276
0.033312
0.0090005
-0.029063
-0.060564
-0.068549
-0.056289
-0.040175
-0.025557
-0.016523
-0.013323
-0.0022974
0.0089626
0.0024843
-0.016985
-0.044944
-0.071696
-0.0902
-0.1016
-0.10291
-0.14424
-0.23163
-0.25756
-0.20489
-0.14287
-0.097217
-0.06996
-0.055417
-0.04804
-0.039284
-0.013644
0.026639
0.065166
0.092598
0.11076
0.12749
0.14613
0.17632
0.20856
0.27363
0.4283
0.4892
0.40102
0.26015
0.11508
0.008033
-0.038172
-0.029951
0.0037642
0.028831
0.02473
0.00012391
-0.021994
-0.033963
-0.047124
-0.063606
-0.06822
-0.058773
-0.050769
-0.055453
-0.068019
-0.072444
-0.068345
-0.059189
-0.039458
-0.011278
0.010193
0.022372
0.031882
0.025734
-0.012085
-0.051455
-0.060545
-0.047758
-0.031283
-0.020072
-0.019254
-0.023514
-0.016848
0.002055
0.012633
0.0088871
-0.0010358
-0.019311
-0.050823
-0.086826
-0.16292
-0.26488
-0.29242
-0.23868
-0.17126
-0.12216
-0.095903
-0.086144
-0.081725
-0.076066
-0.065488
-0.051293
-0.023085
0.020108
0.064248
0.10305
0.17753
0.28582
0.32273
0.29076
0.22898
0.18605
0.17777
0.20016
0.22156
0.21045
0.1601
0.087051
0.015121
-0.027179
-0.025484
0.0048466
0.033892
0.042175
0.026357
-0.0092137
-0.046205
-0.061027
-0.055735
-0.043688
-0.037818
-0.043492
-0.049977
-0.060024
-0.070816
-0.072642
-0.066082
-0.043446
-0.0089777
0.019958
0.038716
0.029191
-0.012341
-0.044208
-0.052397
-0.047055
-0.033608
-0.02377
-0.020002
-0.021455
-0.027891
-0.033249
-0.034169
-0.024889
-0.0093731
-0.0030477
-0.010215
-0.027456
-0.055068
-0.116
-0.19382
-0.21867
-0.18526
-0.14708
-0.12624
-0.11319
-0.1036
-0.0982
-0.091484
-0.078263
-0.062776
-0.057348
-0.05669
-0.034016
0.015867
0.06442
0.095301
0.18265
0.33025
0.3846
0.31935
0.2595
0.24264
0.23357
0.22446
0.20441
0.1562
0.085077
0.018539
-0.015759
-0.017239
0.0016728
0.022037
0.027261
0.010975
-0.014322
-0.036884
-0.040887
-0.035565
-0.033205
-0.033679
-0.043916
-0.060255
-0.075753
-0.084512
-0.080057
-0.070196
-0.061567
-0.047225
-0.02808
-0.0084343
-0.006588
-0.031178
-0.048615
-0.044433
-0.029299
-0.014144
-0.011985
-0.01765
-0.019175
-0.020411
-0.024911
-0.022864
-0.0067375
0.0082749
0.0048686
-0.013322
-0.042869
-0.07267
-0.13699
-0.24025
-0.27659
-0.23206
-0.17486
-0.133
-0.1127
-0.10687
-0.10165
-0.086224
-0.068807
-0.056463
-0.047798
-0.026039
0.016027
0.061682
0.10547
0.13605
0.15229
0.16459
0.2129
0.3211
0.36532
0.33714
0.29527
0.26989
0.24308
0.17611
0.087563
0.016765
-0.020491
-0.021031
0.010555
0.038108
0.034044
0.009682
-0.013602
-0.029
-0.036768
-0.033366
-0.023945
-0.018957
-0.017862
-0.01437
-0.013546
-0.022626
-0.04087
-0.060722
-0.074147
-0.077713
-0.072503
-0.063518
-0.042078
-0.013553
-0.0083436
-0.024543
-0.036775
-0.039908
-0.038873
-0.034543
-0.027291
-0.01778
-0.011095
-0.013221
-0.018896
-0.021052
-0.023494
-0.02829
-0.022861
-0.0071563
-0.0011562
-0.010516
-0.031295
-0.058803
-0.080513
-0.099084
-0.11136
-0.11285
-0.11504
-0.1184
-0.11581
-0.11987
-0.13071
-0.13308
-0.12599
-0.11583
-0.10026
-0.080793
-0.067301
-0.06067
-0.051186
-0.021156
0.018883
0.059196
0.097629
0.12263
0.14623
0.1734
0.1822
0.1949
0.20985
0.19482
0.17232
0.16783
0.18727
0.21973
0.23346
0.21902
0.16985
0.092403
0.020192
-0.018644
-0.017968
0.0039863
0.020669
0.02026
0.003756
-0.016416
-0.031365
-0.031338
-0.024437
-0.02536
-0.024409
-0.019892
-0.021506
-0.022244
-0.025637
-0.043175
-0.066739
-0.079927
-0.07556
-0.060022
-0.046946
-0.031447
-0.0094939
0.006248
0.015208
0.01953
0.011083
-0.0095858
-0.029271
-0.038091
-0.039211
-0.037371
-0.030466
-0.018313
-0.0066385
-0.0017312
-0.00096258
0.00037483
0.00089342
0.0036321
0.012136
0.024566
0.02767
0.01595
-0.0060713
-0.029355
-0.041582
-0.048594
-0.052911
-0.049185
-0.043863
-0.046978
-0.056289
-0.064658
-0.068946
-0.067714
-0.060945
-0.056787
-0.051031
-0.036835
-0.017068
0.0015454
0.0072955
-0.0064496
-0.033542
-0.042845
-0.023207
0.0062637
0.039113
0.054009
0.051782
0.043437
0.028139
0.013788
-0.0036326
-0.01156
-0.0039426
0.018745
0.038901
0.024682
-0.018058
-0.058478
-0.075476
-0.057267
-0.012962
0.029751
0.047657
0.041638
0.02802
0.0092246
0.0056894
0.023384
0.044086
0.059574
0.064017
0.059737
0.058865
0.05656
0.048065
0.03754
0.02879
0.027123
0.029487
0.031348
0.025782
0.0078565
-0.0074204
-0.00631
0.015044
0.040133
0.046764
0.034279
0.0073267
-0.02261
-0.032301
-0.021178
-0.01121
-0.0011516
0.0057499
0.0058429
0.011026
0.024623
0.035601
0.034308
0.029338
0.016924
-0.0057291
-0.026511
-0.045956
-0.058064
-0.056127
-0.052259
-0.047102
-0.045602
-0.064055
-0.088633
-0.10034
-0.10525
-0.1034
-0.09183
-0.083127
-0.085019
-0.091868
-0.094939
-0.090578
-0.084631
-0.089321
-0.10144
-0.10921
-0.087534
-0.03548
0.022194
0.069566
0.088632
0.074317
0.05635
0.037064
0.026778
0.022148
0.018952
0.029195
0.040963
0.03511
0.0060544
-0.029572
-0.040488
-0.024469
0.0066121
0.034363
0.052131
0.056033
0.048823
0.042009
0.041153
0.044971
0.058373
0.082776
0.10324
0.10864
0.10477
0.099241
0.098398
0.093797
0.078518
0.066708
0.070012
0.072851
0.065988
0.049708
0.025931
0.012216
0.018738
0.036461
0.058069
0.06505
0.045399
0.011626
-0.014042
-0.016343
-0.0028416
0.0056255
0.0046695
-0.00091438
-0.0069261
-0.0092234
-0.0039219
0.0037048
0.003128
-0.0027479
-0.010431
-0.023822
-0.04609
-0.06869
-0.082744
-0.099436
-0.11215
-0.10536
-0.099321
-0.10754
-0.11918
-0.13221
-0.14639
-0.15415
-0.14952
-0.13778
-0.13003
-0.12264
-0.11483
-0.11569
-0.12552
-0.13823
-0.13957
-0.11814
-0.070803
-0.016003
0.027897
0.049116
0.046073
0.031251
0.013245
0.0035784
0.012738
0.020194
0.022548
0.029516
0.031166
0.01699
-0.023341
-0.06273
-0.071808
-0.050838
-0.0070461
0.04131
0.072452
0.080681
0.083369
0.082215
0.073787
0.074558
0.097568
0.12996
0.16251
0.18726
0.19562
0.18611
0.16321
0.12807
0.094116
0.084345
0.095938
0.10722
0.10886
0.10014
0.086039
0.075041
0.072226
0.077665
0.077384
0.060989
0.041549
0.030615
0.020394
0.0096483
0.0049167
-0.0031981
-0.017094
-0.02771
-0.026971
-0.016351
-0.0046427
-0.0030723
-0.013866
-0.029699
-0.048276
-0.070466
-0.087812
-0.096309
-0.098885
-0.10436
-0.11332
-0.11802
-0.12391
-0.13768
-0.15604
-0.17583
-0.18909
-0.18433
-0.16734
-0.1526
-0.14644
-0.1474
-0.14828
-0.14767
-0.14795
-0.14916
-0.14507
-0.1296
-0.098108
-0.056422
-0.02738
-0.014715
-0.0098325
-0.0036301
0.0022683
0.00081519
-0.00082248
-0.0042503
-0.016533
-0.031082
-0.039748
-0.042817
-0.04433
-0.041977
-0.03067
-0.0030653
0.037963
0.080475
0.11335
0.13942
0.15506
0.15272
0.13998
0.13226
0.13116
0.14468
0.16995
0.18868
0.19682
0.19596
0.18408
0.16369
0.14787
0.13985
0.13879
0.14631
0.15349
0.14998
0.13949
0.12792
0.11734
0.11299
0.10935
0.093412
0.070667
0.052029
0.037751
0.033724
0.032832
0.015681
-0.0054315
-0.021218
-0.036852
-0.042014
-0.036233
-0.031591
-0.038816
-0.059358
-0.079388
-0.090087
-0.10503
-0.12316
-0.12728
-0.12499
-0.12854
-0.13892
-0.15735
-0.17643
-0.18956
-0.20336
-0.21239
-0.20834
-0.20161
-0.1982
-0.19076
-0.18035
-0.17515
-0.17473
-0.17206
-0.16724
-0.16126
-0.15121
-0.1322
-0.099641
-0.066554
-0.04999
-0.034502
-0.02046
-0.022377
-0.025431
-0.033767
-0.043298
-0.044823
-0.041523
-0.03929
-0.040639
-0.043575
-0.041589
-0.02355
0.0057932
0.042672
0.086617
0.12186
0.14764
0.16993
0.18183
0.18019
0.1782
0.18313
0.19727
0.21822
0.23146
0.23258
0.23071
0.22554
0.21253
0.20186
0.19226
0.18038
0.17967
0.1864
0.18257
0.17319
0.17077
0.16549
0.14907
0.13393
0.12227
0.1033
0.084735
0.073051
0.059909
0.04269
0.023794
0.0022562
-0.01997
-0.030736
-0.027081
-0.022597
-0.030861
-0.045709
-0.058345
-0.072007
-0.084485
-0.10092
-0.12701
-0.14593
-0.15363
-0.16432
-0.17484
-0.17889
-0.19429
-0.21897
-0.23472
-0.2444
-0.24646
-0.2356
-0.22776
-0.2236
-0.21336
-0.20775
-0.21064
-0.20567
-0.19538
-0.1826
-0.16828
-0.15692
-0.14223
-0.12673
-0.1041
-0.076732
-0.057484
-0.048861
-0.050978
-0.051298
-0.050717
-0.047477
-0.044588
-0.043439
-0.043595
-0.040438
-0.021018
0.013302
0.055759
0.10066
0.13681
0.15261
0.16132
0.17591
0.18411
0.1846
0.18688
0.19738
0.21879
0.24982
0.27099
0.27216
0.26435
0.24889
0.2298
0.22022
0.21722
0.20894
0.20646
0.21205
0.21114
0.20191
0.19332
0.18141
0.16225
0.1398
0.11987
0.10667
0.09797
0.085668
0.068664
0.049733
0.025635
-0.00014343
-0.018536
-0.024771
-0.026335
-0.029155
-0.035492
-0.045913
-0.061796
-0.080696
-0.098947
-0.11879
-0.13758
-0.1483
-0.16016
-0.1749
-0.18488
-0.19597
-0.20985
-0.22258
-0.23807
-0.25095
-0.2537
-0.24935
-0.24027
-0.22821
-0.21615
-0.21548
-0.22503
-0.224
-0.21402
-0.20198
-0.18538
-0.17642
-0.17513
-0.16526
-0.14931
-0.12791
-0.11249
-0.10503
-0.096566
-0.085597
-0.071851
-0.056255
-0.041645
-0.034179
-0.031817
-0.022318
0.004856
0.052113
0.091639
0.12303
0.14445
0.15851
0.1642
0.17503
0.18609
0.19207
0.20518
0.2232
0.24067
0.25906
0.27548
0.28128
0.27883
0.27107
0.25678
0.24442
0.23459
0.22204
0.21786
0.22185
0.22215
0.21788
0.20536
0.18358
0.16701
0.15513
0.13871
0.1211
0.10613
0.092509
0.07682
0.056885
0.034809
0.013552
-0.0058034
-0.022009
-0.029558
-0.030923
-0.03457
-0.044819
-0.064098
-0.084833
-0.10034
-0.12043
-0.14268
-0.15893
-0.17817
-0.19459
-0.19349
-0.18755
-0.19199
-0.2066
-0.22649
-0.24172
-0.24836
-0.24446
-0.23389
-0.22424
-0.21642
-0.21097
-0.21141
-0.21779
-0.22104
-0.21037
-0.19795
-0.19816
-0.20091
-0.19012
-0.17026
-0.14911
-0.13628
-0.12781
-0.1132
-0.099957
-0.086894
-0.070385
-0.054612
-0.040888
-0.030258
-0.0098129
0.029692
0.075087
0.11953
0.1532
0.17232
0.17553
0.17139
0.17558
0.1825
0.1897
0.20118
0.2167
0.23375
0.25065
0.26667
0.27574
0.2724
0.25996
0.24564
0.23492
0.23023
0.22704
0.22685
0.22624
0.21625
0.20375
0.19133
0.17809
0.16182
0.14338
0.12268
0.1039
0.091217
0.081635
0.068785
0.05323
0.036499
0.017847
-0.00075863
-0.016768
-0.02361
-0.025727
-0.037147
-0.053708
-0.065276
-0.077749
-0.096354
-0.12217
-0.14438
-0.15927
-0.17514
-0.18307
-0.17833
-0.17801
-0.18731
-0.2025
-0.21771
-0.2245
-0.22343
-0.21852
-0.21389
-0.20635
-0.19965
-0.20305
-0.20953
-0.20842
-0.20393
-0.2031
-0.20448
-0.20339
-0.19814
-0.18885
-0.17088
-0.15961
-0.16092
-0.15446
-0.14284
-0.13161
-0.11485
-0.091443
-0.069845
-0.059678
-0.055794
-0.047544
-0.031378
-0.011335
0.016721
0.042665
0.050299
0.051534
0.056868
0.068841
0.081943
0.084432
0.076988
0.07465
0.082104
0.093496
0.096047
0.087138
0.078294
0.069338
0.059782
0.05872
0.063264
0.066583
0.071183
0.075674
0.073799
0.068297
0.063205
0.059023
0.058449
0.062572
0.066231
0.067646
0.070815
0.072278
0.07258
0.074418
0.073378
0.069666
0.06592
0.063143
0.061537
0.061786
0.062735
0.060708
0.056335
0.051032
0.045245
0.042616
0.040799
0.034875
0.028007
0.023325
0.020729
0.020172
0.018829
0.015271
0.011856
0.0080273
0.0058355
0.0070917
0.0090917
0.011059
0.010646
0.0091301
0.0098204
0.0093767
0.0073469
0.0062175
0.0077014
0.010506
0.010851
0.011352
0.011724
0.0087084
0.0065616
0.0071165
0.0058955
0.0049426
0.0060126
0.0043878
0.0012783
0.0018106
0.0054868
0.0058986
0.0020099
-0.0010083
-0.0016897
-0.0013106
-0.00069989
-0.00061977
-0.0011409
-0.0013004
0.001208
0.0061766
0.0094315
0.0080674
0.0029276
-0.0012577
0.00021887
0.0055871
0.0078822
0.0054171
0.0042636
0.0047765
0.0036022
0.0035677
0.0039349
0.004708
0.0053335
0.0039961
0.0045403
0.005152
0.0030927
0.0008547
0.00015663
0.00024562
0.0013349
0.0035224
0.0041482
0.0045458
0.0043278
0.00059267
-0.0010801
0.002345
0.0043804
0.003099
0.0019079
0.00070815
-0.0004403
0.00094689
0.0027094
0.00025132
-0.00069547
0.0013114
-0.00048156
-0.00085255
0.0013353
-0.00054177
-0.00054556
0.0042744
0.0056352
0.00019564
-0.0060096
-0.0058503
-0.00020017
0.0039199
0.0034717
0.0036758
0.0028585
-0.0005545
9.3174e-05
0.0028209
0.00065461
-0.004958
-0.006732
-0.0023528
0.00173
4.6213e-05
-0.0022554
-0.0018469
0.0010528
0.0033108
0.00035318
-0.0024401
1.6175e-05
0.0029482
0.0028919
0.0018152
0.00077828
0.0022188
0.0019095
-0.0030669
-0.0061487
-0.0053515
-0.00065303
0.0057703
0.005899
-0.00038394
-0.0024286
0.0019203
0.0027311
-7.1042e-05
-0.0010195
-0.0030636
-0.0026551
0.0021781
0.0026204
0.00017533
0.0017967
0.0017027
-0.0010386
0.00047478
0.0029152
0.0026991
0.0016381
0.00067087
8.9564e-05
-0.0010595
-0.0028994
-0.0033951
-0.0023256
-0.0011044
-0.0002768
0.00011191
0.00020601
-0.00074862
-0.0017187
-0.0014293
-0.0017191
-0.0021046
-0.0014695
-0.00071208
-0.00018863
-0.00085007
-0.0025934
-0.0031638
-0.0022069
-0.0010681
-0.00028186
9.4339e-05
0.00019063
0.00015441
8.5492e-05
3.0251e-05
2.5425e-08
-1.0494e-05
-1.031e-05
-6.4836e-06
-2.7848e-06
-4.8149e-07
4.9469e-07
6.5307e-07
4.6951e-07
2.342e-07
6.6883e-08
-1.5693e-08
-3.8662e-08
-3.2524e-08
-1.8508e-08
-6.876e-09
-3.2131e-10
2.0749e-09
2.1499e-09
1.3906e-09
6.1872e-10
1.2439e-10
-9.2852e-11
-1.3442e-10
-9.9761e-11
-5.1269e-11
0.00044443
0.0008845
0.00071062
0.0003935
-0.00030719
-0.000884
-0.00031466
0.0025371
0.0046953
0.0016371
-0.0025637
-0.0035327
-0.002134
-0.00042366
0.00032337
0.00090866
0.00078271
-0.00043742
-0.0011458
-0.00097366
-0.00011325
0.00067064
0.00069487
0.0029902
0.0047917
0.00068491
-0.0014391
0.002988
0.0038755
0.00023058
0.00053094
0.0025376
0.0023083
0.0013855
0.0010003
0.0013829
0.0010155
7.0775e-05
0.00015925
0.00013262
0.0012843
0.00332
0.0015958
-0.001681
-0.0030901
-0.0024492
-0.00045305
0.0008454
0.00055069
-0.00063643
-0.00081224
-0.00013993
0.00014574
0.00019226
0.00013736
6.8738e-05
1.9445e-05
-4.6837e-06
-0.00045147
-0.00088154
-0.00026805
0.00091713
0.00099787
0.00021989
0.00030787
0.00066291
0.00010774
-0.0010026
-0.0010176
-0.00021715
0.0001412
0.00021474
0.00016091
8.4112e-05
2.6342e-05
0.0004324
0.00085086
0.00068539
0.00037747
0.0001326
-0.00043761
-0.00090859
-0.0003065
0.00044915
0.00054768
-5.2651e-05
-0.00067594
-0.00021168
0.00046102
0.00052639
0.00035686
0.00016753
-0.0020609
-0.0062858
-0.0096624
-0.013613
-0.020527
-0.030153
-0.036805
-0.040444
-0.046265
-0.051624
-0.055298
-0.057777
-0.062436
-0.068211
-0.070567
-0.11381
-0.20044
-0.2367
-0.2107
-0.17774
-0.15317
-0.14107
-0.13998
-0.14224
-0.14211
-0.13686
-0.1313
-0.13216
-0.13683
-0.14246
-0.14732
-0.14487
-0.13019
-0.10288
-0.075643
-0.061418
-0.066021
-0.10223
-0.10764
-0.07978
-0.05926
-0.051514
-0.036889
-0.0036157
0.039037
0.089575
0.13638
0.16807
0.19156
0.21029
0.22451
0.23698
0.23382
0.22726
0.23671
0.35696
0.57732
0.6456
0.51757
0.36399
0.25583
0.19723
0.17667
0.18148
0.19776
0.21029
0.21016
0.19079
0.15647
0.12784
0.10908
0.094296
0.10412
0.12422
0.10846
0.066322
0.027758
-0.0025883
-0.028133
-0.054456
-0.084201
-0.11335
-0.13235
-0.13949
-0.1387
-0.13529
-0.12934
-0.13228
-0.13999
-0.14888
-0.16781
-0.25334
-0.38647
-0.41774
-0.33586
-0.25216
-0.20126
-0.17392
-0.16302
-0.16924
-0.19147
-0.21355
-0.23425
-0.23449
-0.18847
-0.12726
-0.093779
-0.085177
-0.087252
-0.12579
-0.18734
-0.19192
-0.12644
-0.034967
0.054592
0.1173
0.14219
0.13849
0.13687
0.1546
0.17383
0.18188
0.18962
0.20703
0.30966
0.47966
0.52444
0.42834
0.31971
0.24628
0.2053
0.18654
0.18322
0.18355
0.18238
0.17568
0.16106
0.13814
0.1084
0.085622
0.082276
0.089277
0.091225
0.082804
0.063017
0.036691
0.011341
-0.018698
-0.055914
-0.087161
-0.10712
-0.12375
-0.13637
-0.14237
-0.14534
-0.14604
-0.14418
-0.14746
-0.15946
-0.17429
-0.18866
-0.19835
-0.19585
-0.18339
-0.17258
-0.16814
-0.17046
-0.18305
-0.19996
-0.20353
-0.19374
-0.18877
-0.19825
-0.21311
-0.21457
-0.191
-0.15936
-0.14434
-0.13745
-0.13914
-0.14501
-0.14481
-0.13873
-0.12474
-0.10862
-0.095387
-0.084606
-0.073965
-0.057144
-0.027025
0.082298
0.23946
0.32021
0.30009
0.25611
0.22664
0.22374
0.23738
0.247
0.2492
0.24462
0.23776
0.23967
0.24658
0.24395
0.23159
0.22229
0.21479
0.26363
0.36768
0.3798
0.28703
0.19098
0.12886
0.08974
0.057137
0.02916
0.0088139
-0.001503
-0.0062797
-0.0090782
-0.012451
-0.021365
-0.03915
-0.060304
-0.12819
-0.24338
-0.29331
-0.25799
-0.21752
-0.18949
-0.17164
-0.16841
-0.17343
-0.17507
-0.17817
-0.18338
-0.18505
-0.18753
-0.18979
-0.18595
-0.18023
-0.17481
-0.17664
-0.19859
-0.22582
-0.23573
-0.22305
-0.17979
-0.1514
-0.19141
-0.20945
-0.17403
-0.13618
-0.11656
-0.096582
-0.079873
-0.058671
-0.015067
0.036768
0.084046
0.11759
0.13317
0.14088
0.15264
0.16643
0.17699
0.18433
0.19352
0.20928
0.22752
0.2454
0.25782
0.2579
0.24506
0.23026
0.22443
0.22681
0.2262
0.22278
0.2188
0.21093
0.20062
0.18518
0.16234
0.14409
0.13077
0.11521
0.10718
0.10545
0.097963
0.086874
0.069518
0.042652
0.016331
0.00099709
-0.0029158
-0.00015995
-0.00074884
-0.011592
-0.028615
-0.050776
-0.076518
-0.10086
-0.12131
-0.1321
-0.12733
-0.12123
-0.12492
-0.13423
-0.15334
-0.17215
-0.17873
-0.18688
-0.19635
-0.19391
-0.18554
-0.17786
-0.17394
-0.17443
-0.17416
-0.17959
-0.18653
-0.18715
-0.19094
-0.20523
-0.23185
-0.24062
-0.21175
-0.16394
-0.12484
-0.10533
-0.10708
-0.11655
-0.11983
-0.11567
-0.10936
-0.10573
-0.10509
-0.099736
-0.090861
-0.068088
-0.021179
0.03896
0.090845
0.12479
0.13845
0.14656
0.1567
0.15966
0.16388
0.17777
0.19356
0.2127
0.23334
0.24778
0.25595
0.2575
0.2491
0.23468
0.22703
0.22401
0.21865
0.21249
0.20395
0.19994
0.19642
0.18538
0.17372
0.15686
0.1319
0.11203
0.1058
0.10552
0.10114
0.091984
0.073356
0.046877
0.022568
0.0042277
-0.0047624
-0.0039971
-0.003733
-0.012499
-0.026945
-0.048002
-0.077008
-0.10334
-0.11968
-0.12251
-0.11524
-0.11069
-0.11936
-0.13736
-0.15825
-0.17793
-0.19108
-0.19606
-0.19286
-0.18432
-0.17926
-0.17787
-0.17452
-0.17554
-0.18177
-0.18118
-0.17808
-0.17858
-0.18538
-0.20253
-0.2271
-0.24485
-0.22449
-0.1734
-0.13019
-0.10509
-0.096286
-0.10164
-0.11009
-0.10842
-0.10459
-0.10032
-0.098818
-0.1003
-0.092089
-0.064877
-0.018942
0.034725
0.08241
0.11424
0.13394
0.14253
0.14874
0.15775
0.16851
0.18037
0.19702
0.21757
0.23421
0.24181
0.24702
0.24785
0.24246
0.23546
0.23198
0.23494
0.22882
0.21338
0.20329
0.1988
0.19331
0.18031
0.16754
0.15183
0.12774
0.10894
0.10386
0.10555
0.10267
0.092863
0.07668
0.050398
0.022943
0.0038645
-0.0067623
-0.0089124
-0.0092123
-0.017876
-0.031395
-0.049354
-0.080539
-0.11412
-0.13068
-0.13063
-0.12454
-0.1221
-0.12884
-0.14397
-0.15882
-0.16712
-0.17555
-0.17997
-0.17901
-0.18117
-0.18309
-0.18105
-0.17646
-0.17536
-0.1791
-0.18453
-0.18402
-0.18004
-0.18564
-0.20912
-0.24014
-0.24491
-0.21578
-0.16332
-0.11762
-0.10087
-0.10415
-0.11682
-0.12729
-0.12828
-0.11995
-0.11004
-0.10601
-0.10098
-0.087214
-0.062585
-0.018031
0.032205
0.077057
0.11452
0.14703
0.16613
0.1666
0.16719
0.17342
0.1811
0.19596
0.21526
0.23294
0.24355
0.2498
0.25144
0.24532
0.31422
0.45768
0.49523
0.39667
0.27925
0.1973
0.15262
0.12385
0.10533
0.10438
0.11123
0.10869
0.094837
0.073166
0.044983
0.015406
-0.00404
-0.023921
-0.057452
-0.093667
-0.12533
-0.1439
-0.14408
-0.14059
-0.13663
-0.13331
-0.13559
-0.14364
-0.16025
-0.17763
-0.19294
-0.20422
-0.19937
-0.18754
-0.18062
-0.17902
-0.17883
-0.183
-0.19021
-0.18919
-0.18399
-0.1877
-0.24336
-0.36293
-0.38064
-0.28614
-0.19795
-0.14877
-0.12161
-0.10549
-0.092019
-0.083298
-0.082995
-0.077682
-0.059778
-0.018032
0.029655
0.072825
0.11036
0.13205
0.1427
0.15588
0.16834
0.17965
0.28817
0.48574
0.55459
0.46104
0.34516
0.26208
0.22167
0.20949
0.20168
0.19547
0.19444
0.19506
0.19185
0.17795
0.16007
0.14037
0.12175
0.11281
0.10982
0.10704
0.096736
0.073538
0.045831
0.019087
-0.0018456
-0.0094192
-0.0072894
-0.0054856
-0.0094547
-0.02116
-0.04208
-0.072536
-0.10508
-0.12859
-0.18849
-0.29484
-0.3409
-0.3007
-0.2429
-0.20302
-0.18395
-0.17323
-0.17073
-0.17492
-0.17974
-0.18515
-0.1884
-0.18429
-0.18084
-0.1893
-0.20475
-0.22366
-0.23459
-0.21084
-0.15509
-0.11004
-0.10294
-0.11271
-0.11781
-0.12069
-0.12117
-0.12055
-0.11632
-0.10626
-0.10175
-0.097524
-0.075154
-0.026545
0.091124
0.24523
0.31816
0.29008
0.24633
0.22512
0.22523
0.23622
0.24606
0.25013
0.249
0.24011
0.23242
0.23099
0.22898
0.22388
0.21505
0.20825
0.20514
0.19906
0.18861
0.16985
0.14651
0.12868
0.11363
0.1037
0.10441
0.10636
0.096055
0.072304
0.043232
0.018115
0.002663
-0.0020319
0.00051468
0.0010443
-0.0084598
-0.07404
-0.18769
-0.24139
-0.22094
-0.18434
-0.15445
-0.14305
-0.15614
-0.17657
-0.18718
-0.18965
-0.18459
-0.17239
-0.16785
-0.17688
-0.18552
-0.18469
-0.17898
-0.17492
-0.17515
-0.18377
-0.2012
-0.22575
-0.23881
-0.21369
-0.1558
-0.10462
-0.086199
-0.09405
-0.11104
-0.12366
-0.12665
-0.11832
-0.10467
-0.098941
-0.099418
-0.094671
-0.07627
-0.039329
0.079386
0.24512
0.32634
0.30137
0.25091
0.21903
0.21771
0.22823
0.24255
0.25412
0.25012
0.24473
0.24187
0.2288
0.21998
0.21804
0.21168
0.20384
0.19882
0.19905
0.19705
0.17972
0.1573
0.13902
0.12025
0.11046
0.11106
0.10734
0.091436
0.067096
0.038031
0.010451
-0.0034684
-0.0043218
-0.00032313
-0.029271
-0.10866
-0.16924
-0.17478
-0.1554
-0.13907
-0.13508
-0.13637
-0.14812
-0.17435
-0.1978
-0.20116
-0.19353
-0.18483
-0.17294
-0.16786
-0.17235
-0.17588
-0.18212
-0.18801
-0.18487
-0.17961
-0.18485
-0.19747
-0.22259
-0.24355
-0.21764
-0.1667
-0.12559
-0.097622
-0.092459
-0.095585
-0.10034
-0.10764
-0.11019
-0.105
-0.10631
-0.11022
-0.10368
-0.078694
-0.029058
0.031385
0.083351
0.12635
0.2175
0.34457
0.39482
0.35678
0.30918
0.27617
0.25294
0.24236
0.23919
0.22878
0.21915
0.22418
0.22987
0.22327
0.21524
0.20963
0.19562
0.17671
0.16285
0.14939
0.13411
0.12004
0.1096
0.1071
0.10427
0.089559
0.066639
0.041764
0.01859
0.0033047
-0.0028177
-0.0022322
-0.0021362
-0.010653
-0.025565
-0.044633
-0.073927
-0.10387
-0.12332
-0.13272
-0.13651
-0.13329
-0.13268
-0.13891
-0.14876
-0.15846
-0.16966
-0.18324
-0.19252
-0.19167
-0.18086
-0.17375
-0.17342
-0.17418
-0.18179
-0.18802
-0.18472
-0.17736
-0.18049
-0.19909
-0.22476
-0.2417
-0.22069
-0.16774
-0.11858
-0.1049
-0.111
-0.11656
-0.12122
-0.12599
-0.12378
-0.11752
-0.11286
-0.10745
-0.098669
-0.073149
-0.023203
0.043192
0.09319
0.12355
0.13872
0.13982
0.13876
0.15096
0.16869
0.18616
0.20836
0.23183
0.24608
0.2526
0.25036
0.24016
0.23639
0.23641
0.2308
0.2297
0.23035
0.2195
0.20986
0.20765
0.20298
0.19324
0.17583
0.15316
0.13291
0.11756
0.11098
0.11168
0.1105
0.096097
0.06832
0.036827
0.011982
-0.00080803
-0.0038899
-0.0039377
-0.0073297
-0.015681
-0.027451
-0.044114
-0.06994
-0.10329
-0.12732
-0.13526
-0.13432
-0.13165
-0.13134
-0.13617
-0.14577
-0.1611
-0.18012
-0.19082
-0.19146
-0.1922
-0.19403
-0.18957
-0.18222
-0.17779
-0.17645
-0.17792
-0.1747
-0.1732
-0.18747
-0.20591
-0.22668
-0.24305
-0.22185
-0.17127
-0.12587
-0.11461
-0.12477
-0.13435
-0.14176
-0.14445
-0.13151
-0.11149
-0.09828
-0.09763
-0.094974
-0.073037
-0.023145
0.030702
0.077819
0.11677
0.14211
0.15303
0.15717
0.16426
0.17575
0.18862
0.20575
0.23202
0.2549
0.25877
0.25774
0.25882
0.24938
0.23779
0.23244
0.22436
0.21545
0.21274
0.20895
0.20289
0.19954
0.19164
0.17853
0.16142
0.13741
0.11582
0.1071
0.10586
0.10408
0.09551
0.075842
0.047669
0.018851
0.00040594
-0.0048529
-0.0021158
-0.001715
-0.010859
-0.024374
-0.045717
-0.078158
-0.11022
-0.13151
-0.13496
-0.12479
-0.12092
-0.127
-0.13573
-0.15241
-0.17044
-0.17818
-0.18229
-0.18596
-0.18253
-0.17428
-0.17304
-0.17359
-0.17072
-0.17546
-0.18075
-0.17413
-0.16782
-0.17695
-0.20041
-0.23125
-0.24421
-0.22216
-0.17395
-0.13383
-0.11737
-0.12355
-0.13443
-0.13959
-0.13709
-0.12755
-0.11486
-0.10774
-0.10706
-0.10252
-0.074977
-0.022558
0.039771
0.084963
0.1153
0.13338
0.14208
0.15079
0.15879
0.16968
0.18179
0.19689
0.21679
0.23991
0.25745
0.25887
0.24961
0.23905
0.23192
0.22825
0.22588
0.22152
0.21208
0.20323
0.19757
0.19364
0.18771
0.17305
0.15049
0.12756
0.10872
0.10221
0.10641
0.10433
0.096357
0.0815
0.055476
0.026049
0.0036561
-0.00524
-0.0035372
-0.0026003
-0.010989
-0.026075
-0.048509
-0.078689
-0.1069
-0.12501
-0.12727
-0.11602
-0.11307
-0.11709
-0.12155
-0.13963
-0.15912
-0.16795
-0.17679
-0.18122
-0.1764
-0.17334
-0.17053
-0.1631
-0.16057
-0.16805
-0.17521
-0.17522
-0.17852
-0.19022
-0.20428
-0.22483
-0.23765
-0.21709
-0.17069
-0.13563
-0.12334
-0.11936
-0.12243
-0.12375
-0.1218
-0.11691
-0.11267
-0.11577
-0.11519
-0.10678
-0.078207
-0.026327
0.033469
0.080724
0.11113
0.12954
0.1354
0.14192
0.15535
0.17038
0.18685
0.20043
0.21323
0.23397
0.24897
0.25313
0.25525
0.25014
0.23621
0.22697
0.22254
0.21754
0.21292
0.20639
0.20001
0.19415
0.18761
0.17497
0.1543
0.13673
0.12697
0.12572
0.12991
0.1303
0.12186
0.10498
0.079894
0.053723
0.041213
0.037558
0.031707
0.028471
0.027337
0.020132
0.0050724
-0.012316
-0.024674
-0.027839
-0.034182
-0.044446
-0.051153
-0.058984
-0.063503
-0.0675
-0.074482
-0.079583
-0.080514
-0.076483
-0.069278
-0.06383
-0.063993
-0.064669
-0.061698
-0.060445
-0.05914
-0.056013
-0.053987
-0.050261
-0.044675
-0.041436
-0.041218
-0.040092
-0.036953
-0.036261
-0.038889
-0.042414
-0.045513
-0.047566
-0.048251
-0.049219
-0.052131
-0.053945
-0.051373
-0.048336
-0.049161
-0.050187
-0.050923
-0.054321
-0.054165
-0.047394
-0.039116
-0.032855
-0.029108
-0.024996
-0.020664
-0.019179
-0.020156
-0.01858
-0.015024
-0.015985
-0.018568
-0.017968
-0.014355
-0.0082933
-0.005702
-0.0086999
-0.013007
-0.017542
-0.02092
-0.021199
-0.018558
-0.015041
-0.012503
-0.012138
-0.015316
-0.021049
-0.022455
-0.015988
-0.0092186
-0.0072817
-0.0064271
-0.0041737
-0.0035654
-0.0058405
-0.0065888
-0.0044409
-0.0020734
-0.00087844
-0.00051699
-0.001914
-0.0055013
-0.0068325
-0.0018106
0.0044886
0.0034756
-0.00098704
-0.0021742
-0.0031363
-0.0061302
-0.0070229
-0.0051447
-0.0020847
-0.0010789
-0.0041356
-0.0048753
-0.0049201
-0.0080841
-0.0083133
-0.0046005
-0.0016282
-0.0028547
-0.0068061
-0.0077838
-0.0052809
-0.0024829
-0.00060227
0.00027122
0.00047595
0.00037334
0.00020131
6.7906e-05
-0.0020944
-0.0062631
-0.0049878
-0.00018797
0.0011083
0.00071391
-0.0013348
-0.0027781
-0.001829
-0.0012131
-0.0017685
-0.0021923
-0.0015998
0.0017275
0.0051649
0.0027642
-0.0011676
-0.0024976
-0.00027577
0.0027413
0.00063939
-0.00037915
0.0035857
0.0036607
0.00069062
0.00022572
-0.0021094
-0.0050111
-0.0045724
-0.0023644
-0.00035274
9.3476e-05
0.0019265
0.003952
0.0011201
-0.0019833
0.00013375
0.0025347
-3.2924e-05
-0.0030069
-0.00084847
0.0043973
0.0067078
0.004998
0.00043672
-0.0033498
-0.0012902
0.00199
0.00030855
-0.0024797
-0.00045108
0.00041909
-0.0015246
-0.0016433
-0.0031774
-0.0046432
-0.0034569
0.00031128
0.0056935
0.0054855
-0.00077679
-0.00267
-0.00026008
-0.0014202
-0.0013047
0.0033976
0.0058842
0.0042213
0.0013384
-0.00053309
-0.00099004
-0.00078694
-0.0025234
-0.0063935
-0.0074981
-0.0051434
-0.0028305
-0.0017574
-0.0011241
0.0016046
0.0061566
0.0075859
0.0053121
0.00048609
-0.0034653
-0.0014777
0.0018487
0.0023299
0.0016462
0.00080717
-0.001875
-0.0063139
-0.0076466
-0.0053169
-0.00046926
0.0052017
0.004888
-0.00081498
-0.0025016
0.0016376
0.0028591
-0.0015694
-0.0046313
-0.0040047
-0.006515
-0.015489
-0.025109
-0.033103
-0.038049
-0.038055
-0.040571
-0.047989
-0.054406
-0.080866
-0.12978
-0.15187
-0.13799
-0.12148
-0.11673
-0.1184
-0.12432
-0.13329
-0.13586
-0.13649
-0.14046
-0.14161
-0.13856
-0.13891
-0.1399
-0.13133
-0.12422
-0.12865
-0.13704
-0.14133
-0.13773
-0.13041
-0.11715
-0.092386
-0.071244
-0.059528
-0.050106
-0.037071
-0.033889
-0.037575
-0.031337
-0.019382
-0.0046067
0.030532
0.073327
0.1256
0.17544
0.20488
0.21008
0.21363
0.22352
0.22756
0.22358
0.22394
0.22597
0.22602
0.2324
0.24376
0.24841
0.24505
0.24282
0.2344
0.2128
0.19341
0.1809
0.17701
0.18467
0.1962
0.20539
0.20608
0.19521
0.18053
0.1691
0.15832
0.14301
0.12626
0.11298
0.10039
0.085482
0.074068
0.060918
0.03716
0.00752
-0.018121
-0.042842
-0.067084
-0.095377
-0.1277
-0.14964
-0.15741
-0.15302
-0.14187
-0.14238
-0.16013
-0.18358
-0.21165
-0.24222
-0.26398
-0.26466
-0.24878
-0.23023
-0.21533
-0.20764
-0.21201
-0.22138
-0.22326
-0.22101
-0.21919
-0.21579
-0.2137
-0.20649
-0.17924
-0.14193
-0.11
-0.091353
-0.10072
-0.14209
-0.12499
-0.059322
-0.0016069
0.03276
0.058577
0.094894
0.12917
0.15355
0.16214
0.16633
0.17877
0.19013
0.19108
0.19124
0.1975
0.20848
0.22672
0.24317
0.24619
0.23683
0.29655
0.42869
0.46513
0.38015
0.28764
0.23218
0.19948
0.17532
0.15463
0.13203
0.11302
0.1033
0.098619
0.091968
0.078342
0.060437
0.04034
0.02184
0.010189
0.0012827
-0.0084917
-0.017825
-0.028453
-0.04284
-0.061221
-0.08226
-0.10507
-0.12686
-0.14267
-0.20774
-0.34505
-0.4163
-0.37799
-0.31944
-0.27963
-0.25648
-0.24115
-0.23287
-0.22893
-0.22782
-0.23427
-0.24002
-0.2365
-0.22454
-0.20988
-0.19968
-0.18529
-0.16409
-0.14762
-0.13073
-0.11757
-0.099292
-0.083272
-0.070012
-0.054189
-0.025306
0.0086755
0.042578
0.075888
0.10875
0.13945
0.16585
0.18746
0.19811
0.20119
0.19577
0.18588
0.18712
0.21025
0.2371
0.24916
0.25406
0.25232
0.23983
0.23055
0.22832
0.22255
0.2159
0.21908
0.22483
0.2209
0.21377
0.20636
0.19439
0.18089
0.1628
0.14279
0.12539
0.1093
0.092681
0.070765
0.047691
0.030854
0.019283
0.0089147
-0.00077286
-0.0095019
-0.017392
-0.06242
-0.16569
-0.22959
-0.22367
-0.20152
-0.18986
-0.19319
-0.21388
-0.23641
-0.24333
-0.2472
-0.25597
-0.25821
-0.2579
-0.25841
-0.25187
-0.24092
-0.23486
-0.23174
-0.23037
-0.22942
-0.21695
-0.19094
-0.16717
-0.14601
-0.12206
-0.099195
-0.08182
-0.074342
-0.069383
-0.061757
-0.048446
-0.036949
-0.031157
-0.0293
-0.02849
-0.016909
0.0020082
0.013452
0.023509
0.049821
0.089704
0.12955
0.15945
0.17708
0.18806
0.18997
0.18389
0.17228
0.26036
0.45996
0.54211
0.45307
0.3316
0.24524
0.20313
0.191
0.19237
0.19931
0.20081
0.19479
0.18641
0.1697
0.15007
0.13259
0.11238
0.092493
0.071393
0.04604
0.025025
0.0077999
-0.0039514
-0.010873
-0.020168
-0.027749
-0.030127
-0.038666
-0.055358
-0.073708
-0.098193
-0.12453
-0.13897
-0.2139
-0.37012
-0.44096
-0.39348
-0.32187
-0.26662
-0.23501
-0.22006
-0.21773
-0.22083
-0.22432
-0.2224
-0.21839
-0.21277
-0.19874
-0.17868
-0.15099
-0.11481
-0.079197
-0.055534
-0.033209
-0.019366
-0.021626
-0.024364
-0.02557
-0.023233
-0.025347
-0.029038
-0.031166
-0.018235
0.016427
0.072803
0.12564
0.16199
0.17896
0.17312
0.16085
0.15401
0.14577
0.15008
0.17596
0.20978
0.23808
0.24985
0.24421
0.22992
0.21111
0.19638
0.18809
0.17897
0.17364
0.17518
0.17786
0.17378
0.16449
0.1566
0.1444
0.12398
0.10427
0.092388
0.081729
0.062243
0.033825
0.007499
-0.011477
-0.026366
-0.038555
-0.04227
-0.03866
-0.036456
-0.041437
-0.058233
-0.085059
-0.10964
-0.12905
-0.20746
-0.34706
-0.40667
-0.3536
-0.27214
-0.21819
-0.19942
-0.19664
-0.20136
-0.2082
-0.20892
-0.2019
-0.1855
-0.16703
-0.15864
-0.15347
-0.1394
-0.11971
-0.089185
-0.043707
0.0025346
0.039698
0.060187
0.058692
0.036514
0.012952
-0.0049893
-0.018656
-0.03017
-0.041526
-0.048474
-0.045077
-0.033492
-0.01711
0.0028609
0.034244
0.072177
0.10608
0.13354
0.15322
0.15445
0.13765
0.12287
0.1142
0.11967
0.14636
0.17706
0.19392
0.1987
0.19324
0.17738
0.15905
0.14527
0.13549
0.13348
0.13887
0.14109
0.142
0.14294
0.13482
0.12657
0.11986
0.10132
0.077809
0.060429
0.04868
0.035225
0.010453
-0.020932
-0.046117
-0.061264
-0.064618
-0.058715
-0.053703
-0.052779
-0.054889
-0.064613
-0.088795
-0.11442
-0.13035
-0.14022
-0.14016
-0.13316
-0.13221
-0.14803
-0.16244
-0.17036
-0.17269
-0.16932
-0.16823
-0.16755
-0.16368
-0.15978
-0.15895
-0.15687
-0.148
-0.13127
-0.11156
-0.095084
-0.084654
-0.060512
-0.0088686
0.058993
0.11803
0.14457
0.12293
0.071859
0.018797
-0.023972
-0.048421
-0.050088
-0.037688
-0.026858
-0.022961
-0.020132
-0.014491
0.016606
0.055269
0.082812
0.10651
0.1247
0.12233
0.10781
0.090706
0.083003
0.092522
0.11396
0.13871
0.15247
0.15397
0.1449
0.12134
0.096317
0.084622
0.078856
0.079366
0.094025
0.10495
0.10267
0.093765
0.079936
0.070607
0.062599
0.052778
0.039559
0.021841
-0.018233
-0.089982
-0.12608
-0.11495
-0.096935
-0.076646
-0.066102
-0.078668
-0.10054
-0.11413
-0.11986
-0.11601
-0.10585
-0.10061
-0.11118
-0.13031
-0.13177
-0.1288
-0.13464
-0.13481
-0.12802
-0.12383
-0.1206
-0.11761
-0.11612
-0.1137
-0.10197
-0.083227
-0.065376
-0.049452
-0.032897
-0.015173
-0.0014665
0.0048972
0.018473
0.047252
0.09711
0.15569
0.19948
0.21962
0.20408
0.14892
0.072117
0.0040314
-0.039243
-0.055312
-0.048771
-0.046696
-0.046603
-0.031122
-0.00075497
0.037644
0.075986
0.096252
0.089863
0.08267
0.10169
0.11198
0.10119
0.086632
0.077271
0.06477
0.047448
0.036984
0.032772
0.026082
0.024576
0.034445
0.049768
0.058714
0.049947
0.033978
0.022247
0.012057
0.010447
0.010607
-0.0016409
-0.018454
-0.023871
-0.031003
-0.052749
-0.079801
-0.1054
-0.11809
-0.10956
-0.094514
-0.084881
-0.083263
-0.093093
-0.10317
-0.10733
-0.10223
-0.08083
-0.056795
-0.051016
-0.064838
-0.081181
-0.076793
-0.061812
-0.050374
-0.040634
-0.037313
-0.040806
-0.042638
-0.04431
-0.047214
-0.04892
-0.041381
-0.023133
-0.010488
-0.01104
-0.013596
-0.019853
-0.025816
-0.015945
0.0095409
0.048575
0.10552
0.16072
0.19752
0.22157
0.22055
0.18403
0.11031
0.030638
-0.021673
-0.049199
-0.071364
-0.093396
-0.092358
-0.066023
-0.034773
0.005303
0.039957
0.051822
0.042771
0.023096
0.0056151
0.0010705
0.009158
0.021612
0.027525
0.024035
0.01837
0.0096103
0.0010331
-0.00028044
-0.0047356
-0.014855
-0.020976
-0.021378
-0.016957
-0.01651
-0.021251
-0.023325
-0.021181
-0.0172
-0.013498
-0.0086842
-0.01051
-0.02577
-0.045033
-0.06008
-0.070974
-0.081739
-0.091677
-0.09508
-0.088706
-0.080397
-0.075683
-0.076592
-0.0838
-0.093539
-0.10032
-0.092474
-0.065097
-0.031484
-0.0074076
0.0015645
-0.007628
-0.023045
-0.010888
0.029282
0.052815
0.045928
0.031524
0.022115
0.018198
0.02502
0.03787
0.043781
0.040467
0.033793
0.025474
0.016147
0.014083
0.031182
0.070385
0.11456
0.1603
0.20632
0.22532
0.20018
0.14955
0.086005
0.028869
-0.0017678
-0.024883
-0.042368
-0.059097
-0.073035
-0.079243
-0.066249
-0.033189
-0.0022662
0.0030292
-0.016668
-0.04302
-0.056187
-0.048751
-0.029983
-0.01627
-0.0096642
-0.011037
-0.018272
-0.027848
-0.037154
-0.044538
-0.049671
-0.052281
-0.056062
-0.062422
-0.06305
-0.06197
-0.06015
-0.055942
-0.061666
-0.069293
-0.062634
-0.057583
-0.06743
-0.078782
-0.089992
-0.099502
-0.09862
-0.092966
-0.092633
-0.094561
-0.09095
-0.081903
-0.070617
-0.064527
-0.0708
-0.080678
-0.080564
-0.060373
-0.025678
0.0077983
0.03106
0.034812
0.018446
0.0031569
0.016557
0.040289
0.0564
0.074677
0.088423
0.088958
0.081222
0.076119
0.075801
0.073047
0.076642
0.092079
0.10428
0.10412
0.095555
0.082255
0.064666
0.058481
0.074169
0.097514
0.11864
0.1465
0.16974
0.17969
0.17458
0.14529
0.096678
0.047686
0.010351
-0.015584
-0.032441
-0.047141
-0.070694
-0.088297
-0.080595
-0.057194
-0.034755
-0.023335
-0.035298
-0.058184
-0.066969
-0.052289
-0.026476
-0.0059741
-0.000568
-0.012583
-0.034598
-0.050841
-0.054989
-0.052762
-0.047454
-0.041312
-0.043367
-0.052708
-0.058931
-0.057838
-0.052872
-0.047028
-0.040915
-0.038148
-0.040313
-0.047392
-0.05642
-0.059629
-0.056416
-0.05079
-0.043599
-0.037326
-0.032206
-0.026456
-0.021363
-0.023183
-0.03162
-0.033314
-0.020766
-0.0036798
0.0073126
0.016686
0.023638
0.024895
0.031479
0.040855
0.038889
0.030641
0.02508
0.017906
0.0093668
0.005698
0.0077458
0.011148
0.011143
0.0076485
0.0042604
0.0030956
0.0012216
-0.0075768
-0.019154
-0.021729
-0.018857
-0.017641
-0.013988
-0.00984
-0.0096644
-0.010921
-0.014433
-0.017875
-0.017373
-0.01791
-0.019032
-0.017292
-0.015216
-0.01419
-0.013494
-0.010538
-0.0060754
-0.0046761
-0.0059842
-0.0080165
-0.0080224
-0.0050926
-0.0044393
-0.0048142
-0.0035962
-0.0042382
-0.004875
-0.0033235
-0.0015653
0.0011729
0.001285
-0.001524
-0.0027753
-0.003006
-0.00083777
0.0036178
0.0074964
0.0075248
0.003962
0.0031008
0.0061391
0.0067776
0.0014674
-0.0035581
0.00046374
0.0079865
0.0090979
0.0057502
-0.0001566
-0.007432
-0.0076521
-0.00047236
0.0044264
0.0041036
0.0016766
-0.0001882
-0.0011772
-0.00093024
6.3828e-05
-0.0005882
-0.0015759
-0.0013444
-0.0027608
-0.0064516
-0.0076134
-0.0034131
0.0011122
0.0022849
0.0034391
0.0041682
0.002899
0.0013988
0.00036624
-0.00012665
-0.0002518
-0.00020329
-0.00011221
-3.9547e-05
1.6214e-07
1.3902e-05
1.3603e-05
8.5286e-06
3.649e-06
6.202e-07
0.00040414
0.00080076
0.00064648
0.00035666
0.00012572
0.0013848
0.0032758
0.002328
-0.00040219
-0.0017811
-0.0010362
-0.0014055
-0.0035834
-0.0024291
0.00084348
0.00050139
-0.001387
4.6188e-05
0.0021094
0.0020564
0.0012869
-0.0010323
-0.0030439
-0.0010493
0.0025972
0.0048875
0.0048839
0.0030992
-0.00023811
-0.0028929
-0.0011764
0.0024196
0.0047568
0.0038264
0.0011253
-0.00022596
-0.0031747
-0.005609
-0.0028238
-0.00082192
-0.0014097
0.0004838
0.0025482
0.0023351
0.001008
-0.00062742
-0.0015737
-0.0011141
0.00045039
0.0036629
0.0066635
0.0072468
0.0080227
0.0075977
0.0042733
0.0011544
5.0764e-05
4.9957e-05
-0.0015488
-0.0041075
-0.0028986
0.00016842
0.0011722
0.0020753
0.0026134
0.00086212
-0.003027
-0.006269
-0.0050923
-0.00082385
0.0029432
0.0041565
-0.0017295
-0.0085493
-0.003603
0.0058213
0.0085569
0.0063819
0.0010591
-0.0056452
-0.0059161
0.00062062
0.001082
-0.0077598
-0.012803
-0.009869
-0.006228
-0.0011078
0.006213
0.0090569
0.0051483
-0.0012557
-0.0046068
-0.0025073
0.002308
0.001298
-0.0029452
-0.0015063
0.0017775
0.0046483
0.0021152
-0.0049347
-0.0033546
6.3764e-06
-0.0012618
0.001777
0.0017798
-0.0031336
-0.0017849
0.00091738
0.00053951
0.0011944
0.0019693
0.00053537
-0.0011422
-0.0003244
-0.00052169
-0.0019823
-0.0017662
-0.0010461
0.0011695
0.0030956
0.0026344
0.001512
-0.001013
-0.0008695
0.0023351
-1.9313e-05
-0.003069
-0.0010426
-0.00055924
-0.0011148
0.0013341
0.0010448
0.00056377
0.0040097
0.0021063
-0.0025433
-1.2145e-05
0.0063323
0.0062208
0.0016766
0.00073567
-0.0024225
-0.007712
-0.0041671
0.0046471
0.0066629
0.0033488
0.0025569
0.0029321
0.0010077
-0.0048247
-0.0079372
-0.0051308
-0.0061016
-0.0042126
0.0040396
0.0054325
0.0010441
-0.0030977
-0.0027556
0.0021901
0.00087302
-0.0037221
-0.0023773
0.00054189
-0.00022434
-0.004549
-0.0053796
-0.001135
0.0021258
0.0044579
0.0048334
0.0012213
-0.003646
-0.0040065
-0.0010855
-0.0012567
-0.0024403
-0.00037775
0.0036467
0.0037117
0.00079625
-0.00050859
-0.0007768
-0.00058585
-0.00030582
-0.0019406
-0.0058878
-0.0061497
-0.0027994
-0.00061211
0.00037212
0.00057827
-0.00075116
-0.0017462
0.00012566
-4.4838e-05
-0.0036457
-0.0035624
-0.00026256
0.0017556
0.0018217
-0.0011855
-0.0021832
0.0014355
0.002165
4.8073e-05
0.0008771
0.0046687
0.0065169
0.0025422
0.00023218
0.003819
0.0059088
0.0048629
0.0031084
0.0013635
-0.0019777
-0.0050399
-0.004647
-0.0028143
0.001088
0.0042841
0.0015931
-0.0043961
-0.0071095
-0.0032206
0.0037827
0.0048345
0.0011988
0.0017335
0.0035236
0.0028589
0.0015836
0.00056175
0.00038521
-0.0016702
-0.0066313
-0.008553
-0.0060975
-0.00039686
0.0043494
0.0017913
-0.0023717
-0.00071651
0.0023573
0.0007115
-0.0019749
-0.0041514
-0.0053625
-0.001855
0.0020078
0.0010353
-0.0012678
-0.00040226
0.0016274
0.002503
0.0018947
0.00060743
0.00032068
-0.0010922
-0.0027714
-0.00075891
0.0018003
0.0020326
0.0013708
0.0006401
0.00015223
-0.00045407
-0.00088003
-0.00032556
0.00036683
0.00047331
0.00033741
0.00016691
4.6701e-05
-1.2128e-05
-2.8143e-05
-2.3423e-05
-0.001595
-0.0031421
-0.00094955
0.0017423
0.0020419
0.0014002
0.00066569
0.00016716
-6.7213e-05
-0.00012415
-9.8599e-05
-5.3696e-05
-1.8474e-05
5.1871e-07
-0.00037104
-0.0007428
-0.0002226
0.00041739
0.00048731
0.00033348
-0.00021917
-0.0022952
-0.0037622
-0.0013121
0.0019776
0.0027761
0.0020395
0.0010384
0.00031113
-5.5356e-05
-0.00016251
-0.00014039
-8.1421e-05
-3.1179e-05
-2.3243e-06
-0.00036722
-0.0011111
-0.0013391
-0.00092917
-0.00044717
-0.0017496
-0.0071213
-0.015957
-0.021962
-0.020019
-0.016036
-0.014406
-0.012688
-0.011278
-0.01311
-0.019677
-0.025388
-0.026268
-0.024561
-0.021178
-0.019404
-0.022139
-0.026852
-0.02957
-0.02957
-0.036077
-0.049581
-0.051203
-0.036537
-0.020198
-0.013487
-0.015079
-0.018291
-0.020128
-0.016918
-0.010446
-0.0075846
-0.0024776
0.0015042
-0.0081116
-0.021495
-0.025519
-0.025711
-0.02943
-0.028575
-0.0175
-0.0039384
0.0093511
0.023407
0.037047
0.056243
0.059674
0.032161
0.00015161
-0.016218
-0.017163
-0.015391
-0.012456
-0.0085523
-0.0061505
0.0024183
0.020108
0.030566
0.021347
0.0087716
0.0041917
0.0051228
0.0095504
0.013018
0.014955
0.020095
0.029414
0.039016
0.046097
0.054983
0.060191
0.065653
0.083534
0.09957
0.10957
0.13671
0.16995
0.14155
0.068713
0.0034223
-0.036169
-0.052907
-0.055558
-0.060494
-0.070528
-0.075985
-0.064559
-0.043854
-0.022649
-0.0084366
-0.0076368
-0.011963
-0.024939
-0.044833
-0.055841
-0.060298
-0.066792
-0.06988
-0.060959
-0.04877
-0.045564
-0.043405
-0.039709
-0.042525
-0.0479
-0.051708
-0.056879
-0.058741
-0.05864
-0.058007
-0.052365
-0.034723
0.016473
0.080799
0.10453
0.086008
0.049505
0.015646
0.0012068
0.0055751
0.021884
0.043904
0.059749
0.071957
0.087151
0.10332
0.10355
0.067322
0.016601
-0.015022
-0.014987
0.004973
0.020853
0.018587
0.004456
-0.0056518
-0.010608
-0.01591
-0.023784
-0.025183
-0.022128
-0.022057
-0.019638
-0.014227
-0.0089077
-0.0016558
0.011789
0.025844
0.031617
0.037213
0.039443
0.043415
0.048228
0.035293
0.020406
0.021713
0.031094
0.048167
0.062056
0.065318
0.052073
0.017307
-0.031483
-0.074196
-0.10865
-0.12046
-0.10185
-0.066597
-0.035807
-0.015592
-0.015834
-0.038421
-0.054079
-0.044433
-0.02031
0.0012824
0.0033799
-0.0022005
-0.00020791
0.0051158
0.0077462
0.0047816
-0.00047173
-0.011899
-0.030736
-0.039468
-0.030551
-0.018437
-0.010245
-0.0067833
-0.0091943
-0.016114
-0.024511
-0.032526
-0.028695
-0.0067035
0.033248
0.089677
0.11977
0.10481
0.067444
0.027642
0.0072357
0.005793
0.017712
0.03829
0.062103
0.08635
0.10789
0.11289
0.084132
0.026586
-0.022247
-0.035539
-0.021872
-0.0013687
0.0095583
0.0055465
-0.0093834
-0.027961
-0.039629
-0.041658
-0.044181
-0.048944
-0.052401
-0.058072
-0.066954
-0.070336
-0.066704
-0.061104
-0.048679
-0.027009
-0.0069376
0.0087965
0.012579
0.013527
0.019067
0.021171
0.01047
-0.015264
-0.033943
-0.028658
0.0036336
0.04811
0.07872
0.068268
0.011585
-0.056873
-0.099517
-0.10249
-0.087996
-0.06608
-0.03793
-0.016878
-0.010897
-0.022271
-0.022531
0.0063771
0.037335
0.047559
0.038297
0.019877
0.00092486
-0.011547
-0.013453
-0.01044
-0.0018152
0.013335
0.022637
0.026481
0.036073
0.050524
0.058599
0.058298
0.049229
0.025913
-0.002466
-0.024865
-0.039916
-0.039073
-0.0075998
0.036111
0.074758
0.094579
0.088435
0.070176
0.043484
0.0065401
-0.01485
0.0075887
0.058657
0.096311
0.09707
0.072772
0.04088
0.024666
0.034586
0.055103
0.056501
0.030876
0.0017172
-0.012524
-0.015145
-0.011565
-0.0069485
-0.014985
-0.036421
-0.066268
-0.090442
-0.099245
-0.096153
-0.091799
-0.08346
-0.070926
-0.055685
-0.039721
-0.023894
-0.0063225
0.015651
0.031234
0.034172
0.037405
0.043196
0.03555
0.025825
0.015138
-0.0036378
-0.026005
-0.04633
-0.061676
-0.080955
-0.095422
-0.090044
-0.075121
-0.055487
-0.038209
-0.034484
-0.03789
-0.032782
-0.016056
0.0072999
0.026966
0.035843
0.02871
0.0097083
-0.023699
-0.076889
-0.12586
-0.14325
-0.12409
-0.090937
-0.057908
-0.025734
0.0057123
0.041107
0.084806
0.11364
0.11881
0.12393
0.12435
0.10753
0.083805
0.063161
0.047844
0.032259
0.033873
0.047479
0.054286
0.062341
0.054422
0.025889
0.003036
-0.0069951
0.0030502
0.038368
0.078989
0.10525
0.1197
0.12542
0.12032
0.10224
0.076962
0.053725
0.028725
-0.0037334
-0.028954
-0.040352
-0.041603
-0.030171
-0.015469
-0.012813
-0.032457
-0.069997
-0.10648
-0.12313
-0.12275
-0.11122
-0.086682
-0.067825
-0.059225
-0.05367
-0.046388
-0.037003
-0.013886
0.014921
0.027675
0.03513
0.036014
0.021938
-0.0015933
-0.025326
-0.038538
-0.03707
-0.031457
-0.040655
-0.059533
-0.070703
-0.072158
-0.068419
-0.056184
-0.030759
-0.0091925
-0.016976
-0.037863
-0.033003
-0.0099821
0.009946
0.023406
0.022619
0.0084321
-0.010727
-0.031167
-0.038536
-0.017502
0.021617
0.061347
0.078835
0.065913
0.048994
0.047139
0.062287
0.095455
0.13489
0.16878
0.18541
0.17229
0.1354
0.093439
0.057475
0.029676
0.01153
0.0010626
-0.0065684
-0.011204
-0.013755
-0.014115
-0.010453
-0.0055209
-0.0042548
-0.0066907
-0.0073976
-0.0030967
0.0038469
0.007285
0.0075202
0.0084703
0.011561
0.015894
0.019421
0.022268
0.023713
0.023764
0.020224
0.011388
-0.00030192
-0.012731
-0.020595
-0.020277
-0.018061
-0.017677
-0.018523
-0.020434
-0.01984
-0.018538
-0.019775
-0.01931
-0.018511
-0.019015
-0.018531
-0.019028
-0.017354
-0.010807
-0.0053286
-0.0070457
-0.0164
-0.025067
-0.025891
-0.023812
-0.023984
-0.022913
-0.021386
-0.020129
-0.018534
-0.020988
-0.025006
-0.026443
-0.029005
-0.03231
-0.029522
-0.021769
-0.016176
-0.015992
-0.023025
-0.03235
-0.030483
-0.018197
-0.0067022
0.002594
0.0078282
0.010679
0.017964
0.024135
0.024527
0.024807
0.027009
0.027013
0.02296
0.018765
0.016058
0.013812
0.015287
0.021786
0.026477
0.026074
0.026331
0.02747
0.026814
0.023361
0.015641
0.0071195
0.0015582
-0.0010719
-0.0017224
-0.0013187
-0.00069628
-0.0002259
2.0008e-05
9.8137e-05
8.9284e-05
5.3592e-05
2.1666e-05
2.6454e-06
-4.9356e-06
-0.0022623
-0.0067334
-0.0080844
-0.007854
-0.0094167
-0.0087773
-0.0069973
-0.00712
-0.0068204
-0.005441
-0.005231
-0.0042925
-0.0017899
-0.0025267
-0.004122
-0.0031721
-0.0016838
-0.00055075
4.4514e-05
0.00023537
0.00021579
0.002398
0.0045476
0.0013668
-0.00023839
0.0054828
0.0087801
0.0038429
0.000723
0.0015119
-0.0012787
-0.0056938
-0.0073309
-0.0058806
-0.0041021
-0.0028594
-0.0013832
0.0012902
0.0033987
0.0028924
0.0026593
0.0019479
-0.00066338
-0.00067324
0.0022218
0.00076204
-0.0036753
-0.003225
0.00076492
0.0022216
0.0012656
0.00047064
2.2016e-05
-0.0011426
-0.00048069
0.0025843
0.0027042
0.00075731
-0.0010975
0.0015246
0.0028806
0.0022591
0.0018241
-0.002255
-0.0044627
-0.00094307
-3.03e-05
-0.0013561
-0.0023194
-0.0028085
-0.00095252
0.0010402
0.0013534
0.00096807
0.00048049
0.00013542
-0.0001551
-0.00032053
-0.00013987
-2.6037e-05
-9.796e-05
-8.7052e-05
-5.1559e-05
0.0017576
0.0035174
0.0010683
-0.00094515
-0.00017916
0.0002748
0.00033049
-0.0007709
-0.0018729
-0.0016922
-0.00013146
0.0025849
0.0037078
0.0027441
0.0014069
0.0020853
0.003213
0.00065494
-0.0022483
-0.0023164
-0.00037046
0.0014425
0.0015487
0.0036818
0.0057336
0.0025759
-0.00058865
-0.00069509
-0.0010128
-0.0014082
0.00050543
0.0025187
0.00064371
-0.00024488
0.0013132
-0.00016066
-0.0022694
-0.0021736
-0.0013466
-0.00056702
0.0025694
0.005374
0.0017319
-0.0028218
-0.0018421
0.00070976
-0.00019878
-0.0019776
-0.001874
-0.0011534
0.0011752
0.0048668
0.0060287
0.002574
-0.0028776
-0.0038389
-0.0012366
-0.0014158
-0.0026126
-0.0021972
-0.0011298
-0.00022726
5.0567e-05
9.917e-06
0.00011097
0.0002245
0.00018198
0.00010072
3.5664e-05
2.8571e-08
-1.2355e-05
-1.2137e-05
-7.6326e-06
-3.2754e-06
-5.6548e-07
5.8326e-07
7.6932e-07
0.00088429
0.0016311
0.00029499
0.00049152
0.0020395
0.00029405
-0.0019573
-0.0020252
-0.0013091
-0.0006988
-0.00035034
1.7142e-05
0.00025632
0.00024576
0.0011546
0.0020477
0.00061025
-0.0011129
-0.0013055
-0.00089563
0.00045816
0.0016438
0.001576
0.0019779
0.0029313
0.0029664
0.0013573
-0.0013537
-0.0038028
-0.0017333
0.0021645
0.0011899
-0.00012137
-0.00053341
-0.0015986
-0.00050168
0.001183
0.0014535
0.0010163
0.00049322
0.00013124
-4.2573e-05
-8.7441e-05
0.0015855
0.003244
0.00097954
-0.00081898
-0.00014314
3.1757e-05
0.00085082
0.0018282
0.0017333
0.0010667
0.0003295
6.889e-05
6.9168e-05
-0.0022245
-0.0044794
-0.0014735
0.0022625
0.0018477
0.00014275
-0.0017672
-0.0053222
-0.0046139
0.0018545
0.007353
0.0082339
0.0037592
-0.0010535
-0.0023454
-0.0017052
-0.00085925
-0.00036772
-0.0023303
-0.004431
-0.0011584
0.0027868
0.0031405
-0.00026782
-0.0037394
-0.0011961
0.0023941
0.0026527
0.0018887
0.0010483
0.00037315
-0.00011282
-0.00035558
-0.00019511
-6.8044e-05
-0.00011397
2.6627e-05
-0.0020876
-0.0043297
-0.0035264
-0.0019601
-0.00069903
-0.0022736
-0.0042589
-0.0035078
-0.0020807
-0.00082395
-8.6467e-05
0.00020169
0.00022816
0.00026867
0.00018448
-2.6673e-05
-9.0258e-05
-7.9413e-05
6.7821e-05
0.00020855
0.0001813
0.0017654
0.0032066
0.00077091
-0.0019023
-0.0020228
-0.001326
-0.00059939
-0.00024155
-0.00014317
5.7417e-05
0.00022023
8.2212e-05
-0.0001095
-2.2318e-05
0.00012993
0.00013531
8.7789e-05
0.0016977
0.003293
0.0009882
-0.0024429
-0.0033557
-0.0018351
-2.4211e-05
0.00061426
0.00061189
0.00027514
-5.6757e-05
-3.7686e-05
9.5917e-05
0.00010725
7.1944e-05
-7.9573e-05
-0.00032864
-0.00029546
4.9877e-05
0.00026437
0.00024242
0.00014627
5.9358e-05
7.4876e-06
-1.3265e-05
-1.5625e-05
-1.0739e-05
-5.1184e-06
-1.2949e-06
-0.00011189
-0.00022204
-6.6668e-05
1.1619e-05
-7.7657e-05
3.1875e-05
0.00017039
0.00015632
9.4276e-05
3.8309e-05
4.8488e-06
-8.5415e-06
-0.00012179
-0.00022871
-7.0376e-05
0.00012209
0.00014447
-0.0022811
-0.0046733
-0.0014164
0.0026145
0.0030609
0.002098
0.00088536
-8.2279e-05
-0.00038901
-0.00013035
0.00011858
0.00016174
6.178e-06
-0.00027223
-0.00038066
-0.00016832
-0.00041873
-0.00085866
-8.4135e-05
0.0008283
0.00084302
0.00043152
0.0016699
0.0032641
0.0010782
-0.0017327
-0.0020771
-0.0014382
-0.00080032
-0.00050794
-0.00033112
-3.8165e-05
0.00029855
0.0020824
0.0034752
0.00093056
-0.0019499
-0.0022419
-0.0014132
-0.00049857
1.5371e-06
0.00017483
0.00017121
0.0016499
0.0031123
0.00093575
-0.0018171
-0.0023299
-0.00011877
0.0024677
0.0010263
-0.0015046
-0.0019471
-0.0013868
-0.00068742
-8.2861e-05
0.00026726
0.00029127
0.00019322
8.8569e-05
1.9846e-05
-1.1288e-05
-1.7988e-05
-0.00012289
-0.00022392
-6.7872e-05
0.00012029
0.00014163
9.738e-05
4.639e-05
1.1733e-05
-4.5945e-06
-8.5876e-06
-6.8416e-06
-3.7327e-06
-1.2889e-06
3.0676e-08
4.781e-07
-0.00010812
-0.00032355
-0.0002803
5.4278e-05
0.00025925
0.00012705
-7.3562e-05
-8.0394e-06
0.00012609
0.00012664
8.0523e-05
3.5108e-05
-0.00010163
-0.00022044
-7.2935e-05
0.00011328
0.00013663
9.4779e-05
4.5599e-05
1.1873e-05
-4.1826e-06
-8.2384e-06
-6.6331e-06
-0.00011144
-0.00021525
-6.4744e-05
0.00011921
3.1606e-05
-0.00011821
-1.9241e-05
0.00012996
0.00013433
8.679e-05
3.8566e-05
7.7084e-06
-5.8275e-06
-8.403e-06
-6.2298e-06
-3.1963e-06
-9.7596e-07
1.5271e-07
4.8925e-07
4.2753e-07
2.4978e-07
9.673e-08
-0.00010719
-0.00031961
-0.00027691
5.3561e-05
0.00025594
0.00023279
0.00013965
5.629e-05
6.7582e-06
-0.00011972
-0.0002269
-0.0023433
-0.0043867
-0.0013318
0.0040346
0.00381
-0.0015813
-0.0022643
0.00059218
0.0014764
0.0013509
0.00081374
0.00032969
-6.5246e-05
-0.00028489
-0.0002569
-0.00015359
-6.1427e-05
-7.0135e-06
0.00012046
0.00022661
0.00018072
9.8735e-05
-7.1499e-05
-0.00021036
-0.00018136
-0.0002106
-0.00014405
0.00014288
0.00029574
0.00024078
0.00013366
-5.7511e-05
-0.00020808
-7.9239e-05
-5.5109e-06
-8.2854e-05
2.5439e-05
0.00015847
0.00014686
8.9121e-05
3.6492e-05
4.8944e-06
-7.873e-06
-0.00011368
-0.0002134
-6.5719e-05
9.6009e-06
-7.2072e-05
3.0227e-05
0.00015904
0.00014563
8.7765e-05
-6.8422e-05
-0.00020199
-7.0408e-05
0.00010494
0.00012761
8.8852e-05
4.2911e-05
1.1267e-05
-3.838e-06
-7.6802e-06
-6.2093e-06
-3.4294e-06
-1.2102e-06
2.1765e-09
4.2296e-07
0.0016574
0.0032841
0.00099375
-0.001822
-0.0021355
-0.0015653
-0.00090082
-0.00023673
0.00018366
0.00026277
0.00019427
9.9467e-05
3.0196e-05
-4.9118e-06
-1.5319e-05
-1.3338e-05
-7.7762e-06
-3.0041e-06
-2.4804e-07
8.0049e-07
8.7256e-07
5.7883e-07
2.653e-07
5.9419e-08
-3.3819e-08
-0.00010223
-0.00020272
-6.1291e-05
0.00011231
2.9473e-05
-0.00011209
-1.8321e-05
2.0929e-05
-7.5025e-05
2.0973e-05
