-0.28366
0.49326
-1.2371
12.136
-20.534
11.299
1.4005
-17.471
-17.547
-0.801
-21.113
-1.4326
9.6024
-5.7603
6.7529
2.8795
2.9235
-4.8893
-2.5838
0.95409
-1.3567
0.30459
0.30631
0.98046
-2.338
0.82313
-0.13671
-3.6294
0.3883
1.2873
-1.5736
-3.8922
13.936
-13.139
13.121
13.145
-10.384
3.5697
-6.5854
-0.62884
-0.56152
-0.9029
-0.91707
1.4965
0.099123
-1.1387
-0.77012
-1.0028
0.10836
-0.41599
-0.17406
-2.4788
1.2111
1.6761
6.4598
-3.1216
-0.71811
-0.72211
-0.55729
0.38231
0.17664
-0.89283
-0.37316
0.57285
0.57479
0.38508
0.4976
0.031284
0.053103
-1.8034
-0.11161
-2.9555
-2.9288
10.421
11.01
14.941
1.2325
-7.8681
-4.4499
-4.5736
-32.228
17.2
-15.155
3.5761
5.4226
16.375
-14.106
-10.076
-10.046
-10.564
16.019
-15.585
5.0847
1.4563
-4.5996
-2.5948
1.545
2.8345
1.3473
1.3268
2.804
-4.0524
1.381
0.61971
-1.8191
-1.8507
1.0845
13.811
13.898
10.164
-5.6964
2.289
0.26953
0.3894
0.38907
-1.4084
0.6603
-0.53609
0.25242
0.69172
-0.22212
1.0507
0.23275
-0.4639
0.2338
-0.035601
-0.90151
0.072187
-1.5282
2.2312
-2.4382
-0.55991
0.80252
-0.24622
0.36716
0.33174
-0.0053969
-0.14814
-0.58174
-0.58445
-0.096548
0.1842
-0.44472
0.61051
-0.76876
-0.14808
0.38542
-2.5241
-2.3675
25.621
1.3874
0.1238
2.1107
3.6385
-8.3353
-8.3676
-4.2522
-15.482
21.433
-8.9673
-6.9425
-11.489
10.314
-18.691
-8.0991
-2.7576
3.2152
0.42556
1.3347
1.5196
-1.0795
-1.891
-1.9236
1.1019
-0.44592
-3.1938
0.37759
-1.4785
0.50746
-10.633
15.043
-18.467
-2.3827
-0.11124
-0.11359
-1.6103
1.4953
1.0592
1.063
-1.6731
1.182
-0.63427
0.42206
-0.91134
0.71434
0.022869
-1.842
0.029819
1.3223
-1.0058
1.612
-0.49492
3.5217
-0.96592
0.67467
-0.6645
1.6218
-0.40592
0.85068
-0.12396
0.12621
0.051776
0.0070304
0.20502
0.34046
-2.9496
9.014
9.1224
-0.28297
-5.5458
-9.4342
-8.6251
7.3513
17.932
17.732
5.0455
23.943
1.8014
1.7487
-10.262
-13.713
-4.6392
12.109
12.072
1.0013
-1.8415
-1.1124
-1.5832
-0.032253
2.1726
-1.6289
3.3887
5.5911
-3.8104
1.4479
2.8173
-4.1412
3.0753
-1.7574
-1.7855
-1.26
-0.99436
-0.56089
-0.32128
1.4036
1.1276
1.1309
0.73255
0.10364
1.3569
1.3702
0.65049
-1.2048
-3.1968
1.7548
1.7564
-1.1742
0.99127
0.51058
0.28826
0.45614
-2.2108
0.90781
-0.1786
-1.0049
-1.4872
2.1175
2.1277
0.49017
0.76621
-0.93709
0.19924
0.19699
0.55613
-1.9934
2.1251
3.6902
0.45783
-9.2397
5.6694
-6.9641
-1.6111
0.91285
-0.59625
2.0741
1.969
30.045
6.2129
-11.279
-16.697
12.863
1.2069
2.7888
2.7959
-0.50307
-1.9326
1.9681
0.64688
-0.40321
-0.41214
-0.38281
0.45193
-0.9231
-2.0174
-1.8144
-1.7379
2.2842
2.8925
-3.1792
-3.2017
-1.2444
-1.2552
-2.4518
0.24002
0.24665
-1.931
-1.9472
0.78127
0.77115
-1.7492
0.44588
-0.25956
-0.26269
0.96834
0.42122
-0.23842
-0.29593
-1.5599
-0.22354
-0.32765
1.9188
-1.087
-1.0766
-1.3347
1.8476
-1.7369
-0.020993
-0.02287
-0.72244
1.6042
0.91794
0.011002
-0.65987
0.11378
-1.2336
1.627
0.13427
-0.96971
-0.28161
-2.0498
23.414
23.413
7.2155
-9.7105
-9.3502
-4.2498
8.3079
8.2492
-20.666
-6.5521
-6.3982
-31.376
-31.237
4.1184
-34.118
-0.10449
-0.13015
-19.267
-8.5405
-5.3588
13.307
13.32
-5.0006
5.2217
-1.2301
-3.5356
1.2855
1.2857
2.9199
-1.0121
2.2681
1.5948
1.3654
-2.4851
3.0182
-4.5543
-4.5453
3.0443
-1.5027
1.4097
5.6433
0.90109
0.91486
-0.4667
-2.3605
1.1775
0.98738
-0.23205
0.54004
0.45441
-0.37817
0.88705
1.7093
0.52466
-1.9418
0.29871
0.29913
-2.687
1.658
0.17242
-0.91089
0.16355
-0.30107
-0.48173
-0.49058
0.82756
-0.9889
-0.99529
-0.5151
-0.68933
0.87606
1.3194
1.3197
0.23002
-0.025927
0.36468
0.25979
0.25976
-0.52381
-0.80589
20.866
-0.61211
-18.912
-1.5525
10.776
-9.7016
-0.34137
1.911
-17.008
-17.016
-21.54
-3.5547
25.472
25.505
-25.263
6.8426
3.0755
2.4269
-0.58231
-1.2239
0.12544
0.47997
-1.2583
1.9297
4.5489
-2.735
-1.3666
2.0611
-1.1977
-1.7856
-1.7295
8.9255
-0.037156
0.31723
0.31717
-3.2621
-0.74914
-0.76134
-1.0983
1.4732
0.7853
0.78297
-0.82145
-0.44348
-0.66959
-0.67057
0.60907
0.21413
-1.1179
1.1006
1.0931
2.2245
-0.76608
0.71779
0.78889
0.20922
-0.67309
0.48575
0.48739
-0.75087
-0.54071
-0.40159
-0.12348
-1.1812
2.1586
-0.077692
-0.077809
0.93834
0.73378
-10.655
-4.5225
-1.9879
-2.0308
9.9393
-31.253
14.062
-0.45824
-0.51342
-13.894
12.274
13.452
-30.972
10.928
10.938
-0.40532
-2.1471
2.3423
-3.7775
0.41058
0.43453
0.64593
-1.3624
4.8946
-4.9356
1.087
-4.3596
2.9618
-3.5894
-3.5934
6.6245
-5.9247
-1.9474
1.1996
-1.313
0.99663
0.26402
-0.10739
1.0169
-1.3149
0.3241
1.7053
-1.3058
0.86512
-0.062626
1.4243
1.4226
-1.5215
0.60462
0.78267
-1.248
-0.84059
-0.83267
-0.46093
0.054373
1.436
1.1439
1.1495
0.0090555
0.74096
0.42753
-1.4609
-1.4664
0.36279
2.0022
0.80113
-2.0445
-2.1382
-6.4902
-2.0926
-3.9
-4.1663
-6.6525
-6.691
6.7674
-25.226
6.1388
-30.522
-30.447
-10.572
-9.2826
26.486
0.88482
5.3497
-17.115
11.575
-0.11121
-3.8307
1.8929
0.21313
-0.22863
-0.76718
-0.92565
2.0847
-4.8222
-4.7971
4.178
-4.9667
-4.4008
2.6341
-0.17705
-1.7465
-0.15121
-2.107
0.35911
-0.15999
0.90459
0.91142
0.86189
1.6492
0.245
0.19735
0.26254
-1.9281
1.5855
-0.18066
-0.35162
-1.3318
-1.3227
-0.10991
-0.97079
-1.5461
0.11051
-1.5571
-1.5613
2.0307
0.8066
-0.73772
0.37292
-0.20084
-0.43108
0.57295
0.27104
-1.343
1.7575
-0.23435
-0.13642
17.902
-3.4685
-3.8
-7.1686
-2.7262
-6.6402
-13.214
16.918
-40.194
23.141
-38.034
-0.36538
-42.098
-42.03
23.448
-18.938
-13.088
6.9015
-4.4234
-1.2677
-3.3008
-3.3003
2.5861
1.8327
-0.92801
-0.89682
1.6033
-2.6522
-0.73497
0.77593
0.76256
0.79556
-1.8695
-1.3479
1.0174
1.0267
2.5882
-1.0307
-1.269
1.1885
-0.31352
-0.52789
-0.40931
-0.20428
0.44438
-0.68412
-1.5047
0.7403
0.74431
-2.2113
-0.47441
-1.2964
0.19226
-1.4703
1.1276
0.67498
0.58735
0.039368
0.037786
-1.4715
2.0738
-0.02736
1.2663
-1.0765
-0.059444
-0.87817
-0.8811
1.496
0.45609
-2.0478
-0.61138
0.9958
1.0027
26.157
25.902
2.1313
-7.2846
10.736
-19.058
-2.1096
-1.9852
10.507
-4.692
1.8169
-4.6605
-22.316
21.332
-38.408
13.27
-10.676
6.7364
11.661
-4.8451
-8.3906
8.137
8.2345
-0.72889
-0.82939
-2.2629
0.88256
-2.8221
-1.6206
-0.46206
1.4522
1.373
0.69024
1.8096
-2.4021
-0.10903
-0.30833
-1.1147
0.54331
5.4905
-3.381
3.0257
2.74
-0.18762
3.3514
-2.5768
-2.5991
1.3208
1.259
-0.51706
1.1331
-0.53774
-0.54165
-2.0665
1.2328
1.6938
2.9248
0.14505
1.0232
1.3092
-0.92905
0.59456
0.97201
-0.95664
0.79266
0.14673
0.7912
0.79153
-0.44967
0.21743
-0.04162
1.4629
-1.1178
0.39691
-0.25985
-0.29011
0.063315
0.59348
-1.2174
2.9056
-1.4501
-0.098066
-0.085355
-4.6136
2.1405
21.801
-7.7364
-7.7138
-4.1834
7.2207
-14.065
-8.6521
-8.673
-9.3062
4.8108
-39.907
20.68
-5.8865
-5.8987
9.3507
-19.716
7.0972
-3.6608
13.038
-8.8967
4.5693
1.1228
1.1219
1.923
0.45926
-1.0117
1.954
0.48004
-1.4058
0.050405
1.2426
2.5972
-1.679
1.0381
-3.1857
0.91728
0.60387
-3.091
0.25477
1.5105
-1.9768
-1.7613
-1.7679
0.30651
0.37817
0.040312
-0.67877
2.2001
0.23418
0.83807
-0.51684
-0.28846
-2.2685
0.43917
1.0075
-1.5043
-1.0385
-0.1204
-0.35997
0.9806
2.1326
1.7001
1.6117
-4.4817
4.8053
-1.3239
2.9424
-2.8047
1.1494
-2.1531
1.7142
-0.39504
-0.39441
1.5729
0.19165
0.85069
0.18944
-1.4982
0.94616
0.29086
-1.0512
0.26026
0.24621
-2.3916
9.5649
25.762
-25.227
-0.87569
-7.8267
-8.9876
-22.991
2.1202
2.1748
-2.2713
-15.647
-1.8952
-1.8879
6.5189
-18.394
20.567
-28.025
12.885
12.917
-7.59
-5.4503
-0.5026
0.45108
0.50619
-2.2707
2.7559
-4.4195
-4.3897
-7.8664
3.0442
-3.8419
1.5149
-0.98031
-0.96937
3.4043
2.5276
-3.3716
-4.5503
-4.497
1.584
0.83928
-2.0205
1.7583
-0.85452
1.3397
-0.73888
-0.70657
-0.051408
1.1486
-1.585
-0.66028
0.10135
0.10401
0.57082
-1.6441
-0.76499
-0.94739
2.2147
2.2141
4.5226
0.2182
1.3643
-1.6828
2.8914
-0.69031
-0.057898
2.2412
2.2637
-0.26671
-0.55022
-2.3141
-0.20652
2.4983
2.5055
-1.5219
-0.53701
0.72747
1.8644
-0.45074
-0.45115
-1.3973
-1.6329
-3.329
7.7596
5.4822
-10.324
-1.8842
4.2341
-9.7351
12.089
-14.534
-8.8592
1.4996
-18.554
-18.604
-8.145
10.353
-4.5645
-6.9374
-5.0645
1.5555
-4.2649
8.7355
2.4533
0.69506
-0.61436
2.1315
-0.16944
1.445
1.4335
0.75923
-1.4239
0.92024
-0.22746
-1.7605
-1.014
-3.3749
3.1544
6.4264
0.21525
-7.9644
5.6803
1.6297
1.6423
4.9516
-1.6096
1.1804
0.49555
0.51808
0.086465
0.65226
0.67394
-0.78271
0.50082
0.49906
-0.12845
0.069168
-0.27733
-0.7596
0.58482
0.5846
-0.10588
-0.019756
-1.1634
1.0211
-2.8562
1.6621
5.4082
5.4354
-2.4815
0.2504
0.74204
1.87
-0.69871
-0.47905
-0.47758
-3.5357
2.4845
-0.37534
0.30193
-0.4253
-0.54728
0.33653
-5.3241
0.47339
1.7753
8.4323
-6.7661
7.3818
-0.34963
-21.597
15.092
-6.0188
-27.85
-10.551
-10.588
-1.8903
1.4604
-0.56646
-0.52547
-17.155
-13.693
5.7868
0.1214
22.511
22.513
19.49
-18.215
12.652
-2.5309
0.39087
0.38909
-4.5352
9.042
-5.4693
-5.0653
4.3078
-0.30414
1.0648
-2.6903
-2.8455
-2.8237
0.88861
2.4289
2.3608
-2.722
-8.6721
8.9422
-1.6599
-2.2958
2.2949
0.69099
0.30711
-0.15476
-0.11906
-0.12012
-1.3044
0.12596
0.20529
0.082115
0.081599
-0.52738
1.0275
0.41352
0.16768
-1.3391
-0.07695
-0.076343
-1.3399
0.43268
2.1894
-1.9683
5.6817
-5.3011
-0.81303
-0.81446
1.3557
-0.91465
-0.75412
-0.334
-0.33696
1.0553
1.0672
-0.21163
0.15258
0.0070616
-1.1161
-0.11979
-2.9088
10.651
10.824
-1.1022
26.874
-8.4408
-8.4679
0.16469
5.2648
-21.83
-3.296
-5.168
-5.1522
-14.369
-18.655
6.4034
-25.211
-25.228
14.724
4.155
1.5506
-18.793
0.25653
0.25359
6.1329
1.6278
-5.3006
-5.3156
6.745
-3.2745
-0.45222
-1.8073
-0.41666
-0.50285
-1.0597
0.18519
1.2479
1.2298
-3.7437
-6.1546
0.071895
-23.943
11.099
2.1826
4.9956
11.636
-4.4456
1.1938
1.2612
-1.4006
-0.0033095
0.53724
-0.11046
-0.11039
1.1054
-1.268
0.79638
-0.96428
1.1013
-0.99795
0.048175
0.31977
0.018804
0.020303
-0.90761
0.46817
-0.67069
-0.67297
0.41621
0.0099417
-1.5666
2.0517
2.0559
-0.38659
0.43248
-1.0057
-0.46824
-0.25909
-0.25935
0.52351
-0.66965
1.3654
-1.7827
-1.7692
3.0744
7.2164
7.3519
-8.8148
-8.6892
-10.778
-11.399
-0.21421
-0.21606
-15.543
20.233
20.179
-13.034
-25.829
-25.819
-20.168
-3.1041
4.5491
10.86
10.834
-26.253
20.246
-9.1122
-16.455
13.998
-15.91
-2.9907
2.6318
0.63494
0.88996
0.26464
-0.61333
-1.3424
-1.9412
-1.8814
1.0223
-0.71442
-0.4643
-10.162
11.111
11.082
-1.878
-8.3887
1.0205
9.3434
-4.4597
4.1318
-3.2968
0.95585
0.96306
2.0591
-0.87929
-0.66657
-0.24817
0.33735
0.33745
-0.019786
-0.16833
-0.31683
-0.31776
-0.090345
1.4252
-1.4446
0.98092
0.97838
-0.12412
1.2276
3.6253
-3.4001
-3.4104
1.7196
-0.1171
1.9311
-1.9244
-1.9449
0.92851
0.25476
-2.5296
4.0738
2.0277
-1.3745
-0.22066
-0.17144
-0.88717
-0.86704
-0.73871
0.63646
1.102
19.107
-14.333
-14.348
-17.034
-12.747
18.301
-6.2056
-6.2885
2.0227
-11.397
4.0782
-1.8104
-6.696
-14.237
16.408
-20.535
4.0687
11.49
-20.132
4.5176
-8.8288
-8.8309
5.2651
-3.6183
-2.2673
-0.6957
-0.1652
-0.16103
1.8786
-3.7242
-3.7349
-1.898
-3.7486
-11.878
8.0032
-12.761
-12.784
-0.3429
-3.1765
0.66045
19.909
20.065
-9.6037
0.57368
-3.2276
-0.66255
4.0705
-1.7082
-1.7114
-1.0859
-0.6628
1.2079
-1.7412
1.0965
0.44294
0.40287
-1.026
-1.0348
1.221
-0.54938
-0.71943
0.45753
-0.4963
-0.49093
0.56127
2.6065
-2.5676
-2.5852
-0.66265
0.21832
-0.77065
-0.78964
-0.792
2.4004
2.4241
-2.1907
2.1816
-1.6861
-1.6899
-1.9016
0.42735
3.9495
0.0057118
0.5011
-17.504
3.8945
9.8945
8.6047
2.4184
-0.53462
-24.676
-6.8951
-6.8944
2.1355
-34.12
21.136
11.65
-0.16068
-15.996
10.959
-10.06
11.781
11.925
-16.68
-2.5742
6.0077
-1.0643
-5.4784
4.3772
-1.1613
1.9484
1.9433
1.9864
-1.7875
1.7029
-5.1222
-6.0589
-7.1533
-9.4484
2.2585
0.50646
9.0188
9.0568
-0.86218
4.5321
-1.3828
1.3097
-0.13462
-0.13688
-0.38068
-0.58768
0.76891
0.76795
0.63549
-0.25328
-0.31632
0.83976
-0.8861
0.88506
-0.4704
0.30435
-0.13369
-0.13303
-0.017526
-1.0209
-0.47038
2.7305
3.0265
-3.9301
0.31688
1.2614
0.27995
0.28028
0.504
-1.2705
0.59772
-0.53927
0.14437
0.14473
0.70796
0.95866
-2.5177
1.7469
-1.9949
6.9516
-1.0314
19.566
-0.90029
2.2666
2.355
6.4174
0.66788
-14.755
-14.977
18.609
5.9554
-17.466
-3.4287
-17.159
-8.7324
-2.6499
-15.882
-15.796
8.5572
-3.9652
-14.012
15.24
15.248
-1.5262
-1.6805
0.21061
-3.0954
-3.0541
5.8226
4.7756
-1.8778
1.4156
0.35704
-1.695
-2.5068
1.8814
-2.4377
11.349
-6.8539
2.4578
3.3131
-2.328
-2.324
5.2806
0.23107
2.136
-2.5791
-0.86513
-0.30701
-0.29115
1.1484
-0.81579
-0.00091176
-0.00046392
-0.037732
-0.87361
-0.38547
0.14846
0.14766
-0.58216
0.05038
-0.97089
-1.3319
0.84363
-0.99675
-3.9833
0.94343
1.941
1.8335
-1.956
-0.29784
-0.62738
0.19373
0.54029
-0.50844
-1.0134
0.10307
0.69441
-0.2656
-0.26779
-0.31768
-0.12159
0.15717
-0.30263
-0.032446
-0.40403
-0.22372
-0.15433
0.09864
-0.26256
-0.19249
-0.2426
-0.56177
-0.0087829
0.15094
-0.019146
0.11031
0.02965
0.029512
-0.27709
-1.1414
1.51
-0.99589
0.64151
0.63778
0.75323
-0.06817
0.62301
-0.27045
0.44518
0.65269
-0.4792
0.25539
0.25635
-0.20363
0.26511
-0.14854
-0.26785
-0.0099653
-0.03923
-0.12596
-0.048015
-0.1305
-0.002232
0.01238
-0.033002
0.036583
-0.05133
0.0083705
0.0083369
0.068202
-0.050089
0.010396
-0.19306
-0.10849
0.055421
0.094179
0.19277
-0.010093
-0.21717
0.14831
-0.095821
0.034581
0.059225
-0.19776
-0.076845
-0.12571
0.19054
0.00024999
0.17127
-0.017866
-0.098382
-0.033144
-0.076885
0.080616
-0.0014897
0.10607
-0.14811
0.086715
0.099353
0.090778
0.11536
-0.16518
0.029001
-0.043537
-0.022922
0.13122
0.0019519
0.027518
-0.053301
0.01458
-0.20418
0.12159
0.00045846
-0.045752
0.049021
-0.039042
0.043717
0.028904
0.081235
0.054523
-0.13599
0.15228
-0.14421
0.17941
-0.097663
0.21979
-0.098695
-0.11717
0.14782
-0.033208
0.17459
-0.15354
0.077055
-0.033609
-0.026959
0.50641
-0.69243
0.13847
-0.42751
0.29351
-0.30959
0.28371
-0.0079331
-0.22087
-0.058075
-0.12806
0.22783
-0.056483
0.15698
-0.09016
-0.04124
0.11567
-0.011111
0.079811
-0.08016
0.1234
-0.11857
0.017892
0.043902
0.018119
0.046843
-0.048751
-0.04021
-0.01448
-0.0209
0.018711
-0.011763
0.037991
-0.090962
0.052384
-0.068044
0.062307
-0.061549
-0.026912
-0.0095799
-0.020085
0.05463
-0.028733
-0.0037553
0.019352
0.0078914
-0.00073231
0.068785
0.22413
-0.77519
-0.025027
-0.39092
0.38537
-0.17801
0.16096
-0.099663
-0.04931
0.1542
-0.10956
0.21115
-0.18526
0.0054529
-0.097418
0.053916
-0.00034561
0.087721
-0.069844
0.048668
0.012118
0.056879
0.05643
-0.11686
0.088029
-0.09264
0.10251
-0.0093596
-0.019911
-0.026066
-0.082418
0.14375
-0.021548
0.084751
-0.068533
-0.066775
-0.059706
-0.069717
0.075369
-0.0074979
0.034953
0.0066877
-0.010635
-0.02439
0.027207
-0.0046135
-0.040451
-0.020707
-0.013709
0.057893
0.019308
0.01955
0.0052557
0.027566
0.030737
0.017984
-0.043783
-0.0095094
0.016208
0.016222
0.018795
0.01178
0.028423
0.0078887
0.011267
0.036026
-0.012375
-0.0010992
0.044376
-0.04055
0.017695
0.017693
0.039074
-0.0238
-0.011624
0.0098404
-0.0039088
0.038543
-0.018039
0.031931
0.031941
0.002765
0.094522
-0.099302
-0.011104
0.016597
-0.076719
-0.076732
-0.062903
0.045309
-0.010707
-0.087846
-0.08784
0.055105
-0.039806
0.064135
0.06426
0.0028728
0.056443
-0.067009
0.032635
-0.070925
-0.029843
0.068934
0.068716
0.051867
0.048627
-0.031636
0.00027154
0.0020393
-0.040451
0.035903
-0.00015752
-0.00046553
-0.024727
0.0075015
0.018083
0.015292
-0.022999
0.048181
-0.0032555
-0.009117
0.01835
0.029103
-0.00078325
0.02875
0.0050117
0.026735
0.019943
-0.014931
-0.014807
0.0045998
-0.042251
0.059785
0.027689
-1.8327e-05
-0.0016077
-0.0016097
-0.043842
0.04666
0.0073711
-0.010559
-0.014343
0.026743
-0.00078862
-0.0033448
-0.0032052
-0.007325
0.045044
0.036634
0.064972
-0.049917
0.013734
0.01361
-0.0072795
0.085808
0.0059119
0.03428
0.040696
-0.042177
0.017017
0.44952
0.44914
-1.4836
0.82488
0.32377
-0.35711
0.15415
-0.086196
0.2294
0.14812
0.85117
0.85184
-0.098328
-0.098214
0.45651
-0.27103
-0.08686
-0.27147
-0.27142
-0.21347
0.059376
-0.62027
-0.62069
0.27171
0.95651
0.96256
-0.38078
-0.39084
0.38906
0.28141
1.1512
0.23075
0.49112
-1.2078
-1.2071
-0.50318
2.3907
-1.7321
-1.7387
-0.17112
0.5008
0.22498
-0.27008
-0.26902
-1.2027
1.599
-0.094509
-0.44325
0.65554
-0.91608
-0.3208
-0.7639
-0.23878
0.39464
-0.16283
-1.345
0.51002
-0.73895
-0.73971
-0.46616
-0.32899
-1.6281
-0.75285
0.94657
17.543
7.5407
-19.227
-9.9946
-3.3296
0.15801
0.19336
-10.875
-35.015
25.857
1.6042
1.5919
-17.752
7.8331
-7.3906
-4.5563
-2.5944
-1.4905
0.65097
-1.0102
4.5268
-5.3139
-5.3013
0.42802
0.6933
2.3483
-3.3968
-3.4029
1.0904
-3.9911
-6.4611
3.723
9.9509
-7.4521
-2.0003
1.754
-1.6447
0.80661
0.016234
0.014436
-0.60336
-0.5747
0.64084
-0.40585
-0.4058
-0.0051241
-0.87799
-0.87473
1.0298
1.5885
-1.8703
3.8704
-2.1031
-0.61887
-0.62038
0.83038
0.04062
-1.1873
0.34439
0.16077
0.14965
-0.15334
0.16031
0.66802
0.66161
-1.3588
15.892
25.984
-21.31
-21.488
-4.4796
-10.413
9.2823
4.3249
13.139
-12.432
-0.096344
16.243
18.67
2.758
22.511
-14.772
-14.145
9.5508
0.54514
-3.7276
2.0345
0.48411
-0.6424
-0.64729
2.4723
-4.4632
-0.85293
-1.1238
2.0462
2.0374
-0.89137
-0.81162
2.4701
-1.513
-1.5066
3.4833
0.47043
-3.6513
-2.1827
-2.2013
0.32148
1.9961
-2.0703
0.89883
0.89534
-2.0789
0.64609
0.14467
-0.12933
-0.12998
1.3291
-0.25003
0.77539
-0.21008
1.2654
-2.1836
1.2224
-1.073
0.43507
-0.14333
-0.53405
0.30495
0.11883
-0.25716
-0.44623
-0.45076
1.0854
0.99857
0.20392
-0.49464
2.9588
-2.4008
-0.93956
9.8421
21.863
0.27196
0.35632
0.12806
-22.476
-25.166
-25.179
20.141
-4.2897
-7.5508
-14.641
-4.0205
-29.975
29.142
-6.7555
1.5786
-5.0857
0.70739
0.70574
-1.7156
-0.58127
1.8658
-0.8788
0.39406
0.62877
1.0689
0.82271
-1.1041
0.34035
-0.021914
-1.4828
-0.84463
-5.0989
4.9505
4.9423
-2.6126
1.2971
1.2113
-1.6016
-1.635
1.4664
0.067757
2.317
-1.2692
-1.0463
0.82265
-0.53042
0.65501
0.41582
-0.96333
0.046914
0.045001
-1.7528
-0.44281
1.8472
-0.41021
1.2281
-0.5486
-0.52428
-0.033746
0.12772
0.12713
0.082674
0.93053
-1.0156
0.095534
0.096125
0.95329
-0.69476
0.27628
0.26988
1.0452
-1.1193
0.31887
-1.84
-0.53374
2.2264
11.66
-6.0698
-9.0933
4.2727
4.2782
0.97288
6.4763
-32.407
19.862
-30.169
1.3826
-28.33
1.4197
-24.803
-7.1238
3.9156
4.0095
-1.814
-13.605
-0.11684
2.1904
-2.55
1.1291
1.8772
-2.5093
-0.19885
-0.20477
-0.32282
0.54228
2.1553
1.4652
-0.19417
-1.1651
0.18528
-2.2846
1.0419
0.14091
0.14949
1.4739
4.6811
-1.5293
0.59611
-2.6977
-1.2582
1.1745
1.1918
-0.1957
0.81426
-0.40266
-0.20214
0.81478
-0.80428
0.50619
-0.51381
-0.16782
0.50062
1.1279
-0.35391
-0.66508
1.1335
0.41231
1.7609
-1.6565
0.36379
-1.5548
-0.9774
2.8151
-1.4696
2.4409
-1.5248
0.34333
-0.77921
-0.078968
0.70106
0.34873
-0.0075563
0.091714
-0.99092
0.30186
-0.016563
0.35559
-0.35518
-1.2314
19.546
13.048
-2.4201
-9.3015
15.715
-32.395
0.10873
-18.78
11.978
-0.19983
0.21275
4.3286
-13.033
-11.642
1.6149
0.12714
-0.17664
13.541
-26.526
0.17965
-10.373
6.196
-2.962
2.7867
-1.0489
-2.0249
-1.052
-0.66162
0.7525
0.89992
-0.075816
0.11161
0.62813
-2.123
-0.68541
-0.55187
-0.63403
0.71637
-2.0665
1.2341
4.3917
-4.313
2.4097
-1.9867
-0.94668
-1.9254
2.2937
-1.8297
2.0152
-1.1768
-0.25003
0.87224
-0.018809
-1.0134
0.25587
0.61849
-0.2197
0.80319
-0.63747
0.024512
-0.92015
-1.439
2.9883
2.0771
-0.27322
0.40377
0.60958
0.52333
1.6278
-1.9173
0.82857
-0.84742
1.1425
-1.0041
0.82057
0.96582
-0.46059
-0.81871
-0.26071
2.0829
-1.3619
-0.55282
0.94566
-1.056
-3.8497
22.081
-6.1786
-8.7884
12.225
-9.4373
-7.2397
-4.1405
4.0387
-4.4533
-27.57
5.1499
-3.7373
0.33741
21.11
-28.415
1.6084
-15.543
4.8839
-16.263
-5.3307
-0.68107
-2.8605
0.86092
0.42119
-4.3104
1.981
0.54171
-0.37713
1.238
0.1642
0.12164
0.36757
-0.98202
-1.8284
2.4531
5.6234
-6.0187
3.2263
-1.1235
3.7045
-2.6871
-0.13351
-2.5943
-0.99965
-0.46588
0.45021
-0.072898
-0.71456
1.689
-0.64437
-0.75085
0.98052
-0.10493
0.62171
-0.31131
1.3501
-1.4053
1.4303
-1.8596
0.95922
0.44437
3.6039
-0.79413
-0.97221
2.362
-0.46724
2.2508
-3.1043
-0.54782
0.68609
-0.22058
0.40252
0.32534
-0.92686
0.40146
-0.8682
1.1442
-1.1369
0.1295
-4.0249
16.704
2.1047
-3.925
5.5056
-0.84854
-11.988
4.3554
4.2417
-17.955
14.374
-28.407
9.272
-18.085
19.776
-25.208
1.8755
3.4139
-2.5975
-0.069665
0.043149
-2.3634
-0.17471
-2.8865
1.8975
-0.42138
-0.0047039
1.7242
-2.036
1.094
-2.8784
-1.903
1.2718
2.4837
-3.4587
2.6812
-5.7666
-1.3249
-0.5761
-0.57978
1.4521
-2.3588
2.0668
0.41978
0.29214
-0.62092
-0.55599
0.62954
-0.7252
-0.50227
0.69089
-0.18132
-0.097456
-0.08795
1.6088
-1.0791
-1.0812
0.27987
-1.0098
0.82375
0.82805
-0.19162
-0.37512
0.00043787
-0.11744
-0.11737
-0.12813
0.45981
-0.61877
0.7006
0.6981
-0.48179
-4.6003
21.126
-2.5364
2.4142
2.0453
2.0943
-7.6225
-21.415
6.2694
-29.65
16.172
-10.385
-10.405
-12.522
16.946
3.4542
3.5243
3.4554
2.2138
1.3996
1.3818
1.2346
-0.79483
-1.2574
-1.2507
0.37051
0.361
1.4056
0.19846
0.19882
-0.13317
-0.9981
1.1105
-3.5491
-3.5335
1.871
6.5699
-0.6303
-0.80661
-0.79751
-0.74798
-1.144
-5.3941e-05
-0.27466
-0.28663
-1.1193
0.91602
0.3487
-0.18592
-0.39802
0.5828
0.2991
-0.23891
-0.60336
-0.30461
-0.66709
-0.59017
1.68
-0.27955
-0.04425
-0.047012
-0.999
-0.12266
-0.49844
-0.024415
0.68818
0.0099214
-0.17586
-0.15616
-0.1553
-1.3076
0.52831
0.43807
-0.27992
-0.78411
-0.74184
-2.5377
14.119
0.72271
-3.1543
-9.2848
-3.2198
-9.6305
12.785
12.808
-18.078
13.621
-25.062
18.318
-24.384
4.0578
3.9927
-8.7946
-1.0324
1.5117
2.8144
0.85088
-0.38556
0.49752
0.24281
-0.47219
0.94269
0.14013
0.5981
-1.2683
-1.2626
-3.2744
-1.1972
0.75782
-1.5083
-0.14127
1.4441
-0.6338
-3.7358
-0.35089
0.36962
0.29882
0.49773
0.40478
0.82914
0.83154
-0.22854
-0.030322
-0.092379
-0.14979
-0.02533
-0.35153
0.55989
-0.18633
-0.45335
1.5512
0.22117
1.8268
0.12123
-1.9905
-0.88866
-0.88998
-0.60461
0.11594
0.9719
-1.0461
0.68592
0.27194
0.27355
0.060515
-0.53793
0.3058
-1.173
-0.80905
-0.14723
4.5037
4.846
13.787
20.327
-19.836
-1.2287
-11.665
10.612
10.677
-10.052
1.3193
-13.165
14.166
14.393
4.9414
-22.597
4.1749
7.3572
7.3959
-4.9872
5.3291
0.47234
-2.8871
0.56925
0.5724
1.6383
0.39698
-0.10041
-0.079623
2.3501
-0.36229
0.90363
-0.70394
0.056504
0.60765
0.061843
-3.5352
-3.5367
6.8596
-4.4499
-1.8523
-2.8752
-0.52841
0.52012
0.68232
-0.73296
0.93589
0.43011
0.43123
-0.1787
0.5999
-0.51624
-0.34071
0.67373
1.0703
-0.052527
-1.3665
0.21377
0.86517
2.1432
-1.4402
0.015656
0.44755
-0.40419
-0.40373
1.0746
-1.8846
1.5137
0.31476
-0.21737
1.6979
-1.9466
-2.5003
3.1053
-0.48466
-0.65752
-0.35637
-0.34236
-0.62091
2.1628
14.963
-23.127
-15.809
23.312
-1.0737
18.665
-11.958
-7.2215
-7.2307
14.203
-22.674
6.2237
16.561
18.422
-23.214
-23.356
-4.0552
2.2793
3.1742
1.3369
-0.46645
-0.46083
-2.9028
4.4592
-1.941
1.6801
1.2125
0.6705
0.91431
-1.8139
2.5521
-1.0533
-3.2281
1.6767
-0.83269
-2.3373
1.5352
0.8328
1.9687
1.9704
0.38426
-2.1654
-0.23262
1.2468
-0.65172
2.3172
-0.23692
-0.87308
0.97175
-0.050947
0.57806
0.57702
-1.2219
-0.10687
-0.2678
-0.15309
-1.3273
0.74076
0.08053
-1.551
1.091
-1.0539
-0.12863
1.0909
-0.077878
-0.78135
0.84501
0.45041
-0.12163
-0.2025
-0.20042
-0.20093
-0.1983
-0.0075791
-0.17245
-0.25669
0.3715
-0.48815
1.4272
-1.2039
0.0099528
0.43708
-1.2208
22.808
13.793
-1.2247
-2.902
-14.327
6.1244
3.0576
-3.8683
9.2175
-20.324
-14.588
-14.796
3.5592
7.2688
-6.9809
18.629
-5.3221
-18.473
6.4862
3.1075
-6.3234
4.248
-2.0272
-1.4776
-0.16534
-0.55904
-1.9551
2.6378
-1.134
0.54061
-0.4693
2.0548
1.4812
-4.4737
2.04
-1.6724
0.66965
-0.35186
4.7854
1.3347
3.7241
-4.6379
-1.1115
0.87335
1.1911
-0.64041
-0.13213
-0.65724
-1.0704
1.2466
0.36073
0.010377
-0.79621
-0.042431
0.029465
-0.63608
0.10719
0.82305
-0.88047
-0.68931
-0.9982
0.4935
-1.1197
0.93529
0.34353
-0.7206
-1.359
1.3475
-0.83239
0.17071
0.26907
-0.60179
0.62108
-1.207
-0.38361
-0.19403
0.55124
-1.4842
2.2688
-0.161
-0.16095
2.2738
-3.4529
-0.93534
20.259
-23.874
-15.904
20.424
-18.177
-6.9649
0.37214
-5.9267
-4.2674
-28.246
13.362
-13.397
-2.5685
22.862
-33.384
6.3949
-26.808
-1.5917
8.3892
-13.122
-0.71565
-0.75717
-0.30297
-1.0382
2.2051
-1.9797
1.817
0.4392
-0.2589
0.779
1.9262
0.78441
0.45125
0.61641
-5.0096
-3.6244
1.1181
-1.8374
-1.8375
8.5503
-4.6796
1
-2.0057
1.7156
-1.4908
0.061268
0.5589
-1.454
1.6492
-0.40311
0.22733
0.37601
0.52843
-0.37691
0.30793
-0.044723
0.17479
-1.0329
1.4949
-2.0978
1.0687
3.6667
-1.933
1.1817
0.69591
0.33901
-1.0576
0.81799
-1.2181
1.047
0.10564
-0.67199
0.63395
-0.64737
0.85138
-0.2352
-0.87365
0.85531
-1.3118
0.49076
-1.0466
0.034519
-0.078163
12.026
18.205
-13.238
5.2297
-4.6494
-17.395
6.5724
-19.8
-7.395
5.8813
-1.7008
-6.6469
-21.692
11.636
12.836
-14.169
15.624
-15.537
6.5936
6.6317
1.543
-8.6173
3.022
-2.6992
-2.5399
-0.27167
1.2603
-2.0167
1.019
0.74748
-0.71865
1.347
0.35593
-6.1519
4.8978
-2.6949
1.4778
0.18151
0.18305
1.9838
3.8542
1.0172
2.3817
-4.0979
-2.1969
-1.9535
0.32881
0.47281
-0.80957
0.20821
0.20793
0.79416
0.11461
-0.75402
0.18765
-0.060182
-0.061659
0.38614
-0.21922
-0.21847
-1.564
-1.1276
2.211
-1.3198
-0.24687
-0.2474
0.19587
-1.2493
-0.37939
0.074385
-0.27929
0.16368
1.0154
-0.99284
0.64753
0.2946
-0.026503
-0.82586
1.2425
3.0572
3.0489
-0.6713
-0.80603
16.901
17.394
9.9347
-1.4537
2.5258
-6.3285
-14.986
-15.018
17.448
-14.947
-1.1204
-1.1141
-32.19
-4.4192
0.53931
-14.968
-14.988
22.294
1.1994
-1.7416
-5.4029
1.4225
-2.2572
-1.6055
0.27002
0.26884
0.37712
0.017349
-0.069884
-0.08199
-0.5972
-0.59448
-0.16009
0.5438
-0.35736
0.18421
1.6132
-0.54223
0.52094
-0.57455
0.5542
0.55306
-1.1986
0.5855
-0.6955
0.060461
0.53007
0.52933
-1.2858
0.81506
-0.051153
-2.2745
-1.3698
-0.054868
0.74501
0.45098
0.4536
-0.11432
-0.10266
0.58309
0.99905
1.0016
-2.0003
-0.64871
0.67275
-0.48848
-0.48761
-0.28765
0.15743
0.048794
-0.55059
-0.54994
0.20548
-0.30052
0.21961
-0.47731
-0.47621
-0.36159
0.47189
-0.26451
-0.06202
-0.062069
0.3745
-0.5149
-0.19532
0.018321
0.11059
-0.055382
-0.084714
-0.42084
0.39799
0.39835
0.08926
-0.1769
-0.013423
0.12551
0.25242
-0.26079
0.058724
0.073188
0.24139
0.24102
0.10638
0.12043
0.16847
0.018223
0.018335
0.021794
-0.098034
0.11321
0.10455
0.10469
0.29072
-0.12311
-0.1799
-0.10426
-0.10409
0.060279
0.25492
0.098855
0.14485
0.14487
-0.37955
-0.21247
0.012921
0.14313
0.14323
0.11896
-0.10465
0.0060321
0.1753
0.013855
0.032756
0.018697
-0.15138
0.24129
-0.15073
-0.080396
-0.080341
-0.14002
0.077167
-0.0038437
0.10434
0.10434
-0.076072
0.12928
-0.090132
0.058759
0.058761
0.014345
0.01677
0.016765
-0.043775
0.011306
0.011245
-0.046053
0.0131
-0.061308
-0.01909
0.04832
0.037403
0.0044979
-0.079448
-0.079468
-0.054392
0.089944
-0.051811
0.02813
0.028135
-0.019219
0.005369
0.030805
-0.067841
0.1128
-0.039545
0.031696
-0.054496
-0.024027
-0.12415
-0.12416
0.0046167
-0.075706
-0.082999
-0.048803
-0.048805
-0.045221
0.1555
-0.10917
-0.031153
-0.03115
-0.01742
0.098326
-0.081727
0.036476
-0.044479
0.031721
0.037394
-0.027357
-0.067822
0.023819
0.035606
0.03561
0.07178
-0.036606
-0.018633
-0.018629
0.06006
-0.045125
0.078776
-0.04815
-0.04824
-0.016853
0.017834
0.024843
-0.059483
-0.059468
0.059862
0.078719
-0.025834
-0.067294
0.043608
-0.056788
-0.056903
0.11565
0.0051626
-0.061082
0.047382
-0.094688
0.1571
-0.08999
0.038807
0.038819
-0.045952
0.0208
-0.073136
-0.021024
-0.020976
0.060205
-0.074953
-0.031864
-0.10106
-0.11681
0.28461
-0.11625
-0.21291
0.53524
-0.21681
0.25016
-0.028591
0.080707
-0.30437
0.056396
0.017107
0.29802
-1.4381
0.56681
0.97187
0.10753
0.10786
-0.15753
-0.39342
-1.6519
0.020899
0.50152
0.014914
0.436
1.2914
0.13703
-0.47959
-1.0123
-0.50067
-0.68435
1.6004
1.5972
0.10063
0.28434
-0.13847
0.77612
-0.69317
0.9546
0.95922
0.17555
-1.5749
-0.69111
1.2113
0.088262
-0.3466
1.7611
3.5647
-1.3549
-2.0717
-1.8666
-0.1244
3.0509
3.046
1.1431
-1.9603
1.6275
-0.54445
0.64494
-1.9342
1.7578
0.53706
0.27531
0.31078
-2.1825
0.053603
0.19211
-0.58162
-0.58505
1.6265
20.015
-6.5045
12.641
9.0397
-17.884
7.4491
-3.419
-6.0653
-20.803
-20.617
-32.384
16.439
9.225
0.85899
0.65782
-0.87909
5.6897
0.26302
-0.62466
2.2205
0.32028
4.0384
-1.1906
0.36503
0.34383
1.7587
-3.46
-3.7851
-7.1856
-0.50198
3.5026
-1.7341
-4.95
-5.2226
-1.0853
10.67
7.6829
0.17227
-0.95897
0.71398
-0.22601
0.38936
0.96218
-0.34182
-0.32444
-0.3282
0.7352
-0.24833
-0.23227
-0.59486
-1.9895
-0.92453
-1.5192
1.4916
1.57
1.8634
-4.6199
1.4322
-1.7585
0.28107
0.7109
0.12144
0.80423
0.91238
0.18922
0.57196
3.065
3.0659
0.19852
0.65599
-4.6523
15.86
-14.957
4.3307
4.455
1.979
-16.34
-12.086
8.6543
-6.3272
15.798
-10.151
-10.396
-27
0.87183
3.1989
-4.9847
-11.972
-2.9218
-17.748
18.983
0.33553
12.178
-11.297
-2.4369
-6.8673
2.9629
2.938
-0.28605
2.9965
1.1078
0.22151
0.38819
0.16442
0.40395
-4.7499
-7.4019
-8.4592
21.857
-5.959
4.4307
0.14931
-0.83223
-1.407
2.4172
-0.92785
-0.99404
-1.0075
-0.85047
0.48686
-0.13789
0.73731
0.73255
-2.0293
0.30399
-0.6521
1.1174
1.1283
-1.1947
-1.0529
-4.2453
3.6969
3.7042
-2.1675
-0.16233
1.8161
1.8237
0.020475
0.29947
-0.11992
-0.053976
-0.3554
-0.35555
-0.45286
-1.2581
0.22655
-0.19424
24.084
-25.446
-9.2854
-23.029
-22.985
-11.79
16.65
-16.729
-13.763
-13.794
-3.045
-9.1668
13.673
-22.741
2.8501
5.2392
6.5702
-3.1629
-1.0026
3.4618
-5.5829
18.961
-32.119
-6.0746
6.8496
-11.016
7.5857
-0.79179
0.32344
-2.6863
-2.7155
-3.5802
0.0042646
3.4714
-4.8545
5.2886
12.308
2.1665
-3.3914
0.15034
-0.014709
-0.67877
0.075259
-0.55351
-0.10547
-0.10664
-0.36128
-1.1043
0.4352
-0.8509
-1.3129
0.62935
-0.44617
0.91343
-0.99119
-0.98985
-0.047772
-0.5269
1.5421
0.080763
0.94656
-1.601
0.33351
0.19587
1.1771
0.45671
-1.8873
3.5471
-0.56589
-0.36223
0.84884
0.34735
0.27857
0.067807
0.81683
-0.014182
0.0015275
9.272
20.117
-0.32495
-12.294
2.3569
-5.7481
3.2429
-6.1018
-6.1648
7.2728
-24.276
-23.244
19.222
-0.041612
-0.039752
-22.353
-6.6852
-22.161
4.8826
1.3165
1.9555
12.679
-9.7416
2.0648
2.0639
-1.4289
0.53195
-1.3472
2.581
2.5809
-1.8786
1.3177
-3.419
-4.0965
-13.136
-13.09
2.4778
3.459
-5.2799
0.3582
0.36455
1.5668
-0.2262
-1.2838
0.62409
0.044379
0.69702
0.38746
-0.10711
0.8822
-0.51003
-0.53138
1.1088
-0.88172
0.75394
-1.2093
-1.2095
1.4098
-3.8981
3.8767
-3.2427
3.5255
3.5461
1.7424
0.048792
-2.112
1.2273
0.29118
0.29158
-0.63167
-0.11998
-1.3561
3.482
1.0662
-0.28452
-0.83868
0.93894
16.942
16.886
-26.578
-4.7073
-24.124
-4.6416
5.2698
-8.0118
-4.5052
-6.9794
-7.0306
-21.28
-25.095
0.19175
11.58
-5.3964
-17.559
8.3006
8.2909
17.081
-28.426
-28.188
-6.7167
-6.615
-3.2774
1.1892
1.3907
4.2637
4.2306
-1.9943
-2.9969
-3.0029
-1.1773
-1.1876
14.922
6.8811
-2.381
-2.3616
2.9812
-2.494
0.7729
-0.20735
-0.44559
-0.44885
-0.031561
0.50839
2.1368
-0.80139
-0.79875
-0.24286
0.40011
1.675
1.6805
-0.62825
-0.86999
0.32065
0.20026
-1.1203
3.1733
2.0389
-2.7076
2.2399
-4.2592
-4.2958
-2.1589
0.0020608
1.8634
-1.2321
0.25803
1.26
0.2249
-0.59154
-0.59315
-1.5749
-1.7261
-0.44804
-0.11635
-0.49081
2.805
18.845
18.405
-20.08
15.943
15.796
-11.921
-25.646
18.523
18.36
-18.548
-19.082
11.769
-4.1753
-4.2171
9.3168
-12.043
-7.1243
7.4432
-2.5833
-2.5971
15.759
-9.9165
-10.023
9.1488
-26.86
15.557
-7.698
-3.3053
-3.1632
-0.19749
5.3767
-8.2313
0.66162
-1.8105
1.2286
0.53186
-7.063
-7.0185
-10.467
-6.414
-6.4227
-0.7131
-0.88553
-1.1287
-0.28199
-0.28542
-0.30614
0.57637
1.3924
0.35899
0.35586
-0.20801
-0.02453
0.18375
-0.16332
-0.15974
0.191
-0.4661
-1.5294
3.5119
1.2106
1.2114
-1.7937
0.49992
1.7874
-1.2473
2.6984
3.5544
-1.6968
-0.49477
0.24684
0.58738
-0.51988
0.23647
-2.7782
3.1751
-0.8199
-1.8543
0.72885
-0.85924
20.217
-7.8018
-3.5595
-12.515
0.22681
-14.765
-5.325
1.0594
-38.87
18.331
-29.332
-14.09
-12.908
-7.7385
6.8552
0.90584
-16.458
25.932
-13.547
3.0013
15.86
15.755
-34.218
14.96
-2.9613
-18.227
17.797
-9.4829
-3.1088
-2.1288
0.37111
0.37021
-1.1224
-1.2077
-4.1868
-4.2484
-14.791
8.3008
-3.631
4.993
14.988
14.974
-5.7442
-3.761
1.4984
0.052785
0.051359
-0.16451
2.2033
-1.0176
-0.81764
0.46536
0.4639
-0.10352
0.76051
1.8907
-2.7685
-1.6561
-2.6271
-2.2311
-1.4536
-0.66967
1.7187
1.7295
-0.40054
4.7099
-1.64
-1.6558
-0.092126
1.4373
0.83513
-1.4865
-1.2599
-1.2519
0.33543
-1.7455
-1.0577
-0.29318
-0.29153
5.1654
13.649
12.384
12.348
-0.60594
2.2185
-0.56276
-1.6969
1.9278
1.9442
6.5346
-19.462
9.4759
-7.4867
-7.6
-10.383
10.325
-9.6188
-9.5964
11.108
10.396
-6.1114
3.5328
15.341
15.229
6.6244
-9.4139
-5.5517
-1.7276
-1.7163
-3.8549
-3.1828
-0.7888
-1.6377
-1.6631
-4.6969
-5.3825
-1.025
-7.8129
-7.826
4.288
3.5351
18.96
-8.6919
-4.0151
-4.0824
1.0471
-2.6832
-1.4673
-0.7785
0.34811
0.23907
1.0756
-0.93996
2.1768
-0.0632
1.4818
-4.1575
-0.31863
-4.3236
1.4756
0.3175
1.3937
-2.9919
3.1828
0.43312
0.020637
0.43009
-3.6986
-3.7532
0.85323
0.33966
-2.3288
0.020814
-1.0076
0.53766
-0.21656
-1.0892
-1.0915
-1.5553
-0.26639
-2.0072
1.816
1.8328
5.1574
-17.02
-11.551
21.474
-10.856
-10.901
0.51734
1.9884
-15.847
-11.02
-11.016
1.923
19.543
6.4171
-33.389
-33.303
-8.8546
0.85169
15.266
15.407
-9.5304
21.036
20.649
-13.657
-11.397
-1.6083
-1.1824
-1.1749
-3.994
5.6375
0.5726
-6.8897
-6.8712
-1.3001
-5.8984
-5.2339
5.8102
5.7355
17.101
8.349
-0.88199
1.9281
1.9489
-0.027306
0.20189
-0.036349
0.13776
0.13612
-1.2481
-0.79963
-1.3192
-0.68631
-0.76938
-0.45627
-0.31364
-1.6423
-0.85704
-0.86792
0.21062
-2.0792
6.3797
-3.1947
2.4376
-3.3406
6.1864
-6.0027
1.4332
-0.96294
-0.32915
-1.105
1.1946
-0.1869
0.80599
0.80602
-1.968
1.0023
1.2077
2.1267
-0.85154
-0.85566
-0.014316
-1.072
9.5183
-9.5548
-9.6853
2.8483
-17.373
10.283
10.335
-3.7954
-4.7152
-29.734
-15.279
-7.5434
-15.072
-10.285
-22.126
14.048
-7.4562
-7.3616
8.8782
-6.6752
6.7726
-2.0724
-1.9871
11.023
-11.688
6.5699
-2.3052
-7.2717
1.2044
-1.0818
0.24703
-4.4645
-1.6537
-4.5103
-7.4334
-5.4556
-1.0697
-1.0713
6.2216
24.828
15.314
7.948
-0.5179
0.60472
0.0030048
-0.16049
-0.10029
-0.10009
-0.15587
-0.33013
-0.19151
0.2938
0.28768
-2.0545
2.8328
-0.29496
0.86962
-1.0079
-0.9189
-3.5523
1.1464
-0.75145
-0.73862
1.3465
-1.0954
-0.28465
-0.28442
1.595
-1.1651
-0.63776
-0.87862
-1.6515
-1.0112
-1.0109
2.4193
1.2762
-1.1907
0.2527
-0.25762
-0.60699
-0.26257
-0.24098
-0.24172
0.013242
1.2566
-0.063503
-0.03412
-0.034556
0.35492
0.068234
0.026397
0.83669
0.83155
-0.47819
-0.1028
0.33703
0.37296
-0.9288
-0.90035
0.97782
-0.37625
-0.36985
0.62603
0.13928
-0.49667
0.45564
-0.3837
0.86998
-1.1344
0.82426
-0.4073
0.1025
0.017868
-0.14912
0.4395
0.60326
-0.22552
-0.08365
-0.16151
-0.31089
0.056429
0.11085
-0.139
0.28238
-0.20376
-0.10901
-0.48174
0.26839
-0.004729
0.1934
0.39736
-0.43417
0.383
-0.17964
0.10978
-0.038026
-0.076106
-0.29243
0.057519
0.064103
-0.12429
0.11586
-0.13617
0.022092
0.083643
-0.037391
0.14711
-0.054813
0.0026357
-0.08801
-0.008424
0.099271
-0.013448
0.062569
-0.087419
-0.013432
-0.26698
0.16186
0.11185
-0.21489
0.087982
-0.19888
0.00096744
0.2345
0.083128
0.12612
-0.26748
0.11401
-0.16223
0.092104
0.010562
0.012803
0.11506
-0.104
0.072743
-0.065887
0.098441
0.013704
-0.11058
0.010357
-0.085946
-0.0085692
-0.23392
0.22171
-0.04842
-0.14695
0.04072
-0.094713
0.071203
0.0069739
0.04949
-0.0075333
-0.064326
0.032746
-0.020913
0.030285
0.011748
0.054007
-0.0061174
-0.031702
0.028891
-0.056096
0.047096
-0.046632
0.034181
-0.047662
0.049483
0.011207
-0.025626
0.018906
-0.036946
-0.017025
-0.060179
0.032391
0.017831
-0.037587
-0.019392
0.028885
-0.034791
0.034829
0.020449
0.061283
-0.11378
0.12806
-0.05103
0.085298
-0.10492
0.020285
0.022337
-0.089804
0.077195
0.029832
0.0089422
-0.074804
0.1131
-0.0085708
0.10756
-0.07554
-0.0049773
0.0089494
-0.05931
0.077194
-0.025404
0.06206
-0.051462
-0.011158
-0.043835
0.046343
0.012902
-0.032455
0.0087916
0.030661
-0.045085
-0.02659
-0.13798
0.058042
0.011455
0.003047
0.059104
-0.012516
-0.087564
0.031584
-0.078013
0.059536
0.0059122
0.058025
0.0027133
-0.077678
0.071578
-0.030954
0.0095417
0.021311
-0.015606
0.0022984
-0.051035
0.039636
-0.0087906
0.017372
-0.054779
0.0041268
0.038827
-0.037978
-0.018916
0.052397
0.036398
0.0077439
-0.095124
0.059244
-0.10374
0.042749
-0.0095148
0.049271
0.038687
-0.074796
0.01481
-0.085902
0.11678
-0.11703
0.049966
-0.020698
0.0293
0.020239
-0.085021
-0.053713
-0.071901
0.037936
-0.055898
0.0080183
0.052204
-0.090952
0.021111
-0.08558
0.095408
0.0037569
0.017259
0.02899
-0.019732
0.039764
-0.046299
0.026518
0.02783
0.040292
-0.0012211
-0.016568
0.014478
0.077251
-0.10665
0.067391
0.021545
0.073513
-0.018793
-0.059391
0.086781
-0.035988
0.041796
0.019316
0.12535
-0.058811
-0.08467
0.073256
-0.088993
0.049956
0.011453
-0.05369
-0.0019462
-0.032444
0.059332
-0.037667
0.031462
-0.012658
-0.029685
-0.038883
0.0078823
0.011828
-0.024696
0.03018
0.030177
-0.066963
0.069674
-0.031282
-0.048144
-0.048141
0.012348
-0.017086
-0.06264
0.11449
-0.038948
0.12535
-0.11165
0.0044753
0.03988
0.039826
0.050124
-0.063391
0.013383
0.039408
0.03938
0.029132
0.021803
0.0064129
0.11594
0.11588
-0.049035
0.011525
-0.0088166
0.0401
0.040138
-0.0088873
-0.0070778
-0.0012134
0.030325
0.030317
0.013006
0.016676
0.01672
0.068306
0.068283
-0.070281
-0.0090067
-0.039674
0.040451
0.040425
-0.0063514
-0.012236
0.010174
0.010886
0.010935
-0.027933
-0.078882
0.0099979
-0.085843
-0.085853
0.012837
-0.076578
0.022658
0.03707
-0.049659
0.029434
0.0094609
0.0034588
-0.0026646
0.0091787
0.030992
0.030976
-0.03689
0.00010372
0.049356
-0.07671
-0.0062821
-0.002667
0.0091582
0.0091499
-0.020604
-0.037495
0.047917
-0.0084364
-0.043848
-0.059311
-0.0099164
-0.0099033
0.04492
-0.019282
-0.07653
0.15658
-0.00715
0.044874
-0.028217
-0.028218
-0.0058158
0.026809
-0.0075579
-0.024066
-0.04241
0.00874
0.020533
0.020654
0.0027893
0.019275
-0.027653
0.0066125
0.013045
-0.023187
0.029244
0.010765
0.010782
-0.024881
0.054121
-0.0091767
0.025435
0.0090867
0.010584
0.010591
0.0013904
-0.004918
-0.0099224
0.020137
0.010022
-0.0071775
0.0086148
-0.012782
0.029255
0.02928
0.0043383
-0.032586
-0.019051
0.001487
-0.033286
0.0087538
-0.015551
-0.032109
-0.039543
0.048317
0.048358
0.041383
-0.023873
0.049514
0.049514
0.0022268
-0.013217
-0.029395
0.01842
0.010017
-0.034712
-0.022044
0.028548
0.02855
0.018005
-0.027563
0.026834
0.011949
-0.032579
-0.029001
-0.00026543
-0.00026136
0.016969
-0.031008
0.00019703
0.020772
0.0020223
-0.0042244
0.02756
-0.00084068
-0.046494
-0.032576
0.049833
0.19994
-0.14722
-0.076426
-0.076556
0.077263
0.14035
-0.11979
0.30096
0.11699
0.11693
-0.053501
0.17426
-0.059985
0.14778
0.14769
0.2137
-0.55951
0.6401
-0.42758
-0.65488
-0.44245
-0.44239
2.6251
0.77874
-0.29998
-0.30311
-2.0084
0.037986
1.1985
1.2254
12.94
7.666
0.10261
-0.63746
-25.682
-25.726
23.481
-9.5857
-23.185
8.1435
-23.256
-8.4992
8.815
-12.646
-12.623
18.524
5.5595
6.4159
-3.0977
1.0843
1.032
0.83142
5.2084
-3.8413
-1.2195
1.1798
1.0239
-1.5151
0.19781
0.37376
-0.46397
1.4797
-1.6426
-1.6379
-1.6339
4.5973
-1.7353
0.7595
-0.37082
-0.103
-1.7574
-1.0925
2.2624
-2.0408
1.9423
0.45272
0.45103
0.92589
-1.1075
0.78067
-0.72287
-1.2782
0.57082
-4.9992
-2.2398
-2.2795
1.5653
2.0501
1.1604
4.1509
-3.4332
-3.4199
0.83599
-4.8804
2.4577
0.12379
0.099838
-1.2872
1.1324
1.079
-0.13865
-0.14305
-0.49786
-0.46646
3.8758
-2.1451
-3.0641
1.5337
-1.276
-1.2544
-1.4352
1.0954
-1.5814
9.7671
-5.0331
-10.582
-10.707
-0.88664
-24.849
9.2888
-25.285
-25.279
11.647
-9.9442
-2.5095
0.13625
1.5995
1.7774
4.5632
2.4065
-1.9934
-1.9418
1.9078
-3.5762
0.86558
-0.76868
-0.75206
-3.6692
0.83836
-6.5577
3.6262
1.145
1.185
-3.2955
4.7116
-5.9121
8.2221
0.094845
-8.4629
5.7173
-1.7034
1.8992
4.3696
-5.6809
4.7199
-0.31812
-0.32909
0.11049
-0.24597
-0.23668
-0.21799
-0.2068
-0.28371
-0.25805
-0.16909
-0.12957
-1.5095
-1.4942
0.71619
0.67588
13.168
13.004
-8.7455
-0.24932
-5.5923
1.845
1.782
-0.091622
1.8405
-0.98155
-0.99325
0.78279
-0.67738
0.65968
-0.44986
1.1016
1.0979
-0.71909
-2.3811
3.5281
0.56105
0.54857
-0.36785
0.38067
1.3488
0.92725
3.0438
2.8224
20.139
-31.211
5.3596
-8.1821
-10.062
-0.97463
-22.859
29.733
29.624
12.062
-5.9307
12.267
6.7873
6.6181
-11.182
-4.9094
4.8567
2.8882
0.41259
0.42038
-1.1272
-1.1548
4.14
-4.7142
4.8349
1.997
-0.88159
-0.2453
-2.5909
6.3408
-5.9989
9.993
-1.7293
-1.7257
-8.519
-5.8576
-0.3282
-3.8613
-3.8724
-9.2338
2.227
-1.5949
1.1941
1.1991
1.2085
-0.057575
-0.41704
-1.6062
-1.6178
1.7743
-1.0828
2.3039
10.324
10.638
-2.346
6.1838
5.7433
0.34205
0.36909
1.4671
-0.28971
-18.38
1.4641
1.7332
6.059
15.826
-3.3633
6.3752
0.45771
0.46212
-2.0567
-2.0047
-0.79462
-0.79408
3.9244
-2.9295
3.8262
3.1309
-4.1804
0.52551
-2.1254
2.5318
-0.88665
6.6928
-11.22
-0.065272
-17.732
-0.14017
-0.13377
-8.0196
0.454
-3.7033
0.0039457
9.0279
8.9612
5.326
-1.0363
0.68999
-5.305
-0.056655
3.7454
-6.1658
2.2063
2.1849
-14.586
1.8407
-3.6545
-0.883
-0.87696
-0.57273
0.13843
1.311
-1.0148
-1.002
4.122
-4.7954
-12.108
-5.3807
-9.4243
-9.3945
5.586
-3.8848
-4.5358
7.2311
7.2246
2.1894
0.61022
-1.3856
-1.4071
-0.65075
1.4455
-0.12386
0.87311
-0.45389
-0.58926
0.657
21.643
8.9503
-23.52
16.915
4.866
-1.0056
1.946
-6.0802
-5.2145
-7.5571
-20.312
-3.6457
-5.4363
-4.6812
3.3866
-16.865
14.887
2.5575
-0.23607
3.4229
-0.66253
4.4037
2.619
2.647
13.281
-14.627
-7.4321
4.1624
4.0564
6.0218
3.4971
-21.108
27.902
27.697
20.211
-27.176
16.356
-17.383
-17.204
-25.699
18.975
15.082
3.906
-8.341
-8.2695
-8.8696
6.7386
-9.1308
-9.1508
-4.6282
5.6033
8.3008
-5.6954
-5.6745
5.1055
-1.0813
4.2524
-5.5057
-5.4725
8.5339
2.1052
-2.2123
3.0779
-3.4408
-3.8462
-5.0259
2.2023
-1.1053
8.6626
-8.3584
-8.6078
3.5643
-0.84862
4.3559
1.6393
2.4741
0.85426
0.68836
0.68886
1.3784
-1.5956
-0.10174
1.1953
0.81225
0.75379
3.8401
0.83952
1.4145
1.4759
6.508
0.80797
-4.1289
-8.209
-8.1883
-11.478
-15.186
9.4135
-17.453
9.2551
8.9846
-2.9428
-1.8998
-6.7227
-6.6975
5.753
-2.6992
5.2992
-2.3833
-2.3986
-1.4309
-0.32637
-0.39898
2.7338
2.7716
-1.8712
-0.5264
-4.7956
2.77
2.7685
-1.2732
0.21483
0.23217
-2.6323
0.12162
1.3746
-2.8244
2.1882
-1.4167
-1.4153
-1.1104
0.88571
0.42208
1.1508
1.1512
0.16021
0.28779
-0.41413
-0.29405
-2.8907
2.6031
-2.9666
0.46234
0.44574
0.79311
-1.3456
0.98037
0.77124
-2.9204
-2.8867
3.0084
-0.72129
1.6256
-2.8821
1.0995
2.6188
-1.2348
0.2514
-0.33015
0.44687
1.3004
-0.6703
0.61591
-0.72081
-0.72527
-0.73984
1.2469
-1.5676
0.47916
-0.46379
-0.46667
-0.10658
0.25328
-0.22507
0.39361
-0.060239
-0.11194
0.45817
-0.90631
0.85893
-0.31834
0.04953
-0.30686
0.26468
-0.2884
-0.075264
-0.075824
0.11307
-0.013121
-0.22093
0.012302
0.43934
-0.68057
-0.35006
-0.082337
0.2227
-0.027355
-0.59
0.88166
-0.97982
0.87444
-0.545
0.13255
0.045666
0.013866
-0.064989
0.10184
-0.2055
-0.019721
-0.022497
0.049428
0.17014
0.4062
-0.06767
-0.03252
0.28607
0.28536
-0.020404
-0.16637
-0.11022
-0.05838
0.24678
-0.19795
-0.07176
-0.00017149
-0.035256
-0.061118
0.027341
0.047319
-0.035053
0.044652
0.044809
-0.059765
0.024743
-0.065963
0.071646
0.007514
0.057617
-0.050092
-0.017958
0.071275
0.015642
-0.0005529
-0.059499
0.031581
-0.014259
0.017814
-0.0014393
-0.043708
0.049933
-0.0048092
-0.0029623
0.057234
-0.1085
0.010394
0.069538
-0.10786
0.095641
0.0080296
-0.047031
0.054317
-0.02034
0.045078
-0.0057988
0.030168
-0.052516
-0.031864
-0.049012
0.0066743
0.0014476
0.0038819
0.018698
-0.010186
0.02937
-0.014389
0.027814
0.01942
-0.025191
0.047857
-0.043806
0.016039
0.038658
0.0083302
0.020968
-0.006985
0.0073368
-1.8642e-06
-7.7534e-06
0.021053
-0.02345
0.0078772
-0.0054158
-0.0054112
-0.0082505
0.023256
-0.041505
0.045994
0.04599
0.011361
-0.025223
0.0080329
-0.011219
-0.011217
-0.0071837
0.037794
-0.029073
-0.026617
-0.026628
0.034098
-0.012619
0.017473
-0.0028192
-0.0028207
-0.016685
-0.069329
0.00035054
0.056478
0.056487
0.0439
-0.0001593
-0.038851
-0.015397
-0.015408
0.073845
-0.071759
0.05738
-0.11026
-0.11026
0.032536
0.039353
0.04739
-0.048874
-0.048862
0.0048262
-0.031162
0.037102
0.0044908
0.0044993
0.032703
-0.00052739
0.045659
0.0066175
0.0066127
-0.075269
0.00032719
-0.078026
0.046856
0.046843
-0.0045777
-0.012615
-0.059533
0.0152
0.015217
0.01484
0.027118
-0.028029
0.047928
0.047928
-0.034509
0.0078911
0.030945
-0.029052
-0.02905
-0.014569
0.0073298
-0.00019531
-0.036063
-0.036049
-0.0051299
-0.0095157
0.029381
-0.022056
-0.022044
0.0039741
-0.011746
0.048241
-0.049707
-0.04966
-0.032271
-0.012618
0.046526
-0.014563
-0.014628
-0.0056795
0.0080329
0.040758
-0.029766
0.020102
-0.0066872
-0.0012396
-0.0013807
0.028511
0.028528
0.025152
-0.041117
0.0073059
-0.081034
0.047813
-0.043989
-0.013364
-0.048985
0.092036
0.092007
-0.017815
-0.059634
0.027982
0.066045
0.066084
0.17877
-0.15623
-0.011917
-0.17121
-0.17113
-0.055103
-0.0026682
-0.01741
0.015702
0.015664
-0.0257
-0.013358
0.0067884
0.018712
0.018712
-0.073029
-0.013338
0.047741
0.040311
0.040541
-0.084653
0.074259
0.035452
0.017696
0.017647
0.042852
-0.010349
0.018705
0.00098336
0.0010093
-0.032241
0.017134
0.010302
0.072959
0.072956
0.063829
-0.063343
-0.010203
0.0074845
0.0074718
0.0041112
-0.040971
0.078725
-0.037243
-0.037278
0.0074891
-0.059826
0.075574
-0.052514
-0.052515
-0.043766
0.015765
0.0073311
0.025524
0.025502
-0.056045
0.0087365
-0.047306
0.036217
0.036258
0.0041383
-0.0019412
-0.0016212
-0.015447
-0.015426
0.083204
-0.08905
-0.0099708
0.008578
0.0085864
0.013803
0.047384
-0.010512
-0.039186
-0.03918
-0.053918
0.055156
-0.059125
-0.0040598
-0.0040578
0.012334
-0.071579
0.027111
-0.070681
-0.070695
-0.026719
-0.0026456
0.010133
0.0073255
0.0073242
-0.0045727
0.016632
-0.00035743
0.043193
0.043184
0.013961
0.0088751
-0.0028054
-0.003064
-0.003021
0.0030783
0.016761
-0.02189
0.017119
0.017161
-0.027347
-0.0014023
0.039526
0.0039829
0.0039792
0.015369
0.0064567
-0.029769
0.047227
0.047227
-0.037455
-0.021889
-0.039093
0.037093
0.037116
-0.036241
0.017696
0.0073343
-0.014711
-0.014715
0.019726
0.015898
-0.010676
0.0059357
0.0059729
-0.017077
-0.050403
-0.010544
0.058603
0.058598
-0.0086622
0.026604
-0.0010824
-0.0040102
-0.0040441
-0.0081089
-0.0055261
0.019906
-0.011596
-0.011538
-0.00091686
0.03445
-0.0015707
-0.01878
-0.018726
0.032256
-0.044644
0.0069994
0.032959
-0.046665
0.033021
-0.0031598
0.026771
0.0076968
0.0011277
-0.015895
0.036167
-0.039466
0.00034111
0.0003052
0.00099699
-0.024827
-0.013864
0.0090417
0.00452
-0.0002816
-0.025338
-0.0024531
-0.028431
0.016922
0.030028
-0.026677
0.025154
-0.019089
-0.010545
-0.086376
0.033919
0.0075008
-0.025402
0.078084
-0.053061
-0.025584
-0.050957
0.0071766
0.00027508
0.012658
0.075078
0.075089
-0.01861
-0.059139
-0.095141
-0.024004
0.046174
-0.070385
-0.023953
-0.0073983
-0.006772
0.025915
0.025867
-0.037208
0.0011801
-0.0027995
0.017329
0.030215
0.029703
0.015428
-0.10033
0.057508
-0.013858
-0.013866
0.0011616
0.0032187
-0.003618
0.065967
-0.059675
-0.0072805
0.0082029
-0.022402
0.0022445
0.0023985
-0.033444
0.064296
-0.0010686
0.0031489
-0.0012794
-0.056193
0.0071776
-0.049705
0.045872
-0.016559
-0.016558
-0.084803
-0.059531
-0.0028009
0.04899
0.016635
0.0080315
-0.022423
0.0025846
-0.0084479
-0.0084055
-0.024704
0.0057523
0.016634
-0.012773
0.0015831
-0.0066789
-0.041996
0.066478
-0.048915
0.010996
-0.034322
-0.010535
0.017144
-0.017928
0.033297
-0.0031942
-0.0019421
-0.0020972
0.040855
-0.064903
-0.064902
0.036005
-0.019668
-0.0012631
-0.03789
0.0059123
0.016454
-0.011052
0.011278
0.022802
-0.033248
0.027977
-0.071076
0.086864
0.087016
-0.054638
-0.0905
0.10511
-0.026693
0.023959
-0.021733
-0.030312
-0.044077
0.010303
0.023328
-0.04253
0.008204
-0.021184
0.021096
0.02124
0.0045813
0.064364
-0.048148
0.028127
-0.046506
0.015244
0.026765
-0.030311
0.014729
-0.047366
0.0044946
0.0056158
0.0096068
0.0073314
0.0011749
-0.016135
0.018168
-0.030821
-0.00087038
-0.0067542
0.0061281
-0.042529
0.02936
-0.024479
0.0013312
0.0025385
0.026235
0.028674
-0.030141
0.00093772
-0.0059176
0.046559
-0.02019
-0.00024624
0.0025406
-0.024595
0.046545
-0.0041657
0.013557
-0.027429
0.0030601
0.0069736
-0.030309
0.076329
-0.028106
-0.074873
0.00735
-0.088947
0.035897
-0.037888
0.083342
-0.059541
-0.002628
-0.024489
-0.00094015
0.04447
-0.033245
-0.0017683
-0.031018
0.041004
0.011962
0.034514
0.0085117
-0.040455
0.041877
-0.022582
0.028674
-0.032035
0.0045757
-0.02793
-0.0066003
-0.0026313
0.037116
0.0064435
0.0023819
-0.0060702
0.05808
-0.029109
0.0065338
-0.0072767
-0.0033099
0.0065126
0.016634
0.023001
0.021021
