-0.079563
0.10451
0.22789
0.040803
-0.24062
-0.3369
-0.20617
-0.068224
-0.095276
-0.15345
-0.31509
-0.48308
-0.47344
-0.73697
-0.61415
0.7798
1.8346
2.1112
4.2279
5.3548
1.8539
2.6111
6.8179
-0.56758
-3.5436
0.936
-1.402
-1.4681
-6.8485
-3.6229
-2.3072
-1.4553
-3.9386
1.4632
3.3685
-7.1228
-3.6325
-2.0225
-1.0988
-0.4943
-1.1577
-1.9318
-1.9001
-1.6745
-1.7181
-2.0008
-1.5895
1.4439
1.7669
2.7821
2.6179
1.2091
3.4726
3.2657
0.22689
0.27745
0.10889
-1.4436
-0.41408
-0.27998
0.13007
0.52323
0.31304
-0.38647
-0.91022
-0.66199
0.47434
1.5062
2.2289
1.9358
1.4476
0.46767
-0.37404
-0.39928
-0.55125
0.43348
1.5616
1.2685
0.85682
0.47049
0.59051
0.97211
0.50305
0.38919
-1.1701
-1.678
-2.3575
-2.5819
-2.6448
-2.5757
-1.8122
-0.72954
5.4252
8.9836
6.6891
1.5141
0.77124
0.85604
-0.19901
3.6432
-3.0518
-2.2871
-1.4725
-1.8019
-4.0126
-3.2824
-7.3118
-5.8089
1.1988
7.93
-2.3915
-3.7428
-2.8108
-1.3504
-1.876
-0.6597
-0.46928
-0.60815
-0.88814
-2.3069
-1.4942
4.9609
3.1729
1.6919
3.9684
2.8034
2.352
2.0335
-2.537
-1.4759
-1.0757
-1.0551
-1.2748
-0.96051
-0.69268
-0.077582
0.13942
1.6208
1.8242
1.6359
0.33922
-0.85071
-1.9641
-1.9264
-0.60495
1.2029
2.5659
2.9268
1.9309
1.9017
1.0922
0.21839
-0.16278
0.45492
0.66521
0.32371
-0.36035
-0.50193
-1.8792
-2.92
-3.9475
-3.0474
-2.6688
-0.096742
-1.1262
1.5589
8.4914
2.3025
4.4149
3.0841
2.4705
2.9808
0.93973
2.9858
-0.30709
-2.0434
-3.2766
-1.628
-7.5978
-3.5809
4.9819
4.4016
-0.43059
-5.2357
-2.2887
-1.9554
-1.6942
-0.68309
-2.1296
-1.2755
-0.14165
-1.5149
1.0091
-0.64533
1.6533
2.8772
3.3041
6.2258
5.656
4.3312
0.83622
1.2621
-0.38534
-4.1702
-0.33468
-0.7456
-0.046193
0.19566
0.38339
0.10568
-0.20165
-0.66905
0.38184
0.89227
2.1825
1.6776
0.91998
-0.78361
-1.8756
-1.2495
-0.075767
0.9319
0.88864
0.86059
0.41442
0.519
0.99942
0.52188
1.6485
1.0168
0.23818
-1.0022
-2.1674
-2.6483
-2.8381
-2.0839
-3.1212
-2.2506
-0.99657
-0.0071593
0.058804
1.4016
-5.5783
5.0398
5.9124
3.897
4.1703
3.9492
2.6849
-1.5996
0.10594
1.3344
-5.1019
-5.4263
0.091299
-1.0139
-2.2943
-2.8654
-1.7497
-0.36652
-0.86697
-0.84954
-0.75232
-0.32336
1.316
0.31126
3.5513
3.3321
1.7508
2.6889
4.4181
3.1632
2.8376
2.8241
1.8244
1.3493
-0.064044
-1.7857
-0.78727
-0.77039
-0.091147
-0.057585
0.10669
0.70863
1.5254
1.8677
1.3128
0.28752
-0.8185
-1.8122
-1.4232
-0.34775
0.88257
1.2409
1.6387
1.8346
1.2741
1.9058
1.3985
0.2853
-1.33
-2.1569
-2.9537
-2.9052
-1.4159
-3.9197
-2.6954
-0.5695
-1.3613
-0.22698
-0.027355
0.41343
1.6746
4.5566
4.5035
3.57
-1.5636
-0.55718
0.9558
-5.2619
-5.1494
-15.078
-6.2536
-6.8536
-0.24843
-1.9521
-2.3541
-2.7864
-3.2432
-0.89583
-0.828
-1.0565
-0.37867
1.019
-2.1277
-0.67982
1.3121
2.4668
4.2756
2.6051
2.3796
5.2387
4.6984
2.0607
2.5573
1.0918
0.81324
-0.47131
-1.4189
-1.0819
-1.2229
-0.34378
0.17256
1.1181
1.0344
1.886
1.4901
2.1589
1.4487
0.33272
-0.57948
-1.3255
-0.92823
-1.0481
0.10452
1.9818
2.2319
0.97765
0.19408
0.38993
-0.11273
1.3274
0.68025
-0.73495
-1.9949
-3.0031
-2.1143
-3.5033
-2.8889
-1.095
-0.78174
-1.1426
-0.79228
0.25775
1.9239
3.739
3.9906
3.3256
1.2721
2.5826
1.6366
3.6705
0.62356
0.14509
0.020905
-3.3219
-11.786
-9.8491
2.3933
3.6153
-0.34729
-2.0416
-2.981
-1.8704
-2.9786
-1.5845
-0.97448
-0.1921
0.67146
-2.1103
-0.53094
-0.11607
-0.58731
1.3804
4.2399
2.2924
1.1526
4.4615
3.7331
2.8282
3.5679
4.0279
0.85082
-3.004
0.97854
-0.56418
-0.18827
0.42949
0.59723
0.58886
0.32356
-0.007761
-0.34665
0.42899
1.5255
1.7159
1.9392
0.65332
-0.28237
-1.1289
-1.2919
-1.4301
-0.43541
1.1597
1.0987
2.0987
1.727
1.1036
0.78835
0.77084
0.82478
0.75827
0.91215
0.35626
-0.26957
-1.6153
-2.365
-3.0568
-2.5132
-2.1531
-3.1722
-1.5657
-1.4032
-1.183
-0.62654
-0.3116
0.20034
1.3255
9.5562
4.3639
6.9025
6.5723
4.1354
2.205
4.3159
-1.1593
0.70265
0.099851
-1.8429
-5.5343
-9.1386
-8.1014
6.2877
1.5978
1.7642
-1.9749
-2.2091
-2.6715
-1.458
-2.7565
-0.99462
-0.19229
-2.4509
0.86004
-0.63201
-1.2088
1.4799
-1.0742
4.7185
3.395
5.021
4.8834
3.5224
1.0249
0.20695
-2.3572
0.07206
-0.30523
0.024887
0.1842
0.27548
0.0053337
-0.25334
-0.045218
0.64741
1.2266
1.3759
0.27391
-0.99327
-1.3947
-0.14919
0.41169
1.5558
1.9784
1.2848
0.36882
0.1737
-0.065381
0.69109
0.36579
1.0542
0.67689
-0.99324
-1.4401
-1.9152
-2.5892
-1.6767
0.50935
-0.54438
-0.46418
-1.4133
-1.8898
-0.17625
0.58092
6.0123
6.0431
4.9795
3.8259
4.8131
2.1338
-0.88631
-1.4504
-6.6173
-10.234
-9.7245
-2.963
3.1975
1.9972
-1.0559
-2.4688
-4.506
-3.3801
-2.5234
-1.4234
-0.33991
-0.9177
0.078503
-0.074538
-0.1396
-1.7739
-0.31726
1.5184
2.255
1.707
1.1446
4.0083
4.8119
4.2424
0.94354
-0.42636
-0.76339
-0.52646
0.3415
0.89095
-0.10543
1.0436
0.74663
1.2404
1.7895
1.0862
0.56425
-0.28355
-1.3298
-1.8036
-1.6811
-0.6067
1.0903
1.4453
2.3535
1.1116
1.6368
0.86062
-0.059394
-0.20536
-0.074734
1.306
1.2157
0.65066
-1.5836
-1.4368
-2.134
-2.6647
-1.7816
-1.8113
-0.97764
-0.86468
-0.91531
-0.057374
0.38518
3.004
4.8385
5.8247
6.3564
4.3748
3.5182
1.0582
-1.1584
-3.765
-3.2566
-9.7407
-7.5116
-7.2897
1.4448
-1.2445
-0.014113
-3.4248
-2.8123
-2.8698
-2.5781
-1.2162
0.04221
-0.15485
-0.24993
-0.6054
2.2796
-2.1846
-1.4718
0.073687
5.7025
1.2312
2.3493
3.7532
3.5363
0.16184
2.0974
1.468
-1.7144
0.91753
-0.49383
-0.55318
-0.079657
0.49594
0.43608
0.033575
-0.39528
-0.69889
0.19662
0.98356
1.3768
1.5043
0.93007
0.27656
-0.8039
-1.8003
-1.5063
-0.04153
0.16855
0.83903
2.821
1.5826
0.91382
0.72504
0.87647
0.76
1.0122
1.3179
0.55581
-0.68806
-1.8155
-2.4087
-2.9373
-2.6552
-1.6808
-1.328
-0.92036
-0.84777
-0.44633
0.44066
0.0030833
0.62545
1.6724
-0.85915
4.2493
3.8925
4.8812
5.4801
5.5019
2.1358
4.5553
1.417
0.61612
0.72017
-0.27991
-1.8427
-6.2944
-6.3217
-3.8537
-0.83801
-2.4552
-1.8238
-1.9274
-2.5708
-2.2665
-1.06
-0.14211
0.14893
-0.50602
1.0767
-0.82745
-0.07929
1.6118
3.2206
2.8496
4.3648
3.0158
5.1382
4.7858
0.87853
2.1719
-0.030151
-0.71712
-0.2644
-0.71145
-0.33284
0.26296
0.28991
0.17945
-0.43562
-0.37298
0.3441
1.0522
1.5558
1.1164
1.0149
0.54965
-0.43488
-1.3282
-1.9266
-1.4722
0.26146
0.84948
1.1127
2.1769
2.0077
1.1369
0.34309
-0.20414
0.59844
1.1567
1.1012
0.89286
0.83721
-0.79031
-1.9627
-2.7267
-2.527
-1.2016
-1.692
-0.094856
-0.065725
-1.4919
-0.67496
-0.46741
0.12749
0.61052
1.2341
-4.0407
6.2534
4.065
7.4754
7.7332
1.399
3.5168
-0.44951
-0.90374
-3.7452
-2.361
-3.1022
-8.9429
-11.859
-12.437
1.4203
-0.72523
-3.1948
-2.7266
-2.472
-1.3217
-1.2272
-0.65701
-0.92638
-1.0949
-0.36611
-1.9175
-0.087805
0.69671
4.3613
4.8673
3.8955
4.5087
4.1365
2.5993
0.20729
2.5888
2.3903
1.701
0.032024
-0.65183
-0.53599
-0.08983
-0.02362
-0.16207
-0.98022
-0.40377
0.13267
0.34158
0.89631
1.0643
0.83508
0.22507
-0.58553
-1.206
-1.5071
-0.98688
0.29624
1.5414
1.4342
1.6578
0.77928
-0.15522
0.56842
0.5415
-0.50233
0.49884
0.86344
0.64563
-0.45029
-1.7218
-1.9018
-1.886
-2.2481
-1.4965
-0.39235
-0.45448
-0.33838
-0.42902
0.096068
-0.015009
1.1693
1.1155
2.1451
-0.69239
3.5294
-1.2684
-2.6535
-3.2484
-3.0219
-1.178
-2.9288
-2.9796
3.5424
2.1881
-3.4986
-1.8533
9.834
-7.0852
1.3889
-2.8619
-7.5879
2.6796
1.9726
-2.0731
1.7779
1.7676
-3.9085
1.0813
2.3161
3.1171
4.8813
0.91929
0.48483
1.3249
0.8809
0.78303
1.1783
-1.0959
4.1664
5.6197
5.0342
2.6525
-1.4024
-6.5505
2.4506
0.020326
0.41576
0.74101
0.41704
0.15564
0.042798
0.41218
0.74051
1.0742
-0.62564
-0.88046
-0.039511
0.56243
-2.0671
-2.0234
-0.82751
3.4703
0.65162
3.3586
2.9055
-0.21789
1.5
-0.06487
-1.9736
-1.849
-0.61347
-0.39228
0.17737
-0.30234
-1.0131
-1.8863
-2.6728
-2.5499
-2.1677
-1.3725
-2.5331
-1.3693
0.049727
0.40049
-0.28761
-0.17513
7.1551
-4.9212
-1.708
6.5703
-1.8589
-5.0746
-2.9362
0.052379
-1.8201
-4.4065
1.1751
1.3107
4.7131
5.0799
-1.5164
0.47944
-0.48571
-4.5388
-4.3015
-1.8586
1.0127
-2.8553
-0.89161
1.2818
1.0357
-3.2911
-0.49513
-0.4308
-0.91445
0.025364
1.0104
3.6539
5.7253
-1.6608
2.3219
2.0034
1.9296
8.5089
3.7178
3.0488
0.54127
0.079351
0.2128
0.60567
0.97225
1.0767
0.50397
-0.5619
-1.009
-0.43178
0.57086
1.5643
1.8566
2.5867
1.8898
0.2288
-1.7403
-1.2241
-0.51306
1.5541
1.5045
3.4516
1.572
0.69519
-0.17387
-0.17828
-0.99998
0.032389
-0.26625
-0.29217
-0.58495
-0.97572
-1.3306
-2.0965
-1.5595
-2.1592
-1.352
-1.4976
-1.6114
-1.7263
-0.35344
0.53009
2.738
4.6405
0.32112
0.85682
2.7321
2.551
0.98378
0.36868
-5.2448
-0.54763
-3.7419
-4.4416
-3.717
13.173
2.0306
3.3089
0.60686
-1.0179
-0.72897
-0.74376
0.016496
-3.0082
-1.16
-1.0754
-1.4444
2.7568
2.3165
2.2052
1.4721
1.3082
0.73139
0.87209
1.0985
0.44383
1.2486
1.5425
1.6254
1.1142
1.078
1.1251
1.3162
1.1997
0.66933
-0.12499
-0.7696
-1.1082
-1.1409
-1.2729
-1.3187
-1.4971
-1.3031
-1.1284
-0.9703
-0.76112
-0.65844
-0.63414
-0.40116
-0.31154
-0.32322
-0.23371
-0.19606
0.034213
0.28183
0.53164
0.8151
0.95717
0.96398
0.92388
0.81434
0.5579
0.64306
0.68378
0.67372
0.40929
0.30754
0.29362
0.24813
0.213
0.041261
-0.028298
-0.076751
-0.047866
-0.12837
-0.16396
-0.31369
-0.20864
-0.08272
-0.023352
-0.078727
0.022244
0.1176
0.15229
0.24923
0.38196
0.43432
0.43885
0.39039
0.22855
0.12277
-0.056716
0.017202
0.026812
0.07904
0.15616
0.21049
0.13708
0.19467
0.05539
-0.11908
-0.025298
0.039405
0.1091
0.18728
0.085804
0.016367
0.10016
0.16709
0.32961
0.33108
0.26092
0.29661
0.23227
0.10234
-0.048834
0.010343
0.010337
0.050319
0.20385
0.35204
0.38517
0.55262
0.58951
0.51174
0.38921
0.16187
-0.20726
-0.37527
-0.30769
-0.30104
-0.29826
-0.26588
-0.18292
-0.19559
-0.089857
0.15041
0.27619
0.47631
0.59424
0.24993
-0.033819
-0.026342
-0.22015
-0.42083
-0.42441
-0.51242
-0.54979
-0.27756
0.81036
0.35679
-1.3089
1.4561
1.6125
4.3459
-1.3895
4.4881
2.2324
1.8568
0.82105
-1.9975
-1.354
-1.3913
0.49549
-4.2149
-4.1146
-5.525
-4.815
1.9537
-0.015366
-0.2236
-2.5834
-3.2483
-4.3221
-4.5623
-3.6797
-3.7399
0.91328
-0.33647
-1.339
-1.6869
-2.3597
-1.3312
-0.47899
0.76389
3.8521
2.3918
2.9099
2.9911
2.3852
1.839
-1.3484
-0.24108
-1.0436
-1.1097
-0.77605
-0.45083
0.22378
0.42216
0.22389
0.0014342
-0.21406
0.18568
1.2802
2.1303
2.5514
1.7401
1.1075
0.42219
-0.64229
-0.82788
-0.19688
1.3741
2.2822
0.89565
1.9684
5.0937
1.1953
0.79336
0.68928
0.82427
0.61269
0.65241
0.88352
0.31398
-0.47596
-0.65402
-1.9111
-2.4769
-2.6087
-1.9444
-2.6017
-1.4239
-1.0967
-1.2092
-1.9801
-2.0452
-1.4382
1.643
-3.8254
2.0892
4.3041
0.99961
1.7973
3.1247
2.241
2.8141
2.1557
1.8366
-4.1265
-2.2367
-1.6824
-0.63034
0.34568
3.5025
1.4834
-0.8732
-2.1508
-2.279
-2.8428
-1.8947
-0.94632
-1.3105
-1.9527
-1.8407
-2.6979
1.4993
1.4586
3.7481
3.2405
2.2083
1.1605
2.0307
2.237
0.46289
0.6671
-0.24014
1.4763
1.7323
2.4077
2.222
1.2151
2.0858
1.4461
1.0946
1.1014
0.43804
0.28277
0.27024
0.34847
-0.15305
-0.41592
-0.96641
-1.559
-1.9766
-1.8698
-1.6336
-1.1258
-0.78763
-0.72608
-0.87455
-1.1088
-1.2988
-1.0617
-0.7819
-0.51346
-0.40754
-0.20296
0.18055
0.60441
0.93965
1.2386
1.2808
1.1887
1.1314
1.0116
1.0419
0.90349
0.70132
0.62504
0.48289
0.22984
0.13155
-0.047025
-0.17512
-0.29896
-0.43392
-0.40708
-0.43935
-0.3884
-0.43209
-0.22062
0.030556
0.23223
0.35176
0.36738
0.30198
0.35129
0.34187
0.41137
0.35319
0.42991
0.39975
0.30349
0.18072
-0.037426
-0.14261
-0.13636
-0.14905
-0.082621
-0.035873
-0.03036
0.13952
0.26422
0.3773
0.42761
0.27169
0.21216
0.090834
0.061257
0.092051
0.19723
0.22691
0.25048
0.066128
0.031006
-0.025334
0.015895
0.061421
0.0094659
0.092639
0.13183
0.20061
0.10594
0.17192
0.18517
0.20045
0.18386
0.045793
0.068641
0.096861
0.17453
0.1744
0.1437
0.19023
0.15346
0.032371
0.064822
0.095324
0.098281
0.073324
0.11521
0.18795
0.23057
0.22666
0.095712
0.15329
0.12546
0.1549
0.15424
0.042778
0.093958
0.12788
0.14195
0.10741
0.03918
0.063959
0.15606
0.20533
0.17454
0.17638
0.14602
0.096096
0.111
0.18915
0.18176
0.1535
0.050557
0.091078
0.096105
0.14558
0.095043
0.034309
0.092155
0.1275
0.18331
0.16684
0.057631
0.13045
0.17776
0.21365
0.12307
0.16931
0.089665
0.14045
0.2027
0.18562
0.066621
0.11176
0.14171
0.12871
0.10162
-0.0025461
0.091398
0.14542
0.16987
0.213
0.093242
0.10042
0.16897
0.12473
0.15073
0.042052
0.099498
0.15002
0.07355
0.079902
0.10829
0.15899
0.057901
0.098847
0.1272
0.19441
0.17913
0.030948
0.083643
0.10758
0.1512
0.18829
0.084402
0.096543
0.18376
0.18956
0.14119
0.04191
-0.0042361
-0.063997
-0.11965
-0.10689
-0.10407
0.064138
0.23172
0.2308
0.22
0.10779
0.27464
0.48873
0.65717
0.47233
0.15585
0.0053377
0.029756
0.10881
0.26517
0.16455
0.10742
-0.14106
-0.10409
-0.25823
-0.15078
0.054558
0.3133
0.52729
0.84077
0.69518
0.8503
0.56014
0.35986
0.15286
-0.31637
-0.39013
-0.43851
-0.58619
-1.4517
-2.3081
-2.1877
-2.1574
-1.6456
-0.80662
0.13428
0.47166
1.7917
1.7152
0.82241
0.30508
0.42512
-0.49133
-0.71209
-0.6793
-0.55652
0.47752
2.2504
2.8201
0.5647
-0.83496
5.1303
2.7259
3.8197
3.1981
-0.19054
1.9515
1.321
1.1213
1.151
1.0537
0.63715
0.29312
-0.37078
-1.2863
-1.9342
-2.0113
-2.2046
-2.0543
-1.3244
-0.066563
0.23647
-1.5923
-0.80895
-0.9904
-2.7043
-1.5681
-4.9152
-3.7658
1.8753
2.0399
-0.91472
0.76632
1.3772
0.19821
-6.0684
-2.318
-2.7712
-7.8411
-1.2147
-2.7862
-2.3922
-1.593
0.63547
-1.3504
-1.5108
-1.7377
-2.4889
-1.5045
-3.136
2.3571
-3.5788
-2.6426
2.0931
2.8629
2.3293
3.871
2.4882
1.4898
0.50889
-0.52421
-0.71369
2.9526
-1.8371
0.56093
0.28785
0.80476
1.2381
1.2506
1.2206
0.92391
0.42968
-0.17451
-0.30999
0.52541
1.4254
1.8199
1.4311
1.3209
0.82662
-0.44094
-0.12757
-5.025
4.2676
0.83986
2.0532
2.0217
1.4631
2.061
2.3101
1.4235
0.91965
1.0612
-0.8102
-1.5925
-3.0587
-2.7887
-2.9337
-2.671
-2.5086
-0.64421
0.30444
-0.26602
0.39304
0.33003
-0.21043
0.26229
9.2831
11.757
0.19945
1.4406
0.97814
-4.2394
-8.394
-6.4647
-4.6136
-6.1342
-10.743
-2.4866
6.9301
-3.9959
-3.3211
1.1664
4.5585
4.7731
5.345
-6.7705
-5.5027
-3.1242
-1.1534
-5.617
-2.3769
-3.9247
-1.0797
-1.6651
3.0592
3.7908
-1.0093
0.5964
0.77893
0.71554
1.9971
2.7115
2.8241
8.1474
7.9209
6.328
2.5709
-1.3579
-3.5845
-1.039
0.63554
-0.34876
0.3319
0.13355
0.28561
-0.034648
0.46914
1.5155
3.6838
4.8276
5.5692
0.64882
-5.0475
2.5245
1.2347
10.883
4.8707
-3.1247
1.5917
3.684
5.6668
3.3217
4.1636
2.0446
-1.2869
-3.5272
-2.9248
-3.4205
-3.2733
-2.6186
-1.5071
-0.79512
0.35232
0.021248
0.07938
1.9199
-1.74
-1.0355
-1.8784
-2.0546
-1.8031
-1.1282
1.2972
7.0476
7.1122
6.0883
1.4264
-9.0103
-7.7474
-7.2255
-2.1372
-2.0051
-3.5296
-5.408
-6.1904
-4.9382
-3.7598
-3.2216
1.7986
2.8913
1.3009
-0.86463
-1.0612
-1.2082
0.35793
0.077406
0.3194
-1.4251
0.86598
2.1624
4.2327
4.8068
2.2771
2.2799
4.7693
4.2481
-0.10271
-0.74512
-0.054009
0.27888
0.20156
0.26176
1.0127
-0.92456
-2.4734
0.19175
0.70468
1.4715
3.5922
3.2515
2.6542
2.4844
1.3873
0.99552
0.80264
2.2731
2.9438
2.9502
2.2784
1.8158
1.0403
1.1191
0.24828
2.2274
1.2767
3.2875
-0.6673
0.37122
-0.26815
-0.78586
-1.1037
-1.1825
-1.5603
-1.8573
-2.0041
-1.6494
-1.6967
-1.7226
-1.4942
-1.3727
-1.2203
-0.99371
-1.1442
-1.1324
-1.2081
-1.4193
-1.6031
-2.1128
-2.6414
-2.8905
-2.5494
-2.4959
-2.0274
-1.7576
-1.2115
-0.50411
-0.033674
0.58794
0.86879
0.94332
1.0911
0.88024
1.1073
1.4559
1.7096
1.7272
1.4653
1.6318
0.72931
0.80304
1.2048
1.4321
1.5559
1.686
1.519
1.4168
0.97761
0.79882
1.0561
1.1275
1.2593
1.2506
0.65907
0.24484
-0.14164
-0.54754
-0.78735
-0.87181
-0.81079
-0.63154
-0.51375
-0.56818
-0.88744
-0.94987
-0.95607
-0.84816
-0.70975
-0.76863
-0.58375
-0.4359
-0.26369
-0.068367
0.23835
0.25119
0.33387
0.34077
0.12092
0.29096
0.2933
0.45651
0.70465
0.9677
0.95904
0.95663
0.90783
0.81461
0.59369
0.47066
0.30252
0.21674
0.061376
0.01091
-0.16673
-0.23305
-0.20897
-0.27073
-0.26475
-0.29233
-0.27182
-0.14668
-0.019022
0.10844
0.2044
0.15446
0.21313
0.30739
0.439
0.48808
0.58676
0.50489
0.4906
0.4604
0.36429
0.20288
0.07223
-0.016387
0.012106
0.021214
0.0030689
-0.071236
-0.049323
-0.018049
0.013749
0.0044936
-0.019742
0.11488
0.20141
0.28185
0.32352
0.30088
0.40065
0.41129
0.36889
0.31685
0.17045
0.14471
0.16762
0.16772
0.11308
0.0087201
-0.0087067
0.089885
0.089635
0.032186
0.078334
0.11463
0.19602
0.16487
0.11142
0.16054
0.19324
0.21884
0.24099
0.14225
0.23495
0.227
0.22038
0.16101
0.10564
0.15074
0.16445
0.18809
0.17073
0.090945
0.13419
0.17435
0.17953
0.17945
0.092706
0.10982
0.13766
0.1927
0.15705
0.09744
0.13141
0.12295
0.14863
0.19101
0.22171
0.16763
0.12845
0.17321
0.18149
0.22074
0.092804
0.15581
0.18829
0.18432
0.24403
0.070612
0.11816
0.1573
0.19178
0.17636
0.058186
0.11788
0.18193
0.20049
0.2068
0.20212
0.1644
0.1353
0.21901
0.23059
0.22393
0.10581
0.14738
0.16497
0.19529
0.095086
0.052115
0.10042
0.14031
0.1778
0.16035
0.095719
0.13625
0.17437
0.16864
0.198
0.19099
0.16292
0.13021
0.16919
0.20109
0.2617
0.23973
0.11047
0.19241
0.1941
0.17089
0.095956
0.11125
0.18627
0.18112
0.18001
0.094576
0.12527
0.16399
0.11105
0.14234
0.20026
0.16585
0.1397
0.20256
0.21839
0.20095
0.085332
0.16333
0.1716
0.17796
0.14713
0.092029
0.1397
0.18759
0.19721
0.2078
0.081043
0.17998
0.21481
0.22079
0.18082
0.21054
0.20047
0.20032
0.20232
0.21089
0.099421
0.15414
0.18576
0.20401
0.16603
0.10286
0.097518
0.17764
0.20543
0.21698
0.12345
0.17127
0.19438
0.18438
0.168
0.18996
0.20073
0.23707
0.20397
0.27109
0.30919
0.30014
0.33407
0.40175
0.53704
0.5476
0.46211
0.41209
0.29906
0.063305
-0.15961
-0.21905
-0.17756
0.12022
0.37973
0.47254
0.52055
0.23762
0.13279
0.030826
-0.034134
-0.20534
-0.34407
-0.46501
-0.63932
-0.69088
-0.8173
-0.62932
-0.12919
-0.69318
0.80733
7.7587
10.823
10.382
6.2845
4.9453
5.4023
5.0177
0.29549
-0.00096596
0.34308
-2.6558
-5.2261
-9.36
-2.9907
-6.6213
-7.7847
-2.8396
-2.1142
0.69254
3.6835
6.3922
0.78051
0.21108
-1.3077
-3.0463
-2.8913
-2.2015
-0.99421
-0.10466
-0.14247
-0.40339
-1.5593
0.49721
-0.37266
2.1972
1.7705
3.4411
3.2656
1.1781
1.002
2.367
1.4728
-0.29594
0.5112
-0.37425
-0.50159
-0.53045
-0.53006
-0.42476
-0.17148
0.4138
0.93499
1.3793
1.8888
1.6788
1.4526
0.775
0.10341
-0.67648
-1.2259
-1.6625
-1.5614
-0.6188
0.26224
1.3015
1.7328
1.1933
0.034965
0.15617
0.72415
0.88906
0.24806
-0.88106
-1.7602
-2.035
-2.2199
-1.4181
-0.74421
-0.73103
-1.0147
0.74907
1.0206
3.1405
5.1754
-0.79767
4.8905
4.8764
1.4117
0.83735
-0.20214
-0.64894
-4.6933
-7.4861
-4.1394
-1.0185
8.7844
1.2867
2.6979
2.0433
4.3093
-2.6984
0.77884
0.52611
1.2406
1.1749
0.12692
-1.321
1.7899
0.30224
2.1557
1.7138
2.5762
2.4103
0.11702
0.31803
-0.56994
-0.74648
-1.3811
-1.5512
-1.5789
-1.1391
-0.55141
0.1962
0.4794
0.97091
1.2107
1.6437
1.0395
0.14707
-0.45241
-1.6054
-2.0619
-1.9073
-0.9498
0.91484
2.2012
2.61
1.5725
0.81521
0.28718
-0.016471
0.010581
0.17248
0.43433
0.19153
-0.56508
-1.048
-1.6669
-1.9328
-1.1338
-1.957
-1.3801
0.1684
0.26872
1.5569
6.7543
6.5199
2.344
1.3649
0.61922
3.0225
-1.2857
-3.8376
-2.2695
-0.587
-0.77167
-0.52519
-1.5797
-1.6308
-1.7395
1.5111
-1.2855
-6.1607
-0.37241
-0.95995
-0.68516
-0.57751
0.0033373
-1.7722
-0.60764
2.8096
3.0387
3.2796
2.9181
2.4972
1.7325
2.6001
-0.77756
-1.0371
-1.16
-1.3271
-1.3112
-1.518
-1.3363
-0.17282
0.36113
1.3493
1.5882
1.7141
0.7416
-0.29727
-0.89311
-1.3304
-1.8861
-1.3564
0.10075
1.5208
2.9744
2.687
2.1811
0.42773
0.080349
0.19478
0.37765
0.049652
-1.0618
-2.5039
-2.7314
-2.1727
-1.6803
-1.2116
-0.90157
0.053804
1.0864
0.43759
5.4544
-0.049858
3.4548
8.3614
3.9559
-0.28931
1.5268
3.7288
-1.5372
-4.4085
-5.9182
-1.6886
-2.1393
0.3147
-1.5346
-2.2449
0.037033
-3.6301
-2.4753
-7.1795
1.5397
-2.7613
0.26702
0.62577
1.4576
0.88848
0.081903
-1.1236
2.4452
2.1529
3.7769
2.0763
2.7472
1.6479
4.0792
0.049158
-1.6649
-0.68358
-1.276
-1.3397
-1.2005
-1.1661
-0.59717
-0.24082
0.59945
1.001
1.601
1.8161
1.5291
1.0137
0.6919
-0.16825
-0.88223
-1.2182
-1.6941
-1.9913
-1.546
0.37319
2.331
3.1695
2.3889
1.8025
0.93985
-0.12562
-0.20848
-0.87999
-0.080763
0.15239
0.28401
0.25229
0.030403
-1.0237
-1.3778
-1.8427
-1.6595
-1.2365
-0.87984
0.020349
1.0408
2.7605
1.6269
-4.0505
8.9787
-1.494
0.60409
-4.4587
-3.147
-0.38632
-2.1668
-2.0791
-3.181
0.359
1.093
-1.36
-0.51765
4.5659
3.9629
2.4512
-5.8756
-8.2073
2.0167
-2.8651
-2.2651
2.864
-0.86872
-3.2578
-3.9262
-0.59602
-1.8298
-0.95357
0.42152
2.8168
8.6697
2.3262
1.7531
2.3046
2.6021
2.5507
1.927
3.4654
-5.5003
-1.0875
-4.2401
0.14941
0.72211
1.0341
0.98089
0.32852
-0.078483
-0.049713
0.39612
1.2456
1.7874
1.6323
1.6318
2.6158
1.7931
-2.3607
-5.0654
-2.0116
-0.9577
0.76338
1.7067
0.17664
0.86982
1.3987
-0.48215
-0.42972
-0.66447
-0.58377
-0.21364
-0.22716
-0.90047
-1.6196
-0.9133
-1.6874
-1.463
-1.4649
-0.66926
-1.3207
0.38914
1.476
3.4277
3.4901
8.2723
9.1135
5.0524
-0.056392
-2.6273
-6.2271
-5.3928
-5.13
-1.6481
-3.1183
-3.0388
-0.10005
0.061483
-0.31427
-2.646
6.9319
5.3432
-0.67279
1.2716
-1.3088
0.092336
-1.6862
0.63743
2.4744
-4.3896
1.3249
-0.36858
4.5957
0.8845
0.59174
1.8371
4.366
-1.7226
-0.010127
1.026
0.82045
0.39677
-0.39207
-0.44248
0.09829
0.10106
0.80871
1.1982
2.1649
1.1496
1.1415
1.9327
0.45859
1.8726
-0.78584
-2.3914
0.16963
1.3265
0.80828
-0.25776
-0.99163
-2.1054
-0.29035
-0.55468
-0.295
-0.62466
-1.9755
-2.1938
-1.9399
-1.9681
0.5699
0.85593
0.11375
3.5183
7.328
2.7105
3.1575
2.589
-2.1267
-5.4347
-0.00050769
-4.5203
-3.7757
-2.0416
-0.92219
10.227
6.6016
-0.21947
-2.4612
-1.7841
0.012556
-0.17497
-2.0829
1.885
-1.506
-1.3378
0.62141
-0.89493
2.4265
2.0296
2.6944
0.7531
2.4671
2.2662
2.9611
-4.8042
4.8852
0.76272
-0.11167
-0.3032
-0.59917
-0.52067
-0.10391
1.8217
0.94636
1.4195
3.4285
0.039424
-2.2205
1.0863
-0.080323
0.777
-1.3383
0.54422
2.1583
-0.31574
0.23744
-1.1439
0.36846
-1.3029
-1.3148
-1.0202
-2.2045
-2.1614
-1.215
-0.60231
-1.715
-0.67986
-0.46822
0.97867
3.2105
1.6265
1.987
1.7961
-3.2466
-4.5007
-2.4423
-1.0882
0.98573
-2.641
-4.2701
-3.5581
-1.6924
-2.5714
10.994
1.8147
-0.041603
-4.0163
-0.20352
0.20692
-0.0075402
0.35985
-4.0224
2.6715
-0.25481
0.84736
1.5412
2.6932
2.8788
2.5509
3.7917
2.4232
1.0551
0.74173
0.43575
0.40401
0.080745
0.57384
0.2497
-0.20038
-0.25421
0.47112
1.2662
2.2351
2.0607
2.5757
2.3633
-0.48703
-1.4812
-2.6798
-0.30289
-0.24047
-0.73504
0.95602
0.12841
0.46991
-0.52069
-0.77965
-0.50037
-0.90973
-1.1037
-1.4069
-2.5757
-1.8983
-1.1321
-1.0186
-0.8238
-1.0268
-0.5734
-0.05077
2.4411
3.8396
5.3637
6.4539
5.655
-0.25274
-0.12287
-1.1428
-1.0276
1.231
-0.83224
-2.9105
-2.9597
-1.1249
-2.3313
4.8112
-5.8253
-0.90269
-5.2939
0.65997
0.18037
1.2505
-1.0714
-2.7743
0.076083
-1.5352
1.3968
1.1141
1.3917
2.314
4.3748
0.57124
0.61977
-0.015469
-0.86654
-1.0176
-1.1503
-1.441
-0.46835
-0.05551
1.2807
1.5833
1.8578
1.7985
1.7335
0.76557
0.16438
-0.63769
-0.71571
-1.6659
-1.315
-0.0045462
1.889
1.2104
1.4552
1.4183
1.5958
1.0285
0.58064
0.010008
-1.2619
-1.436
-1.4175
-1.7008
-0.94844
-0.49083
-0.65313
-0.86063
-1.9138
-0.05299
0.987
0.45867
1.1986
-4.1674
5.7682
1.5063
4.5536
8.2078
8.5057
2.9938
2.9022
1.6848
0.061302
3.2234
1.2367
-9.3338
-14.435
-7.4356
-2.2803
-1.929
-1.6697
-1.0304
0.052195
-0.059668
1.367
-1.0255
1.2335
2.4689
4.7633
2.8869
0.70823
3.3568
2.057
2.3447
0.43838
0.13964
-0.86159
-0.68979
-0.31289
-0.081733
-0.080461
0.54426
1.4079
1.6763
1.1628
0.95722
0.19108
-0.84357
-1.4288
-1.8384
0.013116
1.5432
1.9044
1.6331
0.53599
0.16108
0.52938
0.54203
0.54231
1.1333
-0.58936
-1.1992
-1.9932
-1.1632
-1.8671
-1.2802
-0.78853
-0.95556
-0.49135
-0.42895
-1.3988
0.54563
-1.9343
-2.3234
2.4071
6.3252
4.4402
4.3578
2.3388
-0.19349
0.90136
-5.9604
-3.3173
-2.3273
-7.2672
-8.9242
-7.569
0.3085
-0.7171
-2.4225
-1.667
-1.2618
-2.0737
-1.2754
0.74956
-3.1785
-1.0826
0.30103
3.9773
4.2925
4.5556
2.454
1.2871
3.792
1.4407
0.91109
0.93396
-0.0069191
-0.41565
-0.43881
0.054226
0.027491
0.091582
-0.26047
-0.27199
0.04368
0.33593
1.113
1.6706
1.6684
1.1518
0.72526
-0.29807
-0.96895
-1.7546
-0.95156
-1.8187
0.70807
0.98976
1.2639
1.7833
1.6665
0.9008
0.41716
-0.91657
-1.2694
-2.077
-1.9582
-1.9048
-0.64765
-1.6864
-1.1436
-1.327
0.13779
0.31573
-0.27001
0.76441
-1.6032
-0.25847
-0.53165
5.8324
5.3328
4.0796
6.1045
5.9984
0.98673
0.95967
-2.6743
-4.475
-4.0373
-4.8818
-12.047
-9.8995
1.1446
-0.32672
-1.6354
-1.5961
-1.3627
-1.7052
0.13019
1.3445
-1.8407
-0.054242
2.3156
3.1172
3.6203
3.3492
2.783
4.3114
0.9768
0.66411
3.4547
-0.28659
0.65042
-0.41249
-0.75876
-0.6944
-0.76922
-0.64861
-0.33288
-0.21091
-0.09435
0.16367
1.2081
1.3739
1.208
0.8325
-0.27232
-1.8198
-0.75375
0.43829
0.49919
0.78223
1.2986
1.4539
1.4966
0.78034
0.63965
0.45838
0.27088
-0.5437
-1.0409
-1.365
-1.7448
-1.5317
-1.385
-1.075
0.20722
-0.38724
-0.79848
-0.69332
1.0193
-1.0187
0.81443
1.0643
-2.1128
-2.6013
2.5166
3.7294
5.4371
0.23867
-2.0084
-0.058579
0.13114
-13.182
2.3732
2.1207
1.4172
-0.76124
-1.535
-3.3457
-2.2728
-1.6583
-0.28623
0.13121
-1.0437
0.32366
-1.3816
-1.2546
1.2836
0.46517
5.2803
3.3073
2.4403
3.2022
1.2083
1.8349
1.6214
2.8053
-0.24024
0.70849
-0.18634
-0.56381
-0.3157
0.037561
-0.046419
-0.40315
-0.48769
-0.37063
0.34725
0.48789
0.95793
0.86314
0.059475
-1.0505
-1.003
-0.14286
-0.21261
0.42318
2.6009
1.3141
1.0926
0.70159
1.0902
1.0987
0.92365
1.1486
0.3588
-0.54208
-1.5407
-2.1585
-1.7744
-1.5794
-1.328
0.10538
0.084087
-2.2187
-0.34007
0.049488
-0.13111
-0.25505
1.0446
-2.4611
3.2936
3.4456
5.0268
-0.44102
1.9922
1.355
-3.0413
-1.5622
-8.1513
2.5124
-7.0207
-0.37323
-1.7816
-2.9659
-2.7325
-2.9963
-1.0503
0.16851
0.60081
0.14942
0.38595
2.0164
2.3469
1.0283
1.7389
3.959
3.9477
3.4428
3.9799
1.2211
2.0047
0.29854
-0.1087
0.8112
0.19308
-0.39285
-0.75919
-0.41991
0.23777
0.49617
0.52163
0.56485
1.177
0.71393
0.56626
0.51743
0.26747
-0.54956
-1.4607
-1.6041
-0.81377
-0.18984
0.36397
0.90059
1.3548
1.1903
1.2523
1.1011
-0.064291
0.033781
0.20542
-0.080035
-0.85557
-1.3087
-1.2715
-1.0293
-1.1163
-1.1475
-1.0428
-0.46852
-0.038706
0.00045888
0.033556
-0.61949
0.46383
3.0608
5.0614
5.3534
5.4655
0.73592
-0.20454
0.55868
-9.437
-4.0248
-7.4199
-7.5728
-1.5142
-8.6782
0.10329
-2.145
-3.1416
-2.9314
-2.2707
-0.98748
0.29889
-0.9518
0.1717
-0.68086
-0.29898
0.26988
-2.0324
3.7666
3.46
7.2598
3.3693
1.0041
1.4735
2.5184
2.4753
0.38285
0.90219
-0.18339
-0.67919
-0.70264
-0.3549
-0.15064
0.43405
1.1368
1.2219
1.3914
1.2507
0.88379
0.52521
-0.10797
-0.66362
-1.3072
-1.3012
0.0021292
-0.45006
0.090841
2.6398
1.2054
0.68953
0.89737
1.2892
1.1503
0.75196
1.2731
-0.3575
-1.4807
-2.174
-2.1256
-1.7636
-1.3278
-1.2566
0.29639
-1.0742
-1.4243
-1.412
-0.85307
0.3703
5.5158
4.6509
6.3801
5.1445
4.776
1.2346
1.273
-3.2615
-5.2574
-4.3075
-4.6454
-11.274
-8.7748
-5.6223
-2.5117
-2.92
-2.9723
-2.6806
-0.79935
-0.3983
0.17279
-0.61182
0.31374
0.068088
-1.494
-1.9375
2.7887
4.4598
0.72787
0.67365
6.3209
3.3808
0.028912
2.9989
2.6256
0.86775
0.34581
-0.7443
-1.2909
-0.80545
0.087721
0.33441
1.0212
1.0233
1.0843
1.1924
1.1131
0.86835
-0.002725
-0.76935
-0.97049
-0.64421
0.15163
0.72466
1.4926
0.66678
0.31897
0.12365
0.74577
1.0744
1.2828
1.2058
1.0849
0.23761
-0.80884
-1.4442
-2.4226
-2.0288
-2.1536
-2.8446
0.42274
-1.2611
-1.916
-1.104
0.75005
0.42166
-1.0558
6.0853
7.0567
6.7493
6.4491
3.6964
2.0087
2.0651
0.084833
0.8271
-4.0979
-2.5638
6.7896
-6.8497
-0.48595
-1.9546
-2.6964
-2.6581
-1.6314
-1.2192
-0.67173
0.63935
0.8415
0.21316
-0.59242
-2.5971
1.4743
0.19961
4.7343
4.0782
3.9866
2.5435
2.982
-0.088278
3.4738
0.66689
-1.2835
-1.9545
-0.8632
-0.84009
-0.31475
0.10964
0.25542
0.22962
-0.21059
0.35313
0.56198
0.75985
0.9827
1.0403
0.90156
0.15526
-0.43753
-1.5422
-1.2433
1.2088
1.0696
1.6606
1.6315
0.12121
0.62284
1.1341
0.47122
-0.069964
-0.1428
-1.1798
-1.2326
-2.1674
-2.1795
-2.6341
-1.1234
-2.3618
-2.2588
-1.1512
1.4525
0.97199
-1.9825
5.4069
-1.329
8.2403
5.8424
3.5371
1.6879
1.6665
2.1334
-1.8169
-2.0187
-3.0878
-2.4443
-7.7759
-2.3761
-1.6471
6.5592
5.3775
-1.3532
-2.5818
-2.4657
-1.7133
0.083094
0.336
-3.7219
-0.69552
1.6074
2.6989
2.3202
5.2443
2.9642
3.1914
2.8878
1.0458
1.0921
1.1912
-0.6909
-0.29205
-0.96132
-0.79731
-0.47754
-0.1027
0.094243
-0.00080488
-0.10489
1.0838
1.1172
1.4597
1.015
0.90449
0.49782
0.038188
-0.65395
-1.3073
-1.6503
-1.1079
0.2985
1.3414
0.69714
2.3871
1.0892
1.3792
1.0004
1.6359
0.16447
-0.68863
-1.5797
-2.0148
-2.2061
-4.1142
-0.19566
-2.4142
-2.5412
-2.2798
0.23908
-0.70331
-1.3761
6.3223
-0.84869
-1.3969
4.0147
7.0099
3.7741
3.6733
1.4106
-1.2371
0.75921
-4.9661
-5.0344
-6.9977
-12.45
4.3221
0.079715
-1.2159
-2.716
-2.4156
-3.0446
-2.5262
-2.9268
0.18008
0.62746
-1.0523
1.0208
1.6984
4.4791
4.9201
1.4872
3.6151
7.0105
-0.11009
1.9465
1.6546
1.309
-0.39555
-0.61258
-1.49
-1.3557
-0.79765
-0.07151
0.75878
0.52628
0.36754
0.58425
0.46097
0.51231
0.51982
1.28
0.9378
0.21601
-0.64875
-1.2464
-1.3338
-0.32964
0.30607
1.1586
0.78376
2.0523
1.5455
0.60563
2.1504
0.33094
-0.89103
-0.8019
-2.6518
-2.463
-2.0447
-1.0105
-0.4643
-0.70412
-1.4034
-1.0886
0.69397
-0.21206
-0.23653
3.7946
3.4379
2.4627
2.7838
3.8396
7.54
7.5244
1.2119
-3.5405
-1.4806
-6.204
-5.7183
-4.3876
-5.5216
9.8925
-2.2458
-3.4824
-0.77962
-2.4422
-1.8994
-2.4637
-0.18456
-1.3314
0.82821
0.68917
1.8439
2.7215
4.0662
2.6438
2.2011
2.1804
2.1318
0.46407
1.0624
0.9751
-0.01571
-1.081
-0.72483
-0.20976
0.11225
0.34046
0.052972
-0.39602
0.21183
0.80377
0.87024
1.166
0.93429
0.5616
-0.17301
-0.71507
-1.366
-1.581
-0.77916
0.75536
1.463
1.3261
2.1497
1.7369
0.61594
1.0347
0.64209
0.49944
0.57268
1.0861
0.080746
-0.93468
-1.5329
-1.987
-2.4602
-2.0692
-1.5005
-1.5737
0.043398
-1.9582
-2.0506
-1.5979
0.72741
0.35042
7.8947
-5.215
-5.8365
6.4824
2.0208
5.348
5.4681
4.6804
-0.47215
2.1957
1.2526
-4.5175
-3.7231
-3.8048
-10.282
3.1188
1.4201
-0.0098157
-1.8519
-2.8531
-3.6135
-2.3145
0.98697
-0.069898
0.059325
-0.050438
2.2535
4.5147
4.9796
4.3488
3.9848
3.2369
3.1647
2.8233
2.5231
-0.33202
0.92735
0.078843
-0.73325
-1.0182
-0.0055882
0.35265
0.34864
0.25664
0.11915
0.17758
0.68561
1.5481
1.7594
1.0333
0.74159
-0.1545
-0.87189
-1.5984
-1.7676
-0.93988
0.23307
1.4719
0.79354
1.4876
0.40408
0.66577
0.66418
0.46593
0.59724
0.45109
0.61457
0.27431
-0.69926
-2.0002
-2.2757
-2.6232
-1.2586
-0.62017
-3.082
-2.283
-0.21976
-0.16727
-1.0149
0.11152
1.8653
0.43741
4.6323
4.2891
3.4574
6.3408
3.4568
7.3261
3.8314
3.4716
-2.9417
-1.316
-4.1204
-4.7676
-3.9272
-10.256
-5.3044
-0.65972
-1.956
-2.3185
-1.7221
-1.3723
-0.95917
-1.2376
-1.3324
0.21692
-0.3717
-0.42676
-2.2302
1.3292
4.7225
4.1833
3.103
3.0807
3.6703
1.5602
1.8859
3.6392
3.2438
0.80021
0.49442
-0.5318
-0.92746
-0.71915
-0.44133
-0.3888
0.022373
0.30902
0.071166
0.31033
0.64218
1.1592
0.97887
0.64338
0.023959
-0.55152
-1.4157
-2.1396
-1.8766
0.26222
-0.30414
2.4176
2.3556
1.7962
1.7377
0.54711
1.7005
0.59479
1.6473
0.87653
0.82253
-0.74936
-1.6538
-1.9864
-2.4089
-1.2203
-2.795
-2.6665
-0.64298
-0.22996
-2.3676
-0.054215
0.22106
0.67623
0.36681
-0.83078
6.3713
9.2483
9.1303
1.8881
3.2366
3.1881
3.6269
0.58242
-1.1043
-1.1722
-4.6472
-3.6112
1.8849
-0.63492
-1.6061
-2.508
-2.5749
-0.60409
-0.77185
0.33406
-1.2812
1.7168
-1.8565
-2.3989
3.2399
4.8328
2.1977
3.9755
2.0943
3.5634
2.0538
2.1191
2.413
0.0044274
0.41257
-0.26382
-0.30876
-0.46364
-0.91971
-1.0439
-0.69922
-0.1706
1.0843
1.1045
0.95036
0.2237
-0.60181
-1.472
-1.6206
-0.66454
0.36138
1.6861
1.6698
1.2821
0.70052
0.64214
1.0114
0.77835
0.46086
1.168
0.60261
-0.4727
-1.7504
-2.4961
-2.5632
-4.4973
-1.9695
-2.7003
-2.3102
-0.93699
-0.47933
-2.653
8.3985
8.447
-1.3693
6.4739
2.9025
2.9302
6.6502
6.4437
5.7418
-0.45675
-2.7396
-15.223
-3.6887
0.37696
-0.70989
-2.5366
-3.2071
-1.7717
-0.89025
-1.6029
-0.87033
0.3084
0.06333
-1.9666
-1.1234
2.5094
-0.65943
4.4629
2.7201
3.7506
3.1443
2.5128
2.7337
-0.57923
1.9089
-0.11905
0.050803
-0.97488
-1.1505
-0.63673
0.37589
0.6619
-0.67495
-0.020463
0.50674
1.0926
0.65723
1.0679
0.09826
-1.0066
-1.8248
0.010361
0.77021
1.143
0.68527
0.88709
0.42267
0.33919
0.35388
0.60847
1.6699
1.4712
0.51967
-0.59018
-1.8227
-2.572
-2.1863
-2.3219
-1.4447
-3.3548
-0.39911
-2.4151
-1.5088
-1.0716
1.0896
-0.16809
-1.9024
4.2744
3.4889
4.51
3.0612
-0.091476
-1.8046
-2.3339
-1.4665
-4.6965
-12.218
4.0477
13.211
-1.2723
-2.3616
-3.0474
-3.4985
-4.3543
-2.9639
-1.5753
-0.41484
-2.0883
0.12747
1.1378
0.048155
0.42133
2.0157
3.373
1.5233
3.7168
3.0211
3.4331
2.2173
1.6402
1.2688
0.11982
-0.13209
-0.29114
-0.34394
-0.57501
-0.18149
-0.53115
0.8637
1.3046
1.4976
1.2752
0.59573
-0.096259
-0.91418
-1.621
-1.8328
-0.63993
0.72484
1.8973
2.4436
0.73254
1.678
1.2409
0.21569
1.4136
0.16303
1.3317
0.8403
-0.24402
-0.84398
-2.0495
-1.1641
-1.6732
-3.3088
-1.6863
-1.6762
-0.45041
-0.20904
-0.92864
5.5089
0.37754
2.8232
4.0862
2.1057
2.0649
0.73747
-2.5815
-0.066708
-1.9079
-4.5904
-2.3295
-1.6985
-7.5121
-6.4541
6.8746
-7.333
-2.6454
-2.8226
-3.0765
-2.5942
-1.1679
0.59371
0.18379
2.269
-1.2428
-1.462
-0.04216
2.0113
2.994
5.3943
3.6591
4.1437
1.0393
4.2258
0.24274
0.2224
0.45326
-0.55208
-0.8963
-1.2211
-0.71042
-0.39922
0.22092
0.9312
1.4933
1.4415
1.1474
1.0204
0.4178
0.12859
-0.65806
-1.1973
-1.7143
-1.3616
-0.032259
0.15748
1.1754
1.7125
1.871
0.68939
0.55532
1.1067
0.91884
0.12842
0.79551
0.26495
-1.8904
-1.2027
-2.2457
-2.0417
-1.6145
-1.0073
-1.2258
-2.4399
-0.43455
-1.7462
-0.7831
0.32932
1.2899
5.1129
-0.45508
5.4235
4.5267
5.2088
2.8557
3.4723
2.6345
3.0388
-1.8309
2.8784
-4.0309
-3.8685
-1.151
-2.119
-2.8433
-2.2095
-1.7302
-0.69645
-1.36
1.9073
1.5574
0.89596
-3.4487
0.40784
3.4009
4.1553
3.9319
5.7576
5.7754
0.96802
0.91168
2.9853
3.3892
-0.46261
0.97169
-0.078927
-1.3847
-1.1002
-0.35408
-0.073233
0.33007
0.23927
-0.42274
0.46819
1.1158
1.6488
1.354
1.7382
0.88046
-0.071778
-0.632
-1.2301
-1.2853
-0.94634
-0.37858
0.39374
0.67473
0.98559
-0.1433
0.20735
0.31234
0.74346
0.53493
0.93999
0.63963
-0.25704
-1.5291
-1.2928
-2.2441
-2.2987
-2.22
-1.3874
-2.7753
-0.0035939
-2.3331
-1.5029
-0.52019
0.56269
0.59154
2.835
2.8771
2.558
4.9327
2.7952
4.3619
4.3479
2.2974
-0.70209
1.0493
-3.3008
-1.7007
-1.1549
-11.05
-5.0555
2.9225
0.96591
-0.107
-2.5507
-1.882
-1.8756
-1.9535
-1.3546
-1.1313
0.51757
0.11403
-0.21312
-1.2252
-1.1136
2.1189
2.4685
2.9302
5.3709
2.8819
2.846
2.2634
1.8898
2.4436
0.29774
-0.092319
0.36971
-0.57993
-0.65591
-0.43269
-0.60571
-0.61296
-0.50334
-0.5462
0.145
0.69032
0.86639
0.98009
0.74187
0.37482
-0.18714
-0.88521
-1.2854
-1.1675
0.10564
1.199
1.6239
0.39447
0.73748
1.0845
0.42257
0.8708
0.74492
0.88188
1.1666
-0.070863
-1.57
-1.8538
-1.7185
-1.6843
-4.0165
-2.3108
-1.9152
-1.4543
-0.52466
0.46043
3.0637
6.3831
5.9517
4.5556
3.8866
0.35871
3.7909
0.67113
0.58207
-1.1539
-1.9516
-4.3062
-4.9544
-4.2211
-7.1541
3.908
1.9728
0.36
-1.7807
-3.0851
-2.936
-2.1001
-2.4399
-2.2785
-1.6298
-3.0007
1.2414
2.172
3.9098
3.3369
3.2449
3.8132
2.9039
1.9368
1.1587
2.3859
-1.8021
3.9794
-1.6378
-1.2474
0.014366
1.0146
1.3207
1.6356
1.8144
1.7028
1.2416
0.043297
-0.85269
-1.474
-1.4702
-1.0582
-0.36262
-0.31428
1.4547
1.1737
1.4158
-0.76674
-1.1601
0.73078
-0.65846
-0.2366
0.31424
-0.43526
-0.39668
-0.63028
-1.0779
-1.2132
-2.187
-2.3832
-1.3614
-0.048839
1.2207
8.4645
13.735
14.124
14.136
3.272
-5.6225
-2.8942
-6.9384
-7.6211
-12.957
-12.414
-6.4241
-7.8477
1.954
-0.037981
-7.3237
4.1758
1.0547
0.74718
-1.1079
-2.4625
-3.8338
-3.707
-2.7225
0.6224
1.9345
0.88002
0.63323
-3.1886
-1.8504
-0.68919
1.1304
2.3474
3.2451
2.6801
-0.94023
-0.7831
-0.79391
-0.72536
-0.015772
0.32465
0.76338
0.84369
0.82244
0.86419
0.37719
0.91809
1.294
0.95725
0.63599
-0.24978
-1.0483
-1.1811
-0.86615
-0.52265
0.15047
1.0437
0.64989
-0.84274
0.50883
2.0604
1.4633
0.2969
-0.25377
-1.3763
-1.4384
-1.6611
-1.6332
-2.7814
-3.0304
-2.258
-0.63405
-0.04847
2.8405
9.0888
12.363
13.146
7.1197
1.4821
0.72874
-0.3187
-1.4563
-3.3717
-7.2353
-8.8015
-12.459
-11.473
-4.5463
-8.4574
-9.0227
-3.4764
-1.5509
-4.773
9.055
1.2841
1.3967
-0.76436
-2.2485
-1.6049
1.135
1.4559
-2.2686
-1.3633
1.161
2.1044
3.3587
2.3992
2.9536
0.35856
0.60922
0.6676
-2.149
-1.7954
-1.6527
-1.2322
-0.42544
-0.17693
0.31129
0.54845
0.43286
0.6955
0.67783
1.0195
1.0062
1.3582
0.87914
0.35154
-0.46621
-1.2969
-1.3053
-0.8226
-0.35275
0.71391
0.14362
0.6724
2.0484
-0.39399
-1.6379
-0.32768
1.358
0.26912
0.5892
-0.016584
-0.65711
-1.5277
-1.5081
-3.3029
-2.3402
-1.3773
2.9124
11.558
18.828
14.443
2.9693
2.7169
1.1903
-1.9952
-2.0274
-4.9628
-11.212
-9.2098
-13.26
-11.234
-11.871
-5.1603
-3.7188
-2.7487
1.2963
6.1291
11.772
-0.7691
-2.6474
-2.8797
-3.1451
-2.5655
-0.81312
1.7272
1.1319
1.7833
3.8925
-3.0582
-0.27743
-0.80449
3.908
3.8717
2.416
2.3588
1.6577
0.71394
1.1514
-1.8319
-1.0121
-1.2136
-0.60788
-0.54176
-0.62674
0.21181
0.59057
0.99119
0.77011
0.90512
1.614
1.1554
-0.029667
-1.2641
-1.4923
-1.0451
-0.31549
0.31886
-0.057474
0.41387
1.1083
0.36117
-0.0075534
0.25898
0.54835
1.4483
0.72403
0.11327
-0.28205
-0.48823
-0.5208
-0.48689
-1.83
-2.3246
-0.78918
-1.5674
-0.98934
3.1897
3.9936
11.536
13.922
15.277
7.6812
0.50489
-2.5783
-0.73633
-7.5332
-9.1991
-12.787
-13.187
-5.3433
0.67545
-3.485
6.7591
1.2887
-1.4949
-1.7156
-3.4425
-2.7427
-2.5656
0.096822
0.10508
0.92586
0.6691
0.79409
-0.74438
0.4735
-2.8916
-1.7328
4.7145
1.6462
3.1134
2.4054
1.9317
0.90168
0.77556
-1.8341
-0.75649
-0.66179
-0.2809
-0.29047
-0.25584
-0.39077
-0.14018
0.18517
0.80865
1.6364
1.5428
1.7182
1.561
0.89616
0.6762
-0.48502
-1.3396
-1.5976
-1.15
-0.41156
0.66078
-0.40939
1.6261
0.29476
-0.064038
-0.27628
-0.10572
1.289
0.99392
1.5918
-0.077325
-0.54294
-0.47756
-0.49512
-0.56056
-1.03
-1.8822
-2.2034
-1.0755
-0.66105
1.881
5.2216
10.468
9.89
13.787
11.456
3.8653
0.27352
-3.4559
-2.0991
-14.82
-16.051
-9.9249
-13.304
-11.076
-10.641
-9.1245
-2.4058
0.87349
1.0802
11.617
0.59235
1.4073
-1.6467
-3.2207
-3.7628
-1.06
0.46336
1.2292
2.5518
1.6374
-0.52468
0.11985
0.0037802
1.7159
1.1414
1.9983
3.6876
2.493
-0.31532
-1.2148
2.8496
0.042669
-0.13634
-0.59507
-0.37526
0.17893
0.43867
0.0031327
-0.81529
-0.65342
0.085773
0.85079
2.0129
2.3771
2.1311
1.8354
0.58532
-0.49059
-0.76423
0.43999
0.72183
0.5381
-0.47628
-0.72576
-0.60963
0.056455
0.7668
1.215
0.5897
0.52914
-0.14051
-0.83136
-0.17092
-0.5613
-1.1077
-0.99518
0.41254
0.46643
0.5365
6.4296
5.3384
8.1302
8.6131
8.3584
13.652
-0.79819
0.076158
-2.4046
-12.647
-17.676
-18.144
-13.428
-12.657
-11.84
-7.2927
-6.4476
-1.3052
1.0487
5.4518
14.007
-4.4735
-2.1188
-4.0812
-3.7556
-2.0793
-1.5381
3.5776
2.9834
0.77645
1.1807
-0.41666
-1.4487
-0.26029
0.44334
1.5764
1.9995
2.7403
3.2184
5.5486
1.034
0.13233
-2.6389
-1.6924
0.35645
0.71638
-0.076444
0.40567
1.0842
0.69415
0.47599
-0.058313
1.578
0.73734
2.4745
2.6608
2.2096
1.3314
0.055127
-0.84598
-1.3803
-1.4036
-0.87397
-0.28083
0.37984
1.1547
-0.55276
-0.85947
0.41476
0.65615
0.71912
1.249
1.7785
0.39006
0.86806
0.15273
-0.50241
-1.2204
-1.2919
-1.4588
-1.2238
-1.372
-0.24871
-0.61223
-0.57951
1.6607
6.6436
11.8
10.986
13.013
11.67
11.474
5.4955
-4.0121
-0.30919
-4.9582
-17.351
-17.578
-13.466
-18.091
-10.647
-4.6824
-3.8518
0.67048
9.322
15.273
-0.97802
-2.5628
-6.6604
-6.8876
-2.8769
2.2178
3.7394
2.5654
1.2539
0.081505
0.10777
-0.48651
-0.20275
1.1937
2.0682
3.7761
2.858
2.6482
2.2097
0.17418
-1.4109
-1.651
1.695
-1.3884
-0.59354
0.31185
0.91598
1.0899
1.252
0.75291
0.027599
1.6027
1.7301
2.5743
1.9807
1.5125
0.64882
-0.42224
-1.3145
-1.6214
-1.055
0.084619
1.7961
0.93338
1.7589
0.97231
0.65289
-0.38239
-0.021842
1.6534
0.18488
0.91437
0.39783
0.61419
-0.666
-0.90998
-1.13
-2.1719
-1.081
-1.7683
-1.8743
-1.577
-0.61471
1.5247
4.3874
13.659
17.142
15.236
10.038
2.8314
-0.74735
0.40173
-4.5692
-11.294
-9.5563
-10.375
-18.095
-10.797
-9.6982
-5.1199
-2.0521
6.7829
12.577
0.84673
-0.079019
-1.6964
-4.0215
-2.7774
-4.9266
0.41759
2.9606
1.5655
1.6442
0.33281
-0.11136
-1.2924
-0.8833
0.84483
2.7308
2.2474
4.8348
4.6898
1.251
0.77698
-0.56602
-1.3283
0.7579
0.25025
-0.16111
0.43426
1.2233
1.3072
1.1929
0.756
0.87691
0.95194
1.7058
1.8097
1.9123
1.15
-0.087417
-0.93206
-1.2818
-0.83789
0.47866
1.5641
2.8804
3.101
0.17914
-0.34827
1.4616
0.66017
0.27711
1.6191
0.42384
1.0005
0.45228
-0.5384
-0.99782
-2.1047
-2.297
-2.1297
-2.0411
-1.4245
-1.0129
-0.48986
-1.4104
-1.3363
-0.12095
2.4787
8.4796
17.031
11.993
7.8841
7.7304
-2.6483
-3.8719
-5.8288
-6.6745
-6.7716
-11.906
-12.231
-9.902
-7.2571
-2.5987
-5.9059
6.0189
1.5509
-0.45841
-3.1033
-3.1469
-6.0555
0.22977
4.5606
0.14921
0.71284
1.7561
0.5344
-0.81097
-0.038644
1.7852
2.6329
1.6234
1.4069
1.6916
2.1597
1.4473
0.61715
-0.29655
0.52648
-0.85888
1.5641
-0.071785
0.10436
0.10866
0.049784
0.33641
1.1619
0.78206
1.8431
2.1436
2.0109
1.3144
0.49607
-0.55791
-1.1631
-1.225
-0.0082981
1.574
3.4015
4.9966
-0.29527
-0.48168
0.30613
0.37453
0.34096
0.075607
-1.3186
0.50268
0.093379
0.17148
-0.59196
-0.88703
-1.3035
-1.7881
-1.857
-2.0423
-1.4275
-1.0952
-1.5097
-0.95666
-0.060443
0.88455
17.235
9.9415
9.5459
4.9746
4.8291
-6.6622
-5.2385
-4.9512
-2.6149
-7.5632
-11.959
-10.374
-12.185
-11.654
-9.9889
-1.1224
5.8308
14.898
13.92
1.3635
-4.1985
0.0045848
-0.11328
-0.50386
0.68798
-0.17276
-0.3382
-3.5862
0.077354
0.27317
0.35747
0.9114
2.2972
1.366
1.7176
2.1661
1.9661
2.3828
1.4564
0.96084
-2.4381
-0.45015
-0.33487
-0.62063
-0.42411
0.029902
0.18297
-0.32918
-0.22986
-0.46886
-0.11271
0.7048
1.5398
1.5711
1.2115
0.46949
-0.53948
-0.98191
-1.0582
-0.24526
0.096582
1.3007
1.2609
6.2272
-1.0888
-1.1034
3.7243
2.0294
2.1469
2.3901
2.3199
1.9023
0.83854
-0.26668
-1.3258
-2.3216
-2.6531
-2.4612
-1.6514
-0.65908
-0.061551
-0.032189
-0.49571
-1.2089
-1.2328
-2.0931
-2.1675
-1.2691
-1.16
-0.93141
-0.66671
-1.0769
-0.17055
-0.015684
0.12924
-0.46365
-0.46207
0.10225
0.35865
0.85223
1.0962
1.6239
1.3968
1.1352
0.94999
1.3042
1.4277
1.3392
1.427
1.3647
1.3098
0.88475
0.83172
0.66159
0.50475
0.28557
0.038468
-0.12976
-0.29179
-0.48685
-0.87775
-0.94604
-0.75775
-0.49982
-0.28036
-0.27547
-0.18034
-0.046485
-0.064823
-0.058282
-0.03109
0.057144
0.1862
0.30679
0.60007
0.68827
0.7606
0.77082
0.61889
0.37027
0.16764
0.14951
0.29014
0.37668
0.19905
0.06321
0.048467
0.08669
0.15662
0.19011
0.14049
-0.069635
-0.070643
-0.012373
0.015123
0.075813
0.078333
0.21916
0.3018
0.35094
0.36329
0.26616
0.33322
0.34132
0.30104
0.29741
0.2136
0.2646
0.25481
0.20025
0.16571
0.0387
0.10569
0.16107
0.099538
0.07321
0.11041
0.22629
0.28788
0.26737
0.26255
0.17406
0.26147
0.28147
0.24887
0.25227
0.16017
0.18031
0.24073
0.20109
0.12965
0.086989
0.14935
0.18739
0.20622
0.16235
0.21705
0.24835
0.25922
0.20882
0.15907
0.15929
0.23023
0.22034
0.24603
0.22233
0.2205
0.20638
0.22805
0.23866
0.19473
0.13007
0.14071
0.23761
0.23126
0.15891
0.24664
0.2563
0.28432
0.28416
0.13665
0.21063
0.19929
0.20614
0.16005
0.17299
0.13413
0.18722
0.27801
0.25123
0.2375
0.15102
0.19857
0.20959
0.17531
0.17895
0.10941
0.20039
0.22502
0.18543
0.10314
0.11062
0.1436
0.21041
0.2473
0.24615
0.15311
0.14377
0.22441
0.19689
0.13798
0.1576
0.21377
0.23862
0.23121
0.17087
0.19507
0.22043
0.23202
0.22803
0.17038
0.13379
0.20433
0.2526
0.25792
0.24747
0.13906
0.21086
0.23565
0.25874
0.26235
0.11922
0.17779
0.19031
0.17595
0.11317
0.13708
0.18832
0.19303
0.21535
0.24506
0.13697
0.17574
0.21967
0.20848
0.2032
0.1349
0.25415
0.26065
0.26328
0.25018
0.24256
0.23491
0.24378
0.25511
0.13959
0.20522
0.20455
0.27823
0.18571
0.10791
0.14132
0.19592
0.19733
0.22249
0.24874
0.21824
0.22757
0.22843
0.2109
0.16503
0.23744
0.22972
0.25103
0.22567
0.12924
0.17499
0.19056
0.19162
0.21574
0.17358
0.1348
0.19879
0.20598
0.25335
0.17279
0.21312
0.25541
0.25018
0.24796
0.24211
0.11996
0.16182
0.24617
0.19741
0.096593
0.14807
0.22756
0.2497
0.26446
0.13434
0.17714
0.24606
0.2453
0.23212
0.20162
0.12601
0.21
0.23209
0.23362
0.10698
0.17464
0.23338
0.21779
0.23412
0.13244
0.1792
0.1729
0.2119
0.22145
0.11537
0.14197
0.15206
0.2232
0.24991
0.27106
0.14183
0.21345
0.21445
0.21081
0.099152
0.11198
0.25238
0.21574
0.24583
0.14372
0.20904
0.21066
0.20767
0.22752
0.17799
0.10391
0.19045
0.20312
0.26203
0.13368
0.2095
0.21527
0.24604
0.20842
0.089915
0.14188
0.20043
0.1954
0.095177
0.10091
0.17102
0.25497
0.24603
0.21338
0.14793
0.15115
0.16742
0.22344
0.22362
0.13738
0.13659
0.17125
0.19207
0.24005
0.15706
0.15886
0.1971
0.2396
0.23462
0.13307
0.13305
0.17677
0.27994
0.19022
0.13505
0.13543
0.14262
0.2305
0.2306
0.23716
0.13275
0.23241
0.20355
0.1095
0.11281
0.17161
0.23203
0.24184
0.23083
0.14963
0.14584
0.16624
0.21559
0.1832
0.11823
0.11753
0.21435
0.21807
0.21134
0.13855
0.22085
0.2268
0.23851
0.093518
0.10245
0.21346
0.23154
0.24426
0.18938
0.1024
0.11011
0.16223
0.22306
0.22814
0.12579
0.20343
0.22474
0.23071
0.17743
0.11783
0.15266
0.23346
0.24969
0.2306
0.13868
0.12812
0.16283
0.17543
0.20952
0.12801
0.18191
0.22505
0.23203
0.14918
0.15979
0.17299
0.2108
0.21481
0.11535
0.11954
0.20225
0.22725
0.21279
0.16126
0.099207
0.11302
0.19574
0.2535
0.26605
0.1389
0.12674
0.16183
0.21941
0.12203
0.1283
0.17964
0.20054
0.19347
0.14664
0.14204
0.15409
0.18086
0.231
0.21267
0.12667
0.12763
0.17846
0.25972
0.18261
0.13078
0.12163
0.18273
0.22742
0.21123
0.17281
0.22044
0.23682
0.18138
0.13888
0.12557
0.14194
0.19024
0.23757
0.20831
0.11595
0.11444
0.21448
0.18383
0.24037
0.12391
0.15889
0.17626
0.23126
0.20485
0.13553
0.17393
0.20452
0.22621
0.1497
0.19381
0.21456
0.2075
0.1883
0.10202
0.15268
0.14942
0.23772
0.2211
0.23879
0.11248
0.19591
0.20094
0.24381
0.22237
0.12631
0.17293
0.18093
0.18838
0.18468
0.14898
0.14899
0.21929
0.22772
0.22362
0.14803
0.16893
0.19453
0.22339
0.17395
0.17095
0.10518
0.14778
0.23072
0.25234
0.25224
0.17125
0.19266
0.19401
0.19339
0.13438
0.16975
0.23911
0.23867
0.23573
0.11235
0.18929
0.22933
0.21952
0.21994
0.21983
0.085864
0.16936
