0.23672
0.15065
0.05234
-0.052764
-0.15922
-0.26159
-0.35443
-0.4323
-0.61122
-0.5832
-0.47276
-0.25088
-0.074385
0.12518
0.32954
0.56723
0.89534
1.1915
1.7518
1.9803
1.8574
1.2976
0.53346
-0.20282
-0.91646
-1.4427
-2.0194
-2.3034
-2.3789
-2.1133
-1.4899
-0.78736
0.21035
0.93352
1.1367
0.93538
0.67112
0.14282
-0.37057
-0.88339
-1.4376
-1.6775
-1.6587
-1.2983
-0.76208
-0.033351
0.82228
1.4863
1.8718
1.6496
1.7704
2.9492
1.7567
1.9734
1.9782
1.8666
1.6256
1.0732
0.38104
0.021725
-0.48878
-1.0917
-1.2484
-0.90315
-0.97288
-1.1036
-1.6221
-0.29999
-0.59678
-1.0496
-1.428
-1.7906
-1.9499
-1.7842
-1.2823
-0.88333
-0.42309
0.092757
-0.54936
-0.4354
0.44179
-0.115
-0.8479
-1.3728
-1.8334
-2.2452
-2.5468
-2.509
-2.1128
-2.0541
-1.9719
-1.5833
-1.0161
-0.55605
-0.21098
-0.037617
0.17551
-0.021432
-0.30975
-0.51546
-0.52547
-0.34158
-0.13811
0.20872
0.32836
0.39857
0.6252
0.73882
0.68248
0.53397
0.33094
-0.045043
-0.38246
-0.71696
-0.73925
-0.72186
-0.48425
0.12638
0.59907
0.93258
0.87104
1.1484
1.7053
3.0231
3.6521
3.1089
3.3414
2.3601
2.3354
1.436
0.68808
0.75288
0.43046
-0.59176
-1.3759
-2.2271
-2.4945
-1.8093
-2.422
-2.7436
-2.032
-2.3287
-1.2678
-0.84379
0.16348
1.5176
1.8756
1.862
1.8196
1.0747
0.94944
0.93069
0.39607
0.22248
-0.13121
-0.74256
-1.3753
-1.7297
-2.0464
-2.1385
-1.9304
-1.515
-0.98032
-0.65624
-0.27477
-0.081769
0.33284
0.52942
0.60992
0.281
-0.35621
-0.68175
-0.82461
-0.69364
-0.35723
-0.10412
0.13947
0.17575
0.2894
0.057126
-0.025846
-0.21988
-0.42962
-0.68635
-1.1298
-1.4529
-1.5922
-1.5072
-1.1569
-0.62557
0.14724
0.8419
1.4283
1.8168
2.1803
2.3072
2
2.7826
2.3183
2.2276
2.2971
1.5721
1.226
0.79389
1.1434
1.2289
2.2443
2.2049
2.1758
2.1471
0.6991
1.0528
-0.31928
-0.491
-1.2572
-2.6833
-2.3946
-2.5123
-1.7636
-0.92723
0.47866
0.68537
1.4904
1.9407
1.3515
1.7911
1.2255
0.91411
0.054038
-0.9163
-0.90624
-2.3462
-2.6991
-3.2474
-3.3043
-3.079
-2.418
-1.6154
-1.0417
-0.46725
-0.017318
0.36294
0.44402
0.34768
0.38659
-0.32583
-0.22853
-0.43695
-0.27259
-0.059903
-0.12688
-0.32368
-0.82974
-0.92643
-1.3929
-1.4391
-1.62
-1.6711
-1.8971
-1.7055
-1.3097
-0.54232
0.067618
0.68123
1.0798
1.4089
1.7484
2.1664
1.7072
1.5513
2.0859
2.5419
2.9927
4.2629
4.9123
5.6757
6.3931
5.7658
5.3408
5.4117
3.8926
2.3505
0.43169
-2.166
-2.9766
-3.7695
-4.2097
-3.7209
-3.3358
-2.569
-1.5953
-1.1365
0.29132
1.6273
1.5336
1.7448
1.2125
-0.427
-0.46183
-1.1925
-2.2241
-2.5273
-2.4948
-2.4793
-2.3406
-1.9337
-1.4443
-0.89932
-0.38107
-0.20801
0.22609
0.18669
0.37618
-0.10776
-0.45679
-0.3311
-0.063362
0.079654
0.18272
0.2824
0.24496
-0.26337
-0.41327
-0.76003
-0.90594
-1.1373
-1.2018
-1.4149
-1.4935
-1.3743
-1.0465
-0.52362
-0.066737
0.29405
0.59366
0.84581
1.4684
1.7979
2.1535
2.5329
2.5211
2.5307
2.2658
2.1325
2.5907
2.9672
2.9003
2.5786
2.7142
3.027
2.9447
2.076
1.9012
1.1385
0.16112
-0.82631
-2.0088
-2.1648
-1.7249
-1.8284
-1.8078
-1.132
-0.026364
0.79486
1.1247
1.3125
2.2734
1.9637
1.3561
0.26258
-0.58689
-1.1189
-1.7693
-2.3377
-2.3342
-2.5997
-2.8581
-2.7793
-2.3457
-1.5202
-0.71977
-0.25946
-0.005098
0.10139
0.35271
0.34907
0.45649
0.52949
0.30485
-0.27251
-0.44445
-0.38706
-0.033621
0.28547
0.4747
0.35275
0.13598
-0.08186
-0.51308
-0.77751
-1.0683
-1.2089
-1.475
-1.5284
-1.5576
-1.3757
-1.0239
-0.72761
-0.34936
-0.10521
0.29224
0.66229
0.71263
1.2175
1.5401
1.7687
1.0784
1.5808
2.6884
3.6262
5.4663
6.4269
5.9454
5.3372
4.5221
3.2273
1.938
0.95925
0.43649
-0.21623
-0.63095
0.92677
2.6285
2.0412
3.4346
2.0242
0.25706
-0.69506
-1.5184
-2.2508
-2.5979
-2.2679
-1.0961
-0.24838
0.79172
1.7752
2.0072
1.0415
1.8197
0.56356
0.52376
0.2425
-0.18951
-1.1645
-1.8147
-2.6039
-2.7122
-2.6488
-2.6393
-2.2629
-1.7699
-1.3541
-0.6021
-0.027125
0.7263
0.83393
0.72112
0.34672
0.25949
-0.13692
0.028083
0.021592
-0.37949
-0.45041
-0.6548
-0.61475
0.058112
0.45047
0.7015
0.85364
0.79336
0.44877
0.11217
-0.24098
-0.6264
-1.1315
-1.5605
-1.7646
-1.7981
-1.4046
-0.85508
-0.41053
0.078709
0.57285
1.0011
1.3144
1.4942
1.2062
2.5957
2.9413
3.8511
4.1623
4.1249
3.8659
3.2091
3.2367
2.3369
3.1555
3.5344
3.2272
2.4421
0.36021
0.47887
-1.2654
-2.1662
-3.206
-3.9433
-4.2666
-4.049
-3.064
-2.2864
0.050698
0.87415
1.4003
1.3553
0.51717
0.97179
0.31917
-0.12461
-0.37975
-0.79637
-0.93842
-0.90963
-1.6077
-1.9338
-2.2461
-2.346
-2.0274
-1.6906
-1.2304
-0.70175
-0.41426
-0.04986
0.26518
0.60158
0.80975
0.6202
0.0037785
0.0040751
0.052797
0.29116
0.4823
0.56186
0.45219
0.15331
-0.090874
-0.39932
-0.79092
-1.1299
-1.5258
-1.7419
-1.7573
-1.6262
-1.3233
-0.89065
-0.49345
-0.087239
0.26523
0.76671
0.5701
1.2423
3.1446
4.3761
5.1572
4.3948
3.5781
2.704
2.1205
0.47829
-0.17319
-0.52877
-0.53717
0.33755
1.4726
2.4174
3.3812
1.8376
0.59199
0.14064
0.34595
0.80694
1.0361
0.87633
1.9641
2.5596
3.3855
4.254
4.2072
2.3821
1.0836
-0.7313
-0.77607
-0.077831
-0.38919
-0.45845
-0.70531
-0.76297
-0.94199
-1.3102
-1.7944
-2.2215
-2.4401
-2.3497
-1.9746
-1.5196
-0.96099
-0.42437
-0.034631
0.31014
0.58597
0.75528
0.7803
0.51699
-0.026262
-0.12571
-0.059515
0.16565
0.36
0.42034
0.34774
0.10449
-0.23844
-0.68461
-1.1974
-1.6303
-1.9054
-2.084
-2.1254
-1.7907
-1.2883
-0.69607
-0.065669
0.45078
0.84035
1.1443
1.484
1.707
1.855
1.1313
1.3711
2.7095
3.7285
4.4394
4.9455
5.1758
5.2764
5.3313
5.0192
3.6527
2.8714
2.6082
0.95774
0.55202
1.3212
1.2849
1.88
1.3148
-0.14571
-1.5439
-2.9414
-3.8432
-4.3518
-4.8495
-3.8609
-2.4422
-1.7767
0.33198
1.0599
1.4998
2.9644
2.281
1.3951
0.77012
-0.28588
-0.85618
-0.99029
-1.4024
-1.5165
-1.6564
-1.9098
-2.0015
-2.1836
-1.9167
-1.5423
-1.0608
-0.45874
0.0013427
0.092712
0.2831
0.57797
0.71933
0.81753
0.61611
0.38029
0.1626
-0.22046
-0.39429
-0.35042
-0.30099
0.037449
0.36813
0.36016
0.28489
0.083854
-0.19719
-0.47941
-0.9335
-1.2919
-1.5338
-1.7655
-1.8392
-1.6329
-1.3231
-0.74599
-0.26349
0.11809
0.57513
0.93233
1.4101
1.8086
2.0855
2.4554
2.5697
1.6781
1.9468
2.2136
3.6797
3.0806
3.8379
3.3739
2.8101
1.7828
0.97723
-0.37942
-1.1573
-0.98537
-0.53942
-0.084754
0.26536
0.59161
2.2197
1.2119
1.0386
-0.46808
-1.4497
-2.5406
-2.8018
-3.352
-2.1851
-0.52897
0.42995
0.91787
0.36888
1.0362
1.819
1.2459
0.47096
0.26777
-0.034352
-0.42713
-0.71087
-1.2848
-1.4296
-1.7707
-2.6745
-3.0046
-2.7687
-2.6021
-2.1015
-1.436
-0.68299
-0.074833
0.44478
0.71805
0.92541
1.1346
1.1327
1.1106
0.42666
0.13378
-0.10902
-0.50745
-0.41847
-0.26787
0.21733
0.46303
0.56413
0.51243
0.37883
0.15642
-0.18803
-0.44401
-0.64152
-0.94391
-1.2498
-1.4488
-1.3996
-1.2175
-0.68859
-0.27041
0.13151
0.55222
0.93863
1.261
1.6125
2.0704
2.5099
1.7526
2.4777
2.9791
3.0912
2.5796
2.6521
1.9378
1.0825
0.19863
-0.48808
-1.597
-0.69434
-0.28415
-1.2616
-1.7562
0.15583
-0.03355
-1.3106
-2.1767
-0.91849
-1.7764
-2.0396
-1.849
-0.89959
-0.29054
1.7416
1.8017
1.2403
1.7435
2.0173
0.81668
-0.072521
0.13633
0.82938
-0.24215
-0.4736
-0.6312
-0.48299
-0.97074
-1.1688
-1.5847
-2.1223
-2.3389
-2.0634
-1.8876
-1.3964
-0.83418
-0.32427
0.18001
0.53545
0.88747
1.1844
1.168
1.0384
0.69667
0.24469
0.039557
0.027148
-0.085632
0.19197
0.4922
0.4893
0.73591
0.85319
-0.06714
-0.77177
-1.3261
-1.6956
-2.0398
-2.2806
-2.5101
-2.42
-1.8609
-1.9847
-1.9438
-1.8413
-1.2936
-1.0488
-1.2532
-0.60865
0.035303
0.71903
1.3011
1.7704
1.4133
1.5624
1.9484
2.4011
3.3801
4.453
5.605
6.1478
6.6553
5.3956
4.882
3.645
1.6371
-1.1831
-3.7752
-5.265
-6.0293
-6.0949
-5.949
-5.3121
-3.9591
-3.4067
-2.6987
-2.5444
-0.28486
0.91507
1.5131
1.9109
2.5443
2.5801
2.3602
1.6662
1.0913
0.45616
-0.26424
-1.5145
-2.217
-2.1912
-1.5113
-1.3433
-1.6629
-1.737
-1.4667
-1.7451
-1.7233
-1.6039
-1.2071
-0.85574
-0.54658
-0.01215
0.48097
0.86822
1.0211
0.95108
0.49405
0.34934
0.32643
-0.24676
-0.19104
-0.84159
-0.63607
0.85726
2.4744
4.3817
3.5191
2.5908
1.7979
1.042
0.402
-0.46888
-1.6187
-2.699
-3.4879
-4.2326
-3.2546
-1.2661
0.21016
1.1916
0.25435
0.71389
1.3203
2.0126
2.7049
2.8826
2.3202
2.7947
2.019
2.1115
2.4015
2.4585
2.3698
2.0156
1.8031
1.3937
1.2484
0.10715
-0.17532
-0.18761
-1.2439
-0.75386
-1.5556
-2.5316
-2.2924
-3.0057
-3.9004
-4.368
-4.0088
-3.3008
-2.566
-1.946
-0.17863
1.1454
1.8039
2.8512
1.8822
0.33074
0.31708
-0.89299
-1.7064
-2.085
-2.0626
-1.8131
-1.8532
-0.96092
-0.56479
-1.0063
-0.95392
-1.2159
-1.7723
-1.6878
-1.5465
-1.0404
-0.64828
-0.34893
0.019757
0.26626
0.4952
0.88155
0.60195
-0.016766
0.43198
0.77113
0.9649
1.2233
1.8776
1.7139
1.4334
1.0363
0.43884
-0.37716
-1.1845
-1.9911
-2.4092
-2.5139
-2.0853
-1.3999
-0.7501
0.20274
1.1579
1.2472
1.6078
1.8498
1.9835
1.8612
1.6068
1.3837
1.2508
1.272
1.3989
1.5254
1.4776
1.3825
1.1826
0.93742
0.66774
0.34283
-0.0071815
-0.38471
-0.78281
-1.0946
-1.3568
-1.4271
-1.3749
-1.2469
-1.1768
-1.0592
-0.88709
-0.76362
-0.64767
-0.56741
-0.51987
-0.42615
-0.28183
-0.094521
0.10357
0.32526
0.50117
0.6436
0.71142
0.82777
0.94243
0.89964
0.83718
0.75051
0.62083
0.5578
0.4923
0.42806
0.39471
0.31302
0.25232
0.14633
0.053741
0.0091113
-0.032864
-0.12144
-0.14998
-0.18328
-0.19484
-0.15856
-0.13665
-0.061536
0.053973
0.14912
0.26249
0.31899
0.37593
0.40458
0.3812
0.3193
0.28362
0.2111
0.17394
0.14466
0.12844
0.11881
0.11751
0.11039
0.13516
0.145
0.13213
0.12681
0.098049
0.073071
0.074194
0.088719
0.12009
0.17639
0.23004
0.25734
0.26447
0.25489
0.25955
0.23482
0.19983
0.17114
0.12704
0.12147
0.13782
0.19255
0.27276
0.35796
0.4243
0.4423
0.40036
0.32845
0.24664
0.13295
0.016094
-0.11105
-0.20472
-0.3007
-0.33689
-0.31099
-0.19097
0.036378
0.16994
0.34648
0.3848
0.40553
0.4104
0.30954
0.15967
-0.052712
-0.33513
-0.51931
-0.61302
-0.55697
-0.3021
0.074485
0.39009
0.83317
1.1605
1.5257
1.7981
1.9057
1.8319
1.5254
1.0757
0.64011
0.21
-0.24633
-0.55567
-0.54665
-0.23077
0.19301
0.54753
1.2144
1.2164
0.84355
-0.072576
-0.93601
-1.1074
-1.9893
-2.2985
-2.5493
-2.4878
-2.1732
-1.7826
-1.4039
-0.94883
-0.27861
-0.22972
-0.14223
0.069823
1.0436
1.9175
1.9537
2.2486
2.3165
2.7477
2.6105
2.2981
2.1333
1.5179
1.6435
1.5285
1.5875
2.0377
2.3223
1.7557
2.1572
2.132
2.1145
2.2618
1.2006
0.12395
-1.0704
-2.1827
-2.2549
-2.4258
-2.0395
-1.4287
-0.9572
-0.15271
1.4181
2.0869
2.3804
2.4542
1.8275
0.90203
0.42193
-0.060961
-0.16704
-0.3858
-0.73324
-1.076
-1.5864
-1.8925
-2.2181
-2.9762
-2.9015
-2.8196
-2.6176
-2.3083
-1.533
-1.1032
-0.36512
-0.029131
0.14471
0.54766
0.49641
0.55941
0.33919
-0.13934
0.01554
-0.24485
-0.34076
-0.19392
0.033794
0.53225
0.91966
1.3407
1.4581
1.3871
0.50956
0.081302
-0.32963
-0.97298
-1.6753
-2.3059
-2.7664
-2.8058
-2.4207
-1.5027
-0.52452
0.52471
1.1742
1.5947
1.8604
2.5542
2.9116
2.8311
2.5359
2.1099
1.8181
1.4649
1.428
1.5255
1.6719
1.8106
1.9998
1.9765
1.8793
1.8714
1.614
1.4293
1.1513
0.94021
0.70013
0.15594
-0.23254
-0.68402
-0.95492
-1.2104
-1.3221
-1.4616
-1.5119
-1.3658
-1.318
-1.1566
-1.0033
-0.98334
-0.94618
-0.92811
-0.81405
-0.64071
-0.36766
-0.08646
0.28498
0.56852
0.77184
1.0157
1.1969
1.2459
1.2706
1.1583
1.0964
0.94027
0.80382
0.64563
0.47907
0.2777
0.12456
-0.042498
-0.17152
-0.2955
-0.39174
-0.44738
-0.41809
-0.34145
-0.25627
-0.15009
-0.014557
0.11487
0.22053
0.30651
0.39684
0.46108
0.48975
0.47894
0.43305
0.38906
0.33026
0.26379
0.16754
0.089819
-0.0022064
-0.059636
-0.085811
-0.052778
0.0061754
0.094004
0.1772
0.24443
0.27079
0.27191
0.26943
0.26713
0.24883
0.22854
0.17731
0.14615
0.12792
0.13598
0.12794
0.12981
0.12159
0.111
0.090208
0.099545
0.1255
0.15578
0.17269
0.18271
0.17531
0.17808
0.16909
0.16615
0.15896
0.17116
0.17454
0.16746
0.1668
0.17394
0.16863
0.15288
0.13187
0.12374
0.12936
0.13403
0.13994
0.1534
0.16881
0.19922
0.20103
0.20029
0.1991
0.19556
0.18599
0.16486
0.14308
0.13625
0.14583
0.13372
0.13517
0.14714
0.15714
0.16935
0.16866
0.1836
0.18469
0.19279
0.1942
0.18257
0.17353
0.17214
0.17252
0.15876
0.16695
0.17211
0.16431
0.15783
0.15901
0.17295
0.16567
0.1739
0.17385
0.18042
0.18704
0.19728
0.18851
0.18794
0.19108
0.18003
0.17844
0.15892
0.14982
0.14347
0.1306
0.1399
0.139
0.1441
0.15073
0.1636
0.17171
0.18065
0.18455
0.18425
0.1861
0.16652
0.16732
0.16511
0.16143
0.16406
0.15703
0.16171
0.16963
0.17259
0.17958
0.17381
0.17576
0.166
0.15373
0.14512
0.14494
0.1532
0.15071
0.15396
0.16386
0.185
0.19581
0.17911
0.14323
0.11189
0.071777
0.023677
0.004292
-0.004623
-0.027031
-0.014178
0.019256
0.095866
0.17568
0.27315
0.34582
0.3898
0.37644
0.36751
0.34627
0.33252
0.32929
0.29619
0.19819
0.13082
0.068044
-0.01937
-0.043228
-0.0050813
-0.042518
0.0026519
0.15431
0.34724
0.44723
0.59394
1.0551
0.84439
0.46638
-0.22828
-1.3345
-0.90929
-0.84727
-1.4232
-1.7066
-1.8428
-2.3207
-2.1118
-1.3654
-0.63493
-0.08341
0.43069
1.0433
0.87918
1.1014
1.9191
0.4229
-0.72726
-1.129
-1.7703
-2.2714
-1.5725
-0.7255
-0.13943
0.77544
2.2296
3.114
3.2896
3.5249
2.8654
2.1544
2.2344
2.0035
1.579
1.3847
1.0602
0.57184
-0.095909
-0.48392
-1.2655
-1.802
-1.9588
-1.7483
-1.4847
-0.73472
-0.27096
0.27434
0.76019
1.1392
1.2445
1.2585
1.0059
0.87435
0.32738
0.23114
0.3095
0.34048
0.26651
-0.50367
0.30038
0.4796
0.19266
-0.53247
-1.6385
-2.27
-2.8246
-3.311
-4.0008
-3.8371
-4.1137
-3.9721
-3.842
-3.7303
-2.2033
-1.9028
-1.4573
-1.1773
-0.51661
0.74016
1.637
2.2771
2.815
3.5307
2.9925
2.8743
3.1414
1.7174
1.571
0.99112
0.93127
1.059
1.046
1.9148
1.5621
1.6195
1.7063
2.3498
1.459
2.2903
2.3407
2.0376
2.9606
2.5237
2.4902
2.4981
2.1965
2.4769
1.5157
1.5199
1.593
1.7824
1.3138
2.2379
1.9225
2.0141
1.3163
0.48659
0.30149
0.090053
-0.23997
-0.56528
-1.0587
-1.4344
-1.2386
-2.1774
-2.1215
-2.5916
-2.614
-2.9238
-2.6466
-2.0037
-1.0849
-0.82669
-0.3817
-0.29016
-0.15384
-0.093648
-0.28502
-1.4235
-2.1776
-2.5046
-0.61638
1.7246
1.787
2.5562
2.3613
1.4583
-0.82398
-2.463
-3.8167
-5.0547
-6.4021
-7.7204
-8.6265
-7.4201
-4.8106
-2.6566
-2.1925
-0.055559
0.89037
1.3225
1.0058
1.9663
2.5213
2.7513
2.4701
2.0865
2.0296
1.8979
2.3329
2.5775
2.2267
0.73282
-1.1263
-2.2584
-3.3757
-3.6156
-2.2553
-1.8041
-0.98002
0.25691
2.0278
3.0821
5.2288
6.0609
6.0222
4.896
3.1757
2.5828
1.563
1.2637
1.7342
1.0969
1.5138
1.6767
2.0874
1.9444
2.9081
2.7808
2.4762
1.4801
0.099149
-0.94636
-2.3611
-3.427
-3.5381
-3.0106
-2.0136
-1.5496
-0.36047
0.10729
-0.53741
-0.78634
-0.98088
-1.2625
-1.3937
-1.6663
-1.7454
-1.6651
-1.436
-0.93872
-0.48054
-0.010909
-0.27169
-0.93368
-1.7023
-2.0895
-2.788
-3.447
-3.3976
-3.6064
-3.4361
-3.1587
-2.7294
-2.4711
-1.4229
-0.29857
0.069932
1.7542
2.2708
1.6604
1.3978
1.1923
1.2627
0.98699
1.2309
1.2577
1.2071
0.93445
1.4946
1.6029
1.8722
2.4504
2.0523
1.7059
1.3949
1.0782
0.77115
0.53718
0.43769
0.42121
0.45437
0.54847
0.71554
0.99224
1.384
1.63
1.7891
1.9082
1.9515
1.9106
1.8541
1.8166
1.8647
1.9052
1.963
1.9109
1.787
1.781
1.7579
1.7082
1.3999
1.2348
0.89799
0.40141
-0.18787
-0.63297
-0.7748
-0.77834
-0.71735
-0.72703
-0.50504
-0.19053
-0.0016295
0.031561
-0.217
-0.31055
-0.56969
-1.0237
-1.5494
-1.8919
-2.0106
-1.9586
-2.0782
-1.9744
-1.8382
-2.1858
-1.9628
-1.806
-1.6378
-1.298
-0.90449
-0.65701
-0.45088
-0.13072
0.37201
0.95349
1.33
1.7416
1.719
1.4915
1.7531
1.6513
1.5901
1.5971
1.5857
1.5536
1.5355
1.5293
1.5314
1.5248
1.5351
1.4852
1.3328
1.1828
0.99388
0.7993
0.60372
0.39348
0.13238
-0.11304
-0.32768
-0.49479
-0.65181
-0.74271
-0.777
-0.81626
-0.84055
-0.8221
-0.81057
-0.76995
-0.77837
-0.82731
-0.80273
-0.76075
-0.63371
-0.48216
-0.34889
-0.19821
-0.069753
0.030364
0.12996
0.23717
0.34241
0.45229
0.54396
0.63568
0.74329
0.77926
0.85409
0.86246
0.83994
0.75435
0.6207
0.47248
0.32135
0.18084
0.045818
-0.063827
-0.14959
-0.22033
-0.26619
-0.28286
-0.27403
-0.24347
-0.19451
-0.13648
-0.053214
0.036608
0.12432
0.20923
0.29079
0.37576
0.43958
0.48835
0.49985
0.48312
0.45144
0.39136
0.31109
0.22892
0.15087
0.078779
0.014087
-0.036515
-0.057047
-0.059709
-0.053752
-0.036582
-0.012376
0.027384
0.078222
0.13805
0.19579
0.25511
0.30672
0.34829
0.36103
0.35118
0.32508
0.28578
0.24126
0.19331
0.1444
0.099457
0.072094
0.064031
0.048913
0.044319
0.054602
0.077749
0.10065
0.11987
0.13439
0.15104
0.17173
0.20265
0.20527
0.20725
0.21336
0.2226
0.21641
0.20889
0.20698
0.20719
0.20309
0.19066
0.17493
0.16004
0.15692
0.16302
0.14996
0.13908
0.13514
0.1365
0.13508
0.13965
0.15203
0.15764
0.15611
0.15427
0.15527
0.15809
0.1694
0.17978
0.17705
0.18278
0.18397
0.18731
0.18725
0.19134
0.1894
0.17698
0.16607
0.15414
0.15346
0.15711
0.15715
0.15608
0.15065
0.15106
0.14353
0.1513
0.14646
0.14512
0.13883
0.14009
0.14224
0.146
0.15328
0.15767
0.15847
0.1617
0.15352
0.14534
0.14254
0.14968
0.13956
0.13142
0.12798
0.13765
0.13603
0.13787
0.13593
0.14363
0.16118
0.1773
0.18027
0.19443
0.19905
0.20378
0.19904
0.19335
0.19176
0.19542
0.17816
0.16694
0.15466
0.16176
0.16454
0.16211
0.15786
0.15731
0.1438
0.14283
0.14044
0.13461
0.13512
0.13806
0.13309
0.14337
0.14834
0.16116
0.16427
0.16884
0.17366
0.1739
0.17053
0.17762
0.17174
0.16698
0.16223
0.15997
0.15513
0.15983
0.15342
0.15159
0.14905
0.14017
0.1407
0.13725
0.13614
0.13952
0.13874
0.1429
0.14187
0.14986
0.1515
0.16243
0.16809
0.16989
0.16493
0.16234
0.17744
0.17081
0.16054
0.15067
0.15995
0.15878
0.16886
0.18423
0.21173
0.22645
0.24908
0.28319
0.34961
0.40213
0.46879
0.47025
0.41261
0.32902
0.23105
0.11818
0.095868
0.030662
0.029638
0.025181
0.031554
0.070318
0.1351
0.21849
0.21076
0.16789
0.051435
-0.065777
-0.24055
-0.44949
-0.69748
-0.7682
-0.75939
-0.51863
-0.34583
-0.16685
-0.010267
0.22678
0.3963
0.77305
1.0785
1.6539
1.8909
1.7544
1.3695
0.95134
0.33885
-0.24064
-0.92438
-1.6141
-2.1194
-2.1994
-1.9536
-1.3067
-0.33361
0.46312
1.2003
1.206
0.95923
0.5525
0.14376
-0.18814
-0.50006
-0.91764
-1.2329
-1.3563
-1.2476
-0.91673
-0.4111
-0.13296
0.58762
0.85499
1.258
1.4503
1.4235
1.831
3.3767
3.8313
4.1506
4.1296
3.6867
2.9164
2.5058
1.983
2.0331
1.8808
1.7855
0.89399
0.30288
0.97029
1.4583
1.2822
0.88967
-0.83574
-2.0993
-2.1539
-2.0373
-1.5324
-0.6404
0.15729
0.8125
0.85678
1.3117
1.8132
1.6736
1.7841
0.81599
-0.12901
-0.27421
0.0080393
-0.57828
-0.63233
-0.86426
-0.97948
-1.1117
-0.87755
-0.49976
-0.018396
0.43276
0.69542
1.127
1.4584
1.3261
1.1946
0.71433
0.28034
-0.15204
-0.48198
-0.44793
-0.24832
-0.094751
0.17831
0.40277
0.50034
0.70435
0.76341
0.78408
0.59398
0.42646
0.15481
-0.024921
-0.14035
0.13314
0.45387
0.76173
0.73975
0.60341
1.2376
1.7046
2.3355
3.0125
4.456
4.8966
3.8013
3.6134
2.9223
3.225
2.991
2.4254
0.88791
0.10375
1.4776
-0.45891
0.21432
0.90337
0.78299
-0.47243
-1.6382
-1.0223
-0.89636
0.10149
0.35449
0.57816
0.43452
1.0005
1.8463
0.45507
1.8434
1.4794
0.4752
0.11712
-0.13171
-0.3713
-0.57578
-1.0283
-1.148
-1.2282
-1.2584
-1.0283
-0.63952
-0.31726
0.12744
0.56584
0.96311
1.0843
0.98127
0.64045
0.34254
-0.14882
-0.24586
-0.30087
-0.031858
0.27941
0.39124
0.44404
0.71102
0.87175
0.87082
0.72346
0.31542
-0.11878
-0.5114
-0.69639
-0.78972
-0.42877
-0.037988
0.45538
0.90579
1.276
1.4506
1.79
1.9227
3.2074
2.3336
1.8914
0.81728
0.26929
0.031445
0.36915
0.67027
1.7638
2.2641
2.2075
2.6784
1.7555
0.75258
-0.41283
-2.0532
-3.413
-4.3835
-4.4005
-4.1229
-2.8108
-1.6111
0.098084
0.96445
1.7397
2.5644
1.2657
0.82812
0.065398
0.15542
-1.1834
-1.3467
-1.8247
-2.1005
-1.8338
-1.8304
-1.392
-0.72636
0.085473
0.70421
0.89184
1.3545
1.3865
1.2762
1.0431
0.82808
0.38269
-0.070772
-0.53499
-0.72147
-0.68321
-0.41051
-0.05135
0.23108
0.52702
0.70256
0.72274
0.75026
0.52094
0.32487
0.1121
-0.11317
-0.32583
-0.31888
-0.2752
-0.024448
0.26652
0.73335
0.9371
1.0758
1.1554
1.1512
1.1837
2.0797
2.4634
2.4502
2.6005
2.3656
1.6004
1.8822
1.5348
1.2565
1.2759
2.0676
1.3313
1.3837
1.5774
2.2132
1.3674
-0.11015
-0.80729
-3.0512
-4.5337
-4.8094
-5.4103
-5.2463
-3.8719
-2.349
-1.8766
-0.22855
1.2087
1.9557
2.1222
1.8607
1.7821
0.65206
0.51625
0.25295
0.099026
-0.55549
-0.65622
-0.96685
-1.1789
-1.198
-1.1107
-1.2154
-0.76291
-0.26776
0.33264
1.0073
1.4732
1.7556
1.7338
1.2812
1.2775
0.91059
0.53852
0.13393
-0.37931
-0.52433
-0.51624
-0.13951
-0.041529
0.0079129
-0.31391
0.042543
-0.33264
-0.21357
-0.095913
-0.33422
-0.5388
-0.66607
-0.71983
-0.69482
-0.67533
-0.43169
-0.31699
-0.14398
0.09003
0.94479
1.0031
1.7576
2.0201
2.2318
2.5277
2.5722
2.0819
1.9582
2.0037
2.6259
3.3934
3.8502
4.3274
4.5041
4.5279
4.0096
2.5634
0.92116
-0.34008
-0.74209
-1.4026
-1.517
-0.89242
-0.32379
-2.2108
-1.3373
-1.6147
-1.3316
-1.0266
-1.1014
-1.7248
-1.4095
-0.7739
0.20026
0.92032
1.2012
1.4298
0.51715
-1.1751
0.15449
-0.87365
-0.64951
-0.68471
-0.67858
-0.94872
-0.82697
-1.3001
-1.3202
-0.9371
-0.94577
-0.62395
0.00077301
0.53717
1.1271
1.4119
1.6339
1.565
1.4035
1.0715
0.6467
0.061481
-0.38664
-0.72551
-0.83928
-0.55924
-0.091628
0.51524
1.0742
1.3347
1.3516
1.2909
1.3649
1.0825
0.634
0.025924
-0.43111
-0.85064
-0.90124
-0.68146
-0.55064
-0.31424
-0.16268
0.6979
2.0123
3.0058
4.8572
5.4875
4.7416
4.4644
3.6783
2.87
0.31074
-2.7541
-4.6066
-4.8847
-6.4714
-4.6764
-3.7061
-2.438
-0.51611
0.0074494
-0.1118
0.91039
0.97062
0.85713
-0.77136
-1.5179
-1.1343
-1.167
-2.4574
-1.3414
-1.8988
-1.6972
-1.9093
-2.3185
-2.7396
-2.5609
-2.3339
-1.8793
-1.3747
-0.7485
-0.25684
0.081626
0.49612
0.79631
1.0003
0.93244
0.65083
0.36354
0.24411
0.13252
0.17884
0.38541
0.54885
0.5112
0.32293
0.2303
-0.13153
-0.39036
-0.77855
-1.119
-1.2729
-1.3269
-1.0011
-0.51048
0.1133
1.156
0.88815
0.12078
0.17826
1.2057
2.6845
4.0657
4.6168
4.4073
4.0691
3.1244
0.86025
0.37495
-0.35079
-1.3199
-4.0185
-5.4797
-5.8521
-4.8822
-3.8719
-3.1693
-2.2475
-1.4184
-0.39141
0.081488
-0.15296
1.3406
1.5369
1.1306
0.55364
0.63976
0.38772
0.15635
-0.32669
-0.50165
-0.39703
-0.18021
-0.21385
-0.48219
-1.0283
-1.3609
-1.3889
-1.2544
-0.73131
-0.19589
0.26721
0.30356
0.30755
0.23835
0.040417
0.13206
0.054627
0.16916
0.40584
0.73599
0.39554
0.98069
1.0147
0.96964
0.83423
0.64241
0.38819
0.36181
0.12776
0.28676
0.445
0.70871
0.96918
1.1349
0.78787
1.5331
1.8342
1.2883
1.9325
2.1688
2.2135
2.5148
1.7764
1.3382
-0.13452
-0.61689
-2.4076
-2.2798
-2.4964
-2.379
-2.7898
-4.0167
-3.6485
-2.7471
-1.3761
-0.63517
-0.38266
0.31145
0.47576
1.209
1.0393
2.6124
2.2609
1.6013
0.31807
-0.77925
-0.95059
-0.6722
-0.74376
-1.6532
-1.8147
-1.5739
-1.41
-1.3545
-1.1018
-0.84004
-0.70571
-0.3335
0.037902
0.43004
0.73623
0.67572
0.80455
0.31173
0.12859
0.095844
-0.026969
0.042291
0.084419
0.53364
0.68345
0.75188
0.8239
0.90981
0.88106
0.83803
0.69959
0.30778
0.02139
-0.32405
-0.40056
-0.35823
-0.27152
0.21314
0.14265
0.19683
0.91565
1.9213
1.9786
2.0232
2.0203
2.0011
1.6451
0.57161
0.47425
0.37471
0.57181
1.1759
0.91635
1.5479
1.906
2.2721
0.21713
-1.6798
-2.095
-2.5566
-3.3745
-3.8
-2.9517
-2.2037
-1.0498
0.36523
1.0467
2.2365
2.173
1.9559
0.093164
-0.68608
-0.41109
-1.0338
-1.608
-1.7531
-2.0715
-2.2254
-2.2281
-1.9017
-1.4387
-0.74928
-0.27478
0.11348
0.48782
0.91373
1.0809
0.99371
0.69741
0.33546
-0.13842
-0.38261
-0.51476
-0.20335
0.19462
0.54034
0.54523
0.47369
0.25302
-0.015007
-0.29706
-0.5468
-0.84042
-0.90844
-0.78791
-0.5045
0.052432
0.65059
1.1147
1.4726
1.6689
1.6034
0.92867
2.2058
2.4439
2.7733
3.3226
2.6023
2.6905
2.9605
3.6141
2.6682
1.7424
1.7115
-0.45904
-1.5524
-3.895
-3.0094
-4.2242
-4.2382
-4.261
-4.337
-2.8049
-1.5326
-0.33469
-0.56264
0.33834
1.0661
0.10578
0.24226
-0.73436
-0.058807
-0.56914
-1.1425
-1.749
-1.901
-2.0165
-2.0025
-1.8926
-1.7263
-1.099
-0.74362
-0.030323
0.22998
0.76816
0.99642
1.0357
0.46672
0.21011
-0.17071
-0.40341
-0.64825
-0.7291
-0.46485
-0.12349
0.061629
0.38307
0.30771
0.23858
0.011093
-0.17662
-0.46577
-0.8904
-1.3176
-1.6983
-1.729
-1.416
-0.77267
-0.076044
0.57439
1.2458
1.6718
1.8559
1.9894
3.6912
2.868
2.2647
2.5389
2.9269
2.8826
2.4709
2.2891
2.1685
1.2044
1.5053
0.54843
1.4371
1.7612
3.0012
-0.21577
-0.95975
0.096127
0.31237
-0.16387
-0.46181
-0.42879
-0.38389
-0.7275
0.20017
0.24627
1.927
1.7493
1.6952
-0.12317
-0.027701
0.37588
-0.28071
-0.91583
-1.3526
-1.7346
-2.0197
-2.1996
-2.1868
-2.2836
-1.9958
-1.5969
-1.0084
-0.50707
-0.091467
0.16028
0.37975
0.51592
0.61937
0.60037
0.4917
0.35615
-0.068432
-0.56276
-0.53584
-0.40151
-0.066182
0.28737
0.22693
0.26919
0.099469
-0.019295
-0.13144
-0.21292
-0.39913
-0.63387
-0.91048
-1.0047
-0.85937
-0.3988
0.092806
0.66222
0.97654
1.3242
1.5417
1.5268
1.5397
2.9834
3.4669
3.8532
4.7139
5.0013
4.6674
3.5284
2.6605
2.7771
2.6237
2.5837
2.0772
0.69522
1.3931
1.9805
1.7339
1.8897
2.3955
1.8883
0.83412
-0.14324
0.076435
0.71288
0.87845
1.1306
0.69014
0.31404
0.97496
0.29746
0.32976
-0.044963
-0.18977
-0.50895
-0.7879
-1.4698
-1.8684
-1.8984
-2.0169
-2.0173
-1.786
-1.3995
-0.94537
-0.42791
0.030864
0.33869
0.70829
0.98176
1.0033
0.46691
0.30858
0.12858
-0.43269
-0.42537
-0.21169
0.01226
0.092508
0.1064
-0.17209
-0.35648
-0.4824
-0.57597
-0.75214
-0.85884
-1.173
-1.3622
-1.3403
-0.94558
-0.52348
-0.078405
0.22737
0.54794
0.78053
1.181
1.6001
1.7762
2.0181
3.2132
2.5381
1.6309
1.3209
0.9939
0.85685
0.55794
0.33015
0.57298
0.87457
1.4305
2.0916
0.98663
1.1363
-0.26834
-2.8036
-4.5108
-5.1167
-5.7619
-5.8077
-5.4864
-4.4893
-2.9474
-1.2376
0.5239
1.6283
1.4663
2.1297
1.067
1.065
0.52571
0.16703
-0.29875
-0.62506
-0.84697
-1.1971
-1.7111
-1.9539
-2.3323
-2.7377
-2.6436
-2.3462
-1.9181
-1.3814
-0.96533
-0.56208
-0.11068
0.34326
0.68816
0.70437
0.48293
0.25108
-0.077072
-0.21066
0.0083276
0.18104
0.27119
0.16756
-0.16785
-0.56454
-0.9695
-1.0183
-1.291
-1.4415
-1.487
-1.4937
-1.1937
-0.72216
-0.14822
0.46942
0.92161
1.1801
1.4121
1.6147
1.8081
1.6681
1.5293
2.9927
3.4309
3.0346
2.6864
2.2775
1.4843
2.4151
2.7758
2.2495
1.846
1.2708
1.0651
1.1821
0.45685
0.66984
-0.89494
-2.1529
-2.6807
-3.1134
-2.9209
-1.4088
-1.2558
-1.161
-0.40333
0.29931
1.3718
1.8292
0.70782
0.54051
0.085186
0.048017
-0.12297
-0.4752
-0.67879
-0.9559
-1.3188
-1.5489
-1.6901
-1.6468
-1.5324
-1.5323
-1.4335
-1.0136
-0.47459
0.019439
0.40415
0.76388
0.93403
0.92324
0.55839
0.25531
0.066766
-0.10237
-0.044119
-0.0023715
0.16237
0.32397
0.20301
-0.0062398
-0.23806
-0.48405
-0.74653
-1.0313
-1.325
-1.449
-1.4618
-1.2513
-0.68673
-0.29411
0.15113
0.52876
0.8247
1.1629
1.4414
1.7957
1.8676
1.705
2.4909
3.5366
3.0237
2.574
2.3493
2.2579
1.2646
1.661
2.1987
2.376
2.2642
1.6658
1.6257
-0.12491
0.48433
0.17091
-1.1895
-1.2676
-0.99584
-1.042
-0.90238
0.71473
1.555
2.0665
2.2961
2.2449
2.1629
0.76596
1.3196
0.74992
0.3534
0.24349
-0.062869
-0.48964
-0.62591
-1.2578
-1.5145
-1.9221
-2.5377
-2.6607
-2.5852
-2.1952
-1.9437
-1.657
-1.2527
-0.74108
-0.2883
0.057763
0.1398
0.032666
0.098288
-0.18124
-0.21565
0.14412
0.49067
0.63102
0.47478
0.25587
-0.16348
-0.54228
-0.76404
-1.0749
-1.2446
-1.2808
-1.2625
-1.0249
-0.61939
-0.060794
0.50962
0.84565
1.0313
1.2176
1.2783
1.6976
2.2644
2.3536
2.6073
2.21
2.3185
3.187
4.3083
4.0855
3.8668
3.8585
3.1104
3.3107
3.6438
3.7618
3.7398
2.9258
0.72789
-0.411
-1.673
-1.6873
-2.0262
-3.4726
-3.78
-3.6878
-3.6529
-1.9536
-0.77635
0.35358
1.5073
1.6574
0.80138
0.92634
0.11212
0.14104
-0.29931
-1.027
-1.5358
-2.2023
-2.571
-2.5601
-2.6216
-2.2322
-1.7368
-1.2926
-0.9114
-0.42327
0.26125
0.36527
0.62181
0.66249
0.61593
0.42381
0.42583
0.22222
-0.031324
-0.086864
-0.074504
-0.0054958
-0.0078553
-0.19464
-0.47754
-0.67473
-0.79066
-0.91627
-0.88116
-0.7708
-0.71094
-0.72708
-0.56623
-0.12927
0.21487
0.54314
0.7386
0.79668
1.0383
1.359
1.5335
1.3579
1.6645
3.7351
2.7844
1.9456
2.4643
2.0125
1.4612
1.6883
1.1147
0.59871
1.4111
1.0892
1.1868
0.30896
0.92591
0.95389
-1.4452
-1.3082
-0.75991
-1.8148
-1.6889
-1.1657
-1.2192
-0.44536
0.87521
0.81871
1.3229
0.78346
1.1555
0.50786
0.6307
0.66255
0.1302
-0.50281
-0.60602
-1.1692
-1.6778
-2.3053
-2.7437
-2.794
-2.6453
-2.2228
-1.5265
-0.95319
-0.48481
-0.12144
0.25417
0.54163
0.73878
0.57625
0.32129
-0.049717
-0.33902
-0.56589
-0.69642
-0.52731
-0.17977
0.13542
0.32293
0.44381
0.38111
0.34696
0.082555
-0.19312
-0.51036
-0.8966
-1.2557
-1.4637
-1.3972
-1.0008
-0.31994
0.34138
0.99895
1.5254
1.9559
1.584
1.599
2.7196
3.6791
3.9324
4.1251
5.0334
5.2005
4.4623
3.8344
3.5784
3.6049
2.4377
1.6559
0.67897
1.1372
0.38129
0.23924
-1.5336
-2.1735
-1.2579
-1.5246
-1.9807
-1.3879
-0.70916
-0.042999
0.029659
0.99147
1.6127
1.8774
0.82072
0.99097
-0.24905
-0.48085
-0.04281
-0.50098
-1.4508
-1.8422
-2.1736
-2.4449
-2.5147
-2.3571
-1.9351
-1.3372
-0.64744
0.026488
0.57567
0.72659
0.97622
0.83714
0.48178
0.6604
0.61229
0.10703
-0.26374
-0.51244
-0.60739
-0.43833
-0.10585
0.30338
0.50004
0.46122
0.24209
0.073046
-0.14193
-0.35843
-0.86378
-1.3363
-1.6342
-1.6699
-1.3341
-0.70064
0.079057
0.90171
1.3931
1.7327
2.0486
2.2329
1.9113
2.5017
2.8314
3.2336
3.2466
2.9087
2.4494
1.4622
1.1127
0.6767
-0.34142
-0.20007
-0.35868
-0.587
0.010448
0.78282
-0.24263
-0.16736
-1.3671
-2.3367
-2.5418
-2.9417
-2.3972
-1.9875
-1.6132
-0.056414
0.72386
1.6892
2.62
2.1944
1.0821
1.1121
-0.12636
-0.53016
-0.61906
-1.6043
-1.9136
-2.0591
-2.3435
-2.2643
-2.0413
-1.5478
-0.98425
-0.41618
-0.02168
0.37085
0.65947
0.86925
0.88598
0.55645
0.67191
0.40291
-0.0099967
-0.33208
-0.52834
-0.48452
-0.20307
0.12829
0.547
0.76379
0.76517
0.62065
0.38397
0.077795
-0.27511
-0.79595
-1.2339
-1.5346
-1.51
-1.1344
-0.41212
0.23008
1.0306
0.85255
1.1708
2.0393
3.0465
5.8232
5.1288
5.6395
5.2472
4.6919
3.8863
2.6636
1.0802
0.045101
-0.95902
-1.7334
-1.3284
-0.33957
0.78306
2.748
0.49974
-0.04246
-1.2295
-3.294
-4.2932
-5.2
-5.8295
-4.7548
-4.443
-3.2741
-2.1791
-0.94553
0.14752
1.3191
0.94777
0.61519
0.53747
-0.35899
-0.092815
-0.34196
-0.70665
-0.70917
-1.4584
-1.686
-2.2812
-2.6548
-2.5416
-2.015
-1.6458
-1.0935
-0.5063
0.11492
0.40252
0.73584
0.90968
1.0045
0.99613
0.6778
0.23695
-0.022118
-0.21298
-0.36318
-0.45397
-0.28476
0.0026632
0.2706
0.46853
0.48061
0.33535
0.054692
-0.39197
-0.74346
-1.2277
-1.5859
-1.9159
-2.07
-1.8396
-1.2857
-0.58181
0.33498
1.0369
1.6515
2.1325
2.4767
2.4095
1.9075
3.8879
2.5356
1.5568
1.899
1.9868
1.738
1.8411
1.122
2.5877
2.7238
2.9047
3.0296
3.2701
3.5961
4.7529
2.5179
1.202
-0.39789
-2.1397
-3.5451
-4.3762
-5.02
-3.3583
-3.6806
-2.9862
-1.8586
-0.36491
0.78502
1.6014
1.9279
1.0498
0.37034
0.4177
0.13371
-0.23667
-0.50066
-0.71065
-0.98569
-1.6403
-2.1158
-2.4406
-2.599
-2.4064
-2.0291
-1.2734
-0.69836
-0.24021
0.19001
0.52082
0.73889
0.98952
1.1523
0.73359
0.33415
-0.013079
-0.30115
-0.40726
-0.3974
-0.12839
0.18978
0.37006
0.45347
0.50014
0.34673
0.2019
-0.11509
-0.4531
-0.82859
-1.1125
-1.3864
-1.4914
-1.3175
-0.96293
-0.48603
-0.071652
0.33886
0.68397
0.95749
1.2469
1.5136
1.8171
1.3467
1.5727
2.5772
3.6984
3.7372
4.15
4.1797
3.1158
2.7474
2.078
0.57705
-0.94265
-0.60326
-0.85156
-1.1302
-0.01865
1.745
2.1804
0.55736
0.37122
-0.53747
-0.66188
-0.85909
-1.2643
-1.6044
-1.1161
0.048972
0.20898
0.71662
1.2133
1.5521
0.94748
-0.30264
-0.068169
-0.10526
0.23136
-0.62012
-0.47805
-0.54267
-1.089
-1.7752
-2.1637
-2.83
-3.0633
-2.9713
-2.736
-2.463
-1.8293
-1.3118
-0.95982
-0.57005
-0.097252
0.22598
0.43221
0.5311
0.29221
-0.17146
-0.34756
-0.53584
-0.46983
-0.20883
0.14073
0.33639
0.25475
0.016594
-0.40472
-0.62203
-0.71129
-0.73869
-0.9741
-1.2374
-1.3479
-1.141
-0.62486
-0.026601
0.41396
0.75256
1.07
1.3941
1.6589
2.1374
3.4242
3.1726
2.6064
1.8717
1.246
0.12751
-0.53972
-0.11236
0.2189
0.52924
1.5694
1.6964
1.8418
2.9981
3.3622
0.36185
-1.4482
-2.8329
-3.8023
-4.2182
-3.9447
-2.7718
-1.8618
-0.91299
0.2818
0.75927
1.836
2.7856
1.9171
0.30651
-0.13879
-0.35034
-0.75959
-1.2463
-2.016
-2.3967
-2.2796
-2.4433
-2.3259
-1.7147
-1.0943
-0.51523
-0.0024285
0.43956
0.58167
0.79449
0.64103
0.38851
0.35106
0.10078
0.044379
-0.20229
0.010054
0.067307
-0.062387
-0.32076
-0.56884
-0.8223
-0.99792
-1.0345
-1.0352
-1.09
-1.1921
-1.2529
-1.0396
-0.554
0.011242
0.40107
0.84717
1.1105
1.5066
1.8152
2.1094
1.5108
3.043
2.9711
2.6987
2.4949
1.8209
0.79822
0.40907
1.1991
2.3177
2.647
2.0079
2.1156
0.13228
-0.15573
0.8769
-0.68209
-1.2411
-1.8506
-3.1619
-3.6037
-2.8507
-1.1438
-0.13181
-0.0050205
-0.17342
0.46707
-0.47608
0.87246
0.93095
0.73887
0.53166
-0.017537
-0.72465
-0.84315
-1.1578
-1.6255
-2.1859
-2.3402
-2.347
-2.4028
-2.1403
-1.5049
-1.0335
-0.68024
-0.44949
0.0067245
0.41607
0.68215
0.59744
0.18071
-0.060698
-0.18062
-0.34154
-0.37714
-0.050863
0.3201
0.51614
0.439
0.18501
-0.14624
-0.52085
-0.92291
-1.3104
-1.6282
-1.7711
-1.6987
-1.4103
-0.98525
-0.49381
-0.014282
0.3558
0.83638
0.21201
0.62531
2.5632
3.3674
4.6287
5.245
5.2719
5.7729
4.8522
4.7092
3.7345
2.3405
1.6709
0.6805
-0.68554
-0.0075667
0.2433
-0.62204
-1.4409
-1.3752
-1.3673
-1.6638
-2.4767
-1.4581
-1.5826
-1.1828
-0.032733
0.65812
1.4989
1.9747
1.6587
1.5061
1.3198
2.0804
1.4705
0.12209
-0.26938
-0.87158
-1.7124
-2.0803
-2.3846
-2.4633
-2.3063
-2.114
-1.5763
-0.99113
-0.075923
0.347
0.6109
0.59258
0.66898
0.30343
0.2205
0.056374
-0.26689
-0.3157
-0.15585
0.14282
0.4966
0.66819
0.74023
0.56822
0.078123
-0.25911
-0.74152
-1.0853
-1.2446
-1.354
-1.3915
-1.2765
-0.98624
-0.58731
-0.27512
0.091327
0.5277
0.73209
0.85804
1.328
1.2528
2.7002
3.5068
4.0222
3.6116
2.9749
2.1888
1.2697
0.0064764
-0.61419
-0.97283
-0.3942
-0.76626
-0.30885
0.019397
1.0226
0.2363
-0.55134
-2.7077
-4.1233
-5.3085
-6.4736
-6.7378
-5.9598
-4.6195
-2.7763
-1.7504
0.22929
1.3785
2.0219
2.1236
1.9595
1.1299
0.75398
0.11729
-0.60556
-0.80908
-1.2519
-1.6703
-1.9119
-2.3948
-2.5558
-2.6288
-2.4367
-2.0595
-1.5692
-0.90484
-0.50933
-0.18257
0.089622
0.32222
0.46891
0.50572
0.41894
-0.093165
-0.095546
-0.047484
0.03389
0.19207
0.11797
-0.0748
-0.29781
-0.71151
-0.92536
-1.0383
-1.0185
-1.0298
-1.1541
-1.2271
-0.95516
-0.46946
-0.04636
0.35174
0.59926
0.87536
1.2322
1.387
1.8544
2.1195
1.8985
1.8874
2.4182
3.1725
4.7201
4.0199
3.8152
2.9408
1.6616
1.1941
0.15823
0.071599
0.064018
0.16488
0.33534
0.70405
2.1489
2.3499
3.4427
2.164
1.3408
0.071331
-0.474
-0.30669
-0.90521
-0.53681
-0.36397
-0.082926
-0.043351
-0.22998
0.15134
-0.17389
0.74676
0.43736
-0.11161
-0.0061357
0.042028
-0.34434
-0.93074
-1.5387
-2.14
-2.4381
-2.4887
-1.9795
-1.7075
-1.2192
-0.58697
-0.039844
0.45451
0.70307
0.84119
0.85241
0.76456
0.45522
0.17103
0.13393
-0.05191
-0.10012
-0.50123
-0.58644
-0.39936
-0.11774
0.26268
0.46886
0.5407
0.38923
0.14341
-0.1406
-0.42969
-0.83096
-1.2104
-1.3775
-1.5205
-1.4027
-1.1027
-0.79514
-0.34925
-0.042032
0.25396
0.50412
0.81214
1.2099
1.4431
1.733
1.7122
2.0212
3.7344
2.8844
2.1634
2.3048
1.8156
1.7233
0.97475
0.25293
-0.57832
-0.28584
-0.51477
-0.70767
-0.80529
0.26417
-0.15757
-1.2009
-0.6854
-1.3556
-1.3596
-2.0339
-2.246
-2.7122
-2.7183
-1.6473
-1.3604
-0.75654
0.024838
0.64415
0.44682
1.9731
1.8718
0.62941
0.98563
-0.17124
-0.62686
-1.7604
-2.4742
-2.8592
-3.0868
-2.9107
-2.4905
-1.7796
-0.87427
-0.22333
0.25499
0.42689
0.7341
0.78845
0.58023
0.6143
0.11344
-0.25333
-0.52632
-0.59695
-0.58644
-0.25318
0.071773
0.39564
0.48512
0.45059
0.28584
0.1172
-0.19133
-0.68279
-1.3112
-1.8669
-2.1269
-2.048
-1.5982
-0.83095
0.11637
0.89362
1.539
2.0046
1.9388
2.152
2.575
3.162
3.5879
3.0025
2.441
2.0835
0.88728
0.90723
1.3278
1.3112
0.98749
0.020225
-1.2748
-2.7471
-1.9573
-1.2649
-1.1038
-1.6214
-0.94256
-0.28471
-0.30835
1.2653
2.5579
3.0892
3.0746
2.3759
1.4123
0.44331
0.98013
0.53926
0.14179
-0.23756
-0.036612
-0.57708
-1.231
-1.4612
-1.6592
-1.8463
-1.6754
-1.4848
-1.222
-0.77197
-0.41002
0.20319
0.71588
0.93897
1.1533
0.92423
0.66807
0.16891
-0.22438
-0.39303
-0.30243
-0.1025
0.33317
0.91928
1.3825
1.4902
1.2669
0.68068
-0.09733
-0.62891
-1.0245
-1.3225
-1.373
-1.5582
-1.5511
-1.2046
-0.57376
-0.36371
0.13954
1.1296
1.8302
3.0424
2.3603
3.131
4.0209
3.3288
3.5849
1.8297
0.49965
-0.2199
0.10193
-0.65537
0.76315
1.565
2.3392
2.3763
1.8516
2.3127
1.572
-1.9023
-0.88609
-3.1369
-3.9221
-3.495
-3.0751
-3.3712
-1.9652
-1.8505
-0.78683
-0.39616
0.20569
-0.17761
-0.67569
-1.7484
-1.1012
-2.1968
-2.4271
-2.1241
-2.2468
-1.9042
-1.2237
-0.63938
0.07298
0.5362
0.79667
1.3236
1.5764
1.092
0.43827
0.97123
0.73659
0.67368
0.58621
0.25805
-0.10887
-0.45967
-0.63962
-0.51329
-0.21453
0.22853
0.63603
0.4939
0.52653
0.6472
0.52099
0.12213
-0.46552
-1.1678
-1.4968
-1.5141
-1.1156
-0.35998
0.47621
1.3586
1.7789
1.6276
2.248
2.6355
2.9702
2.7671
1.3589
1.2744
0.16566
-0.5012
-1.0991
-0.91235
-1.4901
-1.1652
-1.4548
-1.3154
-0.21882
0.63532
0.77864
0.22057
-0.69725
0.68013
-1.2982
-1.4732
-1.7252
-1.5574
-1.8145
-1.1161
-1.7837
0.32917
1.0756
1.449
1.5441
2.3504
2.7766
3.0635
1.3019
0.86074
-0.086951
-0.86213
-1.4939
-2.1117
-2.4573
-1.0597
-1.4906
-0.96626
-0.035502
0.7411
1.0502
1.3079
1.2176
0.96771
0.47211
0.012217
-0.30556
-0.68824
-1.0076
-1.1546
-1.0155
-0.69716
-0.23241
0.33109
0.70966
0.81823
0.49669
0.17156
-0.4898
-0.80506
-0.95184
-1.3437
-1.5763
-1.4998
-1.2113
-0.74973
-0.17139
0.49318
0.92884
1.4214
1.7552
1.9871
1.6089
1.7354
1.8863
2.2858
2.0871
1.7866
1.4301
1.2086
1.5418
1.7068
1.4347
1.2573
1.6478
0.77703
0.31877
-0.62531
-1.2243
-1.1564
-1.5711
-1.0489
-1.0913
-0.6925
-0.090275
0.3962
0.54526
1.0909
1.8612
1.1968
1.3107
0.12083
-0.065811
-0.024011
0.050229
0.20727
-0.64227
-0.77966
-1.7533
-1.3551
-1.7271
-1.7329
-1.6136
-1.376
-0.71087
-0.27998
0.42458
0.97663
1.4273
1.7234
1.7026
1.4661
0.88372
1.1384
0.40672
-0.08652
-0.42375
-0.39781
-0.029336
0.34637
0.53649
0.3434
0.031151
-0.14514
-0.24048
-0.49934
-0.49656
-0.68285
-0.87774
-1.0664
-0.89977
-0.5283
0.01672
0.41465
0.66472
0.78073
1.2342
1.4949
1.907
2.0212
2.0804
2.9765
2.4674
1.6803
1.4262
0.68367
0.35873
-0.18838
-1.6209
-2.2792
-2.2513
-2.2206
-0.99366
-0.15117
-0.33801
1.3192
-0.045639
-0.50535
-0.35869
-1.3459
-0.47124
-2.1337
-2.9646
-2.4811
-1.9133
-0.70366
0.73247
0.43424
0.63285
1.0495
0.40982
0.24861
0.23941
0.23754
1.2974
0.31758
1.0779
0.72531
-0.033708
-0.53803
-1.0316
-1.6027
-1.135
-1.1514
-0.29124
-0.024134
0.76133
1.6193
2.3274
2.6522
2.5997
2.4379
1.9482
1.0507
0.44478
-0.3397
-0.91927
-1.2148
-1.5787
-1.7511
-1.6632
-1.3156
-0.78025
-0.24191
0.33867
0.77577
0.31409
-0.34713
-0.40113
-0.31591
-0.32762
-0.35561
-0.33189
-0.26248
0.043709
0.48976
0.95449
1.2336
1.3771
1.3716
1.3654
1.5576
2.044
2.3249
2.4683
2.3815
2.0363
1.8375
3.1232
2.2325
1.9245
1.6198
1.008
1.2808
1.1388
1.3576
2.184
2.6696
2.4732
2.6827
2.425
3.2813
4.2702
2.8506
2.4493
1.1107
-1.1334
-0.69623
-1.5732
-1.7122
-1.4136
-1.3856
-1.8237
-1.0895
-0.90123
0.079711
0.6044
0.60038
0.29616
-0.022048
-0.46143
0.31163
-1.0393
-1.738
-1.1915
-0.59687
-0.24197
0.51813
0.9058
1.3051
1.5171
1.5607
2.1942
2.3198
1.7901
0.9096
-0.29914
-0.89313
-0.56397
-0.47432
-0.15435
0.3915
0.66292
0.60478
0.28375
-0.2005
-0.5832
-1.4815
-1.8587
-1.9243
-1.8357
-1.4997
-1.0395
-0.39533
0.28252
0.82608
1.091
1.1758
1.2868
1.3961
1.6477
2.093
2.4749
2.7387
2.5671
2.0347
1.4242
1.4019
0.78714
0.053975
-0.33035
-0.33115
-0.22237
0.67061
0.97246
1.6682
2.0546
3.0835
3.5437
3.9528
5.3134
6.2456
3.8669
1.8212
-0.60218
-1.7117
-4.0907
-5.091
-5.3179
-5.1168
-3.2605
-1.7903
-1.0996
-0.38928
1.0827
0.94803
-0.4943
-0.84377
-1.5922
-1.2685
-2.3761
-1.8836
-0.92327
-0.52757
0.8239
-0.021732
-0.41176
-0.9325
-0.92753
-0.61019
-0.1386
0.16077
0.58651
1.1025
1.1529
1.2729
1.3978
1.889
1.8094
1.0935
0.6535
-0.1765
-0.65296
-0.55091
-0.30326
0.043232
0.45009
0.50435
0.50318
0.3062
-0.098766
-0.46623
-1.0783
-1.6506
-1.7974
-1.8264
-1.5929
-1.2882
-0.64443
-0.083136
0.4084
0.68443
1.0762
1.3069
1.5574
1.8645
2.1472
2.3234
2.6415
2.3576
2.7376
1.6568
0.65719
-0.0021552
-0.089244
0.16789
0.27599
1.1806
1.3154
2.0894
2.868
3.2992
3.7657
4.4016
4.6174
1.7659
2.127
-0.27509
-1.5503
-0.78162
-1.7158
-0.50604
-0.78979
0.64551
0.0082921
0.22084
0.80443
1.5359
1.2424
0.42558
1.0543
-0.97314
-0.19125
1.0615
0.47073
1.5837
0.97197
0.028065
-2.0604
-1.9368
-0.9697
-0.95472
-1.026
-1.3582
-1.168
-0.7533
-0.35695
-0.281
-0.057058
0.16028
0.13307
0.037728
0.11476
0.57838
1.214
0.21576
-0.38681
-0.6925
-0.4979
-0.4781
-0.12968
0.41542
0.31472
0.37543
0.44052
0.20206
-0.50832
-0.92329
-1.2193
-1.2197
-1.3866
-1.1033
-0.83188
-0.39201
0.058284
0.52165
0.37538
0.73315
1.1503
1.3755
1.6982
1.9254
2.0754
2.5816
2.0084
2.1356
2.0371
2.4994
2.498
2.4085
1.8985
2.8865
3.2272
3.4225
4.1422
4.1456
4.2651
3.9239
3.7423
2.6601
2.5864
2.4393
-0.15228
-1.078
-2.2554
-1.3244
-1.7739
-1.3571
-0.3365
-0.51763
1.0766
1.0948
1.6197
1.3042
1.9006
1.3275
0.03408
0.3696
-0.27142
-0.42136
-1.3352
-1.9389
-2.5065
-3.3259
-2.3644
-2.3229
-1.5298
-0.5002
0.030267
0.87938
1.3776
1.5621
1.6252
1.5303
1.4253
1.0213
0.55099
0.086124
0.27295
0.25039
-0.11958
-0.56643
-0.55501
-0.37646
-0.10756
0.022598
0.1076
-0.025815
-0.21859
-0.5734
-0.97492
-0.89729
-1.0531
-1.0811
-1.1044
-1.146
-0.42743
0.17353
0.69687
1.0387
1.1955
1.3731
1.5715
1.6977
1.8652
2.109
1.5531
1.4054
1.3957
1.6558
1.714
1.8496
2.3641
2.7582
3.333
3.4744
3.4509
2.886
3.353
2.854
2.7536
2.2752
1.5794
0.091868
-1.4197
-2.0003
-2.778
-3.1522
-2.2011
-2.2508
-1.6408
-0.74811
1.0012
1.4447
2.1112
1.8205
1.2625
0.55081
0.020385
-0.43553
-0.75227
-0.6654
-0.93237
-2.1843
-3.277
-4.8276
-5.9842
-6.5674
-5.2089
-4.2302
-3.0344
-1.5871
-0.49733
0.75267
1.8397
2.0088
1.688
1.4075
0.53673
-0.26873
-0.37921
0.023549
0.83398
0.16308
0.079482
-0.29079
-0.36354
-0.37866
-0.27465
0.1136
0.22207
0.36589
0.10979
0.13189
-0.20761
-0.48651
-0.80943
-0.9392
-1.0251
-1.1271
-0.71247
-0.41633
0.15703
0.63689
0.96434
1.3682
1.5268
2.0074
1.9824
2.0717
1.7506
2.5323
1.7046
1.9052
0.77678
0.58587
0.27909
-0.65064
-0.90034
-1.3312
-1.9897
-2.3175
-2.2605
-2.1743
-2.2617
0.67693
-0.085436
0.45357
0.79105
1.2223
1.222
0.44209
0.52803
-0.045715
-0.50265
-0.47925
-0.18211
0.121
0.69548
2.4457
1.4953
2.0812
2.8753
2.3929
2.3811
1.7177
1.2743
0.40256
-0.31482
-0.89636
-1.3393
-1.4977
-1.4163
-1.4765
-1.2324
-0.76101
-0.43916
-0.42027
-0.49868
-0.63053
-0.86689
-1.0574
-1.0678
-0.94111
-0.80317
-0.53698
-0.36149
-0.52142
-0.14042
0.13856
0.19135
0.23759
0.52492
0.68124
0.85906
1.02
1.2536
1.3735
1.4348
1.5115
1.4217
1.3531
1.3302
1.287
1.2294
1.1538
1.1089
0.93967
0.73151
0.48365
0.28941
-0.00058996
-0.27057
-0.39881
-0.60534
-0.70043
-0.70653
-0.62401
-0.53829
-0.47863
-0.3208
-0.21235
-0.1352
-0.06097
0.038762
0.10411
0.23251
0.35511
0.45596
0.55902
0.58438
0.61873
0.62839
0.59018
0.55762
0.48511
0.38018
0.30387
0.23679
0.217
0.19755
0.17076
0.11392
0.080463
0.012044
0.0023983
-0.0010311
0.020179
0.041508
0.075513
0.094527
0.14136
0.18763
0.24583
0.27482
0.30963
0.31295
0.31957
0.29816
0.28914
0.26973
0.24751
0.21947
0.19354
0.1616
0.14331
0.1341
0.13207
0.14167
0.1644
0.18989
0.2099
0.2287
0.24094
0.25163
0.2594
0.25779
0.24856
0.24056
0.23329
0.23003
0.21544
0.19734
0.18854
0.18667
0.17523
0.15797
0.15138
0.15919
0.17371
0.19019
0.20173
0.21438
0.22704
0.23765
0.24095
0.24619
0.24105
0.24061
0.24391
0.22945
0.21475
0.20061
0.18944
0.18635
0.17821
0.17088
0.17383
0.18845
0.21009
0.22737
0.23232
0.24224
0.24966
0.23262
0.22625
0.20864
0.19206
0.17485
0.16897
0.17235
0.17742
0.18951
0.20004
0.21192
0.2182
0.21647
0.21076
0.20738
0.20432
0.19484
0.199
0.19655
0.19837
0.20271
0.20031
0.20691
0.21417
0.22675
0.23701
0.23304
0.22381
0.21336
0.20181
0.2008
0.20784
0.19623
0.18106
0.17636
0.17946
0.19159
0.1995
0.20573
0.21257
0.2162
0.2198
0.21769
0.21831
0.21861
0.23017
0.23118
0.2283
0.22678
0.2262
0.22308
0.22139
0.21245
0.20454
0.19746
0.19882
0.1949
0.19901
0.19529
0.20211
0.20686
0.21568
0.21543
0.21331
0.21354
0.2193
0.22255
0.22246
0.22252
0.22446
0.23274
0.23218
0.21997
0.21193
0.21347
0.21794
0.21578
0.20664
0.19988
0.19441
0.19674
0.19865
0.19551
0.18846
0.19724
0.1927
0.19159
0.19047
0.19452
0.19395
0.19337
0.18558
0.19354
0.19131
0.1855
0.18677
0.1856
0.18071
0.18105
0.18297
0.18525
0.18585
0.1882
0.18722
0.18984
0.19842
0.22232
0.21507
0.20144
0.20183
0.20698
0.19789
0.18864
0.18612
0.18749
0.19432
0.19627
0.19243
0.18775
0.18671
0.19272
0.18897
0.18735
0.18705
0.18422
0.17715
0.17877
0.18679
0.19352
0.20392
0.21093
0.21139
0.20592
0.20005
0.19684
0.1957
0.19714
0.18983
0.18198
0.17896
0.18429
0.19663
0.203
0.21426
0.23041
0.23677
0.23075
0.21785
0.20932
0.2026
0.20193
0.20313
0.193
0.1845
0.18242
0.1878
0.19739
0.20216
0.2049
0.20131
0.20181
0.19899
0.19412
0.19168
0.19733
0.20905
0.21372
0.21038
0.20448
0.2047
0.21288
0.20538
0.19654
0.19885
0.21079
0.20905
0.20242
0.20005
0.19382
0.19764
0.20921
0.19973
0.19285
0.18419
0.18324
0.18711
0.18944
0.19486
0.19836
0.20246
0.20452
0.19783
0.19002
0.19168
0.19596
0.19735
0.19385
0.18724
0.18646
0.18803
0.1844
0.18918
0.19271
0.20991
0.22124
0.21682
0.21448
0.21044
0.21025
0.21925
0.22153
0.21807
0.20626
0.19823
0.19968
0.20971
0.21185
0.21654
0.2187
0.21618
0.2083
0.20266
0.19903
0.20759
0.2155
0.20917
0.20255
0.19714
0.19832
0.20167
0.20411
0.20571
0.2119
0.21278
0.21513
0.21351
0.2111
0.21852
0.21374
0.21729
0.21508
0.20859
0.20112
0.19837
0.19823
0.20176
0.19989
0.19718
0.19529
0.19291
0.19346
0.19487
0.18545
0.1913
0.19339
0.18921
0.18283
0.17779
0.17721
0.18161
0.18805
0.19102
0.19313
0.19506
0.19358
0.19676
0.19138
0.19206
0.19629
0.19385
0.20284
0.20539
0.20445
0.20838
0.2252
0.22004
0.21507
0.2072
0.20852
0.2138
0.21401
0.21116
0.20829
0.2046
0.20915
0.21321
0.20591
0.20322
0.19963
0.19223
0.19943
0.19957
0.20009
0.20545
0.21421
0.21025
0.20797
0.20196
0.20637
0.21791
0.21384
0.20751
0.19775
0.19371
0.19182
0.19111
0.18751
0.18171
0.18282
0.18706
0.18934
0.19259
0.19962
0.2096
0.21132
0.21839
0.21399
0.2123
0.21706
0.21905
0.20847
0.19462
0.19087
0.19755
0.20097
0.20101
0.19889
0.19209
0.18788
0.19448
0.19553
0.19449
0.19334
0.18185
0.17689
0.17985
0.18305
0.19029
0.20295
0.20724
0.20444
0.19729
0.19153
0.1948
0.20309
0.1981
0.19408
0.18278
0.18331
0.18839
0.19127
0.1945
0.20251
0.20374
0.20539
0.20782
0.20278
0.20078
0.20033
0.19689
0.20136
0.19248
0.19471
0.19917
0.21617
0.21695
0.2196
0.2219
0.22832
0.23013
0.22625
0.2213
0.22095
0.21883
0.21408
0.20586
0.1933
0.17556
0.1518
