0.50792
0.30577
0.2132
0.20669
0.26272
0.35779
0.46837
0.57097
0.59126
0.4719
0.40951
0.43931
0.018158
-0.49117
-0.45603
-0.46526
-1.0334
-1.3294
-0.61812
-0.61894
-0.94267
-0.8316
-0.45285
-0.5299
-0.39624
-0.37606
-0.56246
-0.43127
-0.65344
-0.80661
-0.92172
-0.43089
0.30464
-0.13845
-0.1118
0.43248
0.67374
0.53734
0.74628
0.83152
0.80087
0.66636
0.22525
0.52854
0.69014
0.79956
0.72335
0.63999
0.44386
0.33072
0.65345
0.98746
1.2602
1.4007
0.92137
0.89936
1.7219
1.5947
0.85559
0.8649
1.1706
0.91191
0.40286
0.5297
0.92402
0.84013
0.71863
0.56531
-0.16969
-0.080612
0.0020054
-0.99585
-1.72
-1.4498
-0.96176
-1.4438
-1.7284
-1.2257
-0.72685
-0.55451
-0.19893
0.2829
0.43836
0.43447
0.12018
0.36678
0.062989
-0.49365
-0.78915
-1.2372
-1.6116
-1.5563
-1.5816
-1.5263
-1.519
-0.91894
-0.75164
-0.48021
-0.57772
-0.49934
-0.34807
-0.64216
-0.24259
0.28378
0.20354
0.32526
0.56988
0.7798
0.80245
1.1352
1.0701
1.4714
1.1913
1.0826
1.7881
1.5197
1.4685
1.2399
1.3072
1.0299
0.80794
0.7763
0.87438
1.2833
1.756
2.0196
1.4454
1.2711
1.3256
0.80059
0.25982
0.24141
0.2133
-0.37355
-0.43809
-0.59718
-0.17252
0.5385
-0.12302
-1.1311
-1.4172
-1.2536
-1.8292
-2.2059
-1.9502
-1.9972
-2.2785
-2.328
-2.2086
-2.0177
-1.542
-1.2325
-1.7188
-1.3647
-0.56561
-0.31759
-0.93505
-0.84264
0.14131
-0.47424
-1.0093
-1.176
-1.0375
-1.0284
-1.3029
-1.3835
-1.2057
-1.0047
-0.94957
-0.71416
-0.7941
-0.44259
-0.33465
-0.94176
-0.44756
0.30677
0.9916
2.2213
2.1896
1.6777
1.697
1.9114
1.9917
2.0988
2.3314
1.8665
1.6025
1.6876
1.94
2.1259
2.5127
2.6278
1.3582
0.92775
1.0618
1.2338
0.96588
1.402
2.0188
1.8669
1.5642
0.76928
0.20699
0.58237
0.78957
0.15314
-0.0070496
0.45725
0.28338
0.58959
0.96804
1.1944
1.2549
1.0018
-0.23288
-1.0664
-1.4605
-1.12
-1.3126
-1.8609
-2.1679
-2.2271
-2.237
-1.7965
-1.7166
-1.9712
-1.3572
-1.1331
-1.5054
-1.4321
-0.85504
-0.18092
-0.31485
-0.8742
-1.2346
-1.7443
-1.3604
-1.0821
-1.2189
-1.6589
-1.4961
-1.3417
-1.1323
-0.96675
-0.33196
-0.70981
-1.1567
-0.72406
0.39858
0.14047
0.79396
1.1199
0.98379
1.1779
1.9405
2.4308
2.5073
2.602
2.567
2.3476
2.6058
2.9325
2.8787
1.9961
1.7197
1.3849
1.3667
1.8797
1.9481
1.8967
1.9414
2.307
2.3111
1.9284
1.8059
1.9889
1.8597
1.6901
1.4775
0.98454
0.61856
0.57653
0.037485
-0.049811
-0.0050557
-0.77186
-1.5254
-1.9396
-1.5845
-1.9015
-2.3376
-2.0498
-2.0259
-2.1987
-2.0323
-1.5163
-1.2538
-1.1091
-0.78317
-1.2035
-0.97298
-0.42933
-0.43041
-1.378
-1.528
-1.3932
-1.5483
-1.7955
-2.1425
-2.1942
-2.418
-2.5139
-2.0159
-1.8835
-1.5996
-1.3459
-1.1388
-0.41503
1.5105
2.3622
2.0977
1.564
1.3951
1.6053
1.5542
1.6396
1.9502
2.033
1.8021
1.6843
2.4351
3.3093
3.8101
2.8495
1.8845
1.6735
1.4246
1.3448
1.7699
1.6888
1.782
2.2996
2.1446
2.3392
2.7536
2.0396
1.7278
1.26
0.86202
0.44151
0.10761
0.10286
-0.22194
-0.51874
-0.67562
0.045765
-0.19131
-0.71073
-0.86505
-1.2519
-1.4747
-1.8734
-2.1491
-1.9504
-2.043
-2.062
-2.2635
-2.0702
-2.0144
-1.4847
-1.8327
-2.1512
-1.5048
-0.98851
-0.75733
-0.63015
-1.0745
-0.88701
-1.1806
-1.7017
-1.7598
-1.8822
-1.8538
-2.0498
-2.2485
-2.0356
-1.6166
-1.1262
-0.72833
-0.83715
-1.1396
-1.0515
-0.76815
-0.17079
1.5511
2.4414
1.9882
1.6123
1.4389
1.4751
1.5987
1.8676
1.8581
1.5583
1.5105
1.5604
2.2155
3.2421
3.8307
3.2262
2.0581
1.8297
1.5395
1.4779
1.6548
1.582
1.4682
1.7103
1.9493
2.3347
2.2685
1.9454
1.4699
0.92657
0.84118
0.91817
0.93166
0.79439
0.62294
0.69982
0.72624
0.95875
0.88311
0.73401
0.47291
-0.057735
-0.85031
-1.4791
-1.2033
-1.4173
-1.9452
-2.2971
-2.0248
-1.858
-2.2642
-1.9341
-1.9532
-1.8889
-1.1904
-1.3745
-1.6158
-1.1198
-0.59579
-0.77105
-0.87726
-0.51743
-0.23496
-0.15169
-0.54336
-1.0637
-1.2023
-0.98325
-1.7392
-1.949
-1.6144
-1.7941
-1.9662
-1.6958
-1.6695
-1.5937
-1.1159
-0.54745
-0.82935
-0.74729
-0.46549
-0.56084
-0.79459
0.44155
1.2378
1.9643
2.0811
1.7729
1.5428
1.7556
2.2135
2.1704
2.0394
1.9073
1.6252
1.6558
1.987
2.472
2.6317
2.7958
1.6316
1.4854
1.5889
1.121
1.4792
1.7304
2.0467
1.8647
1.4834
0.83773
0.37777
0.60053
0.88985
0.66845
0.46012
0.76019
0.58884
0.12481
1.2297
1.2851
0.52993
-0.3228
-1.204
-1.8106
-1.8905
-1.6996
-1.5808
-2.2379
-2.6125
-2.4473
-2.0065
-2.2061
-1.6282
-1.5781
-1.8533
-1.5025
-1.3006
-1.3248
-0.75509
-0.65221
-0.35273
-0.55905
-1.3586
-1.3704
-0.90865
-0.82582
-1.0592
-1.1632
-0.90409
-1.0219
-1.0883
-0.53444
-0.21115
-0.42348
-0.41945
-0.29207
-0.15452
1.0006
2.9962
2.7485
1.5418
1.855
2.3382
2.1261
2.3877
2.4985
1.7767
1.7187
1.8072
2.1591
2.8211
3.1382
3.3068
1.6954
0.88319
1.5478
1.405
2.1248
2.227
2.2686
2.6918
2.3505
1.7121
1.6447
1.4994
1.1829
0.70143
0.22187
0.20133
0.41546
-0.046832
0.51658
0.47636
0.43047
0.2829
-0.90068
-1.5929
-1.3681
-1.4408
-1.8325
-2.0903
-2.1239
-1.7656
-1.979
-2.4993
-2.0681
-1.5045
-1.5695
-1.5272
-1.5603
-1.4842
-1.089
-1.0474
-0.94166
-0.74187
-0.24873
-0.10318
-1.2504
-1.7354
-1.2055
-0.86153
-1.4093
-1.8038
-1.5255
-1.4586
-1.6172
-1.1942
-0.48295
-0.3637
-0.595
-0.96355
-0.90951
0.30224
1.5778
2.7199
2.0353
1.2914
1.7519
1.8179
1.819
2.1907
2.181
1.8301
1.4406
1.8132
2.5564
3.3175
3.4218
3.153
1.9747
1.4183
1.5538
1.3983
1.4761
1.7391
1.5206
2.1261
2.3025
2.4044
2.6381
2.1787
1.3578
0.68228
0.64132
0.64474
0.48623
0.54869
0.60937
0.66932
0.5708
1.0748
0.79716
0.81908
0.62168
0.20729
-0.45791
-1.0813
-0.95754
-1.1426
-1.6414
-1.7594
-1.7442
-2.0086
-2.2218
-2.3473
-2.3313
-1.7482
-1.476
-1.2269
-1.2861
-1.2279
-0.89465
-0.99605
-0.81519
-0.57025
-0.15191
-0.3627
-1.0505
-1.0913
-0.94388
-1.2493
-1.9966
-1.6559
-1.377
-1.7764
-1.9693
-1.852
-1.2964
-1.1901
-0.69604
-0.62903
-0.78252
-0.32976
-0.44844
-0.62621
-0.082275
1.3059
2.5693
2.418
1.7213
1.6122
1.9278
1.7447
2.0542
2.0872
1.9173
1.665
1.5362
2.0163
2.4449
2.8279
3.2814
2.383
1.361
1.2912
1.3056
1.4946
1.9173
1.7868
1.9403
2.1162
2.3002
2.6171
2.1091
1.1274
0.46815
0.56958
0.70624
0.3374
0.020605
0.53697
0.72502
0.70084
0.88963
0.95229
0.98288
0.81143
0.19774
-0.60191
-0.98212
-0.83192
-0.89847
-1.5432
-1.8913
-1.7451
-1.878
-1.905
-2.0983
-2.2326
-2.1602
-1.7759
-1.3851
-1.5641
-1.5271
-1.2563
-1.1548
-1.0869
-0.91783
-0.83972
-0.61797
-0.32864
-0.98943
-1.2898
-0.88823
-0.89414
-1.6038
-1.6591
-1.4024
-1.4584
-1.7357
-1.6156
-1.1936
-1.0951
-0.80957
-0.64694
-0.83198
-0.36471
-0.26881
-0.71977
-0.53187
0.56428
1.5491
2.5489
2.2731
1.5715
1.9618
2.1808
2.1128
2.1667
2.0568
1.9467
1.4296
1.5522
2.1453
2.4576
2.8013
2.7455
1.5536
0.99022
1.4144
1.7074
1.5631
1.4858
1.7764
2.1352
2.4009
2.3395
1.8112
1.1992
0.78557
0.66418
0.73052
0.76917
0.50126
0.48521
0.45991
0.60907
0.67041
0.55442
0.84774
0.013209
-0.58271
-0.73787
-1.1509
-1.2212
-1.2341
-1.4289
-1.9932
-1.9413
-1.7341
-2.1248
-2.3383
-2.1644
-1.9134
-2.0929
-1.9141
-1.74
-1.8346
-1.683
-1.4594
-1.3629
-1.3052
-0.90905
-1.0279
-1.2998
-1.548
-1.5439
-1.3768
-1.5011
-1.7623
-1.388
-0.87357
-0.90929
-1.0823
-0.64539
0.031031
0.016486
-0.27489
0.25836
0.4443
0.46126
-0.21203
-0.035978
0.71569
1.5884
3.0551
3.6083
2.8395
2.7489
3.2427
2.752
3.0108
3.5377
2.8765
2.0148
1.612
2.2184
2.594
2.9183
3.8621
3.3389
1.7196
1.5778
2.0973
1.7488
1.7543
1.2563
0.65735
0.86415
1.1743
1.1795
2.1646
2.01
1.4633
1.3748
0.96317
0.57386
0.25176
-0.0020138
-0.084841
-0.32104
-0.58034
-0.62664
-0.043345
-0.034296
-0.42482
-1.4339
-1.5144
-1.2685
-1.8182
-1.8974
-1.8732
-1.4933
-1.2827
-1.4
-1.7059
-1.7553
-1.7234
-2.3307
-2.7673
-2.1563
-1.6991
-1.8154
-1.5572
-0.94164
-1.0946
-0.6586
-0.40157
-0.1765
-0.3975
-0.67128
-0.9399
-0.72574
-0.35067
-0.53242
-0.37584
-0.11721
-0.29452
-0.5658
-0.61119
-0.097085
0.068546
0.025925
0.086248
0.38367
0.040354
0.27911
0.82274
1.4447
2.5417
3.3141
2.6759
1.9533
2.3381
2.7343
2.7508
2.7538
2.8429
2.5743
1.8246
1.6833
2.1732
2.6695
2.7499
2.588
1.4031
0.79846
1.3842
1.3673
0.97423
0.69514
0.26092
0.29672
0.23533
0.5569
1.3709
1.0819
0.35448
0.15087
0.0036703
0.10316
0.012125
-0.29851
-0.45722
-0.82226
-0.90997
-0.51802
-0.6108
-0.26217
-0.00057747
-0.80641
-1.9062
-2.0683
-1.9115
-1.9196
-2.3359
-2.1207
-1.8432
-1.991
-1.9155
-1.901
-1.9855
-1.7493
-1.3529
-1.4853
-1.638
-1.2553
-0.71465
-0.50333
-0.35598
0.12597
0.37301
0.45449
0.52473
0.19319
-0.23773
-0.48808
-0.57497
-0.39507
-0.2314
-0.22335
0.041921
0.27584
0.62012
0.78969
1.3247
1.4342
0.72496
0.51204
1.235
2.2234
2.2298
1.9673
1.7631
1.587
1.6227
1.5063
1.3063
1.0379
1.1195
0.69035
0.29436
1.0893
1.8372
1.8942
1.1982
0.60925
0.5389
0.43975
0.35496
0.11514
-0.083681
-0.16781
-0.078839
-0.12565
-0.16989
-0.07435
-0.048225
-0.11144
-0.054044
-0.027829
0.039361
0.019398
-0.01587
0.0073535
0.023588
-0.00016876
-0.048922
-0.024954
-0.0082771
-0.092027
-0.12495
-0.19623
-0.31299
-0.38332
-0.38847
-0.45094
-0.50309
-0.43595
-0.40676
-0.35876
-0.25329
-0.16265
-0.097683
-0.017529
0.10099
0.13285
0.16761
0.24903
0.311
0.29211
0.30721
0.41491
0.42079
0.45488
0.5133
0.50843
0.50633
0.53009
0.52535
0.46568
0.42793
0.349
0.26624
0.20244
0.1173
0.059452
0.00077015
-0.039899
-0.073196
-0.10336
-0.13666
-0.098885
-0.10115
-0.10128
-0.072398
-0.077062
-0.036052
0.0088881
0.038436
0.074941
0.13187
0.19104
0.20791
0.23927
0.27728
0.30502
0.30991
0.3259
0.29794
0.32681
0.33636
0.28444
0.25279
0.22302
0.17765
0.14464
0.11082
0.10419
0.091828
0.061745
0.079167
0.072711
0.066992
0.13142
0.10123
0.089417
0.15029
0.18513
0.1946
0.2623
0.32663
0.35705
0.37134
0.39261
0.40384
0.31916
0.32651
0.30679
0.19229
0.17571
0.13219
0.093711
0.11803
0.11548
0.089621
0.19264
0.11675
0.17385
0.36184
0.23312
0.13222
0.2126
0.19759
-0.045253
-0.2879
-0.021236
-0.03889
-0.36781
-0.41868
-0.04251
-0.070165
-0.27096
-0.21072
-0.19744
-0.33308
-0.20294
-0.21981
-0.59085
-0.66117
-0.64131
-1.0592
-1.0912
-0.61028
-0.29462
-0.38889
-0.62206
-0.30797
0.022404
0.057923
0.17247
0.29727
0.19979
0.16557
0.13817
0.163
0.66365
0.95235
0.86801
0.91724
1.0938
1.3586
1.2584
1.1925
1.4072
1.3638
1.3524
1.6615
1.2586
0.82422
1.0122
0.96753
0.85792
1.0182
0.80544
0.2947
0.10075
0.39131
0.54409
0.20535
0.33127
0.36947
-0.18718
-0.31436
0.22077
0.31021
-0.13546
-0.52125
-1.2835
-1.7987
-1.2296
-1.0826
-1.4525
-1.5091
-1.1183
-0.9763
-0.66833
-0.19862
0.55147
0.90037
0.6332
0.43143
0.45009
0.52501
0.79893
0.67103
0.50203
0.48012
0.66714
0.30273
-0.10869
0.12771
-0.0055428
-0.39223
-0.68406
-0.52312
-0.71541
-0.98717
-1.0402
-1.1423
-0.86166
-0.6487
-0.59085
-0.99025
-1.3948
-0.99795
-0.85389
-0.73553
-0.023556
0.54101
0.27675
0.21779
0.36764
0.40961
0.80827
0.95175
0.70637
0.43444
0.42999
0.69072
0.82919
0.51831
0.65898
0.70395
0.51612
0.3213
0.40061
0.55508
0.55698
0.49998
0.53094
0.67366
0.72857
0.53475
0.52983
0.48753
0.55279
0.54722
0.48998
0.34576
0.28863
0.26251
0.13587
0.0035268
0.14989
0.21089
0.16898
0.25525
0.44645
0.54572
0.50615
0.49256
0.46296
0.37042
0.22996
0.094324
-0.043365
-0.21622
-0.25072
-0.28651
-0.35874
-0.40155
-0.41267
-0.35426
-0.29728
-0.26775
-0.17546
-0.11964
-0.11539
-0.017615
0.031938
0.11064
0.35237
0.39104
0.37469
0.45759
0.52873
0.5515
0.57595
0.60177
0.62362
0.64818
0.6411
0.59772
0.5621
0.57481
0.56164
0.38129
0.28516
0.24189
0.16608
0.063295
0.0026242
-0.024588
-0.065737
-0.096787
-0.10696
-0.11606
-0.107
-0.062086
-0.057621
-0.025364
0.055744
0.082891
0.14357
0.1926
0.21725
0.26711
0.29535
0.31689
0.35124
0.37892
0.38802
0.38327
0.34898
0.34946
0.3362
0.28978
0.26051
0.23762
0.17407
0.13597
0.11567
0.10132
0.08614
0.082447
0.075774
0.087798
0.10757
0.12423
0.15444
0.18078
0.19648
0.22847
0.2358
0.27587
0.29743
0.29748
0.29307
0.29602
0.28052
0.27445
0.2495
0.22556
0.19714
0.17713
0.16574
0.15826
0.15216
0.16771
0.16322
0.16482
0.17805
0.19553
0.20323
0.22194
0.2385
0.24306
0.24678
0.26196
0.2641
0.25738
0.24541
0.24751
0.23469
0.2191
0.21063
0.20419
0.19819
0.19268
0.19128
0.18621
0.1888
0.19242
0.19125
0.19433
0.19377
0.20441
0.19881
0.19879
0.20157
0.19633
0.19723
0.20005
0.19258
0.19103
0.2061
0.20697
0.20198
0.21675
0.22266
0.21728
0.22539
0.22657
0.21808
0.22191
0.21997
0.20648
0.20198
0.20893
0.209
0.20445
0.21006
0.21546
0.21127
0.20858
0.22767
0.22603
0.22632
0.23263
0.22781
0.21786
0.22007
0.21408
0.20112
0.19406
0.18979
0.17482
0.16373
0.16374
0.16814
0.16531
0.16017
0.16618
0.17188
0.17627
0.18812
0.18314
0.18132
0.20054
0.22885
0.24019
0.21441
0.23276
0.25244
0.27866
0.29334
0.32202
0.28875
0.25508
0.2606
0.22026
0.18683
0.17811
0.1843
0.12695
0.11595
0.10075
0.10134
0.076394
0.12437
0.22436
0.16532
0.2685
0.42539
0.37534
0.4481
0.53864
0.48906
0.60871
0.68009
0.41632
0.29994
0.43924
0.39127
0.18916
0.15122
0.4317
0.39587
0.39074
0.48732
0.64344
0.6295
0.5215
0.33791
0.24387
0.20036
0.074693
-0.079197
-0.19241
-0.45044
0.37831
-0.0044466
-1.8891
-2.7285
-1.3741
-1.1256
-1.6441
-1.8339
-1.6487
-1.2403
-1.2184
-1.0807
-0.82745
-0.65034
-0.16848
-1.3068
-2.5703
-1.6014
-0.02783
-0.28778
-0.25415
-0.099899
0.34482
0.78646
0.53919
0.39706
0.70936
0.33897
0.030947
0.26638
0.23297
0.054959
-0.042644
0.10126
0.35888
0.038236
-0.10853
-0.052976
0.3182
0.44512
-0.13225
-0.77002
-0.29643
0.8519
1.6019
2.0142
1.8173
1.3874
0.85775
0.91541
1.3473
1.627
1.8823
1.6708
0.66988
0.75195
1.8441
2.46
2.4194
2.1889
1.5126
0.85936
0.7325
1.2204
1.2946
1.0674
0.88533
0.7963
0.53598
0.28737
0.38756
0.4039
0.60487
0.24766
-0.2183
-0.28929
-0.21738
-0.34673
-0.59639
-0.70934
-0.77406
-0.62054
-1.0391
-1.299
-0.96068
-1.1487
-1.1709
-1.9566
-1.9872
-1.8367
-1.9321
-1.588
-1.7852
-1.9336
-1.5569
-1.5218
-1.8499
-1.6406
-1.6276
-1.9352
-1.314
-0.99499
-0.37693
0.14937
0.48828
0.92059
0.69665
0.83881
1.1976
1.0484
0.68841
0.046218
0.19627
0.64383
1.2321
1.5851
1.7533
1.5683
1.2858
0.73398
0.28197
0.48967
0.49139
0.010929
-0.46241
-0.40342
0.79496
1.3674
1.8133
1.4665
1.2015
1.2677
1.9969
2.667
2.7714
3.0004
2.9116
2.6543
2.13
2.2044
2.4793
1.7783
1.2823
0.4928
0.36792
0.60927
1.2682
1.6443
0.77237
0.34214
0.18018
-0.06861
-0.66792
-0.77605
-0.66266
-0.52606
-1.0465
-1.5457
-1.4406
-1.2528
-1.1247
-1.2653
-1.5172
-1.5099
-1.3905
-1.0639
-1.4639
-1.573
-1.0203
-1.1355
-2.0715
-1.8185
-0.92926
-0.84028
-1.2964
-1.5935
-1.2177
-1.594
-2.1295
-1.9817
-1.8562
-1.8353
-1.8584
-1.8603
-1.0359
-0.056663
0.21559
0.11978
0.40362
0.77262
1.0494
0.59184
0.46483
1.0374
0.95411
0.52924
0.471
0.94897
0.98128
0.6014
0.40028
0.71322
0.76572
0.70107
0.88819
1.1964
1.1538
1.0844
0.96732
1.4921
1.6735
1.0719
0.47905
0.71192
0.77122
0.80956
0.53919
0.26938
0.205
0.070424
-0.6808
-0.65602
0.2968
0.68817
0.30067
-0.51297
-0.41796
0.0064084
0.09429
0.47423
0.31841
-0.023736
0.10626
-0.085853
-0.36681
0.37755
0.90031
0.39092
0.2383
0.033177
-0.1407
-0.087316
0.10346
0.052481
-0.17714
-0.078612
0.10658
-0.12335
-0.12607
0.099478
-0.056406
-0.16231
0.0081564
-0.11409
-0.2247
-0.2247
-0.20879
-0.38164
-0.28709
-0.23844
-0.36375
-0.42147
-0.52755
-0.67446
-0.71364
-0.73026
-0.79369
-0.69641
-0.3565
-0.23475
-0.16469
0.12048
0.55731
0.73722
0.82417
1.0041
0.97083
0.94894
1.0366
1.0123
0.91469
1.0201
1.1792
0.95141
0.77037
0.91222
0.90852
0.70912
0.65177
0.67392
0.52762
0.2924
0.26064
0.26669
0.033166
-0.053504
-0.069072
-0.12003
-0.16098
-0.17368
-0.0962
-0.03169
0.06757
0.18209
0.19861
0.21323
0.39629
0.44416
0.36917
0.40153
0.39898
0.42695
0.33884
0.16767
0.16593
0.12697
0.024869
-0.017936
0.018511
-0.0121
-0.034229
-0.0040347
-0.012348
-0.085796
-0.093978
-0.084958
-0.10774
-0.115
-0.060668
0.0006796
0.088408
0.16102
0.24207
0.28986
0.31371
0.34843
0.3317
0.32231
0.34147
0.33089
0.32246
0.33332
0.35198
0.32048
0.33078
0.30186
0.25806
0.26751
0.25802
0.22962
0.20472
0.21477
0.24945
0.25646
0.27882
0.29777
0.3055
0.31199
0.31389
0.30434
0.28701
0.29682
0.30293
0.25457
0.21648
0.21306
0.20712
0.16928
0.14496
0.13598
0.13446
0.1358
0.1018
0.10624
0.11547
0.10088
0.096595
0.09691
0.09878
0.11217
0.11509
0.12698
0.15913
0.19012
0.2108
0.23292
0.25462
0.27723
0.29131
0.30148
0.31034
0.31337
0.31416
0.30632
0.28026
0.2622
0.24672
0.20769
0.16758
0.14811
0.12085
0.090297
0.079435
0.089226
0.087361
0.090823
0.13202
0.15501
0.15091
0.18448
0.21714
0.19694
0.21218
0.23795
0.22085
0.21173
0.22533
0.22967
0.2196
0.23159
0.25037
0.24272
0.2325
0.25329
0.25225
0.23181
0.2442
0.24774
0.22523
0.21776
0.21926
0.20624
0.19277
0.19369
0.18755
0.17328
0.16683
0.16257
0.15871
0.15209
0.14439
0.15216
0.15084
0.15288
0.16219
0.1742
0.17827
0.19279
0.20013
0.20556
0.21674
0.22065
0.22122
0.22116
0.21802
0.2167
0.21518
0.21042
0.19777
0.20634
0.19746
0.19138
0.18517
0.18565
0.17518
0.16238
0.16485
0.14706
0.16126
0.16601
0.1545
0.16008
0.16521
0.16502
0.16927
0.1645
0.16468
0.17056
0.16298
0.17266
0.18122
0.17895
0.22266
0.22199
0.22213
0.25063
0.25481
0.24393
0.26172
0.24678
0.237
0.23329
0.21612
0.21077
0.19128
0.18173
0.18691
0.17408
0.16725
0.17354
0.17769
0.17619
0.17971
0.17986
0.18535
0.19799
0.20065
0.20499
0.21584
0.22106
0.22218
0.22599
0.22036
0.21545
0.21397
0.20297
0.19058
0.18092
0.1677
0.16495
0.15275
0.15467
0.16578
0.15206
0.16364
0.17256
0.17742
0.1802
0.19181
0.19985
0.19831
0.19458
0.19932
0.19913
0.19851
0.20871
0.20605
0.19348
0.20481
0.2039
0.19562
0.19996
0.20547
0.20108
0.20124
0.20261
0.20601
0.20255
0.20716
0.20495
0.20377
0.19203
0.18912
0.19791
0.18386
0.18631
0.14844
0.15209
0.11678
0.13667
0.13909
0.14455
0.15495
0.17013
0.19316
0.19354
0.19611
0.21039
0.21097
0.21314
0.23557
0.23405
0.12119
0.16341
0.29138
0.23552
0.24608
0.33138
0.31464
0.28197
0.47256
0.50717
0.3668
0.28665
0.40383
0.30805
0.28297
0.18937
0.085589
0.11903
0.13161
0.062127
0.10156
0.162
0.26779
0.16298
-0.025995
0.043872
0.12509
0.19689
-0.043206
-0.21286
0.21035
0.12681
-0.27517
-0.50038
-0.30608
-0.033135
-0.18282
-0.094776
-0.023229
-0.038256
-0.064949
0.14583
0.013824
0.29225
0.61824
0.32703
0.28116
0.44996
0.79787
0.9704
1.035
1.2632
1.1431
0.73541
0.92334
1.0884
1.2459
1.6543
1.2505
0.93944
0.85533
0.6943
0.56034
0.7335
0.58076
0.16871
-0.063724
-0.11235
0.26656
0.46418
0.68262
0.79808
0.30686
0.4728
0.53382
0.61412
0.68172
0.84469
0.18107
0.12154
-0.10151
-0.16048
-0.19457
-0.17651
-0.26124
-0.3751
-0.13027
-0.18468
-0.32544
0.12797
0.19624
-0.037064
-0.70918
-0.74231
-0.60841
-0.93107
-1.2712
-0.89906
-1.1011
-1.2374
-0.90125
-0.99247
-0.78542
-0.25734
-0.33136
-0.80231
-0.7088
-0.48304
-0.54072
-0.86937
-0.126
0.28925
-0.15929
0.17503
0.60283
0.59825
0.87046
1.3655
1.142
1.0603
1.1331
0.84113
0.73208
0.93003
1.2679
0.70697
0.55098
1.0951
1.5163
1.5941
1.3195
1.2995
1.2118
0.97029
0.69001
0.84057
0.77586
0.38791
0.2285
0.061654
0.015318
0.25948
0.44504
0.29128
0.10393
0.12614
0.084654
-0.12023
-0.012037
0.07573
-0.1292
-0.59423
-0.84943
-0.64979
-0.81036
-0.7281
-0.57652
-0.57476
-0.23777
-0.35436
-0.5312
-0.25604
0.0022685
-0.021429
-0.27357
-0.62832
-0.98522
-0.59238
-0.53262
-0.74408
-0.78791
-0.75592
-0.59123
-0.66217
-0.51997
-0.13515
0.10877
0.047137
-0.36302
-0.48891
-0.46715
-0.18347
0.047155
0.21116
0.52238
0.73552
0.63275
0.83392
1.2269
1.3704
1.5548
1.7009
1.3778
0.9805
0.94259
0.6923
1.2061
1.4145
1.0926
0.87937
0.84329
1.2394
1.6565
1.3237
1.5021
1.2723
0.87343
0.29018
-0.042389
-0.1605
0.262
-0.090247
-0.7132
-0.55312
-0.01246
0.088898
-0.031622
0.03389
0.32753
-0.34828
-0.32894
-0.58174
-1.0421
-1.1234
-0.92742
-1.3682
-1.234
-0.71065
-0.58262
-0.50216
-0.12905
0.33979
0.34214
-0.11612
-0.082958
-0.25084
-0.41612
-0.74131
-1.1362
-1.3422
-0.6581
-0.8072
-1.3785
-0.8207
-0.33463
-0.58721
-0.31119
-0.4509
-0.41517
0.028937
0.067783
-0.35085
-0.38182
-0.19164
0.0039013
-0.1032
0.14211
0.8986
1.1213
0.85616
1.1912
1.3482
1.5151
1.7722
1.7357
1.8753
1.4058
1.0588
1.2519
1.7299
1.5878
1.1225
0.97248
1.0567
1.2261
1.5172
1.2733
1.0024
1.2346
0.9555
0.47701
0.91668
0.54604
0.141
-0.022305
-0.058398
-0.055097
0.17543
0.44178
0.28837
-0.14947
0.042278
0.19843
-0.098723
-0.0032105
-0.33173
-0.97748
-0.86303
-0.79275
-1.2062
-1.3827
-1.4046
-1.626
-1.793
-1.6393
-1.4715
-1.4591
-1.387
-1.3237
-1.3936
-1.2004
-0.92408
-0.84878
-0.72128
-0.66397
-1.1474
-1.539
-1.0351
-0.82424
-1.1064
-1.0709
-0.35062
-0.16695
-0.31281
-0.44451
0.20389
0.59857
0.37053
0.38398
0.44645
0.52092
0.43276
0.18464
0.33922
1.1796
2.3776
2.7617
2.3971
2.1869
2.6215
2.6328
2.5722
2.8742
2.5913
2.1118
1.5004
1.6374
1.9293
2.0378
2.1455
2.0361
1.1528
0.89186
1.0715
0.94794
0.83932
0.17729
-0.12274
0.19238
0.42203
1.1266
1.2947
0.79801
0.60025
0.61963
0.22519
0.23235
0.40746
0.17575
-0.47145
-0.83801
-0.32049
-0.26735
0.059541
0.60193
0.033271
-0.59665
-0.65733
-0.96295
-1.4281
-1.2339
-0.9721
-1.1864
-1.2823
-1.0367
-1.1526
-1.6763
-1.2878
-1.0279
-1.4016
-1.3153
-1.1683
-1.2313
-0.94096
-0.71239
-0.51826
-0.057966
0.11824
-0.53266
-0.97001
-0.50658
-0.03896
-0.30763
-0.39791
-0.16376
-0.13258
-0.24637
-0.063501
0.099276
0.32577
0.61731
0.38075
0.15462
0.53507
1.1815
1.0912
0.76727
1.0802
1.2643
1.1264
0.91438
0.83021
1.005
1.3475
1.3315
1.3265
1.549
1.7091
1.6103
1.3994
1.4831
1.6439
1.4843
1.1822
1.1126
1.09
1.9597
2.7757
2.3317
1.3417
0.7754
0.59618
0.0030137
-0.38916
-0.19893
-0.098608
-0.36123
-0.29494
-0.21344
-0.046168
0.77663
0.6845
-0.44354
-1.2859
-1.4084
-1.2814
-1.7598
-1.6181
-1.5004
-1.4786
-1.5564
-1.5639
-1.8375
-1.9148
-1.8145
-1.7624
-1.7859
-1.4419
-1.2995
-0.86033
-0.97037
-0.68831
-0.60469
-0.43664
-0.18381
-0.12033
-0.13264
-0.095584
0.27509
0.4829
0.31196
0.30549
0.43215
0.73733
0.86583
1.2735
1.9705
1.9917
2.0009
2.4271
2.5259
2.8255
3.0415
2.9428
2.5657
2.1432
2.2597
2.1163
1.6947
1.445
1.2276
0.51693
0.71561
1.4404
1.4206
1.4563
1.1313
1.1123
1.2069
1.1613
1.2527
1.0684
0.24283
-0.26491
-0.15081
0.076153
0.13502
-0.06734
-0.64777
-1.158
-1.3805
-1.5304
-1.7848
-1.9959
-2.1038
-2.2853
-2.64
-2.3005
-1.8066
-1.8009
-1.904
-1.6344
-1.1866
-0.87316
-0.55274
-0.86203
-1.1204
-0.9119
-0.7229
-1.0087
-0.97195
-0.68242
-0.74824
-0.49327
-0.15346
0.23663
0.89095
1.0669
1.1484
0.75125
0.71049
1.0308
1.6351
1.7008
1.4226
1.4006
1.5829
1.8272
1.9203
2.1116
2.3592
2.1958
2.1544
1.8607
1.8229
2.0514
2.5733
2.2302
1.2052
0.86502
1.2189
1.4188
1.1508
0.94636
0.42575
-0.57365
-0.9291
-0.78208
-1.0156
-1.0787
-0.57157
-0.89524
-1.1069
-0.6621
-0.30816
-0.070771
-0.71196
-0.86165
-1.3371
-2.3267
-2.0546
-1.9465
-2.2772
-2.4557
-2.049
-2.0414
-1.9734
-1.6973
-1.7402
-1.4595
-1.0715
-0.50518
-0.28842
-0.29374
-0.4029
-0.7835
-0.77925
-0.62884
-0.46074
-0.30699
-0.40345
-0.36668
-0.11418
0.22922
0.68327
0.7173
0.99728
0.92106
0.43006
0.79141
0.9627
1.2914
0.89625
1.0114
1.2689
1.0579
1.0635
1.171
1.2963
1.4442
1.7309
1.8626
2.0324
2.2454
1.9455
1.9598
1.7005
2.1834
2.3409
1.9456
2.1032
1.7759
1.428
1.3319
1.3157
0.94727
0.14141
-0.21042
-0.4025
-0.79472
-0.96982
-0.62032
-0.66294
-0.79154
-0.58286
-0.91431
-0.93816
-1.326
-1.1288
-1.138
-1.4262
-1.537
-1.526
-1.8775
-1.6695
-1.49
-1.6229
-1.5361
-1.2057
-1.1483
-1.0383
-1.0949
-0.47497
0.023209
-0.1043
-0.23646
-0.0963
-0.028062
-0.25836
-0.86119
-1.2817
-1.9499
-2.7201
-2.9974
-3.1184
-3.2669
-2.9416
-2.4783
-2.2623
-1.4619
-1.1208
-0.4901
0.35989
1.6994
2.4953
1.9736
1.5856
1.7678
1.6211
1.8396
1.9126
1.7707
1.6648
1.5714
1.1841
1.4543
2.2463
2.7472
2.4125
1.849
1.7256
2.026
2.0468
2.4584
2.2177
1.6351
1.1319
1.1545
0.75746
-0.20219
-0.54872
-0.63911
-0.73776
-0.73492
-0.76216
-0.18817
-0.059934
-0.40692
-0.7497
-0.94411
-0.99285
-0.90835
-0.9479
-1.6232
-1.7844
-2.0373
-1.956
-2.0137
-1.896
-1.3516
-1.5965
-1.7961
-1.3279
-0.65945
-0.86479
-0.67322
0.16913
-0.75181
-1.4448
-1.4675
-1.2068
-1.5423
-1.4893
-1.8575
-1.9575
-1.4853
-1.3518
-0.90387
-0.74229
-0.58791
-0.25729
-0.66079
-0.61297
-0.031934
1.1343
2.6397
2.5802
1.8615
2.1117
2.0171
1.3316
1.4208
1.3805
0.65997
0.42076
0.37661
0.23579
0.87361
2.1553
2.7619
1.9362
1.8551
2.4351
2.4866
2.1772
2.9845
2.4886
1.524
0.9726
0.65427
0.30901
0.60222
0.8537
0.74774
0.49154
0.66824
1.0858
1.0433
0.66979
0.77532
0.33112
-0.33594
-1.28
-1.6503
-1.6251
-1.1791
-1.1301
-1.6372
-1.749
-1.4762
-1.3701
-1.3658
-1.2522
-1.0746
-0.77699
-1.1501
-1.7023
-1.601
-1.2511
-0.75077
-0.79239
-1.5608
-0.92333
-0.91092
-1.7553
-2.1506
-1.5823
-1.8239
-2.2597
-2.0845
-1.7338
-1.7492
-1.4129
-0.75394
-0.71612
-0.96264
-0.15708
-0.25483
-0.72987
0.52102
1.429
0.50048
0.014521
0.20599
0.44855
0.35923
0.63469
1.2511
1.1458
1.249
1.7579
1.9465
2.2021
2.8622
2.2898
1.6938
1.8243
1.7011
1.6475
1.9903
2.2864
2.6326
2.3139
2.0645
1.5309
0.54638
0.54943
0.9746
0.76744
0.64191
0.61077
0.28431
0.536
1.1952
1.0316
1.1354
0.47159
-0.35202
-1.1949
-1.6403
-1.3481
-1.3154
-1.8787
-2.2668
-2.469
-2.403
-2.0457
-1.9261
-1.9534
-1.6051
-1.7266
-1.6839
-1.5738
-1.3835
-1.0974
-0.77546
-0.57187
-0.96098
-1.2702
-0.57392
-1.0351
-1.8762
-1.8191
-1.7325
-1.9901
-1.9137
-2.0692
-2.0928
-1.6225
-1.4904
-1.2289
-1.4734
-1.0735
0.069471
0.82567
1.8928
2.5003
2.2123
2.0086
2.2502
2.0752
2.1931
2.2092
1.7883
1.9869
1.682
2.0402
2.8662
3.4455
3.1357
2.0973
1.4866
1.5267
1.5336
1.7032
1.8445
1.7245
2.1717
2.6104
2.477
2.4447
1.7516
0.97677
1.149
1.1675
1.0521
0.82998
0.73245
0.71337
0.68416
0.51537
0.39389
0.44384
0.33363
-0.74397
-1.7263
-1.5477
-1.316
-1.7609
-1.8123
-2.0836
-2.3557
-2.3154
-1.9703
-2.2343
-2.1759
-1.4397
-1.5103
-1.9743
-1.6117
-1.1823
-1.1732
-1.1122
-0.59381
-1.1754
-1.429
-0.7876
-1.3572
-2.3285
-1.9169
-1.5614
-2.2332
-2.0619
-1.951
-1.7031
-1.836
-1.8613
-1.64
-2.1355
-1.6725
-0.23056
0.77646
1.2902
1.7509
1.73
1.4139
1.9282
2.198
2.1744
1.6632
1.7812
1.7184
1.4795
2.0759
3.3735
3.6812
2.5718
1.8544
1.7191
1.4414
1.6232
1.9453
1.5887
1.9332
2.4858
2.4421
2.5912
2.2205
2.022
1.7841
1.3994
0.89872
0.31678
0.10315
0.025099
-0.23876
-0.55577
-0.020819
0.25716
0.1523
-0.027255
-0.57274
-0.4573
-0.70005
-1.2786
-1.5495
-1.6298
-1.9947
-2.3099
-2.1312
-2.2686
-2.0963
-1.7678
-1.8951
-1.9013
-1.8608
-1.6192
-1.3895
-1.2467
-0.93824
-0.59894
-1.0421
-1.264
-0.57127
-1.2135
-2.0006
-1.7206
-1.991
-1.9971
-1.8735
-1.5595
-1.2631
-1.1708
-0.54537
-0.45785
-0.5327
0.14988
1.6072
2.1904
2.1375
2.3388
2.0632
2.4036
2.5514
2.3151
2.1469
2.1484
2.0769
1.6655
1.9114
2.4438
2.9777
3.0875
2.1011
1.3378
1.34
1.5427
1.554
1.417
1.6133
2.32
2.7174
2.3863
2.0783
1.4056
1.7316
1.366
0.944
0.63341
0.42187
0.34824
0.28681
0.096632
0.1604
0.43516
0.45659
-0.42113
-0.74477
-1.3001
-0.83036
-1.4731
-1.7321
-2.0175
-1.8929
-1.9737
-2.3157
-2.335
-2.1258
-1.968
-1.8131
-1.806
-1.6618
-1.7902
-1.5493
-1.381
-1.1561
-1.0093
-0.35861
-0.70605
-1.395
-1.0776
-0.89073
-1.2662
-1.5708
-1.5348
-2.0256
-2.0784
-1.5542
-1.3648
-1.4234
-1.0179
-0.83006
-0.91357
-0.25496
2.153
2.7428
2.0658
1.7849
1.9748
1.8654
2.1171
2.4013
2.0616
2.0003
1.8004
1.7523
2.2518
3.0027
3.7094
2.711
1.8804
1.5816
1.4291
1.4882
1.743
1.8887
2.2107
2.5677
2.3293
3.0499
2.8643
2.2974
1.4476
0.81725
0.58549
-0.31018
-1.0894
-0.91393
-0.88599
-1.0769
-0.77528
-0.76165
-0.63421
-0.2263
-0.80056
-1.3644
-1.8402
-1.804
-1.7751
-2.1273
-2.4031
-2.1429
-2.1407
-2.1278
-1.8455
-1.7751
-1.675
-1.6941
-1.7809
-1.6122
-1.4467
-1.4246
-1.0817
-0.60874
-0.88233
-1.3854
-1.029
-0.94038
-1.6102
-1.9524
-1.5419
-1.8369
-2.1705
-2.1244
-1.9368
-1.7381
-1.2812
-1.3201
-1.7492
-1.3882
0.026762
1.2413
1.1616
1.4348
1.8392
1.603
1.8426
2.2222
2.4563
2.3055
2.2083
1.9175
1.9745
2.565
3.0004
3.3626
2.3915
1.576
1.1561
1.4283
1.727
1.6947
1.69
2.329
2.5453
2.8046
2.9829
2.3748
1.6117
0.90641
0.62108
0.57975
0.86715
1.0626
0.79949
0.42502
0.82842
1.2614
0.83962
0.83532
0.32509
-0.41261
-0.9446
-1.3781
-1.2248
-0.90757
-1.0391
-1.8116
-2.0749
-1.9004
-1.8652
-2.0587
-2.0631
-2.0323
-1.962
-1.8
-1.4772
-1.327
-1.1126
-0.61516
-1.2888
-1.8391
-1.2038
-1.5643
-2.7296
-2.4813
-1.8257
-1.9943
-2.5388
-2.5626
-1.7126
-1.5749
-1.2519
-0.60597
-1.0779
-1.0289
-0.24822
-0.69702
-0.89578
0.53364
1.995
1.8542
1.9669
2.4423
2.8809
2.7575
3.0875
3.1149
2.7564
2.4371
2.2106
1.593
1.3718
1.7592
2.0797
1.7442
1.9646
1.712
1.8075
2.2394
2.5137
2.6498
2.9965
2.3824
1.5794
0.98471
0.98019
0.74417
0.5923
0.62472
0.46865
0.45764
0.84897
0.81513
0.4544
0.8756
0.97821
-0.067045
-0.59403
-0.65149
-0.77943
-1.16
-1.0137
-1.5117
-2.0466
-1.9001
-1.9764
-2.5797
-2.354
-1.8802
-1.8073
-1.8949
-1.4638
-1.3326
-1.1029
-0.52218
-0.25609
-1.3082
-1.147
-0.71306
-1.5174
-2.3024
-1.7461
-1.978
-2.0752
-2.2329
-2.0119
-1.8598
-1.5317
-1.0589
-0.83134
-1.1741
-0.55464
-0.51703
-0.9791
-0.4284
1.1296
2.371
2.3007
2.0234
2.0539
1.7631
1.5873
1.7065
1.5104
1.0979
0.86427
0.50252
0.54575
1.2388
2.1571
2.5802
1.6721
1.6944
1.8549
1.7039
1.9651
2.4405
2.5526
2.7806
2.284
1.5516
1.0314
0.75333
0.70362
0.97453
0.73988
0.73449
1.0238
0.85028
0.77742
1.0887
1.1078
0.79613
-0.15768
-0.32755
-1.0511
-1.3595
-1.0658
-1.2912
-2.2312
-2.299
-2.0542
-2.3571
-2.5628
-2.1626
-1.9621
-1.9203
-1.817
-1.2952
-1.563
-1.0106
-0.57112
-1.2885
-1.1744
-0.50117
-1.1991
-1.9323
-1.6253
-1.4828
-2.0122
-2.0591
-2.0917
-1.7756
-1.5427
-1.0792
-0.76384
-1.0351
-0.48977
-0.11372
-1.1131
-0.79376
0.46777
1.5205
2.085
2.271
2.2678
2.1483
1.8853
2.0393
2.0851
1.582
1.2776
1.0671
0.60461
1.0548
1.5783
2.4023
2.4779
1.6827
1.8094
2.0112
1.8432
2.4718
2.1367
1.2658
0.7555
0.72734
0.62868
0.59009
0.69252
0.94358
0.60195
0.35703
0.99031
1.0132
0.69098
0.97513
-0.019757
-0.62462
-0.31804
-0.61734
-1.1567
-0.88879
-1.0444
-1.6913
-2.0415
-1.8545
-2.0319
-2.2933
-2.0742
-2.1254
-2.2361
-1.7488
-1.5254
-2.0593
-1.8954
-1.4071
-1.5006
-1.6079
-1.024
-0.77024
-0.81621
-1.2581
-1.0985
-1.071
-1.7028
-2.3135
-1.9235
-1.8903
-2.2614
-2.4329
-2.0915
-2.0688
-1.7697
-1.3602
-0.98362
-1.3432
-0.69463
-0.84811
-1.285
-0.56534
1.5257
2.2237
1.8245
1.6393
1.7062
1.9272
2.0274
2.2614
2.1907
1.7358
1.3374
0.90744
1.2439
1.8233
2.3629
2.0742
1.4021
1.4406
1.4278
1.8316
2.3222
2.5973
2.8436
2.6202
2.1948
1.7825
1.1658
1.0722
0.78479
0.63005
0.61926
0.62657
0.57597
0.80048
1.0254
0.90936
1.0188
0.78549
0.024867
-0.38239
-0.48261
-0.4145
-0.89932
-1.2815
-1.5307
-1.7092
-1.352
-2.0036
-2.4171
-2.0936
-1.8431
-1.879
-1.9285
-1.6412
-1.447
-1.5635
-1.7328
-1.4369
-1.3896
-1.1556
-0.68689
-1.4143
-1.5809
-1.0351
-1.5464
-2.1456
-1.6789
-1.8368
-2.1199
-2.0931
-2.056
-1.6015
-1.5783
-1.1232
-0.65856
-0.89689
-0.80239
-0.32123
-0.96252
-0.60351
0.58442
1.4529
2.1581
2.2555
1.9517
2.0428
2.2747
2.3913
2.3169
1.9688
2.0363
1.8138
1.5076
2.0093
2.4342
2.8504
2.6072
1.793
1.2186
1.289
1.5453
1.5216
1.5595
1.8411
2.2127
2.1695
2.8095
2.6117
1.8547
1.3542
0.82624
0.69105
0.661
0.68196
0.53525
0.52296
0.87636
0.81758
0.68552
1.1917
1.1229
0.10102
-0.28408
-0.44229
-1.2194
-1.1644
-1.1612
-1.7836
-2.2351
-1.8793
-1.8789
-2.4968
-2.3747
-1.8867
-2.3438
-2.0697
-1.5584
-1.7488
-2.0666
-1.5146
-1.3917
-1.5733
-1.1018
-0.5511
-0.5854
-1.0953
-1.0278
-0.78812
-1.5317
-2.0777
-1.7981
-1.8229
-2.1941
-2.274
-2.2497
-1.9964
-1.7036
-1.2933
-1.1149
-1.434
-1.3045
-0.51606
0.73251
1.2062
1.7021
1.4838
1.4121
1.7819
2.2071
2.3642
2.4778
2.5109
2.3669
2.1382
2.0064
2.5831
3.5049
2.5939
1.4949
1.2685
1.7444
1.8091
2.0274
2.4726
2.448
1.9775
1.6304
1.2172
1.2867
1.3982
1.4633
1.0453
0.70181
1.0454
1.1619
0.84729
1.0614
1.0162
0.16967
-0.15115
-0.83335
-1.1807
-1.0558
-1.2641
-1.7892
-1.9657
-1.6743
-2.0387
-2.407
-2.1194
-1.8803
-1.8481
-2.029
-1.9101
-2.1691
-2.1463
-2.0027
-1.6536
-1.6063
-1.6669
-1.0159
-1.4559
-1.9802
-1.675
-1.1134
-1.5212
-2.1715
-1.9725
-1.6611
-1.8806
-1.6922
-1.1833
-1.1907
-1.0807
0.21502
0.57018
-0.040237
0.20592
0.59537
0.23814
0.58249
1.1986
1.3496
1.5074
1.7731
2.2353
2.2754
2.658
3.1456
3.0261
1.9849
1.5886
1.4503
1.3728
1.8486
1.8328
1.5996
2.2379
2.3633
2.7801
2.6727
1.9551
1.3314
1.0812
1.0107
0.76702
0.54422
0.84747
1.2422
1.1082
0.76854
1.2114
1.3443
0.96053
-0.15293
-0.9181
-1.4485
-1.8225
-1.9434
-2.0009
-2.2505
-2.2564
-2.24
-2.1075
-2.3484
-2.0045
-1.6924
-2.0065
-2.0667
-1.5659
-1.6348
-1.5559
-1.2318
-0.88369
-0.90603
-1.1817
-1.2234
-1.7958
-1.4524
-1.0449
-1.3856
-1.6388
-1.7211
-1.7892
-1.6367
-1.3452
-1.1804
-0.89521
-0.80874
-1.3469
-0.84845
-0.093323
2.2407
2.5176
1.843
1.6616
1.7204
2.0544
2.2112
2.1202
1.8603
2.0307
1.7498
1.8132
2.2648
2.8851
3.524
2.5201
1.5857
1.3072
1.8468
2.1379
2.1862
2.4045
2.0972
1.7895
1.0822
1.2271
0.98954
0.62374
0.18611
-0.13137
-0.31232
-0.22471
0.17686
0.21904
0.44306
0.30887
-0.077641
-0.407
-0.62597
-0.26829
-0.62298
-1.5178
-1.8282
-1.6039
-1.9056
-2.2404
-2.399
-2.2341
-2.1953
-2.3051
-2.1036
-1.8208
-1.672
-1.4867
-1.1693
-1.1084
-0.96661
-1.0319
-1.2315
-1.7853
-1.4804
-1.0749
-1.5049
-1.9078
-1.752
-1.3448
-1.4589
-1.3103
-0.59159
-0.63412
-0.88501
-0.82126
-0.93209
-0.95726
0.30219
1.3436
2.0883
2.1388
1.95
1.8972
2.1916
2.3391
2.3182
2.0965
2.0522
1.9606
1.5179
1.9758
2.6386
3.0762
2.8698
1.7264
1.3556
1.5628
1.6923
1.6559
1.806
2.3591
2.4467
1.8781
1.2919
0.70346
1.1043
0.90752
0.29678
0.26654
0.49521
0.36684
0.46991
0.80711
0.79576
0.76814
0.45723
-0.14923
-0.62782
-0.83668
-0.55075
-0.82919
-1.5703
-1.6575
-1.8423
-1.9855
-2.0545
-2.4374
-2.6015
-2.3716
-2.1507
-1.9588
-1.9234
-1.9801
-1.8614
-1.3933
-1.8758
-1.3829
-0.95344
-0.83029
-1.1258
-1.3963
-1.0307
-1.5793
-2.2231
-1.9077
-1.8678
-2.3574
-2.313
-2.1793
-2.2753
-1.8483
-1.531
-1.5033
-1.7257
-0.61543
1.1883
0.94904
0.67725
1.0976
1.0973
0.99896
1.5389
1.6937
1.7603
1.9778
1.9793
2.0647
2.286
3.336
3.6443
2.5724
1.9572
1.6633
1.2215
1.423
1.9662
1.7449
1.9007
2.5323
2.4544
2.9081
2.6229
2.1097
1.5668
0.75924
0.83344
0.77302
0.58095
0.5496
0.34453
0.36035
0.83631
1.0491
0.65862
0.78017
0.30823
-0.15433
-0.54267
-1.0404
-1.0328
-1.0618
-1.3946
-2.042
-2.2902
-1.6065
-1.8858
-2.4715
-2.3663
-2.0692
-1.9398
-1.8034
-1.6057
-1.6781
-1.8846
-1.4894
-1.3492
-1.475
-1.2285
-0.72908
-1.1713
-1.5944
-1.2683
-1.4233
-2.2029
-2.3816
-1.6972
-1.8777
-2.3686
-2.289
-1.9404
-1.8331
-1.5507
-1.0203
-0.99971
-1.0386
-0.52194
-0.75228
-0.96103
-0.046261
1.2309
1.6439
2.0587
2.1506
1.9879
2.0738
2.3468
2.4168
2.1363
2.1821
2.0794
1.8493
2.0268
2.4665
2.6768
2.6921
2.4951
1.6106
1.308
1.7255
1.7664
1.6055
1.7364
2.2217
2.2806
2.7951
2.7123
2.1205
1.3566
0.82317
0.66379
0.67688
0.71999
0.50328
0.50804
0.6682
0.5848
0.55277
0.47162
0.98033
0.3997
-0.57829
-1.0201
-1.1789
-0.95429
-1.1953
-1.8276
-1.9951
-1.6801
-2.0498
-2.4075
-2.5808
-2.4113
-2.0442
-1.9555
-2.1706
-2.0354
-1.4585
-1.3026
-1.3486
-0.86866
-1.017
-0.81822
-0.85888
-1.3417
-1.7704
-1.6125
-1.5736
-1.6365
-2.052
-1.7831
-1.4808
-1.5925
-1.0025
-0.60186
-0.91122
-0.45591
-0.20831
-0.84302
0.13232
0.63367
0.25363
-0.029819
0.51362
0.92073
1.1254
1.8691
2.2333
2.0506
1.9697
1.838
1.7682
1.7594
2.1997
1.3077
0.80218
0.91705
1.0191
0.95221
1.3893
1.7385
1.198
1.1396
1.533
1.6827
1.767
1.7443
1.5332
1.4819
1.1474
0.59302
0.22731
0.10002
-0.25409
-0.90435
-1.0929
-0.59706
-0.73046
-0.83514
-0.72847
-0.82008
-1.2188
-0.99432
-0.83158
-0.85916
-0.72554
-0.611
-0.63165
-0.77384
-0.31425
0.21576
-0.37557
-0.26513
0.18344
-0.14802
-0.76371
-0.16636
0.23398
-0.41029
-0.12432
0.15174
0.065109
-0.72237
-0.5878
-0.35138
-0.92844
-1.2012
-0.82672
-0.72972
-1.0697
-0.826
-0.21173
-0.21719
-0.002948
0.20233
0.6088
0.7413
0.97874
0.64424
0.09172
0.12256
0.86722
0.71883
-0.22072
-0.21037
0.059415
-0.18901
-0.41849
0.10629
0.43723
0.35893
-0.17024
-0.3037
0.457
1.0686
1.2582
0.65171
0.7084
1.4577
1.2536
1.1295
1.1844
1.0077
0.76346
0.67198
0.58432
0.72853
0.99885
0.92757
0.44439
-0.33081
0.29841
0.7137
0.32344
-0.17627
-0.00023354
0.31602
0.46711
1.0362
1.8433
2.0312
1.8557
1.9038
1.3495
0.85244
1.4308
1.3723
0.46878
-0.58057
-0.24169
-0.039782
-0.52169
-0.05262
0.35394
-0.4513
-0.76266
-0.44273
-0.31625
-0.84991
-0.51508
-0.51516
-1.2646
-1.3584
-0.73014
-0.84614
-1.4588
-1.002
-0.7359
-1.2738
-1.0272
-0.23043
-0.17432
-0.63673
-0.065101
0.1228
0.089153
0.12791
0.46042
0.48888
0.17054
0.45519
0.5831
0.12138
0.085166
0.57843
0.52229
0.25765
0.46413
0.49829
0.54509
0.86809
1.1281
1.0926
1.0517
1.353
1.3741
0.98178
0.91683
1.0924
0.94056
0.7136
0.77127
0.46561
0.65593
1.1565
0.86048
0.22013
0.40925
0.95128
0.89525
0.47466
0.28498
0.6803
0.74036
0.20594
0.52072
1.3133
1.5999
1.6865
1.163
0.58784
1.0826
1.421
1.3468
0.96906
1.0806
1.286
0.80808
0.40714
1.0183
0.98444
0.36
0.048251
-0.24457
-0.69852
-0.93108
-0.97707
-0.93563
-1.2925
-0.71365
-0.67706
-1.0456
-0.69006
-0.44261
-1.0649
-0.83397
-0.054978
0.18475
-0.17036
-0.46002
-0.46412
-0.43199
-0.32694
-0.067105
-0.41521
-0.73736
-0.43418
-0.57716
-0.93246
-0.5495
0.047768
0.040638
-0.30479
-0.23405
0.21948
0.51727
0.4543
0.42741
0.45803
0.50501
0.31513
1.3551
1.7122
0.90608
1.5699
1.3549
0.51799
0.90393
0.88412
0.42583
0.44114
0.52872
-0.18537
0.17815
0.76741
1.2999
0.63138
0.32225
1.4419
0.28259
-0.16941
1.3434
1.7275
1.4556
1.721
1.7465
1.3586
1.9139
1.7325
1.1359
1.1179
1.4042
1.3295
0.31702
0.24209
1.5216
1.2134
0.62626
1.1716
1.1268
0.55567
0.53586
0.053213
0.018542
0.60053
0.2288
0.15626
-1.075
-1.5369
-0.5836
-0.71952
-1.4613
-1.4197
-1.2831
-1.3039
-1.1331
-1.0702
-0.4122
0.24193
-0.18419
-0.1727
-0.79081
-0.62414
-0.29492
-0.77002
-1.3453
-1.1015
-0.62653
-0.72199
-0.68601
-0.15694
0.26302
0.15421
0.13851
0.17183
0.31242
0.22796
0.54335
0.50178
0.50703
0.95184
0.97269
0.52745
0.56981
1.1221
1.0816
0.74059
0.76357
0.67992
1.1285
1.1754
1.0048
0.43916
1.0146
1.6392
0.98662
0.50157
0.98982
1.3368
1.3561
0.43565
1.083
2.0397
2.5334
2.2636
2.0498
2.1465
2.5992
2.5225
1.5213
1.3013
1.6062
1.4254
1.1432
0.42185
1.1991
1.4186
1.1444
1.058
1.2968
1.6464
1.6546
1.0163
0.31599
0.57338
0.52069
-0.26689
-0.52172
-0.34731
-0.43632
-0.50386
-0.4813
-0.069212
0.51217
0.15271
-0.47628
-0.34276
-0.38485
-0.32932
-0.46342
-0.92355
-0.33473
0.078213
-0.29034
-0.44776
-0.5469
-0.52542
-0.93413
-1.5994
-1.5435
-0.87457
-1.161
-1.2008
-0.72104
-0.4501
-0.17246
-0.18394
-0.13754
-0.20865
0.11074
-0.025863
0.215
0.7459
0.57774
0.14098
0.6299
0.85098
0.68283
1.1758
0.83206
0.33894
0.44738
0.21197
0.48752
0.7165
1.0471
1.1104
0.84343
0.96042
1.5844
1.0459
1.4255
2.25
1.95
2.7076
3.0083
2.3758
2.5895
2.7198
2.0563
1.5778
1.7916
1.6401
0.82246
0.65337
1.476
1.0643
1.265
2.3054
1.9586
1.8941
1.7125
1.1875
1.0887
0.43272
0.047041
0.14562
-0.16761
-0.063745
0.13494
0.027284
0.29069
0.52826
0.081787
-0.22362
-0.24922
-0.21822
-0.14883
-1.3063
-1.6179
-1.1337
-1.1022
-1.1031
-1.0261
-1.2818
-1.7728
-1.9937
-2.2773
-2.0949
-1.4378
-1.3748
-1.3865
-1.6871
-1.2839
-0.95355
-0.35244
-0.42146
-0.46852
-0.79504
-0.24104
0.068369
-0.27273
-0.35952
0.26248
0.68137
0.17766
0.37003
0.89683
0.83559
0.75799
0.79523
0.91047
0.49782
1.2848
1.1226
0.23953
0.71738
1.7072
1.5236
1.0734
1.7121
1.888
2.0791
1.4514
1.7599
2.3661
2.0878
2.5094
2.8457
2.4732
2.7277
3.2711
2.871
2.6326
2.628
2.6081
2.2276
1.1753
1.6388
1.987
0.9149
0.88722
1.6226
1.3472
1.4449
1.6677
0.92051
0.75039
1.149
0.82405
-0.21087
-0.36124
-0.14324
-0.6395
-1.0489
-0.23602
0.26176
-0.31214
-0.95572
-0.80881
-0.38541
-0.050821
-0.36539
-1.1735
-1.4578
-1.2055
-1.0048
-1.3436
-1.4399
-1.2713
-2.0551
-2.8239
-2.9214
-1.9952
-1.7346
-2.0202
-2.0772
-1.4177
-1.1083
-0.71225
-0.3123
-0.36316
-0.47061
-0.37636
-0.10243
-0.00059463
0.20418
0.1588
0.29308
0.59189
0.78048
0.82821
0.68639
0.96095
1.1245
0.88886
0.86746
1.0114
1.209
0.98383
0.92059
1.0045
1.3699
1.6447
1.7293
1.7533
2.0869
2.6139
1.8219
2.0125
2.808
2.4964
2.1885
2.1434
2.0816
2.3355
2.3951
2.2418
2.251
2.3483
2.4967
1.8659
1.1014
1.7893
1.4695
0.87612
0.63086
0.8571
1.134
0.88583
0.31193
0.15783
0.47142
0.37405
0.01939
-0.54223
-0.48958
-0.98952
-1.1651
-0.66709
-0.59028
0.034149
-0.091303
-1.5454
-1.3596
-0.36411
-0.059714
-0.82891
-1.1439
-1.1139
-1.1471
-1.4001
-1.2006
-1.1613
-1.3819
-1.8439
-2.5074
-3.155
-1.9946
-1.5274
-1.8215
-1.8255
-1.0817
-0.59525
-0.37473
-0.17105
-0.11581
0.059923
0.13619
0.13506
0.47756
0.60448
0.98431
0.78956
0.7881
1.1964
1.2445
0.74302
1.1237
1.4364
0.96146
1.1401
1.018
0.93316
1.0409
1.4131
1.9798
1.9518
2.5609
2.8406
2.4977
1.9746
2.6676
3.1173
2.5751
2.476
2.2427
2.3131
2.2776
2.6994
2.7052
2.2632
2.1943
2.0999
1.6976
1.1722
1.2899
1.6106
0.76112
0.2742
0.63657
0.70843
0.46631
0.80659
0.30988
-0.35613
-0.24039
0.12318
-0.47835
-0.86459
-0.86179
-0.917
-1.6214
-1.6093
-0.79243
-0.7077
-1.0512
-0.47523
-1.2774
-2.0257
-1.6503
-1.7121
-2.8337
-2.7985
-1.8486
-2.1414
-2.7601
-2.0694
-1.4916
-1.8057
-1.741
-1.1123
-1.592
-1.4068
-0.76217
-0.30298
-0.4867
0.10356
0.73942
0.32329
0.013396
0.49564
0.69477
0.66842
0.95305
0.88734
1.0195
1.2186
1.1592
1.3323
1.2649
0.99086
1.1329
1.2548
1.1507
1.2237
0.80183
0.95234
1.7462
1.7187
1.9193
2.3216
2.5836
2.6496
2.897
2.5472
2.7216
3.0028
2.7187
2.3486
2.0281
2.5061
2.7459
2.1989
2.2006
2.3132
2.1371
1.9922
1.753
1.3453
1.0926
1.0671
0.30889
-0.23863
-0.084382
0.17401
-0.22352
-0.44225
-0.14504
-0.3421
-0.43186
-0.087836
-0.3213
-0.66854
-1.1586
-1.0494
-1.6215
-1.8835
-1.3321
-0.53666
-1.224
-1.9606
-0.6606
-1.0926
-1.7656
-0.96661
-0.99779
-1.8763
-1.4399
-0.83342
-1.5143
-1.8927
-1.3355
-0.96051
-1.9936
-2.1291
-0.80534
-1.437
-1.569
-0.24906
-0.019938
-0.3907
0.48014
0.76571
0.36278
0.67413
1.6694
1.8642
1.5915
1.7561
1.7734
1.9428
1.7048
1.8001
1.9307
1.3566
0.99269
0.88762
1.2874
1.7819
1.7609
0.628
0.57986
1.3364
1.4101
1.934
2.0686
2.1607
1.9518
1.6875
1.6684
1.6583
1.9855
1.7252
0.85629
-0.013776
0.60129
0.90173
0.43012
0.53141
0.69183
0.29377
-0.25751
-0.055639
-0.009041
-0.11178
-0.0079628
-0.0075993
-0.098673
-0.24143
-0.23548
-0.37203
-0.52737
-0.66171
-0.56701
-0.80246
-1.123
-1.1679
-1.3436
-1.5029
-1.6147
-1.6961
-1.7201
-1.6399
-1.5701
-1.4514
-1.2133
-1.0374
-0.80154
-0.50578
-0.37272
-0.18698
0.040792
0.19919
0.34356
0.46992
0.59853
0.70509
0.83033
1.0937
1.0758
1.0538
1.3736
1.4897
1.3302
1.3906
1.5384
1.5183
1.364
1.4162
1.472
1.3456
1.355
1.394
1.199
1.1512
1.1685
0.98331
0.86162
0.75409
0.64713
0.55933
0.32351
0.25683
0.14929
-0.045239
-0.077113
-0.15054
-0.27289
-0.31273
-0.32816
-0.36526
-0.3774
-0.36249
-0.32322
-0.26512
-0.24167
-0.16548
-0.054601
0.028058
0.11407
0.20987
0.31063
0.39318
0.48436
0.55116
0.61095
0.67509
0.7122
0.76019
0.77509
0.77451
0.79527
0.75752
0.70564
0.65421
0.57058
0.50118
0.43126
0.33967
0.27275
0.21559
0.15339
0.11923
0.08442
0.063938
0.054633
0.043837
0.059201
0.072359
0.083853
0.1249
0.16924
0.20145
0.25748
0.31369
0.35588
0.40436
0.43886
0.47048
0.49971
0.50667
0.52376
0.52005
0.49678
0.48394
0.4454
0.41191
0.38536
0.33676
0.30403
0.26073
0.23436
0.21234
0.18934
0.18036
0.18253
0.18039
0.18736
0.20531
0.21624
0.2426
0.2629
0.29886
0.32752
0.31799
0.36162
0.37649
0.37774
0.40493
0.39573
0.39887
0.40708
0.39936
0.39637
0.38947
0.37875
0.37823
0.35042
0.32054
0.33315
0.30942
0.28767
0.2888
0.26831
0.26762
0.27018
0.25968
0.26819
0.27566
0.27194
0.29219
0.30342
0.30755
0.32961
0.33733
0.3427
0.36062
0.35728
0.35949
0.36785
0.3566
0.35089
0.3515
0.34014
0.33686
0.33154
0.32763
0.32782
0.32903
0.3245
0.32242
0.31987
0.31681
0.31407
0.30327
0.30116
0.29645
0.28421
0.284
0.27897
0.27387
0.27455
0.27714
0.27047
0.27662
0.27921
0.28429
0.28353
0.28946
0.3048
0.29506
0.30255
0.31287
0.30018
0.29769
0.30317
0.29675
0.28513
0.28916
0.2804
0.27825
0.27156
0.27736
0.27632
0.27881
0.28712
0.28671
0.29627
0.30683
0.3181
0.31939
0.32839
0.3414
0.34102
0.34162
0.34502
0.34131
0.32913
0.3334
0.31753
0.30992
0.3184
0.3013
0.2983
0.29339
0.2966
0.29563
0.28788
0.29539
0.29891
0.29583
0.29754
0.30411
0.30334
0.30436
0.31269
0.30659
0.31329
0.31232
0.31328
0.31401
0.30989
0.31566
0.31429
0.31044
0.3097
0.30792
0.30042
0.29917
0.30263
0.2953
0.29629
0.294
0.2938
0.29872
0.29672
0.29752
0.30249
0.30016
0.30181
0.30341
0.29616
0.29898
0.29703
0.29546
0.29552
0.30144
0.30414
0.30312
0.30475
0.29909
0.30072
0.29779
0.28942
0.29393
0.29086
0.28877
0.29435
0.29908
0.30472
0.31671
0.32039
0.32088
0.3308
0.32918
0.33355
0.33256
0.32652
0.33398
0.32747
0.32127
0.32715
0.31881
0.3144
0.31898
0.30754
0.30559
0.30609
0.29869
0.30058
0.29286
0.29358
0.29474
0.29217
0.29386
0.29735
0.29898
0.29708
0.30442
0.30135
0.30304
0.30393
0.30271
0.30343
0.29857
0.30488
0.30243
0.30264
0.30345
0.30419
0.30847
0.3004
0.30802
0.30911
0.30514
0.30662
0.30719
0.30711
0.30902
0.31029
0.31047
0.31028
0.30606
0.30581
0.30642
0.30113
0.30646
0.3015
0.30226
0.30319
0.30354
0.30421
0.30557
0.30071
0.3007
0.30005
0.29699
0.30048
0.3087
0.30992
0.31288
0.31675
0.32184
0.31634
0.32054
0.31873
0.3118
0.30462
0.30159
0.29682
0.29401
0.29479
0.28582
0.29377
0.28277
0.28113
0.29108
0.28211
0.29071
0.28542
0.28718
0.2954
0.29377
0.29894
0.31205
0.31257
0.31155
0.33071
0.32019
0.33307
0.34102
0.32982
0.3383
0.3327
0.3284
0.32861
0.31743
0.31485
0.31476
0.30406
0.30067
0.29662
0.29455
0.29854
0.29361
0.30106
0.30736
0.30682
0.30697
0.31077
0.31004
0.31436
0.31545
0.31529
0.31367
0.31314
0.31464
0.31051
0.31265
0.31454
0.31578
0.31424
0.30917
0.3129
0.31706
0.31023
0.31417
0.31723
0.31486
0.31985
0.31595
0.31493
0.31779
0.3137
0.31706
0.31626
0.31457
0.31879
0.31356
0.30727
0.31783
0.31356
0.3118
0.32184
0.31488
0.31458
0.31508
0.31335
0.31788
0.31872
0.31759
0.31947
0.31614
0.31649
0.31675
0.31209
0.31618
0.31773
0.31353
0.31653
0.31613
0.31931
0.32075
0.31887
0.3241
0.32416
0.32247
0.32335
0.32251
0.32166
0.32352
0.31924
0.32082
0.32078
0.31665
0.31881
0.31378
0.31091
0.31146
0.30828
0.30339
0.30396
0.29964
0.29758
0.30082
0.30001
0.30446
0.30604
0.30985
0.31377
0.31404
0.3154
0.31589
0.31583
0.31196
0.31138
0.30776
0.30732
0.3002
0.30175
0.30194
0.29854
0.29835
0.29839
0.29947
0.30296
0.30488
0.31363
0.31531
0.31932
0.32275
0.32529
0.32664
0.3265
0.32457
0.32054
