-1.4441
-0.85897
-0.59558
-0.83567
-0.90658
-1.19
-0.98709
-1.6532
-1.1903
-0.50271
-1.2125
0.29249
0.31505
0.95284
1.6638
0.35581
1.582
2.9687
2.4058
1.6777
3.0658
1.4625
4.6096
-3.5702
2.3692
5.6907
-0.058298
1.0248
-0.95584
-0.21564
1.9364
2.0695
-0.52604
3.3888
2.2553
-2.1672
-0.47354
-7.6662
-2.4119
-1.2662
-1.2047
0.53571
2.3847
2.6339
3.7288
1.9294
1.0562
2.2479
3.5979
4.1549
1.0031
1.7469
1.8073
1.0078
0.60917
-1.7284
-1.413
-2.6887
-2.0629
-4.4479
-1.5944
-2.0126
-0.61741
-1.2505
-1.9211
-2.4661
-3.2296
-1.5376
0.35724
-1.0083
-1.6329
0.5189
1.0802
-0.50676
1.1868
-0.60504
1.8397
-0.94606
-0.67364
-2.7541
-5.3219
-2.9858
-2.9006
-3.9689
-3.6895
-4.219
-2.9678
-3.98
0.24564
-0.91668
0.19286
1.3208
6.015
3.0524
4.4979
-0.23819
1.4699
1.2464
0.58333
0.42669
2.7116
2.6624
4.2871
-0.41607
2.097
0.16384
0.27139
3.7408
-3.0013
0.68968
-0.21999
0.69731
-0.87421
2.1476
1.7159
1.2184
2.5161
2.5395
4.616
1.0807
3.2997
3.6753
3.6545
2.184
-0.0029775
1.5517
-0.7968
-2.2702
1.1066
-8.0134
-4.1311
-2.61
-4.4548
0.3387
-1.7153
-0.7678
-2.3704
-0.93386
0.1906
-1.9343
-0.85254
3.9251
1.4414
-3.9002
4.5537
-3.8924
0.60787
2.0883
1.5316
-2.2644
-1.6798
1.6803
-2.5279
-3.1831
-1.7219
-4.2274
-4.5141
-3.3003
-4.29
-1.7182
0.69075
-0.67153
-0.72985
3.5114
0.31968
5.7395
-0.96188
6.6591
-0.27383
1.0693
1.8861
1.3015
-0.36055
1.9326
1.9062
2.1251
1.1034
0.30086
0.3735
-4.2179
5.406
-5.6853
-1.1307
-0.64814
-1.0598
-2.1408
1.1589
0.33273
3.4298
2.0018
2.1595
4.757
2.821
4.2916
3.5427
2.8079
1.7999
3.2246
3.1326
1.7199
-0.69315
-2.9105
2.3568
-4.1238
-3.5723
-3.9044
-3.2661
-1.9241
-0.90125
-0.78126
0.04362
0.77549
-5.2438
-0.48084
-2.8792
-2.4552
1.9523
4.1536
-1.9431
-1.9793
3.6207
-4.5343
0.52041
-0.49508
-3.1068
-2.8213
1.6014
-3.5058
-2.8793
-2.4261
-4.9371
-3.7788
-3.0185
-2.1557
1.1229
-1.6178
-1.0555
1.7282
-1.1289
0.73797
4.3303
2.318
1.9414
2.8518
-0.025515
0.11827
0.59727
1.4491
0.7658
0.94472
4.6209
-0.35107
-0.79885
-3.1587
-1.15
-0.83401
-0.83797
0.45649
0.15631
2.7301
2.8724
2.8107
3.5383
4.4331
4.2759
3.1605
2.7922
3.455
2.2848
3.4228
2.4097
3.3106
2.8005
1.3533
0.11997
-5.0356
0.82067
-2.377
-1.7978
-2.575
-1.3047
-1.651
-0.25343
-3.4702
-1.038
-1.6358
-1.086
-1.7636
3.5064
2.612
-4.6905
4.3484
-2.5366
1.44
0.015995
-0.43579
-3.6521
-2.5565
-3.4642
-5.6363
-2.3754
-4.6095
-1.7183
-2.7001
-1.2186
0.9134
-1.726
0.48618
0.26249
-1.6671
3.894
2.5392
1.4844
1.2797
-0.92851
4.4642
-1.8014
1.8559
1.3834
0.92636
-1.5948
-1.86
-0.84255
-4.3281
0.8136
-2.0599
-2.2729
0.32258
-2.2735
1.5053
0.87278
3.4422
3.5273
0.73523
6.8762
2.3751
3.7667
3.622
2.2044
3.2467
2.6165
2.8426
2.2053
5.284
1.0299
1.6334
-1.0938
-2.9671
0.35498
-4.6921
-3.9535
-1.4533
-2.154
0.3587
-3.4518
-1.4988
-2.3762
-0.79982
-0.66198
-2.8775
4.3535
-0.17637
-1.537
2.922
-1.0021
-2.0081
0.80923
1.3217
-2.0228
-2.7179
0.4297
-4.9602
-3.72
-3.5799
-3.9291
-1.1694
-2.7421
-1.5579
-0.44478
-1.5585
1.4412
0.6765
-0.088214
2.1953
3.658
2.1683
0.88331
4.4259
-0.9971
0.56634
0.51637
2.1201
1.316
1.1002
1.2533
1.1101
0.55517
-5.2489
0.70442
-4.7471
-1.3973
-0.70133
-2.3936
-0.73809
-1.5876
-0.09602
0.37488
3.0323
2.6667
4.1123
3.2753
4.4349
3.2452
4.5016
3.4362
4.7473
1.6838
2.7027
2.4169
3.6603
2.1154
0.98988
-0.78167
-2.1035
-1.8773
-6.3271
-0.90693
-1.0829
-2.1643
-0.77413
0.31995
-1.4983
-1.3723
-2.302
-1.2904
-1.8145
-0.83526
-1.5987
-1.7002
4.9061
0.059108
-0.44035
3.1408
-2.4529
0.32777
1.2462
1.5777
-3.1461
-2.1472
1.0419
-3.0753
-3.3441
-2.3862
-4.2911
-4.808
-4.0459
-3.6847
-3.3141
-2.8675
-1.6805
-0.87782
0.3838
-1.8569
0.35092
-0.24174
-0.37535
3.1513
3.346
2.9807
1.905
4.4166
-0.87871
1.021
1.5553
0.93741
2.6804
-1.3783
1.6727
3.8676
-0.88417
1.8408
-3.7689
2.0238
-6.4523
0.33301
-1.7215
-0.9486
-2.3758
2.122
0.41034
2.6722
2.1449
3.2001
2.2293
2.9592
4.613
3.3293
3.3813
2.1057
3.0004
3.4229
-0.54409
-0.4756
0.4081
-1.2356
-3.8671
-2.5202
-4.3563
-2.5687
-2.5336
-0.82868
0.20718
-0.18122
0.50798
-4.1743
-3.0075
-1.0387
-1.1445
1.4665
-3.4497
2.4014
-1.7415
-3.1235
0.89645
0.61414
-0.59198
-2.8254
2.3695
-4.7443
-2.8216
-2.0697
-5.7056
-5.2088
-2.0149
-4.2179
-0.704
-1.4213
-1.927
-0.30669
0.093055
-1.5028
0.77562
1.0542
0.66226
5.2552
0.7004
0.57446
2.1661
1.8099
0.90567
0.37633
1.6145
0.87912
-0.83232
-0.65605
-0.95732
-2.9036
-2.8785
-0.049739
-1.1596
-3.3172
0.12458
-0.20553
2.1078
2.4629
3.0155
2.5919
2.5294
4.6483
2.3757
6.144
3.5989
2.3774
3.0347
4.206
-0.48545
-0.40487
0.3225
-3.4593
-4.5278
-2.9632
-2.2151
-3.8212
-1.864
-3.0335
2.6502
-0.48888
-3.2556
-1.2555
-3.6151
-2.2401
-0.81322
1.5637
2.8566
-1.9579
1.7255
0.17474
-0.42988
-2.0913
0.62315
-1.1707
-2.3117
-1.2965
0.17768
-3.672
-3.2385
-2.5855
-6.4807
-3.4427
-3.4149
-2.2297
-1.7318
-2.1728
-1.346
1.0034
-2.2653
0.88093
-0.56538
-0.19522
6.1272
0.19135
0.89667
-1.1521
4.2228
-0.63388
0.15069
4.7543
0.62526
1.0425
-2.1843
-1.9199
-0.6581
-5.9196
0.93091
-2.178
-1.2932
-1.9912
0.87339
-0.077004
3.7554
1.3968
5.085
3.4288
1.6182
4.1576
4.367
2.8951
5.2503
3.8402
2.1789
2.5454
2.2322
3.8778
1.446
0.70134
-0.98283
-3.4151
-0.94498
-3.0365
-5.1199
-0.5874
-2.6377
-1.227
0.9339
-2.3199
-0.024428
-3.7276
-1.1195
-2.5641
-0.38961
-2.7431
-0.35436
-1.1638
-0.13029
-0.96887
2.1642
-1.3673
-1.3658
0.76856
-0.18995
-1.2549
-2.4266
1.6492
-3.9238
-3.4488
-1.7991
-4.4327
-5.0029
-4.0625
-3.1271
-2.3355
-0.83276
-2.0412
0.80037
-1.9893
-1.1111
1.5909
0.027674
2.8523
2.0997
2.4092
2.4048
2.6712
2.9465
-0.91088
1.2821
1.6205
0.33549
1.2949
1.9594
1.8943
1.2289
-0.88511
0.058954
-1.0911
-1.193
-4.3758
1.2501
-1.6268
-2.6919
0.70683
-0.86968
2.1058
1.1775
3.4336
2.3092
4.5811
3.4501
3.5676
4.3741
3.9417
2.1173
0.68722
2.8474
3.4669
4.1074
0.88166
0.77735
-1.9804
-0.54113
-0.38784
-3.9113
-4.3191
-1.1529
-4.2925
-1.8725
-0.16837
-0.62958
0.94126
-1.9031
-2.8336
-0.37339
-3.9127
-0.81211
-2.2027
-0.74956
0.60152
2.539
-1.9
-0.065943
-0.90072
0.36818
-1.8909
1.1539
-0.88875
-1.8236
1.3145
-1.0645
-4.5827
-2.7623
-3.4835
-4.3981
-3.7768
-3.4296
-2.007
-1.4958
-1.038
-1.281
0.15222
-2.2801
1.0337
1.0825
1.6682
1.9018
2.6214
2.7123
4.0117
0.7365
0.56281
0.93283
-0.055876
1.366
2.6535
0.88218
2.8396
0.40187
1.9118
0.8442
-3.8442
2.7846
-6.1416
0.65358
-0.26157
-2.9906
-0.61353
-0.16334
0.04141
2.2427
1.5426
3.4097
1.7255
5.0354
2.3453
3.9116
3.9436
4.1779
2.1747
2.2053
2.9087
2.7965
2.0114
0.51376
1.0063
-2.4919
-1.5645
-3.356
-3.1437
-4.3022
-1.8376
-1.8586
0.82062
-0.63047
-0.56937
-1.7432
-3.393
-1.6355
-2.4239
-1.0508
-1.5871
-1.7519
4.7692
0.00267
-1.867
2.5314
-1.8887
-1.3699
-0.33834
0.020548
-2.2938
1.3269
1.6531
-5.3058
-3.5414
-2.9987
-3.852
-3.3534
-1.8302
-2.2021
-2.4385
-1.8287
-0.83186
-0.31401
0.26645
-0.56967
-1.8289
0.84185
1.5873
2.4544
0.47672
5.1839
3.9284
0.4935
-0.43645
0.56336
1.6493
1.9939
-0.4965
3.7622
1.0944
2.3101
1.709
-1.9862
3.3026
-2.1363
-2.9039
-1.5097
-0.98115
-3.0603
-0.86675
3.0146
1.3362
-0.98229
2.5165
1.8128
1.5759
1.164
3.6651
4.3897
3.503
0.053066
2.2981
3.9105
3.3699
2.2588
1.5103
2.4593
2.6393
-0.76403
-5.8664
-5.6484
-3.9166
-6.0589
-0.11243
-1.9012
-1.0687
0.047437
-1.8732
-2.3939
-0.66946
-0.7224
3.0325
-0.13054
1.1059
6.2765
-0.90527
5.9251
3.3544
3.0825
-1.6799
1.8839
0.33007
1.171
-2.6008
2.8899
1.1463
-3.268
-3.1319
-4.8985
-5.0206
-3.7627
-2.3939
-1.8623
-2.9412
-1.9022
-2.7608
-1.5544
-4.1376
0.6634
-3.5678
-0.86595
-1.32
1.6023
2.1043
1.0473
3.1049
5.3249
1.3186
-0.029175
-0.42814
1.6913
0.56759
1.8137
0.52655
3.429
-0.38998
1.489
-0.99503
1.1013
-3.0558
1.7021
-4.7837
-2.4709
-2.763
0.72521
3.1353
-1.273
2.326
0.40828
1.6294
2.0141
7.6043
0.87743
3.3586
4.72
3.8133
2.3251
4.755
3.124
3.104
0.95624
2.9052
-1.1664
-5.3331
-3.2025
-6.0724
-0.516
-3.0122
-1.0553
-2.2114
0.83664
-3.0803
-1.3596
-2.0676
-1.5031
1.1677
-2.4132
2.7809
0.21588
4.3679
2.8561
-3.6774
1.8307
0.14884
2.1001
-1.8065
0.44123
-2.1679
0.77148
-3.0028
-4.3609
-3.8425
-2.9318
-3.4223
-2.7635
-2.9426
-3.2679
-3.38
-2.979
-2.1173
-3.9578
-0.63666
-1.588
0.097043
0.21441
3.4874
2.6503
1.563
1.2226
0.66576
2.6828
1.2627
2.4681
0.34325
0.69488
0.69488
0.22451
2.3195
-3.7831
-3.0951
-1.492
0.25246
-2.082
-3.5647
-1.4107
-0.88755
2.529
1.6363
1.0962
4.3821
0.56472
1.4636
1.8001
3.2169
2.8763
3.9186
1.081
3.3934
2.5696
2.795
1.959
2.338
1.4332
1.5092
-0.34526
-1.4158
-1.545
-1.2235
-1.2774
-2.0396
-2.6305
-2.0757
-1.8567
-1.5212
-2.1205
-2.068
-1.7435
-1.4358
-1.2975
-0.973
-1.229
-0.85079
-0.39252
-0.1159
-0.065195
0.15408
0.51615
1.1064
1.0257
0.99119
1.0155
0.82526
0.98505
0.81406
0.99866
0.87076
0.22694
0.36151
0.50353
0.076084
-0.60296
-0.27202
-0.21236
-0.64831
-0.88485
-0.61215
-0.48874
-0.54124
-0.21042
-0.48094
-0.76337
0.11902
0.2805
0.28796
0.041039
0.48979
0.49071
0.34367
-0.2455
0.1292
0.23518
-0.028455
-0.055501
0.026301
0.29201
-0.13301
0.060326
-0.088474
-0.089934
-0.3286
-0.41999
0.18095
0.09765
-0.19581
-0.024639
0.21842
0.039689
-0.11174
0.018029
0.15969
0.36907
-0.42665
-0.33441
0.47178
0.18621
-0.39981
-0.068842
-0.094061
-0.45004
-0.31348
-0.27605
-0.22461
-0.49728
-0.51367
-0.064737
-0.80299
-0.64815
-1.126
-1.1771
-1.0097
-0.95389
-1.2055
-1.3938
-0.72839
-0.98491
-1.0132
-0.57132
-1.1618
-0.92095
0.40092
-1.1182
-1.1815
-1.0764
-0.60652
-0.7977
-0.75179
-0.44306
-0.35715
0.17062
-0.56544
1.4297
2.091
2.7702
3.9422
2.0032
2.1748
2.9046
3.3931
3.8704
2.3368
2.0124
1.7102
2.6721
1.4898
0.89359
1.9707
1.7704
1.4603
2.7007
2.4038
-0.2267
-6.1618
-5.5647
4.0565
-6.438
-0.97399
-2.0527
-2.261
-2.5165
-6.1716
-4.0138
-1.455
0.81617
1.5177
1.4658
1.0232
2.4087
2.8273
3.2371
4.7026
2.2221
1.0875
2.0259
0.67648
-0.62722
-0.74835
-1.8869
-0.50911
-2.5838
-0.68727
-4.1621
-4.1488
1.128
-2.8429
1.0321
-2.8138
-1.0802
-2.2251
0.61855
-1.0693
-0.25288
-0.60173
2.5163
6.1038
-0.20006
3.3727
-1.9577
4.2798
1.0092
2.1896
0.58164
-1.2424
1.6557
-2.0776
-2.0478
-2.6944
-2.9297
-5.1213
-6.3364
-4.0311
-4.1582
-0.79915
-2.1343
-1.674
-1.4195
-2.0725
-2.4368
-1.4794
0.24418
0.076663
0.58511
2.5774
3.3838
0.68566
1.0069
3.5717
-0.84545
0.55022
1.0871
2.7789
1.1156
0.1805
4.0185
-1.1579
-0.076477
-1.6938
-2.7755
-0.80136
-4.0801
-4.9219
0.55698
-2.1608
-3.3359
-2.4265
-4.1307
-0.7745
-0.10575
3.5072
2.6751
2.5601
4.5906
0.63701
3.031
2.1284
3.408
2.6043
3.5671
2.758
3.7833
2.3078
3.3066
2.1305
2.0859
2.6275
2.1055
2.2522
0.24264
1.8189
0.79973
1.2808
-1.6763
-1.97
-2.7644
-2.0868
-3.3888
-1.8827
-3.1854
-2.7523
-2.7695
-2.7633
-2.6738
-2.264
-2.3327
-2.0804
-0.95432
-0.77702
-0.98956
-0.41718
0.38951
0.74845
1.2331
0.99131
1.2818
1.5192
1.4017
1.7114
1.5577
1.2473
0.40353
0.57134
0.47084
0.33017
-0.14104
-1.2949
-0.34351
0.36747
-0.28561
-1.0556
-1.1266
-0.9045
-0.70838
-0.69748
-0.45601
-0.14675
0.20363
0.34934
0.5739
0.60741
0.51164
0.39484
0.58021
0.19892
0.05923
-0.036435
-0.15338
-0.30017
-0.30147
-0.19536
-0.12342
-0.10033
0.034151
-0.025538
0.038053
0.1275
0.074699
0.25594
0.15732
0.046646
0.10013
0.064417
-0.019619
0.071612
0.13645
-0.049741
-0.24876
-0.24409
-0.045425
-0.23464
0.13123
-0.036387
-0.0138
0.062906
-0.10631
-0.042965
-0.067717
0.17461
-0.02553
0.0067795
-0.081039
-0.012614
0.10823
0.085462
-0.076181
-0.085821
0.0017782
-0.11107
-0.22906
-0.036838
0.059813
0.081626
0.00092795
0.068041
0.060056
-0.022843
0.043585
-0.10756
0.12208
0.0042606
0.051956
0.031412
0.010848
-0.052203
-0.041443
-0.11095
-0.065762
-0.035371
0.029707
0.022077
0.052233
0.060331
0.023911
0.022266
0.010047
-0.014531
0.063712
0.066806
-0.026141
0.025887
-0.012639
-0.10167
-0.052726
-0.057369
-0.019635
0.034457
0.023059
0.036597
0.023715
0.041115
0.012061
0.013493
-0.016726
0.0070685
0.051615
-0.01754
-0.006793
0.035951
0.02778
-0.066243
-0.082051
-0.030099
-0.055586
-0.068372
-0.065737
0.03241
-0.017434
-0.020213
0.073156
-0.0036925
-0.029226
0.0063815
-0.0018758
-0.05283
-0.023032
-0.0073124
0.060534
-0.059771
0.015458
-0.05271
-0.037198
-0.046075
-0.045572
-0.077243
-0.04053
-0.01464
-0.05885
-0.035592
0.022809
-0.029617
0.009353
0.0013505
0.027831
0.036758
-0.0034245
0.0001857
-0.00076655
-0.02436
0.029359
0.0036471
0.4455
0.62142
-0.0089277
0.17422
0.62819
1.0478
0.61895
0.71907
0.49634
1.0646
0.60031
1.0013
0.40617
1.043
0.7022
0.15049
0.81286
0.13027
0.57131
0.76198
1.4364
-0.62158
1.5307
0.20216
0.3552
0.70424
0.85297
0.61523
1.0456
0.22184
0.04953
-0.10241
-2.0567
-1.4902
-1.5386
-1.5204
-5.0765
-2.2742
-2.0829
-2.3765
-4.3204
-1.4649
-3.7041
-0.69539
-2.8179
-0.76314
-1.6025
-1.3684
-1.6328
-2.2046
-2.1749
-1.3471
-0.57501
4.3454
3.3058
-5.3483
12.096
-3.123
6.652
6.6831
0.25371
0.83826
2.5282
0.61732
1.5047
2.4521
1.7038
0.27144
-1.5496
-1.0665
-2.2233
-1.7568
-2.1555
-2.1149
-2.3327
-0.74665
-2.3532
0.49341
-2.9708
-0.67567
-1.1175
1.0348
1.5143
1.835
0.94057
0.62456
2.3203
3.729
-1.3302
0.26151
1.0099
2.4177
-0.54238
-0.24186
1.0762
-3.3355
-4.3178
-3.4681
-0.30834
-2.6026
-2.7989
-1.4124
-2.8165
-2.9786
-4.8731
-1.7028
-2.8113
-1.9483
2.4188
4.7237
4.8535
8.284
0.52001
0.96511
3.8017
1.8756
3.0704
4.6116
3.8053
1.7007
2.1807
0.93616
-0.23861
0.23222
0.044565
-5.3724
-1.3417
-0.65636
-0.77431
0.65592
-1.6368
-0.4826
-0.28979
-0.98631
-0.32593
-0.17303
5.593
4.5073
0.44278
7.3774
-0.59421
1.5728
3.607
4.3435
0.66145
-0.88928
2.0197
-2.9973
-1.408
-0.62275
-5.8028
-4.9177
-4.2763
-5.1514
-3.1531
-3.2086
-2.5942
-2.267
-3.9381
-4.4121
-2.888
-1.6934
-0.52862
-0.12616
-0.82551
-3.4311
-4.9371
-1.2369
5.5796
2.572
3.2106
2.6135
-1.0771
-1.5778
0.062758
3.3531
-3.7118
-1.7557
-0.087191
-0.2588
0.91069
-0.69645
-5.3093
-2.7829
-0.49558
-0.73004
-3.5062
0.45903
0.69599
1.5781
5.087
2.2621
6.5542
3.4673
4.6936
3.5736
4.2304
2.8648
3.1354
4.1798
3.1177
2.7738
3.8141
0.55496
3.108
-0.55183
1.0946
2.7833
-0.95436
-8.8474
0.96647
0.54055
1.7944
2.4365
-2.5885
0.4101
2.4138
3.3112
2.817
3.335
6.3131
3.6574
1.889
1.1907
3.7201
7.5765
3.9998
4.5335
-1.8776
-1.5033
-4.6607
-3.9663
-5.1086
-1.9457
-6.1081
-4.0341
-3.838
-2.4488
-2.6474
-4.0193
-5.3489
-4.5917
-5.0597
-3.8395
-1.577
-1.1166
-0.15316
-2.8399
-4.3997
-0.54657
-4.1496
-4.3973
-2.7746
-3.8801
-1.1013
-1.3041
4.5493
1.3007
-2.6244
-7.5775
-4.9104
-6.8567
-4.8235
-3.6453
-3.1038
-3.172
-5.146
-7.5281
-3.3036
-2.5091
1.2789
-1.4147
0.31319
-3.2377
-5.3647
2.05
-1.7242
6.0588
5.3071
0.71555
3.6486
4.745
4.6997
3.286
4.0794
3.1293
2.9557
2.2485
2.9771
2.046
2.3499
3.7345
4.2369
3.6933
4.7981
3.7464
3.8111
2.5133
3.7274
3.9625
4.2451
4.5231
3.7926
3.9425
3.4598
3.7305
3.7392
3.8244
3.1574
3.8527
3.62
3.4542
2.1671
2.6683
1.6841
1.9138
0.30964
-2.3138
-0.91023
-2.4102
-3.3654
-4.3224
-4.9536
-2.5218
-4.325
-3.9298
-4.0299
-3.2343
-3.6874
-3.8233
-3.3749
-4.7875
-4.5752
-4.1126
-4.4667
-3.9042
-4.2651
-3.9276
-3.3608
-3.4264
-3.058
-2.6035
-2.1514
-0.71064
-1.9798
-1.2886
0.0044657
0.59614
1.7924
1.6057
2.5885
3.0327
2.2775
3.1995
2.341
3.1202
2.317
3.1547
3.0823
2.5531
2.7925
2.8856
3.1051
2.84
2.1841
1.6956
1.9573
1.9544
0.8714
0.35948
0.10903
0.063327
-0.66107
-1.0115
-1.5077
-1.3631
-1.3881
-1.548
-1.8056
-2.1012
-2.1608
-1.7853
-1.9818
-2.0458
-1.6498
-1.2697
-1.3022
-1.0028
-0.84751
-0.59647
0.19062
-0.41343
-0.45303
0.021903
0.71938
0.88411
0.84501
1.4357
1.5186
1.4642
1.3057
1.2059
1.1602
0.92586
0.36938
0.32914
-0.021847
-0.2213
-0.45036
-0.53626
-0.591
-0.79963
-0.71955
-0.80265
-0.67429
-0.57847
-0.52154
-0.29623
-0.10865
-0.052296
0.22945
0.27655
0.42351
0.55489
0.57929
0.62299
0.63489
0.48204
0.39364
0.17159
0.0098135
-0.12885
-0.21325
-0.3709
-0.30392
-0.34974
-0.34547
-0.31384
-0.28761
-0.23915
-0.2254
-0.10884
-0.002384
0.085116
0.22409
0.28236
0.28629
0.29318
0.2105
0.14497
0.18295
0.0046226
0.02547
-0.070221
-0.14593
-0.092779
-0.13217
-0.22233
-0.16112
-0.14114
-0.15253
-0.10165
-0.036244
-0.020758
-0.010284
0.030745
0.074341
0.059777
-0.029379
0.15474
0.065932
0.071762
0.10693
0.066861
0.062036
0.0083442
0.010299
-0.027206
0.012498
-0.020751
-0.02954
-0.001224
-0.011469
-0.011196
-0.042703
-0.031012
-0.036096
-0.033251
-0.054067
-0.0050182
-0.0081157
-0.01162
-0.014358
-0.007739
0.013893
0.0017683
0.019233
0.034653
0.029383
-0.040006
-0.018752
-0.034313
-0.012493
-0.081484
0.10434
-0.079162
-0.01792
0.019598
-0.030139
-0.029128
0.018121
-0.02602
-0.062441
0.017379
0.019463
-0.013621
-0.012484
0.035524
-0.023799
0.0011185
0.031987
0.0089344
-0.0011654
-0.070021
-0.044887
-0.012788
-0.028247
-0.072188
-0.055862
-0.04277
-0.042223
-0.093882
-0.042601
-0.037732
-0.058797
0.0066319
-0.023453
0.00069552
-0.0062875
0.0033739
0.047332
0.034162
0.0019562
0.025519
-0.0074944
-0.01416
-0.011806
0.00062662
-0.028571
-0.01659
-0.019673
-0.010915
-0.016031
-0.0045266
-0.050651
-0.0063197
-0.037688
0.039059
-0.033447
-0.011767
-0.02152
-0.035668
-0.003314
-0.008932
-0.025727
-0.0019376
-0.04042
-0.027813
-0.012152
-0.0081388
-0.020959
-0.017589
0.0043988
-0.028579
0.072411
-0.049447
-0.030615
0.04156
-0.059628
-0.049337
0.012881
-0.044075
-0.02921
-0.015999
-0.016599
-0.019644
-0.051454
0.012469
-0.021556
-0.011552
0.0038308
0.0069529
-0.010748
0.00067788
-0.011563
-0.027237
0.018736
0.0036099
0.0038097
-0.0058575
0.015178
-0.022812
0.0162
0.0091366
0.013057
-0.11232
0.1364
-0.16322
-0.0019203
-0.10175
-0.3385
-0.51227
-0.71349
-0.78881
-0.034425
-0.84098
-0.5504
-0.54164
-0.83315
-0.53583
-1.0475
-1.3402
-0.88848
-1.5664
-1.0554
-1.1635
-1.2093
-2.2031
-2.0866
-0.34318
-0.85658
-0.77675
-1.3503
-1.3825
-0.07052
0.59833
1.2411
1.4567
1.2451
2.8359
2.7586
3.0416
1.5884
2.1091
3.9055
2.6476
1.7756
1.7061
1.7189
1.6973
1.3078
1.7482
0.60813
0.17387
3.4281
-1.0966
3.1478
1.8038
-0.14153
-2.421
-4.0302
-2.0114
-3.1093
-0.12392
2.0459
-0.60002
-0.26034
-0.89601
2.5401
3.1572
1.5304
2.256
2.38
2.4749
3.3498
2.1046
0.19413
2.4534
0.11897
-0.004035
-2.5987
0.0677
-1.5793
-5.4844
-2.7566
-6.1719
-1.5079
-0.71698
-4.1346
4.1281
-1.8093
-2.6127
-2.2958
-0.98018
-2.1739
-1.5625
-1.7505
-1.7349
-2.0521
-0.27469
0.6984
-1.1367
-0.39132
-2.4761
-2.0246
-1.3317
-0.26063
-3.8372
-5.2191
-3.8818
-2.0689
-1.8089
-2.3211
-1.8563
-1.8684
0.034706
0.3459
1.2659
1.7431
2.3489
1.9107
5.3722
-1.0981
5.5775
3.1066
0.79895
1.6853
2.0887
3.2312
1.6606
2.7269
0.09857
1.7491
3.4887
-1.358
3.3528
0.36809
1.539
1.5528
0.3761
0.36875
2.1311
1.6468
1.9309
1.3421
3.029
3.6379
2.3389
1.1546
-0.9875
0.39304
-0.70555
-0.21496
-2.5129
-3.6625
-4.9026
-1.3734
-5.3097
-1.8996
-1.4113
-2.8482
0.2576
-3.1087
-0.98122
-2.0898
-1.8597
-0.52773
-3.8914
-0.21451
-2.2768
1.604
-0.75018
-1.2239
-2.8092
0.63994
-0.40976
0.13747
-1.5722
-2.8349
0.62609
-3.6737
-3.4241
-2.8346
-2.8467
-1.836
-0.72823
-1.8909
-0.57705
-1.5612
-0.34041
0.50991
3.0414
-0.16739
4.4447
3.7313
-0.20159
0.79622
2.5218
0.07128
2.394
2.0931
0.57869
2.1532
1.6782
1.7022
1.0298
4.4117
-2.225
3.6208
-1.6177
2.0906
0.53019
2.1127
1.0811
2.7318
4.2139
1.144
3.0143
3.0897
3.1044
0.41257
0.14371
0.92235
0.073499
-1.187
-1.7187
-0.72672
-1.401
-6.7473
-1.8378
-3.2669
-2.176
-2.2738
-2.6583
0.049917
-2.0567
-3.1164
-0.11623
-2.3636
-2.3454
-1.4041
2.094
1.3339
-4.1223
0.57137
-2.7036
-1.5045
0.88604
0.52611
-5.2459
-2.8146
-3.8827
-2.0147
-1.7674
-1.2068
-2.0144
-1.3648
-1.3885
0.9261
0.98763
1.5995
2.1296
2.4867
4.8236
0.32078
3.5816
2.9683
2.3552
-0.14355
3.3219
0.94013
2.1425
-0.19213
2.6574
1.718
0.71055
1.6865
2.1635
1.9983
2.2003
0.15596
2.8124
-1.6263
1.7816
-0.98837
1.4215
0.59031
1.329
2.3081
4.6884
0.58189
4.0455
2.3769
0.56583
0.64857
0.21803
-0.56455
-2.047
-0.68804
-1.1012
-2.1094
-5.2765
-3.1482
-1.8428
-4.7737
-1.8237
-4.2313
2.4671
-3.4436
-0.9694
-0.62265
-1.6881
-1.4946
-2.0661
-2.0482
-0.94247
-3.1703
-0.68998
3.2768
-0.60995
-4.5001
1.177
-3.2028
-0.98104
1.814
-0.93296
-0.7102
2.4143
-4.2482
-1.9726
-4.7847
-3.0918
-3.0053
-1.9393
-1.1635
-1.8803
-1.1232
-0.43718
-0.18432
0.122
0.022823
-0.38609
1.425
2.7504
1.2268
1.9414
5.8666
2.7967
0.6546
-1.7024
2.6374
1.8441
-0.29341
2.1302
3.142
1.3505
1.6596
0.24936
1.8679
0.90549
-2.6177
0.32231
-1.9832
-1.7195
-0.5239
1.6806
-0.19348
0.5973
1.9839
0.18718
4.4258
5.0089
-0.36991
3.721
5.934
2.2965
3.46
2.1694
4.8051
3.5165
0.15447
0.33042
3.8045
-6.5204
-2.8682
-6.0621
-1.4532
-3.9455
-1.1932
-2.6315
-1.1236
-1.5828
-0.50575
-2.6852
-1.7136
0.066545
-0.59835
0.096055
-0.49764
-4.1373
-0.63594
2.6712
3.3247
-1.2911
-2.3122
-1.8324
0.44166
-2.2304
-3.978
-0.90023
0.24272
-2.5276
-2.43
-4.0968
-2.6659
-3.2325
-3.2097
-2.1766
-1.7021
-3.1844
-2.7552
-1.6358
-0.30516
0.92731
0.36481
1.4756
0.53141
4.7143
2.028
3.3633
4.0006
2.1374
1.9014
1.9154
1.0665
1.549
0.40157
2.5941
1.717
1.9547
2.6576
2.2766
4.6301
-1.208
-1.3008
1.6434
0.39494
0.97212
4.4157
1.4813
4.1293
0.39812
2.1929
2.9584
0.28826
3.7327
3.6588
2.3178
0.15009
0.8173
-1.0241
-6.7262
-6.812
-6.3464
-1.6264
-1.5287
-2.1664
-0.85445
-1.5018
-1.7946
-0.91522
0.0087821
0.72171
1.6218
3.4547
-0.042853
-1.3798
-1.9606
-0.47305
-0.21339
-3.2071
-3.4716
2.3755
-3.1863
-2.9175
-1.9141
-3.2328
-4.32
-1.7187
-1.967
-2.6539
-0.82557
1.6907
0.20351
2.9127
0.39793
4.465
2.9509
3.0161
0.86989
-0.050496
2.961
0.28124
3.2999
2.534
3.0617
2.7875
3.4713
0.4591
2.1419
-0.66867
1.4326
-1.9902
0.22598
0.42231
1.3055
2.727
0.45708
2.8954
2.2927
2.2958
2.451
1.3952
2.8419
1.4937
-0.60734
0.45525
-5.6928
-5.8629
-2.345
-2.687
-0.61912
-1.4507
-2.2418
-1.9183
-0.93247
-0.8963
-0.53776
1.3436
-2.2769
-2.416
0.81625
4.9309
3.2442
-3.4134
-2.2552
-3.5528
-0.87074
-0.38707
-3.2304
-2.0698
-2.9417
-3.3672
-3.5668
-3.8068
-1.4808
-2.4589
-3.7292
-0.83738
-0.24594
0.65715
0.55935
4.7395
3.1214
2.3091
1.2183
1.7911
2.0593
0.48014
1.8007
1.4855
1.6715
1.4204
4.4879
1.1625
5.6476
-0.99963
4.2283
-0.51752
-0.92091
1.5866
1.3629
-0.49496
1.7696
2.1084
1.8198
1.8359
1.4628
3.0224
2.1307
1.7546
2.1825
2.1867
1.9431
0.66093
0.55245
-5.8116
-4.6645
-2.0527
-2.5368
-0.096027
-1.9009
-1.8008
-2.6347
-0.72403
0.30759
-1.0666
3.2008
-1.9399
-0.5432
4.4269
5.7622
-4.8161
1.9934
-1.7911
-2.9579
-2.4706
-2.1769
-4.5916
-1.8786
-3.5156
-3.0272
-5.0571
-1.9015
-2.4408
-1.5168
-3.3527
-2.5308
-0.104
1.5548
2.1632
1.5821
2.2571
5.2788
1.7845
0.70141
0.99026
1.3288
1.3674
2.3223
0.89281
2.2153
0.55371
1.748
1.027
4.3914
2.1769
-3.528
3.3601
-1.1125
1.331
0.29268
0.80112
1.9174
1.3438
1.2818
1.9896
1.5733
2.2963
2.0107
3.6804
1.9991
0.34009
-0.98122
-0.31898
-2.8757
-5.2811
-3.68
-4.5146
-2.5167
-1.7219
3.3167
-1.4273
-3.3893
-0.89164
-2.6087
-1.3085
-2.3191
-1.3965
-1.1558
1.9269
2.975
-0.70135
-1.4419
1.6488
1.0279
-4.9151
-1.158
-5.7701
-2.7357
-2.9464
-4.0305
-3.4027
-2.1035
-2.5483
-2.2319
-2.6509
-1.8851
-0.80415
-2.6068
1.368
0.39095
2.0679
1.5424
2.9245
2.3383
2.6954
0.97087
-0.26002
1.2059
0.62577
1.9183
1.8348
1.8465
0.83266
1.9495
-0.56777
-1.9091
-2.6248
2.6199
-1.1733
-2.5474
0.73233
0.64248
1.4398
-0.60013
4.2651
3.1003
4.3117
1.3625
2.5563
1.509
1.6092
2.9087
0.17823
-2.1116
1.139
-1.8143
-2.0791
-3.8911
-1.9744
-3.2546
-1.8391
-2.5685
-1.2067
0.26681
-2.3346
-1.6828
-3.0822
-0.13078
-0.75559
-1.4577
0.75784
-1.6085
-3.7155
0.57441
-0.86583
-2.2137
-2.3298
0.84449
-1.9931
-4.3944
-0.54665
-4.1419
-4.3969
-1.5524
-0.34953
-1.8876
-0.68477
-0.10458
1.1064
0.3972
3.7576
2.5455
0.90784
3.5496
0.56507
2.5725
0.52769
0.77269
0.15732
2.7974
0.33885
0.85797
3.3117
0.40279
0.32298
0.10791
-0.8478
-2.349
-0.87902
1.1341
-1.1594
-2.9152
2.0466
1.9973
2.5243
3.4896
3.9805
2.1292
5.1697
2.0901
1.9363
2.7833
2.5953
1.8062
0.52293
0.41908
-1.4734
-1.902
-1.7414
-4.3312
-0.42128
-4.7467
-0.83295
-0.44591
-1.748
-1.3097
0.69564
-4.1194
-1.4058
-1.0189
-2.9399
-1.0774
-2.7325
-1.7248
2.4958
-1.8062
-4.1515
0.86092
-0.0062096
-2.6472
-0.74371
-1.5463
-4.9838
-2.2407
-4.2025
-3.7283
-2.4772
-3.4813
-1.4902
-1.4047
-0.51177
-0.60002
-2.0887
0.026261
0.9034
0.93437
3.6072
2.9802
0.87533
4.3725
-0.029416
2.6972
-0.56526
0.52621
1.8825
0.26876
1.7508
1.624
3.16
1.4114
1.1532
0.60485
-0.12222
0.55932
1.5604
-3.6747
-0.11203
1.4946
3.0528
1.9757
1.6393
1.4762
4.7014
3.0525
4.0043
2.4359
2.582
2.1066
1.7273
2.7653
0.38206
-0.67746
0.07696
-0.88104
-2.084
-3.1951
-3.2583
-3.7685
-1.9273
-1.5827
-1.7901
-0.18139
1.289
-3.7986
-1.4127
-2.6993
0.04142
-2.0521
4.5249
-1.7649
1.1129
-5.7869
-1.2351
1.4365
0.65763
-3.0259
0.77109
-0.8901
-5.6726
-1.4148
-3.2178
-4.8071
-3.7578
-2.424
-2.8743
-1.0671
-1.5438
-2.0798
0.86304
-1.8141
0.85951
0.50499
1.2747
3.2862
2.8439
2.0469
2.498
2.5994
-0.012491
0.43593
2.4718
0.54452
2.9217
1.8436
1.2064
-0.71475
-0.49109
-0.89246
-2.306
3.4587
-2.9762
-1.4758
0.93408
0.82596
2.2975
1.6594
2.0039
2.9468
3.8675
3.3746
3.2054
4.0617
3.3689
2.1196
1.7024
1.1951
1.9195
2.4674
0.57403
-0.98844
0.91055
-2.3897
-1.075
-5.004
-3.1346
-1.0003
-1.8071
-0.96786
-1.1024
-0.76868
-2.4504
-2.9346
-2.6754
-2.574
3.743
2.3554
-2.6982
-0.58255
-1.6121
-5.6949
2.1127
1.1015
-1.3181
1.3147
-0.71957
-5.7539
-2.5585
-3.0835
-4.0353
-3.337
-3.0281
-2.8316
-2.0559
-1.3926
-2.005
-2.1645
0.53263
-0.53448
1.3445
1.4256
3.2057
3.1167
1.3419
2.8343
1.9143
-0.72077
2.0029
1.2407
0.18041
1.634
0.70946
1.3991
-3.1034
0.17144
-4.2648
3.055
-1.477
-2.6844
0.6509
1.2869
1.1855
3.3446
3.2295
2.5956
1.6653
5.1655
3.4121
4.2464
2.2732
2.8045
1.024
3.1306
1.3964
3.4792
1.3198
-0.55086
1.357
-2.6398
-1.3876
-2.7742
-3.2175
-4.4339
-0.4694
-0.84507
1.4236
-5.0155
-0.57384
-3.8433
-1.8781
-3.7355
-2.3984
3.6718
-0.32133
-3.4878
0.68781
-3.7303
-3.3616
1.777
0.30353
-1.9094
-0.2814
-0.072139
-3.3195
-3.7457
-3.7943
-4.0559
-3.2621
-1.375
-2.581
-1.6048
-1.8282
-0.43526
-0.009082
-2.0902
1.709
-0.41396
2.3975
2.8782
3.3641
1.4237
2.7044
2.5059
0.31963
1.7202
2.1236
-0.017881
-0.029297
1.4544
-0.54091
-0.44483
0.402
-4.0089
2.4146
-1.7295
-2.6916
1.132
1.5805
1.6763
1.8315
2.4005
0.76443
4.2334
3.4404
3.1471
5.696
1.783
2.7323
1.7149
2.1689
2.6469
2.6367
0.72053
0.72745
-0.2986
-1.6541
-1.5894
-3.3955
-2.0479
-1.3904
-1.5989
1.7861
-3.468
-1.4281
-2.509
-3.6285
-1.0718
-1.8174
-0.81222
3.9261
-0.079458
-2.4099
0.67404
-0.24964
-5.1458
3.0129
0.23548
-1.9466
-2.4496
0.64487
-3.5105
-3.4845
-1.6276
-4.0889
-3.816
-4.1427
-3.5645
-2.3586
-1.7779
-0.67732
-2.3143
0.30255
-0.52443
0.9274
0.67098
2.6081
0.81209
0.68952
0.56146
0.31367
1.7278
0.92215
2.2619
1.4258
0.91588
-0.14799
0.51897
-3.5256
-1.7713
0.30416
0.92824
-3.7926
-0.34969
1.2397
1.4018
3.343
1.7235
3.9399
0.033301
6.6766
2.4457
4.5846
3.2609
3.1481
1.776
1.1996
2.0334
3.4133
3.4905
1.0614
0.37397
-2.509
0.14821
-1.9187
-5.8014
-1.7519
-4.3914
-2.4688
3.2726
-3.7996
-1.8485
-2.509
-4.1699
-1.3169
-1.8888
5.6135
-1.624
-1.4903
1.1305
-2.8358
-3.5501
1.9277
-0.58962
-1.6716
-1.8897
0.63247
-5.2082
-2.9532
-2.9152
-4.8033
-3.1485
-3.0716
-2.3017
-1.5727
-0.39927
-1.3118
-1.8408
-1.4002
-0.23081
0.76802
0.50985
3.1751
0.88493
3.3201
3.9741
-0.827
3.6691
-1.7973
2.3261
0.4329
0.27908
2.8436
1.2149
-2.0034
0.4327
-3.72
2.3653
-0.19452
-3.6461
0.51752
1.0215
2.2075
2.3293
2.1382
1.7764
3.8846
3.7667
2.787
4.5195
3.3065
2.3771
1.6829
1.2916
2.8427
3.1399
0.22107
1.4852
-0.85518
-1.7344
-1.3706
-3.2755
-4.2286
-3.6783
-2.1748
-0.90839
-0.81019
-1.6466
2.2819
-1.5627
-1.8281
-2.8087
-3.6453
-1.7674
3.2065
2.1865
-3.291
-3.8671
2.102
1.1675
-1.0024
-0.61845
-0.72085
-4.2828
-2.9646
-3.5071
-3.8391
-4.1049
-3.122
-2.588
-2.2295
-2.0695
-1.4697
0.60023
-1.1053
-0.77996
0.063905
1.6068
3.5248
2.3157
4.1613
0.16084
4.0815
-0.43458
-0.65043
2.0627
1.1762
1.2297
0.91493
1.9619
1.5979
0.93767
0.9346
-0.27163
-0.64381
-2.2893
0.055947
0.12067
1.8106
2.0624
2.2396
0.50199
3.8868
4.1234
2.0942
4.2679
2.9548
2.7189
1.9729
2.4029
1.9537
2.9275
-0.36734
1.2273
-1.0961
-1.6767
-2.325
-3.8581
-3.9264
-3.5972
-1.1863
-3.1836
1.0218
1.2255
-1.3283
-1.9094
-1.513
-4.6159
-0.26997
-2.1287
-1.3244
-0.48902
4.1566
-1.3578
-0.69788
1.5283
-1.9652
-3.9629
-1.7514
0.29547
-3.7921
-2.7356
-3.4321
-5.7261
-2.5184
-3.6773
-0.55272
-0.85011
-2.728
0.94453
-2.8287
0.64862
-0.41712
0.94951
1.9783
2.1461
3.203
3.006
0.18048
3.3431
-0.61647
0.68201
1.0637
0.75976
2.2129
1.1394
0.99987
2.5134
0.26452
-1.1483
0.52201
-3.3234
-1.3593
1.7794
-1.43
-3.3104
1.5764
3.3565
2.1438
4.0753
3.7777
4.0767
3.8767
3.3115
2.1734
0.78032
3.1193
1.7756
3.9138
1.8915
-0.032954
-0.21402
-1.253
-1.221
-2.1576
-4.9401
-2.9397
-3.6208
-1.6596
-1.4796
1.6517
-1.0432
2.2839
-1.3916
-4.7275
-2.1475
-2.0836
-1.5633
2.0776
0.89567
-0.57959
-0.30298
0.34153
-6.0216
-2.0105
0.27875
-2.4053
-3.7827
-1.6168
-4.8598
-3.1252
-3.6421
-3.3182
-2.0552
-2.1574
-0.86059
-2.4707
1.4719
-0.27709
-0.33419
2.7787
2.5443
2.7414
2.2389
2.8897
0.17099
1.2917
0.57606
2.3317
-0.25689
2.2183
1.5078
1.3734
1.9656
0.24126
2.6161
-2.0738
1.4818
-2.1596
-1.9521
3.1563
-3.4223
3.0901
1.9871
3.1639
1.1757
4.457
2.2995
4.4257
3.3502
2.7807
1.5024
0.29648
2.8305
-0.82138
-0.31191
0.041086
-2.9076
-1.0456
-6.5812
-1.1294
-5.7668
-0.97899
-0.13478
-2.1551
0.74537
0.33976
-2.5145
-1.2466
-2.5157
-2.5474
-2.3475
-1.7774
0.19446
3.3376
1.4446
-3.0856
2.2467
-2.844
-4.2524
4.0595
-0.36342
-0.58541
-1.6812
1.4688
-5.744
-3.2188
-3.5612
-3.3065
-1.9762
-3.9823
-3.0079
-2.5079
-1.5101
-1.4979
-0.18795
-1.4723
0.83846
-0.38612
0.55943
1.7493
3.2329
1.7139
3.1697
1.1499
3.9577
-3.0011
1.9848
1.3792
0.97543
-0.63069
3.1852
0.87675
1.6016
0.67446
-1.224
-2.0112
-0.66526
-3.7634
2.8167
-2.5692
-3.0209
2.0896
2.3653
2.1229
2.543
4.2551
3.8282
3.8187
3.7353
1.3359
2.8482
2.1056
2.1905
4.0599
0.70617
-0.095736
-2.0827
-0.81484
-2.4073
-3.2414
-5.2412
-3.2663
0.057777
-2.2623
0.75091
0.84586
-2.1102
-2.8525
-0.79135
-3.9989
-1.5236
-1.1731
-2.1529
0.52149
1.7484
-1.6952
0.20852
0.55451
-1.1231
-4.0487
0.92531
-1.2206
-0.79178
-1.7138
0.97283
-4.5415
-2.1444
-3.4394
-6.2501
-2.5309
-3.875
-1.829
-0.45694
-1.7301
-2.0174
1.6228
-3.8212
3.2346
-1.4818
3.852
1.0137
2.9161
3.5512
1.5645
2.0211
-0.54172
2.4138
0.85459
1.0352
0.70318
2.4497
0.75181
2.3094
0.34631
1.1416
-0.49947
0.16843
-2.3133
-1.6943
2.7045
-4.3443
-1.5421
1.8263
1.2126
2.1484
1.8822
2.5642
1.0999
4.799
2.5204
4.5339
3.6374
3.0408
3.2834
0.9028
1.5155
3.8079
2.5671
0.26974
0.77133
-1.9279
-0.2401
-2.2106
-7.35
-0.86597
-5.5148
-1.4683
-1.1185
-0.65008
-0.25538
2.0505
-4.0155
-4.0574
-2.961
-0.404
-2.8735
-1.392
5.0729
2.5563
-3.9736
2.135
-1.7887
-6.1248
3.4194
1.6013
-0.25517
-2.0801
1.347
-4.8655
-3.6589
-3.7998
-3.9076
-2.4622
-4.1236
-2.8787
-2.1451
-2.4424
-2.2399
0.81142
-2.2681
0.69262
-0.50756
-0.40022
0.95815
3.1714
2.5637
2.2872
3.649
2.1516
-0.34135
0.79355
1.6727
0.3139
0.73613
2.2113
2.0045
-0.33976
-1.3082
-0.73998
-4.0875
0.033977
-3.7594
0.056408
1.0871
1.8196
2.3502
2.209
1.9016
2.8273
4.157
3.8116
3.2197
3.4852
0.6414
2.6744
2.0116
4.6152
1.2944
-0.010856
0.76393
-5.1514
-3.1431
-3.0611
-2.5818
-0.3687
-0.056198
1.4716
0.32433
-1.9766
-4.1828
-2.498
-1.0718
-2.8
1.7913
2.8265
-0.82005
-1.653
1.2823
-4.3871
-1.3017
2.4454
-0.39361
-2.6292
-1.4675
0.067255
-4.8015
-2.2463
-2.3419
-2.5587
-3.2055
-2.206
-1.1448
-1.6077
0.35998
-1.4858
0.41657
1.6287
2.5341
2.0066
2.558
2.5839
1.9474
1.2913
-0.52925
1.9507
2.2858
-0.14465
1.1118
3.412
1.1253
0.36592
-1.3434
1.5171
-2.7781
-2.3178
1.0209
0.62459
2.5539
1.653
2.5747
2.0185
5.433
2.9746
5.1575
1.892
4.1174
2.3522
2.1846
1.6755
1.987
5.0821
-0.21509
1.2535
-1.9298
-0.27313
-2.6389
-3.6501
-4.0973
-4.2229
-3.6231
0.097025
0.52515
-1.2042
-3.4766
-2.7407
-2.9238
-0.95315
3.9745
2.5614
-3.9034
0.9233
-1.0437
-5.0667
3.918
-0.29809
-1.4374
-1.2612
1.0701
-5.921
-2.5722
-2.8761
-5.2933
-2.8743
-3.3437
-3.014
-1.4053
-1.4112
-2.3938
0.2993
-3.1245
0.70468
-0.38871
0.27241
2.0765
2.5077
0.78578
4.1921
-1.6119
1.4732
0.61489
0.56947
2.9543
1.48
0.81976
1.8259
-0.32304
-2.0068
1.3511
-5.1316
2.5584
0.34733
-4.3839
0.73422
0.87334
1.547
2.6816
2.585
2.0273
3.4858
4.43
2.0341
4.545
3.1598
1.4987
0.69518
3.4039
3.0767
-1.5418
-1.0513
-2.9395
-6.2414
-1.4515
-5.0409
1.0991
-3.0893
-0.11713
-1.2577
-3.454
-1.2831
-2.7393
-2.6114
-0.64399
-2.0757
0.029594
5.0414
-3.914
-0.58334
1.2464
-4.1682
-0.48835
1.205
0.73024
-0.35048
0.31845
-2.6511
-4.2322
-3.1021
-3.3766
-3.7103
-4.3263
-0.67214
-0.84449
-1.5594
-0.73235
0.96754
-1.1216
1.1761
3.2607
3.8391
2.2071
4.7569
-1.4299
1.7171
0.99555
0.91637
-0.1008
1.7786
2.5237
1.8451
0.018341
2.9756
-1.8305
-0.76763
-0.84417
-2.7156
3.3137
-3.2135
-2.0172
0.99554
1.0564
1.7216
2.2082
1.8054
1.8594
4.635
2.6099
5.2705
1.9003
4.0251
1.5247
3.8004
3.0521
0.33071
1.031
-1.8005
-1.2038
-0.55909
-2.4423
-3.9985
-1.3996
-3.3368
-0.32062
-0.32212
2.7948
-4.2994
0.535
-4.3993
-2.0386
-2.2894
-1.9091
-0.92835
4.1864
-0.40016
-1.8687
0.99691
-1.7119
-4.8562
2.7466
1.3267
-1.8489
-1.3814
1.1702
-4.7182
-4.5411
-4.424
-2.0444
-3.1842
-2.8413
-2.2339
-2.5218
-1.089
-0.16801
-2.5225
1.0871
0.15365
-0.38422
0.96797
3.4249
1.5157
3.021
2.1993
3.8872
-1.5771
1.2953
1.1258
0.91116
-0.24818
2.8702
0.27171
-2.9208
-1.1133
2.3183
-1.2239
-2.9337
-0.78932
1.1348
1.2084
2.9031
2.9203
0.88615
3.5695
5.3016
2.6553
4.382
3.4587
2.7836
2.7686
1.3453
1.8784
5.1797
2.8603
-0.01174
0.67825
-1.9385
-0.77506
-2.2427
-4.6483
-2.9731
-3.8562
-2.0022
-0.93388
-1.5967
4.011
-1.5335
-2.3016
-1.7164
-4.5573
-2.04
-2.8492
-1.1569
-0.53187
5.4008
-2.2932
-1.7416
0.64932
-2.2418
-2.8296
1.6405
-0.37576
-1.0098
-3.0286
0.38288
-4.809
-2.9264
-1.7635
-4.445
-3.9166
-4.7228
-2.3851
-1.8702
-0.92419
-1.2353
-0.5039
-1.0428
0.72336
0.20136
0.23492
3.8087
1.0441
3.2842
2.2622
3.0685
1.5792
-1.0869
1.5435
1.6145
-0.20191
1.2642
2.4343
3.2504
1.1229
1.4183
-0.74455
0.33411
-1.5992
-3.0665
1.998
-2.0449
-1.9682
0.21619
2.0956
1.1042
2.1369
1.1064
1.9509
5.2751
2.6679
4.7872
2.4637
3.399
1.2057
1.8248
3.1121
2.7289
3.3196
0.41797
1.2625
-2.5511
-0.21704
-1.9781
-5.6644
-2.9549
-5.1322
-0.80114
-2.3105
-0.32397
0.76312
0.80956
-1.3233
-2.6181
-2.9104
-2.722
-0.9825
-0.60584
3.7061
0.060681
-2.1463
1.9073
-2.7671
-3.6443
2.8328
1.0536
-1.6194
-0.91047
0.46258
-4.1771
-2.9157
-4.7989
-1.8263
-2.6829
-2.4291
-2.0349
-1.7607
1.0127
0.86518
-1.0994
0.85088
2.1169
3.4206
1.5549
2.7125
2.9153
0.45349
1.1362
0.63684
1.2979
1.4384
0.40381
3.5799
1.9758
1.4772
1.6169
0.45496
-1.0458
-0.0087511
-3.5429
-2.2965
1.1702
0.21667
1.5099
4.3593
3.3604
2.9864
2.0206
2.3742
3.5209
3.6296
3.4566
2.5063
1.9434
1.8132
1.1853
0.11148
1.2655
1.7124
2.3333
-3.2954
0.15187
-6.3017
-1.2609
1.4958
1.0811
-2.5845
-2.2826
-2.0268
-2.6697
-0.50197
-1.4906
-2.4599
1.3258
-1.2679
-4.8076
-0.45792
0.50975
1.7275
-3.8383
-3.0797
3.8757
-3.4378
-2.8715
-1.7978
-1.877
-3.3315
-2.667
-3.2284
-3.613
-1.1951
-2.7559
-0.84122
0.43392
2.6697
4.6453
0.74849
6.5619
1.3226
5.871
-4.9153
5.8587
1.1663
1.8398
0.64775
1.4219
1.3944
1.5178
-3.5339
1.9288
2.3062
-0.6975
-3.6119
1.0437
-0.82562
-3.1264
-0.22895
2.0232
-0.82731
0.39145
0.34181
-0.12283
3.6196
4.8419
1.8991
2.2737
1.4676
3.2294
-0.32859
0.34072
0.54483
0.022798
-5.8223
-4.9064
-2.8223
-3.9989
-3.3703
0.92862
0.22417
-0.066219
-0.86594
-2.3826
-2.0611
-2.8543
-0.89393
-1.9916
-0.37587
-2.8164
-3.1352
0.68386
-3.4903
3.9443
-0.27791
1.7645
0.73802
-0.52755
-4.6296
-3.9608
-2.9592
-0.63647
-0.4443
-3.5849
-3.0714
-1.7179
-1.8563
-1.31
-2.1903
3.7088
4.9932
4.0813
1.9132
4.8458
3.9123
1.783
2.0938
3.0152
-0.70574
0.3863
2.7368
1.0635
1.4599
1.0386
2.5979
1.5814
-2.0663
0.4107
1.654
-2.4435
0.027345
-1.9734
-0.040213
-2.8857
-0.87954
0.27226
5.2491
2.8917
3.166
1.183
2.8607
2.1712
2.4993
1.3334
2.7955
0.73109
0.23618
-1.637
-0.30622
0.35523
-3.3956
-3.0274
-5.5318
-2.9269
-3.7358
-3.2551
1.9264
-1.2609
-0.21219
-2.0644
-2.8679
-2.2741
-2.3063
-1.4373
-1.3312
-1.8433
-3.0302
-2.2156
-0.52719
-1.683
1.4222
-0.55857
0.08144
-1.7156
2.1041
-0.51054
0.80551
-2.5624
-2.6059
-2.0617
-2.3909
-2.5701
-2.9805
-1.8701
0.24726
6.2966
1.9156
6.4995
0.56648
7.6277
1.592
3.2984
0.421
0.28896
3.0799
1.2239
-0.040877
2.3759
1.2232
0.02686
0.85353
-1.529
-0.85711
4.0774
-2.9225
-1.6927
-1.2211
-1.2207
-0.7939
-2.5777
4.3771
-1.2661
2.2892
-2.4774
0.14874
6.4801
4.4343
2.8032
1.3516
1.811
3.8835
2.5768
1.6364
2.7214
1.6695
-0.13075
-1.1052
0.0022511
0.76215
-3.3821
-2.1133
-4.6215
-2.7448
0.59567
-1.0091
1.0147
-0.81973
-2.8566
-4.0793
-0.68144
-0.986
-2.3161
-4.4291
-0.6572
-3.0092
2.5692
-2.5742
0.19655
0.31084
-1.5248
1.3348
-0.25147
-3.8347
-0.15789
-4.3607
-1.8482
-0.78776
-2.4677
-1.9603
-4.0278
-2.5609
-0.45373
-2.0755
-1.5057
-0.48446
3.0906
2.6209
5.5681
2.9308
5.675
5.1504
4.1123
-0.92149
1.7893
0.4096
1.0783
4.7734
-1.8112
-2.8721
1.7988
0.11584
-1.2447
-4.8438
-0.56307
-0.096976
-1.449
0.058572
-0.44319
-3.0945
1.4341
1.5301
4.0313
4.3833
2.6225
4.4117
2.3834
2.1153
2.6306
1.9868
1.0287
3.9659
2.5106
0.22777
-1.6627
-0.5652
1.0715
-2.1208
-1.6582
-5.3912
-4.4277
-4.3729
-3.1305
0.51776
-0.15329
-1.1108
-2.0858
-2.5982
-1.185
-4.4765
0.068632
-3.2381
-0.89094
-4.4784
-1.4979
-1.1823
-1.0918
1.0406
-0.61282
-1.4732
0.69414
-0.61707
0.96098
-2.178
-2.7235
0.059098
-4.5873
-2.0217
-0.70169
-2.3133
-2.7717
-3.9498
-2.4433
-0.12867
-2.7751
-2.9631
0.30684
-1.3996
3.9497
4.952
2.723
5.5665
6.3607
4.628
-0.36819
0.22602
3.5675
0.70724
0.18314
1.417
0.81826
-0.019462
0.36686
-1.7392
-3.3316
7.9972
-9.3855
-4.6765
-2.1188
0.25038
-0.36134
-1.0422
-0.62327
0.24095
-1.7165
4.7437
5.638
2.1585
3.7269
2.8117
3.2373
2.9741
1.6433
2.717
2.8907
2.1191
2.1764
1.5237
-2.1775
0.16145
-0.13482
-0.91354
-1.1632
-8.0555
-2.6896
-2.6833
-3.2678
-1.4422
-0.38972
-0.040763
-2.6112
-1.9265
-2.709
-5.4161
-0.11417
-2.5946
-0.22602
0.85305
-1.5586
0.66705
-0.76575
0.36516
-0.40856
-2.6134
-2.5593
-3.1445
-1.6156
-1.1194
-2.4473
-0.24256
-3.8174
-2.1709
-1.7611
-2.371
-2.2335
-1.4143
-1.632
1.8394
2.8376
3.3333
5.7395
5.9765
4.7171
-0.67773
1.1289
3.2684
-0.19426
2.4967
-1.3498
2.0096
-0.21791
0.32648
-3.3125
-0.0013231
0.57394
-9.4074
-2.2389
-1.4972
1.7913
-2.4178
-0.56126
-0.69534
-0.17973
-1.5147
0.36006
5.7279
2.9855
4.5473
3.3898
2.3885
4.6751
1.8002
2.1407
1.6827
1.9394
1.6796
3.1673
2.9245
-1.2317
-0.27065
-0.80264
0.57862
-2.349
-1.7018
-7.0866
-3.1011
-0.38265
-2.1081
-0.76278
-1.2653
-0.30044
-1.7362
-2.57
-2.5046
-1.246
-3.6191
-2.8253
-0.056515
-3.7031
1.1529
0.63967
-0.44806
0.39564
0.89805
-0.36675
-0.42864
-1.0676
-2.1611
-0.82494
-2.0869
-2.1368
-0.9934
-2.8531
-1.3589
-1.9059
-3.3315
-3.0268
-2.686
-3.6403
0.16957
-1.0088
1.6851
5.2036
3.6508
2.7599
3.3614
5.5602
-1.3672
1.7884
3.5837
1.9499
2.04
0.7182
0.11689
0.70105
-2.4543
0.83827
-3.0915
0.7376
-3.6143
-5.0101
-5.2653
-2.3576
2.8866
-3.2881
1.4045
-1.6296
0.18173
-2.9435
-0.017336
3.9571
3.6368
4.5779
3.3328
4.2282
1.9786
2.1003
2.844
1.5369
2.1597
3.2799
1.2098
1.0106
0.63978
1.523
-0.21126
-0.32415
-2.7637
-3.4685
-6.9147
-0.89702
-1.6985
-0.044056
1.1486
-1.9159
-0.98934
-2.9818
-2.1
-2.0459
-4.3781
1.2184
-2.5776
-1.4602
0.33111
1.3775
0.8958
1.6853
-0.25951
0.89786
-1.0114
2.4469
-2.5338
-0.18536
-2.9777
-1.2354
-2.6978
-1.7109
-2.0783
-1.0892
-5.0182
-4.5206
-3.0649
-1.7929
-2.6812
-0.87624
0.99994
1.4091
5.0505
4.6495
1.1004
6.7085
3.676
-2.8239
3.6912
1.2939
2.3472
0.52814
2.1943
0.36823
0.46663
-0.72382
-2.4611
1.1813
-2.647
-6.0059
-3.9607
-1.7154
-2.6427
0.28445
0.064751
-0.70862
-2.0192
1.3424
-4.198
3.1
2.8627
3.1369
4.1973
1.9717
5.1309
1.7134
1.9883
2.9693
2.95
0.61814
1.2724
0.010524
0.48659
3.5963
-1.6639
-1.2521
-3.3381
-6.2716
-4.7887
-1.4584
0.57763
0.59592
0.71917
-2.2296
-0.75044
-4.2342
-1.6999
-1.3143
-1.3436
-0.5747
0.033999
-0.53525
2.9542
1.2862
2.1601
2.1347
0.63016
2.0514
-3.0591
0.45056
-0.3495
-1.4876
-0.75296
-2.9451
-4.1229
-0.96816
-2.78
-3.7468
-5.3301
-3.5397
-2.5042
-3.6587
-1.928
0.85213
-1.0744
0.95919
0.51078
6.0084
4.5088
2.0944
3.0981
-0.84297
3.1092
-0.077349
2.3212
0.66163
3.4203
1.5712
0.2927
0.32648
0.47913
-1.8084
-4.3009
-5.5604
3.6344
-2.5686
-1.6311
2.3597
-0.71427
-1.9449
2.4517
-3.0097
0.82126
3.4596
5.233
4.5647
1.7169
2.9694
1.7457
1.8886
2.9354
2.5395
1.4077
2.8547
0.13017
-1.1808
1.4633
2.4081
0.32718
-2.0527
-4.9948
-5.7426
-2.5461
-2.7434
-1.8075
3.7668
-0.65456
-1.5207
-2.0902
-3.4301
-1.641
-2.1057
0.29116
1.0264
-2.0367
1.056
-0.66357
2.0067
2.2938
2.7775
1.331
-1.4441
0.66847
-1.1342
-1.7474
-1.0974
-5.3496
-0.37009
-3.3205
0.17995
-4.5633
-2.809
-4.5491
-3.0433
-4.2809
-3.8133
0.29536
1.7059
-0.69509
1.1844
3.9876
6.7002
1.064
1.8245
2.3113
0.5677
0.20345
1.482
1.1207
2.8961
1.2984
2.0191
1.4038
0.36924
0.28608
0.51955
-7.4277
1.1449
-2.1896
-1.0714
1.7411
-1.3911
0.67055
-0.61271
2.4588
0.95887
0.8205
1.2694
2.8306
2.6297
2.3284
2.4124
3.0918
2.3142
2.8309
1.6389
1.4473
0.37184
2.7653
0.58562
-1.856
-1.8598
-1.959
-1.621
-1.8097
-6.6107
-1.8073
-2.3856
-1.8444
0.15201
-1.0399
-2.9663
-1.1669
-1.7689
0.23306
-1.4244
-0.37313
-0.93423
5.0371
-0.81213
5.1614
3.0635
2.026
2.8391
2.4524
2.8639
3.0412
2.5793
2.1452
-0.25819
-1.6854
-2.3473
-0.85486
-2.8508
-1.8955
-2.745
-1.2948
-2.0832
-3.0725
-2.0066
-3.4209
-2.7639
-2.7959
-3.8812
-1.6292
-2.965
-0.78963
-2.5865
0.44974
-2.5715
-1.6996
-0.22527
-1.1798
-0.57857
0.44329
1.3402
1.7758
1.6632
1.8715
2.0326
1.6229
2.4092
1.2347
3.5288
2.5561
2.3222
2.4912
3.9033
-0.058139
0.011745
0.86462
0.39069
0.11412
-0.23381
-0.48674
-0.85654
-0.27735
-0.18933
-1.0809
-1.4172
-0.76925
-0.89681
-1.1915
-0.69407
-0.79798
0.3071
-0.43612
-0.78432
0.032597
0.43458
0.3618
0.29073
0.91375
1.1025
0.81796
0.45648
0.20808
0.65027
0.25469
0.079852
0.012417
0.17179
0.20028
0.02283
-0.066207
-0.17151
-0.14032
-0.22112
-0.18143
-0.41922
-0.29234
-0.26193
-0.037291
-0.19262
0.062838
0.14207
0.18975
0.21123
0.20904
0.2436
0.1602
0.14223
0.073625
0.028068
-0.07988
-0.085207
-0.074015
-0.11177
-0.12183
-0.086338
-0.13857
-0.057965
-0.061862
0.0086195
0.031406
-0.0014116
0.083192
0.10559
0.058923
0.10408
0.08082
0.053303
-0.0010436
0.014343
-0.018341
-0.068227
-0.043992
-0.095606
-0.079422
-0.072028
-0.065278
-0.0387
-0.0084077
0.0099702
0.035892
-0.013877
0.061461
0.061631
0.013485
0.046217
0.079003
-0.027364
-0.0048122
0.021223
-0.050475
-0.090427
-0.017019
-0.06588
-0.040215
-0.046907
0.073878
-0.049265
-0.014037
0.047142
0.042992
-0.013521
0.04565
-0.010512
0.035485
-0.071779
0.040179
-0.037731
0.053112
-0.093205
0.051469
-0.010685
0.026289
-0.0011363
0.02095
0.030606
0.011322
-0.01966
0.069368
-0.011254
0.00070374
0.030011
-0.017255
-0.038928
0.05492
-0.007677
-0.023258
0.041188
0.043844
-0.052245
0.012755
-0.0031363
-0.046705
-0.015645
-0.0024262
-0.018331
0.021048
0.033789
-0.0033005
0.011031
0.0049934
0.0043215
-0.011349
-0.014409
0.007593
0.032922
0.030932
0.0080689
0.043635
-0.0004522
-0.0050322
-0.016774
-0.033087
-0.032036
-0.032529
-0.046175
-0.029642
-0.032045
-0.038253
-0.017325
-0.0056393
-0.0042065
-0.0070084
0.00327
-0.013164
-0.014397
-0.0008783
-0.029357
2.5748e-05
-0.030049
0.048345
-0.020511
0.051492
0.045073
-0.009682
-0.0011958
0.021045
0.021334
-0.015473
-0.0036014
-0.015048
-0.013882
0.011276
-0.032576
-0.079258
0.012064
-0.0037554
-0.033707
0.045733
-0.020319
0.062756
0.012567
0.02168
-0.03953
0.010601
-0.011693
-0.086051
0.0041693
-0.037699
-0.02833
-0.013573
0.043302
-0.06198
-0.016597
0.0075395
0.014032
-0.009066
0.028928
0.031433
-0.0044984
0.019546
0.024307
-0.0036371
-0.035343
-0.0094457
-0.027462
-0.036421
-0.034892
-0.060922
0.037576
-0.037341
-0.055291
0.0028264
0.0058775
-0.0053861
0.0087237
-0.018294
-0.0063709
0.029473
-0.0058046
-0.018873
0.0027083
0.0061515
-0.021092
-0.023609
-0.037178
-0.00017583
-0.018203
-0.029154
-0.042039
-0.0086079
-0.017446
0.0075399
0.017451
-0.013608
0.020455
-0.0087341
-0.012028
0.0052033
-0.022875
-0.0090629
-0.024768
0.0077497
-0.0087083
-0.027788
-0.014685
0.0029275
-0.0060572
-0.034791
0.0067495
-0.0031443
0.014135
0.0086149
-0.018982
0.0041525
0.03926
-0.064298
0.026762
-0.01219
0.0054608
-0.0073744
0.0039086
-0.0015421
0.0021499
-0.059552
0.01695
-0.063158
-0.028951
0.043788
-0.0069306
-0.033826
0.034329
0.0075821
-0.030759
0.025276
-0.0052161
-0.046259
0.010817
-0.0040769
-0.028898
0.018705
0.018518
-0.027022
-0.00043123
0.011709
0.0074283
-0.0051409
0.00552
0.0087117
-0.027913
-0.0018297
0.0067102
-0.0267
-0.011851
0.029633
-0.047588
-0.036715
0.0026834
0.012282
-0.014346
-0.00014706
-0.0091918
0.035731
0.021343
-0.019962
-0.013309
0.018403
-0.0048155
-0.032958
-0.0032628
0.0019978
-0.010136
0.049615
-0.032824
-0.0056489
-0.0032
-0.0017899
-0.023651
-0.0012195
0.010447
0.0018301
0.0065968
0.016021
-0.021533
0.0091935
-0.0047242
-0.035245
-0.022208
-0.031433
0.0074309
-0.017142
-0.001055
0.013939
0.0012926
0.017512
-0.0084019
-0.016248
0.06007
-0.044391
0.011459
0.0079886
-0.032867
0.026356
-0.04336
-0.0073731
-0.024174
-0.011994
-0.03053
0.00027403
-0.017184
0.0025405
0.017678
0.010095
-0.040608
0.023098
-0.0042068
-0.011774
0.0034274
0.033548
0.017628
-0.058949
0.0086551
0.024871
-0.036968
-0.040441
0.039367
-0.038578
-0.021222
0.041719
-0.053027
-0.0094988
0.013027
-0.0066691
-0.0070315
0.0090914
-0.024512
0.0097364
0.017968
-0.054738
-0.021591
0.015474
-0.028253
-0.0051881
0.014601
-0.017945
-0.010406
5.3944e-07
-0.025429
-0.049819
-0.00098448
0.014161
-0.039975
0.031172
0.026874
-0.028971
0.033226
-0.023263
-0.01524
-0.00030468
0.013598
-0.042372
0.024209
0.0041744
-0.048201
-0.0067691
-0.0071491
-0.061132
-0.0092602
0.028235
0.0079601
-0.044858
0.030434
-0.010416
-0.00068028
-0.0015456
-0.024761
-0.019076
0.013876
-0.00015862
-0.031442
0.016016
-0.014474
-0.024897
0.0031194
-0.0060893
-0.010314
-0.0057917
-0.023578
0.032553
0.014654
-0.018822
-0.033825
-0.0063606
-0.02475
-0.030906
0.0032677
-0.0088723
-0.011336
0.016831
0.0075953
0.0024109
0.012151
0.021166
0.0083405
-0.012216
-0.036426
-0.0021801
-0.0063481
-0.021555
-0.0083737
-0.0073795
-0.0099263
-0.019615
-0.013721
-0.0073252
0.01854
0.0055311
0.0056342
-0.0040762
-0.0018732
0.0047087
-0.013366
-0.0045605
0.0052279
-0.022149
-0.0048085
-0.027696
-0.016183
0.0081026
-0.013014
-0.029904
0.021566
-0.017468
-0.013122
