0.74015
-0.1706
0.34309
1.0133
-0.72274
0.20187
0.66472
0.70555
0.89352
0.84829
0.1623
0.92429
0.31081
-1.5878
-0.17305
-0.54236
-0.52851
-1.3223
-2.364
-0.35522
1.9482
-2.7365
-3.5306
3.072
3.6942
-7.1652
-0.98842
3.8942
-0.83307
-3.161
0.76574
-0.74519
-0.65946
-0.50688
-2.8895
4.7766
1.975
-0.55889
-0.20987
0.63098
0.91326
0.054866
0.95987
0.58143
0.87642
0.72521
0.18791
0.58284
1.2416
0.35532
0.7319
1.3803
-0.70835
0.32299
1.0496
3.6301
3.6046
0.7335
-0.50113
-0.79953
-0.75558
5.5236
3.2106
-6.2527
-0.83197
6.791
2.5919
-4.1422
-0.60453
2.3983
-0.10441
-1.9461
0.11047
-1.5679
-4.1561
-0.62826
-1.3668
-0.98219
-0.72466
-0.015989
0.5913
-2.28
0.52971
2.5774
0.17923
-0.94138
0.42749
1.4628
-1.2212
-3.5167
-0.95931
1.2629
-5.5656
-2.5088
0.63353
-0.085027
-1.7864
-0.0087847
-0.29171
0.0016555
-1.485
1.2941
-1.7784
0.83718
-3.7209
1.3785
5.1646
-2.0667
3.4668
0.52576
-1.7507
1.7687
1.9498
0.84157
1.6133
1.8724
1.8415
2.9353
0.43551
0.28752
1.9628
-1.6058
-0.37529
3.0311
4.0582
-2.6101
2.6728
4.0914
2.3307
2.167
-1.0542
-3.817
-2.4702
3.7758
0.27422
-0.73418
0.40867
0.38818
-1.922
0.3275
-1.1109
-2.4088
1.9357
-3.7477
-8.4639
0.99419
2.551
-4.9446
-4.5676
0.96951
-0.025227
-4.9572
-1.8808
-1.0338
0.63285
-0.31698
-2.0105
1.4139
-0.90273
-0.46148
-0.53309
-1.2802
-4.4033
2.0904
2.1412
-7.9712
-0.17813
1.6615
-0.676
-1.9909
-1.6062
-0.87481
2.0614
-1.1449
-0.88948
1.4809
-0.1429
-1.8311
-0.1913
6.4866
5.8209
2.414
3.1312
2.5945
-7.8226
0.14906
5.5441
6.004
1.9366
1.9338
3.682
-0.12646
2.3743
-1.0844
1.6082
2.1048
0.85076
-0.38216
2.5754
4.2478
0.53208
-0.30461
1.7706
4.7154
-2.009
-3.8453
-2.2549
1.1002
3.3966
5.7969
-1.7377
-3.3149
2.53
1.9577
-0.86293
3.1862
-2.9787
-4.0438
1.4923
-3.1763
-6.9697
0.41239
-0.050431
-0.20212
-1.8087
-3.2048
-3.8284
-0.39992
-0.36038
-2.1337
-0.36707
-1.099
0.92876
-0.84953
-0.90365
-1.1462
1.1411
-3.5775
-6.4551
-1.4751
1.6979
-1.3793
4.5539
-2.5679
-5.6193
-1.5337
1.8417
-0.03795
-0.4608
-0.56362
0.16887
-1.1032
6.14
4.8083
-0.039265
-5.8037
3.9774
4.7174
3.7999
4.2247
3.6381
0.98486
0.73785
3.2103
1.6899
2.0518
0.070445
2.1321
2.6333
2.0761
0.60565
1.5194
4.7125
3.1254
-1.1921
3.2832
2.8867
0.97734
-0.88921
0.18943
5.085
0.88616
-2.0723
0.33718
-0.086994
-2.9335
-1.437
1.4567
-1.5467
-2.0903
-3.3865
-5.7979
0.60447
-0.2254
-2.577
-4.4016
0.52538
0.79563
-3.299
-0.11141
0.031773
-1.878
-1.5336
-0.71652
0.7952
-2.8467
-0.35192
-0.98026
-5.2548
-4.6247
1.3376
-0.91939
-2.297
-4.7617
-1.865
1.2475
-2.2936
0.023591
1.3759
-0.6933
0.3768
3.2736
7.3353
6.7132
1.4907
-8.1794
-4.0778
4.5266
5.0741
4.0499
4.2918
3.3877
3.3361
1.8914
-0.0030001
1.5763
3.0886
0.44365
1.4154
1.417
3.097
2.0201
1.1598
3.5912
3.062
-1.1084
3.7141
4.2908
-1.0239
2.1964
-1.2614
-4.4517
2.6554
-0.82002
-0.41095
0.71945
0.75913
-1.159
-2.4305
1.5749
-2.9594
0.4278
-6.6577
-4.1341
3.2681
-1.5248
-5.2254
-0.87479
-0.99336
-1.1608
-4.5655
-0.76847
-2.0979
-1.5336
0.40868
-0.98956
-1.4692
-0.30387
0.35005
-0.19684
-2.1161
-6.0763
-4.0658
2.3276
-2.8168
-3.4374
2.4585
-2.5751
-2.4811
-1.9796
-0.056269
0.91264
-0.59667
-0.49101
0.0056453
0.059031
-0.096965
2.2993
8.438
5.9783
2.2707
-5.0299
-6.4496
3.7347
3.6741
4.329
4.9276
3.3898
0.75701
2.3049
4.8235
1.1088
0.71237
2.592
-0.62408
0.57056
3.2137
2.9413
1.3032
2.2848
1.6201
1.0419
3.7087
2.3155
-0.57126
2.6119
-2.7824
-1.455
2.7505
1.3117
2.6012
1.4131
0.32272
-1.2213
0.87355
1.2266
-2.502
0.68038
-1.723
-2.9036
0.8853
-4.6796
-5.122
1.2942
1.0081
-6.0411
-2.627
1.146
-0.43779
-4.3407
-2.3924
0.84853
-1.8009
0.80013
-0.45973
-2.4362
0.89562
-0.27871
-1.4309
-0.27116
-1.0695
-0.41186
-1.0428
-1.1815
-5.704
-2.7693
2.5393
-2.9348
-5.4321
4.2738
-1.4612
-4.2979
0.16655
0.38654
-2.1498
0.1193
2.3454
-0.52988
-1.4675
1.3302
-1.0081
3.9842
5.7179
5.2026
1.5801
0.91954
-5.7543
0.58466
6.3153
4.474
1.8338
1.3321
3.1824
1.5202
3.0732
0.61926
1.1745
1.2036
1.1741
1.8305
0.7395
5.0758
-1.9418
0.40477
8.0556
-0.5315
-2.1982
-3.3223
-1.8221
2.0227
4.2543
5.3316
-0.62689
-3.4381
1.1343
-0.02453
0.37998
-2.4451
1.166
-5.5599
-4.408
0.28076
-1.4781
-2.0772
-1.47
-2.8735
-1.202
-4.9956
-1.4619
2.0045
-1.801
-3.3398
1.1456
-0.69067
-2.3706
0.042939
-1.2227
-0.67691
1.9699
-3.1839
-1.4065
-2.8247
-4.5606
3.9424
3.6307
-3.6707
-4.8874
2.3731
2.0551
-3.687
2.1133
2.263
-3.6134
1.9357
4.3901
6.221
5.5927
2.8976
0.79809
-9.5223
1.5979
9.4528
3.3645
2.5348
2.1568
1.2275
2.8572
3.9598
0.71451
1.0986
1.7547
-0.10939
1.5847
0.87166
4.4314
5.2197
0.9896
6.3394
-2.7464
1.1681
-0.3638
-5.3032
2.8245
4.8225
-0.083488
0.53742
-1.0753
0.98104
-0.36369
-1.6235
-2.1534
1.5737
-0.57986
-4.0066
-2.2738
-3.9927
-1.8199
1.2402
-2.7929
-4.1431
0.15678
-1.5591
-0.49785
-5.2955
-1.548
2.2603
-0.82096
-2.9052
-0.48419
0.21502
-1.2494
-1.1066
-0.063832
0.7075
-2.7591
-0.37788
-6.1266
-3.9402
3.7078
2.0086
-3.0542
-5.1436
0.30238
2.6045
-1.6875
-0.9068
2.5256
-0.73968
-2.4321
-0.44959
7.8597
6.4233
4.1032
0.92215
-0.44462
-8.2471
2.0627
9.0996
2.9394
2.7448
2.948
2.6336
2.8225
2.109
1.422
2.81
0.59671
-1.1143
1.8379
3.9906
1.3064
1.1461
3.4516
3.5036
1.8814
0.086319
5.5568
-1.8968
0.25077
-0.95574
-2.5301
1.0229
2.0975
4.1127
2.1162
-0.61736
-0.43991
-0.63065
0.47094
-0.2284
-0.99401
-0.61247
0.44549
-1.4313
-2.06
-5.0665
-1.6157
-0.099448
-3.9569
-1.4611
0.59615
-2.2793
-4.7299
-0.80971
-0.11739
-0.092985
0.59276
-2.5541
-0.64291
-0.42774
-1.4449
-0.15794
-0.5303
-0.23586
-1.5377
0.54904
-4.5981
-4.9593
2.3463
-2.2121
-5.0331
0.47187
4.2709
-3.9304
-4.7953
0.59077
1.9029
0.72465
-2.6127
0.87423
0.93946
0.37819
0.15174
2.0314
6.1955
5.0524
4.075
1.9066
-8.2009
-2.7028
6.9309
6.1484
2.7569
3.5553
0.46505
1.9924
2.6448
2.0441
1.6184
0.248
1.2743
2.9112
1.3537
0.85836
2.2204
2.4166
4.5093
1.6736
0.37061
2.5092
0.67158
0.69108
-0.64733
-4.9302
-1.1831
4.7563
6.8671
-0.40021
-3.5675
1.6148
2.9818
-1.5662
-0.90939
-0.65429
-0.54846
-0.88795
-0.81071
-0.70355
-4.1459
-2.9965
-1.1826
-0.23421
-3.2446
-2.6106
-0.54928
-1.5305
-2.2068
-3.0716
-0.79028
0.46516
-0.068836
-2.2205
-1.7995
0.47064
-1.1027
-2.2766
1.3187
-0.60272
-2.3678
0.27155
-1.9663
-5.568
1.1953
0.68808
-5.1517
-2.4744
3.5975
-1.503
-2.6603
-1.0375
0.11389
1.526
-1.7401
-0.6836
0.8837
1.2408
-0.11247
-0.76469
4.9511
7.1546
4.193
2.9455
-1.0514
-7.9058
1.9417
9.475
3.1691
0.66623
2.4244
1.7017
3.3584
1.0083
2.0897
0.88346
0.04017
1.9295
2.0187
1.8215
2.0553
2.4091
2.8855
0.61011
2.208
3.9546
-0.25785
-0.047158
-3.1831
-1.007
2.1886
2.416
3.1079
1.2714
-1.231
-2.0406
1.3074
0.68548
-1.4929
-2.6892
1.1358
0.25877
-5.2128
0.13113
-1.7652
-4.1591
-0.8938
-1.4428
-2.1882
-2.8885
-0.47827
-2.5376
-4.1242
0.40176
-2.1129
-1.3981
-0.82167
-2.2144
-0.55498
-1.1298
-1.401
-0.77881
-1.4519
-0.85909
-1.7482
-3.5555
-1.064
-2.5455
2.3064
-1.1193
-2.7845
0.98226
2.6419
-1.0208
-3.9148
0.58818
4.808
-0.15766
-2.9818
2.596
4.4573
-1.8287
-2.8556
3.6419
12.029
5.1434
3.5522
6.0303
-5.0876
-7.0326
7.0653
9.3282
0.55502
4.9063
1.6323
0.22452
4.4463
2.2007
1.5805
2.7854
2.0076
2.1059
-0.56844
0.30588
3.3767
1.2058
-0.39857
-0.10567
0.55157
3.7732
4.6279
2.5838
0.13719
2.4158
-8.4404
-0.99854
4.3646
-2.7972
-1.0988
2.6667
2.1791
0.10582
-3.3004
-3.9815
-0.9197
0.79792
-6.108
-4.2404
4.4258
0.69552
-4.2554
-1.9419
-0.11119
-4.3064
-1.2389
-3.0132
-1.9736
-2.0263
-2.198
-2.3814
0.23608
0.38475
-1.0588
-1.5906
-0.82735
0.83235
-0.50666
-1.7977
1.7781
-1.0084
-2.1715
-2.8302
0.7109
1.4505
1.4246
-0.56292
-2.1251
2.3203
-1.6744
-4.1228
1.6107
3.6265
1.3262
-0.007566
1.4264
2.4456
-0.68471
-1.3958
7.8251
6.9815
4.6685
1.5934
-0.25316
-4.4981
2.1142
9.1915
3.4387
1.1773
1.9858
2.2755
1.8877
0.32623
0.61825
4.2951
0.76314
-0.2098
0.76865
-0.20993
2.4414
1.2588
-2.3269
-0.84431
0.7223
0.75706
4.5548
1.8054
1.7831
-3.115
-6.8749
-0.82102
3.4655
0.66326
-1.0965
-0.95089
0.99222
-0.60095
-2.7167
0.038948
-2.8186
-3.4169
0.90284
-0.92284
-6.256
-4.903
2.1752
0.58177
-3.19
-3.8924
0.58086
-1.9048
-3.4116
-1.6568
-0.019048
-1.132
-1.3084
1.2006
0.45747
-0.052769
-1.0664
1.1146
0.67138
0.88745
-0.5759
-0.041178
-0.19365
-2.1642
-3.4271
1.3133
2.336
0.6984
2.5691
0.63289
0.56387
0.84612
0.59797
1.215
1.215
2.1252
-1.5759
1.7331
9.8337
5.0491
-1.0887
-6.0565
-1.2878
3.5246
2.5389
2.5889
0.44855
0.68763
1.6312
2.5974
0.17476
-0.30463
1.0782
0.05438
-0.64926
0.56905
0.018749
0.2975
-0.51755
-0.58928
0.14329
0.045323
-0.26307
-0.17827
0.3442
0.31559
-0.23656
-0.079925
-0.051939
-0.057412
-0.025086
-0.032729
0.033703
0.1355
-0.092069
-0.13895
-0.19181
-0.30454
-0.25803
-0.60085
-0.59725
-0.20818
-0.73203
-0.51423
0.034527
-0.13434
-0.76416
-0.032542
0.58583
-0.35051
0.20893
0.40084
-0.014711
0.36123
0.45401
0.27171
0.23398
0.45772
0.42661
0.48336
0.59395
0.52082
0.65052
0.46838
0.42529
0.43314
0.29164
0.26234
0.38654
0.10571
-0.0805
0.081811
-0.19234
-0.037433
-0.060885
-0.19971
-0.05359
-0.054604
-0.054727
-0.15728
-0.074541
-0.072433
0.15103
-0.17458
0.15768
0.12071
0.14651
0.37477
0.20559
0.23305
0.27409
0.4027
0.25749
0.1913
0.45951
0.367
0.16148
0.40424
0.16393
0.14558
0.48634
-0.2323
-0.092854
0.27801
0.060883
-0.029086
0.29204
0.12661
0.020751
0.030698
0.12186
0.19136
0.081502
0.20453
0.29624
0.16022
0.51917
0.51809
0.25644
0.34766
0.52106
0.3264
0.16688
0.23943
0.22724
0.019529
-0.088593
0.6669
-0.23755
-0.21094
0.50685
-0.019192
0.42576
0.34497
-0.20235
0.31374
0.74699
-0.73132
1.1462
0.19772
-2.0245
0.21535
1.2791
-1.4165
-1.6766
1.2585
1.9396
-2.7892
-1.0131
2.0339
0.93483
-3.0773
-2.0196
2.1135
0.20771
-2.5788
0.086384
-0.69719
-2.4844
-0.73304
-0.67867
1.0597
2.1054
0.071263
-1.654
-0.16218
-0.39956
1.0387
0.79668
0.14164
-0.28709
1.2959
1.0179
0.82493
1.1996
0.84152
2.6565
0.32373
0.68425
2.2448
2.2805
0.16912
-0.43512
3.0788
2.9778
-1.2571
1.7234
1.2765
-3.818
2.338
3.5484
0.23213
-0.24036
-0.43099
-2.7051
1.0877
3.4383
-0.15243
-2.1113
-0.18463
0.80562
-0.98114
-0.17096
-0.75801
0.35685
-4.2829
-4.3983
-0.37508
-0.79642
0.33524
3.0454
-2.9306
-1.8914
1.4621
1.5579
-0.36001
1.394
2.0306
1.0953
0.11612
-2.3341
0.067333
2.5585
0.022706
-0.08935
1.9075
0.049673
-1.0724
-0.50571
-3.1835
-0.91412
1.8208
-3.218
-0.48592
2.4441
-0.86829
-5.4631
0.13626
0.086778
-1.9272
2.1807
-1.5539
-2.6372
-1.0891
0.48353
3.8228
1.4344
-0.88498
1.4471
0.015221
-1.4116
-0.1877
2.4646
1.6226
0.35946
1.0791
-0.13346
0.8094
1.2043
-0.94386
0.035359
-0.093611
2.3218
0.7797
0.45236
0.32974
0.4943
0.7259
-0.081981
0.14219
1.9575
0.22729
-0.48828
0.93374
1.4287
-0.0354
-0.92486
0.25082
-0.090924
-0.020839
0.7643
0.22806
0.29445
0.527
0.8097
0.586
0.27135
0.22399
0.27073
0.32557
-0.0032021
-0.2685
-0.012223
-0.72701
-0.90366
0.12047
-0.37238
-0.49832
0.21511
-0.48145
-0.42583
-0.082235
-0.074463
0.086225
-0.050308
0.035438
0.37596
0.45123
0.28672
0.41637
0.63137
1.0049
0.7107
-0.39264
0.62768
1.195
0.53307
0.39999
0.90431
0.651
0.37351
0.44344
0.28469
0.083147
0.1989
0.12167
-0.021698
-0.070318
0.066014
-0.18217
-0.028329
-0.22569
-0.19334
0.089564
-0.12955
-0.078868
0.15273
0.11023
0.093335
0.24522
0.019408
0.46655
0.36229
0.12001
0.4712
0.38675
0.267
0.41012
0.43358
0.38604
0.33408
0.30628
0.19323
0.13855
0.27383
0.16255
0.11787
0.11061
0.032734
0.10959
-0.05772
0.18728
0.14191
0.098392
0.10757
0.20251
0.22882
0.30127
0.12823
0.26526
0.33548
0.23866
0.31043
0.376
0.30779
0.32362
0.14058
0.17935
0.25335
0.19849
0.088942
0.21082
0.1731
0.10461
0.13344
0.2854
0.147
0.12213
0.22094
0.27109
0.18633
0.25332
0.2593
0.28856
0.26454
0.24747
0.24797
0.23449
0.24352
0.20996
0.22946
0.19849
0.16167
0.25183
0.15056
0.1617
0.23082
0.17361
0.19629
0.19853
0.20131
0.17934
0.22842
0.19613
0.15782
0.24384
0.20217
0.19077
0.16781
0.23367
0.16612
0.19694
0.23358
0.19897
0.17219
0.29924
0.26048
0.14042
0.24064
0.27044
0.15869
0.18776
0.3007
0.12325
0.22242
0.25876
0.1347
0.19673
0.30041
0.18187
0.18913
0.27433
0.21067
0.1843
0.24484
0.25065
0.26191
0.17987
0.17552
0.21122
0.197
0.14009
0.18855
0.18111
0.13414
0.16328
0.20137
0.11943
0.1735
0.2194
0.16142
0.17035
0.19206
0.23683
0.20067
0.22972
0.19927
0.15958
0.36662
0.38117
0.22861
0.13599
0.13316
0.59915
0.34359
0.27311
0.12211
0.12222
-0.1647
0.2844
0.37586
-0.11333
0.1249
0.29477
0.20644
-0.11936
0.36851
-0.17395
0.43422
0.39785
1.0223
0.53074
-0.038601
1.2922
0.33267
-0.28822
1.2205
0.2939
0.037858
1.462
-0.83838
-0.8946
1.6692
1.3614
-1.5748
0.45495
2.4511
0.98583
-1.0252
1.1065
0.014033
0.40673
-1.4472
-1.1839
1.4622
0.45475
-1.8368
-0.57293
0.90577
-2.3509
-2.698
1.539
-12.351
-7.8073
12.281
9.8937
-10.465
-6.2879
0.093915
1.8551
-0.020618
-4.9746
-0.88378
1.7039
-1.1875
-1.7165
0.38219
0.43446
0.52092
1.0844
1.9129
1.5559
-2.2673
0.509
0.56831
-0.43219
-0.46774
0.61378
-1.4197
2.8416
1.9828
-2.3459
-0.97584
0.24997
0.52015
-0.098087
-0.77135
0.86716
2.2929
1.7979
-2.9576
-3.0994
5.6337
7.9287
5.0239
-0.71408
-4.0542
-4.2293
0.7253
4.3577
7.6187
2.5917
-0.79452
1.3912
1.5892
-0.56387
3.9547
2.6604
-2.6961
1.2221
3.6001
0.2859
-0.14971
1.7248
0.31414
-0.42322
0.61032
-0.31343
0.57474
-0.052727
-1.7501
3.4966
2.014
-3.8948
-6.0926
1.8034
2.2762
-1.7276
-1.6956
-0.96019
-0.53691
-0.56834
-2.071
-4.5358
0.36249
-3.138
-4.0639
2.8664
-3.5631
-1.4551
-1.7399
-0.6823
-0.50736
-5.9604
-0.80677
1.0163
-2.8369
-0.74376
0.16774
0.66517
0.23258
2.3957
2.6331
1.0236
-0.67372
-1.2337
1.3172
1.3723
0.98793
0.42192
-0.30558
-0.67942
2.0596
7.7794
2.8659
-1.3914
-2.6367
-0.80712
-0.88334
-0.12635
-1.7332
3.1775
4.8979
-0.91998
-0.54928
3.3541
3.6041
1.8513
-1.6794
2.2577
-0.45171
5.3638
8.1906
7.0689
0.71201
-5.5462
1.0855
3.0446
0.25988
-0.92164
5.4883
2.1101
-2.3693
0.87641
1.4399
0.45987
-1.0356
0.80804
-0.38328
-3.1909
-0.44214
-0.37601
-0.391
-2.3707
-1.714
1.5064
-0.88226
-7.7831
-0.14206
3.2266
-1.1401
-4.0643
-2.2836
0.38654
-1.0185
-1.1057
-1.7252
-4.2099
0.76586
-1.0213
-4.2128
1.1945
2.5521
-2.6934
-5.8579
-2.4834
-0.67701
-1.1239
-5.9756
0.087724
4.6726
-0.13873
-4.0371
1.7041
3.5063
1.0636
-2.0117
-0.86541
2.3844
2.3443
0.40554
0.57279
0.57114
0.37534
0.83852
-0.64826
2.2981
0.47636
1.4517
-1.2113
1.486
2.659
1.313
-1.1281
2.1775
2.89
1.0096
-1.0535
1.4095
2.6225
1.6915
-2.9388
-3.913
4.704
3.7733
-2.3118
-0.0006316
-1.1011
-2.3163
-0.0037892
0.0017
-0.11355
5.3793
2.4943
-5.5415
-2.1953
-0.20493
1.0715
1.9032
1.6577
-0.12513
-2.1885
1.3024
1.6081
-1.8723
0.49045
1.5263
-1.5465
-0.17303
1.4683
-1.2879
-0.45441
0.53929
0.13497
-0.47163
0.7311
-0.17801
-0.48777
-0.33604
0.18691
-0.036053
-0.75178
-0.28951
0.1113
-0.49989
-0.43228
-0.32999
-0.43149
-0.9514
0.2819
-0.89181
-1.5339
-0.50358
-1.2952
-0.20832
0.90722
-0.31091
0.071987
2.0836
1.2368
-1.0633
1.1665
2.689
0.57723
0.076769
1.3744
1.2203
0.59456
0.97925
1.1858
1.122
0.60315
0.88934
0.99369
-0.21683
0.16827
1.299
0.34374
-0.2577
0.51013
0.22147
-0.91033
-0.41824
0.93058
-0.53894
-1.1854
0.81819
0.3264
0.4256
-0.27719
-0.32515
1.2183
0.37454
-0.047805
0.52841
0.59845
0.36044
0.46647
0.30156
0.12861
-0.26916
0.14816
0.099867
-0.20634
-0.12703
0.1504
0.13209
-0.035472
0.070809
0.082249
-0.55965
-0.13449
0.1388
-0.33374
-0.066742
0.25193
0.17926
0.20156
0.37412
0.42963
0.27929
0.4277
0.09621
0.39297
0.51638
0.022877
0.32391
0.47356
0.40668
0.34424
0.22639
0.36326
0.27264
0.15935
0.063513
0.39324
0.16424
0.097733
0.53602
0.35743
-0.041076
0.26881
0.55892
0.39054
0.15286
0.28355
0.30945
0.31821
0.30857
0.054399
0.34721
0.2457
0.082622
0.19632
0.11104
0.09162
0.12576
0.12436
0.083986
0.16247
0.16559
0.081411
0.048225
0.055386
0.15403
0.11818
0.061946
0.16209
0.25108
0.21839
0.23086
0.18274
0.35554
0.31176
0.23097
0.29502
0.36522
0.31943
0.26807
0.30771
0.33057
0.20834
0.16556
0.21952
0.12568
0.10099
0.098323
0.11943
0.0093094
0.087439
0.14741
0.049672
0.14131
0.22527
0.19882
0.15254
0.27966
0.31759
0.061954
0.13542
0.44923
0.1223
0.068712
0.46865
0.20691
0.070434
0.31759
0.32499
0.18029
0.21951
0.30227
0.22443
0.24238
0.21858
0.21355
0.25983
0.1686
0.17107
0.26071
0.14066
0.15115
0.20074
0.16603
0.16023
0.17338
0.11835
0.10212
0.21418
0.14712
0.11853
0.19562
0.17461
0.20507
0.19911
0.21838
0.21039
0.21834
0.17897
0.27399
0.21698
0.22823
0.18466
0.21619
0.2186
0.16952
0.20795
0.19844
0.18787
0.15583
0.18547
0.27856
0.063887
0.12498
0.19067
0.16513
0.10381
0.15284
0.23629
0.1214
0.31303
0.054756
0.098035
0.28068
0.10258
0.098634
0.32399
0.10775
0.20299
0.25
0.20792
0.29677
0.16846
0.28988
0.34987
0.12434
0.2878
0.28187
0.171
0.1821
0.23287
0.14155
0.20632
0.18677
0.13489
0.19494
0.17237
0.17149
0.19482
0.18083
0.13688
0.25477
0.21457
0.14866
0.20487
0.24955
0.22371
0.25781
0.18917
0.21479
0.25918
0.16519
0.1748
0.21799
0.15294
0.12844
0.21276
0.14843
0.125
0.14305
0.15968
0.19745
0.16873
0.23739
0.15085
0.12059
0.33234
0.12872
0.20651
0.20957
0.19736
0.19985
0.17148
0.21654
0.24727
0.15766
0.22954
0.2086
0.16627
0.18957
0.2156
0.22115
0.14719
0.28689
0.19557
0.15364
0.25064
0.17178
0.18101
0.20723
0.1835
0.15239
0.19942
0.11958
0.22107
0.16933
0.017745
0.08533
0.016532
0.40238
-0.017856
0.55241
0.046713
0.19702
0.24176
0.22514
0.15221
0.089215
0.20815
0.35702
0.29383
0.26819
0.25358
-0.26396
0.20898
1.1893
0.72194
-0.79653
0.95257
0.67907
-0.10892
0.76637
1.1338
-1.3713
-0.53736
1.2096
1.2
-0.88401
-0.013993
-0.9128
0.89033
1.7419
-1.3177
-0.063633
1.108
-0.62637
-0.21199
0.2271
-0.45086
0.45109
-0.17293
0.52057
-1.8158
1.7961
0.59967
-4.9065
0.48149
1.6906
2.1811
0.46044
-2.5762
1.3657
-0.01238
-0.85237
0.99141
1.3516
0.31748
1.2592
1.4626
1.0865
0.099376
1.3772
1.187
1.1351
2.324
-0.77452
-0.16122
1.8451
4.412
0.71693
1.1285
-0.64101
-4.7676
2.4248
2.6518
-0.56655
1.0045
1.01
-2.8354
1.4822
1.8494
0.31655
0.51136
0.64042
0.18731
1.0055
0.49741
0.16588
-0.78689
1.805
-1.3015
-0.54795
-1.9619
1.1582
-1.187
1.8321
-0.25841
-0.39848
-0.88464
-0.46526
1.4551
-2.1442
0.31242
0.55919
-2.7331
-3.4212
-1.0983
1.9457
-0.31879
-5.6058
1.6916
2.6832
-4.2698
-0.00197
0.49986
-1.0548
-0.014056
-0.10805
-2.5335
-0.52187
2.1768
-1.6228
0.76248
3.9962
1.5032
-3.7231
1.2027
4.0131
0.46078
-0.08373
2.8213
1.5722
-1.5415
1.2056
0.29959
1.5191
1.1987
0.92894
2.5784
0.23818
2.7681
3.3155
0.52443
-2.6224
-2.7902
3.5947
2.0681
-1.2825
1.8321
1.7086
-2.0694
-1.7146
0.67556
1.0848
-0.81787
1.0756
1.1423
0.47525
-0.23172
-3.4384
-0.39798
0.56955
-0.97373
-1.3305
-0.2572
-1.3298
0.48354
1.4349
-1.8547
-0.52531
-0.88143
-0.63383
1.809
-1.1614
-1.2773
1.817
-0.797
-3.1019
-2.7504
-0.17559
-0.095338
3.1101
-1.5379
-2.3381
1.1749
-0.39678
-1.3997
0.46961
1.2569
-1.1238
-0.045092
-0.47904
-0.94571
1.4656
1.3897
0.55794
3.4314
1.1658
-0.35415
1.0718
0.76113
2.6937
1.848
1.2765
0.94567
0.41664
-1.4887
0.52422
3.8877
1.4705
3.2636
-0.93121
-0.76778
2.2734
3.1653
1.6407
-0.97387
-3.3978
3.1645
-2.1467
0.14737
-1.9117
0.17251
2.7275
0.29637
-3.0079
-0.072521
2.9501
-0.72379
-3.1359
0.67276
1.5836
-4.8764
-2.6586
2.4234
-1.9645
-2.9305
0.53743
1.9097
-1.1735
1.8642
-0.90757
-0.6083
1.3175
-1.1504
-1.1826
-0.24034
-3.7756
-0.12434
0.97629
-0.55818
-4.1404
-0.94121
3.4692
0.83833
-5.4739
-0.97521
5.394
-1.3802
-4.0776
2.8595
-0.12334
-0.48838
0.69673
-1.8761
0.85874
1.2892
-0.67792
3.2409
4.4429
0.95128
-0.86495
1.304
1.23
1.581
2.4368
2.4052
1.6241
1.3728
-0.0021299
-1.6538
4.6597
1.9592
0.061064
-1.199
1.8215
3.3579
2.8562
0.50637
-1.1343
-3.1958
1.8686
3.175
-1.6849
1.1008
0.1399
-3.7713
2.5138
2.7564
-1.599
-1.2835
0.97071
0.51706
-1.4691
0.47401
-0.24074
-2.975
-0.79549
-0.93327
-2.9601
0.48405
-1.0282
-3.3704
-1.6241
-0.1955
-2.8094
-2.4683
0.51571
-0.67207
-1.0775
-0.67622
-2.0807
-0.98831
-0.2997
-1.106
0.24316
-0.94005
-2.3293
-3.0073
-1.3701
2.1022
2.6051
-2.933
-1.8286
3.7104
3.6707
-5.3237
-1.6988
2.827
4.1643
-1.2861
-0.80548
3.8054
-0.11999
-1.5741
1.298
7.0232
6.2829
3.3826
2.7753
0.73655
-3.8929
2.0237
5.6112
3.4405
2.3789
1.241
1.1562
2.4412
0.20519
1.7631
0.64522
0.50243
0.80572
0.85442
0.86781
1.7237
-0.86384
-1.8725
-0.19941
-0.87099
5.1102
4.3495
1.467
0.19247
-4.9531
-3.6083
2.2318
0.54942
-1.7665
2.9432
2.0288
-2.4253
-2.2104
2.6677
-0.98326
-4.2756
2.0997
-0.45665
-4.0168
-0.48658
-1.223
-1.7945
-0.0055831
-0.49572
-1.6654
-1.4919
-0.81853
-3.2487
-1.6921
-0.15831
0.59171
-1.4628
-1.6791
0.77775
-0.025064
-0.97571
0.57729
-0.58059
0.35253
-0.11733
-3.9862
-2.3126
3.4143
4.5343
-2.3506
-2.9355
2.0794
0.13471
-0.94606
0.59486
1.6545
1.1364
0.71137
1.513
1.063
1.313
0.64633
0.073861
0.674
1.9278
2.4461
0.86502
-0.064011
0.70154
2.5831
3.695
1.6813
-1.361
2.3889
2.7124
1.0108
0.2591
1.1624
2.4647
0.88693
0.77179
2.7698
3.6824
2.1142
4.4063
-3.0045
-8.343
-4.3957
4.0203
3.468
-0.85673
2.4753
2.5389
-1.2648
-3.1205
-1.027
-2.4567
-0.35494
-0.70298
-3.0317
-1.2266
0.73925
-2.2099
-1.8664
-3.2707
-0.98441
-2.9834
-0.28494
-1.1386
-2.6103
-2.0109
-0.83817
0.25575
-0.19797
-2.1719
0.10281
0.16886
0.68195
-2.1199
1.3046
-0.011457
-0.55925
1.3403
0.47992
0.43539
0.99612
1.6385
-0.47304
0.52838
2.0394
3.204
3.3895
3.6379
2.769
3.4995
-1.5
2.8004
5.6727
1.0875
3.336
1.0334
1.2424
0.19084
1.6069
2.9081
-2.1597
-0.89292
2.7019
1.5425
3.7063
4.8317
-0.20764
-2.9437
-1.0707
0.54
3.1903
1.3795
-1.7364
-0.17573
0.32278
-3.7625
1.1605
2.7511
-4.3106
-4.7981
-0.63983
-1.4726
-1.6163
-2.0087
-4.4545
-1.9732
-0.14092
-2.7439
-2.3946
0.49908
-0.94965
-2.698
0.21221
-0.093819
-0.50269
-0.034403
-2.2288
-1.4582
-2.594
-0.13279
1.8119
0.36047
-2.5978
1.3187
2.5557
-0.028294
1.4194
1.6094
1.635
1.4573
-0.8462
0.48774
1.021
4.1959
3.6858
3.4832
-0.82953
-1.8322
3.9825
5.0567
1.2731
1.1246
2.8152
2.3038
1.4355
2.0127
0.14961
1.5532
2.7307
0.90675
-2.585
-0.50401
3.2888
3.1192
-0.94155
-4.6214
-3.1421
-3.7597
-1.4409
4.6989
2.4191
-4.3323
0.12494
2.1518
-4.2184
-1.2326
-1.3331
-3.7765
-1.2038
-3.0343
1.2815
-3.8377
-4.9024
0.98911
-3.197
-0.81246
-2.7898
0.25456
-0.40393
-1.9475
0.45044
-0.33644
0.7688
0.73842
-2.6691
-0.10853
-1.7881
-4.12
2.1514
2.5759
2.2341
-1.7083
0.18863
0.036028
0.6521
2.3426
0.30587
0.9515
0.75007
1.2176
0.63195
2.0636
2.3133
-1.339
1.2729
0.54651
4.4296
1.4408
-1.5673
2.7538
3.9523
2.0386
2.5565
2.2586
0.95093
0.96857
1.6167
1.9309
3.0607
1.7735
3.4718
0.38277
0.21942
0.36664
-3.7736
1.6751
1.1244
-0.76881
-2.7214
-2.0589
2.1751
-1.0494
-2.8953
1.103
-0.36916
-2.7196
-1.3069
0.11218
-2.6343
-3.4756
-2.3452
3.3722
-2.3075
-3.9768
-2.8098
0.75362
-1.8461
-0.37992
-1.1991
-1.0647
0.16943
-0.19561
-0.022048
0.84576
-1.411
0.05973
0.77551
-3.0355
-0.87365
-1.8706
-2.0476
-5.8216
-4.0288
-2.069
-4.8906
-1.5583
1.1886
-1.3258
0.20753
0.60754
-0.8285
1.1588
2.2769
0.057051
6.2513
7.402
2.2165
-5.5222
-3.8241
3.2021
4.7468
2.8383
3.9416
1.1212
1.9556
1.1887
1.2029
1.7653
1.8016
2.5407
2.4531
3.1082
1.9999
1.3325
1.9719
-0.38163
0.33605
-3.3603
-1.5336
2.4498
1.8932
-4.819
-2.7288
3.4804
0.20248
-1.7815
-0.011653
-0.52439
0.45707
-4.5279
-3.8962
1.9721
-1.4868
-3.2745
-0.53297
0.32804
-6.7472
-2.3174
0.1197
1.2746
-3.2456
0.23418
-0.20074
-2.2162
0.63847
-0.024138
0.24309
-5.044
0.21112
-0.76453
-7.2976
0.3251
1.9252
-1.3943
-2.4029
-1.4713
-2.4753
3.0419
0.16149
-2.4825
1.4795
0.99239
-2.1853
2.8551
2.6357
2.8268
6.5951
7.539
-0.17785
-10.642
-0.30437
4.0935
0.64009
1.6175
4.5268
0.40617
0.35146
2.384
2.3935
1.0561
3.3624
2.6178
1.6599
3.1379
3.5331
2.3904
-0.72399
-0.53443
2.9848
-6.4907
-0.37473
3.9111
3.4127
2.8392
2.7081
-1.3262
-2.7689
-1.5704
2.1166
0.51587
-2.1529
-1.8442
0.56626
0.38922
-7.1563
-5.0305
2.7938
0.97081
-0.39575
-2.7032
-2.7312
0.85111
-2.2696
-2.117
-0.2925
-1.1608
-2.7101
-0.57537
0.20639
-1.6587
-1.2697
0.43465
-1.5805
-4.6738
-3.5447
3.6486
-6.215
-5.5913
2.7616
3.4476
-6.5041
-2.3848
2.6671
0.15365
-3.0415
1.1692
1.902
-2.0941
-0.55003
2.4875
1.7204
1.6232
4.0627
-6.4245
-3.5163
4.0325
3.2352
3.4133
2.558
2.2435
2.5343
0.49421
3.1546
1.5501
-0.24961
2.317
2.3627
2.4589
3.0347
2.0158
0.58159
2.9837
4.2936
0.26714
-0.82466
-3.0583
-0.88479
0.4115
2.5072
6.9303
1.1422
-4.5274
0.31572
1.0096
-0.12511
1.6503
-1.2325
-3.7616
0.53136
-4.6419
-2.9266
-1.6919
-0.78908
-1.9526
-1.9015
-2.3199
-3.2636
-1.0326
-0.11508
-2.2597
-1.8999
-0.67667
-1.7134
-0.45946
-0.33944
-1.098
-0.7427
0.18716
-1.5191
-2.8095
-3.9114
-0.58144
1.398
-8.5749
-1.535
4.0166
-1.9197
-4.3541
-0.0013332
-2.1471
0.28392
1.177
-0.97703
2.4576
1.2379
6.4546
6.6956
5.3914
-3.2158
-6.8871
1.3619
6.8627
3.8084
2.629
3.6257
1.7036
2.6642
3.9903
-0.12528
2.218
1.6137
-0.92927
2.3843
2.7916
1.9495
2.6389
3.2069
2.9867
0.62717
2.0955
3.7064
-1.3222
-0.88017
-0.7999
-1.3828
5.1995
5.0658
-1.4984
-0.79529
-1.2975
-0.05574
-0.12794
-0.18786
-3.0514
-1.1234
2.1152
-4.5612
-6.649
1.1468
-0.089369
-4.2823
-2.4408
-0.27347
-3.3935
-2.1776
0.15124
-1.1261
-3.4417
-0.17647
-0.69138
-2.3661
-0.38042
-0.29609
-0.8491
-1.1354
-1.6492
-1.8811
-5.7406
1.1646
-0.60093
-8.9437
0.85651
5.0954
-4.2455
-5.9343
2.4122
-2.7558
-1.6097
-3.1561
1.4299
2.4583
2.0389
7.0213
8.8301
0.73785
-9.877
-2.1849
5.5696
4.2307
3.9045
4.1192
1.0642
2.6923
3.9041
0.09895
1.7097
3.0488
1.4096
-0.61957
2.8858
2.8088
1.1063
2.1715
4.5771
1.4249
0.82948
5.4776
0.73074
-0.59554
0.099937
-2.7517
3.3405
0.89271
-3.1842
-0.42615
1.3157
1.1686
-1.7046
0.10711
0.19811
0.63879
-1.5819
-3.2821
-2.1742
-1.4737
-2.061
-3.0468
-0.61812
-1.5267
-3.1498
-3.6678
0.65606
-1.0196
-4.262
-0.21998
-0.32974
-3.043
-0.62052
-0.51145
0.8094
-0.9299
-2.8185
0.26194
-1.5971
-5.6012
-1.0116
2.4302
-8.4797
-1.7386
5.4737
-2.5383
-0.26742
-0.24457
-0.55215
0.47365
0.74254
1.7324
0.57627
6.7158
6.3772
4.1535
1.0455
-6.3556
-0.38555
5.9462
5.7333
1.239
1.4604
3.7616
3.6364
1.0481
1.0412
1.6427
1.756
1.064
0.39987
1.7391
2.3845
2.9558
2.4103
3.0499
1.5977
3.0225
3.0837
-1.763
-3.9163
1.0067
1.2095
6.7769
-3.7314
-0.39412
0.54488
0.091086
0.14482
-1.5814
-0.8745
-0.47623
-0.6037
-1.085
-4.4849
-1.033
-3.409
-0.89678
-2.786
-1.1628
-2.4498
-0.39794
-4.2608
-2.0036
0.049151
-1.2925
-2.4609
-1.1806
-0.10024
-2.2423
-0.59793
0.26642
-0.30122
-1.4467
-0.62647
-1.322
-5.7648
-2.1427
3.6791
-2.9551
-4.1605
-0.99165
-0.25484
-1.9094
2.0814
1.0554
-3.0854
0.15901
3.5561
2.2439
6.7766
7.3704
4.0415
-9.7535
-3.384
5.6214
5.8972
2.7709
3.1802
3.4573
2.476
2.5701
-0.2458
3.6083
1.0762
0.85583
2.0105
2.0264
2.1146
0.52421
3.0398
5.3025
2.4841
1.1465
3.2372
1.1196
0.308
2.3189
-5.7105
-2.6619
-1.5397
2.0603
0.87469
-3.6837
-0.037349
2.6568
-1.962
-2.2665
-1.0504
-3.0213
-1.2734
-2.7039
-2.7288
-2.004
-1.11
-1.5024
-2.3426
-1.9963
-3.409
-0.98537
-0.98228
-1.0168
-0.98897
-2.0743
-2.3345
-0.95861
-0.74069
0.083369
-1.7903
-0.80062
1.4231
-2.4197
-5.728
-2.4367
2.7352
-5.4396
-5.0056
3.3971
1.7735
-7.3496
-0.98672
1.1024
0.43704
-2.0394
-1.2019
0.3638
4.4914
7.5581
4.9145
1.9008
-7.3382
-0.69778
4.491
6.0803
3.3091
2.2939
2.3754
3.0226
3.1595
0.66755
1.2762
1.2144
0.76982
2.2726
1.1284
1.7271
2.9108
4.9074
2.4985
0.63604
3.172
4.1279
-1.764
2.0246
-2.0229
-4.1735
1.5676
3.0314
5.9881
2.4353
0.10953
-3.7223
-1.6955
1.5977
2.0106
-3.1164
-2.4272
-0.21997
-0.78826
-0.18866
-3.3634
-2.4196
-1.4085
-1.4363
-4.4745
-1.8781
1.0006
-2.442
-3.6559
0.3298
-0.84201
-2.8705
-0.97246
-0.53597
1.293
-3.1145
-2.0435
-2.3055
-6.8714
-0.4609
1.3906
-7.3938
-2.2774
6.095
-1.1315
-7.143
-3.4921
3.1535
1.9126
-2.6825
0.80582
0.93813
-2.7168
1.8819
3.7036
0.98098
4.3918
7.4324
3.9344
-2.5841
3.4013
0.67257
2.6248
3.1014
3.5537
0.69174
2.5744
-0.064803
1.074
1.6232
2.6636
2.7444
2.6602
2.7753
2.2061
1.5676
3.7881
2.6679
-0.38309
1.4844
-0.92463
-3.8322
0.82244
3.7759
3.5362
-1.0993
1.0493
0.76371
-0.66214
1.0311
-0.90521
-3.0373
0.96081
2.7657
-3.0921
-4.9977
0.24033
-1.5729
-2.9935
-0.68546
-1.8894
-6.3433
-0.24783
0.71981
-2.9849
-2.4204
0.94443
-2.2009
-0.1944
0.021468
-1.2405
-1.6395
0.61926
-1.8446
-4.4587
-4.3394
2.8923
-3.5588
-6.6602
1.3732
3.5662
-5.589
-2.0764
-1.1971
1.8394
-1.3519
-0.77493
1.6044
-0.5017
-1.9461
2.3521
2.2819
4.2094
6.1982
5.8838
1.035
-9.5484
0.34089
1.9948
2.6112
3.3372
2.3031
1.421
1.8476
0.25527
1.1277
2.9071
2.6165
0.75617
1.2133
3.718
4.2216
1.3845
0.26386
4.2137
2.3103
-1.2396
-0.26441
-3.205
0.032205
2.789
4.2545
4.1836
0.68015
-4.7324
1.573
2.2897
-3.0532
-1.5923
2.3952
-1.2483
-3.4194
-1.3871
0.41018
-7.4401
-0.76045
-0.81064
-4.5133
-1.5778
0.12557
-1.8553
-2.2718
-1.515
-1.1554
-1.3512
-0.9758
-1.4714
0.34433
0.12084
-0.36314
-4.0705
-4.4792
2.7672
-2.6607
-8.9045
1.7636
4.4636
-4.4393
-4.5113
2.2205
-0.452
-0.47876
-1.3365
1.0599
0.46817
-2.2207
1.3852
2.4501
0.65301
6.9703
6.3294
4.4492
-3.095
-5.3442
2.0703
1.9811
3.0782
3.5063
1.3416
0.94277
1.66
1.7412
1.8222
2.3718
0.9189
3.1594
1.6976
1.1246
4.323
0.75635
-1.6663
2.5956
-5.7671
-0.71584
4.7767
4.1627
0.36028
0.9846
1.4642
-2.0253
-2.7524
1.9733
1.7788
-2.9107
-0.2879
0.046354
-2.2136
0.01393
-1.7318
-6.6903
-0.14767
1.2107
-6.0421
-1.6173
1.0947
-3.0873
-4.6575
0.77882
-1.4056
-4.0477
-0.078221
-0.028936
-2.8979
-1.5952
-0.046486
-0.68344
-0.45107
-2.5304
0.82635
-1.9942
-3.5783
-5.9507
3.1571
-3.1311
-7.854
1.2709
5.4811
-6.5179
-4.937
1.0014
1.1625
-2.1061
-0.83271
1.6797
-0.039043
-1.9182
1.0765
1.5761
6.9614
5.9071
4.2981
-3.1575
-5.2563
1.372
5.0577
5.605
0.92439
1.0164
1.0064
1.4033
1.1553
1.784
2.1599
1.5815
1.0999
2.6735
4.1242
3.0743
-0.45445
4.2553
4.3551
-0.34487
-0.25926
-2.6822
0.072439
0.96866
1.1855
4.878
-0.043323
0.2988
0.018024
0.91923
1.3705
-2.3207
-1.2727
0.86903
1.0351
-1.9741
-4.4437
1.3775
-0.84376
-4.783
-2.7538
-0.92289
-0.91381
-2.062
-1.1194
-5.6092
0.6652
0.67129
-3.4779
-1.4005
-0.06159
-3.378
-1.0957
-0.39171
-1.4894
0.19921
-2.6426
0.30421
-2.5026
-5.6323
-0.6737
0.32821
-6.074
-0.84361
3.5724
-4.2008
-2.8118
0.55748
-0.11107
-0.069656
-1.5287
0.59192
0.73016
-1.5242
0.69223
2.4105
1.6298
7.7506
4.5737
3.5074
-1.971
-4.7174
1.6571
6.4126
4.3769
0.50816
1.9055
3.7026
3.4555
-0.82813
2.1123
1.7471
1.1723
1.0673
1.4326
1.9519
1.3094
3.0375
3.4675
2.4418
1.7254
1.9315
1.8838
1.9181
1.1773
-6.0361
-1.2487
3.8153
2.2223
3.7964
1.279
-1.2772
-1.1603
1.8204
1.1568
-3.6361
-0.20965
1.6853
-4.5371
-0.21562
0.38856
-5.1698
-4.617
1.342
-2.7334
-3.8778
0.16899
-0.57618
-5.3979
-1.7429
0.78546
-2.5497
-3.2009
0.61814
-1.5992
-1.9084
-0.42681
0.37735
-1.6757
-0.86852
0.5415
-1.7436
-3.357
-5.4706
0.83547
-0.74075
-6.9636
-0.1801
4.155
-4.8632
-4.5126
0.31873
0.75955
-0.6026
-1.5448
1.3364
-0.10999
0.91186
3.6016
8.7911
5.5767
-9.3546
-1.3102
5.04
5.7929
3.4143
2.6795
2.4395
3.2242
0.60378
2.3069
1.1733
0.92789
2.1228
3.4857
0.48857
0.045721
5.3785
4.3688
0.012922
2.5671
0.6215
-3.7066
0.24107
2.1033
3.4623
4.735
-0.34603
-1.3167
-0.050274
1.833
-0.41598
-2.5442
-0.065035
0.72186
-2.0575
-2.1214
-0.76197
-5.201
-0.93833
-1.2461
-2.0563
-2.6041
-0.44161
-2.287
-4.8796
0.51774
-0.17501
-4.1925
-2.5024
-2.7682
-0.45455
-0.66852
-1.5637
-0.33303
-0.58046
-3.6342
-2.4978
1.758
-7.5663
-2.8832
4.9662
0.088618
-8.5784
-0.32128
3.0869
-1.6397
-3.0547
2.0478
1.6013
0.0021679
2.9017
4.057
-2.4404
-7.0711
2.6476
5.9018
4.8532
2.6701
1.2924
2.8999
3.8387
0.24015
2.7528
0.35706
1.89
1.1107
2.5421
1.732
1.4799
1.3883
3.5173
5.4795
-0.96004
1.1569
5.9718
-0.16888
-0.08511
-2.7465
-2.9193
3.783
3.6499
2.6907
0.51331
1.7155
1.3651
-2.2077
-0.60549
-2.4901
0.025174
-1.568
-5.1107
-2.1904
1.5193
-4.6991
-1.7402
-1.083
-2.3043
-4.6832
-0.52968
-0.15581
-2.7505
-2.3837
0.19918
-1.833
-2.4893
-0.59096
-0.64647
-0.94607
-1.1059
-0.023951
-1.1707
-3.3278
-5.2849
-0.17989
-0.53343
4.1882
-4.6156
-4.8322
0.32478
-0.93048
-0.39437
0.84653
-0.36818
-1.6832
1.8593
1.7317
2.5481
7.747
4.7115
3.3798
-8.8503
-1.6482
4.8145
6.12
3.9015
0.74329
2.7085
3.7023
2.6451
-0.20579
3.1609
0.040487
3.0006
1.3728
1.1567
1.8978
4.0702
4.7677
-0.05771
0.72199
-1.3983
-4.1191
1.2602
1.6151
3.5635
-1.374
-2.4776
1.0078
1.1473
-0.066028
-0.85149
-0.38991
-0.36028
-0.26831
-1.3733
-0.56029
-3.7898
-1.2785
-1.4643
-4.5724
-2.9983
0.62963
-0.64152
-5.433
-1.4795
-0.85317
-0.89966
-3.4163
-1.4387
0.6483
0.66723
-3.3423
-0.059334
0.93433
-4.6897
-4.0076
-1.7744
0.87031
-3.2932
3.925
-2.5133
-4.9095
-0.72489
1.3159
-0.44851
-1.4691
-0.1298
1.4242
-1.4042
0.18211
1.7987
0.51466
7.5877
6.102
3.3202
-0.61809
-5.7341
0.57354
6.1506
5.656
0.66971
1.2644
4.2656
3.1455
0.94584
1.3014
2.2325
1.2639
0.04194
0.545
2.8786
5.0586
1.2237
1.004
3.9761
1.9843
-0.92936
-4.1412
-2.2552
1.6428
3.0497
6.8375
-3.199
-1.2625
2.3112
-0.91942
-0.27106
0.70771
-2.2393
-1.5924
1.7658
-0.049735
-3.3274
-2.776
-1.8659
-2.7791
-0.98824
-4.9423
-0.079784
-1.44
-2.8902
-2.9508
-1.9189
-0.8169
-2.1695
-1.2906
-0.38479
-2.895
-1.7091
0.80179
-1.1069
-3.1022
2.1229
-2.3261
-3.5777
-3.8037
-1.2066
-0.53683
-6.9267
-0.46979
3.4494
-3.5065
-5.0924
0.51644
-0.094908
-1.1348
-0.65657
1.5481
0.96026
3.927
9.0319
0.29943
-9.2527
-1.3071
4.1301
5.1702
5.192
3.3937
0.93428
3.749
3.139
-0.011464
2.7691
0.45806
1.663
1.5488
2.294
2.5459
0.63813
1.2866
6.1725
3.4216
-1.0226
3.4702
3.7655
-1.0655
1.2169
-3.4375
-1.0895
1.1519
1.376
6.7427
0.20726
-1.9081
-2.5931
1.354
4.1702
-1.9587
-3.9929
-0.69324
1.398
-1.3084
-2.044
-2.9459
-3.347
-2.7579
0.5224
-2.7549
-2.6322
-1.3743
-0.74791
-5.2176
-0.7783
0.61783
-2.8575
-1.5265
-0.84573
-0.78132
-2.6176
-1.4549
0.21501
-1.4678
-2.089
0.28309
-2.1361
-5.121
-2.8879
0.76187
-4.3201
-4.4396
3.6477
1.4908
-7.3076
-2.917
1.9961
0.82558
-2.2506
-0.49014
2.1342
-1.1063
-0.29404
1.6648
1.1376
4.889
5.0266
4.4551
1.6949
-1.4703
-3.2847
3.0495
7.1641
2.4271
-0.059381
3.9172
4.6019
0.45548
1.984
1.6497
1.2343
-0.53403
2.4182
3.1365
1.1603
3.2833
2.8631
1.84
2.6469
1.5834
2.5829
1.1925
1.1468
-4.3827
-1.6805
2.3149
2.1869
3.4455
2.2035
-1.8518
-1.2614
1.6378
-0.9229
-2.0497
-0.89906
0.52236
1.2711
-5.0214
-3.5858
0.15518
-0.83208
-3.0265
-5.486
-0.83316
0.91592
-2.9198
-5.3882
-0.71409
-1.0922
-1.0165
-1.4587
0.033021
-3.2299
-0.39523
1.3957
-2.2243
-0.24071
-2.4434
-5.8775
3.1626
-2.4839
-6.3127
0.80389
2.1247
-2.7182
-2.9425
-0.069109
1.2412
-2.6308
-0.03623
2.6823
-0.90966
-1.5493
-0.077607
2.3415
0.85165
5.1943
-5.2828
-0.055274
5.429
5.6904
0.6111
3.9032
2.05
-3.7267
1.1643
3.5604
0.83574
0.87307
2.5
0.34299
0.68797
2.285
0.82865
0.074771
3.2818
1.8676
0.93714
0.95059
2.9963
2.0872
0.42052
-0.33066
-1.3856
0.58092
-0.021874
-3.2574
-0.034892
1.235
-2.1379
-2.1303
-0.81158
2.6899
-0.4458
-5.5738
0.24792
0.22166
-2.1985
-2.221
4.2959
0.27408
-3.6928
-0.040247
1.4138
-1.0891
-1.1004
1.1312
0.56209
-2.4063
1.9827
0.34331
-3.6064
0.25664
2.8715
-1.058
-2.5096
3.2484
-3.1928
-2.9045
-3.1516
3.8997
-1.5125
-3.5182
0.78446
4.5573
-0.83475
-4.2687
2.8667
3.3365
-3.1064
-0.36993
5.5774
1.7917
-2.2437
-4.2857
0.56512
2.4292
2.0443
-0.3311
-3.5978
-0.54564
2.6169
0.70323
0.79423
-0.79228
-0.00024101
0.018571
0.8264
1.4563
2.8373
4.1968
-1.8577
-1.0244
0.59702
4.9226
0.89823
-4.4474
2.3744
2.9959
-0.67571
1.0648
1.2651
-0.058571
-0.0036031
-0.86025
0.71728
-2.3517
0.37657
6.1973
-0.27232
-1.59
-1.9355
5.9303
4.1769
0.34948
4.1223
1.5219
-3.8594
-0.35111
1.2151
-0.34423
0.83895
1.8245
-2.1611
-3.1616
2.0789
2.6242
-2.8491
-2.158
2.0028
-1.9795
-3.5244
2.4187
1.3704
-3.2892
-4.793
3.3195
-1.9913
-3.6747
1.1119
1.3277
-3.2619
-2.0207
3.6302
-0.74561
-3.0937
2.0815
2.2146
-2.1801
-0.14826
1.9966
0.75578
0.20569
-1.4438
1.9428
0.98027
-1.6131
0.71868
1.3292
-0.64968
1.3588
2.8463
-0.72114
-0.81194
2.3856
0.88026
2.607
3.2984
-2.1611
0.31979
3.4126
0.93385
-2.0121
0.24277
2.2007
1.0986
1.1104
0.91667
0.1419
-0.2338
2.3942
0.074037
-1.8918
-0.80266
5.0786
2.9615
-2.3371
-2.1388
2.3274
3.9707
-2.1689
0.36913
8.7231
2.331
-5.1892
0.16375
-0.56578
2.3585
3.744
0.43441
1.876
0.1983
0.7236
-1.2815
-0.39331
-0.76873
-1.3361
-1.6293
1.7045
-0.80422
-1.0641
-4.0387
-0.41191
1.4319
-2.0393
-0.98909
3.5871
-4.0615
-1.9716
4.0216
-2.4122
-3.768
4.6657
2.8262
-4.8581
-2.0084
-1.0853
1.0815
2.0118
-1.358
-3.044
0.67864
-0.42025
-0.27482
0.96792
0.36293
-0.71777
1.2037
0.79707
-1.3755
3.4207
0.40546
-1.9002
1.2465
2.8813
-0.014897
2.6005
2.1889
6.0185
-5.763
-3.3409
7.1732
-5.6671
0.58198
5.3725
-0.64896
0.42235
1.4779
-1.3278
-0.75558
5.8978
-0.40579
-3.7397
2.4068
4.1956
0.85598
-3.1811
7.0528
8.2887
-4.9421
-2.3484
4.3821
1.1713
-0.63696
2.1145
0.40386
2.5334
1.5409
0.23044
-0.8124
-1.1303
2.0913
5.2793
-1.9554
-0.34079
2.0119
-3.3172
-1.4072
1.4272
-1.3371
1.9426
1.1635
-6.6552
-0.27223
-6.1718
4.0156
2.6633
-6.1833
-3.9642
4.1996
2.9506
-2.6725
-1.1361
0.55056
-0.043726
-2.1354
-2.0395
-0.74895
-0.13862
-1.795
0.24036
0.6917
-0.47348
-0.26732
0.43597
0.011493
1.1316
1.5345
-1.3691
-1.1394
1.8881
0.78053
1.3067
1.1566
1.5448
-1.326
2.815
2.2087
-3.3191
-0.36391
4.5962
2.8487
-1.4459
0.037829
1.9785
1.6823
2.5943
-2.76
-0.33179
2.925
5.6308
-0.72106
-2.5862
2.919
3.7783
0.29142
1.4056
-0.25951
12.197
1.8736
-3.0595
0.90261
1.7314
1.2892
0.56795
0.86343
-0.56779
4.8929
3.1482
-0.49467
-0.47168
-0.10343
1.2174
2.2674
2.025
1.2707
2.2835
-0.18711
-3.4462
-3.7995
1.69
0.96932
-2.9439
-0.53863
5.2695
1.6531
-3.5473
-1.2714
0.21497
0.89581
-3.1029
-4.525
3.4264
5.1276
-4.689
0.58025
0.2849
-3.0929
0.86421
-2.0448
-2.3635
-0.47836
-1.5717
-0.8726
-0.39595
-0.016762
-0.91919
0.015676
-0.79364
-0.36148
3.0547
-0.27552
-2.7476
0.44557
1.2903
-0.11243
3.3488
-1.5792
3.2119
0.51481
-3.3868
1.2552
6.7197
-2.8623
-2.8273
5.546
-3.1772
-0.21593
4.2667
0.39519
2.7127
2.979
-1.681
1.4179
2.8726
1.3573
0.66733
3.7233
9.4917
-0.60147
2.4106
5.4658
-6.0259
-0.53925
5.5106
-0.066834
0.7212
3.2143
4.348
-1.233
-1.1015
3.8963
1.3461
0.045462
4.6749
2.9177
-0.83289
-1.4301
-4.5902
1.7706
0.94275
-4.5906
3.2705
6.6907
-2.0126
-0.45142
0.45662
-2.7557
-2.8488
-1.8755
-1.5803
3.3007
3.2349
-5.0593
-2.4692
-4.5719
-0.090973
-0.28902
-0.66309
-3.2604
-2.3839
-1.7573
-1.6386
0.10032
-2.022
-1.8483
0.31816
-0.18523
-1.7949
0.64434
1.3509
-1.1933
0.090059
-2.845
0.2864
0.48603
5.1324
-3.4636
-0.85979
4.2194
3.027
-2.2996
-2.6475
4.5244
1.2452
-1.1939
1.719
4.0223
-0.86306
-1.1007
4.4546
-0.71681
-1.1745
8.0999
3.0126
-2.2043
2.8561
3.9161
0.36818
2.3196
-2.2663
8.8416
6.4613
-1.362
4.5238
4.036
-1.441
1.0139
5.2743
-0.47015
1.0237
3.0237
2.9234
-1.6363
1.9434
2.4772
-1.7027
-1.2191
6.2378
4.3404
-2.2132
0.60445
-3.4407
-1.3912
3.4697
-0.74191
-6.2306
0.30228
4.4147
0.69848
-1.6514
0.87294
-0.72628
-5.8684
-3.8017
1.0565
8.0522
-2.1182
-6.8904
-2.8859
0.60009
-1.4932
-2.3161
-2.2429
-4.313
-1.7125
-0.38216
-3.5896
-0.75522
-0.36039
-1.8629
-0.56326
0.077764
0.1704
1.0987
-1.6711
0.70647
-0.62015
-1.3014
-0.45036
2.3099
3.5588
-1.8068
1.1905
0.86419
1.7272
0.9225
-0.67447
-0.27721
2.7215
2.7239
1.0147
0.11389
2.3263
-0.13933
0.2413
2.523
2.1085
3.755
3.2282
2.0068
2.4059
2.0801
1.6301
0.7427
-2.0924
11.035
2.8351
-3.0054
3.4261
3.0597
2.4046
1.9996
0.15403
1.5401
2.8725
2.0579
0.52212
-2.3239
3.0741
-0.45736
-1.4783
3.7645
0.27218
2.6496
-1.485
-3.9697
-0.0080277
1.9795
-0.35233
-4.1349
-1.1389
0.77293
-0.26886
-0.77578
2.9292
-1.1327
-2.7858
-1.7737
-5.0946
-2.7224
9.5496
0.08852
-6.7817
-4.4369
1.0176
-0.92836
-2.4701
-3.2528
-2.1383
-1.529
-2.7518
-2.7141
0.72736
-0.93148
0.1709
-1.7227
0.61103
2.0704
0.37234
-1.7029
-0.457
0.96868
-0.19744
1.9567
1.9277
1.536
1.2022
0.79331
1.2099
-1.0633
1.542
1.8269
-0.30742
1.9277
6.4225
-1.5644
-2.0801
3.7813
-0.25554
3.4177
4.9026
4.9215
2.9961
1.1529
3.8493
-1.557
-0.12062
2.6301
7.8987
4.2714
-2.0559
3.1746
4.447
1.2557
-0.1595
2.5635
-1.22
0.72292
3.5832
4.3863
-1.7611
-1.568
0.3345
1.093
-2.6967
1.433
3.9587
-0.81711
-0.89534
-0.0252
-4.2777
-1.7787
1.3306
-2.4539
-2.8244
1.6948
-0.079406
-2.6733
-1.4573
1.4377
-0.86962
-5.5278
-3.5688
0.94414
-7.7481
-0.46929
2.1871
-4.6649
-5.7595
4.3974
1.2269
-9.5012
-2.088
4.3693
-2.4147
-2.5008
1.7458
-0.35742
-0.62494
1.1801
1.4248
2.5055
-2.3782
-1.0644
1.8555
1.8518
-0.55946
2.4256
3.2382
0.44575
0.39984
0.75435
2.5732
-0.42256
-0.66155
2.39
3.1728
0.66357
2.3302
0.75854
1.0683
-0.035318
0.29219
9.3339
4.8795
-2.729
4.2382
5.8038
1.1407
-0.83548
2.324
1.6681
5.8994
3.4198
-0.41925
3.9001
2.747
-0.047137
1.315
1.9199
0.79046
0.4779
2.6521
2.2721
-2.3673
-1.3166
-2.1838
0.97867
-2.3021
0.544
4.9484
-0.083854
-5.4534
0.94062
1.5302
-4.86
-1.8426
0.42879
-2.3754
-1.6743
-0.25666
0.04778
-3.0825
-0.16079
0.11637
-0.62209
-7.567
-1.2666
8.1593
-9.0656
-1.2288
4.8622
-6.8762
-4.1248
5.9189
-3.9046
-7.3079
1.1601
3.5668
-3.5373
-2.8959
3.1377
0.23943
-1.4064
1.7528
4.38
-0.56709
-2.6669
2.8543
3.6515
2.0739
2.8231
3.1346
0.17562
-0.50624
1.4108
2.9977
2.6905
-2.7993
2.3815
3.9631
-0.98972
0.66005
3.4398
4.1693
-1.8431
-4.275
0.36854
12.167
4.2741
-3.4112
4.4015
1.306
-3.1588
-1.1289
4.8847
1.7865
-0.71499
1.7021
0.66708
-0.33564
-0.9551
0.3393
0.32571
0.033169
-0.69893
1.474
-0.49452
-1.0381
0.32934
-0.24975
0.051183
-1.0287
-0.9059
-0.38611
-0.33361
-1.0065
-2
-0.84478
-0.74126
-2.1463
-2.6695
-1.277
-1.0144
-2.3871
-1.4781
-0.45113
-1.2332
-1.1775
-0.52123
-0.29376
0.39771
-0.54299
-0.31472
1.6885
0.71367
-1.1846
1.3093
1.9413
-0.0024686
0.61297
1.8737
1.5436
1.1448
1.6405
1.5485
0.56839
2.0303
2.0267
0.52345
1.5356
1.6837
1.3802
1.3966
0.67123
1.835
0.99307
0.41978
1.6201
0.77941
0.067852
0.76847
0.56141
0.039372
0.11664
0.039455
0.057629
-0.24914
-0.56957
-0.017191
-0.32998
-0.50657
-0.28955
-0.38189
-0.26272
-0.34617
-0.23256
-0.16548
-0.10456
0.046383
0.093134
0.32875
0.21483
0.36765
0.71316
0.38716
0.51323
0.78487
0.69057
0.76263
0.81788
0.70306
0.84363
0.79626
0.66204
0.70516
0.58964
0.49347
0.43326
0.31014
0.26639
0.14069
0.14205
0.2333
0.048456
0.022919
0.093912
0.04523
0.029885
0.091747
0.036617
0.15052
0.14519
0.20204
0.34136
0.25622
0.28954
0.45652
0.4792
0.41011
0.5818
0.50219
0.46215
0.54988
0.5045
0.47946
0.49484
0.34984
0.43733
0.33656
0.2711
0.27374
0.15041
0.337
0.12754
0.1318
0.28082
0.065338
0.28029
0.1701
0.17136
0.34398
0.18968
0.26471
0.36807
0.3489
0.34541
0.33984
0.47609
0.43245
0.21764
0.39894
0.60501
0.28319
0.38105
0.44413
0.30966
0.45805
0.32604
0.28974
0.38514
0.28736
0.21779
0.36879
0.25801
0.21667
0.34875
0.20591
0.25639
0.32964
0.20976
0.30824
0.34041
0.24557
0.36193
0.3498
0.32741
0.38367
0.34022
0.35779
0.38206
0.3541
0.34342
0.37711
0.30962
0.35034
0.34567
0.2877
0.32738
0.36178
0.27783
0.34967
0.33673
0.31896
0.31597
0.30745
0.26468
0.29514
0.32188
0.25658
0.28331
0.28259
0.29901
0.22816
0.28993
0.29079
0.23879
0.29222
0.31384
0.2857
0.27572
0.3428
0.25434
0.33988
0.2649
0.35257
0.3099
0.21717
0.37904
0.26977
0.20179
0.34322
0.29367
0.21661
0.28278
0.32649
0.25205
0.27976
0.31251
0.30541
0.2921
0.37609
0.24638
0.36584
0.43174
0.25146
0.36378
0.34703
0.35713
0.31524
0.30077
0.33268
0.30997
0.27225
0.29727
0.34771
0.26441
0.29529
0.31127
0.24858
0.31978
0.28924
0.32058
0.27974
0.29169
0.36836
0.27498
0.29546
0.32335
0.29666
0.31735
0.3211
0.33541
0.28073
0.34649
0.27929
0.31189
0.3287
0.27982
0.31368
0.30693
0.28296
0.30258
0.29496
0.26229
0.33623
0.2959
0.26625
0.31475
0.31878
0.29677
0.30649
0.28366
0.30257
0.3143
0.27077
0.31229
0.29261
0.27773
0.3189
0.30224
0.33104
0.29218
0.31989
0.27283
0.26783
0.31021
0.2478
0.33085
0.28757
0.27711
0.39299
0.27033
0.31285
0.36638
0.29653
0.35398
0.33403
0.30539
0.33889
0.36084
0.30142
0.31811
0.31872
0.31455
0.32128
0.30364
0.31309
0.33013
0.257
0.30976
0.33657
0.22357
0.33383
0.27962
0.29003
0.32782
0.24711
0.35015
0.28366
0.28797
0.31847
0.29937
0.3224
0.2601
0.3376
0.30518
0.27526
0.32453
0.28444
0.29833
0.33097
0.30494
0.29199
0.32292
0.29179
0.31501
0.30226
0.29027
0.35066
0.27445
0.30693
0.3233
0.32699
0.29589
0.29713
0.31259
0.29875
0.27943
0.30639
0.3215
0.31055
0.28544
0.32355
0.29017
0.31879
0.28261
0.29289
0.31855
0.29216
0.26962
0.3557
0.31941
0.2997
0.35541
0.33417
0.28028
0.30609
0.33024
0.28484
0.28181
0.34804
0.23866
0.29368
0.31465
0.26608
0.30034
0.30095
0.24959
0.26109
0.38753
0.16631
0.35972
0.35272
0.19128
0.35833
0.29215
0.33446
0.32565
0.29891
0.3633
0.357
0.28822
0.34419
0.35948
0.30568
0.35641
0.28031
0.3355
0.33763
0.26209
0.30757
0.32622
0.25889
0.3167
0.29797
0.27915
0.30931
0.29045
0.3473
0.30222
0.30956
0.34237
0.28114
0.30903
0.29732
0.32819
0.33505
0.31281
0.30696
0.31978
0.29573
0.32742
0.28398
0.31651
0.34788
0.294
0.34005
0.28332
0.31776
0.34415
0.28729
0.28233
0.39066
0.2955
0.30653
0.33419
0.28862
0.31756
0.31047
0.31211
0.33638
0.31867
0.2939
0.32183
0.29722
0.33451
0.33008
0.27871
0.34618
0.34342
0.2446
0.35331
0.32532
0.30979
0.33264
0.30027
0.32346
0.31323
0.29954
0.316
0.31731
0.3299
0.32645
0.30381
0.35177
0.29909
0.3176
0.34495
0.29461
0.33358
0.34605
0.29465
0.32824
0.32716
0.30627
0.31345
0.327
0.29629
0.32422
0.32317
0.2795
0.32019
0.28771
0.29639
0.30745
0.30018
0.27962
0.3302
0.29144
0.32716
0.32801
0.30416
0.31892
0.29878
0.34745
0.28326
0.30998
0.31291
0.2977
0.30838
0.29944
0.29515
0.30385
0.28738
0.27636
0.3668
0.27424
0.2914
0.30569
0.35251
0.31099
0.33119
0.32789
0.34299
0.28395
0.33984
