-0.21967
-0.022127
0.10392
0.16604
0.17176
0.12866
0.044285
-0.073813
-0.35618
-0.58679
-0.4549
-0.50276
-0.52356
-0.48355
-0.25389
-0.42689
-0.55672
-0.58471
-0.49884
-0.10724
-0.17048
0.055603
0.22597
0.45104
0.57354
0.26267
0.33192
0.3887
0.52738
0.4467
0.58943
0.61035
0.79595
1.0375
0.97386
1.1104
0.88956
0.58985
0.17957
-0.070327
0.0081429
-0.0090054
0.12098
0.29235
0.44771
0.24691
0.0075643
-0.90063
-1.7153
-2.1046
-1.8419
-1.3573
-0.65642
0.044952
0.62724
1.1104
1.3645
1.1131
1.0251
0.70433
0.30905
-0.42555
-0.62224
-0.28783
0.035345
0.60128
1.4265
1.5463
1.1143
0.26275
-0.65878
-1.5008
-1.7437
-1.7742
-1.8179
-1.8506
-1.6495
-1.3082
-1.064
-0.19346
0.45998
0.55176
0.23589
-0.50355
-0.47726
-0.38602
-0.13419
0.23513
0.5812
0.51667
0.4492
0.097735
-0.29299
-0.52745
-0.54775
-0.48209
-0.45562
-0.64628
-0.41159
-0.021464
0.17816
0.59259
1.1027
0.9474
0.69106
0.29741
-0.016694
-0.27321
-0.46564
-0.5047
-0.23408
-0.30118
-0.29711
0.031246
-0.1635
0.15001
0.5425
0.86203
0.64365
0.048635
-0.83614
-1.2492
-1.2081
-0.79733
-0.030669
0.049436
0.39191
0.42037
0.19786
0.4463
0.8044
0.9234
0.4146
-0.34804
-1.2221
-0.60724
0.80393
1.8301
2.5118
2.3201
1.8352
0.86041
0.24661
-0.24021
-0.64787
-1.2203
-1.9431
-2.3629
-2.7372
-1.812
-0.87917
-0.46911
0.23128
0.53501
-0.021957
-0.78109
-0.81493
-0.60748
-0.48719
-0.23795
0.19084
0.80931
1.1284
1.0464
0.76614
0.56104
0.54703
0.19061
-0.48539
-0.75451
-0.49777
-0.30235
-0.68844
-0.20905
0.45256
0.93546
1.7738
1.9345
1.5591
1.0401
0.66515
0.3935
0.26192
0.099846
-0.35982
-0.61012
-1.0854
-0.82117
-0.51751
-0.17019
0.51999
0.36283
-0.31935
-0.9646
-1.5615
-1.9656
-1.4453
-0.79785
0.023287
0.81794
1.1276
1.1301
1.0684
0.74498
0.51116
0.22213
0.010959
-0.25394
-0.67127
-0.82214
-0.43065
0.34871
1.7357
2.4421
2.5772
2.0013
0.80583
0.10159
-0.52552
-1.0157
-1.3793
-1.8095
-2.5328
-2.8872
-2.9605
-1.9879
-0.4055
0.17662
0.26011
-0.29474
-0.85331
-0.86779
-1.2345
-1.2755
-1.1615
-0.77983
-0.40973
0.011794
0.078823
-0.016728
0.27767
-0.062401
-0.51094
-0.58183
-0.64568
-1.0493
-0.97824
-0.10292
0.92297
1.1666
0.92326
0.52262
0.023594
-0.617
-0.77047
-0.73277
-0.60722
-0.23983
0.012222
0.31954
0.95607
1.68
1.6424
0.57843
-0.22706
-0.72754
-0.97056
-1.5106
-1.8737
-2.0705
-1.6208
-0.267
0.4812
0.93628
1.1309
1.0796
1.1176
1.3238
1.5925
1.4865
1.1254
-0.089034
-0.19594
0.34769
1.4885
2.3442
1.9339
1.2443
0.34083
-0.34196
-0.63253
-0.82934
-1.0714
-1.7564
-2.1217
-2.1459
-1.1281
-0.19801
0.18682
-0.026232
-0.57621
-1.2026
-1.8499
-1.8549
-1.9087
-1.442
-0.86276
-0.83973
-0.69025
-0.20593
0.14655
0.51542
0.25296
-0.009889
-0.72542
-0.94956
-0.62559
0.72422
1.9866
2.8781
2.4824
1.4144
0.42888
0.018665
-0.4927
-0.8415
-1.2751
-1.3106
-1.7823
-0.98556
0.34195
1.4688
2.0413
1.7354
0.96365
0.10841
-0.56705
-0.90496
-1.5428
-1.9565
-2.056
-1.8616
-1.3019
0.15454
1.0126
1.2988
1.3573
1.5977
1.5745
1.5099
1.5952
1.3015
0.78597
-0.36731
-0.34819
0.50742
1.0817
1.7448
1.5382
0.33544
-0.72595
-1.0166
-1.3712
-1.417
-1.6208
-2.0754
-2.0973
-2.4785
-1.2733
-0.11575
0.22021
0.57016
0.15593
-0.98769
-1.3995
-1.6807
-1.7014
-1.5467
-1.3685
-0.69992
0.011457
0.53302
1.1983
1.0263
0.82551
0.44097
-0.064364
-0.42255
-0.71929
-0.76493
-1.1715
-0.97018
-0.16691
1.2539
2.4846
2.9856
2.5497
1.4796
0.70177
0.078346
-0.32818
-0.79194
-1.2894
-1.4891
-1.9397
-1.2321
-0.068737
1.1515
2.0426
1.7662
1.2335
0.47355
-0.23152
-0.64254
-1.1907
-1.7678
-2.3049
-2.1721
-1.0688
-0.057126
1.1069
1.7985
2.0207
1.7432
1.207
0.86899
0.41687
0.037629
-0.31916
-0.65218
-0.6903
-0.31294
0.045451
0.5049
1.6578
2.0935
2.1006
1.8566
0.84206
0.1639
-0.56113
-0.8559
-0.99972
-1.3076
-1.589
-2.238
-2.39
-1.5838
-0.68812
-0.28506
0.16919
0.41637
0.16593
0.098168
0.14616
-0.34192
-0.86414
-1.4549
-2.0897
-2.3967
-2.1978
-2.0871
-1.2733
-0.43153
0.67939
1.264
1.396
1.0462
0.54745
0.0048386
-0.2038
-0.56824
-0.64467
-0.54363
-0.82112
-0.52666
0.40883
1.2599
2.4244
2.3747
1.7775
0.90305
0.31421
0.1615
-0.19532
-0.45952
-0.55076
-0.88999
-1.14
-0.68672
0.10701
1.0265
1.6811
1.2869
0.72357
-0.037821
-0.99694
-1.2947
-1.1974
-0.45762
0.30718
0.85945
1.1601
0.98375
1.158
0.88511
0.66833
0.47809
0.14866
-0.50947
-1.1335
-0.90613
0.10659
0.95454
1.4802
1.1779
-0.022829
-1.0994
-1.2981
-1.7039
-1.7378
-1.8927
-2.2094
-2.1303
-2.0512
-1.7358
-0.53529
-0.15829
0.18584
0.27024
-0.29845
-0.18923
-0.19927
-0.71672
-1.1508
-2.0668
-1.9233
-1.563
-1.3153
-0.91402
-0.86964
-0.72079
-0.538
0.079042
0.39364
0.30706
-0.039535
-0.51791
-0.92956
-0.6718
0.58277
1.9948
2.5905
2.4054
1.343
0.95636
0.4146
0.29742
-0.029623
-0.72455
-0.95859
-1.1968
-1.1048
-0.11161
0.77536
1.659
1.2327
0.57463
-0.019537
-0.73682
-1.0096
-0.92051
-0.5741
0.0026739
0.58996
1.163
1.2216
1.1656
0.88424
0.83787
0.54988
0.14298
-0.014688
-0.718
-0.6708
-0.58822
-0.13081
0.84013
1.4482
1.9884
1.798
1.1776
0.3465
0.073677
-0.47195
-0.80824
-1.2121
-1.8867
-2.0961
-2.1913
-1.676
-0.96431
-0.50799
0.10639
0.33665
0.16344
-0.13344
0.022659
-0.53083
-0.95306
-1.9639
-1.753
-1.5027
-1.284
-1.2356
-1.472
-1.4933
-1.1728
-0.80688
-0.35082
0.031864
0.27057
-0.36824
-0.96197
-1.0549
0.38358
1.2752
2.4378
2.5825
1.9842
1.1694
0.59877
0.10758
-0.16308
-0.47261
-0.84403
-1.3696
-1.5251
-0.99339
0.30624
1.0975
1.7196
1.4837
0.89716
0.12411
-0.32881
-0.8539
-1.2404
-1.9985
-2.0678
-1.7659
-0.95284
0.022966
1.1058
1.5744
1.7908
1.6208
1.2775
0.67102
0.49698
-0.056943
-0.47788
-1.0879
-0.87577
-0.57532
-0.063809
0.3055
1.0539
1.4571
1.3691
1.0013
0.19851
-0.99052
-1.0371
-1.2852
-1.7225
-1.6036
-1.8388
-2.2334
-1.9692
-1.5968
-0.80936
-0.14473
0.30949
0.47538
0.093656
-0.17685
-0.044777
-0.62386
-1.08
-1.5516
-1.9473
-1.9451
-1.7668
-1.5506
-0.77584
0.17367
0.89782
1.1818
0.93936
0.71761
0.12994
-0.31844
-0.51066
-0.89712
-0.34594
-0.5664
-0.92063
-0.3447
0.5999
1.8999
2.6954
2.5165
1.7411
1.1489
0.39704
0.035786
-0.37724
-0.63644
-0.83029
-1.362
-1.2252
-0.49633
0.45771
1.5388
1.6363
1.0824
0.23222
-0.4877
-0.89601
-1.2141
-1.6879
-1.6359
-1.4089
-0.81093
0.070885
0.75533
1.3142
1.4044
1.227
0.93301
0.45342
0.15313
0.0070801
-0.23152
-0.58897
-0.47031
-0.42812
-0.1296
0.15559
0.2444
0.80845
1.4672
1.7925
1.8272
1.362
0.60094
0.19882
-0.2599
-0.71099
-1.1284
-1.7606
-2.0966
-2.1739
-1.987
-1.1325
-0.25546
0.069675
0.23917
0.14821
-0.16599
-0.15389
-0.63544
-0.90588
-1.6667
-1.9291
-1.7562
-1.7392
-1.5172
-0.86447
-0.033836
0.67554
1.1312
1.2165
0.89481
0.35014
-0.11957
-0.50926
-0.78928
-0.50068
-0.35711
-0.77943
-0.50725
0.20576
1.1183
2.2533
2.3858
1.8403
1.2635
0.56933
0.23732
-0.12761
-0.31965
-0.52271
-0.87902
-1.1956
-0.63308
0.088657
0.94374
1.563
1.1215
0.49214
-0.081671
-0.5457
-0.98511
-1.4258
-1.7975
-1.6165
-1.0094
-0.15649
0.49777
0.63077
0.59969
0.52899
0.27984
0.28297
0.10958
0.16459
-0.063853
-0.21949
-0.28883
-0.033819
0.496
0.47088
0.51149
0.89065
1.1618
1.4023
1.2365
0.69696
-0.08163
-0.017575
-0.28957
-0.73918
-1.1502
-1.5946
-1.9614
-2.0912
-1.4527
-0.54154
-0.097715
0.073546
0.018178
-0.43706
-0.81831
-0.55584
-1.0455
-1.1311
-1.3944
-1.6479
-1.9677
-1.8124
-1.3369
-0.5594
0.050505
0.58151
0.85357
0.74197
0.39868
0.42135
0.14645
0.41439
-0.069929
-0.069698
-0.74722
-0.45376
0.016473
0.63714
1.4228
1.8573
1.545
0.95754
0.58262
0.48243
0.87038
0.95741
0.57536
0.46722
-0.29411
-0.25427
-0.28437
0.025173
0.61741
0.53787
-0.029814
-0.25478
-0.25158
-0.061524
0.089551
-0.44358
-1.1617
-2.1669
-2.7082
-2.534
-1.3382
-0.37986
0.61276
1.151
1.2443
1.5211
0.81787
0.68334
0.36616
0.11086
-0.22613
-0.79732
-0.56227
0.10977
1.0126
1.7085
2.4592
2.5765
1.9771
1.0484
-0.3563
-0.74662
-1.2046
-1.2941
-1.3212
-1.6058
-2.054
-2.1089
-1.9565
-0.89064
-0.026628
0.34705
0.24491
0.098349
-0.22515
-0.27365
-0.69619
-0.76084
-1.1609
-1.769
-2.6339
-2.6255
-2.4607
-1.5172
-0.44198
0.63517
1.2646
1.5887
1.5148
1.4995
1.0677
0.57253
0.085743
-0.18209
-0.89242
-0.45756
-0.27422
0.78011
1.8039
2.426
1.8036
1.144
0.54878
0.29497
-0.031352
-0.12236
0.057705
-0.08095
-0.44738
0.10004
0.13524
0.69399
0.94862
0.80542
0.22356
-0.096978
-0.25209
-0.082648
-0.466
-0.63067
-1.5027
-2.3373
-2.7037
-2.2696
-1.2388
-0.087696
0.62998
1.0738
1.0718
1.247
1.0994
0.73587
0.27581
-0.181
-0.76471
-0.92044
-0.78955
-0.36051
0.56515
1.4771
1.5833
1.5317
1.2877
1.0922
0.12904
-0.45495
-0.62235
-0.91498
-0.86655
-1.1457
-1.3989
-1.741
-1.2482
-0.50396
-0.36798
0.027358
0.27214
0.15233
0.045457
-0.25226
-0.52142
-0.78826
-1.4639
-1.7349
-1.8048
-1.5819
-1.3001
-1.3071
-1.2586
-0.83939
-0.13085
0.5757
1.1871
1.2461
1.3376
0.62513
0.079239
0.43072
1.062
2.204
2.35
1.7138
1.0687
0.57127
0.32402
-0.15633
-0.663
-1.1866
-1.6215
-2.1735
-1.8236
-1.1214
-0.26552
0.55253
0.68356
0.36949
0.15219
0.097736
0.088459
-0.097578
-0.23414
-0.33234
-0.37629
-0.39135
-0.33629
-0.21439
-0.10699
0.0053258
0.10949
0.17189
0.22133
0.18887
0.090665
-0.028359
-0.12126
-0.22285
-0.30199
-0.30249
-0.22355
-0.1402
-0.072955
-0.1429
-0.21533
-0.21784
-0.20534
-0.23741
-0.23248
-0.20618
-0.19766
-0.12479
-0.057582
-0.035936
-0.002124
0.023525
0.026731
0.0072669
0.045127
0.072344
0.091707
0.052676
0.027792
0.05309
0.075302
0.12159
0.10121
0.11326
0.099746
0.10615
0.10708
0.10935
0.12229
0.086037
0.060061
0.018571
-0.0082297
0.0072464
-0.0083582
-0.037949
-0.057627
-0.052371
-0.09292
-0.081682
-0.085396
-0.076023
-0.041864
-0.049475
-0.050085
-0.037643
-0.021853
-0.0040776
0.0022507
0.0071149
0.012607
0.022125
0.029055
0.041825
0.033018
0.045584
0.058621
0.058792
0.062945
0.08394
0.084112
0.061941
0.026809
0.0061379
0.00033484
0.016582
0.012903
-0.0086923
-0.0053175
0.00028164
-0.0051276
0.0080146
-0.012155
0.0010991
0.018994
0.0094236
-0.012012
-0.014254
0.024677
0.047467
0.046344
0.049985
0.06455
0.032378
0.038943
0.056861
0.035358
-0.035074
0.028762
0.052916
0.09268
0.099577
0.051649
0.0044859
0.027128
0.070326
0.12212
-0.10345
-0.31477
-0.36692
-0.44493
-0.54933
-0.49565
-0.43335
-0.11515
-0.16133
-0.15857
0.096202
0.43389
0.32413
0.29778
-0.14534
-0.35766
-0.46462
-0.66435
-0.56597
-0.76226
-0.68377
-0.47377
0.35179
1.4032
2.021
2.4284
2.1097
1.6844
0.77658
0.058099
-0.81125
-1.6899
-2.1166
-2.7426
-2.5035
-2.0319
-0.81692
-0.038918
0.36724
0.90513
1.2279
1.1561
0.60292
-0.069258
-0.74814
-1.2131
-0.78304
-0.66404
-0.27661
0.096927
0.27903
0.7525
0.94135
1.0434
1.0021
0.49893
0.034761
-0.25393
-0.26892
-0.22134
0.0096979
-0.48108
-0.33105
0.55809
1.4439
2.384
2.4909
2.1246
1.4312
0.35601
-0.11432
-0.65443
-1.08
-1.6077
-2.1917
-2.6039
-2.1223
-1.1777
-0.22539
0.63293
0.87887
0.72033
0.30981
-0.18061
-0.1908
-0.23757
-0.35494
-0.82018
-1.4502
-1.6337
-1.8789
-1.7469
-0.98672
-0.019468
0.9481
1.5026
1.5581
1.3215
0.94168
0.46739
0.097314
-0.085722
-0.34038
-0.49087
-1.2288
-0.8104
-0.10772
1.1116
2.2417
2.4476
2.1516
1.5071
0.56533
-0.25588
-0.6736
-0.86091
-1.4249
-1.9588
-2.4279
-1.8714
-1.1605
-0.033409
0.69237
0.98863
1.0733
0.72253
0.31522
0.19174
0.14255
0.12592
-0.0017252
-0.043491
-0.24417
-0.36858
-0.39247
-0.37166
-0.28895
-0.26858
-0.17458
-0.019572
0.2618
0.41311
0.48524
0.43429
0.45028
0.37592
0.11476
-0.11026
-0.17529
-0.17463
-0.14185
-0.14501
-0.18531
-0.15909
-0.16409
-0.18133
-0.14247
-0.21305
-0.22276
-0.18708
-0.19277
-0.18775
-0.18639
-0.15206
-0.11814
-0.10202
-0.10987
-0.088343
-0.035717
-0.00018805
-0.036885
-0.11186
-0.030909
0.046544
0.098668
0.094136
0.073018
0.096339
0.081029
0.11356
0.12803
0.13361
0.12797
0.11651
0.11395
0.12135
0.12866
0.099533
0.10412
0.058212
0.019022
-0.017073
-0.037262
-0.0090287
-0.024127
-0.068494
-0.088945
-0.083284
-0.07468
-0.073837
-0.079435
-0.075506
-0.055884
-0.053445
-0.031949
-0.0040849
-0.001148
0.022955
0.030746
0.021921
0.026842
0.049212
0.059355
0.072221
0.066043
0.07609
0.073133
0.062571
0.053741
0.034316
0.015535
0.017056
0.000208
-0.019648
-0.016626
-0.013244
-0.022166
-0.013233
-0.010411
-0.0085729
0.0013422
0.0099182
-0.0010013
-0.0017941
0.019364
0.028761
0.033904
0.040996
0.048158
0.038859
0.03125
0.031772
0.024309
0.0204
0.022773
0.00069514
-0.014222
-0.013718
-0.0053143
-0.0053166
0.00025285
0.0023717
0.0011947
0.00046412
0.0039578
0.011902
0.022462
0.029402
0.029449
0.020871
0.026687
0.031321
0.030517
0.030942
0.032572
0.026116
0.024599
0.025046
0.022367
0.017156
0.014596
0.015126
0.0099303
0.010877
0.0094279
0.0051289
-0.0002026
0.012382
0.010121
0.0048116
0.011082
0.01158
0.012479
0.012638
0.0045652
0.0053339
0.0042655
0.0051615
0.0017127
0.0041507
0.015704
0.015181
0.0057881
0.009359
0.016692
0.019032
0.022994
0.019784
0.009723
0.011167
0.0067294
0.011081
0.016575
0.020226
0.020058
0.0054091
0.013725
0.020897
0.021562
0.020094
0.019098
0.016846
0.012517
0.010202
0.011935
0.016761
0.01613
0.012969
0.006601
0.0037126
0.0099398
0.011268
0.004496
0.0020956
0.0026092
-0.0012847
-0.0046379
0.0071759
0.0040034
-0.016743
0.0033177
0.033775
0.054261
0.027837
0.02852
0.016696
0.013208
0.04111
0.063856
0.04649
-0.013917
-0.038284
-0.093188
-0.079873
-0.03936
-0.05365
-0.0011265
-0.08812
-0.030997
-0.076041
-0.051726
-0.016883
-0.039714
-0.074279
-0.0052429
0.046434
0.12925
0.15174
0.14723
0.2374
0.15918
-0.17618
-0.32048
-0.16121
-0.26123
-0.40208
-0.46172
-0.31883
-0.13942
0.16015
0.37318
0.52713
0.55529
0.51117
0.0082726
-0.37869
-0.45982
-0.35322
-0.54742
-0.54774
-0.68833
0.10537
1.4025
1.8106
1.8154
2.3768
2.148
1.7753
0.93907
-0.063674
-0.73621
-1.4735
-2.2135
-2.746
-2.8238
-1.8471
-1.0656
-1.1492
-0.59648
0.22232
0.3035
0.79298
0.6467
0.44212
0.048093
-0.34385
-1.1095
-1.283
-1.4168
-1.4778
-1.4847
-1.1771
-0.52891
0.283
0.94766
1.4228
1.2034
0.88509
0.39058
0.22947
-0.082151
-0.39907
-0.57913
-0.5856
0.20875
1.5182
2.6763
3.0954
2.814
1.784
0.8806
0.079872
-0.63648
-1.2819
-1.8372
-2.4994
-2.1235
-1.3335
0.045005
0.97063
1.3886
1.1062
0.96269
0.43359
0.68599
0.59127
0.37481
-0.07136
-0.78293
-1.6088
-2.4468
-2.7704
-2.73
-1.9209
-1.0707
-0.30028
0.55497
0.90908
1.5168
1.472
1.4514
1.0992
0.71492
-0.38302
-1.0119
-0.65865
0.13634
2.113
2.6005
2.5317
1.7394
0.63606
0.009491
-1.0502
-1.7763
-2.0635
-2.2612
-2.5385
-2.1581
-1.7911
-1.0251
0.062669
0.10797
0.22608
0.30664
0.5246
0.66144
0.28957
0.15681
-0.071663
-0.59864
-1.4312
-2.8554
-3.6999
-3.4066
-2.8603
-1.7193
-0.25158
0.86041
1.9559
2.3984
2.3981
2.3358
1.8857
1.3633
0.5039
-0.066123
0.41581
0.95916
1.4936
1.5638
1.2129
0.19445
-0.46625
-1.1507
-1.2734
-1.342
-1.1214
-0.17691
0.11576
0.98502
1.8306
2.0596
1.9406
1.0007
0.19108
-0.45166
-0.64132
-0.11618
-0.036431
-0.60254
-1.2733
-1.8683
-2.8198
-3.0651
-3.3437
-3.1556
-3.0621
-2.3257
-1.2533
0.36531
1.7051
2.4305
1.9938
1.2955
0.69892
0.95786
1.345
1.4988
1.8934
1.9657
1.0271
0.93832
0.74152
1.0136
0.33385
-1.0709
-1.8389
-2.6268
-3.2148
-3.1344
-2.4795
-1.6057
-0.71547
-0.73613
-0.60575
0.18398
0.67707
1.2409
1.284
1.1504
1.0874
0.11824
-1.2212
-1.9525
-2.2555
-2.8623
-3.2232
-3.5469
-3.6316
-3.5114
-3.3936
-2.5253
-1.4497
0.13872
1.4955
2.5654
3.2255
3.8838
4.1664
4.2466
4.3647
3.8181
2.7758
2.2564
1.679
1.5221
1.0035
0.28688
-1.291
-3.2233
-4.6814
-4.5261
-3.4077
-2.173
-1.0909
-0.54176
0.0076972
1.0293
1.8379
2.4186
2.5315
1.8135
0.61787
-0.55895
-0.95256
-0.39198
0.034739
-0.21706
-0.53476
-0.9467
-1.2613
-1.1468
-0.84827
-0.57093
-0.30095
-0.16192
-0.047099
-0.04908
-0.15949
-0.28201
-0.43747
-0.64394
-0.64968
-0.7226
-0.76529
-0.66972
-0.61421
-0.6759
-0.66791
-0.61883
-0.53955
-0.53958
-0.51629
-0.48914
-0.27941
0.072529
0.39199
0.5392
0.58541
0.55125
0.48336
0.48348
0.48037
0.45066
0.27048
-0.059605
-0.41373
-0.68936
-0.70669
-0.65218
-0.67655
-0.7003
-0.72384
-0.68011
-0.66779
-0.52621
-0.38361
-0.22347
-0.16962
-0.087787
-0.098182
-0.15324
-0.28172
-0.22899
-0.18994
-0.091739
0.019418
0.12592
0.22165
0.33964
0.47785
0.48749
0.45629
0.44982
0.32034
0.13854
-0.079376
-0.20388
-0.34609
-0.40742
-0.38645
-0.26511
-0.1844
-0.18118
-0.12657
-0.18948
-0.21429
-0.19933
-0.079631
0.072211
0.11955
0.14707
0.19593
0.1947
0.19268
0.13347
0.035412
-0.065498
-0.15416
-0.27738
-0.29716
-0.27135
-0.18892
-0.12596
-0.12586
-0.10259
-0.06912
-0.071096
-0.053944
-0.062007
-0.025513
0.047967
0.12759
0.16979
0.20035
0.1724
0.12806
0.1455
0.11993
0.067468
0.019519
-0.02863
-0.045176
-0.072475
-0.035992
0.032423
0.064763
0.059113
0.052997
0.049335
0.047387
0.065706
0.032076
0.0032676
-0.0009237
-0.016094
-0.022959
-0.035531
-0.020835
-0.005904
0.0009019
0.013601
0.012077
0.016255
0.018909
0.0081037
-0.0026129
-0.0022345
-0.010256
-0.012475
-0.018732
-0.016221
-0.0052821
0.0032558
0.0074889
0.015888
0.022141
0.021516
0.017674
0.016837
0.022456
0.027255
0.031579
0.043015
0.034938
0.032128
0.039399
0.043165
0.028516
0.024837
0.012308
-0.0051087
-0.015094
-0.0052208
-0.015819
-0.028891
-0.011516
-0.0044802
-0.0053559
-0.0050165
0.010845
0.0073064
0.0024449
0.007989
0.0093584
0.0069106
0.011324
0.019988
0.010139
0.014796
0.036343
0.036347
0.035569
0.033899
0.037045
0.030113
0.030134
0.035257
0.039444
0.024239
0.018442
0.017673
0.013735
0.0098863
0.014315
0.0082011
0.0050412
0.00052002
0.0029998
0.0051184
-0.00074135
0.0053612
0.0057832
0.00018088
0.0021169
0.0037576
0.0045019
0.011429
0.019371
0.011362
0.015959
0.015227
0.018379
0.022613
0.023292
0.025581
0.027888
0.028051
0.024685
0.025632
0.024076
0.02161
0.018251
0.0048834
0.0061187
-0.0011485
0.005759
0.0017267
0.013057
0.010409
0.0020393
0.0074403
0.0084793
0.010632
0.014064
0.010466
0.01284
0.016156
0.0093958
0.015135
0.018696
0.0053553
0.01929
0.009664
0.0060681
0.018832
0.022878
0.022931
0.029489
0.027097
0.029458
0.031079
0.019068
0.026073
0.014231
0.003914
0.010274
0.0013926
0.00094817
-0.00069963
0.0048085
0.00065962
0.00043875
-0.0016405
0.0014093
0.0075594
0.011041
0.01511
0.022042
0.025322
0.029109
0.028336
0.030532
0.025218
0.029114
0.021678
0.015448
0.0080667
0.0066288
0.0047075
-0.0027046
-0.0060362
0.0072072
0.0019245
0.0071127
0.007471
0.0046369
0.0021552
0.012382
0.014599
0.017855
0.01626
0.019141
0.014703
0.011205
0.016979
0.028424
0.020831
0.022585
0.020026
0.013018
0.017456
0.025949
0.025019
0.02741
0.019527
0.015259
0.011122
0.013885
0.014757
0.007034
0.016524
0.0025455
0.012513
-0.00012672
0.013482
0.026639
0.026979
0.0063172
0.027497
0.018706
0.03348
0.035328
0.042006
0.012773
0.013546
-0.012798
0.023048
0.034842
0.040364
0.04556
0.013969
-0.054217
-0.074722
-0.041352
-0.098102
-0.17306
-0.23965
-0.27303
-0.17536
-0.027631
0.089679
-0.14359
-0.56024
-0.64332
-0.69918
-0.4414
-0.23783
-0.12144
-0.096759
-0.095828
-0.17513
0.016929
-0.019528
0.033808
-0.18835
-0.63241
-0.78387
-0.52225
-0.16845
0.2095
0.3941
0.83325
0.85887
1.0846
0.82797
1.39
1.4216
1.4261
1.1686
0.66178
0.20754
-0.26993
-0.53284
-0.93903
-0.97828
-0.83383
-1.0381
-0.63111
-0.51325
0.30391
0.64324
0.88603
0.76994
0.14764
-0.85932
-1.3328
-1.3689
-1.0517
-0.4897
-0.39201
0.062586
0.16389
0.29447
0.53151
0.79062
0.86992
0.66642
0.22262
-0.43398
-0.36929
-0.18804
0.043086
0.14442
-0.10615
0.22474
0.20197
0.70354
1.3151
1.4396
1.5289
1.6523
1.3799
0.99723
0.77152
0.44618
-0.070246
-0.42492
-0.74445
-0.61568
-0.23986
-0.086305
-0.12638
-0.79226
-1.535
-1.7961
-1.5679
-1.6352
-1.1734
-0.51874
-0.15267
0.049563
0.21741
0.6176
1.0271
1.2594
1.2123
0.83923
0.29873
0.19875
0.35503
0.24187
0.79247
1.1557
0.99667
0.76072
0.45641
0.33694
0.32939
0.23669
0.036518
-0.15918
-0.53635
-0.68062
-0.4974
-0.0080852
0.1002
-0.19549
-0.71335
-0.85283
-0.96329
-0.97988
-0.98104
-1.0106
-0.8007
-0.76795
-0.82274
-0.57487
-0.33169
0.23474
0.119
-0.099199
-0.48435
-0.14977
-0.10071
0.35573
0.43256
1.066
1.5384
1.7228
1.6695
1.4753
1.1471
0.95966
0.24556
-0.2028
-0.83031
-0.89259
-1.0002
-0.82655
-0.77124
-0.017938
0.15196
0.25137
0.4492
0.17001
-0.23857
-1.0565
-1.6099
-1.5433
-1.031
-0.78751
-0.83935
-1.2656
-1.3925
-1.3572
-1.2791
-0.73555
0.016645
-0.020873
-0.1626
-0.5936
-0.2498
0.36881
0.99525
1.0385
1.0274
0.87774
0.64292
0.52017
0.4695
0.66326
0.69956
0.64066
0.512
0.081377
0.033756
0.10902
0.16247
0.026401
-0.43493
-0.96441
-1.1957
-0.95451
-0.60193
-0.36691
-0.062126
0.046183
-0.06765
-0.050305
0.22925
0.52926
0.45694
-0.023319
-0.63157
-0.80403
-0.48827
-0.18898
0.14746
0.77646
1.4728
1.6799
1.6291
1.3281
0.90792
0.44595
-0.090538
-0.76776
-1.3544
-1.8405
-1.9792
-1.8215
-1.0858
-0.41988
-0.18006
-0.37995
-1.0826
-1.5819
-1.3034
-1.3828
-1.2093
-0.79837
-0.12889
0.30403
0.55025
0.68209
0.94194
0.40864
-0.040031
-0.57605
-0.81717
-0.39902
-0.17136
-0.37929
-0.073198
0.11354
0.49537
0.61083
0.6663
0.99219
1.344
0.96305
0.77322
0.55226
0.51204
0.41692
0.036746
-0.025346
-0.4337
-0.84165
-0.62231
-0.37133
-0.41348
-0.76589
-1.0624
-1.0924
-0.78911
-0.51231
-0.30351
-0.28189
0.16622
0.30006
0.25181
0.3736
0.32915
0.39412
0.01527
-0.25411
-0.16562
0.22066
0.43315
0.33178
0.39821
0.25356
0.20234
0.15614
0.52798
0.80601
1.1329
1.4166
0.81517
0.60443
0.040474
-0.25074
-0.48268
-0.99103
-1.1351
-1.455
-1.4748
-0.93689
-0.48222
-0.098387
0.051481
-0.1323
-0.48915
-0.47105
-0.81167
-1.305
-1.6284
-1.8141
-1.952
-1.4994
-0.96023
0.027688
0.4215
0.81738
0.73841
0.75115
0.80881
0.50391
0.30735
-0.093266
0.057963
-0.40462
-0.32795
0.042386
0.77291
1.6736
1.9285
1.686
1.0805
0.80389
0.64726
0.46149
0.45835
0.31171
0.082301
-0.38184
-0.00096754
-0.095346
0.37886
0.52564
0.45011
0.008254
-0.115
-0.18993
-0.41922
-0.56143
-1.3124
-2.0028
-2.322
-2.2853
-1.6169
-0.85114
-0.0019998
0.42838
0.69964
0.84709
0.97719
0.88338
0.65105
0.34164
-0.19105
-0.47138
-0.41444
0.13502
0.85369
0.94732
1.193
1.2293
1.3229
0.8266
0.31963
0.059935
-0.19676
-0.13422
-0.074577
-0.27741
-0.5143
-0.59373
-0.97074
-1.1651
-0.66024
-0.29545
-0.16088
-0.36215
-0.30829
-0.27269
-0.3434
-0.41318
-1.1506
-1.5983
-1.6413
-1.6973
-1.4648
-0.85964
-0.28934
0.26443
0.46859
0.71087
0.87845
0.70855
0.57961
0.34116
-0.12339
-0.071159
0.0096728
-0.17046
0.078675
0.61717
0.80695
1.2057
0.71482
0.64297
0.28412
0.14631
-0.24168
-0.086155
-0.30192
-0.59501
-0.88926
-1.267
-1.0883
-0.68342
-0.49744
-0.046658
-0.44137
-0.32524
-0.66288
0.17217
0.97405
1.7237
1.4677
1.3528
0.69199
0.44038
0.39115
0.69794
0.53871
0.41811
-0.14025
0.015243
0.46115
1.6516
1.9938
1.3704
0.84208
0.46172
-0.40736
-0.53027
-0.84322
-0.74649
-1.1182
-1.085
-0.98533
-0.52188
-0.37165
-0.37495
-0.68515
-1.1555
-1.1583
-1.0506
-1.2431
-0.75954
-0.22153
0.35649
0.59219
0.86682
1.0427
1.1065
1.0909
0.83418
0.437
-0.11626
-0.17446
-0.086471
0.058895
0.53872
1.1643
1.3638
1.0041
0.54938
0.41988
0.42064
0.30442
-0.15473
-0.35218
-0.45135
-0.17708
-0.049405
0.049482
-0.15368
-0.55363
-1.3673
-1.9472
-1.8915
-1.0889
-0.27149
-0.080911
0.0086038
0.42732
0.97593
1.4862
1.8948
1.955
1.4932
0.81309
0.58606
0.34882
0.73563
1.4709
1.4476
1.1429
0.95381
0.75121
0.66217
0.6065
0.50611
0.18543
-0.0061585
-0.32615
-0.59352
-1.0323
-0.72041
-0.51945
-0.93074
-0.83888
-1.2622
-2.0511
-1.8501
-1.3794
-1.0697
-0.88675
-0.52328
-0.53506
-0.4215
-0.17744
0.084878
0.19747
0.30301
0.23643
-0.25597
-0.36392
0.23128
0.70521
1.2186
1.3311
1.248
0.66188
0.79373
0.83248
0.90632
1.0028
0.95872
0.67152
0.32015
0.18202
0.099827
0.57449
0.82694
0.28556
-0.51478
-1.4648
-1.4355
-1.602
-1.4333
-1.5028
-1.6464
-1.8542
-2.0163
-1.6302
-0.89333
0.20502
0.45813
0.60772
0.57322
0.13866
0.68265
1.4531
1.8162
1.6071
1.2061
0.73536
0.36766
0.26625
0.064573
0.010602
-0.41452
-0.57445
-0.91558
-1.2085
-0.73241
-0.10395
-0.1723
-0.41327
-0.53099
-1.0179
-1.4187
-1.6523
-1.8211
-1.364
-0.72381
-0.26384
-0.10609
-0.10728
0.015572
0.30287
0.30548
0.34571
0.22872
-0.3401
-0.42104
-0.63465
-0.099043
0.52235
0.98056
0.96739
0.58602
0.12278
-0.16169
-0.15256
-0.065592
0.030081
-0.032018
-0.18474
-0.29445
-0.50063
0.067469
0.2765
0.17779
0.14018
-0.036798
-0.36923
-0.48776
-0.47108
-0.46669
-0.22831
-0.16365
-0.33872
-0.40783
-0.061382
0.061623
0.13224
-0.098328
0.050611
-0.017662
-0.31355
-0.4868
0.044251
0.57987
0.86951
1.0583
1.356
1.7107
1.9713
1.3626
0.97777
0.53399
-0.045971
-0.76021
-1.1569
-1.1832
-0.52343
-0.28414
-0.40928
-0.29715
-0.55338
-0.92436
-1.3478
-1.7126
-1.2089
-1.4366
-0.94265
-0.62856
-0.20904
-0.19411
0.14235
0.27975
0.317
-0.10632
-0.59916
-0.48041
-0.99723
-0.78722
-0.2396
0.54826
2.203
2.5048
2.0617
1.1251
0.63431
0.29675
-0.013183
-0.56979
-0.64535
-0.74637
-1.3418
-1.0568
-0.65155
0.1179
0.30457
-0.20304
-0.66744
-0.84671
-0.77618
-0.22381
0.30944
0.73362
1.0078
1.1393
1.0007
0.53023
-0.22594
-1.025
-1.6973
-2.1578
-2.2101
-1.6677
-0.74145
0.31343
0.87535
0.40464
-0.041015
-0.24423
-0.55051
-0.78342
-1.2189
-1.9403
-2.1663
-1.7942
-1.0874
-0.0058187
1.0862
1.2904
0.8799
-0.28485
-1.0164
-1.3519
-1.3386
-1.4936
-1.9269
-1.7392
-0.94157
-0.16028
0.55305
0.7109
0.68588
0.41724
0.056219
-0.51328
-0.51903
-0.49127
-0.29256
-0.44478
-0.73654
-0.23676
0.60727
1.84
2.6115
2.2987
1.5223
0.89382
0.29252
0.089802
-0.069978
-0.58617
-0.82005
-1.2406
-1.6358
-1.0872
-0.28743
0.1632
0.13236
-0.54004
-0.93713
-0.77652
-0.50645
0.48955
0.79015
1.2383
1.3283
1.0935
0.56559
0.27
-0.098865
-0.27717
-0.1949
-0.39088
-0.075602
0.11394
0.21195
0.53477
0.22587
1.1689
0.80003
0.068623
-0.50061
-0.37182
-0.34436
-0.53421
-0.46571
-0.73464
-1.0023
-1.2676
-1.3456
-1.3457
-0.75218
0.30896
0.078502
-0.15859
-0.28999
-0.65006
-1.2292
-1.9396
-1.7245
-1.7087
-1.6151
-1.2923
-0.69352
0.074913
0.66519
0.83977
0.84565
0.49156
-0.045282
-0.5637
-0.60955
-0.87625
-0.57781
-0.22116
-0.64712
-0.043439
1.0591
1.3926
0.71727
-0.27269
-0.85487
-1.3036
-1.3935
-1.277
-0.97621
-0.99939
-0.74747
-0.2826
-0.20829
0.85337
1.2903
0.80772
0.10801
-0.70336
-1.1313
-1.0863
-0.68931
-0.25205
0.29779
0.71539
0.9756
1.0991
0.69472
0.50299
0.14535
0.19196
0.17727
-0.2215
-0.56489
-0.20466
-0.061564
0.57223
1.4663
1.8313
1.2404
0.2091
-0.76659
-1.0025
-1.1755
-1.1233
-1.1982
-1.5893
-2.0273
-1.7931
-1.6512
-0.73088
0.17731
0.24988
0.099646
-0.24345
-0.33148
-0.52331
-1.0036
-1.4603
-1.8476
-1.7824
-1.8472
-1.6512
-1.0695
-0.25683
0.43503
0.85498
1.0328
0.67088
0.40797
0.10703
-0.37574
-1.0627
-1.5605
-1.1962
-0.73119
0.59694
1.8727
2.0534
1.6897
1.1011
0.44718
0.12414
-0.0999
-0.33464
-0.63325
-1.0764
-0.93488
-0.19392
0.7176
1.6159
1.4856
0.84189
-0.0025688
-0.74165
-1.1008
-1.4688
-1.6779
-1.3433
-0.76951
-0.20385
0.77832
1.263
1.2432
1.1359
0.92937
0.88904
0.62896
0.34254
-0.051319
-0.65775
-0.80479
-0.68419
0.19627
1.6598
2.2391
1.8561
0.73008
0.22002
-0.31734
-0.36092
-0.49632
-1.1457
-1.7312
-2.1737
-2.3256
-1.9288
-0.79336
0.043795
0.051986
0.021203
-0.23783
-0.014167
-0.66421
-0.77112
-1.1426
-1.4978
-1.2287
-1.3346
-1.212
-0.51367
0.15446
0.68096
0.79006
1.049
0.86649
0.60454
0.07186
-0.079283
-1.1409
-1.0639
-0.49483
0.532
1.8576
2.5264
2.4425
1.6225
0.6937
0.37618
-0.30851
-0.5116
-0.76932
-1.2335
-1.6862
-0.80717
0.32095
1.3315
1.7195
1.25
0.56783
-0.23542
-0.69232
-1.1768
-1.7319
-1.6922
-1.5776
-1.0007
-0.077231
0.922
1.1311
1.2909
1.7136
1.9427
1.9239
1.5452
0.95068
0.32639
-0.24215
-0.66448
-0.52962
0.23165
0.77068
1.1183
0.49629
0.18347
-0.1385
-0.33873
-0.42573
-0.9589
-1.4653
-1.5981
-1.9806
-2.0481
-1.2886
-0.66097
-0.14561
0.12128
-0.063061
-0.15884
-0.38175
-0.66168
-0.85842
-1.4067
-1.9167
-1.7092
-1.8104
-1.6332
-0.91686
-0.23583
0.0027744
0.39809
0.83933
1.1121
0.96104
0.78222
0.3408
-0.025568
-0.18795
0.46064
1.275
2.0383
2.3725
1.9311
1.0234
0.8143
0.39526
0.046047
-0.26119
-0.35947
-0.85307
-0.79256
-0.28607
0.55637
1.29
1.2419
0.78753
0.018942
-0.65488
-0.90973
-1.4218
-1.6923
-1.5403
-1.1469
-0.45508
0.29211
0.79517
0.81669
0.73458
0.87794
0.92932
0.77773
0.60457
0.36157
-0.37293
-0.78003
-0.88936
-0.41961
0.73468
1.5769
1.7891
1.4513
0.6889
0.40142
0.019059
-0.10509
-0.46432
-1.2146
-2.0234
-2.3194
-2.3583
-1.7524
-0.85261
-0.03397
0.30143
0.25752
-0.12955
-0.1482
-0.54066
-0.86934
-1.242
-1.864
-1.8011
-1.2822
-1.1349
-1.3405
-1.1504
-0.98926
-0.47177
-0.01792
0.27749
0.018361
-0.20559
-0.88475
-0.98525
-0.64562
0.92046
2.368
2.534
1.897
1.1666
0.49319
0.28159
0.02306
-0.25845
-0.6961
-0.84773
-1.3576
-0.75173
0.22347
1.3312
1.869
1.4498
0.70451
-0.32338
-0.98208
-1.3164
-1.6957
-1.8681
-1.7365
-1.1779
-0.53383
0.64633
1.5897
1.4629
1.4746
1.6973
1.4757
0.85897
0.53812
0.11492
-0.57229
-1.1587
-0.7909
0.16521
1.177
1.9122
1.6446
0.2924
-0.26404
-0.33428
-0.57225
-1.0658
-1.2654
-1.6358
-2.2189
-2.3932
-1.4818
-0.64252
0.080639
0.2585
0.080924
-0.22953
-0.49124
-0.49148
-0.82764
-1.2501
-1.7696
-1.6625
-1.9441
-1.9295
-1.1
-0.46144
0.3175
0.91764
0.98837
0.88945
0.32416
0.12937
-0.47033
-1.2117
-1.5955
-0.84391
0.08696
1.0439
1.7649
1.6214
1.3243
0.95738
0.3419
0.035465
-0.34151
-0.40892
-0.79052
-1.0034
-0.25747
0.44085
1.4423
1.4922
0.95408
-0.013479
-0.77713
-1.0913
-1.4942
-1.7463
-1.5876
-1.4066
-0.52163
0.36902
1.167
1.471
1.5521
1.1699
0.73645
0.19731
0.040004
0.058256
-0.14341
-0.21594
-0.32247
-0.72051
0.048082
1.1688
1.4154
1.0492
0.37069
-0.24945
-0.3416
-0.31983
-0.46554
-0.40001
-0.56543
-1.0833
-1.3863
-1.5061
-0.7387
0.17212
-0.17592
-0.10248
-0.23839
-0.47263
-0.7375
-1.2733
-1.9341
-1.8297
-2.0908
-2.0948
-1.3102
-0.47518
0.17502
0.54876
0.38183
0.59816
0.19878
-0.16104
-0.28751
-0.60306
-0.8936
-0.54643
-0.92758
-0.57182
0.16835
1.231
2.0818
1.7713
1.4601
1.4073
1.2064
1.4211
1.5305
1.3727
1.1713
0.94714
0.25613
0.20339
0.16163
0.36878
0.38803
-0.56819
-1.0534
-1.5637
-1.4588
-1.1274
-0.35723
0.6319
1.1357
1.4819
1.4946
1.2529
0.4578
0.13916
0.30265
0.032335
-0.25336
-0.40523
-0.31035
-0.45493
0.15276
0.25573
0.63541
1.172
1.5401
1.6133
1.3756
1.2104
0.89579
-0.13109
-0.87494
-1.6853
-2.7749
-3.5504
-3.4242
-3.1259
-1.9269
-0.92499
-0.22853
-0.085263
-0.49247
-0.99797
-1.571
-1.7752
-1.6783
-1.6418
-1.3194
-0.73534
0.16879
1.0418
1.0902
0.70872
0.33137
-0.23201
-0.59099
-0.46107
-0.67314
-0.62649
-0.68375
-0.7121
-0.30189
0.31277
1.8371
2.5873
2.084
1.4341
0.79404
0.4327
0.38198
0.10581
-0.2048
-0.41294
-0.68707
-1.0875
-0.94386
-0.22926
0.38664
-0.03426
-0.58714
-1.3271
-1.7396
-1.7561
-1.4706
-1.0565
0.1116
1.0545
1.3445
1.5989
1.367
1.0337
0.50442
0.30668
0.18629
-0.080718
-0.30501
-0.72785
-0.57815
-0.27138
0.39854
0.84772
1.4841
1.9943
1.7471
1.0135
0.61744
0.25103
-0.31539
-0.66908
-1.3829
-2.2364
-2.3988
-2.3332
-1.7311
-0.95733
0.067356
0.25443
-0.25535
-0.81607
-1.2276
-1.33
-1.0823
-1.1179
-1.1379
-0.68231
0.072752
0.6054
0.88191
0.83096
0.73232
0.061128
-0.41424
-0.34782
-0.59845
-0.52783
-0.21619
-0.89746
-0.59803
-0.1163
0.77859
1.5281
1.9702
1.5668
1.2425
0.78813
0.74527
0.87274
0.63211
0.30004
0.099791
-0.57284
-0.50257
-0.45475
-0.061766
-0.007115
-0.43212
-1.3401
-1.2387
-1.2506
-0.49246
0.33589
0.75959
1.0023
0.80292
0.68586
0.25669
0.1618
0.0089547
-0.21172
-0.44994
-0.48189
-0.040109
-0.10771
0.3325
0.13406
0.34764
1.268
1.5379
1.7083
1.6757
1.3833
0.53099
0.084353
-0.29669
-0.94986
-1.4407
-2.0139
-2.5266
-2.7493
-1.6441
-0.52544
-0.20511
0.042757
0.18753
-4.6371e-05
-0.30283
-0.1627
-0.71839
-1.1978
-1.7047
-1.7251
-2.0367
-2.0343
-1.4231
-0.74567
0.088945
0.61105
0.93478
0.82371
0.54042
0.009185
-0.46342
-0.44806
-0.83901
-0.56896
-0.74596
-0.93559
-0.55194
0.44826
1.9342
2.5304
2.4346
1.5004
1.1349
0.50015
0.40683
0.1303
-0.21177
-0.46664
-0.83772
-0.9925
-0.73289
0.068154
0.76608
0.38953
-0.28692
-1.2321
-1.5974
-1.7967
-1.3739
-0.34889
0.64348
1.2961
1.8665
1.9001
1.4329
0.93596
0.48674
0.13253
-0.059894
-0.40287
-0.71778
-0.7096
-0.37282
0.23712
0.28781
0.70951
1.3884
1.5884
1.7512
1.4558
0.77263
0.28083
0.021623
-0.26444
-0.91566
-1.4734
-1.9666
-2.0912
-1.9863
-1.4744
-0.61714
-0.021777
0.35512
0.30539
-0.19701
-0.45786
-0.80548
-1.2123
-1.7669
-2.0101
-1.8316
-1.6631
-1.529
-0.95444
-0.02911
0.52087
0.84093
0.98944
0.66756
0.17746
-0.3367
-0.50846
-0.627
-0.68152
-0.21881
-0.75295
-0.51599
0.053247
0.77751
1.6724
2.0297
1.7618
1.3356
0.8249
0.58015
0.44412
0.087379
-0.20471
-0.35925
-1.0398
-0.71768
-0.22403
0.57059
1.2367
0.93693
0.30045
-0.26711
-0.73501
-1.0173
-1.2195
-1.3522
-1.2914
-1.0677
-0.21611
0.60814
1.2572
1.4227
1.3164
0.81881
0.3951
0.043319
0.0037611
-0.044919
-0.17236
-0.62317
-0.77338
-0.45579
-0.060617
0.51866
1.2232
1.8661
2.0275
1.6625
1.1324
0.42751
0.36719
-0.012785
-0.67376
-1.3212
-2.0406
-2.2968
-2.7502
-1.9315
-0.94981
-0.081354
0.086013
0.092834
-0.072532
-0.37317
-0.2675
-0.81122
-1.0514
-1.3505
-1.8557
-1.8043
-2.1859
-1.8124
-0.93937
-0.12183
0.76952
1.144
0.80233
0.58963
0.017577
-0.40508
-0.16851
-0.38584
-1.1206
-1.0297
-0.71125
1.0587
2.2658
2.5573
2.3252
1.4908
0.95976
0.7271
0.30608
0.27452
0.32336
0.13134
-0.31597
0.19661
0.80533
1.4934
0.84261
-0.13241
-0.85779
-1.3
-1.6189
-1.5234
-1.1598
-0.81738
-0.2887
-0.28536
-0.37979
-0.45295
-0.46714
-0.35984
-0.32894
-0.39849
-0.35687
-0.40726
-0.5035
-0.10333
0.6327
1.4898
2.166
2.0006
1.5545
0.64886
0.052945
-0.10593
-0.39623
-0.92125
-1.4885
-1.9619
-2.3471
-2.2117
-1.2392
-0.33606
0.30045
0.10931
-0.70672
-1.4034
-1.9483
-2.1466
-1.9756
-2.0865
-2.0502
-1.4775
-0.97243
-0.37699
0.24549
0.3938
0.67041
0.32846
-0.10394
-0.29224
-0.68899
-0.62086
-0.54156
-0.010964
0.22242
0.34773
-0.20444
-0.84788
-1.3064
-1.7435
-1.7976
-1.8969
-1.5119
-0.94837
-0.45617
0.27827
0.7134
1.5884
1.29
0.73852
-0.080382
-0.88595
-1.0183
-1.3608
-1.7574
-1.7315
-1.2386
-0.5001
0.53684
1.2841
1.4362
1.5644
1.2501
0.9085
0.57288
0.12334
-0.10095
-0.7922
-1.5327
-1.2473
0.1548
1.3627
2.0736
2.0999
1.0028
0.39116
-0.17277
-0.46991
-0.60661
-1.2583
-1.794
-2.2969
-2.5519
-1.7378
-0.62612
-0.22832
0.034557
0.14826
-0.30725
-0.072452
-0.31743
-0.80691
-1.2929
-1.7766
-1.9833
-1.9552
-1.7105
-1.13
-0.87441
-0.64418
-0.55673
-0.41362
-0.42428
-0.35809
-0.67291
-0.92048
-0.95258
-1.3995
-1.0897
-0.38276
1.1878
2.3056
2.2893
1.7788
0.93707
0.53752
0.32366
0.093849
-0.21627
-0.4741
-0.77663
-1.0885
-0.41885
0.27871
1.4007
1.5666
0.80994
0.063599
-0.82253
-1.1358
-1.1488
-0.91203
-0.30273
-0.056075
0.04795
0.044127
0.041939
-0.041221
0.081862
-0.016173
-0.27352
-0.5254
-0.96625
-0.86029
-0.56679
-0.26089
0.68461
1.3456
1.9206
1.9635
1.7826
1.1355
0.40509
-0.091732
-0.44298
-1.1539
-1.7233
-2.0143
-2.4576
-2.2931
-1.279
-0.24065
0.33258
0.11519
-0.27046
-1.2088
-1.5117
-1.7328
-1.4601
-1.7549
-1.1399
-0.56196
-0.37539
0.047847
0.32738
0.49152
0.27064
-0.10657
-0.22176
-0.47381
-0.44708
-0.55496
-0.67563
-0.9011
-0.11129
0.74129
1.7039
2.2827
1.9495
1.3122
0.80514
0.45504
0.33108
0.051061
-0.31455
-0.4575
-1.122
-0.77498
-0.064198
0.64549
1.3988
1.106
0.26552
-0.146
-0.57742
-0.77373
-0.84695
-0.73592
-0.044075
0.78611
0.99839
1.3213
1.3778
0.93052
0.76158
0.48721
0.31678
0.38468
0.21459
-0.043383
-0.24642
-0.12262
0.16433
0.59903
0.97728
1.4411
1.7398
1.645
0.99113
0.53724
0.17168
-0.19941
-0.7368
-1.3897
-2.1459
-2.4599
-2.6113
-1.6947
-0.84377
-0.25327
0.35915
0.50273
-0.12956
-0.26677
-0.72059
-1.1785
-1.4885
-1.8476
-2.1028
-1.7892
-1.6936
-0.80308
-0.16697
0.54118
1.0707
1.035
0.73224
0.098864
-0.5268
-0.52848
-1.3078
-1.3164
0.080461
1.3258
1.7841
2.182
1.7897
1.2434
0.74211
0.099211
-0.37517
-0.75687
-0.77009
-0.67978
-0.87497
0.33367
1.5483
1.7543
1.3526
0.73913
-0.37217
-1.0461
-1.2425
-1.7497
-2.0533
-1.7437
-1.3306
-0.25835
0.6297
1.3211
1.7033
1.697
1.5655
0.89927
0.28728
-0.035471
-0.33817
-0.68529
-0.72856
-0.34346
-0.1453
0.20341
0.14806
0.70392
1.4978
1.8902
1.8126
1.1119
0.61272
-0.090393
-0.50899
-0.5236
-0.8925
-1.3605
-1.761
-2.0955
-2.0748
-1.3352
-0.46547
0.10478
0.068907
0.10163
-0.15297
-0.41283
-0.66125
-0.96185
-1.5842
-1.8718
-1.687
-1.947
-2.0091
-1.4815
-0.55012
0.24871
0.84884
1.2247
0.86573
0.5309
-0.095464
-0.49265
-0.64296
-0.64736
-0.40054
-0.76484
-0.73106
-0.20736
0.53993
1.4527
2.2485
2.1388
1.5335
1.0151
0.45952
0.17041
-0.035353
-0.30442
-0.52814
-0.81861
-0.6742
-0.17783
0.56572
1.2858
1.3981
0.65649
-0.0056597
-0.67222
-0.97781
-1.3265
-1.5439
-1.6235
-1.2881
-0.33919
0.60528
1.2935
1.4734
1.4278
0.95682
0.43342
0.071313
-0.08572
-0.068984
-0.29269
-0.43443
-0.80031
-0.54144
-0.051343
0.5045
1.3212
1.7498
2.1677
1.9058
1.0633
0.2927
0.18564
-0.021241
-0.5903
-1.2054
-2.1207
-2.5058
-2.6272
-1.7184
-0.75587
-0.17977
0.27054
-0.041439
-1.0858
-1.4239
-1.4776
-1.5295
-1.5082
-1.5412
-1.2837
-0.773
-0.15043
0.76132
0.88362
0.91858
0.80137
0.27774
-0.21608
-0.30752
-0.45446
-0.50427
-0.36708
-0.67433
-0.18299
0.93297
1.3346
1.1452
0.66082
0.34898
0.17401
0.18677
0.60716
0.77548
0.80915
0.48234
0.32471
0.050777
0.28178
0.82834
0.14174
-0.3525
-0.94505
-1.3189
-1.8035
-1.7293
-1.5865
-1.4944
-0.74394
-0.099423
0.3659
0.64459
0.91479
1.6216
1.7553
1.5152
0.94598
0.45006
0.0088948
0.1291
0.16375
0.97614
1.5058
1.226
0.60393
0.47562
-0.44494
-0.70635
-0.99014
-1.1545
-1.0057
-0.98334
-0.7344
-0.40024
0.10211
0.70136
0.58554
0.28654
0.26803
0.070376
-1.3321
-1.2929
-1.0919
-0.72091
-0.58866
-0.36851
-0.38593
-0.479
-0.2771
-0.16331
-0.019985
-0.11617
0.12135
-0.01192
-0.27251
-0.091884
0.077573
0.22775
0.30973
0.71165
1.4779
2.1199
2.3661
1.7909
0.85368
0.26381
0.14014
-0.23161
-0.73158
-1.2824
-1.454
-1.4905
-1.2148
-0.63159
0.42491
0.50354
0.094259
-0.25778
-0.22565
-0.076648
0.33413
0.3441
0.71424
0.85168
1.0108
0.86327
0.77402
0.51944
0.39993
0.090536
0.043299
0.29695
0.27736
0.50029
0.26457
0.085531
0.5514
0.81525
1.0409
0.93726
0.79248
0.58791
0.40924
0.45538
0.6457
0.83522
0.79
0.82183
0.10165
-0.028456
0.25403
0.16608
-0.054381
-0.79724
-1.4962
-1.6232
-1.615
-1.3926
-0.75617
-0.55447
-0.39358
-0.32116
-0.14528
-0.088445
-0.07637
-0.36514
-0.27367
-0.54853
-0.2693
0.14348
0.10174
0.22944
0.44277
0.21878
0.23064
0.83579
1.5474
1.82
1.1493
0.82302
0.77296
0.34465
0.18058
-0.14709
-0.61383
-0.689
-0.93183
-1.144
-0.8313
-0.04185
0.24206
-0.17249
-0.88365
-0.95593
-0.8748
-0.96962
-0.8729
-0.50569
-0.19985
0.24854
0.31439
0.33121
0.57029
0.64065
0.51259
0.28401
0.20278
0.0035949
0.019556
-0.035836
0.30064
0.19196
0.3875
0.79355
1.0231
1.1686
1.0158
0.94809
1.0352
0.47925
-0.062156
-0.35363
-0.32915
-0.35184
0.00054455
-0.19741
0.2952
0.53649
0.77452
0.66863
0.4848
0.59224
0.52562
0.13033
0.31475
0.16059
0.1973
0.24132
0.25123
0.015688
-0.054672
-0.50136
-0.48992
-0.67998
-0.34066
0.067425
0.19305
0.44488
0.58701
0.082992
0.71336
1.5766
1.801
1.8899
1.3106
0.35561
-0.024517
-0.36115
-0.35006
-0.64588
-1.1948
-1.5034
-1.6726
-1.4909
-0.50173
0.31068
0.46242
0.28605
-0.036342
-0.15789
-0.36737
-0.5634
-0.7669
-0.93554
-1.1403
-0.95759
-0.53595
-0.23251
-0.13424
-0.092135
0.14307
0.31528
0.73561
0.59217
0.20764
0.0094345
0.19523
0.36169
0.63296
1.1544
1.6135
1.3907
1.0759
0.78188
0.6928
0.054252
-0.19841
-0.28764
-0.4263
-0.29816
-0.03403
0.23968
0.69021
0.81423
0.95003
0.69757
0.58423
0.16149
-0.13333
-1.2114
-1.4433
-1.5046
-1.77
-1.3673
-1.0703
-0.66308
-0.25396
-0.3334
0.060667
0.45316
0.7248
0.44268
0.72662
0.24892
0.43109
0.18263
0.048938
0.49861
1.1909
1.7679
1.8006
1.0445
0.72935
0.50799
0.33902
-0.072018
-0.10196
-0.57844
-0.84774
-1.1811
-0.91045
-0.26476
0.37563
0.46778
-0.0039617
-0.57372
-0.42135
-0.45737
-0.68041
-1.1304
-1.2408
-1.3245
-1.0428
-0.67732
0.01326
0.27034
0.40707
0.35177
0.32694
0.53646
0.59901
0.14303
-0.14736
-0.40625
-0.317
-0.38492
0.15936
0.15203
0.67285
0.98013
1.2491
1.3579
1.4088
1.2472
1.2195
0.22858
-0.029233
-0.5589
-0.30081
-0.14343
0.17754
0.13087
0.5653
1.0408
1.1105
1.0348
0.60561
0.57996
0.366
-0.70043
-0.93963
-1.6006
-1.7663
-2.1662
-2.1029
-1.4036
-0.70335
-0.26738
-0.073394
0.25795
0.64959
0.88491
0.66312
0.51416
0.31417
0.10196
-0.15817
-0.019374
0.35394
0.67172
0.89552
1.2127
1.8043
2.1342
1.7118
0.76519
0.24512
-0.11972
-0.14044
-0.21277
-0.4836
-0.70612
-1.058
-1.0615
-0.41498
0.29068
0.58444
0.42569
-0.0047723
-0.36023
-0.66022
-1.0187
-1.2515
-1.7085
-1.4529
-1.6302
-0.86592
-0.41736
0.26881
0.37854
0.42182
0.70274
0.85117
0.81977
0.59265
0.040821
-0.37928
-0.72865
-0.16534
-0.13559
0.70314
0.5239
0.81781
0.41931
0.73118
0.28814
0.045979
0.01621
-0.084084
-0.19166
0.016076
0.33211
0.54403
0.64287
0.73136
0.46582
0.51953
0.44427
0.42444
-0.53801
-0.88617
-1.4362
-2.2321
-2.6405
-2.0468
-1.0952
-0.99059
-0.40019
0.14473
0.55542
0.67948
0.97316
0.92903
0.70775
0.6297
0.4644
-0.087506
-0.25155
0.50587
0.88938
1.4289
2.3902
2.6434
1.9581
0.69983
-0.23518
-0.99326
-1.4167
-1.4776
-1.6596
-2.2385
-2.4791
-1.9613
-1.4026
-0.048871
0.70478
0.62736
0.032779
-0.32979
-0.5515
-0.65915
-1.0856
-1.3446
-1.8253
-1.8939
-1.6975
-1.1867
-0.61539
-0.11066
0.39665
0.70237
0.8601
1.0314
0.98747
0.66001
0.1686
0.035221
-0.34459
-0.19071
-0.086686
-0.15631
0.38625
0.63883
0.99863
1.3028
1.0686
0.84043
0.80072
0.82178
0.44426
0.25117
0.073849
-0.0036894
0.0088456
-0.023738
0.49339
0.74472
0.89425
1.0342
0.50162
0.61472
0.44899
0.23566
-0.56716
-0.95488
-1.5698
-2.2914
-2.3594
-1.8831
-1.1405
-0.64063
-0.4364
-0.0010099
0.46542
0.97406
0.93598
0.86379
0.5973
0.58712
0.2643
0.017557
0.19561
0.67136
0.62915
1.0067
1.8401
2.7243
2.4933
1.3396
0.12727
-0.69921
-1.1999
-1.5319
-1.969
-2.3674
-2.7328
-2.7471
-2.3647
-0.96569
0.1751
0.72743
0.29102
-0.0065152
-0.30538
-0.2411
-0.51701
-1.1474
-1.3824
-1.851
-1.9355
-1.6908
-1.1394
-0.51978
0.079318
0.6858
1.0537
1.2409
1.1221
0.85405
0.62223
-0.069421
-0.21346
-0.40443
-0.29322
-0.34461
0.20063
0.57998
1.1467
1.4624
1.5088
1.2601
1.0688
1.3469
0.59035
0.30537
0.021163
-0.12767
-0.21723
-0.13887
0.27552
0.49492
0.90984
0.81061
0.7316
0.57943
0.79834
0.76105
-0.59691
-0.61089
-1.759
-2.104
-2.1259
-1.7885
-1.2401
-0.62019
-0.52424
-0.44257
0.037233
0.34177
0.7493
0.67294
0.33808
0.12922
-0.26948
-0.053266
0.16069
0.56536
0.83232
0.93987
1.1221
2.15
2.5677
2.1473
1.0823
0.089656
-0.78359
-1.4425
-1.6637
-1.9655
-2.3787
-2.8186
-2.6542
-2.0504
-0.63872
0.46152
0.61592
0.48264
0.060881
-0.20999
-0.44534
-0.87584
-1.1516
-1.437
-1.7
-1.6416
-1.0774
-0.32547
0.41457
0.72962
0.97846
1.1787
1.2089
0.69643
0.36905
-0.05111
-0.21827
-0.090368
-0.29682
-0.013802
0.51113
0.84825
1.3269
1.6578
1.4644
1.2834
1.0239
0.83402
0.091575
0.012836
0.26789
0.18485
-0.13775
0.22839
0.35355
0.50794
1.0967
1.1995
0.78613
0.52301
0.29409
0.04798
-1.2108
-1.2026
-1.6638
-2.4476
-2.5939
-2.1996
-1.6165
-0.5967
0.32534
0.61248
0.69181
0.78482
0.62188
0.49345
0.039556
0.085653
-0.32023
-0.54756
-0.53595
0.013149
0.26077
1.2565
2.1994
2.2196
1.4616
0.49465
-0.556
-1.111
-1.2907
-1.1994
-1.4916
-1.8979
-2.2809
-1.961
-1.5846
-0.1598
0.67084
0.588
0.17069
0.087338
-0.21725
-0.49441
-0.69502
-1.1053
-1.7085
-1.8743
-1.7025
-1.2735
-0.66567
-0.043301
0.42044
0.74695
0.96183
1.0196
0.77645
0.31566
0.12623
-0.11402
-0.26144
0.075097
0.037047
0.38017
0.98257
1.4613
1.664
1.5915
1.3043
1.1333
0.99105
0.5555
0.58504
0.21103
0.086367
0.13821
-0.060651
0.38463
0.51818
0.73085
0.64169
0.44286
0.22995
0.42376
0.31067
-0.27
-0.80724
-1.3458
-1.9766
-2.2193
-2.4096
-1.6519
-1.0359
-0.29427
0.17611
0.31896
0.59996
0.8228
0.48865
0.2951
-0.26422
-0.17256
-0.60486
-0.66819
-0.57075
0.14959
0.49749
0.82385
1.604
1.4168
1.4829
0.823
0.085312
-0.4606
-0.76948
-0.58599
-0.96825
-1.4989
-1.8004
-1.6736
-1.355
-0.80611
-0.0082125
-0.1156
0.092153
-0.25683
-0.42245
-0.47784
-0.62981
-1.0404
-1.4561
-1.7191
-1.4672
-0.66433
0.1024
0.51445
0.71677
0.89532
0.90105
1.0286
1.0613
0.84685
0.21375
-0.17691
-0.40889
-0.16741
0.50389
0.043476
0.32016
0.68921
1.327
1.7728
1.9549
2.2653
1.9673
1.379
0.712
0.0071232
-0.57244
-0.80931
-1.219
-2.186
-1.5698
-0.8965
-0.10991
0.32483
0.74392
0.91733
0.50934
0.097275
-0.2197
-0.35552
-0.29381
-0.163
-0.22528
-0.50667
-0.64877
-0.74332
-0.55691
-0.39765
-0.18739
-0.14259
-0.25601
-0.3207
-0.34022
-0.24078
-0.23022
-0.24281
-0.36172
-0.4943
-0.51069
-0.46563
-0.30049
-0.25897
-0.30196
-0.36079
-0.44555
-0.33779
-0.24169
-0.13386
-0.045464
-0.060498
-0.022392
0.019046
0.063532
0.14426
0.10232
0.044564
0.14998
0.24753
0.31631
0.42927
0.4128
0.44717
0.30205
0.23228
0.26284
0.26695
0.19965
0.17753
0.12918
0.12065
0.21339
0.20898
0.23634
0.1688
0.10327
0.099868
-0.011405
0.018459
-0.0096186
-0.070892
-0.1404
-0.16228
-0.16995
-0.17284
-0.12228
-0.14112
-0.15279
-0.15498
-0.1705
-0.1587
-0.17041
-0.15765
-0.13526
-0.097947
-0.058982
-0.044853
-0.0041234
0.026718
0.048927
0.054867
0.072137
0.11074
0.1131
0.12158
0.13251
0.13556
0.14086
0.14715
0.13949
0.11948
0.096379
0.071771
0.053781
0.034948
0.016036
0.0099616
-0.0082342
-0.026163
-0.038156
-0.049037
-0.05431
-0.057009
-0.059204
-0.055708
-0.059841
-0.055286
-0.038612
-0.032701
-0.021672
0.0024164
0.013462
0.026644
0.040022
0.045508
0.055013
0.063223
0.071161
0.074211
0.069743
0.068628
0.057652
0.051034
0.049365
0.038084
0.025719
0.019019
0.019125
0.00392
-0.0086016
-0.013435
-0.019037
-0.021348
-0.026001
-0.025331
-0.0226
-0.015408
-0.003778
-0.0026579
0.0098984
0.014919
0.031111
0.024953
0.028243
0.038381
0.039143
0.039748
0.034925
0.038095
0.042205
0.038493
0.042442
0.03683
0.031951
0.022172
0.020627
0.0098188
0.0099659
0.0072409
0.00016956
-0.005135
-0.0059351
-0.0043633
-0.0034904
-0.0017941
0.00028997
0.0031769
0.0058197
0.0076881
0.010865
0.015413
0.016544
0.021119
0.025113
0.024745
0.03078
0.029135
0.024781
0.028316
0.030557
0.028387
0.024249
0.021418
0.017845
0.015857
0.016382
0.017958
0.021529
0.022941
0.02747
0.022778
0.026095
0.027948
0.025297
0.022173
0.016252
0.010982
0.0073142
0.0077774
0.0060759
0.006529
0.0059808
0.0094653
0.0097837
0.0064549
0.02174
0.016131
0.015059
0.017363
0.017038
0.011264
0.0085339
0.0082469
0.0070735
0.0084864
0.0023842
0.0060371
0.0024947
0.0025569
0.0077961
0.0036468
0.0040575
0.0044345
0.0098438
0.0065451
0.0076977
0.012337
0.016558
0.021298
0.024413
0.031089
0.027325
0.027795
0.027071
0.028551
0.022853
0.020401
0.021577
0.015096
0.01169
0.0048277
0.0088592
0.013782
0.01104
0.013851
0.011641
0.013313
0.01709
0.018849
0.018409
0.020409
0.020903
0.017437
0.016024
0.013977
0.020764
0.018187
0.014941
0.014875
0.017408
0.018685
0.017294
0.020352
0.021315
0.020548
0.019542
0.018412
0.019124
0.017886
0.017637
0.018103
0.017228
0.015574
0.021099
0.020711
0.017257
0.022475
0.021909
0.019502
0.017368
0.016392
0.01416
0.011235
0.012304
0.013316
0.0091712
0.0070394
0.010828
0.0096008
0.0070476
0.012029
0.013644
0.015551
0.017954
0.017918
0.017545
0.022151
0.024494
0.02295
0.023622
0.022122
0.024576
0.024142
0.019156
0.023548
0.02677
0.023438
0.019221
0.020909
0.01788
0.023618
0.019233
0.017416
0.018892
0.016088
0.021796
0.021303
0.01607
0.020231
0.017995
0.010568
0.010639
0.018439
0.010556
0.012906
0.0092127
0.0071153
0.0078871
0.0096065
0.013496
0.0094336
0.008127
0.0062968
0.0076066
0.0091578
0.012238
0.017895
0.012391
0.013175
0.016529
0.017551
0.017286
0.017158
0.017718
0.015664
0.017893
0.015335
0.020114
0.018266
0.016136
0.016664
0.011374
0.011087
0.015217
0.012462
0.011061
0.01517
0.015944
0.015751
0.016328
0.014261
0.020644
0.014462
0.011949
0.01463
0.015582
0.015982
0.018484
0.019355
0.019536
0.021846
0.020232
0.018112
0.017542
0.019446
0.022129
0.013868
0.018309
0.012868
0.01269
0.010582
0.005686
0.0080423
0.0033603
0.0079364
0.0073925
0.0037683
0.0042961
0.0030897
0.0047381
0.0067441
0.011452
0.0088398
0.01532
0.012787
0.014801
0.025444
0.024675
0.029545
0.029444
0.022362
0.018657
0.019648
0.015392
0.014797
0.012821
0.009474
0.0063647
0.0037275
0.007514
0.0067568
0.0066487
0.011498
0.014958
0.012911
0.018465
0.02049
0.017883
0.020032
0.01773
0.016
0.014167
0.012182
0.011856
0.0079191
0.0084227
0.010404
0.00975
0.008033
0.011927
0.012406
0.013244
0.0104
0.012739
0.013726
0.016411
0.018559
0.017964
0.015325
0.014609
0.015632
0.013137
0.012065
0.016372
0.014954
0.010679
0.012121
0.014394
0.014335
0.019682
0.019198
0.01808
0.018607
0.018522
0.016933
0.018058
0.016643
0.01543
0.013514
0.014965
0.014821
0.014394
0.017214
0.020429
0.016396
0.017277
0.013895
0.014256
0.013523
0.013361
0.011644
0.012802
0.012639
0.013622
0.013012
0.013634
0.014869
0.011675
0.0093254
0.0127
0.010579
0.01263
0.014278
0.014477
0.018575
0.020909
0.017968
0.020252
0.018848
0.014388
0.013399
0.010855
0.0083038
0.0080381
0.0073435
0.0056616
0.011012
0.011868
0.014452
0.018399
0.018997
0.020378
0.020024
0.019654
0.018637
0.016127
0.013056
0.013149
0.010441
0.008745
0.01211
0.012811
0.013047
0.017918
0.019551
0.018147
0.018928
0.019633
0.020273
0.020864
0.021418
0.021949
0.022471
