0.057132
0.060104
0.064733
0.069392
0.073368
0.075954
0.0764
0.099717
0.14715
0.16086
0.13515
0.10555
0.08304
0.066171
0.051093
0.036738
0.025532
0.019805
0.019126
0.020454
0.01847
0.0086613
-0.0056194
-0.01518
-0.01783
-0.014908
-0.010133
-0.0068295
-0.0088032
-0.016496
-0.027012
-0.037668
-0.047659
-0.057636
-0.069438
-0.082209
-0.094164
-0.15175
-0.25166
-0.29631
-0.26264
-0.20755
-0.16025
-0.13109
-0.1173
-0.11491
-0.11654
-0.11444
-0.10896
-0.1049
-0.10155
-0.098936
-0.095059
-0.086201
-0.072741
-0.056834
-0.043646
-0.038154
-0.04091
-0.044461
-0.043388
-0.036498
-0.025735
-0.014238
-0.0061413
-0.0028618
-0.0027658
-0.0017599
0.0037019
0.013853
0.052183
0.1144
0.14384
0.13146
0.11642
0.11024
0.11202
0.11764
0.12385
0.12807
0.12976
0.12938
0.12548
0.11937
0.1138
0.10804
0.10234
0.12524
0.17119
0.16671
0.11325
0.064111
0.036003
0.028523
0.031319
0.034067
0.031694
0.024631
0.016485
0.011281
0.0097088
0.010335
0.0086639
0.0010573
-0.010911
-0.025669
-0.040961
-0.081639
-0.14637
-0.17592
-0.1634
-0.14543
-0.1346
-0.13185
-0.13271
-0.13035
-0.12412
-0.11777
-0.11204
-0.1069
-0.10314
-0.099312
-0.095061
-0.092243
-0.088651
-0.084234
-0.080149
-0.074483
-0.068132
-0.061445
-0.055502
-0.048945
-0.041803
-0.034594
-0.031023
-0.031125
-0.026747
-0.015491
0.00015576
0.019557
0.039648
0.056499
0.068119
0.073228
0.075412
0.077546
0.082018
0.087649
0.099061
0.11362
0.12428
0.1327
0.13685
0.13448
0.12961
0.12559
0.12271
0.11901
0.14253
0.19321
0.19988
0.15215
0.093312
0.046605
0.020168
0.012376
0.018225
0.027592
0.036266
0.038129
0.03116
0.019597
0.010352
0.0077239
0.0081161
0.0054641
-0.0030832
-0.01669
-0.033243
-0.050598
-0.064641
-0.075744
-0.083389
-0.08765
-0.091929
-0.098362
-0.10596
-0.11649
-0.16296
-0.23456
-0.2469
-0.19559
-0.14019
-0.10258
-0.083967
-0.077816
-0.077248
-0.079197
-0.080349
-0.076527
-0.066144
-0.051983
-0.040979
-0.035099
-0.036837
-0.041744
-0.042183
-0.036534
-0.026537
-0.0164
-0.0099889
-0.0083398
-0.010812
-0.00024043
0.030432
0.060563
0.073123
0.072527
0.06862
0.069212
0.077405
0.090427
0.10675
0.12321
0.13242
0.13177
0.1299
0.12759
0.12385
0.12093
0.12017
0.11957
0.14305
0.1919
0.19642
0.14764
0.089517
0.044036
0.019238
0.010869
0.012711
0.019995
0.026665
0.027959
0.023754
0.017203
0.011421
0.0079942
0.0044715
-0.0028406
-0.014242
-0.028636
-0.072961
-0.14311
-0.17459
-0.16025
-0.14057
-0.12923
-0.12799
-0.13168
-0.12933
-0.12021
-0.11136
-0.10613
-0.10329
-0.1004
-0.096133
-0.089494
-0.081928
-0.07768
-0.078243
-0.080764
-0.079956
-0.071001
-0.056253
-0.040697
-0.031443
-0.030046
-0.03391
-0.040467
-0.043084
-0.036085
-0.023011
-0.0087397
0.0065825
0.022403
0.038912
0.05538
0.068355
0.073037
0.072024
0.073651
0.0786
0.08834
0.14828
0.25312
0.29025
0.24035
0.17654
0.13181
0.10689
0.093449
0.087422
0.084915
0.08467
0.0862
0.083322
0.072476
0.056626
0.038489
0.022168
0.022665
0.038778
0.04251
0.030677
0.018566
0.0090147
-0.001036
-0.014712
-0.029596
-0.043627
-0.055949
-0.066312
-0.074063
-0.07744
-0.079973
-0.085131
-0.092673
-0.1041
-0.11903
-0.13045
-0.13651
-0.13669
-0.12828
-0.11712
-0.10877
-0.10221
-0.098051
-0.094404
-0.088805
-0.083528
-0.080148
-0.078949
-0.080141
-0.078442
-0.069259
-0.054235
-0.038086
-0.027592
-0.024976
-0.028103
-0.034817
-0.038427
-0.033108
-0.023451
-0.012248
0.0017311
0.018616
0.036695
0.052306
0.065117
0.072588
0.073481
0.073195
0.076216
0.085259
0.10097
0.11753
0.13168
0.14139
0.1851
0.25887
0.27117
0.20988
0.14118
0.095438
0.073901
0.069142
0.072778
0.070433
0.056874
0.039123
0.023302
0.015179
0.017289
0.02444
0.029025
0.027913
0.022775
0.015649
0.0090099
0.0062598
0.0037382
-0.0048929
-0.018641
-0.032465
-0.045243
-0.058778
-0.071076
-0.077873
-0.078396
-0.079266
-0.083944
-0.093826
-0.10922
-0.12422
-0.13153
-0.13204
-0.12842
-0.12038
-0.11231
-0.10655
-0.10175
-0.098242
-0.094461
-0.087851
-0.080929
-0.075761
-0.075265
-0.079276
-0.080879
-0.074743
-0.059907
-0.041424
-0.028629
-0.024844
-0.02889
-0.033028
-0.031539
-0.024495
-0.014569
-0.0051822
-7.1231e-05
-0.00051537
-0.0020012
0.001442
0.010467
0.023589
0.040154
0.055328
0.063535
0.067022
0.06882
0.069596
0.073311
0.082593
0.096098
0.10991
0.12197
0.12959
0.13116
0.1284
0.12551
0.12395
0.12002
0.11454
0.10958
0.10221
0.094253
0.088348
0.083993
0.081822
0.07977
0.071219
0.055044
0.036373
0.023279
0.018344
0.020103
0.025989
0.030717
0.031366
0.02627
0.018076
0.01096
0.0082694
0.0065152
0.0021518
-0.0070309
-0.020709
-0.035905
-0.051915
-0.064619
-0.073455
-0.081168
-0.08933
-0.097077
-0.10417
-0.11031
-0.11711
-0.12492
-0.13107
-0.13233
-0.12865
-0.12283
-0.11579
-0.10753
-0.12525
-0.16791
-0.17554
-0.14217
-0.10292
-0.068851
-0.043355
-0.029835
-0.026326
-0.028304
-0.031566
-0.032492
-0.028167
-0.019871
-0.011268
-0.0065479
-0.0064224
0.00059285
0.022472
0.048068
0.064054
0.069767
0.069402
0.070827
0.074429
0.083245
0.09937
0.11589
0.12633
0.13026
0.12808
0.12247
0.11932
0.1171
0.11511
0.11405
0.11062
0.10403
0.096029
0.088566
0.084284
0.082554
0.079689
0.072375
0.057627
0.039591
0.038392
0.055507
0.057144
0.038639
0.020561
0.010126
0.0054968
0.00033042
-0.0094637
-0.022396
-0.036128
-0.049072
-0.060602
-0.070407
-0.076291
-0.079686
-0.084965
-0.093585
-0.10485
-0.11799
-0.12769
-0.13127
-0.13193
-0.12943
-0.12334
-0.11624
-0.10977
-0.10554
-0.13045
-0.17996
-0.18629
-0.1413
-0.086773
-0.043727
-0.020503
-0.015271
-0.021842
-0.029764
-0.030945
-0.02387
-0.013579
-0.0047764
-0.0009176
-0.0030867
-0.0059039
-0.0043487
0.002885
0.015706
0.031543
0.047994
0.060865
0.067198
0.069136
0.070409
0.074758
0.082611
0.095112
0.10945
0.12233
0.12954
0.12961
0.12597
0.12137
0.11512
0.11074
0.10951
0.10596
0.10031
0.094231
0.089058
0.087286
0.086335
0.083135
0.074061
0.069273
0.077308
0.071683
0.052881
0.032057
0.014825
0.0050133
0.0028654
0.0030787
-0.00083095
-0.010907
-0.024206
-0.039344
-0.054211
-0.066603
-0.075739
-0.079839
-0.081288
-0.086259
-0.095308
-0.10808
-0.12267
-0.13156
-0.1335
-0.13118
-0.12489
-0.11658
-0.11001
-0.10465
-0.099688
-0.096555
-0.092256
-0.084978
-0.078329
-0.076273
-0.078698
-0.078131
-0.06738
-0.049732
-0.03377
-0.02619
-0.028455
-0.034479
-0.038278
-0.035424
-0.027034
-0.016808
-0.0087168
-0.0047713
-0.0055969
-0.0069483
-0.0031394
0.0076515
0.021606
0.038391
0.054942
0.064873
0.067426
0.067543
0.067682
0.071026
0.079445
0.091608
0.1063
0.11875
0.12488
0.12506
0.12183
0.11604
0.11165
0.11246
0.11423
0.11067
0.10207
0.092903
0.086509
0.083769
0.08377
0.081515
0.073099
0.059194
0.042432
0.029586
0.023586
0.023303
0.026115
0.028146
0.027801
0.023709
0.016969
0.011946
0.010591
0.010698
0.0066802
-0.0055311
-0.023015
-0.038399
-0.050947
-0.063471
-0.073082
-0.078355
-0.083257
-0.087953
-0.095626
-0.10801
-0.1204
-0.12945
-0.13365
-0.13556
-0.13471
-0.12772
-0.1172
-0.10786
-0.10123
-0.097039
-0.093396
-0.088185
-0.083776
-0.082878
-0.080047
-0.071899
-0.059706
-0.044802
-0.033167
-0.029145
-0.031632
-0.036845
-0.036506
-0.030582
-0.020597
-0.010871
-0.0054809
-0.005017
-0.0078309
-0.0095392
-0.0068217
0.0033989
0.020245
0.039746
0.057115
0.067724
0.070804
0.071642
0.072126
0.075142
0.083687
0.097818
0.11379
0.12533
0.12812
0.12431
0.11953
0.11588
0.11286
0.1103
0.10986
0.1104
0.10554
0.095255
0.086127
0.080534
0.078143
0.077809
0.07236
0.05924
0.043847
0.032222
0.026692
0.027932
0.032686
0.036087
0.033825
0.0269
0.019294
0.014703
0.013717
0.012034
0.0056211
-0.0069035
-0.022313
-0.037236
-0.051261
-0.062462
-0.069746
-0.074057
-0.078668
-0.086499
-0.099138
-0.11315
-0.1271
-0.13849
-0.14045
-0.13394
-0.12661
-0.11937
-0.11278
-0.10938
-0.10662
-0.10066
-0.093929
-0.088146
-0.084267
-0.082464
-0.08038
-0.076048
-0.066247
-0.051297
-0.040237
-0.036741
-0.037937
-0.040535
-0.040928
-0.036122
-0.026144
-0.014864
-0.0074747
-0.0050245
-0.0065814
-0.0086812
-0.0065174
0.0025907
0.01683
0.034138
0.051093
0.062426
0.066974
0.067585
0.066524
0.068682
0.076733
0.090081
0.10521
0.11711
0.12211
0.12173
0.1167
0.1091
0.10638
0.10799
0.10926
0.10951
0.10848
0.1048
0.096305
0.086593
0.079295
0.072797
0.065995
0.058313
0.050746
0.045819
0.043561
0.041182
0.038584
0.035078
0.030202
0.024143
0.017492
0.013583
0.011722
0.0067905
-0.0042493
-0.020535
-0.038656
-0.053062
-0.060157
-0.063127
-0.066327
-0.07442
-0.086369
-0.099565
-0.11269
-0.12319
-0.12768
-0.12592
-0.12246
-0.12164
-0.12209
-0.12083
-0.11817
-0.1158
-0.11154
-0.10423
-0.098208
-0.094474
-0.090702
-0.084472
-0.074257
-0.063032
-0.052107
-0.038947
-0.024688
-0.013188
-0.0069565
-0.0050383
-0.0068478
-0.0087847
-0.0082721
-0.0046615
0.0013148
0.0090529
0.014532
0.017332
0.020842
0.02372
0.027938
0.036686
0.048367
0.059194
0.066031
0.070956
0.07426
0.076408
0.078069
0.082961
0.092526
0.1031
0.1096
0.11012
0.10671
0.10143
0.095136
0.089637
0.085649
0.082146
0.07882
0.076313
0.073519
0.069491
0.064399
0.058033
0.052507
0.04494
0.035507
0.030147
0.033002
0.038841
0.039769
0.034474
0.026652
0.017917
0.010433
0.0063312
0.0017703
-0.0084282
-0.023349
-0.037594
-0.051388
-0.06361
-0.070139
-0.072662
-0.076519
-0.080955
-0.085889
-0.094637
-0.10597
-0.11164
-0.11307
-0.11369
-0.11045
-0.10691
-0.10744
-0.10872
-0.10928
-0.10658
-0.097003
-0.084085
-0.073514
-0.068184
-0.067143
-0.068646
-0.069339
-0.062261
-0.047371
-0.029344
-0.011153
0.0010723
0.0026979
-0.002304
-0.0071323
-0.0096613
-0.0071529
5.684e-05
0.0082216
0.014424
0.018138
0.019163
0.019196
0.02318
0.03289
0.042151
0.048753
0.051639
0.051135
0.05155
0.053317
0.057589
0.066134
0.077177
0.08559
0.090175
0.091624
0.092144
0.092228
0.091133
0.09108
0.092867
0.090378
0.083758
0.078576
0.075573
0.076338
0.079456
0.079681
0.076076
0.066161
0.068322
0.093458
0.099348
0.076294
0.048546
0.028757
0.019578
0.017842
0.019288
0.018358
0.011919
0.0026125
-0.0042508
-0.0094683
-0.013403
-0.014744
-0.015778
-0.017349
-0.019993
-0.025396
-0.033018
-0.039826
-0.051138
-0.064879
-0.065057
-0.052501
-0.039945
-0.029698
-0.021262
-0.014878
-0.011413
-0.011085
-0.01296
-0.015626
-0.01828
-0.020335
-0.020006
-0.018302
-0.017674
-0.018079
-0.020097
-0.022843
-0.024691
-0.025212
-0.024544
-0.023714
-0.023514
-0.023464
-0.022972
-0.022479
-0.022512
-0.022102
-0.020305
-0.019255
-0.019937
-0.020134
-0.019487
-0.019145
-0.01854
-0.016931
-0.013775
-0.0099307
-0.0076269
-0.0061462
-0.0052909
-0.0062568
-0.0069478
-0.0061828
-0.005041
-0.0040104
-0.0034494
-0.0032766
-0.0033153
-0.0035174
-0.0036748
-0.003967
-0.0048232
-0.0054289
-0.0047461
-0.0038495
-0.0041914
-0.0047106
-0.0041831
-0.0038606
-0.0040358
-0.0035861
-0.003058
-0.0036048
-0.0041874
-0.0035927
-0.0028148
-0.0024398
-0.0023037
-0.002191
-0.0021458
-0.0022871
-0.0019813
-0.0013036
-0.00094692
-0.0012829
-0.0017835
-0.0018083
-0.0016381
-0.0013191
-0.001554
-0.00268
-0.0031542
-0.0027229
-0.001988
-0.0011782
-0.001186
-0.0018643
-0.0021265
-0.001632
-0.00089652
-0.00081247
-0.0012258
-0.0013959
-0.0010398
-0.00036087
0.00024557
0.00061852
0.0016926
0.0039299
0.0059461
0.0080235
0.010455
0.012394
0.013969
0.016016
0.018829
0.022008
0.025202
0.027875
0.03091
0.035626
0.040672
0.043888
0.045629
0.046965
0.049245
0.053188
0.057586
0.060697
0.060891
0.060237
0.061147
0.061616
0.061391
0.061262
0.060694
0.060898
0.062701
0.06331
0.06185
0.059408
0.055346
0.049987
0.044848
0.040717
0.037727
0.034715
0.032069
0.029094
0.023973
0.016867
0.010128
0.0064088
0.0055978
0.0040697
-0.00089755
-0.010525
-0.023329
-0.03518
-0.045491
-0.054901
-0.063761
-0.075965
-0.089364
-0.097437
-0.10284
-0.10452
-0.10536
-0.11136
-0.12261
-0.13219
-0.14186
-0.15061
-0.15038
-0.14236
-0.13174
-0.1212
-0.11316
-0.10821
-0.10529
-0.10194
-0.098356
-0.094955
-0.086763
-0.072338
-0.053142
-0.031444
-0.012661
-0.0032253
-0.0025417
-0.0071857
-0.0095307
-0.005509
0.0027974
0.012565
0.018721
0.019888
0.018539
0.016219
0.015958
0.022129
0.035815
0.051222
0.062196
0.066791
0.063687
0.055503
0.047958
0.047257
0.052167
0.061342
0.071662
0.079358
0.083336
0.084109
0.084888
0.086785
0.085147
0.079526
0.07397
0.070525
0.068568
0.065878
0.062406
0.060977
0.064009
0.070164
0.075308
0.074985
0.066358
0.051233
0.039168
0.035306
0.037384
0.043056
0.047371
0.045849
0.039421
0.030924
0.023464
0.018085
0.013224
0.006599
-0.002015
-0.0091674
-0.012539
-0.014782
-0.018015
-0.021926
-0.02617
-0.027741
-0.026641
-0.028418
-0.033984
-0.040183
-0.045533
-0.045804
-0.039669
-0.031596
-0.026098
-0.02394
-0.023984
-0.025712
-0.027604
-0.02739
-0.024766
-0.021491
-0.019343
-0.01774
-0.016385
-0.015498
-0.013889
-0.011088
-0.0085862
-0.0089098
-0.012464
-0.015792
-0.01717
-0.01687
-0.015533
-0.015063
-0.016697
-0.01971
-0.022826
-0.024932
-0.025696
-0.024889
-0.02312
-0.021821
-0.021269
-0.020858
-0.020762
-0.021441
-0.021573
-0.02002
-0.018094
-0.017045
-0.016138
-0.01441
-0.011809
-0.0085345
-0.0054548
-0.0040351
-0.0041363
-0.0043996
-0.0038917
-0.0024993
-0.0015822
-0.0016078
-0.0023231
-0.0034572
-0.0035033
-0.0028127
-0.0025965
-0.0022719
-0.001856
-0.0019821
-0.0023451
-0.0023613
-0.0019803
-0.0014817
-0.0012897
-0.0017321
-0.0020566
-0.0016844
-0.0011294
-0.00073421
-0.00039622
-0.00035602
-0.0005476
-0.00040591
4.4005e-05
0.00040548
0.00023416
-0.00036731
-0.00060671
-0.0005828
-0.0010195
-0.0016843
-0.0020744
-0.0022564
-0.003171
-0.0041888
-0.003594
-0.0028144
-0.0028434
-0.0022584
-0.0019764
-0.0026207
-0.0025633
-0.0017745
-0.0012666
-0.0017042
-0.0029388
-0.003507
-0.0024968
-0.0010873
-0.00066325
-0.00091874
-0.00099553
-0.0011031
-0.0012359
-0.0012736
-0.0017266
-0.0022979
-0.0018166
-0.00059276
-0.00021985
-0.00057004
-0.0013019
-0.0021484
-0.0022295
-0.0015451
-0.00016112
0.00080974
0.00025627
-0.00041698
-0.0004393
-0.00050746
-0.00025193
0.00015464
9.1099e-06
-3.4605e-05
0.00047095
0.00053361
-0.0002612
-0.00058989
0.00021135
0.00081434
7.0807e-05
-0.00083038
-0.00086665
-0.00020745
0.00073254
0.0012125
0.0013542
0.0010933
-0.00011814
-0.00087478
-0.00068002
-0.00069655
-0.00053852
-0.00030381
-0.00028279
9.358e-05
0.000665
0.00067046
0.00038656
0.00034625
0.00025199
7.4152e-05
-0.00034432
-0.00025745
0.00037217
8.0809e-05
-0.00024931
1.4369e-05
-0.00025733
-0.00083813
-0.0011747
-0.0010946
-0.0006662
-0.00050612
-0.00038236
0.00031995
0.00084328
0.0006837
0.00029907
-0.00055456
-0.00096868
-0.00061682
-0.00070051
-0.0005939
-0.00035339
-0.0001074
0.00029374
-9.7842e-05
-0.00070954
-0.00079395
-0.00035234
0.00022538
0.00042255
0.00057065
0.00020486
-0.00070221
-0.00070667
9.1705e-05
0.00078772
0.0011762
0.0010303
0.00054027
0.00028721
-0.00012819
-0.00095851
-0.00080381
0.00016162
0.00042233
0.00071562
0.00083585
-0.00032567
-0.0011198
-0.00084755
-0.00053313
-0.00045289
-0.0010868
-0.0025435
-0.0054431
-0.0096183
-0.012553
-0.013977
-0.015563
-0.017814
-0.020021
-0.02159
-0.023778
-0.026758
-0.02807
-0.0283
-0.030025
-0.032372
-0.034857
-0.038188
-0.041832
-0.044719
-0.046872
-0.049919
-0.054367
-0.059169
-0.063522
-0.067877
-0.071703
-0.073359
-0.072354
-0.070467
-0.068025
-0.065689
-0.065631
-0.064836
-0.061516
-0.057898
-0.052871
-0.043971
-0.0337
-0.026121
-0.021624
-0.01803
-0.013625
-0.0068433
-9.1431e-05
0.006769
0.012772
0.015788
0.014069
0.010568
0.0077526
0.007466
0.01114
0.018869
0.030188
0.043295
0.055002
0.058818
0.055072
0.051847
0.054056
0.064428
0.074109
0.082742
0.090525
0.096543
0.099804
0.10177
0.10403
0.10871
0.11417
0.11569
0.11458
0.11006
0.10233
0.096288
0.091788
0.086685
0.080995
0.077822
0.077124
0.073823
0.065801
0.055572
0.043087
0.030785
0.0224
0.020043
0.022477
0.025933
0.023658
0.015105
0.0053188
-0.0046834
-0.017181
-0.032061
-0.046449
-0.056812
-0.060496
-0.059392
-0.058233
-0.059809
-0.064578
-0.070477
-0.075901
-0.079838
-0.085097
-0.093515
-0.10309
-0.11268
-0.1239
-0.13481
-0.13727
-0.13029
-0.12023
-0.10797
-0.095268
-0.084329
-0.074643
-0.065977
-0.059996
-0.056019
-0.052494
-0.050416
-0.048181
-0.040342
-0.025319
-0.0074711
0.0069766
0.013086
0.011108
0.0047418
-0.001424
-0.0039687
-0.00045042
0.0076
0.017741
0.027632
0.034879
0.04109
0.04761
0.051949
0.051828
0.051008
0.053125
0.058949
0.068118
0.076535
0.083826
0.090881
0.095617
0.097763
0.095005
0.089234
0.085801
0.085516
0.084946
0.082006
0.077702
0.071727
0.067213
0.06578
0.064702
0.061998
0.058348
0.057422
0.059024
0.060509
0.060124
0.054016
0.041305
0.027983
0.021677
0.022929
0.023046
0.015731
0.003219
-0.01037
-0.024308
-0.035679
-0.041795
-0.044861
-0.046791
-0.051042
-0.058674
-0.064026
-0.064224
-0.061438
-0.061465
-0.066108
-0.073766
-0.083287
-0.090012
-0.090829
-0.090017
-0.093611
-0.1002
-0.10399
-0.10526
-0.10448
-0.096581
-0.081173
-0.064498
-0.051917
-0.046334
-0.044832
-0.045827
-0.050175
-0.055063
-0.055902
-0.050559
-0.042463
-0.033345
-0.02266
-0.010962
-0.00096382
0.0038018
0.0039665
0.0070612
0.018788
0.036519
0.052078
0.059394
0.057727
0.049796
0.038468
0.02885
0.027522
0.038219
0.057467
0.075122
0.083336
0.082173
0.076663
0.071216
0.069488
0.074019
0.081255
0.085562
0.085696
0.08355
0.079438
0.075818
0.075451
0.076209
0.074345
0.06795
0.058829
0.049475
0.042156
0.042122
0.051451
0.06816
0.081351
0.081141
0.072835
0.058343
0.038628
0.018057
0.0034031
-0.0047129
-0.011104
-0.01604
-0.017481
-0.019262
-0.02429
-0.027374
-0.023
-0.014129
-0.0054893
-0.00021293
-0.0017013
-0.0096656
-0.020573
-0.028707
-0.028073
-0.02072
-0.016265
-0.018897
-0.025117
-0.029728
-0.031665
-0.030797
-0.028043
-0.026659
-0.02832
-0.030945
-0.030498
-0.024392
-0.014071
-0.0040671
0.0020476
0.0035304
0.00050917
-0.0048944
-0.0079085
-0.004876
0.0020866
0.0086626
0.012502
0.013018
0.010606
0.0054755
-0.00075397
-0.0049051
-0.0060651
-0.0055465
-0.0047161
-0.0050596
-0.0072391
-0.0099687
-0.011667
-0.012098
-0.011422
-0.009144
-0.0061874
-0.0048661
-0.0064799
-0.010586
-0.013915
-0.015373
-0.017384
-0.019655
-0.021293
-0.022924
-0.024334
-0.025438
-0.027241
-0.030417
-0.033501
-0.035467
-0.036658
-0.036678
-0.035966
-0.035205
-0.033007
-0.028684
-0.024003
-0.020767
-0.01937
-0.018569
-0.017263
-0.014598
-0.010575
-0.0075561
-0.0052176
-0.0017908
0.00033384
0.00077502
0.0020479
0.004124
0.0052034
0.0045086
0.0039996
0.0051275
0.0072659
0.0089649
0.0084698
0.0068256
0.0066016
0.0076717
0.0093227
0.010607
0.010866
0.011148
0.0111
0.0099572
0.0083634
0.0071439
0.0070488
0.0077147
0.0079826
0.0074725
0.0060321
0.0038484
0.0013262
-0.0011488
-0.0035328
-0.0058382
-0.0067404
-0.0057006
-0.0044819
-0.0042203
-0.0049217
-0.005488
-0.0044474
-0.0028797
-0.0024252
-0.0025116
-0.0028844
-0.0040706
-0.0046925
-0.0037107
-0.0014928
0.0010109
0.0023844
0.0024084
0.0019458
0.0014541
0.0013382
0.0023041
0.0031513
0.0029874
0.0022921
0.0013224
0.0010931
0.00117
0.00038244
-0.00016209
0.00069802
0.0019943
0.0015531
-0.00037077
-0.0011627
-0.00044659
-0.00011024
-0.00049067
-0.00017449
0.00039166
0.00042844
0.00039613
0.00015051
0.0001637
0.00056967
0.00057377
0.00023127
0.00023294
0.00040352
0.00030923
0.00035341
-7.805e-05
-0.0010719
-0.0015467
-0.0011486
-0.00013414
0.00069678
0.00048725
-0.00030273
-0.00012329
0.00073246
0.00090224
-5.4697e-05
-0.00071037
-0.0003157
-0.00023409
-0.00020452
-3.2994e-05
0.00040875
0.00098949
0.00032852
-0.00021394
0.0006051
0.0010478
0.00065213
0.00066126
0.00089231
6.4869e-05
-0.00077421
-0.00021299
9.2397e-05
-0.00041274
-0.00039296
7.8749e-05
-3.1618e-05
-0.00028006
-0.00030184
-0.00068201
-0.0010253
-0.00091231
0.00033071
0.0018891
0.0020151
0.0009822
0.00013431
0.00015777
0.00031456
0.00014216
-0.00013136
-0.00035584
-0.00064846
-0.0011944
-0.0007153
0.00086218
0.0009722
-6.1258e-05
-8.5433e-06
0.00050958
0.00061912
0.00045552
-5.1171e-05
-0.00039345
-4.3118e-05
0.00016786
-4.6527e-05
-0.00028091
-0.0010034
-0.00081757
0.00010867
-9.5328e-05
-0.00036343
-3.7782e-05
0.00042653
0.00046851
0.00015482
-4.7688e-06
5.2162e-05
-0.00011384
-0.00055172
-0.00052861
-0.00035541
-0.00017585
0.0002825
0.00029983
-0.00043263
-0.00037738
0.00054557
0.00064141
-7.0544e-05
-0.00078542
-0.00075631
-3.459e-05
0.00029195
0.00020469
0.00028657
0.00021837
-0.00033101
-0.0003534
9.0786e-05
-0.00022038
-0.00076852
-0.0011286
-0.0014889
-0.0012694
-0.00010716
0.00084649
0.00048018
-0.00016966
-6.0216e-05
0.00030616
7.7366e-05
-0.000612
-0.00057152
0.00022074
0.00065753
0.00039011
0.00031443
0.00075225
0.0011072
0.0013987
0.00091168
-0.00014655
-0.00050528
-0.00069077
-0.0008423
-0.00064842
-0.0004046
0.00012644
0.00057571
-2.737e-05
-0.00071939
-0.00018609
0.00034367
0.00012996
-1.1747e-05
5.3084e-05
0.00029963
0.0002538
-0.00019662
-0.00015872
0.00019267
0.00022583
-0.00035998
-0.00087918
-0.00060974
-0.00047632
-0.00055142
-0.00022198
-0.00029593
-0.00024845
0.00062951
0.00095829
0.0004933
-0.00023257
-0.00055027
-0.00010977
0.00059372
0.00093543
0.00031697
-0.00037686
-0.00086589
-0.0014421
-0.0011178
-0.00029947
4.9166e-05
-5.6951e-05
-8.9231e-06
0.0004945
0.00070241
0.00048699
0.00026263
-0.00027007
-0.0007589
-0.00035237
0.0003991
0.001143
0.0012964
0.0012342
0.0023932
0.0037667
0.0048484
0.0060565
0.0069802
0.0081412
0.010302
0.012569
0.014926
0.018183
0.020904
0.022576
0.02445
0.027184
0.031034
0.034881
0.038292
0.04152
0.043607
0.045156
0.047594
0.074111
0.1229
0.13873
0.11489
0.085655
0.065034
0.055578
0.054689
0.058258
0.062034
0.06223
0.058838
0.055347
0.050628
0.043491
0.038134
0.037564
0.0394
0.040189
0.036455
0.028851
0.019345
0.0092828
0.0017305
-0.0020466
-0.0042221
-0.0077679
-0.014425
-0.022201
-0.028741
-0.033718
-0.039267
-0.047468
-0.058469
-0.073684
-0.08798
-0.097613
-0.10044
-0.099394
-0.10182
-0.11004
-0.12516
-0.14335
-0.15334
-0.15102
-0.14122
-0.13116
-0.12405
-0.11881
-0.11535
-0.1127
-0.10876
-0.10462
-0.09792
-0.085029
-0.069069
-0.053311
-0.038216
-0.027859
-0.026271
-0.028015
-0.027084
-0.019974
-0.0078921
0.0068676
0.019583
0.024502
0.021369
0.016171
0.013664
0.014253
0.015873
0.018751
0.025683
0.037224
0.051449
0.06254
0.064645
0.058909
0.074408
0.11645
0.13896
0.12722
0.10608
0.086707
0.073042
0.06556
0.065296
0.070635
0.076179
0.078393
0.07752
0.076252
0.076226
0.07345
0.067299
0.063161
0.06081
0.058805
0.058442
0.057414
0.069926
0.092294
0.09199
0.067324
0.038928
0.011202
-0.012392
-0.027978
-0.039144
-0.04915
-0.056555
-0.063482
-0.072831
-0.081837
-0.091163
-0.1021
-0.11437
-0.12509
-0.13059
-0.17939
-0.26866
-0.29224
-0.2353
-0.16398
-0.10692
-0.068851
-0.046459
-0.035705
-0.031276
-0.029682
-0.030815
-0.030542
-0.025767
-0.016368
-0.0049305
0.0058802
0.014317
0.018997
0.023611
0.029141
0.033818
0.038087
0.045826
0.055387
0.061755
0.060026
0.054857
0.048854
0.044364
0.044749
0.0519
0.061811
0.070566
0.075499
0.075744
0.074416
0.07361
0.071328
0.068979
0.07057
0.073992
0.077164
0.080152
0.08009
0.079279
0.080155
0.079573
0.094961
0.13382
0.13768
0.10476
0.069114
0.042086
0.028633
0.026681
0.02949
0.029414
0.021315
0.0055023
-0.012541
-0.028051
-0.040447
-0.050463
-0.058746
-0.0648
-0.07245
-0.13215
-0.23938
-0.28131
-0.24017
-0.18429
-0.14179
-0.11924
-0.11167
-0.11065
-0.10771
-0.10132
-0.091447
-0.077504
-0.062276
-0.048167
-0.037359
-0.032591
-0.032415
-0.029505
-0.020841
-0.0064413
0.0079764
0.01601
0.01814
0.016329
0.012816
0.011146
0.015213
0.024304
0.036728
0.049826
0.058335
0.059527
0.054441
0.046954
0.04079
0.040789
0.04732
0.087558
0.15207
0.17321
0.14339
0.1105
0.090172
0.080476
0.077528
0.076411
0.075046
0.075546
0.075511
0.070334
0.064055
0.059598
0.056426
0.054653
0.054184
0.053448
0.050047
0.044211
0.037108
0.031908
0.031445
0.033705
0.032822
0.02462
0.0094886
-0.009705
-0.029657
-0.04818
-0.062177
-0.0685
-0.071022
-0.074585
-0.080814
-0.091264
-0.10417
-0.11865
-0.13089
-0.18357
-0.27343
-0.29585
-0.23459
-0.16349
-0.11313
-0.084798
-0.069329
-0.058069
-0.048508
-0.042586
-0.039864
-0.038839
-0.037701
-0.034375
-0.027254
-0.01702
-0.0073177
0.0010659
0.0067945
0.0084209
0.007177
0.0056726
0.0059482
0.007921
0.011713
0.018921
0.029493
0.040354
0.049023
0.053599
0.054871
0.056635
0.060668
0.064039
0.067414
0.072811
0.080029
0.086884
0.092241
0.094155
0.09462
0.093711
0.090287
0.085507
0.081175
0.079128
0.079451
0.078139
0.073079
0.069038
0.066357
0.058042
0.044954
0.036276
0.033818
0.034654
0.033957
0.028153
0.018041
0.0072795
-0.0013067
-0.0041784
-0.002671
-0.00164
-0.0054589
-0.017383
-0.034456
-0.052202
-0.065522
-0.068813
-0.065369
-0.063221
-0.065561
-0.071055
-0.076792
-0.080899
-0.086259
-0.092973
-0.094264
-0.091082
-0.091664
-0.096747
-0.10053
-0.10042
-0.098488
-0.093409
-0.085654
-0.077371
-0.070389
-0.067219
-0.065514
-0.059627
-0.048837
-0.03387
-0.015234
0.0027402
0.013939
0.013987
0.0073167
-0.0012242
-0.0059692
-0.0035813
0.0042479
0.013288
0.019882
0.023873
0.026106
0.025952
0.022897
0.021629
0.025869
0.032758
0.039032
0.042944
0.04326
0.043528
0.047382
0.053106
0.058456
0.064586
0.067966
0.068491
0.071625
0.074978
0.074849
0.073036
0.071498
0.068213
0.062164
0.057296
0.053462
0.047887
0.041775
0.038436
0.038407
0.038907
0.03938
0.03966
0.038224
0.033286
0.02437
0.016364
0.011184
0.0081479
0.0072068
0.0080908
0.0088751
0.0048419
-0.0049764
-0.019529
-0.03519
-0.047449
-0.055135
-0.058054
-0.07855
-0.11957
-0.1331
-0.11273
-0.090327
-0.075502
-0.06908
-0.07052
-0.074923
-0.078482
-0.078429
-0.072044
-0.061338
-0.051138
-0.045505
-0.044834
-0.040535
-0.024699
-0.0037886
0.0083065
0.011821
0.0096158
0.0068362
0.0058045
0.0066779
0.010304
0.016427
0.021926
0.023422
0.020374
0.028182
0.049672
0.062182
0.057251
0.048496
0.043417
0.041363
0.041029
0.04173
0.042279
0.041832
0.04161
0.043321
0.045095
0.053104
0.06487
0.05888
0.038404
0.022595
0.015907
0.015261
0.018195
0.019666
0.016407
0.0085763
-0.00083067
-0.0078473
-0.011006
-0.01672
-0.031758
-0.047207
-0.055621
-0.058887
-0.056223
-0.047731
-0.03778
-0.034675
-0.038623
-0.040188
-0.03743
-0.035138
-0.03411
-0.054995
-0.091779
-0.10303
-0.07986
-0.050617
-0.027874
-0.01744
-0.018102
-0.017973
-0.010958
0.0009933
0.016566
0.032081
0.042799
0.045739
0.040883
0.036586
0.034063
0.033357
0.031811
0.027798
0.024604
0.022011
0.01927
0.019884
0.021834
0.021128
0.017421
0.013121
0.01106
0.018031
0.029618
0.03142
0.023557
0.017136
0.016876
0.019656
0.019709
0.015476
0.0090077
0.0028342
-0.0013632
-0.0041125
-0.0081424
-0.012908
-0.015425
-0.015114
-0.014742
-0.017423
-0.021137
-0.022995
-0.022062
-0.016585
-0.011103
-0.009984
-0.016017
-0.02758
-0.038909
-0.045793
-0.04558
-0.037375
-0.025404
-0.01612
-0.014998
-0.019545
-0.019131
-0.012121
-0.005447
-0.0023337
-0.0029354
-0.0057911
-0.0097187
-0.01042
-0.0050123
0.0029884
0.0085172
0.0094034
0.0064669
0.004523
0.0076224
0.029354
0.070551
0.082794
0.061194
0.033689
0.015853
0.0091076
0.0096657
0.013692
0.016297
0.013515
0.0072199
0.002583
0.0025616
0.0032739
0.00066837
-0.0055321
-0.014778
-0.023735
-0.027667
-0.027532
-0.027222
-0.027852
-0.026912
-0.023047
-0.018162
-0.013956
-0.011463
-0.0094451
-0.0063276
-0.0035949
-0.0026415
-0.0038558
-0.0058361
-0.0035804
0.0028742
0.019252
0.042459
0.049038
0.037467
0.023826
0.016264
0.014685
0.016148
0.015461
0.013469
0.0096511
0.00063559
-0.0086495
-0.0093719
-0.0038169
0.0016489
0.004836
0.0038034
0.0010444
-0.0013427
-0.0033042
-0.0052852
-0.0071962
-0.0082119
-0.0097642
-0.012759
-0.014441
-0.01381
-0.010799
-0.006047
-0.00034336
0.016823
0.04608
0.058896
0.05247
0.04243
0.03651
0.035963
0.040308
0.042925
0.040941
0.037958
0.036306
0.033201
0.028482
0.025056
0.023695
0.022798
0.01954
0.011538
-0.0023969
-0.02079
-0.058963
-0.1112
-0.1343
-0.12252
-0.10298
-0.086528
-0.076689
-0.070475
-0.063662
-0.053928
-0.042471
-0.031893
-0.021337
-0.0095761
0.0016551
0.011492
0.020205
0.024348
0.023157
0.020604
0.019092
0.019943
0.028229
0.048369
0.060247
0.055485
0.045087
0.032528
0.018782
0.0078333
0.005428
0.011516
0.019224
0.022282
0.019624
0.010737
-0.0021224
-0.013336
-0.018293
-0.020782
-0.022941
-0.028614
-0.039073
-0.043995
-0.043081
-0.039557
-0.033034
-0.02213
-0.0059188
0.015199
0.036623
0.053351
0.064816
0.067799
0.058475
0.045005
0.035903
0.034844
0.035631
0.055624
0.095998
0.10552
0.078619
0.051513
0.036677
0.029213
0.019264
0.0041709
-0.015518
-0.038072
-0.056393
-0.065681
-0.070146
-0.074786
-0.077228
-0.07817
-0.080981
-0.099905
-0.13526
-0.13379
-0.094542
-0.053615
-0.021171
-0.00018056
0.0097381
0.015365
0.018914
0.019987
0.019288
0.02141
0.025872
0.029451
0.031712
0.033515
0.035569
0.036696
0.037634
0.040315
0.041042
0.033095
0.019157
0.0082802
0.0054467
0.01164
0.022286
0.027365
0.021809
0.0094278
-0.0035196
-0.0121
-0.021566
-0.035525
-0.040196
-0.034716
-0.031214
-0.034059
-0.03931
-0.042048
-0.038553
-0.027906
-0.01023
0.011938
0.035745
0.054929
0.063989
0.065182
0.062274
0.054101
0.042483
0.036358
0.034708
0.035978
0.039519
0.043534
0.046424
0.04729
0.046355
0.043708
0.038627
0.03191
0.025627
0.021224
0.014509
-0.023542
-0.089605
-0.12536
-0.11847
-0.10115
-0.090361
-0.087806
-0.085669
-0.08004
-0.07185
-0.061658
-0.051848
-0.04442
-0.037322
-0.028093
-0.016364
-0.0037841
0.0057142
0.011583
0.016593
0.019075
0.019496
0.021595
0.02531
0.02759
0.030173
0.034045
0.038713
0.042268
0.046726
0.049958
0.046769
0.034692
0.018805
0.007632
0.0054634
0.0095448
0.01622
0.021286
0.017196
0.0017106
-0.011466
-0.015572
-0.016852
-0.016819
-0.016084
-0.015218
-0.015447
-0.018713
-0.024178
-0.029857
-0.031959
-0.028924
-0.020907
-0.0064088
0.013476
0.034473
0.051954
0.062545
0.065431
0.061072
0.050296
0.040481
0.035906
0.036443
0.039692
0.045136
0.05055
0.052822
0.050828
0.044354
0.03666
0.033705
0.027055
0.0038229
-0.026967
-0.054194
-0.06979
-0.073626
-0.073507
-0.07593
-0.079761
-0.083904
-0.084788
-0.082106
-0.078791
-0.07293
-0.064067
-0.05512
-0.045108
-0.034613
-0.024301
-0.013159
-0.0033735
0.0045464
0.012691
0.019025
0.02094
0.020686
0.022344
0.026775
0.030364
0.032609
0.033867
0.033723
0.034997
0.045431
0.056213
0.051599
0.035326
0.02432
0.019968
0.018425
0.013482
0.0044348
-0.0050342
-0.010838
-0.012598
-0.012986
-0.012474
-0.011588
-0.010867
-0.010677
-0.012045
-0.014586
-0.01881
-0.025423
-0.033253
-0.036778
-0.033123
-0.023971
-0.009285
0.012739
0.036764
0.054769
0.066559
0.070109
0.064334
0.053403
0.041228
0.032997
0.031372
0.05402
0.098694
0.11152
0.083791
0.05041
0.028333
0.017591
0.0088541
-0.0076928
-0.02911
-0.04874
-0.06559
-0.073267
-0.07341
-0.0744
-0.078158
-0.08325
-0.088788
-0.091074
-0.089168
-0.084141
-0.075493
-0.065744
-0.056813
-0.047454
-0.038112
-0.028045
-0.015666
-0.0032279
0.0062954
0.012079
0.015283
0.01709
0.019012
0.023974
0.028707
0.030448
0.031161
0.033337
0.047733
0.070061
0.067739
0.041421
0.018145
0.0098458
0.013757
0.022458
0.026533
0.021713
0.010616
0.00014819
-0.0047188
-0.0081591
-0.011088
-0.010486
-0.0096604
-0.010749
-0.012027
-0.011713
-0.011195
-0.01322
-0.020283
-0.029042
-0.03315
-0.029781
-0.022176
-0.010364
0.0088798
0.032476
0.053878
0.067565
0.07113
0.067113
0.056189
0.04332
0.054256
0.093918
0.1128
0.0947
0.066301
0.043469
0.030423
0.024221
0.020035
0.011772
-0.0025136
-0.020496
-0.039927
-0.057274
-0.068023
-0.073008
-0.076546
-0.079866
-0.082995
-0.086198
-0.086704
-0.083441
-0.078717
-0.073838
-0.067505
-0.058128
-0.047716
-0.038054
-0.027606
-0.014998
-0.0035101
0.0044421
0.0087008
0.011014
0.013319
0.016213
0.020447
0.027288
0.032381
0.034161
0.05261
0.084939
0.087588
0.057954
0.029006
0.013135
0.0096246
0.012818
0.016307
0.015738
0.011725
0.0062225
0.00055208
-0.003271
-0.0050466
-0.0058075
-0.007851
-0.010765
-0.012848
-0.013548
-0.014209
-0.016996
-0.022087
-0.02842
-0.031283
-0.028804
-0.021711
-0.0091058
0.0087087
0.029876
0.048454
0.060401
0.066011
0.064381
0.06281
0.071701
0.073442
0.066839
0.060296
0.054013
0.046836
0.039547
0.032598
0.028498
0.026225
0.021267
0.0099301
-0.0097713
-0.032779
-0.05292
-0.067811
-0.075459
-0.076359
-0.075595
-0.077783
-0.083183
-0.088435
-0.091694
-0.091148
-0.084238
-0.072344
-0.06054
-0.050366
-0.042083
-0.036881
-0.031132
-0.019632
-0.0051892
0.0059579
0.012297
0.017734
0.022889
0.033497
0.052242
0.062041
0.05651
0.050023
0.046168
0.040641
0.028039
0.011702
0.0029906
0.0051642
0.01345
0.022607
0.025961
0.020647
0.0095069
-0.0029044
-0.0096669
-0.012252
-0.012959
-0.010328
-0.0061948
-0.0024386
-0.0017385
-0.0039366
-0.007934
-0.014101
-0.02243
-0.030747
-0.034465
-0.031107
-0.022419
-0.0099465
0.008083
0.029689
0.051647
0.069792
0.074918
0.068626
0.057058
0.044303
0.036198
0.049621
0.08996
0.10891
0.091881
0.063982
0.041467
0.027165
0.016698
0.0071477
-0.0058859
-0.024475
-0.044254
-0.060251
-0.069704
-0.074366
-0.076
-0.078662
-0.084766
-0.092105
-0.095276
-0.091003
-0.081433
-0.070483
-0.06031
-0.052288
-0.047142
-0.041293
-0.030796
-0.017542
-0.0040311
0.0062043
0.012163
0.017717
0.021442
0.022845
0.024635
0.028345
0.031227
0.03215
0.033774
0.037088
0.039509
0.042068
0.043543
0.040743
0.030311
0.02453
0.031012
0.031712
0.018794
0.0049635
-0.0046052
-0.0091962
-0.01175
-0.01218
-0.011244
-0.010342
-0.010611
-0.011938
-0.013314
-0.017008
-0.023996
-0.032674
-0.03682
-0.033695
-0.025251
-0.010573
0.0092826
0.029846
0.048796
0.064322
0.072161
0.070181
0.059152
0.042241
0.030648
0.028778
0.033072
0.040045
0.046767
0.050887
0.05127
0.047791
0.040143
0.032127
0.027673
0.023182
0.015776
-0.018918
-0.081725
-0.11907
-0.11861
-0.10647
-0.095917
-0.09144
-0.088884
-0.085336
-0.080964
-0.075986
-0.068196
-0.056105
-0.044835
-0.037454
-0.029675
-0.018065
-0.0056543
0.0025592
0.0065601
0.01116
0.014646
0.017236
0.023185
0.03011
0.03297
0.032557
0.03437
0.036696
0.040008
0.046502
0.050862
0.046356
0.033833
0.019672
0.011079
0.012014
0.018647
0.025759
0.028309
0.022757
0.013556
0.0028464
-0.0057026
-0.0099227
-0.0097157
-0.0087014
-0.008814
-0.013014
-0.020071
-0.02603
-0.026888
-0.023123
-0.015055
-0.002537
0.013886
0.030834
0.04483
0.057185
0.06579
0.066352
0.058156
0.043915
0.032758
0.029267
0.031785
0.038256
0.046684
0.053492
0.055303
0.051565
0.044902
0.037628
0.029898
0.022714
0.015684
0.0051606
-0.01087
-0.030294
-0.051666
-0.069544
-0.07603
-0.11165
-0.18311
-0.20637
-0.16621
-0.11556
-0.077603
-0.055407
-0.043361
-0.036772
-0.030463
-0.020746
-0.0084186
0.0011815
0.0068142
0.014041
0.019437
0.02096
0.023701
0.027762
0.030642
0.033059
0.033856
0.034189
0.035577
0.039427
0.043258
0.041179
0.029689
0.014497
0.006488
0.0086398
0.016856
0.024757
0.026498
0.020335
0.0099465
0.00027347
-0.0057077
-0.0068943
-0.0066347
-0.0053232
-0.0053587
-0.0073177
-0.012596
-0.019789
-0.027454
-0.03116
-0.02713
-0.017107
-0.0037612
0.01347
0.033462
0.051632
0.066046
0.074454
0.073332
0.061773
0.044583
0.032573
0.031327
0.035981
0.042838
0.04912
0.053445
0.05446
0.050246
0.044372
0.038683
0.032768
0.029152
0.024334
0.01242
-0.0058761
-0.028161
-0.049365
-0.065699
-0.074696
-0.11112
-0.17821
-0.19967
-0.16297
-0.1172
-0.080947
-0.05616
-0.042692
-0.036086
-0.029035
-0.01835
-0.0077327
-0.0010988
0.0049158
0.011561
0.016041
0.01854
0.021096
0.023216
0.023748
0.023777
0.025714
0.026578
0.028351
0.034565
0.041254
0.042267
0.032665
0.016759
0.0062086
0.0056915
0.012057
0.021082
0.026912
0.024348
0.015337
0.0056488
-0.00032954
-0.0036795
-0.0073925
-0.010861
-0.012746
-0.014598
-0.019846
-0.026547
-0.028771
-0.024554
-0.016887
-0.0030387
0.017184
0.03752
0.056165
0.070036
0.07458
0.068928
0.057206
0.046404
0.035392
0.028823
0.029137
0.035797
0.044402
0.0493
0.048974
0.046119
0.041685
0.033664
0.025682
0.02084
0.014887
0.0036549
-0.012769
-0.032811
-0.053131
-0.06919
-0.078933
-0.083363
-0.08655
-0.089574
-0.092704
-0.095596
-0.095559
-0.092658
-0.087394
-0.079041
-0.068058
-0.055894
-0.044302
-0.035879
-0.028092
-0.018123
-0.0069047
0.0023915
0.0088308
0.012647
0.014402
0.016909
0.024181
0.029058
0.029218
0.028902
0.030799
0.032641
0.035576
0.039827
0.042589
0.039768
0.027597
0.012229
0.0057209
0.010954
0.021894
0.032997
0.037306
0.032418
0.020473
0.0077382
-0.0005565
-0.0037109
-0.0030113
-0.00089833
-0.00066497
-0.0048348
-0.011088
-0.018491
-0.023473
-0.022747
-0.016506
-0.006191
0.0085624
0.028458
0.048424
0.062569
0.069467
0.070559
0.065177
0.053429
0.042979
0.036466
0.033522
0.034521
0.03949
0.045355
0.050059
0.051554
0.047801
0.040336
0.031314
0.023156
0.017175
0.010588
-0.0018921
-0.020133
-0.040496
-0.060797
-0.074839
-0.080316
-0.082779
-0.085079
-0.089661
-0.097078
-0.10031
-0.096816
-0.09031
-0.081128
-0.072365
-0.065648
-0.058513
-0.051334
-0.04259
-0.029357
-0.014844
-0.0032233
0.0057918
0.013996
0.018464
0.019916
0.022026
0.0255
0.027793
0.029832
0.032603
0.035139
0.038516
0.042025
0.044003
0.041359
0.030235
0.015618
0.0077673
0.0094686
0.016677
0.02339
0.026061
0.023884
0.017521
0.0098852
0.0058287
0.003834
0.0017383
0.00033416
-0.00056692
-0.00077821
-0.00083854
-0.0010544
-0.0033743
-0.0087971
-0.01446
-0.01833
-0.020191
-0.018461
-0.011096
0.0014127
0.0173
0.034835
0.051924
0.065231
0.070048
0.064925
0.052762
0.039723
0.033089
0.032088
0.035197
0.04129
0.049183
0.05486
0.055579
0.052759
0.045524
0.034664
0.024651
0.018316
0.0127
0.00067769
-0.018234
-0.040225
-0.061579
-0.075149
-0.079398
-0.080049
-0.082778
-0.087139
-0.089418
-0.091475
-0.092887
-0.091524
-0.089361
-0.086974
-0.082155
-0.07311
-0.060662
-0.047422
-0.033445
-0.019782
-0.0090324
-0.0018638
0.0029339
0.0073522
0.01275
0.018672
0.025911
0.031327
0.032507
0.031253
0.030585
0.029592
0.030269
0.03451
0.039281
0.039114
0.029154
0.024975
0.038837
0.046753
0.033976
0.016136
0.0035354
-0.0010206
-0.00022077
0.0040477
0.0088334
0.011652
0.011186
0.0070209
0.00061824
-0.005495
-0.013819
-0.022655
-0.026343
-0.023611
-0.016155
-0.0029227
0.016448
0.038953
0.059395
0.073901
0.089494
0.10974
0.10382
0.079199
0.060213
0.050945
0.049171
0.048915
0.046543
0.042319
0.035098
0.025802
0.016348
0.0041144
-0.012146
-0.029363
-0.046538
-0.063487
-0.073682
-0.078047
-0.084516
-0.093847
-0.099233
-0.1024
-0.10336
-0.099951
-0.094624
-0.10272
-0.12237
-0.11523
-0.078061
-0.038817
-0.0122
0.0023182
0.011254
0.015585
0.018013
0.021332
0.023772
0.023058
0.022149
0.022859
0.024616
0.026629
0.03228
0.038979
0.038602
0.027987
0.014117
0.0075384
0.019703
0.042534
0.046751
0.033739
0.021151
0.012693
0.010287
0.011495
0.013097
0.012442
0.010169
0.0070863
0.0020469
-0.0052951
-0.01205
-0.017227
-0.01739
-0.010868
-2.1893e-05
0.016293
0.037283
0.057204
0.071762
0.075175
0.070027
0.060649
0.047224
0.037616
0.034616
0.0359
0.040297
0.046064
0.063936
0.086756
0.085192
0.056243
0.020762
-0.013895
-0.042942
-0.063844
-0.076409
-0.081384
-0.083278
-0.087903
-0.095267
-0.10304
-0.10989
-0.11223
-0.10789
-0.098976
-0.088258
-0.077969
-0.068397
-0.060869
-0.053674
-0.043239
-0.029942
-0.016787
-0.0076855
-0.0020993
0.0042736
0.010183
0.015911
0.020771
0.030578
0.046808
0.056454
0.053406
0.048826
0.042545
0.029292
0.012923
0.0044723
0.0074766
0.018038
0.029757
0.036055
0.033786
0.024531
0.014852
0.0088204
0.0075476
0.0093439
0.013458
0.017174
0.017659
0.015703
0.013315
0.011426
0.007645
0.00037514
-0.0079909
-0.011767
-0.010026
-0.0039828
0.0065273
0.048801
0.12136
0.14904
0.11879
0.080896
0.055271
0.041002
0.036576
0.038506
0.042974
0.046387
0.047615
0.044913
0.038324
0.029492
0.018812
0.0065245
-0.0077275
-0.025807
-0.045989
-0.065391
-0.079886
-0.088043
-0.090932
-0.093744
-0.099868
-0.1035
-0.10467
-0.10582
-0.10477
-0.10219
-0.098083
-0.089259
-0.07688
-0.069093
-0.067863
-0.055766
-0.031396
-0.0077248
0.01104
0.022516
0.026084
0.026794
0.026586
0.027299
0.028094
0.030582
0.035737
0.040895
0.040951
0.031247
0.016594
0.0077681
0.009042
0.016794
0.025965
0.031928
0.03087
0.024149
0.016735
0.012726
0.011503
0.012152
0.014394
0.016813
0.017989
0.016006
0.012018
0.0087178
0.0048209
-0.003272
-0.0088054
-0.0015232
0.018169
0.040958
0.06048
0.073927
0.079808
0.076384
0.064993
0.051191
0.041009
0.035207
0.034113
0.037985
0.045045
0.052082
0.054305
0.050332
0.040497
0.029336
0.021011
0.013784
0.0045497
-0.0076083
-0.02495
-0.045811
-0.064103
-0.078165
-0.087426
-0.09172
-0.097241
-0.10479
-0.10958
-0.11222
-0.11256
-0.10743
-0.099566
-0.092613
-0.083103
-0.071292
-0.061628
-0.052648
-0.042689
-0.032314
-0.021096
-0.012367
-0.0062035
-0.00035497
0.0062733
0.013628
0.020838
0.024359
0.023321
0.022703
0.024729
0.026701
0.028419
0.031609
0.03501
0.033257
0.036254
0.050848
0.058765
0.04812
0.02982
0.015303
0.0097212
0.0095368
0.012831
0.01893
0.024644
0.027298
0.025864
0.021601
0.016094
0.01006
0.0020263
-0.0061476
-0.010928
-0.0096087
-0.0029488
0.0089944
0.02694
0.048408
0.066869
0.076857
0.079395
0.077986
0.072625
0.060166
0.046409
0.037831
0.035191
0.035945
0.037525
0.040556
0.045883
0.048723
0.046028
0.038896
0.028033
0.017515
0.0088786
-0.00196
-0.019072
-0.040201
-0.059872
-0.074168
-0.083618
-0.090272
-0.095925
-0.10202
-0.10855
-0.11332
-0.11562
-0.1144
-0.10886
-0.10027
-0.08936
-0.077738
-0.067732
-0.059591
-0.050999
-0.038847
-0.024931
-0.015515
-0.0092189
-0.0015807
0.0052926
0.012134
0.020552
0.026922
0.029862
0.028988
0.027855
0.028768
0.031826
0.036967
0.041111
0.039292
0.029144
0.016033
0.0088097
0.010372
0.017808
0.02709
0.033351
0.032114
0.025749
0.019076
0.01515
0.014703
0.017031
0.020622
0.023971
0.025682
0.025342
0.02284
0.017979
0.011686
0.0042626
-0.0022863
-0.0053706
-0.0030209
0.004759
0.016182
0.031226
0.049357
0.064587
0.075073
0.079952
0.076351
0.066706
0.054641
0.046718
0.04247
0.04233
0.045692
0.049657
0.052067
0.052334
0.048425
0.040492
0.031636
0.023367
0.014201
0.0028944
-0.01221
-0.031224
-0.051292
-0.068713
-0.080014
-0.086499
-0.091201
-0.095965
-0.10457
-0.11456
-0.11936
-0.11944
-0.13815
-0.1731
-0.17016
-0.12624
-0.079284
-0.044762
-0.024684
-0.015953
-0.014072
-0.010809
-0.0061824
-0.0031584
0.0014202
0.0050453
0.0066356
0.0071209
0.006452
0.0060186
0.0075357
0.011531
0.015925
0.016842
0.011975
0.0043668
-3.0902e-05
0.0028949
0.013308
0.028037
0.040092
0.055635
0.081497
0.094436
0.087573
0.073686
0.060383
0.05191
0.046005
0.041806
0.037424
0.03186
0.028889
0.026812
0.024025
0.023597
0.026796
0.030699
0.031134
0.026541
0.020409
0.016133
0.013635
0.010879
-0.00084684
-0.022874
-0.036912
-0.037605
-0.033197
-0.032218
-0.037971
-0.045996
-0.053703
-0.060636
-0.065701
-0.070859
-0.078908
-0.088346
-0.092949
-0.09173
-0.085556
-0.075864
-0.066308
-0.056989
-0.04936
-0.046872
-0.046165
-0.044412
-0.039728
-0.029676
-0.018127
-0.0092574
-0.0021063
0.0044951
0.012037
0.020677
0.029949
0.038445
0.042452
0.042728
0.043407
0.065126
0.099904
0.10558
0.079003
0.049867
0.026943
0.014314
0.011415
0.01131
0.013421
0.020181
0.028438
0.035079
0.03873
0.035643
0.026118
0.016199
0.012186
0.013506
0.01738
0.023109
0.028543
0.030723
0.029781
0.026958
0.019325
0.005939
-0.0037538
-0.0056494
-0.0026027
0.0031352
0.0089944
0.010463
0.0060213
-0.00031611
-0.0069769
-0.013295
-0.019463
-0.023481
-0.024494
-0.022739
-0.021801
-0.023588
-0.026589
-0.032235
-0.04208
-0.054035
-0.065876
-0.072736
-0.070982
-0.060543
-0.048027
-0.042211
-0.058842
-0.085347
-0.081815
-0.050012
-0.02167
-0.0077128
-0.0057296
-0.008519
-0.0092781
-0.00595
0.00048726
0.007273
0.013632
0.02295
0.034729
0.045866
0.055834
0.061467
0.061441
0.060655
0.06223
0.061949
0.059468
0.055906
0.051691
0.04721
0.041279
0.032458
0.02305
0.014472
0.0067415
0.0017465
0.00083853
0.0025998
0.0042924
0.0045026
0.0027162
-0.00034518
-0.0031475
-0.0054313
-0.0079606
-0.015071
-0.026812
-0.032329
-0.02802
-0.024774
-0.026599
-0.031228
-0.033975
-0.031824
-0.026747
-0.020802
-0.015206
-0.011755
-0.009642
-0.0094945
-0.012608
-0.017124
-0.019386
-0.021307
-0.024719
-0.027971
-0.030622
-0.032388
-0.034239
-0.037774
-0.039159
-0.037761
-0.038946
-0.043493
-0.046501
-0.046558
-0.043869
-0.036816
-0.026856
-0.02232
-0.027031
-0.030679
-0.025588
-0.015394
-0.0034027
0.011328
0.025697
0.034992
0.036338
0.036766
0.046138
0.050607
0.048543
0.050975
0.057859
0.067049
0.073896
0.075817
0.072809
0.069804
0.071707
0.073821
0.072578
0.069935
0.064267
0.05391
0.040843
0.027501
0.015269
0.0071914
0.0033342
0.00010666
-0.0029402
-0.0064295
-0.011646
-0.017222
-0.022136
-0.025898
-0.03007
-0.033308
-0.035611
-0.039556
-0.044769
-0.048417
-0.048288
-0.046048
-0.044996
-0.044628
-0.042627
-0.041505
-0.044964
-0.050466
-0.05475
-0.055156
-0.049862
-0.041723
-0.034382
-0.027549
-0.023271
-0.02215
-0.023687
-0.02498
-0.04015
-0.069021
-0.082577
-0.073879
-0.059023
-0.044262
-0.035042
-0.034017
-0.035052
-0.031832
-0.025425
-0.019117
-0.013433
-0.011091
-0.012436
-0.0092729
0.00076602
0.013604
0.026496
0.038604
0.046009
0.04904
0.05137
0.050357
0.044888
0.039884
0.041533
0.04728
0.051429
0.055292
0.062615
0.070477
0.077109
0.084278
0.090181
0.094641
0.097048
0.095384
0.088334
0.079402
0.07218
0.062606
0.051136
0.042512
0.034874
0.019731
-0.0021567
-0.018039
-0.027208
-0.032888
-0.037077
-0.039996
-0.041825
-0.041987
-0.042681
-0.04692
-0.054705
-0.062517
-0.066473
-0.066971
-0.067355
-0.067272
-0.064771
-0.062992
-0.064567
-0.068298
-0.071447
-0.070418
-0.064853
-0.056256
-0.047221
-0.039765
-0.033654
-0.030071
-0.030272
-0.033287
-0.036138
-0.037487
-0.039089
-0.039156
-0.036393
-0.035159
-0.037764
-0.041308
-0.04117
-0.0377
-0.035913
-0.033201
-0.027213
-0.019219
-0.0091692
0.0014786
0.0081218
0.0070494
0.0036046
0.0081967
0.021224
0.037401
0.053756
0.067425
0.07601
0.079076
0.080058
0.079138
0.072876
0.064472
0.061846
0.064074
0.066869
0.069507
0.070961
0.072784
0.074882
0.077508
0.083057
0.089864
0.097573
0.10402
0.10492
0.09889
0.084014
0.065847
0.049976
0.038305
0.028823
0.019888
0.01227
0.0057259
-0.003019
-0.014195
-0.025849
-0.034572
-0.040743
-0.047482
-0.050953
-0.052773
-0.054428
-0.054599
-0.058358
-0.068837
-0.081504
-0.090932
-0.094289
-0.093922
-0.091759
-0.087957
-0.08347
-0.07937
-0.079082
-0.081697
-0.083375
-0.084232
-0.08391
-0.080764
-0.073096
-0.059804
-0.046151
-0.036511
-0.033545
-0.035499
-0.037301
-0.038202
-0.03938
-0.0398
-0.038479
-0.037473
-0.037738
-0.038244
-0.039011
-0.041289
-0.038093
-0.020551
0.0044975
0.019418
0.024309
0.032431
0.046339
0.060486
0.075491
0.092348
0.10495
0.10745
0.10247
0.095094
0.087835
0.084765
0.087538
0.089891
0.088149
0.084437
0.079174
0.073795
0.072706
0.077312
0.085617
0.096584
0.10468
0.10813
0.10807
0.10094
0.083731
0.062203
0.044558
0.030975
0.020727
0.014107
0.0096394
0.0042284
-0.0027994
-0.01455
-0.029262
-0.042082
-0.053447
-0.06179
-0.067081
-0.068627
-0.065698
-0.062184
-0.064124
-0.073593
-0.089222
-0.10554
-0.1168
-0.12066
-0.11774
-0.11078
-0.10088
-0.091464
-0.087314
-0.088718
-0.091873
-0.092921
-0.091653
-0.088689
-0.082534
-0.070704
-0.05514
-0.040503
-0.033253
-0.033864
-0.038072
-0.039864
-0.03911
-0.037376
-0.037269
-0.038522
-0.039735
-0.041306
-0.041071
-0.036671
-0.030955
-0.025585
-0.017783
-0.0047567
0.01181
0.026573
0.036801
0.040058
0.043204
0.054566
0.069346
0.084465
0.097342
0.10517
0.11174
0.11629
0.11594
0.11351
0.10992
0.10725
0.1066
0.10243
0.094558
0.089202
0.084913
0.080705
0.078338
0.080322
0.083796
0.085946
0.087651
0.08609
0.081482
0.076025
0.069521
0.058127
0.043236
0.027425
0.014032
0.0054266
0.0013851
0.00042929
-0.0028721
-0.012103
-0.026552
-0.04299
-0.060785
-0.07641
-0.085761
-0.086457
-0.079924
-0.073865
-0.074881
-0.085727
-0.10251
-0.11887
-0.13101
-0.13472
-0.12705
-0.11326
-0.10082
-0.094345
-0.093552
-0.094524
-0.095898
-0.096294
-0.09495
-0.092851
-0.086499
-0.073225
-0.056169
-0.039911
-0.030152
-0.030445
-0.036586
-0.04167
-0.041238
-0.038353
-0.034908
-0.032017
-0.030155
-0.030526
-0.03194
-0.031894
-0.027127
-0.018206
-0.0061442
0.010992
0.029117
0.043572
0.054273
0.060054
0.063619
0.072339
0.085729
0.099278
0.11149
0.12367
0.13207
0.13526
0.13434
0.12902
0.1223
0.11703
0.11058
0.10307
0.097292
0.092245
0.086866
0.083925
0.083625
0.081317
0.076981
0.071152
0.064525
0.059024
0.056959
0.056225
0.053611
0.047291
0.035887
0.02304
0.01182
0.0035887
-0.00086214
-0.0038108
-0.0078686
-0.015824
-0.029352
-0.045815
-0.063331
-0.079449
-0.0909
-0.093942
-0.088426
-0.082101
-0.082816
-0.09131
-0.10507
-0.12042
-0.13302
-0.13868
-0.13515
-0.12487
-0.11092
-0.0977
-0.090648
-0.090341
-0.093224
-0.095273
-0.094648
-0.092792
-0.087867
-0.076563
-0.06099
-0.044776
-0.032683
-0.030004
-0.033853
-0.038356
-0.038123
-0.033945
-0.029506
-0.026194
-0.024412
-0.025195
-0.026399
-0.02436
-0.017349
-0.0051181
0.012042
0.029726
0.044423
0.054921
0.062781
0.068364
0.074475
0.085779
0.10017
0.1131
0.12626
0.1399
0.14668
0.14394
0.13633
0.12826
0.12067
0.11384
0.10893
0.10455
0.099573
0.093721
0.088923
0.086859
0.086722
0.083687
0.07389
0.059526
0.04671
0.038322
0.037193
0.040135
0.039334
0.034517
0.026474
0.016085
0.0041681
-0.0051931
-0.0098421
-0.01249
-0.015841
-0.022197
-0.032284
-0.044696
-0.059914
-0.075972
-0.08739
-0.093386
-0.093995
-0.092526
-0.090991
-0.092661
-0.101
-0.1134
-0.12406
-0.12927
-0.12641
-0.11716
-0.10919
-0.10211
-0.092725
-0.087996
-0.090113
-0.092161
-0.091668
-0.091344
-0.088305
-0.077576
-0.06125
-0.046744
-0.038516
-0.036429
-0.037331
-0.038597
-0.037144
-0.030009
-0.021037
-0.014632
-0.011467
-0.0123
-0.01456
-0.013101
-0.0052296
0.0074312
0.022096
0.036441
0.048836
0.057769
0.064309
0.071648
0.07852
0.087135
0.09992
0.11334
0.12473
0.13492
0.14113
0.14086
0.13862
0.13553
0.12863
0.12115
0.1133
0.10441
0.097978
0.093599
0.090524
0.090797
0.088304
0.076687
0.060351
0.043861
0.030302
0.024071
0.025305
0.029194
0.030107
0.026276
0.019881
0.011316
0.0021391
-0.0038363
-0.0064622
-0.0088085
-0.012177
-0.018949
-0.030926
-0.045752
-0.060181
-0.071503
-0.080013
-0.085503
-0.088285
-0.087931
-0.087945
-0.095629
-0.1101
-0.12229
-0.12779
-0.12856
-0.12634
-0.12022
-0.11105
-0.10186
-0.095217
-0.092745
-0.093394
-0.094477
-0.093968
-0.09299
-0.092741
-0.087624
-0.073498
-0.056529
-0.045199
-0.04246
-0.045841
-0.048863
-0.048348
-0.042534
-0.034256
-0.027122
-0.024318
-0.025697
-0.027747
-0.028338
-0.024862
-0.0138
0.0033595
0.017355
0.023435
0.024455
0.026073
0.027782
0.029006
0.031141
0.035767
0.043088
0.051224
0.057191
0.058013
0.054467
0.048802
0.041517
0.035716
0.034171
0.0358
0.038964
0.041099
0.040525
0.037166
0.030726
0.023444
0.017218
0.012826
0.010459
0.0094059
0.010585
0.013872
0.016657
0.017462
0.017211
0.017243
0.017202
0.01789
0.020072
0.023313
0.026653
0.029179
0.030545
0.029844
0.026878
0.023683
0.022575
0.02353
0.024716
0.024296
0.022546
0.020986
0.019809
0.018842
0.01765
0.016554
0.016347
0.015768
0.014175
0.01221
0.0094558
0.0063034
0.0044067
0.0033798
0.001859
0.00011726
-0.00042804
0.0011717
0.0028556
0.0024002
0.0012133
0.0014107
0.0026377
0.0035288
0.0039739
0.0043828
0.0051556
0.0058036
0.005292
0.0040298
0.0028946
0.0025198
0.0026441
0.0030329
0.0037544
0.0038083
0.0029252
0.0022433
0.0027751
0.0034088
0.0025675
0.0011683
0.00067399
0.00096167
0.0010164
0.00081657
0.00045417
-0.00014527
-0.00021032
0.00015953
-1.4226e-05
-0.00041463
0.00010027
0.00077687
0.00078141
0.00050296
2.391e-05
-0.00032724
-0.00018513
0.00010419
-0.00015839
-0.00058248
-0.00024556
0.00044281
0.00053609
0.00021766
0.00016881
0.00025436
-1.3651e-05
-0.00038801
-0.0008043
-0.0015732
-0.0018115
-0.00067581
0.00052105
0.00063063
0.00090255
0.0012152
0.00064856
-0.00012891
-0.00069241
-0.00051659
0.00038731
0.00055207
2.993e-05
0.00019551
-0.00013155
-0.0010417
-0.00094805
-0.00045105
0.00020782
0.00082506
0.00092491
0.0006366
0.00022315
4.4104e-05
-0.00013932
-0.00032072
-0.00015644
0.00010373
2.3479e-05
-2.0356e-05
0.00028127
0.0004521
0.00029838
0.0002806
0.0009828
0.0016872
0.00092658
-4.1223e-05
6.2183e-05
0.00023231
0.00029866
0.00042374
0.00056409
0.00057286
0.00033606
-4.7253e-05
-0.00047411
-0.00045515
-0.00016498
-4.2093e-05
-2.0015e-05
0.00041854
0.00086892
0.00026891
-0.00028545
-0.00012919
-0.00053437
-0.00087603
0.0001245
0.0010839
0.00092085
0.00041593
4.7168e-05
-0.00028338
-0.00046235
-0.00037292
-0.00055063
-0.0011526
-0.00077651
0.00071613
0.001274
0.00078211
0.00036065
-0.00036422
-0.0013356
-0.0013374
-0.00029059
0.00064282
0.00088116
0.00052659
7.0352e-05
2.4257e-05
0.00046466
0.00097586
0.00062718
-0.0005804
-0.0012583
-0.00031013
0.00098714
0.001043
-1.9721e-05
-0.0010761
-0.00086346
8.1234e-05
0.00070787
0.0003812
-0.00042895
-0.00030728
0.00018347
-0.00042761
-0.00098937
-0.00014578
0.00034314
-0.00038181
-0.00052262
0.0003783
0.00061848
0.00018024
-0.00039563
-0.00089068
-7.5065e-05
0.00065782
0.00017369
0.00022404
0.00082538
0.00081099
0.00023787
-5.2052e-05
0.00018684
0.00012655
-0.00032463
-0.00050558
-0.00022016
-0.00035584
-0.00076525
1.8342e-05
0.00086267
0.00058478
0.00029435
-0.00014849
-0.00085858
-0.00060078
0.00044085
0.00098723
0.00029477
-0.00075248
-0.0014126
-0.0016753
-0.00058067
0.001679
0.0024169
0.0010231
-0.00022371
-0.00071363
-0.00022024
0.00020773
5.6006e-05
0.0006484
0.00076041
-2.545e-05
-0.00064743
-0.00064598
-2.5268e-05
7.4882e-05
-0.00031161
-0.00017672
-3.0383e-05
2.1974e-05
0.00037772
0.00038614
-7.3993e-05
-0.00018518
1.684e-05
8.9061e-05
0.00023418
0.00031136
2.5224e-05
-0.00039049
-0.00050444
-0.00019348
0.00012475
1.1946e-05
-2.9112e-05
-1.4149e-05
-0.00051052
-0.0010374
-0.00085242
-0.00011117
0.00037107
0.00056178
0.00073288
0.00048032
6.5853e-05
0.00035128
0.00070214
0.0005144
6.4692e-05
-0.00065188
-0.0010391
-0.00060645
9.8593e-06
0.00042986
0.00091716
0.00072096
-0.00019545
-0.00064762
-0.00056212
-0.00036154
-0.000487
-0.00025654
0.00046676
0.00071902
0.0011288
0.00084936
-0.0007296
-0.0012267
-0.00054976
6.3031e-05
0.00075308
0.00072078
0.00010705
1.1161e-05
-0.00024018
-0.00057546
-0.00029029
8.4967e-05
-0.000101
-6.4454e-05
0.00046337
0.00039424
1.8686e-05
9.8556e-05
0.00044961
0.00040992
-6.6238e-05
-0.00025659
-0.00010875
-0.00020466
-0.00017
-6.9629e-05
8.7107e-06
0.00073916
0.00087802
-0.00012865
-0.00095339
-0.0007986
-2.2063e-05
-0.0001516
-0.00072022
-0.00036561
0.00020491
6.2104e-05
-0.00032321
-0.00015974
0.00018179
0.00022899
0.00024443
-0.00010904
-0.00068583
-0.00091402
-0.0008628
-0.00020922
0.00064152
0.0010674
0.00096571
0.00073596
0.00045947
-0.00010684
-0.00049791
-0.00049394
-0.00029246
-0.00010289
8.5104e-06
4.1654e-05
5.5755e-06
0.0003146
0.00083191
0.00093072
0.00065816
-7.438e-05
-0.00086806
-0.00099049
-0.00065035
-0.00046416
-0.00020748
0.00032111
0.00054345
0.00047687
0.00020001
-3.4092e-06
0.00016794
0.00012823
-0.00026401
-0.00044285
-0.00033204
-0.00017039
-1.1605e-05
6.1747e-05
-9.4205e-05
-0.0002595
0.00026957
0.0012048
0.001111
-2.3176e-05
-0.00079378
-0.00062829
-0.00014041
-3.0835e-05
-0.00015363
-0.00022188
-0.00017204
-1.0765e-05
5.7866e-05
0.00020769
0.00073147
0.0009846
0.00045662
-0.00026737
-0.00035913
8.5926e-05
0.0005499
0.0012996
0.0014432
1.3827e-05
-0.00080887
-1.9811e-05
0.00022039
-0.0002066
-0.00026627
-0.00017003
-6.2953e-05
-0.00017165
-0.00049679
-0.0003919
0.00013549
0.00039186
0.00066885
0.0012419
0.00098856
-0.00017393
-0.00087741
-0.00099698
-0.0010287
-0.00066468
5.2545e-05
0.00050669
0.00050634
9.7574e-05
-0.00025563
0.00011098
0.00039983
-0.00015777
-0.00068747
-0.00084203
-0.00092715
-0.00046044
0.00051199
0.00084505
0.00055581
0.00028735
0.0001016
0.00016891
6.5274e-05
-0.00020592
0.00010893
0.00037346
2.6956e-05
-6.9558e-05
0.00044381
0.00094513
0.00058623
-0.00043127
-0.00092953
-0.00076995
-0.00049053
-3.483e-05
0.00014911
-1.4096e-05
0.00013533
9.3025e-05
-0.00018807
-0.00018455
-0.00027115
-4.1048e-05
0.00075733
0.00090048
5.5533e-05
-0.00079339
-0.00097963
-0.00068771
-0.00032353
-1.731e-05
0.00015257
0.00027893
0.00050371
0.00042425
-7.065e-05
-0.00043126
-0.00045585
-0.00012826
0.00026589
0.00018072
7.5362e-05
0.00016422
0.00013068
7.6027e-05
4.75e-05
0.00043688
0.00061236
3.8421e-06
-0.00045888
-0.00061856
-0.0005888
-0.00034098
-0.0003003
-0.00032392
-1.5062e-05
0.00046651
0.00080762
0.00057143
-6.3466e-05
-0.00022482
0.00049983
0.00077253
7.1307e-05
0.00015474
0.00030285
-0.00050787
-0.00081444
-0.00029617
-1.6792e-05
1.1781e-05
