5.7826e-05
0.00068787
0.0020298
0.0033564
0.0042487
0.0047863
0.0054201
0.012367
0.020265
0.026439
0.027787
0.02893
0.029236
0.029916
0.032547
0.035106
0.037424
0.041573
0.046027
0.04749
0.04424
0.035879
0.023889
0.011357
-0.0008261
-0.011551
-0.019191
-0.024468
-0.028918
-0.032249
-0.033694
-0.034364
-0.034662
-0.035407
-0.035521
-0.034728
-0.033185
-0.026042
-0.028728
-0.022185
-0.012853
-0.0073895
-0.0049871
-0.0030474
-0.0016568
0.00022082
0.002978
0.0054121
0.0087317
0.01271
0.019054
0.023061
0.024019
0.02509
0.030405
0.03913
0.043739
0.042918
0.041252
0.040351
0.035705
0.026608
0.01351
-0.00032178
-0.011426
-0.019674
-0.025108
-0.027457
-0.026804
-0.024073
-0.031275
-0.049006
-0.052165
-0.041062
-0.027864
-0.021421
-0.016218
-0.013588
-0.011835
-0.012593
-0.014088
-0.013996
-0.014808
-0.015138
-0.013467
-0.010205
-0.0039443
0.018734
0.049817
0.067245
0.064738
0.053857
0.041014
0.032079
0.026458
0.019936
0.01099
-0.00048266
-0.011994
-0.020156
-0.024509
-0.026604
-0.025929
-0.022041
-0.020046
-0.019827
-0.01876
-0.017596
-0.018522
-0.018459
-0.014671
-0.013199
-0.011643
-0.012672
-0.013554
-0.01378
-0.013377
-0.013497
-0.014755
-0.013522
-0.011587
-0.0057608
0.0020631
0.0088931
0.015578
0.021675
0.028785
0.037997
0.047576
0.055028
0.054732
0.049234
0.043309
0.035639
0.019829
-0.0062486
-0.024572
-0.02932
-0.027865
-0.026147
-0.02808
-0.031254
-0.032676
-0.031173
-0.023013
-0.020148
-0.01787
-0.013407
-0.010447
-0.01229
-0.012909
-0.010667
-0.011547
-0.011211
-0.010578
-0.011813
-0.013146
-0.012737
0.0021964
0.023089
0.042862
0.048656
0.049703
0.047637
0.041611
0.034544
0.029955
0.026449
0.020141
0.011563
0.00034465
-0.011457
-0.01967
-0.023844
-0.023968
-0.022428
-0.021686
-0.021548
-0.021398
-0.019687
-0.018132
-0.014001
-0.011398
-0.0093865
-0.0073306
-0.0057093
-0.0070254
-0.0083485
-0.0058546
-0.013111
-0.017195
-0.016306
-0.012564
-0.008795
-0.0054527
-0.00094492
0.0061285
0.013261
0.019353
0.025979
0.034332
0.044177
0.049791
0.048206
0.041905
0.039047
0.03653
0.028235
0.014496
0.00086602
-0.010503
-0.018273
-0.022344
-0.02996
-0.047358
-0.055564
-0.049377
-0.036341
-0.025807
-0.018469
-0.01281
-0.016019
-0.015094
-0.015817
-0.017774
-0.016898
-0.012825
-0.013371
-0.013136
-0.013753
-0.016165
-0.015775
0.0002088
0.019592
0.03796
0.040921
0.041467
0.039644
0.035577
0.032305
0.028597
0.023389
0.016811
0.0068446
-0.0051167
-0.016797
-0.023997
-0.02524
-0.023433
-0.021984
-0.021479
-0.021599
-0.021163
-0.022035
-0.016865
-0.010012
-0.0052358
-0.0040336
-0.0033907
-0.0049957
-0.0064306
-0.0075979
-0.0090653
-0.010758
-0.011169
-0.010358
-0.0082186
-0.0065851
-0.00261
0.0035056
0.012124
0.020884
0.028854
0.035637
0.041504
0.048806
0.050438
0.045523
0.037814
0.029242
0.015504
-0.0015633
-0.015174
-0.022363
-0.024739
-0.025295
-0.026838
-0.030296
-0.031731
-0.028622
-0.023512
-0.015221
-0.013829
-0.010951
-0.00066036
0.0010789
-0.0036698
-0.0060675
-0.0062995
-0.0075641
-0.004712
-0.00016918
0.0061031
0.011738
0.018806
0.025136
0.027789
0.032183
0.038156
0.041034
0.039384
0.036382
0.027911
0.0093951
-0.010103
-0.022281
-0.027126
-0.025441
-0.023321
-0.023427
-0.023766
-0.021711
-0.017763
-0.012246
-0.0083951
-0.0040677
-0.00087725
-0.0016752
-0.001007
-0.0015069
-0.0013889
-0.0022666
-0.0040654
-0.0048553
-0.0081841
-0.0084338
-0.0092189
-0.0087317
-0.0067558
-0.0041813
-0.00013027
0.005782
0.013796
0.021301
0.028797
0.034613
0.042196
0.047169
0.045814
0.042488
0.037322
0.027126
0.0097475
-0.0093004
-0.02139
-0.025058
-0.023578
-0.022524
-0.024778
-0.029846
-0.032062
-0.030335
-0.023258
-0.01492
-0.013543
-0.012762
-0.01142
-0.011382
-0.011867
-0.012926
0.0017713
-0.0033751
-0.0031298
-7.9203e-06
0.0052986
0.012711
0.01864
0.024227
0.028237
0.031284
0.035466
0.037293
0.036285
0.033122
0.028529
0.023458
0.017124
0.0073986
-0.0049278
-0.016094
-0.022998
-0.025323
-0.02439
-0.022669
-0.021793
-0.022543
-0.023228
-0.020961
-0.017708
-0.011863
-0.0069798
-0.0036783
-0.0011403
-0.001614
-0.0028442
-0.0043531
-0.004824
-0.0057887
-0.0068574
-0.0081103
-0.0096159
-0.011455
-0.011599
-0.012049
-0.010284
-0.0080943
-0.0039043
0.0020706
0.010402
0.019593
0.02921
0.036867
0.043308
0.046138
0.044751
0.042559
0.037989
0.032551
0.025338
0.014353
0.0027131
-0.0077587
-0.015998
-0.021609
-0.023051
-0.021628
-0.0204
-0.02024
-0.024369
-0.029424
-0.03124
-0.027754
-0.020247
-0.017502
-0.015843
-0.013612
-0.012743
-0.013835
-0.014263
-0.01174
-0.011897
-0.012741
-0.01135
-0.013372
-0.014118
-0.012028
-0.0087211
-0.0037756
0.0026132
0.010184
0.018036
0.0233
0.025418
0.030389
0.035301
0.038662
0.039072
0.034959
0.028523
0.0237
0.017335
0.0066935
-0.0037658
-0.013606
-0.021637
-0.02581
-0.024736
-0.021473
-0.019713
-0.01947
-0.019939
-0.018574
-0.016818
-0.012592
-0.010947
-0.0076393
-0.005772
-0.004347
-0.0060077
-0.0060087
-0.0067101
-0.0075544
-0.0094038
-0.010875
-0.012467
-0.013868
-0.013138
-0.0053177
0.0024787
0.011631
0.019805
0.028674
0.036248
0.043763
0.048298
0.046193
0.041971
0.037883
0.033096
0.025821
0.01455
0.0022888
-0.00752
-0.014127
-0.023114
-0.043806
-0.053656
-0.04975
-0.039258
-0.028731
-0.018965
-0.017507
-0.017937
-0.017886
-0.018209
-0.01685
-0.016785
-0.01229
-0.012541
-0.013971
-0.013942
-0.014666
-0.014217
-0.01041
-0.005434
0.0021489
0.009814
0.016677
0.020959
0.023805
0.029695
0.036546
0.038411
0.044185
0.04905
0.035645
0.0086969
-0.0098453
-0.020015
-0.023646
-0.02262
-0.021713
-0.02088
-0.018567
-0.015112
-0.011709
-0.0088043
-0.0062146
-0.0044253
-0.0022186
-0.00025907
-0.0012923
-0.0019768
-0.0038732
-0.0059086
-0.0082649
-0.010098
-0.011769
-0.013142
-0.012273
-0.012817
-0.00038159
0.016192
0.032348
0.041888
0.051867
0.055621
0.050768
0.040806
0.035913
0.032968
0.025169
0.013717
0.0015535
-0.008202
-0.014954
-0.019546
-0.02176
-0.023238
-0.023356
-0.023344
-0.025059
-0.029148
-0.031852
-0.030916
-0.024718
-0.018793
-0.017425
-0.016427
-0.014906
-0.015704
-0.016432
-0.01638
-0.01294
-0.012965
-0.014758
-0.015043
-0.015461
-0.014458
-0.011528
-0.0058103
0.00097928
0.0088655
0.017413
0.022778
0.023521
0.027242
0.04751
0.069531
0.069256
0.041844
0.012307
-0.010321
-0.023466
-0.028578
-0.026885
-0.022908
-0.020678
-0.020629
-0.019856
-0.017328
-0.013661
-0.008621
-0.0064251
-0.0019955
-0.00028906
-6.2493e-05
-0.001083
-0.00098682
-0.0025065
-0.0033142
-0.0057779
-0.0076256
-0.0082756
-0.0099322
-0.011238
-0.010801
-0.010068
-0.008322
-0.0049041
0.0013588
0.010079
0.019327
0.028967
0.037559
0.045536
0.05074
0.048578
0.04482
0.041105
0.035748
0.029036
0.018099
0.0052047
-0.0063425
-0.014899
-0.019854
-0.022588
-0.022939
-0.021984
-0.022074
-0.024341
-0.028638
-0.031359
-0.029994
-0.024295
-0.020238
-0.01875
-0.016577
-0.015925
-0.016472
-0.017416
-0.015422
-0.017084
-0.016963
-0.016023
-0.017573
-0.0184
-0.017716
-0.013508
-0.0065494
0.00191
0.0099295
0.018077
0.020706
0.023141
0.028671
0.034204
0.037774
0.037123
0.034673
0.031597
0.026945
0.018102
0.0065823
-0.004862
-0.014507
-0.02086
-0.024775
-0.024359
-0.02162
-0.019835
-0.019594
-0.019718
-0.018565
-0.017016
-0.014305
-0.012468
-0.0093278
-0.0058194
-0.0056342
-0.0059333
-0.007068
-0.0074748
-0.0084442
-0.0095305
-0.012603
-0.014487
-0.015397
-0.015184
-0.014279
-0.012903
-0.0087734
-0.0038032
0.0031157
0.011278
0.020236
0.028543
0.038054
0.04777
0.051548
0.048838
0.044868
0.041659
0.037872
0.028586
0.01613
0.0032828
-0.0075663
-0.015057
-0.020475
-0.024247
-0.025413
-0.024667
-0.024509
-0.027039
-0.031235
-0.033133
-0.030604
-0.02375
-0.018288
-0.015012
-0.014458
-0.013704
-0.014005
-0.014576
-0.011934
-0.009576
-0.010145
-0.010952
-0.012813
-0.014013
-0.012673
-0.0093426
-0.0029506
0.0051631
0.013226
0.019486
0.022558
0.024232
0.030185
0.036757
0.040868
0.039844
0.035719
0.031175
0.026843
0.018704
0.0086403
-0.0020948
-0.011684
-0.019631
-0.024986
-0.024017
-0.020761
-0.019496
-0.020344
-0.021032
-0.019629
-0.018161
-0.014385
-0.012128
-0.0092441
-0.006022
-0.0058903
-0.0070018
-0.0074552
-0.0090637
-0.010004
-0.011271
-0.012021
-0.013982
-0.013838
-0.013858
-0.013315
-0.01121
-0.0069267
-0.0018762
0.0040716
0.010524
0.01685
0.023937
0.032703
0.041859
0.045874
0.04512
0.040735
0.035415
0.029164
0.020977
0.010023
-0.0020659
-0.012868
-0.020718
-0.02523
-0.028055
-0.028625
-0.026762
-0.025976
-0.028015
-0.030226
-0.030845
-0.028719
-0.022516
-0.018433
-0.015166
-0.013689
-0.013665
-0.015253
-0.014357
-0.012969
-0.015754
-0.016476
-0.015348
-0.015058
-0.015206
-0.013914
-0.010574
-0.0046131
0.0017021
0.0085361
0.014336
0.01924
0.024924
0.032627
0.040041
0.042058
0.040886
0.038223
0.034241
0.027743
0.020067
0.011736
0.00034452
-0.011835
-0.020116
-0.023365
-0.022283
-0.022422
-0.024313
-0.026761
-0.027157
-0.024584
-0.018567
-0.013947
-0.011707
-0.01119
-0.010648
-0.0108
-0.011651
-0.011462
-0.0090696
-0.0085774
-0.0078545
-0.0078412
-0.0076664
-0.00734
-0.0058745
-0.0034454
0.0016555
0.0060452
0.010419
0.014841
0.019151
0.024408
0.029172
0.032128
0.036539
0.041998
0.043978
0.040619
0.035545
0.027319
0.020534
0.011195
-0.002036
-0.013089
-0.020773
-0.026807
-0.028319
-0.024901
-0.022892
-0.023117
-0.024118
-0.025702
-0.023682
-0.019284
-0.013767
-0.010775
-0.0066357
-0.0052733
-0.0060294
-0.0084821
-0.0069641
-0.0040883
-0.0038176
-0.0044042
-0.0052618
-0.0056462
-0.0045331
-0.0019386
0.0018514
0.0061267
0.011542
0.017135
0.023782
0.025918
0.027811
0.02973
0.035776
0.037841
0.034838
0.031087
0.027379
0.021866
0.013918
0.0044759
-0.0049975
-0.014823
-0.021094
-0.021158
-0.01905
-0.020185
-0.023237
-0.024354
-0.023789
-0.021555
-0.018239
-0.015137
-0.015308
-0.012232
-0.01126
-0.009879
-0.0086063
-0.0075269
-0.0057854
-0.0061164
-0.0051615
-0.0051058
-0.0048805
-0.0062596
-0.0035443
-0.0011676
0.002336
0.0072483
0.012633
0.017722
0.022896
0.025433
0.026013
0.025102
0.028887
0.034134
0.035201
0.034154
0.030459
0.025496
0.018849
0.0095185
-0.0032407
-0.015825
-0.024402
-0.027744
-0.029386
-0.02896
-0.025925
-0.023388
-0.022985
-0.022629
-0.022757
-0.02192
-0.017562
-0.014125
-0.0098048
-0.0088369
-0.0089553
-0.01027
-0.010147
-0.010842
-0.011875
-0.012264
-0.011429
-0.010028
-0.0088439
-0.0069952
-0.0033035
0.0013978
0.0077427
0.015291
0.019127
0.021051
0.020914
0.024966
0.043938
0.064507
0.064533
0.040073
0.010505
-0.011423
-0.022397
-0.026507
-0.025035
-0.019303
-0.014594
-0.014964
-0.018375
-0.020185
-0.018208
-0.013194
-0.0079986
-0.0035436
-0.00031673
-0.0003496
-0.0031918
-0.0060983
-0.0098903
-0.016821
-0.019013
-0.01633
-0.010949
-0.0066979
-0.0034411
-0.0011532
0.00028317
0.00037759
-0.00028041
-0.0014503
-0.0026399
-0.0039356
-0.0047978
-0.0058367
-0.007452
-0.0088931
-0.0095078
-0.0093587
-0.008571
-0.0074981
-0.0060782
-0.0044121
-0.002804
-0.0015237
-0.00055405
-0.00011726
-6.9943e-05
-6.8789e-06
0.00010496
2.5316e-05
5.196e-05
0.00027009
0.00011567
-0.00055337
-0.0010562
-0.0011551
-0.0011729
-0.0010066
-0.00073193
-0.00061035
-0.00035912
-0.00010051
-6.0359e-06
6.2273e-05
6.2228e-05
-1.917e-05
-0.00016444
-0.00014535
-4.2565e-05
-0.0001349
-0.00043163
-0.00075768
-0.00087942
-0.0008031
-0.00068087
-0.00072843
-0.00083374
-0.00078685
-0.00057232
-6.9395e-05
0.00052375
0.00075426
0.00067335
0.00051831
0.00031622
0.00020148
0.00019484
-1.5671e-05
-0.00042934
-0.00067868
-0.00054908
-0.00032065
-0.00026791
-0.00026294
-0.00014699
6.8103e-05
0.00018517
0.00010231
-0.00012482
-0.00042782
-0.00034406
-0.00017356
-0.00042596
-0.00047253
-0.00015324
0.000138
0.00021892
1.1189e-05
-0.00020976
-0.00025496
-0.00028849
-0.00037277
-0.00044759
-0.00030942
-7.44e-05
7.8524e-05
0.00023746
5.3281e-05
-0.00025451
-0.0001407
-0.00010403
-0.0003488
-0.00042891
-6.4862e-05
0.0005464
0.00082328
0.00069605
0.00061774
0.00092209
0.0013285
0.0012617
0.00099409
0.00095288
0.0010723
0.00097243
0.00077751
0.00077201
0.0013835
0.0028556
0.0042423
0.0046468
0.0053161
0.0057678
0.006548
0.0076935
0.0087569
0.0095815
0.011814
0.015674
0.019686
0.022857
0.026143
0.031512
0.036926
0.041508
0.04621
0.050387
0.052251
0.05083
0.046395
0.038767
0.029332
0.018675
0.0072981
-0.0049405
-0.017031
-0.028187
-0.037817
-0.042529
-0.040264
-0.039362
-0.043495
-0.04758
-0.048276
-0.045484
-0.042067
-0.030407
-0.022901
-0.015025
-0.0087743
-0.0051948
-0.00021115
0.0038402
0.0053789
0.0052232
0.0051608
0.00615
0.0072149
0.0067759
0.0066874
0.0080438
0.011072
0.017197
0.022734
0.025607
0.027888
0.032367
0.039109
0.045597
0.049944
0.049334
0.044469
0.041546
0.037513
0.027908
0.014328
-0.00042374
-0.012989
-0.020818
-0.024265
-0.023618
-0.02047
-0.019587
-0.02261
-0.024713
-0.02478
-0.024371
-0.020225
-0.016619
-0.010021
-0.0075574
-0.0070784
-0.0092045
-0.012552
-0.011515
-0.011318
-0.010338
-0.0095819
-0.0079695
-0.0090745
-0.010252
-0.0087678
-0.006436
-0.00095453
0.0041122
0.010222
0.017485
0.024165
0.027919
0.03026
0.034698
0.038968
0.036923
0.030392
0.023389
0.017611
0.012731
0.0071381
-0.0036754
-0.015468
-0.024382
-0.027554
-0.025183
-0.019944
-0.016314
-0.01776
-0.021508
-0.023622
-0.021175
-0.015628
-0.0088873
-0.0024961
0.00056396
0.00077192
-0.0016677
-0.0049435
-0.0067007
-0.007838
-0.008029
-0.0081984
-0.007349
-0.0063239
-0.0055051
-0.0042215
-0.0034111
-0.0023427
-0.0014435
-0.00085247
-0.0011276
-0.0014322
-0.0015689
-0.00157
-0.0020742
-0.0025643
-0.0029768
-0.0039855
-0.0053863
-0.0064937
-0.0069406
-0.0072299
-0.0067242
-0.0060123
-0.0054178
-0.0047701
-0.0036061
-0.0023007
-0.0013082
-0.0010763
-0.00085438
-0.00062549
0.00032047
0.0013309
0.0014109
0.00094188
0.00040615
-1.2349e-05
-5.4455e-05
-2.8654e-05
2.1197e-06
2.567e-05
0.00012826
0.00039945
0.00047418
0.0003
5.1992e-05
-0.00019294
-0.00038322
-0.00041263
-0.00028341
-0.00026165
-0.00042449
-0.00058206
-0.00042061
-5.0513e-06
0.00029179
0.00038913
0.00027863
0.00011465
5.499e-06
-0.00010367
-0.00018235
-0.00029473
-0.00037336
-0.0003942
-0.00041863
-0.00031477
-7.3401e-05
0.00019614
0.00031915
0.0003111
0.00036229
0.00053171
0.00050269
1.3913e-05
-0.00038801
-0.00031248
-0.00019976
-0.00017235
2.1909e-05
0.00023008
0.0003475
0.00025436
-0.00033867
-0.00093641
-0.00089453
-0.00046772
-0.00024452
-0.00031124
-0.0002585
0.00015389
0.0004259
0.00030981
0.00021379
0.00025415
0.00013926
-0.00020889
-0.00035792
-0.00013719
2.6152e-05
7.6651e-05
0.00025446
0.00028818
0.00011693
0.00013541
0.00030114
0.00023239
-1.85e-05
-0.00012664
-9.9507e-05
-0.00021195
-0.00042191
-0.0003786
-0.00017489
4.1516e-05
0.00030803
0.00035954
0.00017257
4.626e-05
-8.3859e-05
-0.00024456
-0.00019889
-5.3404e-05
6.7082e-05
0.0001662
0.00018122
-6.1503e-06
-0.00029935
-0.00037433
-0.00023778
-8.27e-06
0.00011812
8.336e-05
0.00015011
0.00010417
-6.4555e-05
0.00012591
0.0003451
0.00016713
-4.8254e-05
-0.00015854
-0.00021655
-0.00010885
-3.3734e-05
-0.00012702
-0.00018092
-0.0001404
-0.00012217
-8.407e-05
0.00011043
0.00029551
0.00019069
-0.000146
-0.0003205
-0.00023408
-0.00019309
-0.00032632
-0.0002919
-2.7238e-05
5.4743e-05
1.5561e-05
-6.5891e-05
-0.00027701
-0.00045892
-0.00038528
-4.2712e-05
0.00018305
8.2939e-05
-0.00012722
-0.00011711
0.0001059
0.00014566
8.7459e-05
3.907e-05
-9.0368e-05
-0.00014856
-0.00026914
-0.00039497
-0.00023201
1.58e-06
-0.00011532
-0.00039948
-0.00010433
0.00049502
0.0003933
-0.00017062
-0.00037018
-0.00024087
-6.6276e-05
8.2006e-05
7.4702e-05
-9.6657e-05
-0.00014185
3.0247e-05
0.00011128
4.0766e-05
-2.0764e-05
-8.9158e-05
-0.00019179
-9.3446e-05
0.00015176
0.00019275
9.7066e-05
5.076e-05
-1.7717e-06
-0.00012844
-0.00049828
-0.00097358
-0.0011462
-0.0011566
-0.0011568
-0.00095226
-0.00039422
0.00021414
0.00041774
0.00051765
0.00093849
0.0015618
0.0019553
0.0020973
0.0020118
0.0019811
0.002103
0.0025471
0.0027742
0.0027192
0.0028462
0.0030028
0.0037016
0.0041986
0.0050479
0.0064376
0.008736
0.0095437
0.010605
0.011551
0.012154
0.013056
0.014288
0.016206
0.019406
0.022585
0.024703
0.027053
0.030587
0.036445
0.042696
0.048797
0.053074
0.054195
0.050991
0.045126
0.03811
0.029879
0.019006
0.0061191
-0.0076011
-0.020161
-0.029673
-0.036609
-0.042571
-0.045726
-0.047587
-0.052593
-0.054358
-0.049854
-0.042973
-0.033319
-0.028878
-0.021307
-0.014282
-0.010807
-0.0074509
-0.0055516
-0.0058239
-0.0053109
-0.0044623
-0.0035043
-0.002378
-0.002461
-0.0014167
0.00017233
0.0040718
0.0096104
0.016223
0.020981
0.024815
0.025291
0.02519
0.024962
0.030609
0.036889
0.038506
0.034153
0.027499
0.020891
0.013615
0.0040822
-0.0072753
-0.017112
-0.021457
-0.023678
-0.026886
-0.029551
-0.028756
-0.02615
-0.02207
-0.01842
-0.015919
-0.013789
-0.0095403
-0.0052104
-0.00091141
0.0044203
0.0093384
0.012486
0.011412
0.010525
0.0083731
0.0051158
0.0023704
0.0011179
0.0010087
0.0052132
0.0097242
0.014115
0.019791
0.026885
0.03323
0.038276
0.039457
0.036206
0.034748
0.035702
0.034439
0.030291
0.024832
0.018305
0.010581
0.0019112
-0.0090552
-0.020271
-0.027456
-0.028056
-0.025689
-0.025991
-0.028976
-0.029216
-0.025202
-0.019293
-0.012188
-0.0078984
-0.0027937
0.00083434
0.002083
-0.00052582
-0.0034742
-0.0044026
-0.0063627
-0.0071285
-0.0060663
-0.0082302
-0.008666
-0.0070972
-0.005371
-0.0022383
0.0012179
0.0052938
0.010418
0.015318
0.021656
0.029423
0.033802
0.033437
0.031279
0.03025
0.029653
0.026353
0.020156
0.012498
0.0026024
-0.0072437
-0.014227
-0.017619
-0.019892
-0.023998
-0.026878
-0.026691
-0.025202
-0.022663
-0.019903
-0.01739
-0.012367
-0.0065371
-0.0027638
-0.0023185
-0.0012208
0.0011666
-0.00091358
-0.0049176
-0.0075906
-0.010455
-0.012648
-0.01381
-0.012439
-0.011747
-0.0095675
-0.0059161
-0.00049125
0.0043327
0.0092652
0.015308
0.019759
0.023313
0.025137
0.022321
0.021837
0.023174
0.023491
0.02061
0.016519
0.01193
0.0077062
0.0015849
-0.006127
-0.013446
-0.019074
-0.023213
-0.026506
-0.026642
-0.022063
-0.016035
-0.012216
-0.0097831
-0.0092427
-0.0086795
-0.0054521
-0.00076613
0.0057435
0.0079217
0.0086409
0.0044279
0.0020643
-0.0015904
-0.0032302
-0.0040587
-0.0026053
-0.00056356
0.003314
0.0069894
0.010024
0.012391
0.015015
0.018347
0.02188
0.024261
0.025507
0.027891
0.028283
0.024768
0.020619
0.013687
0.0085376
0.0041098
-0.0015038
-0.008002
-0.013932
-0.017155
-0.017784
-0.016365
-0.013284
-0.011515
-0.013283
-0.017756
-0.021445
-0.02205
-0.019417
-0.015512
-0.010587
-0.004738
0.0022506
0.006041
0.0042177
-0.0040223
-0.011101
-0.01275
-0.010686
-0.0076874
-0.0060462
-0.0026466
0.0017946
0.0050869
0.0071265
0.0085714
0.0092292
0.0089652
0.0097528
0.010558
0.0082872
0.002912
-0.00342
-0.0084805
-0.01065
-0.010487
-0.0086189
-0.0048124
-0.00094189
0.0015652
0.0022991
0.0021771
0.0025126
0.0035693
0.0044459
0.0044801
0.0036654
0.0017205
-0.0014213
-0.004352
-0.0061463
-0.0070286
-0.0070425
-0.0057521
-0.0034177
-0.0015606
-0.0021562
-0.0047843
-0.0079319
-0.01039
-0.011381
-0.010789
-0.008348
-0.0049602
-0.002186
-0.00066877
-0.00037154
0.00026858
0.0010478
0.0017448
0.0021759
0.0027618
0.0037086
0.0041211
0.0039657
0.00357
0.0039347
0.0049129
0.0060143
0.0070523
0.0076269
0.0079013
0.0081774
0.0080304
0.0068532
0.004692
0.0023841
0.00055737
-0.0010686
-0.0026636
-0.0035688
-0.0037086
-0.0036448
-0.0032161
-0.0023498
-0.0010852
0.00011153
0.00050723
0.00047849
0.00045037
0.00057176
0.00079235
0.00088984
0.000755
0.00078773
0.00096141
0.00094539
0.0010161
0.0010093
0.00072941
0.00013969
-0.00057167
-0.0010298
-0.0012722
-0.0012232
-0.0010004
-0.00080807
-0.00059189
-0.00048925
-0.00039457
-0.00023123
-3.9293e-05
0.0003667
0.00069117
0.00061819
0.00052516
0.00061811
0.00055727
0.0002289
-0.0001966
-0.00054781
-0.0006998
-0.00061827
-0.00014972
0.00045442
0.00076917
0.00072695
0.00067972
0.00076699
0.00076172
0.00040252
-7.7238e-05
-0.00029149
-0.00039653
-0.00032083
-5.1753e-06
0.00026989
0.00038792
0.00030709
0.00022339
0.00015556
-1.8442e-05
-9.9092e-05
-0.00016647
-0.00025572
-0.00013802
-3.3518e-05
5.8678e-05
0.00032866
0.00039702
0.00020926
-2.9903e-05
-0.00019928
-5.6926e-05
0.00012862
8.349e-05
-0.00010935
-0.0002672
-0.00023093
-0.00011552
-0.00012384
-5.2452e-05
0.0001383
2.6943e-05
-0.00022191
-0.00021516
3.6403e-05
0.00015437
4.8898e-05
-5.0801e-05
6.1198e-06
0.00013414
-1.2048e-05
-0.00014227
-1.8327e-05
-2.6503e-05
-0.00012007
-4.4185e-05
6.3199e-05
0.00014734
6.9868e-05
-9.8623e-05
-2.5809e-05
0.00013686
6.4212e-05
-0.00020488
-0.00032326
-0.00022415
-0.00022311
-0.00025166
-2.2755e-05
0.00012252
3.678e-05
-4.5044e-05
7.9453e-05
0.00026396
5.0923e-05
-0.00023744
-0.00014542
2.0342e-05
-4.0658e-05
-0.00011722
-0.00023308
-0.00049327
-0.00041655
-0.00010716
-0.00014062
-0.00025909
-0.0002232
-4.3461e-05
0.00021951
0.00020346
2.3662e-05
0.00010185
0.00024901
0.00016169
-4.2219e-05
-0.00020182
-0.0001759
-6.9063e-06
6.4409e-05
2.2105e-05
-5.6634e-05
-0.00024537
-0.00025092
3.8157e-05
6.105e-05
-0.0001911
-0.00033414
-0.0003025
-0.00021327
-0.00019143
-0.00017134
-8.8536e-05
-1.4767e-05
0.0001429
0.00029145
0.00015204
4.3805e-05
0.0001173
0.00018016
0.00010804
-5.3657e-05
-0.00010991
-0.0002495
-0.00029277
-0.00010771
-6.8818e-05
-0.000135
-0.00019736
-0.00025743
-0.00023135
-0.00022927
-0.00028784
-0.00029839
-0.00019724
-0.00010738
-0.00019088
-0.00020629
-0.0001139
-0.00010925
-5.2929e-05
2.2446e-05
-4.7815e-06
4.7995e-05
0.00012786
-5.796e-06
-0.00022327
-0.00031407
-0.00021955
8.6677e-05
0.00039911
0.0004608
4.1631e-05
-0.00046009
-0.00045399
-0.00018867
-0.000189
-0.00021599
0.00011633
0.00028419
0.00013171
-4.9701e-05
-0.00026844
-0.00035665
-0.00025724
-0.00025936
-0.00030682
-9.7672e-05
0.00011983
0.00012308
1.9571e-05
-0.0001201
-9.7858e-05
5.5742e-05
8.5752e-05
1.0208e-05
-1.0793e-05
7.3733e-05
4.4248e-05
-6.8224e-05
-9.4523e-05
-0.00018157
-0.00016357
5.8096e-05
8.2224e-05
2.5928e-06
7.7099e-05
6.1227e-05
-1.097e-05
-4.8044e-06
-7.0436e-05
-0.0001511
-5.6216e-05
8.0582e-05
8.1515e-05
5.3573e-05
-5.0511e-05
-0.00016787
-0.00014883
-8.9494e-05
4.7986e-05
0.00029277
0.00032593
6.6705e-05
-5.2388e-05
-9.186e-05
-0.00011729
-3.3247e-05
9.5163e-06
0.00010522
0.00010434
-9.3264e-05
-0.00025405
-0.00032849
-0.00038954
-0.00042397
-0.00032358
-0.00013927
8.7059e-06
0.00010788
0.00010319
6.7137e-05
0.00021771
0.00030795
0.00029548
0.00059164
0.00093348
0.00074239
0.00083681
0.0010984
0.0013041
0.0014295
0.0013289
0.0013574
0.0016324
0.0069285
0.01265
0.015922
0.014538
0.011563
0.0093815
0.00934
0.011005
0.015482
0.021812
0.027176
0.030379
0.031444
0.032865
0.036372
0.041484
0.047417
0.052666
0.054249
0.051131
0.04321
0.03147
0.018473
0.0053235
-0.0078169
-0.019766
-0.029176
-0.035992
-0.040646
-0.040646
-0.03663
-0.034377
-0.034863
-0.038277
-0.040671
-0.040689
-0.036777
-0.030045
-0.023615
-0.017887
-0.016406
-0.016713
-0.015883
-0.01378
-0.01022
-0.007814
-0.0061197
-0.0038149
-0.0024312
-0.00096752
0.0019186
0.0067111
0.013172
0.01907
0.021623
0.02497
0.030582
0.039677
0.046615
0.051149
0.05234
0.048351
0.043219
0.035737
0.026034
0.015111
0.003815
-0.0069379
-0.01425
-0.018123
-0.02063
-0.021585
-0.020407
-0.019226
-0.021111
-0.025539
-0.02962
-0.029979
-0.028894
-0.031053
-0.05029
-0.05428
-0.045312
-0.031671
-0.027193
-0.024402
-0.021836
-0.017658
-0.012092
-0.0047375
0.0041896
0.010256
0.014707
0.019968
0.027853
0.035338
0.041033
0.044783
0.045431
0.043327
0.040841
0.030741
0.011335
-0.007481
-0.021195
-0.027437
-0.026754
-0.024493
-0.022463
-0.020845
-0.020012
-0.017664
-0.01644
-0.015371
-0.01573
-0.016546
-0.017934
-0.018835
-0.020488
-0.020258
-0.011523
-0.016254
-0.014786
-0.0061246
0.0042734
0.012091
0.019419
0.02736
0.038248
0.048242
0.055115
0.058001
0.057956
0.054744
0.051138
0.042984
0.030915
0.018341
0.006085
-0.0080081
-0.029325
-0.03894
-0.036452
-0.0308
-0.028826
-0.030269
-0.032811
-0.032593
-0.030936
-0.029422
-0.02954
-0.02811
-0.028125
-0.026985
-0.026097
-0.026057
-0.023496
-0.022189
-0.021205
-0.019378
-0.016375
-0.011348
-0.0021302
0.0064787
0.0131
0.016184
0.021883
0.031193
0.060388
0.092292
0.098951
0.070648
0.034552
0.0064693
-0.013104
-0.024435
-0.028304
-0.028343
-0.027321
-0.024708
-0.022737
-0.021711
-0.020556
-0.020028
-0.017412
-0.016488
-0.014367
-0.012548
-0.021848
-0.024376
-0.019973
-0.017515
-0.016757
-0.015051
-0.013839
-0.0097336
-0.0026971
0.0056682
0.012949
0.018731
0.026422
0.036912
0.046837
0.05245
0.055355
0.0569
0.059519
0.058579
0.040115
0.013258
-0.0090476
-0.022904
-0.029499
-0.029605
-0.026615
-0.025026
-0.025973
-0.029432
-0.032769
-0.034014
-0.033858
-0.027704
-0.024382
-0.023937
-0.022064
-0.014408
-0.030093
-0.035673
-0.029561
-0.020828
-0.011226
-0.00055352
0.0081034
0.013847
0.016714
0.021756
0.030042
0.038175
0.041841
0.043704
0.04533
0.044742
0.04149
0.034242
0.023466
0.012793
0.0022982
-0.010441
-0.02045
-0.025369
-0.027273
-0.025364
-0.021819
-0.0216
-0.023774
-0.026227
-0.026598
-0.023552
-0.020584
-0.017375
-0.016719
-0.016311
-0.017484
-0.017901
-0.018764
-0.012297
-0.023099
-0.021177
-0.015633
-0.0039452
0.0058982
0.013482
0.019214
0.025459
0.035244
0.045406
0.051853
0.05341
0.053182
0.051097
0.046632
0.037912
0.024294
0.010215
-0.0027966
-0.012698
-0.019535
-0.024422
-0.028209
-0.029982
-0.028543
-0.025762
-0.025039
-0.028396
-0.032517
-0.033963
-0.03288
-0.030814
-0.026381
-0.02582
-0.024716
-0.022943
-0.022775
-0.022243
-0.019159
-0.020234
-0.019766
-0.019617
-0.018408
-0.016535
-0.012498
-0.0057087
0.0016749
0.0094964
0.01552
0.019919
0.026488
0.034384
0.038278
0.038677
0.038869
0.038042
0.034952
0.029888
0.022932
0.013738
0.0009595
-0.012112
-0.021747
-0.024879
-0.022478
-0.021873
-0.024007
-0.027014
-0.029778
-0.030146
-0.02663
-0.021877
-0.018678
-0.014869
-0.012533
-0.010955
-0.0093046
-0.0080278
-0.007241
-0.0069792
-0.0050643
-0.0067478
-0.009436
-0.0072935
-0.0073854
-0.0071082
-0.0029692
0.0023469
0.0089466
0.013327
0.017741
0.02353
0.027482
0.030066
0.035792
0.039831
0.041148
0.03958
0.035193
0.029203
0.022231
0.011438
-0.0022315
-0.014348
-0.022129
-0.026979
-0.030636
-0.031944
-0.030115
-0.025731
-0.023336
-0.023234
-0.023827
-0.023769
-0.024142
-0.024247
-0.023102
-0.020229
-0.019428
-0.020554
-0.02076
-0.018962
-0.019263
-0.018357
-0.016813
-0.014035
-0.012423
-0.010941
-0.0071202
-0.00053659
0.0062004
0.011888
0.014709
0.017567
0.025179
0.034181
0.040925
0.043569
0.043635
0.040656
0.037007
0.031996
0.024758
0.014465
0.0024499
-0.0087783
-0.01721
-0.022703
-0.025162
-0.025064
-0.025523
-0.02761
-0.029837
-0.030885
-0.03095
-0.038928
-0.041232
-0.031272
-0.024036
-0.021623
-0.018456
-0.017597
-0.015688
-0.015237
-0.01449
-0.010359
-0.0051443
0.0017204
0.0085071
0.034636
0.069343
0.091217
0.084728
0.063816
0.044187
0.028959
0.017317
0.006633
-0.0038992
-0.013708
-0.021614
-0.027115
-0.030527
-0.030441
-0.035252
-0.048335
-0.050462
-0.040957
-0.028731
-0.01893
-0.014271
-0.014735
-0.017339
-0.016008
-0.016246
-0.014596
-0.013088
-0.011966
0.0019129
0.016431
0.028246
0.03083
0.032871
0.03714
0.039376
0.040418
0.040372
0.039718
0.036298
0.030373
0.022691
0.013067
-0.0042518
-0.031466
-0.045893
-0.044511
-0.038262
-0.032404
-0.027711
-0.023066
-0.020326
-0.019018
-0.019016
-0.017864
-0.0175
-0.016678
-0.0058434
-0.010511
-0.0065646
-0.0023253
0.0030798
0.0083219
0.013213
0.018324
0.023005
0.027633
0.031471
0.03431
0.03954
0.045556
0.047998
0.050197
0.045882
0.02923
0.0063186
-0.011626
-0.024174
-0.03162
-0.033124
-0.029585
-0.025455
-0.024437
-0.025678
-0.026212
-0.025394
-0.024588
-0.021285
-0.029609
-0.029103
-0.021941
-0.017285
-0.012609
-0.010214
-0.0087976
-0.0078079
-0.0054426
0.00030069
0.0067926
0.011683
0.016804
0.021294
0.027457
0.053151
0.083954
0.088179
0.062345
0.031629
0.0055475
-0.011968
-0.021734
-0.026265
-0.02667
-0.025004
-0.024738
-0.025772
-0.027149
-0.028934
-0.026738
-0.024143
-0.022166
-0.028394
-0.030606
-0.024807
-0.017611
-0.014047
-0.011197
-0.009602
-0.0090151
-0.0079644
-0.0059335
-0.0017976
0.0043681
0.010866
0.016414
0.022007
0.026881
0.05025
0.083313
0.092204
0.068575
0.03923
0.012823
-0.0067391
-0.01968
-0.027321
-0.031752
-0.033019
-0.031586
-0.029028
-0.027707
-0.028082
-0.027667
-0.025069
-0.023478
-0.023679
-0.021951
-0.01736
-0.012846
-0.010733
-0.011021
-0.0089205
-0.0084051
-0.0075467
-0.0065915
-0.0028591
0.0022364
0.0095527
0.014504
0.018058
0.021772
0.027574
0.034239
0.053287
0.075045
0.076891
0.053617
0.026468
0.003301
-0.013619
-0.023974
-0.028559
-0.029295
-0.027073
-0.022993
-0.022057
-0.023207
-0.024215
-0.024851
-0.026607
-0.026322
-0.018826
-0.015395
-0.012661
-0.012458
-0.013473
-0.012698
-0.011859
-0.012242
-0.012
-0.0096896
-0.0048847
0.0014093
0.0081762
0.036317
0.076849
0.097516
0.087737
0.067961
0.048746
0.033969
0.02063
0.0082293
-0.0035539
-0.013281
-0.019824
-0.025046
-0.028498
-0.028417
-0.026232
-0.025783
-0.028366
-0.032106
-0.033349
-0.030627
-0.02354
-0.026712
-0.022625
-0.01881
-0.012375
-0.013527
-0.013197
-0.014665
-0.015261
-0.014501
-0.010275
-0.0035102
0.004659
0.01204
0.017375
0.019535
0.019719
0.024902
0.031662
0.035925
0.03592
0.03351
0.029707
0.019257
0.00068024
-0.015232
-0.023804
-0.027362
-0.025389
-0.020775
-0.017324
-0.017014
-0.018705
-0.018815
-0.016113
-0.012352
-0.011006
-0.0088913
-0.0068241
-0.0085978
-0.01019
0.00099738
0.0033489
0.0012196
0.00050307
-4.0583e-05
0.0025648
0.0057596
0.010485
0.016884
0.02455
0.034549
0.046034
0.05277
0.05342
0.050576
0.049763
0.046633
0.039347
0.023056
-0.0031961
-0.026839
-0.03404
-0.03166
-0.028518
-0.028225
-0.030026
-0.031336
-0.029845
-0.024734
-0.020854
-0.022649
-0.021084
-0.022564
-0.024008
-0.023669
-0.019131
-0.010389
-0.018337
-0.016128
-0.0079275
0.00069214
0.011357
0.018475
0.020319
0.023331
0.02977
0.035941
0.039616
0.039195
0.035456
0.031673
0.0267
0.01792
0.0069107
-0.0051284
-0.016151
-0.022846
-0.025045
-0.025083
-0.022461
-0.019444
-0.018226
-0.019085
-0.020098
-0.018406
-0.015076
-0.012755
-0.013409
-0.011941
-0.0024911
-0.0071455
-0.00917
-0.0088124
-0.010055
-0.0098156
-0.0081003
-0.0071681
-0.0034163
0.0017729
0.0071817
0.014305
0.022255
0.031498
0.041316
0.048421
0.050582
0.050307
0.049314
0.042865
0.036497
0.027486
0.016162
0.0038095
-0.0077003
-0.0173
-0.0233
-0.026713
-0.025873
-0.023376
-0.023922
-0.027813
-0.031682
-0.037052
-0.046922
-0.045812
-0.035218
-0.025827
-0.021491
-0.017547
-0.01542
-0.018056
-0.018516
-0.01852
-0.016624
-0.012272
-0.0060906
0.0023012
0.011092
0.01794
0.021123
0.023637
0.029757
0.035235
0.03729
0.037524
0.035594
0.032248
0.027944
0.020907
0.010277
-0.0017468
-0.012587
-0.020814
-0.025032
-0.025345
-0.023237
-0.020425
-0.018493
-0.019284
-0.020751
-0.02027
-0.018591
-0.021723
-0.014478
-0.011125
-0.0094494
-0.0099436
-0.010403
-0.011152
-0.012009
-0.013049
-0.013048
-0.011999
-0.0081934
-0.0037576
0.0017418
0.0076704
0.013683
0.021759
0.031353
0.041715
0.049561
0.051376
0.049814
0.046936
0.045085
0.040243
0.030723
0.018021
0.0038609
-0.0081624
-0.015215
-0.020176
-0.024247
-0.036094
-0.0598
-0.064489
-0.05137
-0.03268
-0.024974
-0.02011
-0.016853
-0.015602
-0.016621
-0.014489
-0.013629
-0.016012
-0.015696
-0.016441
-0.016344
-0.014807
-0.010917
-0.0055694
0.0024145
0.010769
0.017604
0.022359
0.024321
0.029841
0.036113
0.039365
0.038927
0.03528
0.031835
0.027902
0.020118
0.0087943
-0.0030778
-0.018122
-0.03703
-0.041863
-0.035552
-0.028294
-0.023081
-0.019177
-0.015541
-0.012082
-0.011567
-0.0088541
-0.0087587
-0.010457
-0.012103
-0.013524
-0.013549
-0.013463
-0.013949
-0.015969
-0.016029
-0.015974
-0.015255
-0.011771
-0.0071047
-0.0015607
0.0048752
0.013024
0.022539
0.032681
0.041872
0.04888
0.051791
0.049355
0.04717
0.044656
0.03856
0.024798
0.0017794
-0.018739
-0.026276
-0.026752
-0.027431
-0.029311
-0.031671
-0.032129
-0.030468
-0.027461
-0.021143
-0.017267
-0.019743
-0.018246
-0.015993
-0.01534
-0.012632
-0.010202
-0.011377
-0.012199
-0.01377
-0.013891
-0.013358
-0.0096441
-0.0031295
0.003793
0.011022
0.016873
0.020182
0.024373
0.029483
0.033738
0.035309
0.035314
0.033867
0.031454
0.026792
0.018093
0.00097896
-0.024059
-0.038287
-0.033836
-0.026877
-0.023144
-0.022178
-0.0203
-0.017941
-0.014196
-0.013075
-0.009603
-0.0060996
-0.0064972
-0.0072537
-0.0077054
-0.0087881
-0.010124
-0.010957
-0.011015
-0.011734
-0.012275
-0.012808
-0.01185
-0.0090671
-0.00438
-0.00011546
0.006181
0.013346
0.02306
0.033006
0.04169
0.050048
0.051867
0.049962
0.04754
0.046242
0.038912
0.021398
-0.0011798
-0.015572
-0.023872
-0.027058
-0.026885
-0.027554
-0.030335
-0.031425
-0.030118
-0.02734
-0.023602
-0.02368
-0.023498
-0.021247
-0.020654
-0.019791
-0.016785
-0.014829
-0.015968
-0.017096
-0.016771
-0.016376
-0.014302
-0.0093616
-0.0039546
0.0035424
0.011029
0.016748
0.019915
0.02364
0.03157
0.036466
0.03816
0.038014
0.035833
0.033104
0.029327
0.014428
-0.0119
-0.028406
-0.02939
-0.025536
-0.0222
-0.020462
-0.019035
-0.017158
-0.014482
-0.010604
-0.0099489
-0.0074327
-0.0057082
-0.007059
-0.0093768
-0.010416
-0.010677
-0.012325
-0.012407
-0.013689
-0.013737
-0.013585
-0.014312
-0.011737
-0.0075246
-0.0017814
0.0045225
0.012531
0.021416
0.030922
0.039902
0.047917
0.052028
0.060421
0.066917
0.058074
0.032849
0.0086051
-0.011466
-0.022163
-0.025895
-0.025703
-0.023729
-0.024051
-0.027566
-0.032078
-0.033169
-0.030838
-0.025083
-0.019266
-0.015763
-0.01808
-0.015414
-0.014695
-0.014334
-0.01429
-0.010384
-0.010609
-0.012591
-0.013295
-0.014141
-0.013207
-0.0098254
-0.0037633
0.0030936
0.010131
0.016998
0.020798
0.024782
0.029415
0.034062
0.047327
0.059439
0.049651
0.02188
-0.0044893
-0.022291
-0.029194
-0.02711
-0.022752
-0.019848
-0.019192
-0.019599
-0.019418
-0.016699
-0.013084
-0.010136
-0.0078372
-0.004646
-0.0056873
-0.0065271
-0.0067634
-0.0073897
-0.0075718
-0.0091617
-0.0091468
-0.011604
-0.01201
-0.013417
-0.012848
-0.010701
-0.0069578
-0.0020087
0.0044499
0.01281
0.022077
0.033124
0.044999
0.053573
0.052025
0.046428
0.043474
0.039822
0.03235
0.015253
-0.0012945
-0.013163
-0.022017
-0.024084
-0.025558
-0.029678
-0.033613
-0.033085
-0.030371
-0.025134
-0.018597
-0.016653
-0.017544
-0.017037
-0.016149
-0.015313
-0.013984
-0.010977
-0.01286
-0.014017
-0.015954
-0.017306
-0.015509
-0.01139
-0.0052427
0.0021941
0.010586
0.016718
0.019408
0.022377
0.027194
0.032413
0.035801
0.037109
0.034336
0.030643
0.025802
0.017854
0.0071193
-0.0039198
-0.013683
-0.020772
-0.024066
-0.024916
-0.027136
-0.03632
-0.036517
-0.025056
-0.016747
-0.0093737
-0.0040597
-0.0041957
-0.0060079
-0.007864
-0.0085073
-0.0091391
-0.0091721
-0.010565
-0.01141
-0.011393
-0.012055
-0.010159
-0.0065274
-0.0017406
0.0044452
0.01228
0.021755
0.032562
0.042405
0.050074
0.05193
0.048754
0.046008
0.041151
0.034869
0.026885
0.016122
0.0046625
-0.0056331
-0.013634
-0.020497
-0.024327
-0.025323
-0.025806
-0.027641
-0.030672
-0.03982
-0.058979
-0.061309
-0.043187
-0.02865
-0.02029
-0.015209
-0.012284
-0.013539
-0.015545
-0.016189
-0.016538
-0.016369
-0.011581
-0.0046955
0.0024746
0.0098294
0.015885
0.020465
0.023714
0.029715
0.035216
0.036355
0.034472
0.032132
0.030953
0.028168
0.021226
0.0093848
-0.0038215
-0.013672
-0.019388
-0.023082
-0.023817
-0.021936
-0.020078
-0.019741
-0.020075
-0.01883
-0.016504
-0.014272
-0.013146
-0.0086126
-0.011801
-0.012342
-0.011901
-0.011049
-0.012821
-0.012438
-0.011855
-0.011639
-0.0096704
-0.005984
-0.00051677
0.0061697
0.014409
0.022677
0.031491
0.039828
0.048529
0.052083
0.048865
0.04395
0.040146
0.036507
0.029323
0.018155
0.0048267
-0.0069994
-0.013795
-0.017779
-0.021322
-0.022677
-0.022995
-0.024643
-0.028122
-0.033413
-0.035959
-0.034312
-0.029418
-0.023014
-0.019371
-0.015453
-0.024484
-0.019038
-0.019439
-0.018309
-0.016834
-0.015017
-0.010699
-0.0050669
0.0030003
0.011182
0.016746
0.020883
0.023216
0.029609
0.035047
0.036976
0.035565
0.03198
0.028826
0.025563
0.019357
0.0091732
-0.0034067
-0.015614
-0.023913
-0.026397
-0.024239
-0.021914
-0.020625
-0.02031
-0.020725
-0.020147
-0.01868
-0.015795
-0.013068
-0.012418
-0.0097396
-0.0027879
-0.0048206
-0.0079975
-0.009521
-0.0106
-0.010317
-0.010833
-0.010271
-0.008662
-0.0056515
-0.00012327
0.0055144
0.013065
0.020811
0.029901
0.039312
0.048006
0.052379
0.049174
0.043064
0.038644
0.033815
0.027574
0.018031
0.0060064
-0.0050126
-0.013274
-0.019177
-0.021285
-0.022913
-0.0237
-0.024166
-0.026057
-0.029266
-0.03107
-0.029088
-0.025485
-0.020049
-0.021296
-0.016639
-0.020194
-0.022177
-0.021375
-0.017191
-0.017218
-0.014121
-0.0098469
-0.0038648
0.0037268
0.011108
0.016699
0.018659
0.022943
0.029129
0.034963
0.037884
0.036748
0.034189
0.031465
0.027196
0.01858
0.0081067
-0.0029638
-0.014101
-0.02234
-0.0262
-0.025468
-0.022438
-0.019942
-0.019005
-0.01975
-0.019257
-0.017806
-0.015683
-0.013621
-0.013698
-0.010207
-0.0051816
-0.011022
-0.015177
-0.013062
-0.013219
-0.011354
-0.010621
-0.0083949
-0.0051895
-0.00057808
0.0060469
0.013694
0.023398
0.032968
0.043491
0.049388
0.048515
0.04836
0.045668
0.043841
0.037243
0.026482
0.014016
0.0017128
-0.0085664
-0.017484
-0.024469
-0.025895
-0.02476
-0.024812
-0.026685
-0.031111
-0.03625
-0.037494
-0.034463
-0.025161
-0.021375
-0.021763
-0.017661
-0.018367
-0.019205
-0.017725
-0.013997
-0.016098
-0.015945
-0.015779
-0.017104
-0.016958
-0.015539
-0.010954
-0.0054007
0.0014118
0.0090878
0.016962
0.020659
0.024871
0.030387
0.034865
0.036274
0.03475
0.032754
0.031125
0.027153
0.018525
0.0069846
-0.0045582
-0.015509
-0.023629
-0.026549
-0.024944
-0.02159
-0.018775
-0.018717
-0.020018
-0.020275
-0.018524
-0.014265
-0.012937
-0.0084503
0.0023922
0.0014707
-0.0011011
-0.0024323
-0.0056139
-0.0077437
-0.0080872
-0.0071918
-0.0061583
-0.0025435
0.0019791
0.0082729
0.015189
0.022574
0.031294
0.038989
0.046373
0.050383
0.04871
0.04429
0.040185
0.037153
0.029767
0.018174
0.0049916
-0.0072013
-0.015125
-0.019346
-0.021892
-0.022943
-0.022673
-0.022572
-0.025139
-0.029241
-0.032278
-0.032276
-0.028748
-0.024405
-0.019953
-0.019499
-0.019019
-0.019531
-0.018502
-0.017926
-0.013864
-0.015093
-0.015125
-0.015396
-0.016925
-0.015844
-0.011742
-0.0052488
0.0023781
0.009785
0.016119
0.021037
0.023924
0.030764
0.034512
0.03625
0.03575
0.034471
0.032623
0.027567
0.018118
0.0071455
-0.0032595
-0.013794
-0.021599
-0.025353
-0.025105
-0.022879
-0.020686
-0.019437
-0.019489
-0.019323
-0.017606
-0.015165
-0.01333
-0.013327
-0.0091974
-0.0079414
-0.0091328
-0.010559
-0.012412
-0.013179
-0.013759
-0.013375
-0.014793
-0.014902
-0.01504
-0.01353
-0.011019
-0.0079743
-0.0022891
0.0048656
0.01231
0.020469
0.030425
0.040974
0.048611
0.049222
0.04739
0.046089
0.041323
0.036218
0.027738
0.016528
0.0047797
-0.0063415
-0.014511
-0.019446
-0.02174
-0.021762
-0.023141
-0.026423
-0.030717
-0.035172
-0.037387
-0.036037
-0.026747
-0.019776
-0.020364
-0.017243
-0.016447
-0.016702
-0.016091
-0.011872
-0.012926
-0.013542
-0.014136
-0.015549
-0.01621
-0.01543
-0.01106
-0.0053975
0.00047893
0.0075623
0.015679
0.019087
0.02253
0.028056
0.034364
0.038354
0.037912
0.034451
0.030577
0.02566
0.016878
0.0063241
-0.0041133
-0.014266
-0.022079
-0.026445
-0.025763
-0.027644
-0.038583
-0.039025
-0.027433
-0.015034
-0.0067984
-0.0010233
-0.0017513
-0.0027929
-0.0032208
-0.0045549
-0.005419
-0.0070111
-0.0087098
-0.010374
-0.010715
-0.010136
-0.0084458
-0.0047128
-0.00010198
0.0058411
0.01335
0.023827
0.034056
0.043855
0.0698
0.095716
0.095083
0.064388
0.028647
0.0013651
-0.015794
-0.023251
-0.024615
-0.022809
-0.02089
-0.021736
-0.025286
-0.029523
-0.03231
-0.03084
-0.026038
-0.019603
-0.020743
-0.020609
-0.018646
-0.018022
-0.018387
-0.016396
-0.013553
-0.015795
-0.016026
-0.0094416
-0.0084435
-0.002489
0.0072274
0.016028
0.019992
0.023963
0.029797
0.035536
0.037
0.036396
0.034024
0.031541
0.027422
0.019892
0.008406
-0.0035716
-0.014416
-0.023484
-0.027462
-0.025081
-0.021677
-0.019946
-0.023061
-0.032223
-0.034631
-0.023008
-0.012464
-0.008154
-0.0070225
-0.0079624
-0.0091977
-0.011237
-0.012562
-0.014751
-0.014455
-0.014391
-0.012682
-0.010911
-0.0076429
-0.0026506
0.0038041
0.010996
0.018755
0.030327
0.039977
0.047689
0.04904
0.045039
0.042183
0.039994
0.035656
0.027591
0.016226
0.0041927
-0.01056
-0.033468
-0.045646
-0.045631
-0.04166
-0.036146
-0.029611
-0.02466
-0.018529
-0.017336
-0.021193
-0.019417
-0.019224
-0.01854
-0.016158
-0.011119
-0.012646
-0.013605
-0.014817
-0.016383
-0.014665
-0.010262
-0.0040027
0.0038406
0.011479
0.016591
0.020345
0.022111
0.028605
0.033943
0.034874
0.034218
0.036507
0.036632
0.023331
0.00041237
-0.016761
-0.026136
-0.026331
-0.022542
-0.020308
-0.019855
-0.020143
-0.019363
-0.017488
-0.014879
-0.010884
-0.010174
-0.0080388
-0.0050541
-0.0061653
-0.0075599
-0.0075383
-0.0082501
-0.0090708
-0.0099965
-0.011305
-0.012009
-0.01118
-0.011134
-0.0097227
-0.0055947
0.00060697
0.0069559
0.038039
0.086958
0.10704
0.092003
0.068244
0.045835
0.029485
0.014208
0.0023519
-0.0081924
-0.016126
-0.020534
-0.023118
-0.025038
-0.026032
-0.027581
-0.03109
-0.034412
-0.034958
-0.034372
-0.028535
-0.022072
-0.021188
-0.018016
-0.015618
-0.015634
-0.015122
-0.011226
-0.011372
-0.012606
-0.013489
-0.014383
-0.014881
-0.013516
0.0041725
0.025796
0.041415
0.045656
0.044548
0.040143
0.037447
0.034884
0.030474
0.024764
0.016672
0.0065744
-0.0035674
-0.013168
-0.020128
-0.024795
-0.025496
-0.022409
-0.019674
-0.019257
-0.020816
-0.020876
-0.019696
-0.017628
-0.014405
-0.013597
-0.0094401
-0.0081537
-0.0098276
-0.011072
-0.011952
-0.012969
-0.013888
-0.014679
-0.016633
-0.015814
-0.010351
-0.0083577
-0.002013
0.0090038
0.01865
0.029374
0.039855
0.048156
0.052497
0.050193
0.044669
0.039983
0.03574
0.027595
0.0163
0.0040059
-0.0090787
-0.017857
-0.021183
-0.024316
-0.02651
-0.026414
-0.026867
-0.0301
-0.034205
-0.035207
-0.033027
-0.026753
-0.019431
-0.016643
-0.017889
-0.0149
-0.014154
-0.013566
-0.011463
-0.0083377
-0.010122
-0.011838
-0.013796
-0.014146
-0.013262
-0.00909
-0.0032581
0.003013
0.010658
0.017431
0.020959
0.024987
0.029555
0.033262
0.035467
0.035717
0.032773
0.029104
0.024345
0.017858
0.0077516
-0.0034508
-0.014899
-0.022534
-0.025684
-0.029831
-0.042616
-0.043029
-0.031
-0.021288
-0.011963
-0.0052361
-0.0040411
-0.0046708
-0.0052145
-0.0069156
-0.0082507
-0.0084669
-0.010916
-0.012446
-0.012761
-0.01311
-0.01259
-0.010442
-0.0073678
-0.0022635
0.0043457
0.011627
0.021211
0.030947
0.038449
0.046563
0.052306
0.052231
0.047554
0.03992
0.034083
0.02702
0.016254
0.0039759
-0.0080955
-0.016993
-0.022293
-0.023571
-0.023413
-0.024376
-0.026274
-0.028741
-0.031675
-0.032807
-0.03182
-0.026108
-0.018669
-0.01706
-0.018725
-0.017203
-0.016686
-0.016819
-0.017134
-0.012518
-0.012827
-0.014089
-0.014003
-0.015788
-0.014751
-0.01153
-0.0048883
0.0029358
0.010904
0.016978
0.02058
0.024199
0.029918
0.03382
0.035125
0.035746
0.034074
0.030542
0.025424
0.017866
0.0071257
-0.004027
-0.013327
-0.020523
-0.025382
-0.025135
-0.021999
-0.019227
-0.018078
-0.019206
-0.020016
-0.019563
-0.017524
-0.01489
-0.014231
-0.0097107
-0.0072782
-0.0076795
-0.0086222
-0.0091739
-0.010174
-0.010924
-0.012306
-0.014213
-0.013456
-0.014023
-0.012291
-0.0096965
-0.0058255
-0.001075
0.0047453
0.01321
0.02285
0.032364
0.040874
0.048459
0.051343
0.049664
0.047241
0.043096
0.039144
0.030626
0.018404
0.0054928
-0.0055181
-0.014427
-0.019622
-0.022209
-0.024885
-0.025472
-0.02596
-0.030242
-0.035573
-0.037415
-0.033076
-0.025053
-0.021557
-0.020376
-0.017654
-0.016717
-0.017086
-0.015753
-0.012125
-0.013589
-0.008536
-0.017079
-0.014788
-0.0083578
0.0019296
0.011111
0.017418
0.021576
0.025505
0.029732
0.034303
0.037449
0.037187
0.033927
0.029969
0.024982
0.017755
0.0080054
-0.0040996
-0.015665
-0.024547
-0.02838
-0.026795
-0.02341
-0.021217
-0.021517
-0.023396
-0.024289
-0.022699
-0.017591
-0.01409
-0.0094443
-0.0040282
-0.0028935
-0.0043809
-0.0069896
-0.0094265
-0.0098555
-0.0089329
-0.0075489
-0.0042963
0.00028792
0.0052429
0.009692
0.013624
0.016161
0.019345
0.022645
0.027427
0.032371
0.035488
0.0331
0.021967
0.0026126
-0.016093
-0.027534
-0.033023
-0.032735
-0.028608
-0.026054
-0.026648
-0.027681
-0.026711
-0.02215
-0.018188
-0.016695
-0.012296
-0.010949
-0.010387
-0.014311
-0.016267
-0.014178
-0.013372
-0.011772
-0.0098448
-0.0083224
-0.0074237
-0.0045278
-0.00072809
0.0044893
0.010751
0.016061
0.019977
0.022661
0.027483
0.034687
0.038947
0.042566
0.046598
0.052659
0.047874
0.030013
0.0060565
-0.015442
-0.028405
-0.033849
-0.031085
-0.025137
-0.022301
-0.023979
-0.026038
-0.025541
-0.021365
-0.016361
-0.012106
-0.0082346
-0.006738
-0.0063806
-0.0054603
-0.0060744
-0.005966
-0.0046688
-0.0059776
-0.0069342
0.0057662
0.013572
0.022632
0.023413
0.024503
0.026626
0.032483
0.038765
0.04201
0.041421
0.039411
0.035276
0.027357
0.01621
0.004679
-0.007612
-0.018561
-0.026959
-0.031895
-0.03384
-0.032524
-0.02975
-0.029643
-0.032719
-0.032693
-0.029685
-0.026747
-0.021463
-0.018575
-0.026576
-0.027666
-0.020734
-0.016975
-0.01381
-0.012087
-0.0083274
-0.0030051
0.0021639
0.008612
0.016498
0.022578
0.027552
0.030283
0.035462
0.040581
0.045004
0.048018
0.050718
0.048498
0.042137
0.033674
0.02282
0.0091734
-0.0052846
-0.017355
-0.026023
-0.030375
-0.032073
-0.031109
-0.026959
-0.023352
-0.02334
-0.025293
-0.026281
-0.024395
-0.018881
-0.014631
-0.0097103
-0.0088152
-0.0028937
-0.012518
-0.015686
-0.012498
-0.0067383
-0.0034517
8.4806e-05
0.0041229
0.0098674
0.014062
0.017708
0.020729
0.026455
0.034533
0.041284
0.044157
0.042705
0.040285
0.035483
0.027328
0.016528
0.0043781
-0.0072795
-0.017975
-0.026937
-0.032944
-0.033565
-0.031015
-0.029912
-0.032039
-0.033554
-0.032971
-0.030421
-0.026975
-0.023828
-0.021083
-0.021555
-0.023363
-0.025013
-0.02154
-0.020743
-0.018051
-0.016955
-0.016647
0.00044624
0.0087889
0.020242
0.027849
0.032329
0.036064
0.040278
0.044287
0.050257
0.054572
0.055968
0.05244
0.047285
0.039141
0.026787
0.012595
-0.0030337
-0.016162
-0.025161
-0.030353
-0.032446
-0.030028
-0.024724
-0.022482
-0.025146
-0.027365
-0.027509
-0.023494
-0.01762
-0.01336
-0.0094787
-0.010258
-0.010254
-0.01368
-0.013006
-0.013
-0.01517
-0.01498
-0.013199
-0.010115
-0.0071394
-0.005064
-0.0017923
0.00343
0.0084788
0.012529
0.016681
0.020935
0.027306
0.034898
0.040047
0.040571
0.041089
0.040318
0.031643
0.012356
-0.013325
-0.027849
-0.034049
-0.033869
-0.030799
-0.029049
-0.028628
-0.028142
-0.026349
-0.025193
-0.020448
-0.018658
-0.019039
-0.020457
-0.02192
-0.020364
-0.019575
-0.019044
-0.016439
-0.01599
-0.013008
-0.010192
-0.0076916
-0.004186
0.00042995
0.0075088
0.016565
0.022718
0.027333
0.031829
0.039171
0.04676
0.051803
0.055784
0.057781
0.05193
0.042579
0.032561
0.022309
0.010509
-0.011226
-0.043317
-0.05559
-0.049735
-0.041527
-0.034805
-0.028269
-0.020251
-0.013591
-0.0096321
-0.008043
-0.009199
-0.010281
-0.009069
-0.010144
-0.010651
-0.012102
-0.012159
-0.010764
-0.009005
-0.0056391
-0.002555
0.00088724
0.0051268
0.010523
0.013427
0.015825
0.019037
0.024833
0.032089
0.037555
0.040403
0.040731
0.039718
0.035073
0.027221
0.017192
0.0070298
-0.0033714
-0.014278
-0.024605
-0.030927
-0.032156
-0.030756
-0.029885
-0.030595
-0.031349
-0.032785
-0.031458
-0.028271
-0.024736
-0.022541
-0.025021
-0.028306
-0.027149
-0.02638
-0.024724
-0.023832
-0.021965
-0.018359
-0.018681
-0.017033
-0.013429
-0.0093374
-0.0046987
0.0011458
0.0085538
0.017481
0.023694
0.029494
0.034639
0.037443
0.043842
0.051931
0.056555
0.055776
0.048783
0.037379
0.023308
0.0097177
-0.0037428
-0.015673
-0.023379
-0.027944
-0.029472
-0.026758
-0.024225
-0.025594
-0.02821
-0.031157
-0.027761
-0.021665
-0.014612
-0.010086
-0.0067047
-0.0057333
-0.0073513
-0.0088884
-0.0081495
-0.0094673
-0.011051
-0.01064
-0.01001
-0.0078743
-0.0054876
-0.0023987
0.0012882
0.0057935
0.010937
0.015136
0.018318
0.02055
0.023114
0.025699
0.030979
0.036875
0.03887
0.038285
0.034488
0.028273
0.01841
0.0070553
-0.0030181
-0.013055
-0.022803
-0.028495
-0.03893
-0.059926
-0.063189
-0.050162
-0.034439
-0.02325
-0.020196
-0.020269
-0.02187
-0.021466
-0.01994
-0.019173
-0.018268
-0.016704
-0.013701
-0.011134
-0.010016
-0.0064976
-0.0035239
0.0018164
0.0091579
0.017211
0.024152
0.031676
0.037859
0.042235
0.045988
0.053975
0.06042
0.060102
0.051462
0.037568
0.024668
0.010752
-0.0032136
-0.013157
-0.021
-0.027186
-0.027608
-0.024842
-0.02423
-0.029158
-0.034501
-0.0341
-0.029706
-0.021425
-0.015289
-0.0073169
-0.0040735
-0.0033133
-0.0045543
-0.0055247
-0.0070039
-0.010603
-0.011181
-0.010204
-0.0092619
-0.0078322
-0.006706
-0.0034077
0.0010023
0.0071465
0.013797
0.019172
0.020962
0.019818
0.021309
0.025907
0.032477
0.036283
0.0376
0.03567
0.031487
0.024723
0.016033
0.0056896
-0.00678
-0.017188
-0.024435
-0.029186
-0.029064
-0.024317
-0.02166
-0.023716
-0.025761
-0.026837
-0.026731
-0.023064
-0.019939
-0.02041
-0.021647
-0.022292
-0.022779
-0.02229
-0.020759
-0.019406
-0.017701
-0.016172
-0.01398
-0.010814
-0.0081455
-0.0045593
-0.00095358
0.0029401
0.009577
0.016889
0.023741
0.031677
0.03681
0.038832
0.042319
0.05037
0.056036
0.053177
0.047285
0.036484
0.024174
0.010282
-0.0048173
-0.017842
-0.025809
-0.028181
-0.026141
-0.022562
-0.022634
-0.026654
-0.032084
-0.032649
-0.027749
-0.019224
-0.010833
-0.0067403
-0.00086292
-0.00082034
-0.0016832
-0.003886
-0.0033831
-0.0037859
-0.0050207
-0.0052486
-0.0050849
-0.0043591
-0.0031003
3.0949e-05
0.0041631
0.0093432
0.015895
0.021254
0.024573
0.025089
0.024532
0.02594
0.030026
0.033997
0.034411
0.032488
0.029072
0.023738
0.014309
0.0029137
-0.0090746
-0.019725
-0.02723
-0.029796
-0.026983
-0.022933
-0.022261
-0.024809
-0.027424
-0.027523
-0.024821
-0.021025
-0.018717
-0.018343
-0.017881
-0.017878
-0.016744
-0.016206
-0.014331
-0.014938
-0.01302
-0.012342
-0.010195
-0.0093144
-0.0078296
-0.0050393
9.5373e-05
0.0045627
0.010952
0.01875
0.025344
0.028747
0.031974
0.034331
0.038556
0.045603
0.048252
0.04661
0.041382
0.032529
0.021324
0.0089633
-0.0051904
-0.017633
-0.02649
-0.031
-0.02934
-0.024905
-0.023548
-0.026961
-0.031417
-0.031297
-0.025605
-0.017405
-0.0094661
0.00021914
0.0045272
0.0045626
0.0019385
0.00045945
-0.00078205
0.0010388
-0.0017548
-0.0033873
-0.004204
-0.0036842
-0.001288
0.0012317
0.0056189
0.01102
0.015846
0.020273
0.025026
0.027208
0.028361
0.030362
0.033136
0.035011
0.034687
0.032984
0.02974
0.023847
0.014347
0.0025635
-0.01016
-0.020703
-0.0269
-0.030097
-0.027992
-0.024123
-0.024555
-0.028467
-0.029179
-0.027891
-0.024397
-0.020149
-0.018337
-0.016891
-0.015074
-0.013717
-0.011756
-0.012685
-0.012188
-0.01153
-0.010324
-0.0078263
-0.0077086
-0.0090252
-0.007385
-0.0047434
-0.00036979
0.0042763
0.011181
0.018489
0.023239
0.026558
0.030582
0.033215
0.036012
0.039346
0.041089
0.038585
0.034517
0.029079
0.017913
0.0053385
-0.0079304
-0.019709
-0.028112
-0.032121
-0.031329
-0.0258
-0.02187
-0.023134
-0.025797
-0.026956
-0.024873
-0.021233
-0.011744
-0.0030254
-0.0022184
-0.0024235
-0.0029381
-0.0045845
-0.0032676
-0.0035205
-0.0054237
-0.0083335
-0.0085043
-0.0058843
-0.0037668
-0.00029499
0.0045535
0.0095858
0.014236
0.018592
0.021176
0.022023
0.02199
0.02392
0.029586
0.035192
0.036599
0.03415
0.030052
0.023761
0.014875
0.0041323
-0.0078618
-0.018753
-0.02629
-0.027816
-0.025938
-0.026299
-0.029156
-0.030727
-0.029968
-0.028843
-0.024879
-0.020825
-0.019179
-0.018506
-0.015723
-0.013168
-0.013065
-0.012017
-0.01141
-0.010938
-0.009651
-0.010112
-0.0084856
-0.008836
-0.006615
-0.0060478
-0.0016951
0.0040494
0.011994
0.018668
0.023247
0.027303
0.030285
0.033556
0.037058
0.039469
0.040043
0.038298
0.034675
0.030749
0.022322
0.0089314
-0.0051097
-0.018342
-0.027986
-0.032899
-0.034849
-0.032328
-0.025851
-0.021947
-0.02222
-0.022385
-0.0235
-0.019922
-0.013704
-0.0082794
-0.004601
-0.0054752
-0.0054652
-0.0071464
-0.0079652
-0.0080745
-0.0078705
-0.0092717
-0.0094529
-0.0067274
-0.003639
-0.00099967
0.002259
0.0063188
0.011517
0.016908
0.021652
0.022786
0.024812
0.029964
0.036442
0.040651
0.040951
0.039567
0.037551
0.030879
0.021441
0.010922
-0.0012212
-0.013965
-0.022705
-0.024436
-0.020764
-0.019128
-0.021961
-0.025226
-0.026718
-0.025059
-0.019923
-0.01328
-0.0082819
-0.004905
-0.0040694
-0.005371
-0.0076804
-0.010259
-0.012286
-0.013097
-0.012361
-0.010852
-0.0094293
-0.0082775
-0.0079988
-0.0076722
-0.0069339
-0.0052419
-0.0036586
-0.0028005
-0.0021871
-0.0022264
-0.0025525
-0.0031123
-0.0037718
-0.0046785
-0.0063342
-0.0078351
-0.0082166
-0.0073905
-0.0061932
-0.0045327
-0.0026981
-0.001666
-0.0015473
-0.0014067
-0.00074975
-0.00031289
-0.00036086
-0.00066204
-0.0011548
-0.0017371
-0.002139
-0.0019582
-0.00078293
-5.4879e-05
0.00012342
0.00018975
0.000595
0.0010213
0.0011634
0.00094476
0.00065568
0.00056552
0.00059759
0.00059576
0.00069678
0.00085572
0.00061958
0.00029723
0.00015472
0.00026532
0.00056723
0.00085698
0.0010394
0.00097287
0.00059732
0.00031703
0.00048232
0.0007727
0.00088431
0.00082345
0.00044578
-0.00016939
-0.00062864
-0.00073712
-0.00062805
-0.00042199
-0.00019065
-1.6108e-05
0.00013089
0.00023464
0.00019479
0.00018066
0.00021435
0.00012979
5.9212e-05
2.69e-05
-3.5184e-05
-6.6886e-05
-5.8789e-05
3.4717e-05
0.00028732
0.00042804
0.00020487
-2.5779e-05
-0.00011016
-0.00024216
-0.00023421
-5.532e-05
4.7674e-05
6.4077e-05
-1.8399e-05
-2.9648e-05
0.00013136
0.00011639
6.0606e-07
-0.00010506
-0.00029072
-0.00016396
5.624e-05
6.9437e-05
0.00028769
0.00046401
0.00031714
8.2345e-05
-6.9203e-05
-0.00015348
-0.00033578
-0.00037544
-0.00018461
-0.00011941
8.0164e-05
0.00055572
0.00048431
-0.00014993
-0.00043241
-0.00027331
4.7723e-05
0.00037833
0.00046432
0.00032811
5.1612e-05
-0.00027741
-0.00047965
-0.00048146
-0.00035715
-0.00020578
9.4319e-05
0.00037254
0.0004844
0.0003005
-0.00018995
-0.00039464
-0.0001848
-2.9151e-06
-0.00011688
-0.00016013
-3.8709e-05
-0.00017536
-0.00027524
-9.3872e-05
1.9506e-05
-8.7676e-05
-0.00018609
-0.00012445
2.7354e-05
0.00013114
0.0001086
-1.9094e-05
-7.3573e-05
-2.8798e-05
1.0805e-05
1.5808e-05
-0.00013463
-0.00017853
-2.8563e-05
4.5129e-05
8.6879e-05
6.4396e-05
-3.2072e-05
-1.314e-05
0.00011429
0.00016788
7.1487e-05
-9.4684e-05
-0.00015662
-0.00015559
-0.00024218
-0.00029513
-0.00019732
1.4151e-05
0.00016632
4.0175e-05
-0.00016305
-0.0001552
-3.5636e-05
7.8245e-05
8.9434e-05
4.1133e-05
1.3464e-05
-9.2113e-05
-0.00018667
-0.00010335
5.9703e-05
8.6165e-05
-3.2748e-05
-0.00016288
-0.00031387
-0.00042383
-0.00034297
-9.4055e-05
0.00011005
4.5814e-05
-9.6008e-05
-0.00019606
-0.00029004
-8.5756e-05
0.00010582
-0.00010375
-0.00020681
2.4746e-05
0.00026993
0.00035956
0.00010598
-0.00029568
-0.00049236
-0.00045812
-0.00024164
-0.0001354
-8.0694e-05
7.5986e-05
7.9562e-05
6.2734e-06
-3.953e-05
-9.1333e-05
-7.0633e-05
3.1503e-05
8.3759e-05
0.000172
0.00019065
4.6452e-05
-1.416e-05
-0.00012511
-0.00032043
-0.00029584
-2.32e-05
0.00015976
8.7516e-05
-0.00011444
-0.00018485
1.9271e-05
0.00020968
0.00023269
-3.7871e-05
-0.00043565
-0.00036349
-7.6846e-05
-0.00012923
-0.00010354
0.00019453
0.00034779
0.00022941
-3.7689e-05
-0.00013323
-0.00026012
-0.0004131
-0.00015494
-1.4442e-05
-7.1881e-05
5.0516e-05
0.00012191
6.55e-06
-0.00025267
-0.00041716
-0.00026565
4.2229e-05
0.00039319
0.00039216
-6.4694e-05
-0.00015622
8.6963e-05
0.00012893
-4.6114e-05
-0.00038346
-0.00044286
-7.2627e-05
0.00021892
5.7189e-05
-0.0001081
-1.0881e-05
4.3395e-05
0.0001276
0.00015797
-1.5292e-06
-0.00014969
-2.6938e-05
0.00014084
-1.8473e-05
-0.00025378
-0.00022897
-1.7108e-05
0.00023178
0.00028362
-4.6142e-05
-0.00025308
-0.00016572
9.3621e-06
0.00023193
0.00022701
0.00017675
0.00014452
-0.00010953
-0.0002505
-0.00015784
-3.8243e-05
-7.5891e-05
-0.00022986
-0.00014762
0.00011868
0.00011994
-3.362e-05
3.9026e-05
0.00012762
5.4201e-05
5.7244e-05
0.00011353
4.4401e-05
-0.00015685
-0.00031182
-0.00023701
-9.8772e-05
-4.6426e-05
-5.2204e-05
-7.8944e-05
-8.9448e-06
0.00010819
0.0001744
0.00013716
-4.8999e-05
-0.00018185
-0.00019349
-0.00019189
-0.00014923
3.4071e-05
0.00019767
0.0001588
5.4947e-05
-7.848e-05
-0.00026864
-0.00033951
-6.1494e-05
0.0002012
4.4118e-05
-0.00010931
-0.00010871
-0.00016149
-0.00014158
-8.9869e-05
-7.3619e-05
-6.4344e-05
4.4593e-06
0.00019827
9.8701e-05
-0.00037434
-0.00047659
-0.00022486
-6.3972e-05
4.8223e-05
0.00018291
0.00030949
0.00023662
-1.6677e-05
-0.00021559
-4.7399e-05
0.00015843
5.4347e-05
2.3604e-05
-6.4063e-05
-0.0001965
-9.2124e-05
-2.421e-05
-2.0516e-05
0.00019329
0.00024985
-2.3805e-05
-0.00017157
-9.5469e-05
2.347e-05
-4.5828e-05
-0.00019928
-0.00023624
-0.00018737
-5.2434e-05
0.00010496
0.00014299
9.2468e-05
7.6736e-05
-3.6628e-05
-4.6529e-05
0.00010365
8.2092e-05
-2.8957e-06
-7.8713e-05
-9.9599e-05
-7.5343e-05
-0.00016383
-0.00011026
0.00010613
0.00011172
-4.1058e-05
-0.00011788
-6.9749e-05
-4.2203e-05
-0.00013312
-0.00013363
8.236e-05
0.00025405
0.00012106
-0.00010847
-0.00024926
-0.00023841
-4.1981e-05
0.00016481
0.00020016
2.2013e-05
-0.00011228
-7.5167e-05
-5.0936e-05
-8.0693e-05
-7.4302e-05
-1.8784e-05
2.3512e-05
4.4737e-05
0.00014818
0.00017496
-2.9075e-05
-0.0002828
-0.00039349
-0.00024156
7.6009e-05
0.00026051
0.00018154
2.1667e-05
-1.4246e-05
2.3227e-05
-2.5546e-05
-4.2953e-05
-3.9071e-07
-9.2931e-05
-0.00028241
-0.00025366
4.3004e-05
0.00021272
0.00016216
0.00016419
0.00014824
9.1139e-06
-6.9426e-05
-9.2978e-05
-0.00012967
-5.8604e-05
5.1615e-05
1.5175e-05
-6.1824e-05
1.8858e-05
0.00013468
2.6482e-05
-0.0002167
-0.00018677
2.9998e-05
4.339e-05
4.8373e-05
0.00012353
0.0001255
-2.2133e-05
-0.00017799
-0.00014385
-2.6104e-05
0.00017567
0.00020177
4.7945e-05
-1.8014e-05
-0.00017913
-0.00021345
4.0335e-06
0.00013474
9.2271e-05
-7.053e-05
-0.00018335
-0.00013303
1.2506e-05
9.2713e-05
0.00014417
9.0912e-05
-8.3475e-05
-7.3559e-05
3.1913e-05
6.3402e-05
4.3463e-05
-8.1779e-05
-0.00019408
-0.00015988
3.2378e-05
0.00023665
0.00019384
4.4082e-06
-8.2851e-05
-9.1373e-05
-0.00014259
-0.0001615
-6.903e-05
6.5505e-06
0.00011858
0.00028204
0.00017873
-3.2417e-05
-5.8557e-05
-6.4763e-05
-0.00014877
-0.00012265
-3.4641e-06
4.7034e-05
8.023e-05
0.0001053
6.0858e-05
-3.8027e-05
4.7803e-06
0.00025528
0.00029893
-6.9461e-05
-0.00037209
-0.0002688
-8.2331e-05
-0.00011733
-7.2275e-05
0.00020335
0.00025336
-5.3961e-05
-0.00022322
-3.1782e-05
0.00019433
0.00016654
-7.2425e-05
-0.00022571
-3.3689e-05
0.00027513
0.00033782
0.00016001
-2.9118e-05
