-0.031388
-0.0085139
-0.015719
3.9216e-05
0.0364
-0.013037
-0.015877
-0.035549
0.013611
-0.043581
-0.054055
0.11618
0.32833
0.63807
1.8037
1.3573
0.65867
0.67614
-1.4535
-9.5209
-0.11455
-24.754
23.913
-16.233
16.067
-9.809
-9.821
-19.65
10.885
-14.052
-14.034
-9.6096
-5.8057
10.5
-26.438
16.444
5.9915
-3.2378
2.5609
0.7245
-0.6426
-0.1128
0.09012
0.69349
1.0319
0.16905
3.8002
-0.45825
0.97509
-1.594
-1.5922
-0.30306
0.99222
-22.859
10.449
1.4469
1.4062
3.7984
0.21868
0.15932
-0.29056
-0.28985
-0.059046
-0.097862
0.054698
0.24287
0.081749
0.083165
-0.090266
0.23838
-0.32105
-0.076895
-0.41158
0.079444
1.203
1.0716
-1.165
-1.1614
-0.60157
-0.53057
-0.72743
-0.72256
0.11939
-0.71706
0.75525
-0.35523
-0.35543
-0.077567
0.17015
0.34729
0.39348
-0.47677
27.929
-15.772
11.369
-15.412
-9.2944
-9.2337
-9.7671
-3.5851
-11.066
-6.4754
-11.62
-11.593
-11.725
5.8999
1.7463
-20.229
4.4558
-12.765
4.5088
4.5254
6.5839
-0.78171
-2.743
-1.9643
0.37082
2.5075
-0.36587
-1.24
-1.2326
-4.9344
0.29069
0.30893
-4.6731
-2.3387
-2.349
-3.6824
12.245
6.9212
-0.4164
-0.71708
-0.1176
0.0029184
0.080167
-0.22263
0.52402
-0.5755
0.1083
-0.19051
-0.011342
-0.025887
0.02395
-0.05879
-0.22805
-0.22605
-0.32454
0.27021
1.1255
-0.42053
-0.7041
-0.22195
-0.22063
-0.67587
0.36981
0.65107
0.64373
-0.79952
-0.21097
0.30805
4.9777
2.4961
2.4844
-1.4088
1.9155
0.77854
19.292
2.7282
-8.2971
-7.7678
-3.7977
-3.6743
-0.93476
-4.2325
-18.881
-2.5304
4.2601
3.9402
-11.639
19.46
-16.452
-16.591
12.335
11.43
1.1856
-0.22037
-0.19863
-5.1818
3.9491
2.8548
-3.5481
4.0442
-4.0477
2.5396
-4.5635
-4.3389
-2.4857
-3.065
-3.0981
-2.4953
-0.35005
-4.4696
2.3209
14.51
-1.8508
0.32325
-0.38753
0.45592
0.45419
-0.38383
0.098722
0.8035
-0.46426
0.65613
-0.96479
0.10725
-0.20104
-0.23685
-0.16955
-0.38781
-0.21565
-0.21297
0.76016
0.5146
0.054828
0.24202
0.2424
0.81033
-0.40228
0.58849
-0.022484
-0.085521
0.15146
-0.31771
0.20352
-2.6663
-0.16731
2.1151
-0.35892
-0.13105
0.93977
-1.061
11.461
-16.946
13.997
-12.564
-15.676
5.7302
-22.473
-8.6131
6.4679
-30.382
20.948
16.117
0.21487
-0.60751
-0.12196
2.2275
-1.5272
-3.0961
1.313
1.4074
0.91841
0.14816
-2.6492
0.51219
-2.5886
-0.42601
-0.49865
-4.4739
-1.4357
-1.2147
-3.6116
1.0835
-2.5909
-2.5931
2.8827
7.6915
-1.1879
-0.21855
-0.2009
0.19318
-0.23581
-0.23431
-0.17925
0.010153
0.41267
0.033152
-0.17552
0.1443
-0.41832
-0.43039
-0.43035
0.55398
0.81409
0.19221
0.66576
0.038272
-0.20078
-0.18614
-0.20187
-0.32224
0.17595
0.51532
-0.49058
6.2036
1.0895
-2.1821
2.3176
-0.3054
0.85833
0.86826
-0.97547
8.4367
8.4299
-10.067
-5.6817
10.604
-6.8444
-24.423
10.656
-27.835
11.231
10.646
-1.339
1.6852
-1.4511
0.26492
2.6706
-3.7957
0.97724
4.7079
3.2352
-0.32367
2.1516
-6.1015
-3.6271
-3.6743
-2.8625
-2.8474
-0.10117
-3.8879
-4.7884
-1.8995
1.8917
-1.2948
-1.2939
3.649
4.4887
-0.096997
-0.098313
-0.26314
0.66787
-0.69668
0.16632
-0.78092
0.76014
-0.6893
-0.3317
0.0040716
-0.2825
-0.52001
-1.3853
0.96509
0.96069
-1.2778
-1.2784
-0.24388
0.36053
-0.62621
1.0762
-1.3212
-0.12529
-0.13061
-0.38633
0.24899
-0.11847
4.6272
4.6273
-0.97151
-0.23792
0.36258
0.30212
0.67488
-1.6837
25.881
5.8129
-24.604
22.024
-7.6818
5.3035
-5.7662
6.2417
6.2323
2.9733
12.277
-20.583
6.0722
-5.2501
-5.9792
0.53668
-0.77743
-0.73927
-4.1259
-0.97059
-0.66696
1.0441
1.0409
-0.027465
5.0957
-0.91558
-2.6875
5.6282
0.54175
-2.2589
-2.5405
-7.2994
-8.929
-2.4272
-0.74011
-3.1075
-5.2413
2.5478
16.863
-2.1355
0.2763
-0.23325
-0.22975
-0.14083
0.35494
-0.092451
-0.10137
0.18972
0.1882
-0.11826
0.29636
-0.71858
0.12905
0.12776
0.2398
-0.3557
-0.68958
-0.69575
-0.91379
1.1227
-0.35389
-0.67848
-0.67637
-0.078782
-0.6171
-0.313
-0.044722
0.21281
0.21018
-0.41591
0.10694
-0.47301
0.20927
-0.41495
-0.013131
3.7455
0.022688
0.017
1.5491
1.7595
-0.63166
-0.63928
0.76056
13.2
-6.0769
7.149
7.3608
14.018
-25.63
-2.4539
1.6522
-28.153
-28.195
-30.487
19.082
-28.038
-27.847
-24.89
-1.3823
-4.061
1.7493
-0.1824
-1.4711
-3.5926
2.7155
-0.89038
-0.90419
8.4183
-1.8739
4.988
2.914
-2.2182
0.60063
-2.5543
-2.7968
-3.284
-3.3258
-0.76814
1.9441
1.9777
8.6086
-0.36177
-0.38942
-0.38619
0.28573
-0.047038
0.53048
0.52278
0.50545
-0.7253
0.067365
-0.20959
-0.030781
-0.087693
0.14456
-0.21154
0.89595
0.073102
-0.053852
-0.056286
-0.83108
-0.25706
0.55582
-0.3835
1.0951
0.26459
-0.58664
0.085904
-0.16456
-0.19112
0.13953
0.019946
-2.4122
-0.69763
-0.69694
0.12453
2.0731
-0.89616
-1.3982
7.4998
7.4414
-20.452
-5.0477
1.2623
-27.701
-4.6903
-4.6502
22.324
0.66378
14.501
6.4855
-4.7277
-5.6344
2.7637
2.747
2.1697
-0.089355
-0.42052
1.2469
1.2375
4.8144
0.67179
1.3243
-0.72163
-2.8165
0.6689
-6.4281
-1.9436
-1.3168
-0.99471
3.3269
-1.2958
-2.8889
0.4583
-0.17272
-0.3708
0.23839
0.094375
-0.56753
2.2107
-0.95025
0.09944
0.036401
-0.78181
0.0070256
-0.43578
-0.43492
0.0996
0.086577
0.092784
-0.035024
-0.27997
0.36797
-0.28865
1.5502
-1.4904
-1.4808
0.17709
0.85153
1.1486
-0.1391
-0.13619
-0.84242
1.1073
-1.0226
-0.46529
0.061239
-0.56472
0.81513
-1.7018
-0.24726
-0.89911
-0.4885
-0.48275
-13.304
5.0035
-3.4984
-3.3056
-2.3192
-24.651
16.083
-17.222
17.36
-21.679
-26.007
3.5881
3.0557
5.3502
5.5834
-6.4236
1.1853
-0.39989
-0.34526
0.9493
1.6038
0.00061985
-0.33933
-0.33469
1.4605
-5.2542
5.5135
5.4886
3.3264
-6.9579
-3.7825
4.3764
1.0776
-6.5244
-0.062782
-0.61139
0.3245
12.635
-1.3329
0.32625
-0.39772
-0.095604
-0.092413
0.2375
-0.04351
-0.31161
0.42044
-0.23827
-0.2365
0.30799
0.33674
0.66126
0.0054812
-0.11009
-0.20589
-0.20924
-0.93941
0.77921
1.0235
-1.8085
-0.3117
-0.30931
-0.24893
-0.5048
-0.19243
0.27244
0.1047
0.10403
0.10373
-0.17405
-0.1892
0.082188
0.082088
-0.17264
0.063022
-0.087186
-0.087715
-0.35917
-1.2531
-0.28918
-0.29213
0.27658
16.27
-4.3887
-2.4401
1.3977
-27.81
-27.751
12.784
-6.0008
-28.586
-4.2526
-4.2401
8.0361
-22.86
-20.847
-20.77
5.4126
1.4807
0.79871
-0.91922
-0.87562
-0.54583
0.57115
1.9716
-0.046266
-0.041271
1.9641
-3.8638
4.1017
1.4041
2.7394
-3.3399
-1.1442
-7.6079
-0.68248
-4.8886
-1.877
-1.6443
-0.42369
1.1612
1.1369
-1.4558
-0.10671
0.244
-0.56389
0.26211
0.2626
0.76031
0.24702
0.60182
0.61818
-0.13429
0.62795
-0.20297
-0.38886
0.074123
0.039734
-0.00085511
-0.073169
-1.1912
0.4794
1.3709
-0.15339
-1.1996
-1.1968
-0.21233
0.35181
-0.43846
-0.30299
0.95553
0.94851
-1.0707
-0.44275
0.23424
0.27714
0.1111
0.13593
0.47322
-3.1672
-3.1632
1.6067
-0.652
-0.61978
0.10134
-1.0048
-1.0594
19.71
-18.094
2.2639
-15.58
-15.526
9.5483
-21.842
-19.088
-19.092
6.262
-9.9758
-9.4802
-19.308
13.956
13.293
9.8848
-0.88908
3.3462
1.8452
1.8926
-2.1208
1.6837
1.5002
3.035
3.0348
-1.2263
-1.8927
-0.54855
6.1479
-9.1038
-5.2185
1.2681
-4.9584
-4.985
-2.2518
-0.47197
1.8068
-2.3601
-2.3635
0.023075
0.35738
-0.10056
-0.091904
-0.088378
-0.44429
1.0286
-0.086454
0.014358
0.52323
0.42274
0.093796
-0.15815
-0.1572
-0.029204
0.020022
0.021906
-0.20391
-0.19991
-0.25412
1.4507
1.0339
0.87598
0.87102
-0.73639
-0.70396
0.95918
0.75515
0.75234
0.045795
0.045355
0.10221
-0.63399
-0.63176
0.46914
0.47628
-1.1424
-0.46001
-0.46295
-0.23094
-0.20428
-0.65214
-0.032445
-3.2363
17.275
8.5672
-9.4866
18.443
1.1602
-12.942
-4.2029
2.8814
-6.4626
-6.4273
17.518
16.061
-17.267
16.441
-22.954
22.11
-9.3078
7.3762
9.2838
-8.3278
2.7949
7.3687
-11.436
-11.479
8.8239
-6.0303
-6.636
-2.1493
-8.3971
5.1322
-1.8728
-1.5064
0.92239
0.93906
-3.8858
1.0369
-3.4633
-2.6425
-2.7891
-8.9411
-3.6695
18.82
-3.7783
0.14166
0.14477
-0.31577
-0.010859
0.1226
0.060503
-0.13117
0.5587
-0.2155
0.41113
0.44082
0.35208
-0.26883
-0.0075347
1.2701
1.2773
-0.22273
0.62779
0.58157
0.58304
3.3186
-1.3316
-0.45463
0.99736
0.98864
0.0033042
1.117
0.22474
0.22417
-0.19182
-0.18968
0.20106
0.24221
-0.022521
-0.63488
2.0498
2.2231
-2.3937
-1.1937
4.7259
4.8017
2.3063
10.588
-9.7448
4.1161
-0.044038
-31.317
0.38159
-1.8921
0.43581
-10.364
-3.0866
8.4638
-1.8378
-1.8071
-10.034
3.6069
-5.0879
6.3971
6.3207
-4.2297
5.8716
7.5275
-0.47692
-9.3342
-9.3609
9.4696
0.52961
-2.2094
8.214
8.2285
0.093457
5.7961
-1.122
-1.5953
-2.7966
-2.7541
-1.9899
-5.075
2.4455
2.5097
-0.54331
0.047099
0.33086
0.33203
0.077729
-0.1319
-0.12539
0.099449
0.32176
0.32343
-0.17597
-0.078854
0.40046
-1.6663
-1.7108
-0.86441
0.87686
-1.2209
-0.32047
-1.958
0.68972
-1.3746
1.6975
1.6876
1.2802
-0.36107
0.79807
-0.5096
0.35133
0.35083
0.10838
0.37573
0.072997
0.87339
-0.57164
0.58081
-0.74863
-0.17223
-0.22174
0.85809
-0.77621
-0.58294
-16.43
3.7444
-13.063
-2.3105
-3.3324
0.5704
-21.574
-21.588
3.8911
-36.03
8.1018
-5.7078
-5.9648
-10.333
-1.0284
-6.7704
-6.4071
-3.2821
-3.2346
-0.90958
-0.78583
1.3014
-0.06455
1.5332
-0.54007
-0.72339
0.24862
-0.25656
-0.25632
-0.76403
-0.81086
0.6276
-1.0966
0.7366
-2.014
0.85846
-0.074406
0.22639
0.12986
-0.063166
0.11556
-0.043907
-0.09187
-0.070184
-0.059032
0.13213
-0.042753
0.086821
0.031123
0.071729
-0.030941
-0.0088272
-0.00073258
-0.00044536
0.056134
0.093268
-0.11434
-0.024326
-0.020242
-0.020684
-0.1146
-0.03008
-0.079287
-0.091882
0.016435
-0.0066928
0.0027691
-0.055961
-0.056895
0.00927
0.020886
0.040873
-0.048098
-0.019394
0.0016954
0.012462
0.012829
-0.024815
0.092846
-0.057845
0.04304
-0.073053
0.10612
-0.060982
-0.035934
-0.034043
0.036959
0.016394
-0.0083191
0.013941
-0.0047035
0.054885
0.05509
0.024131
-0.018454
-0.038247
0.013827
0.043977
-0.065141
0.021439
-0.0062163
0.033558
0.033889
0.033838
-0.0065071
0.0303
-0.024595
0.00544
0.051369
0.013852
0.013647
0.023723
-0.014179
0.012894
0.030825
-0.056275
-0.015942
-0.024253
-0.0062304
0.001373
0.0034819
0.01575
0.016126
0.011739
0.0039935
0.014258
0.014752
-0.13412
0.035459
-0.0084494
-0.053881
-0.011346
-0.0105
-0.048315
-0.0075866
-0.0050888
0.025294
0.12225
-0.041033
0.06376
0.094415
0.0054243
0.0058493
0.072805
-0.064109
0.11932
0.0047899
-0.20338
0.050267
0.31044
-0.14049
-0.14149
0.042019
-0.074746
-0.15187
0.51093
0.023344
-0.1392
3.479
3.1074
14.65
14.641
6.6063
12.754
6.8085
4.8739
4.584
-4.2322
-8.0699
-21.403
-21.507
-1.8048
1.8079
-20.765
19.699
19.517
-5.1507
-2.1032
0.61562
1.2495
-0.42334
-0.42026
1.1434
2.6518
5.6506
-1.7212
-0.45185
0.43121
-0.63561
1.4943
0.46716
0.33878
0.90332
-0.11716
0.77932
-1.2748
-1.2756
-0.65343
-5.8798
5.1638
0.12872
0.12883
0.4666
-0.034428
-0.16874
-0.024766
0.26112
0.26245
-0.53222
0.29628
0.12012
0.066653
0.066319
-0.25169
0.22827
0.20548
-0.39552
0.058164
-0.45721
0.80377
0.81484
0.42769
-4.0488
2.85
0.74339
0.22229
0.22307
-0.16474
-0.22972
0.54539
0.54193
-0.34196
0.14132
0.035026
-0.66059
0.44661
0.44618
1.7217
-2.9106
2.4283
-1.4119
-1.4084
-0.28796
1.2036
9.1079
9.1769
6.6903
-3.5712
-15.068
16.722
-16.888
-17.066
-10.974
5.7638
-2.5748
-2.0378
-2.0601
-11.354
-6.3789
-7.7121
-7.8599
-5.7893
-7.0729
-1.6841
-0.16648
-0.16666
-0.5585
0.54147
0.106
-0.67077
-0.17836
-0.18802
0.049526
1.8514
0.16906
-1.483
1.4266
-1.2149
-0.22316
-0.46237
0.50631
-0.14464
4.9764
-1.017
-3.7129
-0.12902
-0.12946
-2.1988
-0.17132
2.3312
0.10054
3.6776
3.6826
0.049343
0.14345
-0.27766
0.0059593
-0.19112
0.15999
-0.075748
-0.14359
-0.14179
0.26782
-0.034628
0.075984
-0.028201
0.024388
0.025
0.026007
0.080859
0.14775
0.11803
0.11736
-0.18802
0.050952
0.049894
-0.011475
0.015093
-0.0089844
-0.026971
-0.037357
0.022186
-0.017167
0.00054492
0.011376
0.13195
0.13274
-0.096443
0.0059402
-0.049111
-0.084291
-0.0832
0.036475
0.0058963
0.052381
0.037274
0.037197
-0.050153
-0.0070596
0.0062408
0.017216
0.016854
0.0061504
0.014144
-0.028353
0.014504
0.01447
-0.0045262
0.0018861
-0.0056521
0.014449
0.014579
-0.014534
0.032072
-0.01688
-0.023876
-0.023894
-0.043325
0.014731
0.0018309
-0.0054945
-0.0054465
0.023909
0.015657
-0.057954
0.01464
0.014674
-0.033837
-0.014204
-0.013976
-0.015479
0.015702
-0.008322
-0.0055409
-0.015109
0.01485
0.013803
0.010803
-0.0166
-0.0062134
0.0053642
-0.0091323
0.014058
0.015386
0.0061971
0.026152
0.012418
0.013844
-0.0063696
0.0057646
-0.014362
0.014471
0.006348
-0.014773
0.011798
-0.0063452
0.0047054
0.004832
0.0031871
0.013575
-0.0052614
0.0052319
0.015692
-0.0088422
0.014706
0.0042964
0.015357
-0.014531
0.0014111
-0.006824
-0.0050994
0.0056651
0.0043761
0.0016131
0.012296
0.0046621
0.0061416
0.015388
0.014335
0.013715
-0.018088
0.0024729
0.01575
-0.014119
0.0050162
0.0018737
0.0041024
0.0042885
-0.0037234
0.013851
0.0014466
0.0027364
-0.0060713
0.0059492
0.0056747
0.011443
0.013501
0.0051009
0.016248
-0.0070839
0.0051102
0.0025109
0.004289
0.02643
0.006303
0.0022848
-0.005936
0.0054938
-0.0044087
-0.02538
0.020487
-0.016235
0.0052872
0.0050546
0.0061104
-0.017998
-0.027116
-0.004
0.014784
0.016189
-0.0077016
0.0036577
0.004862
0.0015356
0.0022719
0.0041661
-0.0036271
0.0021882
-0.0065673
-0.015603
-0.0034941
-0.0045328
0.010814
0.023267
0.0043528
0.025943
-0.013613
-0.017809
0.012133
0.0051889
0.0054217
0.014071
0.01183
-0.007753
0.022652
0.0056728
0.013595
-0.038779
0.0019584
0.032006
-0.018207
-0.048159
-0.030015
0.010139
-0.029243
-0.029829
0.069828
-0.030329
-0.050147
-0.029925
-0.00048887
-0.010269
-0.00067976
-0.12071
0.25972
-0.15114
0.26043
-0.081568
-0.060806
0.059372
-0.011197
-0.088932
0.069554
-0.32796
0.20377
-0.072816
0.029902
0.075585
0.04832
0.45702
0.15878
0.15951
1.2356
-0.77519
-0.50328
-0.29791
-0.29586
-1.1949
1.3666
-1.8212
-1.0626
3.4378
3.442
-0.08824
0.30387
-0.094688
-0.60282
0.26975
0.05572
-1.2859
3.0031
2.7464
0.16407
-3.1613
3.312
-2.8587
-2.8634
2.4083
-0.79081
-0.21482
0.45435
-0.42578
-0.42362
0.21238
-0.17447
-0.16439
0.28651
0.046227
-0.45525
0.89724
0.73079
0.73219
0.44412
3.4479
10.796
2.6813
2.7126
7.0115
-14.595
3.3759
-19.4
1.2709
1.2942
-4.0442
-22.538
-4.3964
-15.435
3.7441
10.735
10.982
14.149
-4.0796
-0.8292
-1.9438
-0.50109
-6.8375
3.2658
3.3692
0.51425
2.5222
-0.70693
0.72883
0.513
12.591
12.608
-3.9037
-4.3713
-1.868
2.4734
0.85797
0.91743
2.2308
-3.8594
-1.5558
-0.42579
1.7575
-0.0071787
-0.0071295
0.088222
0.029499
-0.067666
-0.03502
0.085771
-0.15014
-0.035398
0.21641
-0.14285
0.029147
0.012934
0.099629
-0.20034
0.53754
1.2048
1.2079
-1.46
-2.4293
-1.8974
0.69245
0.73568
-0.30736
-0.78718
-0.3509
0.68395
0.67849
-1.2173
0.098258
-0.27546
2.753
0.98158
0.97878
-1.1619
-0.17197
-5.0935
-5.0747
-1.2901
0.81429
0.15704
1.3436
1.6955
4.1297
16.556
9.8919
0.94703
0.76765
10.366
-21.606
-15.142
-5.5263
-31.519
5.75
-4.0976
-1.1117
13.702
18.845
-12.795
-22.011
-19.544
-19.762
4.614
7.3432
6.0178
-0.0087953
2.8042
4.1085
6.2362
-1.6778
2.3223
-1.672
-3.61
2.3187
-5.4252
1.6016
-0.7881
-1.2869
-4.7404
-4.7161
0.39536
0.52379
-7.0048
-6.9387
0.7441
-0.97963
1.0005
5.3788
0.049494
-0.56194
-0.80374
-0.80371
0.51879
0.081883
-0.68097
-0.68454
-0.74765
-0.0941
-0.12413
-2.9528
-1.4618
-1.4511
2.1735
0.65313
0.90302
0.98361
1.0616
-0.88843
1.9413
-2.0288
-1.9904
0.42798
6.2636
-2.3341
-0.41237
-0.40603
-1.6134
-2.0864
-0.53281
-1.2084
5.7963
5.7874
-5.9001
1.9401
-1.4697
-2.4364
-2.43
3.1007
2.4663
2.6966
-2.4794
-2.5291
9.6183
-16.6
-4.2041
-6.4215
-6.4922
-1.2424
1.445
2.2713
1.0559
1.0763
-0.047789
-1.6202
4.6594
-5.4989
-5.553
-5.0627
2.542
3.0825
3.0884
-4.656
0.6873
-0.46851
13.221
-5.3268
-5.3381
0.91594
-2.4113
4.9968
4.9747
0.46509
0.32663
-2.923
-1.999
-1.3995
-1.4114
-1.8566
1.725
-2.9461
6.0174
2.4067
-2.2496
-2.525
-1.4417
-3.0883
-0.48601
-0.47614
-0.37979
-1.1229
-1.6074
0.31033
-1.4472
-0.51478
-0.64282
-0.62835
-0.62766
0.020197
-0.64403
5.3807
1.7676
-2.8415
3.1198
4.9469
-0.12354
-0.12086
-0.331
0.36947
0.23883
0.88451
0.88715
1.3353
0.18502
0.15271
-0.22255
-0.65104
-0.64847
-0.81374
-0.8984
-0.054198
0.24371
0.24418
0.10984
-0.52223
0.23362
1.3998
1.4016
-0.034454
0.25021
-0.19089
0.22574
0.14362
-0.10774
-0.11332
-0.078452
-0.083025
-0.008747
0.73647
2.2214
3.0304
0.067752
0.069991
0.41258
-0.96047
0.41526
-0.36993
-0.94082
0.19133
0.19143
-0.44092
-0.16052
-0.16093
-0.3484
0.043012
-0.32367
1.4861
1.4889
-0.034946
-0.94418
-0.004777
-0.11185
0.059414
0.06098
-0.056359
-0.014304
0.055856
0.057416
0.070696
-0.0336
0.027395
0.041282
0.0026921
0.048173
-0.0086865
-0.0034224
0.032749
0.032024
0.024143
0.054564
-0.090159
-0.05076
-0.070675
0.099544
0.35987
0.066149
-0.11723
-0.017219
-0.04605
-0.095926
-0.087532
-0.087509
0.012538
-0.017273
0.011374
-0.0075946
-0.0071593
0.016067
0.015987
0.0081304
-0.016702
-0.01664
0.0090586
0.0086243
-0.00091436
-0.0040434
0.013924
0.016079
0.027019
0.0073036
-0.0029022
-0.0072913
-0.0075694
0.0032004
0.014718
0.0041352
-0.014352
0.012381
0.003582
0.0055182
0.016289
-0.0054261
0.0046219
-0.025044
-0.012219
0.0086188
0.017441
0.0040395
0.0046319
0.0066685
0.017173
-0.0046625
0.0023331
-0.0053178
-0.01442
0.015784
0.015787
0.012531
0.015524
0.0061459
0.016808
0.016761
-0.016809
0.014585
0.01689
0.0076961
-0.0031693
0.0032863
0.012613
0.0076036
0.027474
-0.0061435
0.025121
-0.0044152
-0.022759
0.015605
0.011988
0.014339
0.0061846
0.0062553
0.016471
0.0023793
-0.014139
0.016182
0.0064463
0.0043893
0.0019036
0.0033124
0.0054007
-0.003424
-0.0045328
0.013188
0.015088
-0.0033311
-0.0033538
0.016379
-0.0061749
0.02391
0.014464
0.01696
0.0049309
0.02286
0.0037235
0.0031544
0.0040706
0.0059338
0.016591
0.014198
-0.0066303
-0.0056247
-0.0046853
0.017385
-0.0372
0.014728
0.015848
-0.014093
-0.011967
0.0021309
-0.02609
0.0053092
0.015396
0.015772
-0.0081689
0.013572
-0.013858
0.015909
-0.0035576
0.015405
0.014672
-0.006154
0.0062902
0.017232
-0.023369
0.0026883
-0.0050313
0.015616
-0.013274
0.013865
-0.0082411
-0.0062729
0.0051819
0.026976
0.015683
0.023193
0.0038188
0.015625
0.015358
0.0058265
-0.0144
0.0046352
0.0025228
-0.006236
0.015542
0.017717
0.0069623
0.01276
0.026084
0.015708
-0.0052185
0.011661
0.023139
-0.014486
0.016174
0.015406
0.012015
0.02406
0.0057394
-0.01683
0.014679
0.006755
-0.015177
0.0035983
0.015981
0.0072064
0.0060196
0.012184
-0.005067
0.015573
0.0059987
-0.0054305
-0.0079321
0.004024
0.015592
-0.023092
-0.013833
-0.0069323
0.0050348
0.016319
-0.0037611
-0.0047948
-0.0035161
0.026578
0.0073012
0.016958
-0.0029283
-0.007509
0.015032
-0.0039529
0.0067561
0.014758
0.0030045
0.013125
0.006101
0.016801
0.0065677
-0.027135
-0.015545
0.016039
0.025114
0.0043001
0.0058967
0.0056472
0.0066638
-0.01577
0.016241
0.015868
0.13528
0.024663
-0.014013
0.0098899
-0.011452
0.0029035
0.015343
0.030811
-0.0091195
-0.0087759
0.012646
0.0065852
0.011651
0.012897
0.0088852
-0.013317
0.0081752
0.0051737
-0.018087
0.072378
-0.12957
0.16186
-0.10001
-0.10022
-0.14759
0.12756
-0.16656
2.1839
-2.0537
1.5416
3.6688
-12.009
-12.107
27.906
-10.602
7.6294
-2.7364
2.1672
2.126
-8.5554
-3.7906
-7.3174
-8.4258
7.6515
-14.608
-0.23663
6.884
6.8947
-10.565
25.886
1.9685
-3.7988
0.60867
0.60431
1.42
0.41886
0.83919
0.081312
0.46112
0.37904
0.26083
1.863
-5.5247
5.0507
-3.9302
2.1105
-2.2161
-2.2224
1.0331
-1.3552
-3.4604
-4.2008
5.4597
-1.3587
0.28617
-0.22791
-0.22189
0.13872
-0.36449
0.19725
0.057869
0.057364
0.12262
-0.064408
0.35218
-0.099311
0.21995
0.21953
0.35212
-0.070535
-0.070678
0.050888
-0.092952
0.15448
0.16322
-0.33292
-0.10858
0.043648
0.22783
-0.20016
0.018633
0.018967
0.075686
-0.16561
-0.30176
-0.17088
-0.65293
-0.66559
0.56939
1.6979
-1.2282
-0.67667
-3.0856
-3.7693
25.002
19.007
-11.301
-0.33913
-26.384
8.2357
8.3346
-18.945
2.56
-14.234
-5.8273
-1.2608
-9.1667
-0.59473
-0.56245
-7.8508
4.6246
-0.071665
-0.82627
-2.7363
1.0964
1.0487
4.7728
-1.9179
1.6153
1.2156
-0.12692
-3.5545
-2.9563
7.3906
2.4798
2.4768
-0.18827
0.091705
-0.29051
0.24081
0.24054
0.24773
-0.20295
0.29346
-0.13912
0.21756
-0.10178
0.38819
0.38611
-0.15971
0.053368
-0.19989
-0.11075
-0.12302
-0.21926
0.19852
-0.188
0.50355
0.17622
-0.0771
-0.11139
-0.10949
0.36445
0.33948
-0.043072
0.087507
0.086839
0.09146
0.10831
-1.4597
0.55218
0.55003
-1.1757
-0.11507
16.711
-12.918
7.3776
9.4019
-24.612
4.9945
-10.883
1.8658
-6.3903
9.6603
-10.419
-14.419
-1.1273
16.464
16.411
-23.339
-6.2975
-7.5356
6.6318
-2.3053
0.20272
0.2109
0.21879
-2.3492
4.368
0.4754
-1.1562
-1.1976
-1.9646
-3.2252
-1.3104
-0.27929
-6.1696
7.4841
3.8832
-0.40071
-0.27817
-0.14492
-0.12437
0.55698
-0.77003
0.40248
-0.35724
0.24859
-0.083166
0.65
0.64965
-0.010541
-0.64193
0.025028
-0.13876
-0.14033
0.13987
-0.55771
0.67268
0.22416
0.91106
-0.09983
-0.11049
-0.10961
-0.17208
-0.26191
-0.081321
0.33413
-0.062791
0.65264
-0.039015
0.35242
-0.58942
-1.0221
1.8661
-0.47984
19.012
-13.44
0.37957
13.645
-26.824
-6.9942
2.6789
-4.1738
-4.6032
-13.785
3.7288
-15.94
0.93123
-26.656
18.493
-19.897
2.272
5.8431
10.716
-11
4.3521
-1.092
-1.8114
-1.3285
1.0785
0.21809
2.0612
-8.1847
0.12655
-6.1254
-0.78846
0.35458
1.6501
-9.1778
1.8346
6.0829
-0.9521
0.17118
0.092508
-0.54104
0.16536
-0.092282
0.17072
-0.45216
0.51624
0.14312
0.15652
-0.20462
0.17369
-0.13861
0.10158
-0.076558
-0.08357
0.027296
-0.049943
0.20735
-0.33435
-1.2645
-1.2567
0.70712
0.4017
0.12775
0.58961
-0.53389
0.24177
-0.039446
0.13199
-0.21824
-0.076843
-0.44013
0.39871
-0.031065
0.31921
0.10793
-0.22774
0.40426
-0.31503
1.5523
-0.032539
-1.4192
16.888
-22.158
-12.981
-22.893
13.483
-19.749
-15.448
-19.496
6.5221
2.7748
-26.037
8.8537
-12.595
-9.1012
6.3729
-8.7764
6.6828
6.9061
22.942
-11.397
-1.5435
12.376
-6.6697
5.6551
5.2301
8.6294
-0.85574
1.6811
2.7818
-6.2681
-1.4008
0.62551
-6.3413
-0.68917
0.84956
0.80473
-1.9456
-8.12
-1.7228
6.0026
5.4943
12.527
0.10707
0.18822
-0.0097554
-0.057683
-0.01905
-0.055557
-0.32059
0.17126
-0.17697
-0.26303
0.12499
0.39635
-0.054382
0.15485
1.0829
0.54718
0.35761
-0.84799
0.92263
0.68194
0.4559
-0.16881
-1.0888
0.053246
-1.1896
-0.80964
-0.25542
-0.44189
-0.91987
-0.17793
0.64815
-1.0474
-0.13223
-0.67488
-0.079486
-0.36783
0.84007
-1.5106
0.15946
-0.45266
1.1116
2.8403
-14.238
-10.264
13.331
6.0289
-12.778
-8.8543
-2.1357
2.2046
-1.6195
-1.6457
-23.957
10.121
-17.906
-6.8193
-3.8364
-7.7677
5.0281
-13.992
-10.009
4.5864
9.8609
16.625
-8.4746
2.8979
-3.9028
1.4457
-3.7582
3.4373
3.4278
1.0025
-5.6602
4.8962
20.848
-1.5256
0.32174
-0.31889
0.11981
-0.44275
-0.046623
-0.20782
-0.35761
-0.053854
-0.63608
3.0167
3.0471
0.46034
-0.4317
-1.9474
-0.23212
-0.20425
0.58665
-0.471
-0.59203
-0.42914
-0.54204
0.76365
-1.2866
-0.24619
-0.76407
-0.76367
0.66588
0.66386
0.91269
0.6904
-0.18846
-0.17802
-1.3222
-1.3023
-9.8603
-11.374
10.724
10.714
8.3211
-6.2283
5.7613
-16.968
-16.946
-3.1433
-3.4005
-5.5258
4.1164
19.025
16.737
-9.0204
-8.3045
-10.471
10.721
0.47586
-2.7472
3.4651
-3.6549
0.76228
0.48931
-2.6853
2.0987
-3.0886
-6.4476
-6.4676
-11.153
20.416
-4.4009
-1.3126
-0.10983
-0.061665
0.23074
0.23126
0.26233
-0.94911
2.5883
2.5449
0.07454
-0.20118
0.56159
-0.94663
-0.95394
0.16322
-1.2702
0.24879
-1.5474
1.8195
-0.72615
0.96048
-1.5393
0.96341
0.62243
-0.60455
0.68052
0.60073
-0.62694
-1.5286
1.2439
-0.053312
0.55923
-0.44224
-14.476
2.7751
5.2262
5.2317
-10.774
1.7231
-12.178
-14.847
1.1704
-10.201
-12.407
-12.373
5.8244
-17.103
-12.023
4.8007
15.122
5.4439
0.80105
0.81023
7.5992
13.016
8.6028
-6.4483
0.81769
-1.2625
-1.2766
-2.135
-2.1352
4.8966
-9.7563
-5.7063
-4.3815
-4.3945
0.33123
-0.037879
0.25278
-0.042342
-0.090089
-0.22963
-0.14479
-0.14302
-0.068238
-0.15078
0.53595
-0.85436
0.38089
1.8394
-1.1694
-1.0685
-0.51329
0.7185
3.1444
-0.078766
0.32442
-1.1005
0.40337
0.87318
-0.54023
-0.38951
-0.48446
-0.48311
1.1265
-0.19364
-0.7904
-0.22585
-0.22998
0.26585
-0.0093878
-0.13373
15.014
-15.875
9.3729
7.1845
-17.014
-10.526
-14.915
6.4618
-5.3634
-7.1069
4.618
1.2674
10.869
-21.887
-8.0826
-33.172
19.208
-2.6104
11.849
-2.2051
0.1775
1.0774
2.3278
4.2289
-2.3902
1.0644
-5.4864
0.12608
0.13333
-2.4755
-4.9398
8.5998
0.45855
-0.58551
0.054399
-0.24778
-0.34366
0.45193
-1.1254
1.067
-0.37412
0.6532
-0.027381
-0.1219
-0.33889
0.74274
0.74248
0.78008
-0.84609
0.0099808
-0.17878
-0.18062
-1.6422
0.37224
0.38084
0.317
-0.47585
0.29705
0.015791
-0.69133
0.17618
-0.33915
-0.33557
0.38169
-0.023705
-1.9006
-1.8891
-0.42878
0.56822
0.35934
-1.2369
1.4282
-5.3205
14.167
8.4987
-6.9691
10.319
-6.3733
-12.94
10.15
-12.745
-16.165
15.193
-28.825
13.052
-21.519
1.707
2.2492
-0.41285
1.0334
1.1373
-0.18775
0.087578
1.4629
-0.75591
1.8298
-7.3148
-1.0143
-3.3624
-0.72338
2.3859
-9.5526
-1.1874
2.2839
1.2617
-0.81535
-0.11918
-0.10884
0.063553
-0.36892
-0.6913
-0.31843
-0.1739
0.22204
0.47253
-0.35778
-0.35926
-0.074931
-0.25139
1.1669
-0.37122
-0.91921
-0.52574
-0.90547
-0.04686
0.4354
0.11852
0.11832
0.53342
-0.30568
0.60382
-0.17776
0.34762
-0.24068
0.84903
0.20717
-0.58149
-0.487
-1.2663
-0.45955
-4.2466
19.186
11.715
11.754
10.626
2.6161
-5.067
-1.6785
-1.9379
-18.178
15.943
3.7839
-11.057
0.24673
-26.762
14.32
18.451
1.5651
0.1037
0.24539
-3.7419
-3.766
2.9918
2.9951
-0.44361
7.7239
-8.1392
2.3009
-1.5864
-1.6502
-3.9935
-8.7452
3.0086
-1.7658
6.4463
3.0452
-0.74348
0.18499
0.19117
0.25691
-0.34658
-0.24182
-0.95731
0.024406
0.026078
0.12201
0.24635
-0.19613
-0.19565
-0.080187
0.12418
-0.019486
-0.088998
-0.28381
-0.26958
-1.4805
2.6542
0.12924
0.10816
0.39263
-0.13649
-0.17392
0.42903
-0.15631
0.33481
-0.39161
0.23257
-0.032577
0.1128
-0.83003
0.22712
0.71279
0.86061
-1.6368
-1.6452
-0.031365
-0.47374
-2.4852
4.0157
3.9118
-7.4913
19.68
-2.6676
2.0349
1.8325
-11.446
-5.9565
-10.315
5.848
5.8018
3.7344
-16.323
15.173
-0.31597
-1.0139
-2.4152
-2.4229
0.12818
5.6098
-1.5178
-0.20138
-2.8648
1.5503
-2.3977
-0.66056
-2.3183
-9.2089
0.78047
-6.2032
1.9449
1.9375
-3.8017
8.5402
-0.45832
0.35284
0.35649
-0.40804
0.033353
0.24625
0.64062
0.053945
0.20009
0.57957
-0.51188
-0.19856
0.26397
-0.042288
-0.31657
0.51842
-1.5319
-1.4923
1.206
1.4823
0.075702
-0.55449
-0.55614
0.11671
-0.28769
0.28741
-0.29268
0.21588
0.21592
-0.32086
0.2495
0.33799
0.33785
1.8068
-4.5408
-0.98108
-0.73093
-0.73042
-2.901
1.5372
-0.62501
18.936
12.464
12.543
-4.0482
22.407
1.4799
7.2054
-0.84748
-0.064432
-0.18028
15.494
-14.827
14.677
14.737
1.237
-1.0439
3.4992
0.81856
0.81532
-0.47511
1.4906
7.4265
-2.1102
3.3697
3.3768
-8.0412
4.6243
-2.9139
-5.223
0.97683
-3.9608
-1.968
-1.4466
2.6121
-4.5145
7.0343
-0.44803
0.44451
-0.053694
-0.061673
0.10894
-0.16848
-0.18087
-0.4873
0.62184
-0.054614
0.21277
0.021612
-0.29512
-0.29855
-0.091508
-0.52846
-0.069053
2.1331
2.0976
-1.7557
0.013635
-0.42671
-0.049626
-0.63532
-0.61941
0.053015
-0.16731
-0.056628
-0.052921
-0.24309
0.30332
0.12516
0.055328
0.055522
-4.6028
-2.4714
2.5296
-1.1965
-1.2061
0.44079
1.1808
14.875
23.438
-11.17
-11.14
-11.311
-12.622
4.5151
-0.4509
-0.85322
-12.589
-0.92364
-11.258
17.057
-2.8703
-2.8879
-0.1472
-0.27775
2.2825
-0.5427
-0.4358
-0.32668
0.98994
-0.74054
0.60771
0.58187
-2.3011
-2.0304
-3.9419
-3.9759
-4.4189
-4.4397
-3.9505
1.0907
2.0998
2.0948
-0.38091
-0.096681
-0.092111
0.24156
0.16528
0.026479
-0.53386
-0.20073
0.12169
-0.63544
0.72256
0.71955
0.20374
-0.42507
-0.20939
-0.086037
-0.33189
0.18665
0.94629
0.50454
0.5084
-0.29223
-0.25159
-0.43987
-0.43653
0.70088
0.16992
-0.47983
-0.13198
0.38044
0.38088
-0.34822
-0.88147
-0.38772
-0.21784
-0.22341
-0.76543
-1.2466
-1.3887
-1.396
1.132
0.2357
3.0205
-8.4889
10.115
-7.6047
-34.639
8.6557
15.295
9.2375
17.365
-27.825
3.0669
1.3837
13.96
-0.70578
-1.2231
3.0987
1.1241
1.1383
0.43997
0.2702
6.5448
-1.2668
2.607
-0.78121
-0.78634
0.98205
-2.7342
-7.044
-7.0327
-1.1835
-2.7319
1.0743
-3.209
1.1493
3.9673
-0.39746
0.39237
0.048087
-0.81681
-0.80805
-0.93449
-0.85263
-1.0067
-0.0029108
-0.069496
-0.06888
0.012495
-0.11239
0.0036454
-0.064161
-0.064574
-0.065776
-0.65573
2.4788
2.438
-2.1649
0.067862
-0.29488
0.1697
0.17194
-0.079496
0.27822
-1.0768
0.50175
0.49989
0.26599
-0.42226
-0.28912
-0.064517
2.8653
-5.0322
-1.8241
0.23375
-0.082697
0.92503
-0.33796
-15.644
21.024
-21.985
0.43672
-18.565
4.7235
-11.779
13.58
2.759
2.9527
9.599
-22.388
27.009
6.2338
-1.1711
0.22624
0.23252
0.11741
-2.3855
0.95538
0.95447
6.0532
-2.7748
-2.7844
-0.70955
2.0748
-2.1135
-5.4458
-0.95719
-0.91547
-5.3406
-6.7385
2.3706
1.5139
1.5361
2.6688
0.24788
0.22013
0.219
0.014944
0.01984
0.90744
0.31177
-0.30348
-0.20331
-0.20084
-0.085462
-0.2746
0.015878
0.025886
-0.20662
-0.20538
-0.25263
-0.39242
-1.3512
-0.23873
-0.19845
-0.54434
-0.54159
0.24775
0.46345
0.55209
-0.32888
-0.30076
-0.29884
-0.77078
0.15713
-0.45949
0.53564
5.1713
-5.5087
0.07255
2.2118
-0.058295
-2.0473
-1.0512
2.3843
7.4502
-15.911
11.531
-14.084
10.132
3.359
3.4465
-21.794
11.245
14.964
-31.862
-10.48
5.8281
-3.5685
1.2445
0.14485
0.17122
-0.44129
2.5699
5.2731
0.53594
-1.296
-1.3054
0.56679
-0.70233
-6.5174
8.1975
0.3078
-7.1993
1.1677
-6.2456
-4.8331
1.4889
-4.188
3.317
10.284
10.305
0.29073
-0.20622
-0.50548
-0.25231
-0.25263
-0.50817
0.52218
0.37766
0.10878
0.11176
0.20409
0.25603
-0.21358
-0.019072
-0.15171
0.87845
1.2881
-0.78113
0.27285
-1.1073
-1.1055
1.2915
0.33696
-0.43728
0.59024
0.58694
-0.41624
0.17297
-0.18613
0.64907
0.65031
4.1084
-1.7216
0.95417
2.1795
-0.53866
-3.0098
-1.3402
0.76532
13.577
14.628
2.2665
2.9063
-4.7615
-1.1114
-0.94768
-20.012
-7.9854
8.0853
-18.945
-18.997
-6.6844
3.6874
-19.349
-14.315
-14.231
0.52158
1.7738
1.0095
2.5912
1.2459
1.191
-0.089997
-3.4857
0.11434
-5.1057
0.28218
-5.3338
-1.0244
-0.45153
-0.46147
-1.6562
6.5971
0.5773
7.8953
2.605
2.6061
-0.18497
-0.018041
-0.2069
-0.17976
0.45951
0.543
-1.8069
-0.73568
-0.67941
-0.079344
0.04298
0.36431
0.013702
0.013216
-0.0090015
-0.066231
0.039442
-0.22436
-0.2187
2.0855
-0.95181
0.93817
-0.091617
0.25563
-0.7762
0.30557
0.10604
0.22883
0.23046
0.32226
5.853
-3.4432
-0.33092
2.1257
2.1097
-2.3738
0.81047
3.8797
6.1164
14.355
14.349
-17.375
3.7321
-7.9492
1.439
-16.404
-19.276
12.728
-8.7445
-8.7073
16.529
-9.9166
-9.1404
-2.8463
0.57423
0.6176
0.87336
-1.8835
-1.0092
5.2119
-2.962
-2.9965
0.23481
-5.4843
3.9172
-4.7863
-4.8302
-3.8236
0.84441
-2.7501
0.34906
-3.964
1.1638
2.1277
6.661
2.4404
2.4315
0.54386
-0.60785
0.59747
-0.411
0.62038
-0.29234
-0.19484
0.10535
0.10655
0.55497
-0.42732
-0.097834
-0.014943
-0.026492
-0.029366
-0.039026
-0.084954
0.30693
-0.33995
0.57948
-1.4663
-0.45391
1.0831
-1.1567
0.62822
0.62612
-1.1437
1.0548
0.81997
0.81747
-0.24536
-2.6806
-1.3131
-0.16413
-0.16047
-2.2276
1.0223
25.004
-2.0282
-1.979
-3.6921
19.744
-26.305
-2.0593
-2.041
-13.083
0.012486
-33.095
17.387
17.413
18.029
13.153
-24.813
25.884
25.808
1.251
-0.68006
0.025625
3.139
-3.2161
6.7575
-4.9869
-3.4337
2.971
2.9568
-0.92231
-2.6617
0.045651
-4.1263
-4.1242
5.6004
3.1477
-0.69741
-0.69534
0.77241
-0.63067
0.14009
0.45104
-0.46596
-0.4631
1.2724
0.17349
-0.43123
0.4539
-0.047326
-0.04568
-0.013387
0.030987
-0.16057
-0.079157
0.069985
-0.34963
-0.27845
-0.017464
1.4013
0.4966
-0.92037
-0.13717
-0.60082
-0.037754
0.099539
0.61406
-0.74848
-0.087591
-0.086569
-0.12528
-0.11073
0.66116
0.5881
-0.078774
0.48862
-2.9994
-0.30369
2.5508
2.5495
-0.51724
0.24552
6.1061
5.3896
5.4505
-14.153
-8.2304
1.5926
1.5556
-3.4064
0.58322
-2.008
-9.534
-17.39
-17.356
-3.8228
-31.602
-1.2513
0.9013
0.80768
-0.72822
0.50108
0.11748
2.6146
-4.5823
0.60339
0.59672
-2.0347
3.45
-7.4581
-7.4795
-3.679
-4.1104
-3.5823
-1.1434
-1.1405
-2.8825
10.805
1.2079
-0.92422
-0.91266
0.66771
-0.31507
0.20657
0.11729
0.57501
-0.26454
-0.25152
-0.35076
-0.78884
-0.77644
1.0523
-0.038808
-0.049822
-0.064305
0.017737
0.01808
0.019398
-0.15495
-0.96869
1.4575
0.1057
1.2747
-0.69678
-0.63888
-0.061774
-0.059702
0.78206
0.3619
0.053733
0.054341
0.54277
-0.13525
0.66236
-1.4601
-1.4542
5.9125
1.337
-1.279
-0.68366
0.52259
-0.31416
-2.6713
0.60927
-16.911
-17.024
16.577
-8.4377
2.9668
-5.6494
-0.87045
-0.94285
-14.611
14.938
5.4062
-4.3995
-4.4136
-30.081
15.751
4.8666
4.8471
1.6769
-1.6935
-2.5506
-2.5493
1.8664
5.8082
0.37517
1.0068
0.9946
-1.8291
0.62491
-4.2558
-1.2285
-5.3037
-5.2943
-7.3384
-4.6745
-0.33425
-2.0655
-2.0624
1.3603
0.47383
0.48524
0.31913
0.32339
0.40505
0.052262
-0.61686
-1.3863
-0.40295
0.57481
0.19697
-0.24001
0.52202
0.99721
0.6054
-0.24389
0.065846
0.15893
0.15975
-0.77861
2.309
-1.2711
-0.37037
-0.36982
-1.3956
0.44107
-1.9141
0.45582
-0.59771
0.35819
-0.52667
0.34295
0.34064
-0.21621
0.56648
-0.30854
1.269
1.2896
-1.4195
-3.0152
1.8511
-1.0504
-0.15344
-0.15974
-0.045122
2.9403
-9.4287
-6.7274
-6.5265
24.692
2.1637
2.1844
-7.6386
-21.619
-17.71
-17.733
15.909
15.931
-3.5465
1.7916
-1.0709
0.57021
0.5357
-4.8064
0.65524
1.2082
7.9154
-6.639
-0.4562
0.6332
-6.9691
-6.6167
-4.3152
-0.94367
-0.83027
-6.7348
-1.1138
-1.1192
3.415
4.7015
-0.21552
0.29808
-0.067611
-0.068462
0.1455
-0.50547
0.88275
0.88074
-0.82618
0.28316
0.013596
0.063534
0.13315
0.008618
0.032424
-0.15563
-0.23275
-1.0071
-0.34011
0.20763
-0.057136
-0.38452
-0.38574
0.43776
1.0674
-0.076256
-0.15396
-0.15498
0.52473
0.52566
-0.18112
7.3813
-0.61881
2.5232
2.5191
-0.038336
-0.90403
3.5547
5.1022
4.7042
20.958
-9.7587
23.936
-21.292
4.2221
4.2331
0.50204
-23.871
-4.3682
-16.837
7.8963
-3.541
0.040874
2.4554
2.5266
-0.57469
-0.92901
6.5118
3.2692
-1.62
-1.6329
5.3164
-2.9236
-6.9576
6.3378
-3.8186
-2.9902
0.94585
-4.5858
-0.83234
-4.3523
0.71238
1.9121
3.4518
-0.063191
0.28764
-0.2336
-0.51892
-1.1264
-1.1212
2.9285
-0.013307
-0.79401
-0.70516
0.76807
-0.58611
0.0058849
-0.39049
0.72622
-0.38958
0.41716
0.45472
1.0342
-0.55728
-0.22366
0.09328
0.50829
0.59403
-0.41621
0.00036014
-0.17145
-0.17144
0.23485
0.30004
-0.052373
0.58984
-0.12807
4.8928
-2.4877
0.52504
-0.054433
-0.050868
-2.3212
0.16992
4.7474
-2.6554
-0.18223
-11.362
-0.12851
-20.272
-16.264
6.7037
-20.687
-14.851
19.445
-26.845
-19.804
-4.7357
-4.6825
-4.0883
-2.8402
3.6756
1.5894
-0.42403
0.33171
9.3936
1.5747
-6.6729
-0.23524
-0.23171
4.8388
-1.5402
0.29493
-5.5169
-2.9513
-4.8791
0.71784
3.1043
-0.6246
0.1773
-0.60834
0.46267
0.91134
0.94591
-1.2835
1.4566
-0.20664
-0.044351
-0.51216
-0.50965
-0.31028
-0.26266
-0.083768
-0.0044772
-0.21412
-0.077482
-0.081076
-1.4096
-1.0729
2.3446
-0.94526
-0.94427
0.70813
-1.2638
0.95319
-0.69195
-0.079396
-0.0095775
0.1777
0.8697
-0.75045
-0.75287
-2.6772
-1.1633
-0.1641
-1.2159
-0.048478
-1.1492
16.416
13.029
-7.3673
-5.7351
8.1108
8.1346
-22.746
-1.4038
7.3811
-18.45
19.213
-11.017
-11.08
-33.671
12.635
-20.615
19.179
1.4694
-0.41147
3.777
0.95011
0.90088
-0.40434
2.4627
-5.204
6.0405
-1.2219
0.91051
-2.3953
-2.3931
-5.9615
-7.6653
-7.6209
5.4493
-0.10514
9.0815
5.3536
-0.044116
0.57922
-0.25686
0.66288
0.44796
-0.31152
-0.88916
-1.5246
-1.5129
-0.2591
0.72614
0.33255
0.3848
-0.043464
0.0013714
0.025016
-0.099293
-0.73458
-0.73949
1.0045
0.72504
0.23815
-0.88558
0.42763
0.42988
-0.54409
-0.29713
0.79004
-0.47071
0.013747
1.3259
-0.83426
0.13267
0.13204
-0.24541
-0.73785
0.73023
-1.6003
-1.6875
0.95144
2.3187
-0.1938
-1.4583
6.4744
26.623
-13.98
-14.828
-20.911
-2.2957
5.2399
-28.679
5.1536
-0.51767
-19.768
18.079
18.168
2.2746
-2.5416
-2.5724
-1.5287
0.6461
-0.51841
7.3084
-0.41704
-0.50817
-0.0039375
5.9011
5.8328
-7.7516
-7.7518
-3.1927
-7.2884
-6.358
2.1683
2.2038
-3.0032
-2.5828
10.601
-0.56559
-0.55785
0.29268
0.021573
-0.42813
0.46263
-0.29759
-0.29585
0.97602
-1.677
-0.69657
-0.69134
0.11529
-0.78796
-0.20765
0.10164
-0.068277
-0.1577
-0.11507
-0.35893
1.0933
0.88445
0.87834
0.86812
1.1186
-0.82422
-0.19564
-0.19833
0.30314
0.29325
0.51375
0.50623
0.88932
-0.57783
0.053706
-0.29333
0.30599
-0.23565
3.3297
-6.8229
2.4486
2.1339
-0.57853
-0.48286
-1.1251
11.992
11.891
-8.0501
8.4294
1.1961
2.0641
1.9853
-1.2191
-9.3152
13.192
10.576
-35.808
-35.781
-15.182
7.2519
5.5896
-8.3539
-8.3804
3.3829
-2.9831
-2.9924
-0.20065
1.461
3.5439
-0.082618
3.9948
3.9991
-1.1682
-2.7053
-4.2164
-1.1962
-7.1625
-3.5048
-2.6534
-2.7545
1.9958
1.9911
-3.3363
4.2839
4.653
-0.20865
0.44568
0.45216
-0.23751
0.31538
-0.41184
0.49835
-0.31859
-0.81106
-0.1572
0.34334
0.30712
0.71642
0.32079
-0.13355
0.036723
-0.10468
-0.10658
-0.0982
-0.2295
-0.85104
1.9545
0.21444
-1.5741
0.49498
-0.19131
0.17207
0.43645
-0.52657
0.08647
0.41378
-0.015088
-0.78636
-0.77871
2.7471
1.2738
0.098317
0.096421
0.45284
-0.8071
-2.6431
-11.078
-11.239
13.287
-14.096
11.005
-13.065
6.1104
6.0082
-9.1394
5.0333
6.4031
9.4922
9.4257
-25.352
-13.846
3.119
-0.26667
-0.49556
1.6118
1.6154
2.6121
2.3996
1.0245
1.0353
1.0627
-7.3531
0.68194
-1.5789
-1.036
-1.0369
-0.97002
-0.9741
-2.0258
-2.0092
-3.9161
6.8045
3.3102
-0.15409
0.44206
-0.022508
0.3025
0.35964
-0.37238
0.0045026
0.34925
0.0043599
-0.26454
-0.070683
0.042833
-0.14453
-0.17892
-0.97885
1.0955
-0.029657
-0.030635
0.61705
0.82001
1.7097
-1.7366
1.0755
1.0692
-0.31885
0.54915
-0.091502
0.0073309
0.093992
-0.28345
0.50837
0.5115
-0.98404
-2.2727
-0.33119
5.3232
7.8909
7.5819
10.096
-7.6628
8.7368
-31.075
-0.034396
-9.441
-1.2879
-32.784
-6.1148
-14.844
1.3808
6.8476
-0.87688
7.0601
0.68274
0.66201
0.66329
-0.12592
1.2669
-0.23017
-0.61636
0.51238
0.44055
-0.11937
0.3519
1.1781
1.1727
-0.015738
-0.56094
-0.55344
-2.8223
-3.1009
6.1331
0.80975
0.28198
0.59336
-0.54265
-0.055376
-0.26593
-0.066925
-0.021367
-0.012668
0.59111
-0.079189
-0.39394
0.32011
-0.0010766
-0.097618
0.04218
-0.001805
0.024993
0.012563
0.020403
-0.16506
-0.69712
-1.5206
-0.94288
-0.8572
-0.42683
0.76627
0.30272
0.74395
-0.13449
0.42601
-0.020344
-0.23175
0.17358
0.66227
-0.42494
-0.3686
-1.4128
6.6681
3.5045
27.864
7.1617
10.889
-16.135
-5.3739
-13.689
12.54
-14.147
4.3116
-4.7443
-30.484
-5.2478
-6.5014
-15.848
10.09
-6.9375
-1.3802
-0.55632
-4.0712
-5.4596
-2.535
-0.73999
0.45247
-0.1759
-2.6294
2.4285
-1.4469
1.6365
-1.4916
-3.1968
0.37355
-3.9393
6.7127
-0.83645
-3.2225
5.1664
0.35968
-0.14333
0.29676
-0.036714
0.0079389
-0.21065
0.091835
0.53811
-0.14379
0.16758
-0.22847
0.43526
-0.23996
0.33602
-0.024318
-0.03218
-0.001913
-0.0016655
0.029012
0.001293
-0.058201
0.32345
0.73123
0.86137
0.86951
-0.84908
-0.45193
0.45356
0.016058
0.10932
0.46316
0.42776
1.0049
-0.4609
0.54685
0.21548
-1.1887
-1.4636
4.4031
7.0358
19.19
-7.7723
9.2733
1.5417
-11.257
-2.0962
2.0678
-3.4954
-13.245
-7.4876
-30.069
2.6548
-18.064
3.1568
4.666
-1.0377
25.46
-3.7097
-0.21238
1.4413
0.58279
0.054029
1.0714
1.1373
-0.013238
0.23884
0.069976
-2.4868
2.4605
1.8047
0.47197
2.9395
-1.7829
-2.5262
0.64312
-1.2225
-0.67729
-3.4213
6.6493
0.04368
0.71967
-0.2488
-0.21923
1.0006
-0.28719
-0.30303
-0.26586
0.19917
0.55837
-0.31022
-0.1167
-0.0070068
-0.015459
0.058068
0.058708
-0.0031522
-0.1644
0.79682
-0.22174
-0.27192
0.040818
-0.2225
0.074534
0.21481
-0.22857
0.070941
-0.14359
-0.3196
-0.42406
0.66201
-0.24168
-0.97683
0.10309
-0.73636
0.3084
-1.6545
-0.16517
-0.30781
2.2601
15.276
14.692
0.50441
-11.291
1.3095
-6.0454
-0.3203
-7.3528
-11.233
-11.699
-5.4986
5.7218
10.682
-4.3402
-1.8727
3.0118
0.018476
1.8842
-0.58281
0.88634
-1.6316
-0.20268
0.10621
0.077082
-0.2037
-0.6866
2.5477
4.81
4.8082
-3.4867
-5.2449
0.52743
2.0861
-2.3623
-2.3693
-2.2426
8.0651
-0.14299
-0.1426
-0.34175
0.09165
-0.046484
0.16047
0.16115
0.35581
0.35399
-0.61445
0.035877
-0.15274
-0.14867
0.64866
-0.10468
-0.058352
-0.11501
-0.11515
0.022569
-0.24088
0.1151
-0.42089
0.55645
-0.78933
-0.65396
-0.65356
0.67834
-0.3731
0.71877
-1.4444
0.65601
0.65592
-0.28022
1.2828
-0.5772
0.48261
-0.74062
-0.73404
0.84045
-1.8237
2.1871
2.5077
-0.60916
9.2077
9.4087
-0.66655
6.056
-8.0491
-5.9341
4.4585
-3.0353
-8.6022
-18.193
-27.92
4.5374
-4.6729
-16.14
-16.934
-2.3802
26.055
-8.7203
-5.3167
-5.7814
-1.0847
-0.92472
0.85358
-0.65679
-0.77486
0.72177
-0.11739
-0.11253
-0.21882
0.68685
0.37307
-1.0447
2.8205
2.8244
-4.6844
3.6974
0.68305
0.58262
-13.692
5.0637
-0.78328
0.52629
0.52859
-0.223
-0.3999
-0.52357
0.31737
0.31993
0.35415
0.48712
-0.4627
0.013346
0.48398
-0.086586
-0.10165
-0.012637
-0.0092684
-0.44334
0.83593
0.52112
-0.54574
-0.071058
0.050996
-0.5888
-0.5864
-0.69463
0.48354
0.24795
0.43479
0.43543
1.3226
-1.3055
0.62335
0.65545
-0.66893
2.1425
-0.12622
1.8362
-0.89897
8.3479
8.0975
11.385
-11.701
-8.3422
-20.635
9.7912
-9.5712
-11.733
-11.632
-20.083
-5.4271
5.3331
-18.928
-18.985
15.311
10.414
-0.45142
4.3847
-1.7306
-2.8456
-1.0836
0.31082
-1.3816
2.3217
-2.6199
-0.16146
0.21374
-1.1817
0.20164
0.15942
1.3553
0.76615
-2.1051
-1.345
-1.3186
-5.8879
4.4291
4.5095
-1.3126
0.62835
-0.92932
1.5041
1.8133
-0.91274
0.51937
-0.26986
0.42028
-0.48448
0.1836
-1.4865
2.1517
0.17661
0.087441
0.027703
0.028023
0.17688
-0.24113
-0.10601
-0.032476
-0.062298
0.086581
0.0087989
-0.67918
0.79391
0.78007
0.31573
-0.15218
-0.12134
0.80983
-2.5431
0.93936
-0.44753
-0.54997
0.047501
0.042182
-0.19928
0.18213
0.41356
-0.03307
0.31108
0.27562
0.36064
-0.0076162
0.57087
-1.0004
4.3566
11.051
6.0874
-10.019
11.381
-4.4565
-26.709
26.096
-21.831
-8.2068
-28.173
-4.1181
7.8441
-26.787
17.653
8.7373
18.213
-7.2953
-5.362
-2.6018
3.4201
-0.048622
2.2993
0.98742
-1.1705
-0.056506
0.13339
0.04659
-0.46205
-0.042753
0.55053
0.84094
0.94213
-4.5247
1.2527
2.7971
-2.6777
-0.83443
-3.4043
-0.67547
4.3962
0.33613
0.0015294
-0.27603
0.020071
0.41884
-0.67679
-0.3946
0.71367
-0.21192
0.41921
-0.27346
0.54644
0.10554
0.0050626
-0.036023
0.0072556
0.047317
0.012635
0.035585
-0.63162
1.0584
-0.77555
0.0062195
0.13151
-0.58494
-0.027
-2.9376
1.0015
-0.25954
0.34546
-0.5314
0.93747
-0.028039
-0.12466
0.88807
-0.85611
0.29955
0.74133
-0.057287
-0.41009
-0.24267
1.5584
-0.18747
-0.47107
12.9
-16.283
7.6748
1.0176
-15.599
5.9174
-4.5749
-13.314
-8.6685
-17.82
-3.1541
5.8336
-18.561
7.7045
9.0178
-9.0337
-4.557
-5.8147
-1.8679
1.3804
-3.1215
-3.4199
-0.104
-0.98314
-0.91342
-0.71294
-0.073428
-0.14857
-1.349
-0.022651
1.5784
2.9671
-7.0656
4.2412
-5.0942
1.0252
1.307
-5.0551
-0.10823
4.8224
0.45258
-0.24
0.27763
-0.35375
0.054564
-0.41977
-0.055883
-0.14225
0.46173
-0.055707
0.15515
-0.034847
-0.17795
0.039848
0.0031516
-0.0021438
0.0080404
-0.062387
-0.85338
0.097643
0.37858
1.5449
0.70447
0.67135
-0.35736
0.60457
0.017656
0.9232
-0.77757
0.30996
0.50742
-0.44138
0.06838
-0.22876
-0.0062663
0.34323
-0.075232
-0.29006
-1.1021
0.67051
1.1465
1.739
-1.0528
-0.1621
1.5456
-6.7019
-0.37579
9.5152
-16.345
7.6955
-11.09
-5.4347
-2.5584
-24.626
4.2781
-11.837
-13.983
11.464
11.624
2.3319
0.12681
0.83597
1.9076
-0.80659
0.29499
0.045084
-2.2484
0.35051
0.8617
-0.97327
-0.16022
1.1977
0.41457
-0.037526
4.9033
-2.7835
-4.8191
1.4477
0.1215
-1.9748
-1.9575
-5.8178
-0.42216
14.346
-4.0209
-0.33436
0.49774
0.35963
0.13474
0.13734
-0.56165
1.3662
-0.067938
-0.28056
0.016953
-0.041413
0.19702
0.060161
-0.24467
0.22339
-0.17821
0.49666
-0.52099
2.6491
-1.5201
-1.4234
-0.60785
0.6827
-1.0218
-1.0187
-0.49063
0.11191
0.67431
-0.66956
0.40091
-0.7229
-0.49805
0.18223
0.18632
0.86541
-1.1089
-0.42948
0.10985
-0.34757
-0.35142
0.056108
3.3222
11.982
12.092
-15.428
5.6351
-7.0193
-0.29174
-0.38224
-8.5287
-3.2145
-13.715
3.9432
10.96
10.942
21.494
-0.62157
9.5989
-19.158
-18.69
-1.9507
5.699
-3.8729
-3.8868
-0.4919
-0.77498
2.4542
-3.5005
2.2709
0.3784
-0.34619
0.49025
0.48634
0.75701
-0.51154
-1.1241
-0.13411
-0.13811
-1.4215
-6.6884
-1.8655
10.78
0.3889
-0.1924
0.42402
-0.20728
0.21005
-0.7649
0.41371
-0.59024
0.77154
-0.10009
0.010957
-0.11964
0.27328
0.10111
-0.025415
-0.02595
-0.088588
-0.26536
0.10085
3.6832
0.54399
0.51739
4.2892
2.2129
2.0564
4.3652
3.8797
0.061044
-0.41604
0.051432
0.05348
0.064651
0.09892
-0.02141
-0.34294
-0.33996
0.38659
0.42433
0.20871
-0.15151
-0.1502
0.21292
0.45942
-0.43483
0.58092
0.58011
-0.56309
-0.097289
-0.12749
-0.12894
1.0219
-0.41528
-0.04377
-0.41468
0.58384
0.58625
-0.33003
0.057153
0.15559
0.56139
-0.30698
0.0060781
0.45943
0.40904
-0.2758
-0.27845
-0.015474
0.23515
-0.10716
-0.34941
-0.063342
-0.13309
0.10889
0.060925
0.0011036
0.041498
0.023397
0.016787
0.010255
-0.0060744
-0.0054268
0.06746
-0.085668
-0.013671
0.065964
0.066325
-0.058795
0.090508
-0.008096
0.028855
-0.073626
-0.07461
0.11368
-0.02277
-0.056825
-0.057225
-0.084903
-0.084933
0.023791
0.08185
0.081959
0.043405
0.0046487
0.052789
0.052711
0.014691
0.0052725
-0.043401
0.017017
0.017299
0.033683
0.0057859
-0.0029227
0.0061276
0.005988
0.0041337
-0.054116
-0.023124
-0.012139
-0.012075
-0.026143
0.016494
0.008102
-0.0233
-0.022849
0.0051098
-0.012181
0.018541
0.0091933
0.0090592
0.014381
-0.023078
0.018649
0.025917
0.023643
0.023699
-0.0044017
-0.0023858
0.017017
0.016892
-0.0061856
0.016622
0.01784
0.017504
0.017296
-0.016116
0.0059008
0.0085873
0.0079277
0.0069238
0.0050467
-0.0020205
0.019381
-0.021658
-0.0039525
-0.0027999
-0.0022096
-0.0011506
-0.023495
-0.015041
-0.014845
0.026787
0.017674
0.018651
0.017068
0.017048
0.026676
-0.0023377
0.028385
0.01781
0.016469
0.0060466
0.018832
-0.042376
0.0055833
-0.0018823
-0.0020332
0.019033
0.019427
0.034013
0.0065194
0.0078343
0.038646
0.0067825
0.006783
-0.025684
-0.0045487
-0.020041
-0.0017224
0.017232
0.014569
0.016956
0.0071486
0.0056227
0.0059086
0.0030273
0.016436
0.0072107
0.016664
-0.0059258
-0.00599
0.0047614
0.0072341
0.0090038
0.018769
0.0059159
0.0059355
0.018077
-0.0032042
0.014542
-0.0047086
0.017754
0.0085065
-0.0023618
0.015172
0.026548
0.0075123
0.0080436
0.0080243
-0.0038692
-0.005374
-0.013618
0.028068
-0.0018776
-0.0019067
0.0047501
0.017459
-0.021413
0.008512
0.0093347
-0.025725
0.01658
0.0085671
-0.0024612
0.0049588
0.015288
0.0065994
0.0063368
0.018494
0.018742
-0.025297
0.016451
-0.0021796
0.017658
0.0069521
-0.0053274
0.0082188
0.008693
-0.031209
0.018025
-0.012435
-0.012145
0.01808
0.019458
0.014447
0.007488
0.0077132
-0.00050499
-0.0030228
0.014138
-0.024269
-0.0022844
-0.0020604
-0.001629
-0.011385
0.0072794
0.0072205
0.017238
-0.0136
-0.01527
-0.0016976
-0.0017539
-0.011663
0.0089145
-0.005463
-0.0030044
0.017812
0.018037
0.0080048
0.016813
0.025522
-0.0022115
-0.0022339
0.018671
0.0054782
0.0066267
0.019079
0.018666
0.0083986
0.0097724
0.014875
0.026316
0.0095243
0.017766
0.0045419
0.0057315
0.0086865
-0.0011344
-0.010575
0.024796
0.0063111
0.02866
0.028287
-0.011902
-0.0033503
-0.016153
-0.013395
0.0078648
0.0077554
-0.0067726
0.016117
0.0087915
0.0083647
0.02894
-0.005339
0.0067799
0.0064843
0.018783
0.017987
0.004654
0.014582
0.014763
0.017272
-0.0012232
-0.020849
0.0039582
-0.021837
0.0076822
-0.0018591
0.013612
-0.0055635
-0.011389
0.018606
-0.001054
-0.0045971
0.017968
0.017616
-0.012721
0.018508
0.0067787
0.014096
-0.0025171
0.0081896
0.0090668
0.024195
-0.0036644
0.0084637
0.0088706
-0.0015158
0.0032707
0.015333
0.0079499
0.047565
-0.017227
-0.01723
0.015952
0.018443
-0.00088138
0.028156
0.0050952
0.0050663
-0.0042656
0.0082055
0.018084
-0.015111
-0.015175
-0.014521
0.027119
0.0085366
-0.0040349
-0.004421
-0.0021981
0.018827
0.018176
-0.0049241
-0.0051305
0.015832
-0.0092836
0.0069298
0.0040685
0.0040617
0.004966
-0.0113
0.0088007
0.018624
-0.0055876
0.0086886
-0.012068
-0.016066
-0.015832
0.015708
0.0074411
0.017802
-0.021905
-0.0048307
-0.0047859
0.016314
0.008293
0.016669
-0.0059691
-0.0061471
0.017647
0.018243
-0.0021405
0.034237
0.017386
-0.0019636
-0.011161
0.01363
0.013638
0.017279
-0.0016682
0.018642
-0.002521
0.0035249
0.0035167
0.0050708
0.0079107
0.018544
0.0046795
0.0076808
-0.012918
0.018541
-0.0033312
0.0035103
-0.0046307
-0.02184
0.019412
-0.0012003
-0.0052323
-0.0052611
-0.003442
-0.002767
-0.0014786
0.014844
0.016788
-0.0015977
-0.011509
-0.0046376
-0.0046522
-0.0036293
-0.0027637
0.0086245
0.014137
0.014142
0.016938
0.027942
0.0083127
0.015839
0.0041214
0.0040641
-0.012913
0.018705
0.0090877
0.014422
0.014397
-0.0031427
0.018198
-0.015681
-0.015633
0.0053882
-0.013076
0.0062572
-0.0047746
-0.0047737
-0.01489
0.007488
0.01868
0.018919
-0.0053011
-0.0052837
0.0061714
0.0090542
-0.014047
-0.0050651
-0.0051449
0.0069176
0.018373
-0.0018004
0.015733
0.017297
0.008027
0.0061482
-0.0054313
-0.0054367
0.015992
0.017566
0.018881
0.018119
0.0038925
0.0040463
-0.0016399
0.0067063
0.0091613
0.024845
0.01593
-0.0038997
-0.0021391
-0.0021623
0.0045672
-0.013604
-0.012463
-0.0019015
0.0052158
-0.003661
-0.0015127
0.01757
0.0065472
0.0034527
-0.014219
-0.013988
0.0096
0.0082032
0.0098762
0.014072
-0.0031901
-0.0031682
0.008523
0.0072169
0.004493
0.0061432
0.0065621
-0.012833
-0.01279
-0.014924
0.015283
0.018484
0.027736
0.027732
0.0042057
-0.012781
0.006891
-0.0022912
-0.0038396
-0.0039105
-0.015707
-0.0044009
0.0090759
-0.0012324
-0.0012441
0.01542
0.017261
-0.012949
-0.012634
0.01476
0.005427
0.0083713
0.018096
0.018386
0.013625
0.0068314
-0.0015764
-0.021859
-0.0016628
-0.0015449
0.013495
-0.011661
