-0.001335
2.3372e-05
0.00050018
-0.0014166
0.0019627
0.00067659
0.00080875
-0.00020901
0.0018852
0.0012798
0.00093779
-0.0032263
0.0049236
0.0056865
0.024543
0.019076
0.0030002
-0.022779
-0.10595
0.043727
0.11004
-0.051181
0.40211
0.25218
-0.38108
-0.056893
0.26073
-0.8015
0.076185
0.028605
-0.35775
-0.46834
-0.40684
0.0008054
0.51753
-0.16957
-0.08974
-0.13298
0.0027013
-0.0037536
0.0019152
-0.011863
-0.026303
-0.081071
-0.065031
-0.19676
-0.20209
0.07227
0.2849
0.25994
0.31489
0.35851
0.51722
0.43985
0.1337
0.33135
0.10654
0.10085
0.005634
-0.00023988
0.005505
0.0044129
0.00071403
0.0020028
-0.0039141
-0.009435
-0.019815
-0.017633
-0.0064856
-0.00038372
0.012962
0.023086
0.030264
0.095223
0.088208
0.02867
0.033632
0.0016276
-0.0013876
-0.00081764
-0.00078036
0.0012412
-0.0060022
-0.0054823
-0.019399
-0.0023173
-0.0041957
-0.0028125
-0.0030406
0.009849
0.046206
0.016603
0.63502
0.63863
0.30362
-0.54036
-0.55182
-0.49764
-0.23418
-0.23897
-0.32693
-0.17011
-0.15847
-0.27236
-0.53321
-0.54063
-0.65179
0.19604
-0.011961
-0.013855
-0.011657
0.023393
0.020007
0.0080142
0.066284
0.33827
0.33589
0.28592
0.18286
0.37173
0.64801
0.38681
0.38834
0.22456
0.26305
0.064459
-0.03933
0.021742
0.03354
0.0311
-0.0074293
-0.0024548
0.00034884
0.0050597
0.0012016
0.038869
0.0041725
0.0071457
0.0070673
0.016518
0.026058
0.038981
0.043362
0.026126
0.0035702
-0.0082483
-0.0033454
-0.0040413
-0.0058094
0.020522
0.020992
0.021926
-0.010075
-0.012898
-0.0056449
-0.00092566
0.017084
0.015537
-0.011747
-0.01437
-0.028433
0.012257
-0.0072178
0.024892
-0.022267
0.014674
-0.15653
0.23913
0.53062
-0.0029892
-0.50535
-0.41647
-0.42305
-0.23762
-0.46256
-0.56729
-0.56344
-0.1348
-0.28267
0.15789
1.2764
-0.27641
-0.26626
-0.20561
0.0092588
0.0041423
0.015385
0.010493
-0.021218
0.022883
0.016185
0.24483
0.3514
0.39016
0.53246
0.020031
0.17369
0.11856
0.22685
0.23212
-0.045962
0.019936
0.041448
0.030221
0.00048572
-0.0014112
0.0042047
0.0097508
0.007099
0.0076586
0.0063418
0.00056876
0.014259
0.012824
-0.0018893
-0.0055013
0.0045838
0.0067434
0.018971
0.018466
0.0065847
-0.029668
-0.031541
-0.0099323
-0.0055949
-0.02307
-0.024705
-0.024219
-0.0028975
0.0040342
0.0042673
0.0064485
-0.0091382
-0.020965
-0.054397
-0.048022
0.011218
0.010773
-0.0055131
0.00063949
-0.0069113
-0.12958
-0.56457
0.15337
-0.24826
-0.23745
-0.29566
-0.20752
-0.16525
0.091247
0.10875
0.1125
-0.13508
0.6267
-0.069818
-0.0081406
-0.011526
-0.038158
-0.034904
-0.010296
-0.051507
-0.074074
-0.015022
-0.052443
-0.13486
-0.13745
0.15589
0.29082
-0.015394
0.12512
0.12412
0.070281
0.010841
0.016249
-0.074051
-0.045249
-0.048488
0.02054
0.0083921
-0.0012953
-0.0015665
-0.0091284
-0.0046132
-0.010941
-0.010623
0.0008591
0.0011011
0.0074171
0.013655
0.024347
0.052419
0.053456
0.026844
0.014839
-0.034412
-0.015377
-0.0084019
-0.0076457
-0.0016377
0.00091784
-0.0071818
-0.0065377
-0.0066328
-0.00919
-0.0082869
-0.0025367
-0.048461
-0.0063634
0.012928
0.019316
-0.017272
-0.015726
0.043362
0.20424
0.2111
-0.23713
-0.2817
-0.28895
-0.1673
-0.076541
-0.33156
-0.070933
1.2246
1.2641
0.67729
0.012146
0.0056762
-0.017628
-0.01396
-0.024594
-0.040805
-0.043828
-0.0052981
-0.010186
-0.17459
-0.19668
0.11443
0.11153
0.23595
0.093381
-0.061873
0.2065
0.20645
0.078677
0.2206
-0.059471
0.07831
0.075624
-0.033295
-0.0056544
0.0016454
0.0018615
0.01817
0.0036
0.0044253
0.016783
-0.00037883
-0.00055174
0.00015165
0.010786
0.011807
0.03388
0.034403
-0.020981
-0.013067
-0.022251
0.00049105
-0.030863
-0.031222
-0.014004
-0.014633
-0.011426
-0.011066
-0.015488
-0.015938
-0.015061
0.0077266
-0.061532
-0.034316
0.0022643
0.0018328
-0.0067034
0.025634
0.023451
-0.12863
-0.3728
-0.20162
-0.0042531
-0.010131
-0.0078058
-0.5241
-0.28847
0.065151
0.037153
-0.15814
-0.27742
-0.077923
1.0524
-0.14197
0.0070143
0.023858
0.0047609
-0.0065304
0.0306
0.032514
0.0014382
-0.01295
-0.025785
-0.017488
-0.019649
-0.059704
-0.024592
0.13809
0.2427
0.23688
-0.040243
0.0024368
-0.25911
-0.10134
-0.093843
-0.10924
0.023281
-0.0034735
-0.0086267
0.029868
-0.01125
7.5564e-05
0.014527
0.016396
0.013327
0.0039816
0.0016279
-0.0042915
-0.0039398
-0.0039002
0.0092356
0.0025865
0.00056566
0.0056817
0.0059787
0.036097
0.018443
0.033936
0.037538
-0.0011523
-0.0077946
0.0045274
-0.0058317
-0.0053009
-0.01265
-0.010374
-0.0095059
0.0038889
0.0041304
0.0033783
0.00040035
-0.0083362
-0.017258
-0.0057146
0.0052249
-0.018328
-0.025272
0.012373
0.049972
0.0084479
0.016663
-0.033902
-0.028319
-0.062151
0.33491
0.3799
-0.19745
-0.35184
-0.35183
-0.23673
-0.43776
-0.3101
-0.076179
-0.53468
-0.053182
0.42135
1.1642
-0.015402
-0.17066
-0.069769
0.012243
-0.00068466
-0.0041467
0.08967
0.016601
-0.025632
-0.00041875
-0.00068058
-0.018682
-0.015161
-0.022682
0.10505
0.2019
0.23881
0.14603
0.14633
0.15098
0.046895
-0.032789
0.019869
0.0088535
-0.0031098
0.0063876
0.013756
0.015694
0.0038273
0.011017
0.043299
0.057919
0.057491
0.012973
-0.0051675
0.0019761
0.0037629
0.0080115
-0.012834
-0.025865
-0.020783
-0.010701
-0.0025282
-0.0014931
-0.0028304
-0.013429
-0.015525
-0.0019791
0.014161
0.014884
0.00020669
-0.0063568
-0.018203
-0.016861
-0.0024632
0.0055504
-0.031413
-0.011466
-0.012644
0.01087
-0.0077421
-0.025118
-0.13901
-0.30586
-0.28124
-0.3138
-0.010725
-0.20723
-0.50236
-0.16775
-0.27055
0.0076736
1.371
1.053
-0.13898
-0.076214
0.0038121
0.0048934
0.013931
-0.0099168
-0.020294
0.0010886
-0.0025479
-0.0053294
-0.017854
-0.020992
-0.0069042
0.0081665
0.20994
0.13545
-0.16526
-0.19193
-0.18541
0.18649
0.22727
-0.032798
-0.01021
-0.0030299
5.9368e-05
0.011668
0.013796
0.0071722
0.040321
0.071844
0.060331
0.059803
-0.0059911
-0.015733
-0.00014556
-0.00081301
0.00066846
0.00079387
0.00069934
-6.0001e-05
-0.005786
-0.015482
-0.018528
-0.020375
-0.011485
-0.023541
-0.027798
-0.019045
-0.014445
0.012718
0.0057421
-0.0021599
-0.0029045
-0.0027859
-0.010447
-0.0035903
0.0037698
0.0030954
0.011303
-0.043058
-0.028271
0.021164
0.020918
0.047801
0.35459
-0.14272
-0.24509
-0.15537
-0.11928
-0.34822
-0.096817
0.067556
-0.025385
-0.062872
0.72619
0.75248
0.98552
-0.22662
0.045985
0.0062269
0.0074867
-0.0090376
0.078567
0.081501
0.0025671
-0.022691
-0.024198
0.018233
0.040655
0.051092
0.049609
0.079206
0.50137
0.25178
0.10446
-0.13194
-0.03883
-0.22895
-0.16047
-0.093467
-0.074667
0.017219
-0.016077
-0.002908
0.007366
0.0078845
0.025502
0.0070294
0.0039219
-0.0010057
-0.0036835
-0.0038832
-0.002481
-0.007647
0.0011858
0.0036125
0.0083023
0.0064838
0.01921
0.022693
0.0078259
-0.04373
-0.014762
-0.0058336
-0.0061999
-0.0050423
-0.0014166
-0.0083776
-0.0083757
-0.0092535
-0.0071532
-0.0070932
-0.0054296
-0.0034005
-0.0016347
-0.0015544
0.01247
0.010751
0.01923
0.018767
0.0038883
0.020863
-0.016792
-0.15707
-0.15867
-0.57812
-0.059423
0.13022
-0.23654
-0.089022
-0.089927
-0.22665
-0.49332
-0.35283
-0.13732
-0.017954
-0.024468
0.22602
1.2052
0.50744
0.51674
0.016516
0.014173
-0.02066
-0.020353
-0.0081281
-0.0080611
0.00094945
-0.0076279
-0.0041463
-0.0058625
-0.039674
0.015035
0.074002
0.29827
0.28592
0.092849
-0.33131
-0.34526
0.24446
0.11238
0.072387
0.054836
0.026857
-0.0039698
-0.006336
-0.0042835
-0.0016235
0.0027639
0.010899
0.0063082
0.0083499
0.033339
0.13497
0.040448
-0.012515
-0.0059
-0.002421
-0.00050834
0.0019665
0.0029719
0.0011772
0.0035246
-0.012137
-0.031782
-0.021773
-0.0092935
0.0050086
0.0007369
0.0013615
-0.019638
-0.014335
0.0015216
0.0086086
0.016631
0.016615
-0.0037637
-0.012132
-0.012308
0.014862
-0.0063859
-0.031639
0.0067737
0.020591
0.018689
0.0056178
-0.012742
-0.029469
-0.21264
-0.55438
-0.49273
0.16518
0.17717
-0.39298
-0.65683
-0.65174
-0.12626
-0.051333
0.099967
0.091337
0.064785
-0.040406
0.22648
1.2389
-0.14109
-0.13018
-0.0044315
0.0071106
-0.0030492
0.0067654
0.0022321
-0.016447
-0.0098141
-0.016555
-0.019311
-0.012663
0.26361
0.36572
0.36214
0.29591
-0.060074
-0.29571
-0.10553
-0.15984
-0.15691
-0.13621
0.22672
0.08413
0.034488
-0.0057915
-0.0023445
-0.0062425
0.0015412
0.0090711
0.0028412
0.0032552
-0.00728
0.00040929
0.00019262
-0.0022402
-0.0020785
-0.006509
0.00018596
0.0087259
0.010116
0.0055777
0.01473
0.012861
0.017602
-0.022567
-0.053622
-0.022347
0.00087799
0.011979
0.0084006
-0.00014237
-0.00047258
-0.015432
-0.016902
-0.0019025
0.0098453
0.0063835
-0.00079507
-0.0077706
-0.0084584
-0.0017085
0.0035844
-0.015893
0.020342
0.020395
0.014569
0.022461
0.8391
1.4593
1.4887
2.0101
1.781
0.74421
0.72617
1.0569
1.3239
1.3577
1.8411
2.0999
1.6612
1.3809
1.9912
1.1541
1.1667
0.77508
-0.28205
1.0562
1.0551
0.91357
0.14822
-0.033674
-0.058941
-0.1142
-0.12453
-0.11891
-0.034463
-0.25641
-0.7569
-0.75523
-0.65768
-0.3413
-0.089594
-0.025141
0.39525
0.39366
0.43431
-0.052955
-0.47819
-0.29427
-0.31491
-0.27886
-0.032224
-0.010849
-0.0097575
-0.013009
-0.01302
-0.03938
-0.024675
-0.018443
-0.017522
0.37625
0.35834
0.073654
0.27876
0.61866
0.59196
0.43182
0.64361
0.46836
-0.24753
-0.70015
-0.26982
0.18802
0.079015
0.0079235
-0.019077
-0.016163
-0.0040006
-0.0042294
-0.0041211
0.0040718
-0.021195
-0.023711
-0.025743
-0.0034269
-0.0032621
-0.0037161
-0.024302
-0.02449
-0.0042175
0.017958
0.044901
1.4162
1.4516
1.7999
2.1956
0.4967
0.90627
0.90773
1.294
0.87411
1.409
1.7332
1.7327
1.4233
1.3449
1.5407
1.2785
1.285
-0.026526
0.10892
0.57958
0.52547
0.51934
-0.13343
-0.036363
-0.064508
-0.13682
-0.31168
-0.34215
-0.23817
0.0019129
0.076576
0.32596
0.31515
-0.070519
-0.061887
0.29096
0.032895
-0.10607
-0.11185
-0.52727
-0.060567
-0.0039175
-0.0049378
-0.00084517
0.0011002
0.0013917
-0.0047912
-0.022446
-0.068513
-0.038482
-0.0023102
0.0023255
0.051023
0.21424
0.45001
0.17858
0.04262
0.02039
-0.0092754
-0.004207
-0.019035
-0.026405
0.0040943
-0.011839
0.0057527
0.011106
0.027888
0.003174
0.0035756
-0.0042251
-0.016576
-0.016177
-0.010065
-0.010195
0.0040291
0.0071759
0.0063038
-0.01886
0.0052915
-0.0027937
0.021287
-0.036541
0.58269
-0.14944
-0.84976
0.33699
0.14234
-0.04715
-0.1697
0.069706
-0.18659
0.083966
0.30428
0.57416
0.25414
0.27523
0.13816
-0.014206
0.0066727
0.016781
0.071257
0.0062366
-0.076467
-0.14559
-0.12726
-0.33443
-0.33417
-0.096988
-0.11978
-0.039163
0.014084
0.011323
0.062223
0.092346
0.089019
0.068429
0.17772
0.25197
0.22837
0.063304
-0.011978
-0.010927
-0.0030821
-0.0037922
-0.0001389
-0.0004325
-0.0029002
-0.0051304
-0.0051046
-0.0031733
-0.0010817
0.0021723
-0.0015024
0.0028783
0.0029345
0.0020482
0.0020246
0.0031273
5.5982e-05
0.0045217
0.0032488
0.0020394
0.0020253
0.0045159
0.0027166
0.0013819
-0.0070344
-0.0026502
0.00066942
0.00069739
-0.0047284
-0.0058225
-0.0036356
-0.0014592
0.0017426
-0.00036823
0.0026713
-0.0018879
0.0023571
0.002213
-0.0030608
-0.0028645
-0.0013687
0.00045371
0.00045239
-0.0027494
0.00074267
-0.00065535
0.0018364
0.0033011
0.00093334
0.0018289
0.0040811
-0.00038807
-0.00029996
-0.00030334
-0.001603
-0.0014774
-0.00042561
-0.0025385
-0.00047834
-0.00032934
-0.00041456
0.00072958
0.0041886
0.0041876
0.00081583
-0.0014377
0.0011215
0.00089602
-0.00042228
0.00059322
0.00083139
0.00083146
0.0017505
-0.0036959
0.00068335
0.00066204
-0.00037679
-0.0014383
-0.0014363
0.00078494
-0.0016229
-0.0049001
0.0028443
0.00078131
-0.0015559
-0.00046405
-0.00046884
0.00045792
0.00040077
-0.00043885
-0.0018542
0.00020648
7.8794e-05
4.3263e-05
-0.0018707
0.0028684
0.00069679
-0.00056933
0.001784
-0.0014787
-0.00065489
0.0017067
0.0016864
-0.0013008
0.0043159
0.0014549
-0.0052369
-0.0014415
0.0065966
0.00075519
0.0027621
0.0055597
0.0054981
0.0022041
-0.0027449
0.00020663
0.00024182
0.0039894
-0.0086472
-0.035434
0.29074
0.30046
0.30469
0.090124
0.25058
0.149
0.15443
-0.48776
0.063045
-0.24165
-0.22387
-0.020771
-0.1687
-0.53573
0.2001
0.16416
0.11238
-0.12956
0.04588
0.0086173
-0.0229
-0.024865
-0.0099388
-0.025657
0.0058995
0.027402
-0.012803
0.0049854
0.0089828
0.001287
0.0029578
-0.031409
-0.15036
-0.10662
-0.28913
-0.32662
-0.32831
-0.26796
-0.19263
-0.19712
-0.0055237
-0.0058632
-0.010601
-0.0018732
0.0083308
0.0021532
-0.001061
-0.0030465
-0.0029671
-0.00073717
-0.0068582
-0.0099321
-0.0098973
-0.01258
0.00675
0.0064553
0.0024166
0.00095211
0.001686
0.031632
0.026275
-0.05167
-0.019931
0.05926
-0.3094
-0.070582
-0.069261
-0.0036117
-0.007272
-0.0029723
-0.0026843
-0.018049
-0.013637
-0.018257
-0.0078226
0.0049946
0.0053374
0.0017545
-0.014774
0.0088373
0.016455
0.016518
-0.021845
-0.03617
-0.14747
-0.14741
-0.48012
-0.67296
-0.22299
0.85015
0.46871
0.4565
-0.27825
-0.01799
0.13104
0.098369
0.079095
-0.1158
0.34641
1.1185
1.1788
-0.011948
0.020263
-0.0028016
-0.0043208
-0.0066801
-0.00051212
0.0037079
0.0038552
-0.0041519
-1.996e-05
0.0009761
-0.018171
-0.143
-0.05804
-0.27401
-0.29302
-0.37742
-0.45868
-0.28757
0.019424
0.079332
0.062997
-0.034102
-0.071413
-0.078777
-0.078214
0.024852
0.040985
0.0067699
-0.0018036
0.066009
0.045207
0.017608
-0.0061471
0.0016647
0.00082235
-0.0028887
-0.0061157
-0.012192
-0.0077248
-0.0076383
-0.00060676
-0.0057739
-0.005824
-0.00063335
-0.00054341
-0.00054372
-0.0048826
-0.0040008
-0.0011231
0.0067082
0.0066832
0.0044054
0.0039154
0.0039397
0.0078431
0.0045014
0.0013869
-0.0011615
-0.0035731
-0.0013149
-0.0003634
-0.0060577
-0.00050679
-0.0015716
-0.0015846
-0.00188
-0.00085664
-0.003072
-0.0033989
-0.0033556
0.001115
-0.0018716
-0.0016559
0.00034749
-0.0012567
0.00088404
-0.0023748
-0.001244
0.0012171
0.0011897
0.00095946
-0.0047704
-0.0016033
-0.0015916
-0.0026598
-0.0016607
-0.0015999
-0.00042485
-0.0037002
0.00069192
-0.0014804
-0.00020506
0.0019695
-3.2189e-05
0.0019505
0.00084502
0.0008319
-0.0024328
0.00097248
0.00091552
-0.00039441
-0.0017001
0.0029143
-0.00040577
-0.00035869
-0.0014979
0.00057021
0.00049796
-0.0049806
-0.0027117
-0.00040065
-0.0014224
-0.001425
-0.00036882
-0.0015514
0.0028159
0.0029412
0.00083471
0.00069627
-0.0013858
0.00076056
-0.00029427
0.00078419
0.0017951
0.0018887
0.0019688
0.0017546
0.00063688
-0.0004956
-0.0014546
0.00056541
0.0029918
0.004122
0.0017952
-0.00046507
-0.0037345
0.00077382
-0.00029718
-0.0025831
0.00063519
-0.00032943
-0.0014256
-0.0003723
0.001777
-0.00034527
-0.0015441
0.0018877
-0.0024843
-0.0024558
-0.0013701
0.00071562
0.004036
0.0018324
-0.002604
0.0017167
0.00074593
-0.0013973
-0.0014478
-0.001491
0.0029434
0.0028946
0.0018477
-0.0026047
-0.0015396
-0.0014659
0.0028744
0.0051152
0.00073482
0.00080476
0.0007048
-0.0015367
-0.0025547
-0.0024583
-0.0036394
-0.0015311
-0.0015425
0.0018355
-0.0025944
-0.002592
-0.0014562
-0.0014579
-0.0025652
-0.0026051
-0.00029001
-0.0025172
-0.00035589
-0.0003926
-0.0037359
-0.0013662
-0.0036949
-0.003695
-0.0036652
-0.0014746
-0.0035855
-0.0024158
-0.0024248
0.00078516
-0.0015554
-0.0014486
-0.00043898
-0.00042544
-0.00046644
-0.0003148
-0.00031418
-0.001498
-0.00038513
-0.001434
-0.001433
-0.0036936
0.00061337
-0.0025331
-0.0036656
-0.0036648
-0.0026051
-0.00044266
0.0017473
-0.0015131
-0.0015151
-0.00034477
0.0017819
0.00083206
-0.0003347
-0.00033164
-0.003637
0.0028997
0.0076907
0.005429
0.0053851
-0.0013158
-0.00055914
-0.0026258
-0.0036984
-0.0037013
-0.00038758
-0.0014937
-0.00050891
-0.0047413
-0.0047414
-0.0014554
-0.0025619
-0.0014691
-0.0014941
0.00078465
-0.00045965
-0.0036528
-0.0036557
0.00062569
-0.0004069
-0.0038516
-0.0004377
0.0022908
0.0019489
-0.0017726
-0.0066087
-0.006397
-0.0038158
-0.0027652
-0.0028423
0.00035638
-0.010297
-0.023406
-0.057395
-0.061195
-0.04442
-0.030166
-0.029798
-0.012803
0.001614
0.047978
0.064916
0.039033
0.0055643
0.01812
0.016283
0.026567
0.023078
0.013275
0.023785
-0.0056172
-0.2369
-0.23248
-0.10347
-0.4659
-0.28405
-0.27214
-0.27067
-0.22674
0.016209
-0.013037
-0.0035629
-0.0044862
-0.0046813
-0.004221
-0.005467
-0.0073936
-0.0090569
-0.011488
-0.0031626
0.0041998
-0.00439
-0.0043843
-0.0099082
-0.19099
0.41588
1.4803
2.2407
2.0747
0.90234
1.2078
1.5896
1.2737
1.2758
1.0624
1.4296
1.444
1.2311
1.0572
1.8561
1.8208
0.7332
-0.022879
0.12039
0.45799
0.32373
0.15491
0.1282
0.031559
-0.0085283
-0.15645
-0.18905
-0.27319
-0.79856
-0.79878
-1.6358
-1.4597
-1.3626
-1.0665
-0.5363
-0.54395
-0.42068
-0.24798
-0.1475
-0.052217
0.014284
0.014632
-0.007126
-0.0089752
-0.014961
-0.0039454
-0.0045377
0.0024374
-0.00077219
-0.015323
-0.0055265
0.032772
0.033071
0.055054
0.059277
0.14647
0.030413
0.0003512
-0.0082348
-0.058905
-0.6058
-1.0139
-0.2854
-0.28302
-0.15646
-0.046384
-0.002266
-0.0094866
-0.008602
-0.018485
-0.011083
-0.014706
-0.021634
-0.050719
-0.052272
-0.036857
-0.017724
-0.027291
-0.02924
0.11151
0.12863
0.098692
0.019107
0.023153
1.2231
2.2735
1.2186
1.4194
1.5063
1.543
0.32537
-0.23616
0.45248
0.65852
1.7006
1.6134
2.0568
1.6343
0.85214
1.1687
0.20827
0.64323
0.056547
0.081645
0.12844
-0.019422
-0.10362
-0.10439
-0.48344
-1.1199
-0.4712
0.09257
-0.9317
-0.97217
-1.0962
-0.43881
-0.15572
-0.1542
-0.011429
-0.28127
-0.41774
-0.35635
-0.30558
-0.28251
-0.33766
-0.42596
-0.35617
0.13104
0.12162
0.0099211
-0.00070534
-0.01207
-0.030434
-0.030531
-0.0343
0.010351
0.029207
0.023456
0.07215
0.037685
-0.65132
-0.99195
-0.94946
-0.95166
-1.2935
-0.79047
-0.98105
-0.76301
-0.75428
-0.052759
-0.0092503
-0.074789
-0.075061
-0.11574
-0.11096
-0.095305
-0.08454
-0.098199
-0.077599
-0.054302
-0.019958
0.0052614
-0.044638
-0.040836
-0.0033336
-0.097654
-0.16321
-0.1042
-0.10861
0.093151
0.043054
0.38157
1.4603
0.69421
-0.32207
0.021897
-0.71875
0.083806
0.18878
0.21668
0.069707
0.00033714
0.077958
0.077156
0.23142
0.20329
0.087992
-0.0059015
-0.26144
0.070902
0.21989
0.0062889
0.00019814
0.0042845
0.034163
0.067229
-0.052679
-0.057106
-0.091749
-0.37772
-0.56538
-0.33916
0.32543
-0.047649
-0.038699
0.11017
0.022674
-0.18592
-0.1937
-0.20524
-0.15264
0.098661
0.14428
0.14146
-0.088714
-0.21792
-0.22793
-0.13504
0.064263
0.23573
0.31296
0.2113
0.2104
0.14733
0.1552
0.14189
0.13684
0.13722
0.13566
0.14924
0.14156
-0.006652
-0.01592
0.24027
0.12509
-0.0096737
-0.010865
-0.0094745
-0.0135
-0.015838
-0.023151
-0.019997
-0.022265
-0.032821
-0.040147
-0.050716
-0.046078
-0.036442
-0.040393
-0.013382
0.04211
0.050826
0.049519
0.052504
0.034691
0.062823
0.056193
-0.0051139
0.0022287
0.0010938
0.0056626
0.0095563
0.0070694
0.0041028
0.012284
0.019391
0.010757
0.010042
0.0047272
0.021945
0.031222
0.021406
-0.017641
-0.02423
-0.027872
0.046137
0.024289
-0.068818
-0.036355
0.0022635
0.049316
0.067713
0.040326
0.041103
0.003405
0.026606
0.028404
0.019091
0.017905
-0.0063587
-0.011419
-0.0091059
-0.0058925
-0.0036048
-0.0035629
-0.0038971
-0.0022396
-0.0021637
-0.002096
-0.0048146
-6.7422e-05
-4.7589e-05
0.00086458
-0.00041206
-0.0041545
-0.0042626
0.001574
-0.0010574
-0.0010265
0.0026126
0.0026141
0.0052733
0.0052472
0.0028216
0.0057383
-0.00085499
-0.002615
0.0014529
-0.00094641
-0.0027154
-0.0009446
-0.0021812
-0.0022636
-0.0031342
-0.0031074
-0.00087024
-0.0027032
-0.002675
-0.0023848
0.0019916
-0.00032583
0.0017316
0.00070271
-0.00026521
-0.0014518
-0.00035107
0.0019477
0.0019336
-0.00024187
0.0040906
0.0029877
0.0031078
0.00082952
0.0019341
0.0028864
-0.0036549
-0.0016132
-0.0027606
-0.0039229
-0.0039432
-0.0060821
-0.0050106
-0.0059208
-0.0025488
-0.0025594
-0.00024197
0.0029809
-0.0013264
-0.00032496
0.0030997
-0.0013162
-0.0025516
-0.00035319
-0.00025083
0.0030382
0.00080557
0.0017683
-0.0016452
0.00056919
-0.0015491
-0.0016612
0.001786
-0.00048744
-0.0048685
-0.0048528
-0.0026971
-0.0014914
0.0018971
0.00069602
-0.00045532
-0.00040767
-0.00037504
0.001811
0.0018181
0.0019503
0.00070449
-0.0013333
0.0029263
0.00294
-0.0014327
0.0029268
0.0018683
0.00074823
0.00074686
0.0006919
-0.00038474
-0.00053696
0.00069239
-0.002659
-0.002661
-0.0036667
0.0017422
0.00069347
0.00069185
-0.0014146
0.00068393
-0.00246
-0.0015579
0.0017847
-0.00037617
-0.0035756
-0.00037544
-0.0014854
-0.00037445
0.00073204
0.00073356
-0.0014968
-0.0014971
-0.0014969
-0.0025474
-0.0025451
-0.0025511
-0.00035742
0.00068228
0.00067904
0.001806
0.00062565
0.0028742
0.00082563
0.0008276
0.0007438
0.0017388
0.0018051
-0.002565
-0.0025652
-0.0036164
-0.0035346
-0.0014364
-0.0015246
-0.00040916
-0.0004105
0.00074551
0.00066666
0.00074567
0.0018134
0.0018172
0.0028358
-0.0025545
0.0028593
-0.0024456
-0.0024451
0.0018751
-0.0014741
0.00077232
0.00086428
0.00086586
-0.0025237
-0.0024192
0.0028314
-0.0024466
-0.0025799
-0.001426
-0.0014621
-0.0014591
0.00070542
-0.0025376
-0.0015498
-0.0014493
0.0017681
-0.0036678
0.00070535
0.0018601
0.00069167
0.00075903
0.00069136
-0.0025931
0.0028611
-0.003654
0.00073448
0.003961
0.0028606
0.0017652
0.0029317
0.00074635
0.00066612
-0.00042375
0.0028987
0.00081533
-0.00032011
-0.0013621
-0.0025254
-0.0026032
-0.00033249
0.00077076
0.0029255
0.00056573
0.00064028
0.00073138
0.0017304
0.0017133
0.00066635
-0.0026238
-0.0015285
-0.0026038
-0.0015155
0.00081547
0.0028036
0.0017831
-0.00027695
0.0018341
-0.00043985
-0.00029043
0.0018355
0.0017952
-0.00043833
-0.00038436
-0.0014203
-0.00031737
-0.0024537
0.0007195
-0.0014599
-0.0037188
0.0039367
-0.0003577
-0.00041329
0.0017292
0.00044585
0.00021752
-0.0011148
0.0021358
-0.00061991
-0.00063655
0.0005159
0.0007623
0.002879
0.00079589
0.00080716
-0.0025381
-0.00042103
-0.00053667
-0.0013891
-0.0017406
0.006034
0.0050733
-0.0054579
-0.0005124
-0.0025518
0.0025638
0.0052338
0.0019095
0.0041717
0.0072853
0.0095127
0.022127
0.058491
0.32095
0.5984
0.35712
-0.29666
-0.28214
-0.50542
0.30228
0.33876
-0.37192
-0.38668
-0.32661
-0.886
-0.58649
-0.79862
-0.3415
-0.48746
-0.67372
0.055991
0.48647
0.48832
0.33793
0.33615
-0.070278
-0.0033659
-0.0057032
-0.0056068
-0.0056659
0.00095847
0.01393
0.014424
-0.0020388
-0.003325
-0.02618
-0.027705
-0.033521
-0.010441
0.081988
0.14262
0.14519
0.14647
0.2011
0.3002
0.13949
0.010474
0.0085678
-0.0085763
-0.004773
0.0018667
0.0021761
-0.0035336
-0.0010802
0.021408
0.038099
0.038685
0.029472
-0.0048353
-0.0022102
-0.0054802
-0.0083284
-0.0089278
-0.0022041
0.0015142
0.0008432
0.00086202
-0.0025854
-0.0053668
-0.001921
-0.0026523
-0.0032271
-1.5954e-05
-0.0056328
-0.0033159
0.0053613
0.0044421
0.0045376
0.008213
-0.0010818
0.011604
-0.016725
-0.00099444
-0.0004623
0.013796
-0.00055022
-0.0027406
-0.077951
-0.09936
0.06361
-0.19934
-0.7837
-0.098485
0.012377
0.21204
-0.1226
-0.27361
-0.27495
-0.12001
-0.20046
0.010125
0.085051
0.12981
0.14368
0.15097
0.046461
0.064456
0.056287
0.13335
0.12462
-0.033606
0.17162
0.22015
0.21925
0.17157
-0.0084837
-0.010369
0.0096303
0.017289
-0.0036568
-0.0040463
0.0014842
-0.0051028
0.0018979
-0.010234
-0.0097862
-0.00023509
-0.00052259
0.0080143
0.0043968
0.004698
-0.005805
-0.0036934
0.0048054
0.0052267
0.010395
0.0065532
0.0087726
0.0019335
-0.012747
0.0019238
-0.00093152
-0.0012334
-0.003596
-0.0037063
0.0020043
0.0021401
0.0060246
0.004949
0.0024048
0.00028047
0.00022261
-0.00262
0.010674
-0.014821
0.01043
0.0099425
0.0048631
0.28931
0.34475
-0.20684
-0.16364
-0.18394
-0.184
-0.45694
-0.59978
-0.37033
-0.37237
-0.081822
-0.080447
-0.3036
0.14666
-0.055579
-0.028234
0.0033342
-0.12778
0.090249
0.012426
0.072653
0.11104
0.10983
0.089952
0.2447
0.36141
0.29551
0.11026
0.0067108
0.0072599
0.0067806
0.0044716
0.0075281
0.029843
-0.004116
-0.004714
0.0020349
-0.005665
-0.0036407
-0.0032687
-0.011441
0.00090456
-0.0034306
-0.00072136
-0.0045458
0.0005859
0.00041431
0.0013826
0.0035796
0.0031722
0.0032746
0.012393
0.012478
0.0026229
-0.041115
0.0034444
0.0026462
0.010085
-0.0059007
-0.020178
0.0069995
0.015056
0.013193
0.012845
0.0021528
0.0092825
0.0042835
0.0041782
0.010642
-0.0051227
-0.040341
-0.33
-0.27909
0.089698
0.23468
-0.1709
0.29151
0.28962
0.0028109
-1.1236
-0.87331
-0.064468
-0.064653
-0.2986
-0.19803
-0.30252
0.37252
0.37255
0.0084763
0.051366
0.022981
0.010686
0.012819
0.03684
0.046389
0.054208
0.00070078
0.073965
0.2985
0.3028
0.37613
0.25918
0.031852
-0.13034
-0.13172
-0.042619
0.018318
0.019076
-0.0088759
-0.0043065
0.0035432
-0.0022349
-0.0092305
-0.014328
-0.002241
-0.0023509
-0.0026083
0.001385
0.0051882
0.0031991
-0.00090662
-0.0039914
-0.0036181
-0.004125
0.0047232
0.0069982
0.0047537
0.0051798
0.0031246
-0.0037122
-0.0048819
-0.066501
-0.045559
0.0083953
0.018945
0.0091816
0.0074456
0.0040494
-0.012308
-0.017487
-0.0059079
0.013705
0.011088
0.010853
0.00024041
-0.005536
0.021779
-0.0059455
-0.0045475
0.021592
0.32506
0.87834
1.0913
1.5003
1.7028
1.8504
1.1615
0.83948
0.87436
0.99572
1.0894
1.5793
1.7483
1.8249
1.5051
1.3379
1.7505
1.6701
1.2447
0.67889
-0.093868
0.065131
0.21029
0.70509
0.45502
0.0025912
-0.035559
-0.090546
-0.15855
-0.16296
-0.063519
-0.0087563
0.3643
0.539
0.044455
0.041918
0.26261
0.27821
0.028797
-0.11534
-0.1705
-0.45658
-0.71972
-0.33671
-0.05866
-0.0028717
-0.0092617
-0.0037447
-0.0018072
-0.0098628
-0.017167
-0.017397
-0.0066553
-0.00065174
0.014473
0.045673
0.25867
0.6332
1.0823
1.0671
0.53447
0.066517
0.057428
0.22366
0.58898
0.55373
0.13647
-0.00064365
-0.006956
-0.014402
0.01442
0.0024679
-0.00030191
-0.0012045
-0.0038921
0.0061239
-0.011592
0.0086282
0.0023481
-0.0068141
-0.021632
-0.012978
0.019741
0.20234
0.75907
1.3963
1.4771
1.8185
1.8354
1.1765
0.67972
0.53054
0.84328
1.0509
0.88341
0.87663
1.0063
1.3743
1.7006
1.3386
1.9763
1.659
0.62804
0.17986
0.30843
0.76035
1.1889
0.78284
0.4138
-0.4257
-0.33688
-0.14788
-0.031165
-0.11456
-0.33302
-0.01235
-0.010032
-1.1908
-1.2133
-0.02875
-0.019382
-0.047858
-0.10538
-0.048041
-0.077647
-0.04226
-0.0034583
0.034825
0.097993
0.49112
0.56697
0.76475
0.049549
0.21181
0.77295
0.60546
-0.0091923
-0.005764
-0.0059394
-0.009065
-0.002361
-0.0019412
-0.001139
-0.0057904
-0.00029903
-0.013742
0.026648
-0.011209
-0.010974
-0.029612
0.68074
1.1715
1.1765
1.0966
1.21
1.4295
1.4389
0.86155
0.88941
1.1412
1.6592
1.3416
1.452
1.4497
1.4573
1.8591
1.3098
1.0146
0.4185
0.090118
0.22554
0.44082
0.87648
0.47161
-0.25991
-0.091323
-0.10306
-0.11393
-0.046423
-0.073446
-0.043287
-0.28048
-0.21546
-0.46891
-0.47018
-0.78122
-0.61523
-0.015975
-0.030137
-0.023334
-0.043552
-0.066449
0.016359
0.05336
0.26211
0.58628
0.94233
1.3037
0.76231
0.12974
0.075354
0.18485
0.67542
-0.009864
0.013334
0.0075439
0.0096338
0.0026422
0.0030676
-0.012039
-0.0014018
-0.018995
-0.0036468
0.012753
0.012828
0.0044757
-0.020639
0.0050709
-0.010538
0.17789
1.5575
1.5613
1.2269
0.96162
0.97955
1.2389
1.2304
1.3582
1.6711
1.5472
1.0596
1.5963
1.593
1.4182
1.4514
1.5678
1.2424
0.35973
0.68857
0.76646
0.76517
-0.17034
-0.71202
-0.42327
-0.39435
-0.19697
-0.085483
-0.043288
0.061103
0.14011
-0.088151
-0.11979
-0.16586
-0.38205
-0.013851
-0.015683
-0.063212
-0.10767
-0.024327
-0.020174
-0.033997
-0.041407
0.0081954
0.076146
0.22931
0.22943
0.51244
1.1561
1.0055
1.0089
0.43514
0.59419
0.0091041
-0.019477
0.018613
0.017564
0.018737
0.0039468
0.00864
-0.010251
-0.010715
-0.025984
-0.024358
0.003822
0.019197
-0.00090341
-0.012539
-0.013167
-0.0073185
-0.010131
0.061387
-0.21344
-0.23318
-0.22153
-0.22505
-0.50527
-0.15538
-0.067373
-0.22016
-0.23839
-0.31876
-0.20251
-0.20896
0.21627
0.4007
0.18234
0.20341
0.076851
0.096347
0.17981
0.17955
0.20989
-0.036549
-0.003384
0.061832
0.17597
0.25748
0.26531
0.34262
0.39635
0.39798
0.035445
0.02968
-0.0099887
0.0021844
-0.016356
-0.017207
-0.016212
-0.0015691
-0.0014043
-0.0018446
-0.0021254
0.014908
-0.0040216
-0.0049524
-0.004415
0.0024725
0.0027666
0.017547
0.018906
0.022196
0.012574
-0.051495
-0.020795
-0.021876
-0.007668
-0.0094857
-0.0090837
-0.021107
0.0021328
-0.0011055
0.0050093
0.0038745
0.004411
0.0011999
-0.037704
-0.040374
-0.042134
-0.035917
-0.036615
0.026663
-0.035258
-0.038209
-0.98766
-0.00016445
-0.79145
-0.13885
-0.1498
0.020396
-0.26931
-0.20037
-0.066435
-0.10557
-0.27943
-0.16106
0.22132
-0.32613
-0.30543
-0.0020444
-0.0024104
0.011708
0.015879
0.019546
-0.076697
-0.077242
-0.12607
0.12712
0.13676
0.13464
-0.1499
-0.12499
0.1579
0.062523
0.061571
-0.001336
-0.0091812
-0.001699
-0.0019088
0.0058064
0.0044917
0.0031393
0.0022802
-0.0043994
-0.0042709
-0.0065662
0.0022345
0.0012716
0.001248
0.0037036
0.0087807
0.0075604
-0.050216
-0.050072
-0.0079321
-0.0047331
-0.0089087
-0.0018384
-0.0018649
0.0010985
0.0062645
0.0013954
0.0068136
-0.0014589
-0.0067279
-0.030072
0.0081296
0.025128
-0.024581
-0.023434
-0.036945
-0.19173
-0.6542
-0.3102
-0.13035
-0.11764
-0.2112
-0.25881
-0.21121
-0.27599
-0.26217
0.0066025
-0.094995
-0.053336
-0.067654
0.30911
1.2362
-0.061869
-0.007062
-0.0061902
0.0083551
-0.005955
-0.004578
0.0025679
-0.059417
-0.19522
-0.19742
-0.050333
0.41707
0.45597
0.049692
-0.047256
-0.22499
-0.02367
0.01966
0.021551
0.013044
-0.0064904
-0.0020636
-0.0015475
-0.0015582
-0.0013235
0.0064849
0.0064599
-0.0029423
-0.0022787
-0.0079304
-0.00048466
-0.0082277
-0.00013749
-0.0047137
-0.0030987
-0.0040863
0.00064552
0.0060753
0.0071521
-0.056724
-0.019716
-0.019824
-0.022741
-0.0089633
-0.0012527
-0.00078469
0.0081161
-0.0058721
0.0020681
-0.0041076
0.0069109
0.011776
0.0066774
0.011544
-0.0077634
-0.015032
-0.0024468
0.011932
0.003974
-0.01543
-0.017994
-0.098211
-0.70044
-0.14886
-0.16257
-0.27423
-0.35323
-0.0094846
-0.28711
-0.29024
0.28179
0.19264
-0.0066518
-0.11069
-0.14048
-0.049295
0.46348
0.0018266
-0.0089141
0.0030862
0.0056169
0.0018805
-0.0038727
-0.0030964
-0.015095
-0.076632
0.33911
0.37738
0.18839
-0.030393
-0.26623
-0.10427
0.095712
0.047404
0.13271
0.13428
0.059259
0.00053166
-0.0019049
-0.0014167
0.00011748
0.006978
0.0007669
-0.003201
0.0025215
0.0026644
0.0024276
0.01742
0.0036694
-0.0078686
1.6411e-05
0.0011664
0.0067579
-0.0015306
-0.04156
-0.048014
-0.047547
-0.030954
0.0086037
0.0030274
-0.0019333
-0.0019044
-0.0020316
-0.014949
-0.0038839
-0.0021781
-0.0021701
-0.0021281
0.0034736
0.0011412
0.0011821
-0.012752
0.010418
-0.015139
0.030868
0.029773
-0.014022
-0.028581
-0.22207
-0.58086
-0.23281
-0.23933
-0.018016
-0.28968
0.0094147
0.26185
0.10306
-0.12146
0.35826
1.0858
-0.47007
-0.04717
0.007761
0.0051377
-0.0048994
0.00116
-0.000446
-0.00043243
0.0022075
-0.011456
-0.0073072
-0.05678
-0.049547
0.047756
0.34474
0.48018
0.12095
-0.38744
-0.30104
-0.38264
-0.168
0.1609
0.15455
0.099545
0.025432
-0.00028717
-0.00057784
0.0030616
0.0056046
0.010164
0.034442
0.034849
0.0034922
0.0011259
-0.012178
-0.012349
-0.00079823
0.0045445
0.0017078
0.0016953
0.014325
-0.058723
-0.048118
-0.03984
-0.038812
-0.0013412
0.015889
0.012514
-0.0020541
-0.009137
-0.0090471
-0.00054952
0.0019439
0.0035852
0.0033413
0.0084644
0.0040543
0.0014658
-0.05313
-0.015326
0.0077478
-0.010443
0.001714
-0.036332
-0.11159
-0.10547
-0.64702
-0.66489
-0.0059457
-0.26966
0.043111
0.21149
0.049424
0.18918
0.2873
1.2184
-0.33495
-0.050047
-0.023534
-0.016829
0.0029731
-0.0018866
-0.00088251
0.0009312
0.00054358
-0.0022957
-0.021483
0.0023129
-0.086684
-0.090625
-0.27897
0.014783
-0.034482
-0.035581
-0.17527
-0.049242
0.085755
0.15132
0.10518
0.069895
-0.0067516
0.002421
0.0019528
0.0023147
0.0052036
-0.0012322
0.040588
0.016597
-0.0055179
-0.006277
-0.011721
-0.0071709
-0.0049723
-0.0020032
0.0025046
0.0017289
0.0041019
0.0010667
-0.040396
-0.050692
-0.0076287
0.016474
0.014905
-0.0016209
-0.0021292
-0.0090272
-1.6333e-05
0.0074573
-0.0038954
-0.0036227
0.0068181
0.0069333
-0.0036868
0.0084535
0.00081619
-0.026386
-0.027963
0.011712
-0.00022395
-0.025466
-0.023399
-0.53881
-0.4416
-0.068542
-0.27923
-0.34166
-0.14037
-0.058511
-0.032092
-0.060826
-0.21076
0.045784
1.1235
0.7093
-0.1847
0.0029743
0.0087404
0.0031295
-0.0031
0.0041856
0.003259
-0.0068003
-0.003464
-0.032072
-0.042724
-0.11027
-0.1114
0.4778
0.56711
-0.31577
-0.0042204
-0.15123
-0.30388
0.17115
0.17287
0.18812
0.076138
0.011997
0.0003063
-3.0829e-05
-0.0027436
0.089601
0.092133
0.062506
0.020823
-0.011418
-0.0052305
-0.005515
-0.0016758
0.003992
0.0014317
0.0047302
0.00029158
0.00030903
-0.012798
-0.038679
-0.023205
-0.022488
-0.018981
-0.0028998
-0.0064693
-0.0029709
-0.0024067
0.0095385
0.017212
-0.0080144
-0.018429
-0.025277
-0.0050851
-0.009096
0.010766
0.014906
-0.041896
-0.016039
-0.0058359
0.0053918
0.0098162
-0.022215
0.012331
-0.26222
-0.31692
0.16902
0.16554
-0.032538
0.10262
0.077722
0.15372
0.2841
0.27691
0.67796
0.92648
0.15317
-0.044532
-0.01068
0.004991
0.0061092
-0.0065759
-0.0024191
-0.0011158
-0.002482
-0.18287
-0.3997
-0.40578
-0.0083079
0.32056
0.42845
-0.29119
-0.29214
-0.11646
-0.15527
-0.22597
0.20506
0.18741
0.1829
-0.014465
0.0011972
-0.0066842
-0.0025238
0.0083061
0.0049647
0.087299
0.067363
-0.0055132
-0.012342
-0.0099175
-0.0077601
-0.0029305
0.0049951
0.0015901
0.0055199
0.0058171
-0.032829
-0.069796
-0.051577
-0.017239
0.00068506
0.010641
-0.0079808
0.003274
0.005267
0.00069482
0.015897
-0.011132
-0.01116
-0.010791
-0.01327
0.0026094
0.0013171
-0.05267
-0.010833
-0.0015263
0.024345
0.02476
-0.051575
-0.067787
-0.46611
0.046072
0.046373
-0.06911
-0.56394
-0.21522
-0.18284
-0.16114
-0.15156
0.1958
0.18485
-0.74511
-0.1971
-0.19443
0.015768
-0.019968
0.002061
0.010148
0.0083288
-0.0062414
-0.0036194
-0.014088
-0.028118
-0.032715
-0.035051
0.15025
0.53538
0.043315
-0.18719
-0.18851
-0.39537
-0.31516
0.11638
0.15457
0.05923
0.052526
0.0001465
-0.0023624
-0.000245
0.0073547
0.0089489
-0.0007266
0.014451
0.11061
0.04787
0.022977
0.00077575
-0.011201
-0.015853
-0.010212
-0.00094693
0.0039433
0.0028112
-0.050756
-0.05282
0.0014651
0.018389
0.018188
-0.0067767
-0.0060289
0.00086965
-2.1601e-05
-0.0055554
-0.006623
-0.0030021
0.00082151
-0.0020083
0.011173
-0.024377
-0.025888
-0.028277
0.0029553
0.03589
-0.03344
-0.030855
-0.18785
-0.17691
0.20948
-0.5598
-0.56981
-0.6674
-0.05306
0.092657
-0.16425
-0.16805
0.0080952
0.025255
-0.0048592
0.46322
0.64367
0.66163
-0.21867
-0.056124
0.0033269
0.0037742
0.0017512
-0.00073394
-0.085447
-0.24685
0.36998
0.36124
0.47194
0.19145
-0.057343
-0.055959
-0.15962
-0.12352
-0.04591
0.20621
0.20833
0.075873
0.039478
-0.0040953
-0.004101
0.0010924
0.0052686
0.0057822
0.00020228
0.042493
0.042592
0.1003
0.030647
-0.0051896
-0.006135
-0.0059253
-0.0026098
0.0086514
0.0020712
0.0022119
0.0052851
0.0087243
-0.027021
-0.046386
-0.053107
0.0022192
-0.00079391
0.0083196
0.0080652
0.01395
-0.012129
-0.0080257
-0.0061418
-0.0052869
0.0038281
0.003559
-0.03448
0.026389
0.012887
0.028205
0.028716
-0.046338
-0.089955
-0.39733
-0.29575
0.19056
0.19248
-0.07119
-0.52874
-0.044991
-0.03383
-0.161
0.11333
0.0039806
0.055279
0.046421
0.49252
1.2096
0.2368
-0.0062311
-0.0071819
-0.0054355
-0.015945
-0.011208
-0.0015807
-0.057811
-0.13837
0.013032
0.17757
0.31864
0.093992
-0.41408
-0.41518
-0.22148
-0.020256
-0.26502
-0.10532
0.15313
0.19944
0.040905
-0.0041429
-0.0057297
-0.0047742
0.0038071
0.0036105
0.001635
-0.0025884
0.12839
0.03987
-0.0017534
-0.011505
-0.0098633
-0.0063282
0.0012714
0.0061233
0.0056667
0.0057008
0.0057526
0.0069947
0.0016438
-0.012007
-0.032754
-0.014836
-0.01464
0.00045843
0.0038894
0.012201
0.0012353
0.0013146
-0.010153
-0.0061448
0.016615
0.016325
-0.021241
0.0056104
0.013222
-0.003276
-0.0022918
-0.029422
-0.50387
-0.37394
0.069712
0.068035
-0.19614
-0.44807
0.034031
-0.11884
-0.1762
-0.17446
0.073064
0.01968
-0.0062802
-0.023618
1.0149
0.68669
-0.20552
-0.04465
-0.053243
0.0020659
0.0026592
0.0044272
-0.011527
-0.015447
-0.16599
0.25027
0.41079
0.40734
0.24542
-0.31821
-0.37238
-0.28206
-0.28593
0.047272
0.021018
-0.0038175
-0.004094
-0.0004238
0.000625
0.0077531
0.0092767
0.0030946
0.0033996
0.0042932
0.053494
0.10366
0.073891
0.0094854
0.0091776
-0.0069108
-0.0039697
-0.00013998
-0.0019116
-2.3151e-05
0.00060379
0.00096677
0.0006227
-0.026918
-0.052798
-0.055402
-0.037821
0.010147
-0.0091095
-0.0035285
-0.0053485
-0.0016303
0.0063948
0.0058895
0.0048031
-0.0042082
-0.013798
-0.00088303
-0.0062297
0.0063577
-0.018067
-0.041989
-6.127e-05
-0.001976
0.03583
-0.0095371
-0.21003
-0.58499
-0.51481
-0.2603
-0.43793
0.02461
0.019263
-0.25565
-0.25099
0.11547
0.21504
-0.055149
-0.079261
-0.04068
0.30377
1.1963
-0.056036
-0.063855
-0.027477
0.0068682
-0.0019357
-0.00016807
0.0071091
-0.063399
-0.066344
0.1303
0.23473
0.092614
0.089055
-0.30936
0.017391
0.019023
0.1112
0.11344
-0.0053539
0.10084
0.0577
-0.00038837
-0.0032843
-0.0082663
-4.7024e-05
0.015703
0.012201
0.0014263
0.077576
0.047623
0.10204
-0.005556
-0.0061354
-0.0047307
-0.0088637
-0.0028895
0.003624
0.0046355
0.0034248
0.0034466
0.0048986
0.0029235
-0.028359
-0.049822
-0.032202
-0.00091765
0.021787
0.0055599
0.0062424
-0.021165
-0.011487
0.0087163
-0.0045019
-0.0044775
0.0079919
0.0082503
0.016337
0.01766
-0.043009
-0.046636
0.042207
0.043435
-0.015145
-0.019367
-0.10336
-0.326
0.075984
0.084273
-0.15951
-0.45967
-0.21529
-0.033122
-0.22865
-0.23342
-0.15714
0.064656
-0.059349
-0.016925
-0.035678
0.32853
0.090427
-0.032663
-0.033187
0.014637
0.004894
-0.0060381
-0.0076511
-0.0022239
-0.0057672
-0.02809
-0.083826
-0.085246
0.11167
0.48375
0.37834
-0.059245
-0.23372
-0.23353
-0.28175
-0.24995
0.082445
0.202
0.19958
0.094665
0.010376
-0.0016374
-0.00045303
0.0008164
0.0063424
0.00081605
0.0018854
0.1285
0.10548
0.013306
-0.0075825
-0.0072813
-0.0087833
-0.0071835
-0.0025912
0.0086121
0.0044357
0.0076203
0.0073889
0.0070823
-0.013724
-0.062921
-0.045335
-0.045594
-0.01075
0.0082376
0.012884
-0.015676
-0.0081319
0.00089491
0.023331
-0.0082114
-0.0081078
-0.013289
-0.0093763
-0.001234
-0.058253
-0.05237
0.018635
0.064231
0.025624
0.011249
-0.027902
-0.025906
-0.010769
-0.16999
0.25335
0.19593
0.18183
-0.10573
-0.39265
-0.27928
-0.12212
-0.12878
0.022078
0.049884
-0.15009
0.026437
-0.0033115
-0.0095805
-0.01398
0.01937
0.0049044
-0.00066743
-0.0019503
-0.0073475
-0.010767
-0.12535
0.022179
0.01779
0.3694
-0.21992
-0.3331
-0.0061798
-0.13306
-0.086972
0.036168
0.17536
0.20865
0.035769
0.0045985
0.010883
0.0037764
-0.0010967
0.13871
0.16124
0.035161
-0.015839
-0.0074134
-0.011077
-0.011291
-0.0056433
0.00090879
0.0064211
0.0084118
0.0083348
0.00545
-0.030775
-0.034883
-0.034386
0.0033817
0.013126
-0.0031784
-0.00074843
0.00055641
0.0055107
0.0024209
0.00012219
-0.0063221
0.0082395
-0.015118
-0.053979
0.046538
0.027284
0.051692
-0.0023905
-0.043254
-0.10946
-0.57336
-0.14372
0.15249
-0.42751
-0.40868
-0.38844
0.10277
0.16448
-0.44482
-0.10224
-0.11212
0.62062
0.62726
-0.0036694
0.0026679
0.0041189
-0.0015872
0.0033507
-0.0025571
-0.0042158
0.0042517
-0.013077
-0.034775
-0.12164
0.10409
0.10098
0.30292
0.29637
-0.26736
0.034874
0.035298
-0.062737
-0.052188
0.22199
0.10487
0.10967
-0.0013379
-0.00096276
0.0036407
0.0041851
-0.00053012
0.0075035
0.15093
0.11199
0.11207
-0.012682
-0.0073035
-0.006497
-0.0013434
0.0032471
0.0029725
-0.0038263
-0.018743
-0.046857
-0.0037429
-0.0035911
0.010805
-0.0088215
0.00086954
0.010443
0.0098776
0.010164
0.0037828
-0.010789
-0.012963
-0.0015068
-0.00096967
-0.0026873
0.016907
-0.044534
-0.014352
-0.01321
0.033884
0.029185
-0.030067
-0.041928
-0.034772
-0.50775
-0.5163
-0.053296
-0.10502
-0.015479
0.16682
0.16583
-0.0026716
0.02091
0.21909
1.5355
-0.047252
-0.039655
-0.022659
0.0076727
0.0087557
0.0029079
-0.00089263
0.0026363
-0.0044936
-0.005476
-0.016826
-0.065178
0.055076
0.50603
0.50232
0.31337
-0.23606
-0.18173
-0.17646
-0.043498
0.063068
0.049469
-0.010597
-0.00020166
-0.0006949
0.0053057
-0.00052234
0.021536
0.021015
0.04684
0.0045657
-0.0061743
-0.0010072
-0.0081758
-0.0080433
0.0025154
0.0016594
0.0024817
0.0015254
0.00073132
-0.0054243
-0.0064231
-0.021758
-0.07138
0.012358
0.017688
0.020561
0.018374
-0.0023829
-0.0010798
0.0064068
0.0017793
-0.0044587
-0.0038043
-0.026116
-0.012713
-0.012736
0.019194
0.012311
0.011706
-0.017374
-0.15615
-0.10467
0.20983
0.20052
-0.16135
-0.54186
-0.55742
-0.17736
0.052186
0.079003
0.027595
0.080063
0.25905
0.67329
0.75304
0.98418
-0.23497
-0.05368
0.0046472
0.0078683
0.0028662
-0.0032127
-0.0018704
-0.0080464
-0.020344
-0.042507
-0.1655
-0.11913
0.42471
0.10776
0.10516
-0.1823
0.0077959
0.15487
0.15154
0.14753
0.06341
0.01888
-0.00089449
0.00070669
0.0072527
0.0007539
-0.004213
0.089342
0.067258
0.05087
-0.0091485
-0.0088657
-0.00421
-0.0047319
-0.0012231
0.0071971
0.0058193
0.0020763
0.0034067
-0.0010438
-0.019511
-0.042431
-0.048007
-0.013903
0.0067201
-0.001191
0.0055562
0.0032515
-0.0083583
-0.0041424
0.016922
-0.0027017
-0.0034245
-0.014258
0.003367
0.016198
0.016237
-0.011307
-0.054187
0.0025262
-0.0099218
0.023287
0.018707
0.012395
-0.095533
-0.36824
-0.35341
0.23916
-0.32113
-0.038018
-0.45828
-0.46964
-0.37271
0.23904
-0.059979
1.3781
-0.10528
-0.012092
-0.024463
0.008109
0.025957
0.024547
0.0042096
-0.012789
-0.0015781
-0.0089541
-0.25371
-0.25497
-0.46656
0.43112
0.34698
-0.18085
-0.18754
0.1529
0.021656
-0.20264
0.045147
0.046795
0.074816
0.013778
0.021545
-0.00023833
-0.0027256
4.694e-05
0.0041222
0.0057437
-0.00045342
0.013068
0.14425
0.078886
-0.0032142
-0.0052911
-0.0070176
-0.010284
-0.0085693
-0.00076378
0.0039286
0.0047587
0.0071905
-0.0041473
-0.027268
-0.049258
-0.047465
-0.023611
-0.018224
0.011227
0.0097841
-0.025507
-0.024194
-0.015217
-0.0012719
-0.0067378
-0.0066922
-0.0070866
-0.011227
0.0054922
0.0060795
0.005009
-0.04278
-0.044941
0.027082
-0.01102
-0.011422
-0.019953
-0.035043
-0.36044
0.10882
0.11579
0.039384
-0.20174
-0.052426
-0.46223
-0.44653
-0.29028
0.16802
0.18704
0.071411
0.15345
0.10965
0.68438
0.57803
0.0032734
-0.22772
-0.0075802
0.01483
0.0093113
0.0036833
-0.006558
-0.0040501
-0.014329
-0.053959
-0.13095
-0.13288
-0.022188
0.30244
0.30959
-0.10469
0.017556
0.041496
-0.013322
0.11003
0.18262
0.18488
0.13165
0.063414
0.019694
-0.0046861
-0.0019701
0.014942
0.012523
0.009655
0.0061975
0.12833
0.11023
0.027844
-0.00095111
-0.0091431
-0.0097448
-0.013713
-0.0016899
0.0027328
-0.00034575
0.0017954
0.0019631
-0.0021628
-0.029627
-0.061061
-0.043632
0.0014408
0.014413
0.010471
0.00095696
0.0013704
-0.0086523
-0.0086468
-0.012292
-0.0094282
0.031551
-0.02507
-0.025514
-0.01881
-0.0011479
-0.016835
-0.015044
-0.024671
-0.29402
-0.16471
0.049616
0.0404
-0.17686
-0.49639
-0.38531
-0.17345
-0.151
-0.16759
-0.1622
-0.14096
-0.051102
-0.0040561
-0.0077656
0.95085
-0.26265
-0.020299
-0.0060326
-0.0092951
-0.017567
0.0055636
-0.23873
-0.59752
-0.59433
-0.33797
0.19867
0.22514
0.10848
0.19262
0.24936
0.24921
0.29091
0.55083
1.0405
1.0425
1.0544
0.88804
0.21986
0.0039236
-0.002927
0.1382
0.14529
0.014418
0.0014227
0.0063792
0.025863
0.091418
0.12787
0.034381
0.034423
0.030162
0.0451
0.015095
0.031529
0.087401
0.086218
0.31882
0.71681
0.27084
0.012878
-0.0020132
-0.0017863
-0.00019383
0.0059683
0.0056547
0.000877
-0.0030514
8.1433e-05
-0.029496
-0.02903
-0.028726
-0.024533
0.087484
0.36325
0.12128
0.064
-1.5611
-2.3064
-2.1907
-2.1854
-1.9055
-1.8085
-1.8284
-2.1207
-2.1379
-1.043
-1.0144
-0.36772
-0.46103
-0.080133
0.00057404
-0.008195
-0.0099717
-0.016863
-0.056634
-0.25126
-0.12295
-0.053858
-0.054052
-0.37967
-0.43615
-0.43721
-0.33502
-0.22017
-0.20291
0.097506
0.01111
0.013459
0.0060159
0.0028118
-0.0025512
-0.0043348
-0.0048323
0.0013855
0.0034215
0.0039457
0.078224
0.073485
0.0029339
0.0030044
-0.0010047
0.00074558
0.0031578
0.0026246
0.004459
0.0065913
0.010452
0.045366
0.27825
0.24847
1.7369
0.77982
0.48331
0.011589
-0.006544
-0.0035978
0.0083911
0.037756
0.037203
0.14101
0.24034
0.065046
-0.01996
-0.016991
-0.051455
-0.030716
0.1061
-0.19531
-0.2315
-1.4511
-1.8309
-1.5229
-2.3758
-2.3496
-2.5869
-2.4835
-1.7214
-1.2657
-1.2656
-1.6106
-2.27
-2.1143
-1.2947
-1.3084
-1.5155
-0.50202
-0.060408
-0.025029
-0.024202
-0.025015
-0.0067745
-0.051605
-0.53156
-0.68497
-0.29142
-0.26006
-0.36681
-0.33141
-0.10531
-0.010351
-0.013149
0.0083829
0.029407
0.0055862
0.0029891
0.011703
0.041887
0.011384
-0.0065117
-0.0064894
-0.0032469
0.0032935
-0.00045209
0.00046625
0.0018134
-0.0009095
-0.0041842
-0.0013853
0.0034958
0.0060698
0.002992
0.010385
0.0067833
0.035092
0.035117
0.26927
0.2679
0.19585
0.74197
1.0087
0.50127
0.21464
0.08897
0.039703
-0.000223
0.0050118
0.00031942
0.051968
0.12063
0.0076512
0.035268
0.14045
0.75834
1.0507
0.10562
-1.0753
-1.6715
-1.3841
-1.7611
-2.2395
-2.624
-2.6479
-1.6941
-1.4388
-1.9253
-2.1297
-2.1045
-1.8767
-1.6959
-1.1645
-0.81436
-0.32936
-0.19007
0.012103
-0.03389
-0.022178
-0.023798
-0.012781
-0.015992
-0.10444
-0.081543
-0.097853
-0.77711
-0.7403
-0.51736
-0.18522
-0.21273
-0.41557
-0.18298
-0.067603
-0.015586
0.026511
0.025279
0.019358
0.0086986
0.027523
-0.0074553
-0.0019809
0.0078102
0.0097374
0.011534
-0.0011942
-0.0024069
0.0009155
0.00063053
0.0071691
0.0111
0.010135
0.0041789
0.0042343
0.026806
0.27111
0.3468
0.042183
0.1749
0.41696
0.40751
0.40502
0.065079
0.0083536
-0.00050703
0.0090013
0.0008613
0.015889
0.22347
0.50683
0.52015
0.16085
0.27385
0.50229
0.44234
0.58114
0.58564
0.85945
0.66081
-0.32388
-1.1707
-1.6674
-2.3236
-2.234
-1.1971
-2.0335
-2.0291
-1.736
-0.62362
-0.68002
-0.80841
-0.38458
0.021754
-0.016075
-0.023125
-0.014831
-0.014822
-0.015906
-0.033741
-0.11192
-0.085682
-0.087555
-0.32069
-0.36958
-0.67092
-0.40603
-0.40914
-0.42539
-0.33179
-0.011123
0.042943
0.093191
0.091539
0.097533
0.017764
0.016223
0.016342
0.0023346
-0.0074682
0.0042637
-0.00017385
3.1118e-05
0.020195
0.020343
0.0026181
-0.0016889
-0.0029803
-0.0031545
-0.0027318
0.005924
0.0058894
0.0094762
0.0094891
0.013137
0.023957
0.24019
0.40071
0.4766
0.4866
0.22277
0.084851
-0.0039212
0.0040884
0.00015076
0.0090182
-1.7326e-06
-4.8039e-05
0.0079696
0.1577
0.41927
0.4196
0.39001
0.1976
0.38578
0.25547
0.38237
0.91695
1.0484
0.67259
-0.45217
-1.3561
-1.2927
-2.0657
-2.5099
-2.9582
-2.9457
-1.8194
-1.6074
-2.5191
-2.5539
-1.7194
-1.7418
-1.1885
-1.2057
-0.70329
-0.002622
-0.025655
-0.039965
-0.050084
-0.048815
-0.061885
-0.049549
-0.021666
-0.12934
-0.075744
-0.080844
-0.05417
-0.0951
-0.20074
-0.34426
-0.33832
-0.3404
-0.14038
-0.042672
0.23892
0.23095
0.13352
0.0099363
0.0039683
0.0052337
0.0049353
-0.0069188
-0.0046774
-0.0015168
0.0062864
0.0054471
0.010132
-0.31535
0.067273
-0.011691
-0.011933
-0.016375
0.13826
0.13869
0.22368
0.22232
0.48474
0.20685
0.18739
0.41983
0.20249
-0.051391
-0.049836
-0.059262
-0.031441
0.029803
0.78342
0.35928
-0.0060076
0.32496
0.60212
0.59304
0.96028
0.33933
0.3919
0.90752
0.32982
-0.20754
-0.20177
-1.9647
-2.6078
-2.669
-2.5467
-2.0181
-1.6243
-2.3097
-2.3325
-2.4139
-2.1902
-1.7991
-1.2879
-1.3155
-1.1817
-0.37232
-0.039739
-0.06746
-0.030612
-0.07304
-0.15874
-0.034091
-0.034405
-0.03427
-0.31968
-0.079288
-0.09973
-0.082914
0.035665
-0.25696
-0.45989
-0.67577
-0.48648
-0.43957
-0.44458
0.030831
0.028757
0.45659
0.64593
0.63577
-0.020253
0.13844
0.039331
-0.0041345
-0.0047235
0.12773
-0.063362
0.35867
0.064155
0.064415
0.014884
0.053739
-0.030822
-0.021327
-0.022042
-0.11632
0.099859
0.10408
0.010493
0.012785
-0.062383
0.37647
0.17129
0.31678
0.31499
0.38229
0.52558
-0.011496
-0.0089029
-0.043596
-0.045104
-0.026594
0.016864
0.040154
0.040925
-0.061873
0.022113
0.31429
0.25608
0.25478
0.49692
0.56369
0.45108
0.44065
0.88895
-1.1672
-1.4215
-2.3248
-2.3062
-1.7746
-2.1762
-2.0898
-2.3354
-2.3446
-2.7371
-3.0553
-2.1152
-1.0916
-1.1397
-0.06705
-0.94292
0.049916
-0.09395
-0.1116
-0.11376
-0.61835
-0.10925
-0.11244
0.10794
-0.10164
0.046408
-0.056884
-0.059641
-0.20642
-0.16037
-0.58237
-0.47451
-0.47689
0.1726
0.0016111
0.047235
0.26939
0.26849
0.51147
-0.088997
-0.015014
0.040265
0.040065
0.071391
-0.020911
0.022118
0.17748
0.17754
0.080387
0.019489
0.020527
0.057674
0.055328
0.068643
0.015646
-0.023527
0.077201
0.0771
-0.048458
0.36526
0.46703
0.70284
0.70147
0.63176
0.29904
0.76465
-0.04247
-0.038569
0.013796
0.016593
0.021746
-0.022393
-0.021673
0.069921
-0.10479
0.020838
0.13154
0.13012
-0.0037658
0.1132
0.29567
0.85602
0.053465
-0.17374
-2.0531
-1.367
-1.7857
-2.3872
-2.9113
-2.2943
-1.2437
-1.9203
-2.9876
-2.0713
-2.0923
-1.7353
-1.5643
-1.6885
0.39766
0.7223
-0.1411
0.016592
0.10691
0.035061
-0.03169
-0.68303
-0.091879
-0.067825
-0.12933
0.032589
-0.12387
-0.2803
0.047797
-0.067448
-0.56293
-0.552
-0.4501
-0.33334
-0.1058
0.01269
0.12772
0.22533
0.53578
0.15954
0.011527
-0.007055
0.082621
0.048916
0.1195
-0.097825
0.11827
0.19048
0.061106
-0.0095519
-0.00022421
-0.015825
-0.033337
0.0146
0.036212
0.073514
-0.082528
-0.053434
0.30289
0.78656
1.188
1.3311
0.079751
0.35573
0.50648
0.74324
-0.0066175
-0.0080417
0.027182
0.051926
0.0011598
-0.098692
0.0091691
-0.0089597
0.026879
0.055651
-0.01776
-0.031433
-0.0159
-0.088148
-0.19676
-0.20055
-0.40069
-0.61555
-1.4268
-0.91165
-1.3484
-2.5922
-2.8433
-1.9798
-1.6787
-1.1954
-2.1705
-2.2478
-2.6664
-1.9649
-2.0386
-2.0872
-0.31193
-0.23595
0.10193
-0.068892
0.043422
-0.74526
-1.5583
-0.62923
-0.055438
-0.019461
-0.11911
-0.20314
0.062477
-0.010886
0.078071
-0.29096
-0.51363
-0.16496
0.23327
0.12404
0.35134
0.41336
0.40694
0.65303
0.63943
-0.26064
0.13437
0.076467
0.099801
0.067776
-0.012731
-0.011676
0.15349
0.23682
0.04787
-0.030541
0.02319
-0.11837
-0.032015
-0.037694
-0.088358
0.007169
0.01271
0.79134
1.6359
1.1123
1.1119
0.19743
0.37926
0.91137
-0.054317
-0.055296
-0.025796
-0.0229
-0.082549
0.14028
0.071814
0.081706
0.062288
0.12208
0.021686
0.021778
-0.025001
-0.046039
-0.079495
0.0077975
-0.044875
-0.044283
-1.6174
-1.7843
-0.99158
-0.96604
-2.8815
-2.6081
-1.3418
-1.2804
-1.2693
-1.0395
-1.5873
-2.5238
-2.2218
-2.2112
-2.2146
-1.4851
-0.68241
0.31725
-0.015231
0.0071465
-0.087926
-0.4407
-0.24703
0.023755
-0.37067
-0.94047
-0.59304
0.097146
-0.051327
-0.084941
-0.1203
-0.2307
-0.31523
-0.14354
0.011994
0.012564
-0.002047
0.0010764
0.033217
0.072451
0.052823
0.0054245
0.063197
-0.058822
0.067337
0.033596
-0.0081372
-0.0065369
-0.055571
-0.0044542
0.046151
0.045743
0.053795
0.0019986
0.018431
0.024602
-0.092535
-0.09274
0.14816
0.32942
0.25427
0.50961
0.39342
0.40298
0.40312
0.016947
0.017589
0.014149
-0.0058701
-0.11159
-0.033631
-0.035522
-0.03682
0.028158
-0.075173
-0.015846
-0.066782
-0.068971
-0.06811
-0.097368
-0.066023
-0.031999
-0.031492
0.037387
0.057569
-0.065951
-0.032447
-0.088488
-0.0055647
-0.014385
-0.069777
-0.067838
0.074318
-0.029187
-0.024874
0.057257
-0.04894
-0.049062
0.048803
-0.0011233
-0.011168
-0.11224
0.0012274
-0.092464
0.048584
0.053749
-0.034428
0.02142
0.019886
0.0047999
0.051436
0.010493
0.053863
-0.0876
-0.00072851
-0.17238
-0.0001068
-0.00072772
0.0055258
0.0059775
-0.046896
-0.061736
-0.061421
0.10325
0.053175
-0.051343
0.0031431
0.0031413
0.041483
0.053972
-0.0056454
0.0074455
-0.027241
-0.027415
-0.0082545
-0.030005
0.11211
0.11222
-0.0051676
-0.015123
0.017291
0.052088
0.051633
-0.0033196
0.081114
-0.043025
-0.042912
0.12447
-0.07695
-0.034793
-0.043222
0.055935
0.055933
0.01935
0.0061387
-0.013589
-0.024734
-0.024997
0.0035755
0.00042476
0.0038485
0.057774
0.0046248
0.048679
0.019191
0.086115
0.086042
-0.068338
-0.0094862
-0.070681
0.077689
0.011081
0.011356
0.0037258
-0.012819
0.042522
0.053655
0.099804
-0.027124
0.060811
-0.057661
-0.057749
0.017683
-0.043265
0.010873
-0.020448
-0.0545
-0.054418
0.070723
-0.088309
0.086949
0.050327
-0.035733
-0.00018467
-0.1324
0.010759
0.047617
-0.097536
-0.093334
-0.019514
0.034977
-0.052492
-0.052509
0.031293
-0.056777
-0.033244
-0.010801
0.029773
0.029167
0.043075
0.011862
-0.048084
0.071073
-0.019517
-0.068079
-0.1065
-0.026215
0.0026517
0.020033
-0.029712
0.033598
0.033562
-0.11166
0.095438
0.021329
0.017621
0.01772
0.013129
0.052481
0.11167
-0.079812
0.040258
0.04056
-0.025854
0.057327
-0.00090747
-0.0010252
0.043356
-0.085504
-0.066915
0.11472
-0.015636
-0.015629
-0.026137
0.040022
0.011581
-0.027804
0.062233
0.021777
0.021703
-0.072472
0.026617
0.035027
0.037054
0.036737
-0.0022166
-0.058583
-0.028254
-0.011702
0.027228
0.027543
0.069968
-0.021829
-0.0039607
0.039267
0.039238
-0.078175
0.03247
-0.24602
-0.092892
0.0031854
0.0031406
0.056687
-0.10502
-0.14394
-0.01674
0.085028
-0.011167
0.016524
-0.057543
-0.057571
0.069131
-0.01452
0.05305
0.038447
0.038393
0.060791
0.063103
-0.041659
-0.041646
-0.042173
-0.064538
0.033242
-0.03276
-0.032643
0.024301
-0.02151
-0.011805
-0.043205
-0.043199
-0.034824
0.040827
0.053145
0.052877
0.06022
-0.063818
-0.036155
-0.022586
-0.022584
0.031025
-0.011343
-0.015066
-0.01516
0.078226
0.12153
0.0060134
-0.047353
0.070447
-0.088698
-0.088733
-0.099994
-0.024793
0.058404
0.058403
-0.005727
0.019707
0.034572
-0.015413
-0.015309
-0.023332
-0.016847
0.021552
-0.002577
0.059896
-0.018606
0.022699
0.10463
0.10463
0.12947
0.049731
0.0077279
0.067172
0.01642
0.01618
0.014454
0.076954
0.046202
-0.00019349
0.0165
-0.082116
-0.10008
0.052382
0.074831
-0.0088589
0.078784
0.035743
0.11955
0.11933
-0.010287
-0.049053
-0.039534
-0.10087
0.019588
0.019599
0.042092
0.0513
-0.02539
-0.069785
-0.0019485
0.056328
-0.12193
0.017256
0.017269
0.0064468
-0.048023
0.05974
0.12755
0.0090041
0.0086755
-0.066528
-0.13461
-0.0016998
0.049944
0.014357
0.020428
-0.056944
0.029643
0.029545
0.022183
0.015191
-0.09074
-0.10088
-0.1007
0.049552
-0.0021203
-0.040394
-0.026053
-0.026144
-0.0068566
-0.029638
0.025246
-0.024068
0.013611
0.013631
0.046946
-0.052322
0.06708
0.0017753
0.0018601
-0.053039
0.032117
0.062207
0.071562
-0.13134
0.043457
0.091941
0.10033
0.077976
0.024872
-0.021263
0.051682
-0.029196
0.11478
0.1148
0.019458
-0.036081
-0.077479
-0.0019275
-0.0027069
-0.030139
0.04398
0.10764
0.10755
0.00093581
0.11302
-0.089973
-0.026243
-0.096651
0.082119
-0.041472
0.00050852
0.023818
-0.096085
0.10369
-0.018279
0.10619
-0.027557
0.044534
0.012338
-0.033793
0.046976
-0.058795
-0.058821
0.06669
0.018463
0.0061018
-0.033954
-0.10483
-0.10481
0.011813
0.033269
-0.093783
-0.093982
-0.016307
0.085176
-0.025172
0.077321
0.077356
0.034911
-0.075703
-0.064333
0.10099
0.013204
0.013163
-0.034039
-0.077868
-0.07469
-0.074692
-0.0028103
0.028687
-0.05712
-0.018947
-0.018989
0.021044
0.067663
0.059491
-0.016245
-0.016081
0.056592
0.015483
0.0036871
0.02769
-0.078437
-0.078354
0.047356
0.084654
0.04737
-0.050376
-0.034386
-0.041447
0.042288
-0.037081
-0.037053
-0.09982
-0.057322
0.021175
0.021163
-0.02373
-0.0513
0.031528
-0.0041547
-0.054168
-0.054173
-0.0289
0.014434
-0.071617
0.039223
-0.12201
-0.00074427
0.015771
0.0025391
-0.045015
0.081062
0.034864
0.10893
0.06222
0.062362
-0.060759
-0.067636
-0.0087821
-0.090904
-0.016003
0.022831
-0.026853
0.060241
0.055863
0.013008
0.075035
0.022124
-0.02652
0.13098
0.13098
-0.062879
-0.0076393
0.057143
0.057086
0.14553
-0.015119
0.024571
-0.16202
-0.14773
0.018501
0.018284
0.010667
-0.060747
-0.095037
0.039601
-0.059854
-0.059859
0.033943
0.034011
-0.17904
-0.021233
-0.0051463
0.091181
0.069027
0.069024
0.0015209
-0.060677
0.060613
0.060617
-0.040659
0.024275
0.091465
-0.018698
-0.016205
-0.016343
0.055582
0.14156
-0.17818
0.079122
0.079118
0.0020933
0.015203
-0.014039
-0.014048
-0.00065463
0.028482
-0.11495
-0.0064383
-0.0065076
-0.037979
0.066053
-0.024306
-0.10842
0.047572
0.047557
-0.088152
