-0.018993
-0.020399
-0.022351
-0.027604
-0.02985
-0.025629
-0.0215
-0.020778
-0.014395
-0.00053264
0.011095
0.018014
0.034467
0.061806
0.077314
0.07531
0.076936
0.088763
0.083743
0.064646
0.054361
0.061325
0.071856
0.077073
0.079259
0.076751
0.07477
0.071473
0.054569
0.01656
-0.024278
-0.057847
-0.071092
-0.061295
-0.040106
-0.016753
-0.0025689
0.0039036
0.00084029
-0.0040211
-0.0035469
0.00038715
0.0025687
0.004847
0.0027096
-0.003661
-0.0069524
-0.0072405
-0.0012764
0.0030022
-0.0049418
-0.013885
-0.010046
0.0052822
0.023167
0.032376
0.030935
0.020237
0.0051332
-0.0056248
-0.015673
-0.032164
-0.046216
-0.046214
-0.035615
-0.023496
-0.011837
-0.0028949
-0.0013708
-0.0028393
-0.015291
-0.050629
-0.083602
-0.097282
-0.097518
-0.096175
-0.095945
-0.095448
-0.091729
-0.083717
-0.080242
-0.080701
-0.075268
-0.058126
-0.039756
-0.028745
-0.015714
0.039461
0.14497
0.22968
0.24941
0.24136
0.2329
0.21235
0.18719
0.1678
0.16721
0.1854
0.2129
0.22895
0.21343
0.16844
0.098873
0.030949
-0.022808
-0.044239
-0.038009
-0.032158
-0.039875
-0.051203
-0.059121
-0.060789
-0.054258
-0.043689
-0.03932
-0.035477
-0.027815
-0.029368
-0.040293
-0.050588
-0.060534
-0.072532
-0.084997
-0.084686
-0.065639
-0.042445
-0.015071
0.016272
0.026105
0.0103
-0.01587
-0.043791
-0.060595
-0.061537
-0.065448
-0.071738
-0.061192
-0.041313
-0.017036
0.011129
0.021995
0.012795
-0.0078775
-0.043238
-0.075188
-0.088731
-0.093877
-0.09741
-0.0997
-0.10228
-0.10745
-0.11275
-0.11082
-0.10441
-0.10002
-0.089519
-0.068372
-0.043761
-0.023449
0.0062205
0.058758
0.10387
0.13381
0.15343
0.17117
0.1972
0.20445
0.19381
0.18657
0.18898
0.19744
0.20949
0.22132
0.20022
0.1341
0.05128
-0.015112
-0.04569
-0.029398
0.015819
0.042875
0.034042
0.00917
-0.01684
-0.037522
-0.041489
-0.033874
-0.029116
-0.039277
-0.060609
-0.072819
-0.075931
-0.073374
-0.068875
-0.064834
-0.063742
-0.06498
-0.052697
-0.021576
0.01334
0.041102
0.050569
0.036818
0.0074665
-0.02464
-0.041088
-0.042626
-0.040666
-0.031304
-0.017706
-0.010675
-0.015058
-0.025966
-0.02528
-0.0099605
0.0021319
-0.010957
-0.05128
-0.092718
-0.10707
-0.099759
-0.089763
-0.089577
-0.10029
-0.10935
-0.11431
-0.11987
-0.11774
-0.10661
-0.092805
-0.072289
-0.050347
-0.011332
0.047257
0.086505
0.097467
0.093138
0.10279
0.12705
0.14546
0.15601
0.15796
0.15541
0.16235
0.17496
0.19524
0.21366
0.19686
0.13446
0.053259
-0.003516
-0.021528
-0.0074029
0.0090774
0.0043861
-0.01481
-0.020358
-0.017678
-0.014299
-0.0096554
-0.0092765
-0.022012
-0.038256
-0.048213
-0.058002
-0.071113
-0.080618
-0.078471
-0.07107
-0.062971
-0.042994
-0.0074726
0.027185
0.050705
0.064804
0.062413
0.040653
0.0090517
-0.022311
-0.043874
-0.050988
-0.042824
-0.028083
-0.015374
2.3606e-05
0.01704
0.024263
0.013934
-0.017096
-0.057748
-0.092338
-0.11131
-0.11224
-0.10248
-0.13832
-0.22255
-0.24827
-0.19514
-0.12424
-0.066338
-0.032684
-0.018061
-0.0089787
0.013658
0.049616
0.079408
0.089696
0.097438
0.10443
0.10773
0.12161
0.19617
0.33737
0.3896
0.33815
0.24886
0.12854
0.022562
-0.03039
-0.025431
0.015988
0.055464
0.057162
0.019356
-0.026523
-0.055434
-0.06038
-0.049328
-0.03342
-0.019004
-0.0089793
-0.00090941
0.0013743
-0.0089106
-0.026576
-0.044757
-0.060556
-0.069778
-0.071477
-0.068886
-0.061925
-0.051967
-0.03441
-0.0074145
0.024593
0.054073
0.066271
0.057503
0.031314
-0.0021391
-0.029824
-0.043562
-0.044449
-0.038035
-0.028059
-0.017556
-0.00052507
0.021827
0.030881
0.021916
-0.0062607
-0.051899
-0.09582
-0.11487
-0.11258
-0.098215
-0.090324
-0.096291
-0.11031
-0.12466
-0.15051
-0.18728
-0.17366
-0.11381
-0.055245
-0.003943
0.048199
0.087835
0.099438
0.095768
0.096914
0.11351
0.13074
0.14513
0.16295
0.16363
0.15443
0.1593
0.17464
0.18657
0.19202
0.1628
0.097726
0.031199
-0.004049
0.0017005
0.038652
0.071562
0.070073
0.034557
-0.0056758
-0.032898
-0.042469
-0.041434
-0.032716
-0.018199
-0.005982
0.0019759
0.004485
-0.0019944
-0.019711
-0.041638
-0.05693
-0.06538
-0.07071
-0.07345
-0.070897
-0.059522
-0.039824
-0.016408
0.0067787
0.032668
0.055194
0.058449
0.038445
0.008902
-0.016992
-0.031486
-0.040699
-0.04675
-0.043213
-0.028961
-0.011494
0.0016386
0.010338
0.013053
0.014039
0.022763
0.024032
0.0075455
-0.018858
-0.055717
-0.089256
-0.10478
-0.10514
-0.098594
-0.093639
-0.097382
-0.11087
-0.12019
-0.12277
-0.12102
-0.1118
-0.097315
-0.076027
-0.054393
-0.041846
-0.035209
-0.029436
-0.012902
0.020102
0.048402
0.067345
0.084902
0.10138
0.1184
0.14665
0.17378
0.18728
0.18444
0.17768
0.17151
0.17509
0.18449
0.19382
0.18259
0.13286
0.057914
0.0020349
-0.013203
0.0030334
0.033647
0.049107
0.035845
0.0085671
-0.012442
-0.024941
-0.029709
-0.028462
-0.020837
-0.010289
-0.0060846
-0.0088598
-0.016483
-0.026787
-0.039398
-0.052776
-0.084415
-0.12387
-0.11598
-0.059309
0.00073412
0.047737
0.068011
0.05613
0.026099
-0.0050455
-0.024918
-0.031339
-0.031679
-0.028389
-0.022914
-0.017586
-0.014372
-0.009905
-0.00053298
0.0031433
-0.01276
-0.047457
-0.084887
-0.10214
-0.10224
-0.097041
-0.10211
-0.11558
-0.12092
-0.12507
-0.1288
-0.12713
-0.11966
-0.10422
-0.088916
-0.072677
-0.057305
-0.048245
-0.039815
-0.014864
0.027577
0.062921
0.081517
0.087751
0.097092
0.11145
0.18179
0.3399
0.41358
0.36735
0.29317
0.20993
0.11328
0.033069
-0.0075026
-0.0057025
0.028316
0.063934
0.073552
0.047975
0.010101
-0.0082945
-0.010884
-0.012345
-0.015464
-0.0112
-0.0035442
-0.0033568
-0.010471
-0.023081
-0.039186
-0.05543
-0.066381
-0.073654
-0.089487
-0.098667
-0.071283
-0.016186
0.035267
0.057163
0.042194
0.011407
-0.012971
-0.030066
-0.040859
-0.042569
-0.035113
-0.021748
-0.0056542
0.0032064
-0.0006078
-0.0084001
-0.0083083
0.00029636
0.0043018
-0.0018925
-0.019131
-0.049548
-0.080169
-0.10012
-0.11056
-0.10815
-0.10567
-0.11118
-0.11484
-0.12255
-0.13049
-0.12952
-0.12157
-0.10914
-0.094563
-0.078359
-0.057739
-0.041898
-0.032048
-0.011367
0.025654
0.060316
0.072656
0.085623
0.15748
0.28086
0.33295
0.29462
0.24112
0.21289
0.2098
0.18148
0.11309
0.036816
-0.0088025
-0.0099942
0.022376
0.058629
0.066895
0.043306
0.0044826
-0.025614
-0.038678
-0.038484
-0.031203
-0.019851
-0.0099228
-0.0019173
0.0021881
-0.0063593
-0.025394
-0.043525
-0.055281
-0.063211
-0.068578
-0.069406
-0.065938
-0.058135
-0.036262
-0.0010725
0.032064
0.06136
0.080036
0.072668
0.0455
0.014588
-0.0099168
-0.024816
-0.032487
-0.030734
-0.021665
-0.013061
-0.01106
-0.012302
-0.010477
-0.0013966
0.013438
0.026048
0.029544
0.01894
-0.0051908
-0.046421
-0.092037
-0.11804
-0.12786
-0.12225
-0.11011
-0.11281
-0.12323
-0.13086
-0.13401
-0.12533
-0.10852
-0.095119
-0.084319
-0.07058
-0.061259
-0.058972
-0.052725
-0.027886
0.015288
0.053324
0.071137
0.081466
0.085857
0.094274
0.12444
0.15092
0.15914
0.15873
0.15832
0.1598
0.17511
0.19655
0.21209
0.19243
0.12931
0.051261
0.0061093
0.0053562
0.035972
0.066509
0.062233
0.029289
-0.0071643
-0.031988
-0.034806
-0.024519
-0.010832
0.00011447
0.006175
0.0037243
-0.0045062
-0.013199
-0.025833
-0.043523
-0.061078
-0.074051
-0.080344
-0.078243
-0.064613
-0.041337
-0.012348
0.020892
0.052759
0.073014
0.076256
0.061335
0.031882
0.00053304
-0.017691
-0.02593
-0.030204
-0.027483
-0.020076
-0.012452
-0.0091178
-0.010948
-0.016588
-0.02065
-0.01378
-0.0015965
0.0025418
-0.0041532
-0.021914
-0.052688
-0.084805
-0.1044
-0.11124
-0.10794
-0.10219
-0.10785
-0.1212
-0.12934
-0.13345
-0.13422
-0.12525
-0.10614
-0.085896
-0.071997
-0.064347
-0.059156
-0.051402
-0.028089
0.01583
0.052015
0.067678
0.076747
0.088973
0.10264
0.12556
0.14892
0.16187
0.1717
0.18615
0.19664
0.20927
0.22416
0.23153
0.20546
0.14071
0.058329
-3.0446e-05
-0.0093806
0.020504
0.055484
0.061037
0.037323
0.0076579
-0.015911
-0.026832
-0.02163
-0.0086942
0.0025976
0.0086237
0.0087124
0.0029198
-0.010368
-0.027411
-0.039969
-0.049273
-0.052462
-0.052208
-0.054113
-0.053629
-0.043447
-0.02234
0.0037662
0.027784
0.052019
0.068969
0.058482
0.025433
-0.010108
-0.034393
-0.043013
-0.03559
-0.017967
-0.003704
0.0050741
0.011893
0.011393
0.0043814
-0.00048841
0.0033158
0.016019
0.026482
0.025805
0.011228
-0.015905
-0.040423
-0.051026
-0.048988
-0.043838
-0.045332
-0.055192
-0.064138
-0.068402
-0.06989
-0.064553
-0.060142
-0.0603
-0.05454
-0.043904
-0.036612
-0.033566
-0.033457
-0.032846
-0.028521
-0.024872
-0.020645
-0.01227
0.0056825
0.024685
0.045138
0.047061
0.032278
0.012765
-0.0043704
-0.023069
-0.031503
-0.022638
-0.0083024
-0.010453
-0.034448
-0.065512
-0.07683
-0.05849
-0.016106
0.034486
0.074709
0.086195
0.068574
0.045432
0.041737
0.051461
0.062334
0.071532
0.071675
0.061081
0.052191
0.048506
0.045322
0.043964
0.044939
0.045084
0.046926
0.051933
0.050142
0.034436
0.013962
-0.0020234
-0.0065643
0.0048516
0.034888
0.057574
0.047348
0.018514
-0.0085895
-0.028278
-0.040625
-0.041925
-0.025145
0.0018425
0.021835
0.022745
0.020379
0.02255
0.012763
-0.0035694
-0.012985
-0.021473
-0.031446
-0.034643
-0.030262
-0.025783
-0.031271
-0.0454
-0.063381
-0.083353
-0.10321
-0.11503
-0.11432
-0.10998
-0.10848
-0.10894
-0.10293
-0.089757
-0.079057
-0.072481
-0.066459
-0.062653
-0.066767
-0.085787
-0.092071
-0.06507
-0.021746
0.018604
0.047195
0.06055
0.05721
0.033239
-0.0053254
-0.037381
-0.055661
-0.045952
-0.015025
-0.0030993
-0.021385
-0.032236
-0.015766
0.016788
0.044483
0.06144
0.06609
0.062399
0.056396
0.060222
0.078256
0.10107
0.11371
0.11929
0.12356
0.12429
0.12227
0.11974
0.11669
0.10976
0.10051
0.092072
0.081308
0.06895
0.062911
0.056382
0.048513
0.050264
0.054963
0.065306
0.077834
0.074486
0.055067
0.03527
0.021249
0.010055
0.0014918
-0.0035776
-0.0069732
-0.0077397
-0.0039788
-0.0010868
-0.0019473
-0.0016086
0.0027999
-0.0042834
-0.029785
-0.066185
-0.097891
-0.10497
-0.09856
-0.094681
-0.094321
-0.10625
-0.12322
-0.13827
-0.15611
-0.16749
-0.16724
-0.16404
-0.15895
-0.15457
-0.15003
-0.13718
-0.12743
-0.12419
-0.1191
-0.11106
-0.11683
-0.1306
-0.12166
-0.095782
-0.061987
-0.052045
-0.060272
-0.061098
-0.042988
-0.0063664
0.022723
0.02525
0.0023216
-0.032034
-0.066521
-0.078613
-0.048962
0.012603
0.070458
0.090176
0.070402
0.041746
0.025585
0.025738
0.043724
0.068003
0.10051
0.13442
0.13621
0.11023
0.082416
0.060869
0.049038
0.043641
0.040337
0.039391
0.039297
0.032598
0.022048
0.014196
0.010348
0.013925
0.024515
0.033249
0.035084
0.035121
0.0353
0.033102
0.029701
0.027932
0.029395
0.031888
0.032645
0.031798
0.028801
0.026536
0.027229
0.025945
0.024099
0.025707
0.020295
0.0054228
-0.0055487
-0.0078495
-0.0036287
0.00047162
-0.00081738
-0.0038693
-0.0068145
-0.0077191
-0.0041883
0.00012984
0.0031499
0.0054473
0.0058207
0.0045526
0.0040053
0.0020612
0.00034938
0.0046985
0.008847
0.0059384
0.0011647
0.0030557
0.009728
0.011633
0.0092461
0.0074299
0.0042098
0.0013529
0.00073215
-0.00049456
0.0016577
0.0068699
0.0081082
0.0036405
-0.0031069
-0.0035478
0.0014847
0.0023894
0.00032975
-0.0024402
-0.0044428
-0.0023207
0.0016605
0.0036333
0.0010597
-0.00022253
0.0025429
0.0030331
0.0013577
0.00028035
-0.00019796
-0.0002918
0.00097888
0.0034559
0.0042492
0.002973
0.0029583
0.0033828
0.00078307
-0.0019194
-0.00064541
0.0015441
0.0017408
0.0011741
8.4786e-05
-0.0043562
-0.013717
-0.02136
-0.024563
-0.027083
-0.029321
-0.030979
-0.031347
-0.03107
-0.033591
-0.037359
-0.041603
-0.047373
-0.051591
-0.055048
-0.059243
-0.061661
-0.064496
-0.072433
-0.082205
-0.089639
-0.090045
-0.084704
-0.085365
-0.091052
-0.090168
-0.085869
-0.080743
-0.071362
-0.057437
-0.042704
-0.032863
-0.031901
-0.030607
-0.018133
-0.0013186
0.018081
0.039548
0.056171
0.066968
0.079537
0.089941
0.086696
0.079004
0.075146
0.070164
0.064312
0.076115
0.095962
0.091992
0.074223
0.060836
0.065714
0.084465
0.10554
0.12294
0.12863
0.12329
0.10533
0.085425
0.071543
0.061713
0.062459
0.077052
0.091949
0.097457
0.095267
0.090625
0.082943
0.074752
0.071932
0.073804
0.075935
0.080481
0.085945
0.091626
0.10638
0.12678
0.13737
0.1324
0.10923
0.079354
0.062268
0.05641
0.045131
0.023832
0.0027845
-0.013737
-0.029658
-0.040717
-0.043627
-0.03971
-0.03563
-0.03513
-0.034766
-0.038546
-0.057964
-0.091362
-0.12721
-0.15534
-0.16866
-0.17347
-0.1804
-0.19195
-0.20157
-0.21031
-0.22122
-0.22749
-0.22833
-0.22017
-0.20719
-0.19216
-0.17499
-0.16297
-0.15417
-0.14534
-0.13589
-0.11727
-0.089481
-0.055346
-0.025608
-0.016824
-0.01528
-0.0017939
0.0099036
0.012321
0.0082444
0.0017091
0.003862
0.017636
0.03827
0.061527
0.06279
0.037159
-0.00047048
-0.032241
-0.035735
-0.0096082
0.033071
0.071141
0.081316
0.064694
0.045179
0.034697
0.032539
0.04108
0.055421
0.066745
0.073451
0.070107
0.056053
0.038518
0.02513
0.020582
0.023051
0.031054
0.045272
0.056433
0.0559
0.047357
0.03773
0.026789
0.014901
0.011116
0.014468
0.019689
0.028579
0.036018
0.038648
0.03749
0.03114
0.020992
0.015688
0.018453
0.023876
0.028225
0.032557
0.035308
0.032302
0.028986
0.029404
0.02983
0.029932
0.029925
0.027843
0.024684
0.024247
0.028419
0.030023
0.021608
0.010675
0.0039475
0.00027523
-0.0021703
-0.0056788
-0.0075496
-0.0066641
-0.0067153
-0.0082404
-0.0074893
-0.0030951
0.00095351
0.0025443
0.0015633
-0.002617
-0.0059201
-0.004173
-0.00088867
0.0017023
0.0042445
0.0066834
0.0086015
0.010093
0.011401
0.0088662
0.0058783
0.0066573
0.006476
0.0040465
0.0017241
0.00028777
-0.00031612
-0.00041049
-0.0002933
-0.00014554
-4.1026e-05
1.0281e-05
2.4366e-05
0.0011514
0.0033866
0.0040602
0.0028116
0.0013503
-5.0152e-05
0.00022
0.0028937
0.005431
0.0054593
0.00037005
-0.0050443
-0.0023739
0.0020853
0.0024312
0.0047753
0.0080877
0.0065731
0.0039321
0.0046867
0.0052152
0.0034939
8.2333e-05
-0.0026703
-0.0011152
-0.00060599
-0.0021851
0.0011744
0.0061537
0.0056367
0.002266
0.0013989
0.00017789
-0.0038245
-0.0057981
-0.0059051
-0.0037837
0.0033881
0.0081603
0.0048638
-3.78e-05
-0.001727
-0.0036604
-0.0029956
0.00030623
0.0013426
0.0031887
0.0046425
-6.3663e-05
-0.0071669
-0.0074551
-0.0013192
0.0032728
0.0016976
-0.0014453
-3.4918e-05
0.0024443
0.0004376
-0.00042009
0.003389
0.0034745
0.00025904
0.0010231
0.001354
-0.0025432
-0.0053814
-0.0048396
-0.0028834
-0.00115
-0.00012741
0.0022508
0.006208
0.0053151
-0.00088786
-0.0027211
-0.00038782
0.00056495
0.0011287
0.00026283
-0.0016591
-0.0037008
-0.0045936
-0.0041177
-0.004875
-0.0024704
0.0025885
0.0042922
0.003963
0.0050279
0.0048928
-0.0011106
-0.0052177
-0.0045443
-0.0026534
0.0014053
0.0018657
0.0006957
0.00047045
-0.0011068
0.00074172
0.0030891
0.0007864
-0.0029295
-0.0022572
0.0018638
0.0037045
0.003883
0.0025712
-0.0016512
-0.0056253
-0.0041052
0.0034162
0.0083068
0.0034524
-0.0014751
-0.0011091
-0.0040959
-0.007157
-0.0036276
0.00090226
0.0030435
0.0070808
0.0065482
-0.0024144
-0.0066245
-0.0041305
-0.0013162
0.00058164
0.0010713
0.0044688
0.0098514
0.013147
0.015395
0.017112
0.0183
0.019831
0.022917
0.026539
0.030128
0.033771
0.035188
0.036262
0.039993
0.042388
0.042541
0.046216
0.05293
0.057139
0.059987
0.062603
0.062278
0.063048
0.068072
0.07104
0.070601
0.072855
0.077024
0.078434
0.078116
0.07636
0.073015
0.070418
0.066218
0.061987
0.060781
0.05652
0.050951
0.048173
0.04636
0.053287
0.069988
0.076626
0.072026
0.071045
0.068535
0.049541
0.025042
0.0074726
-0.0051654
-0.010064
-0.0065066
-0.0040106
-0.0046439
-0.0049903
-0.015711
-0.045045
-0.074606
-0.089824
-0.1047
-0.12154
-0.13038
-0.13667
-0.14066
-0.14217
-0.1457
-0.14885
-0.15109
-0.15416
-0.15956
-0.16232
-0.16195
-0.16036
-0.14826
-0.13043
-0.11831
-0.10869
-0.1045
-0.11041
-0.11589
-0.11761
-0.11059
-0.089636
-0.056455
-0.019731
0.017098
0.034383
0.029568
0.010123
-0.020166
-0.046628
-0.052829
-0.044091
-0.039806
-0.039858
-0.036318
-0.019365
0.0083861
0.040634
0.072171
0.085157
0.08412
0.085046
0.086357
0.091097
0.10208
0.10947
0.11285
0.12014
0.13036
0.13814
0.13839
0.12013
0.086359
0.056172
0.044041
0.055435
0.079897
0.10499
0.1205
0.11912
0.10784
0.096057
0.088437
0.094501
0.11368
0.12184
0.10785
0.089718
0.073428
0.060259
0.052321
0.041156
0.027012
0.015004
0.0058172
0.0010773
-8.1646e-05
0.0047096
0.011779
-0.00074653
-0.032938
-0.073654
-0.099003
-0.095568
-0.08963
-0.097264
-0.10668
-0.12337
-0.14251
-0.15694
-0.16632
-0.16829
-0.16797
-0.16725
-0.15719
-0.14158
-0.12387
-0.11742
-0.13133
-0.14508
-0.14592
-0.13962
-0.13367
-0.14215
-0.15745
-0.14422
-0.08673
-0.007487
0.067336
0.12297
0.14249
0.12246
0.077568
0.025393
-0.015887
-0.035657
-0.031463
-0.0043369
0.024686
0.036102
0.036289
0.025517
0.00098662
-0.0075506
0.014109
0.052022
0.092587
0.1354
0.169
0.18217
0.1719
0.15382
0.13364
0.10034
0.063983
0.038102
0.024259
0.029743
0.0553
0.08512
0.10256
0.10324
0.092147
0.087159
0.095586
0.10802
0.11963
0.13469
0.14436
0.13298
0.1012
0.06921
0.052699
0.050829
0.047249
0.032199
0.021953
0.021417
0.023369
0.027154
0.017734
-0.023704
-0.084857
-0.12559
-0.12585
-0.1007
-0.083934
-0.09674
-0.12688
-0.14973
-0.15687
-0.16063
-0.16747
-0.17709
-0.18154
-0.18414
-0.17527
-0.15843
-0.14489
-0.13438
-0.13487
-0.14452
-0.14956
-0.14571
-0.13099
-0.1125
-0.10718
-0.11079
-0.11258
-0.11196
-0.1104
-0.099891
-0.079908
-0.042964
-0.0026871
0.021484
0.026052
0.014126
-0.0017377
-0.01261
-0.0053916
0.029946
0.07685
0.10795
0.12319
0.13388
0.13353
0.1077
0.07836
0.06702
0.061781
0.04819
0.034101
0.026221
0.012751
0.0006236
0.02029
0.060261
0.077463
0.064652
0.038983
0.019562
0.016503
0.033282
0.060527
0.07405
0.068801
0.05258
0.026941
0.0022665
-0.0075565
-0.0024985
0.009126
0.017006
0.017367
0.011445
-0.0029708
-0.022509
-0.035355
-0.031846
-0.011457
0.014519
0.029122
0.027436
0.016196
0.0057008
0.0030626
0.0072464
0.015763
0.022694
0.021882
0.018265
0.014866
0.011346
0.010951
0.015492
0.026231
0.035703
0.035539
0.026956
0.018812
0.015267
0.013874
0.017879
0.028905
0.038242
0.037993
0.029089
0.019503
0.016215
0.016863
0.01856
0.023112
0.026359
0.026314
0.026108
0.024992
0.022682
0.02209
0.028201
0.03708
0.04184
0.041368
0.036483
0.02962
0.020846
0.012237
0.0044418
-0.0052347
-0.016896
-0.023139
-0.020191
-0.019121
-0.023023
-0.026148
-0.025926
-0.021418
-0.016247
-0.012807
-0.011542
-0.01229
-0.013438
-0.014307
-0.013428
-0.0085124
-0.0015879
0.0014162
0.0036634
0.0086042
0.0094301
0.0083031
0.006987
0.0032962
0.0038659
0.0083503
0.011152
0.010772
0.0074233
0.0047599
0.0084533
0.014345
0.013284
0.0098987
0.0074445
0.0041853
0.005024
0.0085317
0.0079582
0.0037946
0.0012823
-0.00052624
-0.0040876
-0.0061008
-0.0063806
-0.006797
-0.0062677
-0.004751
-0.0028541
0.0009663
0.0057641
0.0071666
0.0035808
-4.9879e-05
0.0023954
0.004848
0.00083324
-0.0012976
0.002115
0.0058236
0.0077898
0.006838
0.0057307
0.0069418
0.0048264
-0.0013633
-0.0061998
-0.0069547
-0.0028287
0.0014883
0.00059685
-0.0031143
-0.0037687
-0.00044691
0.00137
-0.00066419
-0.001005
0.0015339
0.003504
0.0029021
-0.00013237
-0.00074363
0.0024955
0.0063923
0.0059171
0.00041237
-0.0021575
0.00091652
0.0034946
0.0031153
5.1013e-07
-0.0029286
-0.0010319
0.001851
0.0021776
-0.00085457
-0.0062982
-0.0050521
0.0027559
0.0059817
0.00091294
-0.0075408
-0.010904
-0.0062488
0.0026778
0.0074723
0.0053973
0.0048699
0.0028981
-0.0033571
-0.0021447
0.0009053
-0.002376
-0.0044925
-0.003593
-0.0019634
-0.0015115
-0.00080361
6.3987e-05
-0.00099506
-0.0018294
-0.00062053
0.00085704
0.0010578
0.00074146
0.00036045
9.64e-05
-3.0604e-05
0.0012721
0.0039319
0.0034202
-0.00067817
-0.0018556
-0.00025127
-0.00093754
-0.0021695
-0.0018053
-0.0010194
-0.00037374
-1.278e-05
0.00011738
0.00011976
7.684e-05
0.0013697
0.0039906
0.0034438
0.00066032
-0.00054863
-0.00076854
-0.00056424
-0.0016228
-0.0027337
-0.0021214
-0.0011336
-0.00037615
0.0013601
0.0028019
0.00228
0.002601
0.0030976
0.00080362
-0.0016224
-0.00053814
0.0013702
0.0015331
0.0010296
0.00047855
0.00011219
-5.6151e-05
-9.4155e-05
-7.2981e-05
-3.8957e-05
-1.2901e-05
0.00083192
0.0024844
0.0016438
-0.00057932
-0.0011436
-0.000921
-0.0010209
-0.0030448
-0.0044845
-0.0046821
-0.0057101
-0.0039821
0.0025928
0.0057795
0.00025857
-0.0036049
-0.00012857
0.0019585
-0.0001979
-0.0017079
-0.003075
-0.0030559
0.0011973
0.0045342
0.0027021
0.0010815
0.0019581
0.0020505
0.0013339
0.00059722
0.00012323
-8.6751e-05
0.00070508
0.0015555
0.0012837
0.00072021
0.0002611
6.1521e-06
-8.4748e-05
-8.5413e-05
-5.4453e-05
-2.379e-05
-4.4424e-06
3.9083e-06
5.3828e-06
3.9291e-06
1.9889e-06
0.0013354
0.0026459
-0.00066695
-0.0043735
-0.0012663
0.0030778
0.0019966
-0.00057244
-0.0011265
-0.0007767
0.0009656
0.0038871
0.0020118
-0.0035042
-0.0040128
-0.0012581
0.001496
0.003239
0.0011927
-8.476e-05
-0.00049994
-0.0017954
-0.00025643
0.00023626
0.0011603
0.004824
0.0021669
-0.0023503
0.00057473
0.0018792
-0.0021253
-0.0027387
0.001818
0.0045364
0.0018679
-0.0025516
-0.0071452
-0.008809
-0.00882
-0.013725
-0.017204
-0.016116
-0.016412
-0.020502
-0.026775
-0.029796
-0.029004
-0.027353
-0.029576
-0.037534
-0.045781
-0.050499
-0.054922
-0.058928
-0.061304
-0.067259
-0.075118
-0.11418
-0.18719
-0.21337
-0.17622
-0.12596
-0.090507
-0.07147
-0.063047
-0.068013
-0.076734
-0.074249
-0.058414
-0.025486
0.016941
0.055553
0.084965
0.10245
0.10826
0.10619
0.10115
0.10171
0.10241
0.093562
0.079879
0.065533
0.055047
0.05818
0.068488
0.071198
0.063676
0.053625
0.047953
0.058164
0.074242
0.090345
0.10552
0.11162
0.10629
0.094333
0.093304
0.10486
0.11479
0.1215
0.12654
0.12797
0.12021
0.11102
0.11005
0.11012
0.10823
0.10744
0.10021
0.087794
0.084226
0.095668
0.11466
0.12894
0.13009
0.11564
0.085763
0.051851
0.029757
0.020241
0.01047
-0.0027292
-0.014912
-0.028366
-0.043543
-0.054785
-0.055657
-0.052708
-0.058577
-0.065342
-0.067553
-0.072043
-0.080021
-0.094238
-0.11588
-0.14072
-0.2476
-0.4356
-0.51413
-0.43949
-0.33362
-0.25604
-0.20939
-0.18337
-0.16912
-0.1633
-0.15896
-0.15054
-0.14857
-0.14559
-0.12382
-0.085524
-0.032532
0.0258
0.070231
0.099744
0.11
0.11405
0.18325
0.32761
0.37895
0.29657
0.18456
0.091027
0.030565
0.019792
0.045686
0.078623
0.10006
0.10642
0.10362
0.090647
0.082687
0.089024
0.098418
0.10887
0.12032
0.16648
0.2418
0.25274
0.18837
0.12512
0.095176
0.091449
0.10303
0.12019
0.12277
0.10596
0.078615
0.047621
0.026617
0.017497
0.012127
0.006865
-0.0021391
-0.014111
-0.033683
-0.060257
-0.073406
-0.069497
-0.063701
-0.071918
-0.096356
-0.13016
-0.16672
-0.19302
-0.20561
-0.2106
-0.21861
-0.23009
-0.23502
-0.23457
-0.23457
-0.23343
-0.23279
-0.22915
-0.21125
-0.18828
-0.17277
-0.16036
-0.15566
-0.15805
-0.15036
-0.12205
-0.071559
0.032444
0.15533
0.20838
0.19713
0.17375
0.16396
0.16534
0.16882
0.16249
0.14206
0.1073
0.071351
0.045873
0.043572
0.068293
0.097848
0.11202
0.10782
0.094039
0.13052
0.22176
0.26
0.22705
0.17789
0.13093
0.096162
0.07785
0.069975
0.070569
0.077957
0.088803
0.10321
0.11825
0.12262
0.10747
0.082532
0.062695
0.04717
0.031915
0.012977
-0.0081332
-0.023498
-0.032526
-0.035023
-0.034373
-0.041159
-0.055177
-0.064333
-0.068781
-0.083287
-0.11098
-0.14663
-0.18177
-0.20402
-0.20493
-0.19594
-0.19715
-0.29777
-0.48143
-0.53249
-0.42548
-0.30053
-0.21406
-0.16233
-0.1321
-0.11946
-0.11409
-0.096946
-0.06506
-0.027215
0.021607
0.073019
0.1043
0.11489
0.12089
0.12426
0.12857
0.13283
0.14083
0.14971
0.16239
0.17724
0.16205
0.11373
0.063674
0.038141
0.042081
0.065979
0.096563
0.11129
0.10391
0.089411
0.07943
0.079695
0.090876
0.11169
0.13192
0.17707
0.2405
0.2457
0.18689
0.12233
0.085821
0.083222
0.096023
0.10964
0.1203
0.11747
0.097445
0.072588
0.054022
0.043412
0.033539
0.021843
0.01025
-0.0032832
-0.015913
-0.02276
-0.022907
-0.017367
-0.012631
-0.016261
-0.021663
-0.022781
-0.026939
-0.03975
-0.066177
-0.10284
-0.12915
-0.13932
-0.14461
-0.14702
-0.15234
-0.16286
-0.17346
-0.18319
-0.18858
-0.18886
-0.18473
-0.17738
-0.17052
-0.16126
-0.14783
-0.13764
-0.13753
-0.14374
-0.15673
-0.16181
-0.1329
-0.078024
-0.029199
0.00041079
0.0074356
0.00060046
-0.013449
-0.03115
-0.038342
-0.027933
-0.0048
0.020164
0.034909
0.026692
0.0043506
-0.016518
-0.019269
0.0083019
0.06144
0.11377
0.1393
0.13773
0.12007
0.10853
0.11898
0.13794
0.16085
0.18605
0.19604
0.20019
0.20414
0.19192
0.166
0.14416
0.13289
0.13061
0.13182
0.12918
0.12026
0.1038
0.083332
0.073077
0.080792
0.091267
0.089291
0.077115
0.054063
0.022939
-0.0054535
-0.024047
-0.032628
-0.034653
-0.033716
-0.026803
-0.013314
0.00117
0.0059905
-0.0017118
-0.017044
-0.037504
-0.057191
-0.070245
-0.081892
-0.10046
-0.11912
-0.13133
-0.13559
-0.1331
-0.14252
-0.1697
-0.19323
-0.20166
-0.20081
-0.19371
-0.18691
-0.18407
-0.17949
-0.17355
-0.17034
-0.1725
-0.17856
-0.18173
-0.18
-0.16407
-0.12857
-0.088336
-0.059233
-0.04349
-0.029681
-0.025845
-0.033815
-0.040286
-0.038593
-0.030129
-0.012068
0.0082227
0.018584
0.014644
-0.001042
-0.004963
0.010256
0.041691
0.083476
0.12691
0.22077
0.35163
0.40247
0.35919
0.3008
0.24835
0.20639
0.1863
0.18426
0.18363
0.1848
0.18794
0.187
0.18488
0.178
0.20444
0.26978
0.26827
0.18585
0.094238
0.027106
-0.0078812
-0.020283
-0.021717
-0.016014
-0.010934
-0.0073163
-0.003204
-0.008108
-0.023022
-0.086462
-0.19942
-0.25566
-0.23761
-0.20074
-0.17333
-0.17144
-0.19396
-0.22501
-0.23592
-0.22535
-0.21242
-0.2051
-0.2001
-0.26945
-0.41901
-0.46765
-0.37732
-0.26098
-0.16297
-0.10001
-0.064542
-0.04999
-0.050241
-0.057368
-0.058917
-0.057347
-0.050033
-0.031269
-0.0014132
0.028371
0.071995
0.1198
0.15401
0.167
0.16807
0.16286
0.15581
0.16238
0.19483
0.2293
0.24739
0.33998
0.50361
0.53868
0.43276
0.31634
0.23245
0.18561
0.16488
0.15476
0.14882
0.14616
0.13929
0.13009
0.12018
0.10368
0.08395
0.061213
0.034558
0.014126
0.0043908
-0.00568
-0.023391
-0.04238
-0.061002
-0.079708
-0.098053
-0.12394
-0.15252
-0.16023
-0.15699
-0.24733
-0.42191
-0.48267
-0.40656
-0.31081
-0.24295
-0.21193
-0.20186
-0.20321
-0.20703
-0.20694
-0.21229
-0.21558
-0.21254
-0.20989
-0.19081
-0.17238
-0.19877
-0.18529
-0.13045
-0.083448
-0.048811
-0.031842
-0.02854
-0.023761
-0.0054779
0.024366
0.060831
0.10145
0.1411
0.16115
0.16518
0.16132
0.22884
0.37101
0.43794
0.39418
0.32768
0.28214
0.25723
0.23838
0.22664
0.22095
0.21789
0.21868
0.21404
0.20629
0.2035
0.19885
0.19231
0.21702
0.25537
0.23371
0.15737
0.081356
0.022911
-0.011689
-0.027027
-0.03074
-0.030923
-0.036352
-0.050571
-0.073798
-0.10346
-0.13127
-0.15008
-0.1616
-0.23589
-0.38268
-0.44596
-0.38892
-0.31777
-0.27027
-0.23484
-0.21643
-0.21312
-0.20951
-0.21101
-0.21604
-0.21387
-0.21183
-0.21284
-0.21329
-0.21389
-0.20336
-0.17474
-0.1539
-0.1723
-0.15551
-0.11761
-0.084397
-0.059185
-0.046159
-0.042297
-0.033853
-0.017045
0.00070846
0.035979
0.078067
0.11213
0.14429
0.21641
0.31463
0.35734
0.34234
0.31204
0.28565
0.27238
0.2595
0.24518
0.24314
0.24128
0.22859
0.2233
0.22725
0.22388
0.21888
0.27394
0.37631
0.38252
0.28342
0.17948
0.10286
0.052316
0.025018
0.01341
0.006764
0.0017391
-0.0031012
-0.012174
-0.025795
-0.037674
-0.052277
-0.077225
-0.10538
-0.13161
-0.15236
-0.1599
-0.23881
-0.40315
-0.47346
-0.4077
-0.31516
-0.24542
-0.20638
-0.19728
-0.20838
-0.21851
-0.21864
-0.21312
-0.19978
-0.18921
-0.19927
-0.22569
-0.24092
-0.21711
-0.16139
-0.097858
-0.055488
-0.038488
-0.049267
-0.08388
-0.096333
-0.076026
-0.052075
-0.032549
-0.0063168
0.037388
0.090131
0.13544
0.15619
0.15746
0.15599
0.15785
0.16307
0.17482
0.19293
0.2222
0.25113
0.34263
0.50074
0.5378
0.42926
0.31207
0.22952
0.18417
0.17664
0.18391
0.17964
0.16562
0.15103
0.13392
0.11606
0.10816
0.10575
0.094765
0.073561
0.044732
0.011994
-0.015601
-0.038511
-0.061419
-0.083923
-0.1064
-0.1282
-0.14656
-0.15516
-0.15407
-0.15962
-0.17431
-0.20059
-0.23212
-0.24036
-0.23459
-0.22853
-0.30078
-0.46099
-0.51671
-0.41931
-0.30024
-0.22308
-0.1923
-0.19964
-0.20873
-0.18749
-0.14465
-0.10113
-0.063226
-0.043402
-0.040459
-0.046873
-0.053613
-0.054439
-0.049628
-0.041025
-0.035408
-0.032108
-0.022802
-0.0020294
0.038617
0.09272
0.13663
0.15745
0.15949
0.16018
0.16816
0.17777
0.18473
0.2879
0.48371
0.54598
0.44701
0.33437
0.25324
0.21054
0.1941
0.18311
0.1848
0.20026
0.20517
0.19255
0.17132
0.14807
0.12659
0.10724
0.095464
0.092297
0.088708
0.074381
0.050972
0.026338
0.0058737
-0.0082373
-0.013355
-0.01576
-0.022161
-0.029002
-0.041145
-0.067178
-0.098813
-0.12799
-0.21929
-0.36561
-0.42445
-0.37563
-0.30943
-0.26078
-0.23014
-0.2079
-0.20096
-0.20457
-0.20612
-0.21345
-0.2206
-0.21446
-0.20458
-0.19792
-0.19699
-0.21246
-0.22808
-0.20676
-0.15698
-0.10659
-0.073549
-0.06069
-0.058768
-0.062483
-0.070575
-0.069488
-0.061024
-0.053858
-0.043059
-0.026919
-0.01209
0.016289
0.05261
0.088831
0.12493
0.15049
0.15893
0.2171
0.33285
0.38719
0.35254
0.30733
0.27281
0.24618
0.23439
0.22978
0.22075
0.21664
0.21416
0.20576
0.20031
0.19742
0.19532
0.19277
0.18642
0.17397
0.15465
0.13646
0.12179
0.10847
0.099936
0.091378
0.074975
0.0484
0.021553
0.0043538
-0.0041486
-0.0070197
-0.0083052
-0.014133
-0.075372
-0.19476
-0.26191
-0.2471
-0.21577
-0.19587
-0.19698
-0.20911
-0.22013
-0.22902
-0.23366
-0.22855
-0.21765
-0.21581
-0.2182
-0.21407
-0.21449
-0.21505
-0.21119
-0.20999
-0.21025
-0.21644
-0.22702
-0.22835
-0.20078
-0.15371
-0.10661
-0.071623
-0.057652
-0.0543
-0.055794
-0.059469
-0.0559
-0.047834
-0.04328
-0.02895
0.009637
0.068304
0.11845
0.14978
0.16009
0.1591
0.16032
0.1636
0.17169
0.19409
0.22657
0.25207
0.25911
0.25587
0.24636
0.23165
0.22513
0.22654
0.22673
0.22202
0.21244
0.20207
0.19714
0.19699
0.19452
0.18747
0.17377
0.15304
0.12764
0.10425
0.094535
0.094937
0.09379
0.0815
0.053794
0.021488
-0.0045358
-0.02425
-0.046906
-0.077385
-0.1108
-0.13455
-0.14656
-0.15452
-0.16126
-0.16778
-0.17733
-0.19051
-0.2067
-0.2221
-0.23145
-0.2309
-0.22538
-0.22039
-0.21652
-0.21508
-0.22006
-0.22578
-0.21942
-0.20661
-0.19687
-0.19223
-0.19972
-0.21847
-0.22957
-0.20725
-0.15712
-0.10379
-0.066347
-0.055385
-0.056229
-0.056385
-0.057878
-0.066974
-0.077516
-0.060164
-0.0099097
0.0483
0.098221
0.13152
0.15262
0.16559
0.17314
0.17588
0.17768
0.18401
0.19894
0.2157
0.23089
0.24508
0.25487
0.25028
0.23565
0.22271
0.21364
0.21018
0.21054
0.20265
0.19442
0.19543
0.19618
0.19971
0.19946
0.17881
0.14877
0.12532
0.10765
0.096497
0.093503
0.086479
0.06656
0.038054
0.013558
-0.0072481
-0.029012
-0.051234
-0.078047
-0.10444
-0.12317
-0.13805
-0.14774
-0.1596
-0.17584
-0.18722
-0.19704
-0.20928
-0.21992
-0.22615
-0.23334
-0.23597
-0.2266
-0.22173
-0.21975
-0.21118
-0.20662
-0.21253
-0.21776
-0.21274
-0.20655
-0.20709
-0.2146
-0.22272
-0.20149
-0.15295
-0.10261
-0.071417
-0.062294
-0.062004
-0.061564
-0.079755
-0.099387
-0.087698
-0.033878
0.034655
0.092295
0.12836
0.1495
0.15889
0.16161
0.16485
0.17293
0.18794
0.20196
0.22117
0.244
0.25185
0.25466
0.25686
0.24254
0.22339
0.2149
0.21109
0.20808
0.20468
0.19972
0.19985
0.20255
0.19982
0.19313
0.18023
0.15564
0.12711
0.10459
0.10909
0.1319
0.11902
0.071153
0.028245
0.00056482
-0.013802
-0.020377
-0.032182
-0.053697
-0.079093
-0.10726
-0.13244
-0.14498
-0.1458
-0.14592
-0.15287
-0.17422
-0.20173
-0.21871
-0.22517
-0.22527
-0.22306
-0.22111
-0.21782
-0.21518
-0.21226
-0.21308
-0.21571
-0.20712
-0.19533
-0.19242
-0.19533
-0.20584
-0.2278
-0.23661
-0.20888
-0.1571
-0.12162
-0.13359
-0.13216
-0.098877
-0.062666
-0.033687
-0.015471
-0.0028127
0.019944
0.05933
0.10264
0.13765
0.15633
0.15711
0.15402
0.15875
0.16981
0.18317
0.19591
0.21309
0.2345
0.25408
0.26126
0.24877
0.23268
0.22299
0.216
0.2103
0.2035
0.19384
0.18808
0.18733
0.1904
0.19449
0.1936
0.18363
0.16429
0.13682
0.10693
0.087624
0.080795
0.077811
0.067492
0.046538
0.023471
0.0017821
-0.02129
-0.047013
-0.075924
-0.11042
-0.13624
-0.14638
-0.14552
-0.14357
-0.1473
-0.16103
-0.18614
-0.21072
-0.22331
-0.23382
-0.23751
-0.22891
-0.21686
-0.20973
-0.20877
-0.21082
-0.21173
-0.20823
-0.20273
-0.20155
-0.20314
-0.20631
-0.22
-0.23375
-0.21388
-0.1611
-0.10578
-0.066089
-0.056596
-0.055887
-0.060828
-0.070704
-0.071498
-0.061623
-0.052536
-0.041385
-0.026252
-0.0093548
0.082241
0.23207
0.30902
0.28178
0.22744
0.19471
0.18942
0.21159
0.24169
0.25047
0.24496
0.24138
0.2349
0.22803
0.22885
0.22843
0.21882
0.20693
0.19825
0.19348
0.19214
0.19348
0.19082
0.18243
0.16486
0.13305
0.10506
0.094254
0.090757
0.087889
0.076478
0.050798
0.023366
0.0056662
-0.0026381
-0.007277
-0.011126
-0.014549
-0.026907
-0.052592
-0.085421
-0.11756
-0.2002
-0.32867
-0.38225
-0.34677
-0.29405
-0.24619
-0.2168
-0.21041
-0.21155
-0.21263
-0.21631
-0.21969
-0.21765
-0.2133
-0.20333
-0.1914
-0.19299
-0.2066
-0.21938
-0.224
-0.20492
-0.15714
-0.1007
-0.066586
-0.061343
-0.064481
-0.067547
-0.068045
-0.069379
-0.063123
-0.057372
-0.050021
-0.038803
-0.022645
0.007648
0.053836
0.10132
0.13085
0.14094
0.14699
0.15492
0.16372
0.26308
0.44422
0.51453
0.4431
0.34155
0.25581
0.21046
0.20103
0.19785
0.1929
0.19204
0.192
0.19313
0.1932
0.19024
0.18142
0.16127
0.13368
0.10886
0.092989
0.085628
0.081257
0.070279
0.050143
0.02699
0.0068536
-0.0051516
-0.0061076
-0.0049993
-0.0092181
-0.021616
-0.04433
-0.072481
-0.10304
-0.12962
-0.14564
-0.15045
-0.15335
-0.15981
-0.17078
-0.26757
-0.44409
-0.50246
-0.41542
-0.30692
-0.23313
-0.20117
-0.19696
-0.20149
-0.20129
-0.19681
-0.20306
-0.221
-0.22991
-0.20726
-0.16195
-0.11177
-0.075622
-0.061598
-0.062379
-0.064341
-0.067326
-0.067546
-0.057404
-0.045748
-0.039829
-0.028971
-0.0092359
0.021251
0.05918
0.097938
0.12595
0.14082
0.15106
0.16272
0.16944
0.16928
0.17866
0.26786
0.41929
0.4728
0.39755
0.29827
0.23553
0.20861
0.19753
0.19578
0.19429
0.18832
0.18682
0.19251
0.19531
0.1836
0.1582
0.12686
0.10273
0.091853
0.083025
0.074592
0.068171
0.055784
0.035153
0.012878
-0.004134
-0.011938
-0.011046
-0.013165
-0.026003
-0.048519
-0.079357
-0.10977
-0.13026
-0.13883
-0.14448
-0.14952
-0.15387
-0.1649
-0.26352
-0.43933
-0.499
-0.41207
-0.31083
-0.24655
-0.21335
-0.19653
-0.18762
-0.18585
-0.19389
-0.20965
-0.22532
-0.22141
-0.19113
-0.146
-0.099595
-0.070623
-0.06043
-0.060006
-0.06227
-0.064123
-0.062252
-0.059991
-0.059422
-0.054998
-0.048391
-0.032408
-0.0014198
0.043346
0.093321
0.12994
0.14637
0.15158
0.16002
0.16586
0.17085
0.18165
0.28673
0.48082
0.54568
0.44875
0.33508
0.25884
0.21486
0.19306
0.18391
0.18216
0.18845
0.19263
0.18709
0.17535
0.15394
0.12708
0.10797
0.098537
0.093034
0.083888
0.068765
0.047879
0.025341
0.0080388
-0.00095559
-0.0034295
-0.0049593
-0.011841
-0.02556
-0.049255
-0.083083
-0.11662
-0.13952
-0.1472
-0.14782
-0.15353
-0.158
-0.1672
-0.1888
-0.21309
-0.22726
-0.23275
-0.23056
-0.2199
-0.21186
-0.20753
-0.2001
-0.19815
-0.1997
-0.19828
-0.19926
-0.19953
-0.19846
-0.20721
-0.22468
-0.2315
-0.2132
-0.16691
-0.11039
-0.074633
-0.062854
-0.061525
-0.067538
-0.070622
-0.067761
-0.061804
-0.051143
-0.039385
-0.028178
-0.013805
0.016807
0.056035
0.098883
0.13261
0.14559
0.15223
0.16355
0.17282
0.17892
0.27403
0.46379
0.53394
0.44229
0.32384
0.23987
0.19874
0.18851
0.19073
0.19367
0.19523
0.19458
0.19387
0.19142
0.17864
0.15543
0.12605
0.097654
0.081434
0.078013
0.07975
0.077511
0.062341
0.034857
0.0085374
-0.0084661
-0.014426
-0.0122
-0.011509
-0.019692
-0.037796
-0.064689
-0.095777
-0.12455
-0.14565
-0.15451
-0.15457
-0.1556
-0.16215
-0.17261
-0.1912
-0.21232
-0.22361
-0.22659
-0.22675
-0.22148
-0.21155
-0.20028
-0.19714
-0.20351
-0.20787
-0.20829
-0.20288
-0.19615
-0.19948
-0.21614
-0.22492
-0.19943
-0.15644
-0.10994
-0.086802
-0.08138
-0.080596
-0.080157
-0.077818
-0.073848
-0.065883
-0.055258
-0.049106
-0.038956
-0.019661
0.011844
0.048734
0.088681
0.12187
0.13703
0.13918
0.14867
0.16225
0.17239
0.18571
0.20126
0.21912
0.23826
0.25126
0.25306
0.24673
0.23949
0.23456
0.22789
0.21958
0.21149
0.20398
0.19887
0.19443
0.19232
0.19311
0.18875
0.17405
0.15427
0.13222
0.1105
0.09817
0.093333
0.087624
0.075888
0.055763
0.030432
0.010112
-0.0025725
-0.0105
-0.012331
-0.012242
-0.023299
-0.049242
-0.081557
-0.11058
-0.13398
-0.14851
-0.15099
-0.14865
-0.14854
-0.15855
-0.1798
-0.20314
-0.2182
-0.22058
-0.21514
-0.20867
-0.202
-0.19763
-0.19757
-0.20307
-0.2096
-0.20902
-0.20309
-0.19726
-0.19751
-0.20944
-0.22835
-0.23003
-0.20387
-0.1623
-0.1151
-0.076631
-0.06409
-0.066378
-0.068993
-0.075171
-0.07912
-0.075118
-0.065772
-0.05576
-0.043854
-0.022084
0.07163
0.21778
0.29608
0.27581
0.22817
0.19742
0.19581
0.21094
0.22847
0.24392
0.24837
0.23464
0.22164
0.22176
0.22373
0.22705
0.22683
0.21292
0.19824
0.19235
0.1891
0.18741
0.18745
0.17966
0.15636
0.15512
0.18173
0.17026
0.11283
0.051926
0.0080663
-0.012694
-0.018109
-0.019792
-0.026208
-0.044636
-0.074872
-0.10874
-0.13548
-0.14676
-0.14495
-0.13692
-0.13958
-0.15501
-0.17339
-0.19986
-0.2207
-0.21672
-0.20246
-0.19742
-0.19802
-0.19564
-0.24763
-0.35669
-0.39138
-0.32833
-0.26277
-0.23413
-0.22126
-0.19696
-0.15759
-0.11805
-0.093679
-0.083538
-0.074807
-0.073209
-0.076413
-0.077426
-0.076578
-0.072796
-0.062693
-0.047453
-0.027308
0.0045512
0.044042
0.14544
0.29027
0.35185
0.31995
0.26533
0.22911
0.22727
0.23942
0.24275
0.23793
0.23255
0.22491
0.2164
0.2131
0.21165
0.20546
0.20208
0.20137
0.19578
0.19155
0.18803
0.1741
0.15028
0.12115
0.096225
0.083652
0.081648
0.083923
0.078609
0.062285
0.039424
0.014836
-0.015999
-0.060124
-0.10287
-0.13135
-0.14559
-0.14489
-0.135
-0.12774
-0.13132
-0.14488
-0.16628
-0.19254
-0.21225
-0.21756
-0.21093
-0.19869
-0.18964
-0.18814
-0.19154
-0.19563
-0.19793
-0.19496
-0.18782
-0.18264
-0.18564
-0.20055
-0.22263
-0.23499
-0.21268
-0.16815
-0.12521
-0.097161
-0.10649
-0.15489
-0.16665
-0.1298
-0.089564
-0.056759
-0.023626
0.016476
0.059313
0.097245
0.1237
0.13607
0.14356
0.15361
0.16352
0.17178
0.18334
0.19699
0.21874
0.24195
0.24809
0.24311
0.24239
0.24056
0.23215
0.22401
0.2168
0.2088
0.20529
0.20682
0.20556
0.19823
0.229
0.29344
0.29159
0.22116
0.1504
0.096575
0.053861
0.020352
-0.0025363
-0.011336
-0.010488
-0.008718
-0.012892
-0.025797
-0.047377
-0.079351
-0.11272
-0.13546
-0.1457
-0.14081
-0.13157
-0.13438
-0.14716
-0.16156
-0.18045
-0.19889
-0.20336
-0.20188
-0.19962
-0.19158
-0.19185
-0.20071
-0.19974
-0.19098
-0.25883
-0.41333
-0.47005
-0.38222
-0.25007
-0.1468
-0.09048
-0.070686
-0.073049
-0.080043
-0.088398
-0.095
-0.09442
-0.088832
-0.08179
-0.066005
-0.035703
0.0063871
0.051352
0.09252
0.11803
0.12983
0.13739
0.14915
0.15993
0.16609
0.17709
0.19427
0.21225
0.23177
0.25166
0.2568
0.24742
0.24178
0.23747
0.22817
0.2742
0.3731
0.39757
0.331
0.24565
0.17558
0.13063
0.10291
0.087092
0.085592
0.089451
0.087394
0.075352
0.055241
0.031472
0.0092495
-0.0039454
-0.0062442
-0.0071411
-0.012752
-0.022078
-0.039617
-0.071899
-0.10542
-0.12537
-0.13772
-0.13875
-0.13091
-0.13443
-0.14693
-0.15583
-0.17465
-0.19449
-0.19975
-0.19746
-0.19269
-0.18664
-0.17874
-0.1774
-0.18615
-0.19231
-0.19139
-0.18326
-0.17858
-0.18913
-0.20799
-0.2286
-0.24109
-0.22152
-0.17591
-0.12749
-0.094273
-0.087618
-0.090017
-0.096695
-0.10253
-0.09795
-0.087168
-0.080191
-0.076029
-0.064809
0.01186
0.15053
0.23968
0.24882
0.22801
0.20082
0.18471
0.19121
0.20655
0.2225
0.23597
0.23612
0.22705
0.21751
0.21062
0.21565
0.22634
0.22442
0.21388
0.20301
0.19189
0.18572
0.18547
0.18464
0.17223
0.14288
0.10899
0.087113
0.077347
0.0742
0.07703
0.076832
0.065537
0.044481
0.019968
-0.0004078
-0.012728
-0.018336
-0.022234
-0.030267
-0.045343
-0.068244
-0.097496
-0.12309
-0.1383
-0.13887
-0.12962
-0.12731
-0.13791
-0.15422
-0.17454
-0.1951
-0.205
-0.1988
-0.18942
-0.18498
-0.17827
-0.17488
-0.18043
-0.18953
-0.19682
-0.19435
-0.18523
-0.18528
-0.19853
-0.21611
-0.22599
-0.21073
-0.17264
-0.13178
-0.10544
-0.10189
-0.099784
-0.099451
-0.10348
-0.10704
-0.10508
-0.10302
-0.094113
-0.073714
-0.044058
-0.0023629
0.043627
0.086165
0.11683
0.12853
0.13041
0.14181
0.15982
0.17503
0.1895
0.20311
0.21242
0.22448
0.24039
0.2491
0.25011
0.24195
0.22464
0.2141
0.21247
0.20858
0.20819
0.20984
0.20042
0.19212
0.19164
0.18228
0.15865
0.13199
0.10857
0.091071
0.08515
0.08871
0.092329
0.086066
0.063562
0.03014
0.004466
-0.0065634
-0.007811
-0.0056821
-0.0077968
-0.019596
-0.04279
-0.074639
-0.10632
-0.12842
-0.13201
-0.12313
-0.11857
-0.1269
-0.14027
-0.1542
-0.17458
-0.18861
-0.18832
-0.18366
-0.17875
-0.22607
-0.32367
-0.35575
-0.29694
-0.22471
-0.18675
-0.18787
-0.20226
-0.20986
-0.19589
-0.15477
-0.10591
-0.075459
-0.066146
-0.07153
-0.084521
-0.086628
-0.079264
-0.071007
-0.065619
-0.064762
-0.061961
-0.042615
-0.00042033
0.046292
0.086603
0.11117
0.12046
0.12181
0.18917
0.32295
0.38912
0.34747
0.27364
0.22035
0.19642
0.179
0.16844
0.17173
0.17448
0.16981
0.17123
0.18292
0.19034
0.19442
0.19886
0.19218
0.17085
0.14129
0.11591
0.10047
0.091234
0.10028
0.11883
0.10644
0.061071
0.016787
-0.0097746
-0.025449
-0.046475
-0.075275
-0.10061
-0.11233
-0.11516
-0.11638
-0.12075
-0.13693
-0.16224
-0.18645
-0.21083
-0.23363
-0.24488
-0.24389
-0.23997
-0.23501
-0.22935
-0.22546
-0.22461
-0.22363
-0.22024
-0.22316
-0.23089
-0.23129
-0.22178
-0.20242
-0.17542
-0.15183
-0.13462
-0.12902
-0.12575
-0.15107
-0.13324
-0.087817
-0.038594
0.0057409
0.035344
0.059826
0.086039
0.11183
0.13037
0.14465
0.16518
0.18703
0.196
0.19476
0.18417
0.16883
0.17789
0.22153
0.26315
0.27229
0.26302
0.24653
0.22264
0.29082
0.4541
0.50215
0.40703
0.29301
0.21171
0.16716
0.14119
0.11893
0.10116
0.089816
0.079797
0.066658
0.051561
0.03721
0.025103
0.01533
0.010558
0.0035308
-0.010848
-0.028587
-0.049945
-0.076776
-0.1024
-0.11837
-0.12716
-0.13603
-0.14608
-0.24578
-0.45003
-0.53996
-0.47162
-0.37146
-0.2977
-0.25374
-0.22354
-0.20723
-0.21053
-0.22054
-0.2291
-0.23231
-0.22365
-0.20658
-0.17579
-0.14072
-0.10995
-0.093339
-0.086632
-0.085177
-0.079001
-0.064754
-0.045259
-0.031028
-0.02553
-0.028532
-0.027565
-0.017088
0.0018608
0.025436
0.056026
0.087674
0.11233
0.13833
0.17317
0.19916
0.20766
0.20129
0.18925
0.17714
0.28212
0.50839
0.5871
0.47002
0.32763
0.23543
0.19979
0.19268
0.19895
0.21345
0.21664
0.201
0.17961
0.16183
0.14425
0.12539
0.10729
0.088454
0.068118
0.045772
0.023783
0.0088462
0.00010597
-0.0049885
-0.0090217
-0.016764
-0.029136
-0.04636
-0.071555
-0.099123
-0.11931
-0.13441
-0.14333
-0.14343
-0.14854
-0.1672
-0.18947
-0.21127
-0.22654
-0.23575
-0.24474
-0.2523
-0.25316
-0.25365
-0.34326
-0.49703
-0.52681
-0.41669
-0.28778
-0.18888
-0.1196
-0.074036
-0.046078
-0.039833
-0.039094
-0.044395
-0.038126
-0.03122
-0.026787
-0.02605
-0.028906
-0.035265
-0.03939
-0.031193
-0.013228
0.0094172
0.039877
0.076495
0.11488
0.15426
0.18299
0.19905
0.2033
0.19771
0.18696
0.17627
0.18645
0.2222
0.25483
0.26464
0.25361
0.23287
0.21334
0.19736
0.18721
0.1846
0.18725
0.19536
0.2028
0.19958
0.19106
0.18119
0.16467
0.14276
0.11957
0.1
0.083876
0.064064
0.036488
0.0058326
-0.020016
-0.034541
-0.047031
-0.065185
-0.085623
-0.10154
-0.11937
-0.13896
-0.15256
-0.15912
-0.16812
-0.18552
-0.20452
-0.22097
-0.2291
-0.2325
-0.23819
-0.24074
-0.24027
-0.23705
-0.23478
-0.2328
-0.2231
-0.20532
-0.19227
-0.18289
-0.17483
-0.16171
-0.1387
-0.11011
-0.078419
-0.044985
-0.011592
0.0078825
0.012979
0.013586
0.0065245
-0.0079902
-0.019163
-0.028971
-0.037192
-0.041429
0.0025971
0.063423
0.11554
0.1554
0.17431
0.17379
0.17091
0.16917
0.16367
0.1628
0.17644
0.20214
0.23141
0.24602
0.2407
0.22859
0.21121
0.18814
0.16682
0.15628
0.16286
0.17556
0.17979
0.17799
0.17032
0.15686
0.14169
0.12411
0.10101
0.07975
0.066495
0.049938
0.025067
-0.0051624
-0.02927
-0.039994
-0.043535
-0.045095
-0.046519
-0.046871
-0.054258
-0.075309
-0.095538
-0.11217
-0.1286
-0.13727
-0.14064
-0.14258
-0.15133
-0.17339
-0.19561
-0.20363
-0.20003
-0.19624
-0.19246
-0.19208
-0.19351
-0.19613
-0.20357
-0.20231
-0.18864
-0.17129
-0.15802
-0.15127
-0.14474
-0.13533
-0.11949
-0.093927
-0.059549
-0.019638
0.023352
0.054154
0.064085
0.062664
0.053124
0.035023
0.0080292
-0.01746
-0.037439
-0.050096
-0.049302
-0.037828
-0.033182
-0.026282
0.0032763
0.052119
0.10325
0.13992
0.16436
0.17088
0.1616
0.14118
0.12084
0.11945
0.1423
0.17314
0.19945
0.21234
0.20693
0.18729
0.16455
0.14504
0.12584
0.11473
0.11992
0.12825
0.13145
0.13215
0.13339
0.13072
0.11557
0.096628
0.087456
0.077254
0.057158
0.030759
-0.0020595
-0.040704
-0.071142
-0.082195
-0.079889
-0.07453
-0.070805
-0.067808
-0.11659
-0.22416
-0.26812
-0.22994
-0.18956
-0.17355
-0.16514
-0.1654
-0.16662
-0.15786
-0.14735
-0.14503
-0.15019
-0.15473
-0.15958
-0.16503
-0.16364
-0.15487
-0.14142
-0.12475
-0.10551
-0.086526
-0.066735
-0.043458
-0.01821
0.025738
0.072555
0.10505
0.13084
0.1387
0.1245
0.085484
0.031983
-0.017413
-0.048366
-0.054909
-0.048247
-0.049468
-0.054587
-0.051275
-0.021254
0.029961
0.077435
0.11693
0.14457
0.14978
0.13434
0.11832
0.10031
0.090616
0.10354
0.13245
0.16216
0.18247
0.17677
0.14531
0.10528
0.06776
0.044947
0.044467
0.064618
0.09238
0.11223
0.12253
0.12373
0.11211
0.097457
0.079992
0.052552
0.024197
0.012391
0.013939
0.0079037
-0.010806
-0.038543
-0.075658
-0.10514
-0.10896
-0.097894
-0.084992
-0.075948
-0.084068
-0.1077
-0.1228
-0.1266
-0.12685
-0.11805
-0.10477
-0.10806
-0.13108
-0.13958
-0.13427
-0.13228
-0.13176
-0.13062
-0.12496
-0.11811
-0.11301
-0.11368
-0.11598
-0.11267
-0.10162
-0.092258
-0.079788
-0.058134
-0.038927
-0.019794
0.006502
0.035225
0.072224
0.11161
0.14505
0.16994
0.17939
0.16401
0.12044
0.05253
-0.015677
-0.0641
-0.085816
-0.082639
-0.068148
-0.054448
-0.035755
-0.0031482
0.039842
0.073348
0.09056
0.096701
0.094318
0.080259
0.06475
0.058054
0.061799
0.07507
0.089288
0.098825
0.10458
0.10334
0.089499
0.064894
0.036313
0.015795
0.014038
0.027478
0.039991
0.049965
0.055294
0.0553
0.051642
0.043014
0.032582
0.023227
0.0080689
-0.0068692
-0.012086
-0.014199
-0.031864
-0.069785
-0.10576
-0.11469
-0.10149
-0.084163
-0.071244
-0.072868
-0.087399
-0.1044
-0.11989
-0.12405
-0.11184
-0.091469
-0.070267
-0.066444
-0.081317
-0.082416
-0.076126
-0.075237
-0.075533
-0.081844
-0.086243
-0.074746
-0.058143
-0.051747
-0.052296
-0.048316
-0.037556
-0.030712
-0.024956
-0.020572
-0.01569
0.0012076
0.031295
0.06998
0.11304
0.14163
0.15755
0.16917
0.16452
0.1558
0.13478
0.094753
0.046136
-0.00081049
-0.040859
-0.064491
-0.074098
-0.074129
-0.057423
-0.020265
0.021123
0.051544
0.063863
0.059924
0.044844
0.025504
0.016159
0.023375
0.039235
0.052112
0.052241
0.044147
0.0417
0.039479
0.029205
0.015364
0.0010524
-0.016001
-0.033335
-0.038839
-0.027652
-0.011768
-0.0014655
0.0033442
0.0018801
-0.006346
-0.013551
-0.017732
-0.029358
-0.042097
-0.045554
-0.044974
-0.053604
-0.079303
-0.111
-0.12284
-0.11031
-0.093874
-0.084735
-0.080855
-0.087555
-0.10254
-0.1017
-0.085007
-0.059018
-0.030378
-0.021913
-0.044846
-0.068357
-0.059274
-0.038556
-0.02135
-0.0036475
0.01032
0.022145
0.034228
0.033089
0.021121
0.0064194
0.0035444
0.022129
0.041349
0.048548
0.043273
0.024336
0.01192
0.023532
0.05464
0.087936
0.11881
0.14963
0.17186
0.18497
0.1842
0.1582
0.11757
0.076777
0.041325
0.0036664
-0.027447
-0.044376
-0.058903
-0.069461
-0.064708
-0.037967
-0.0091571
-0.0021121
-0.011266
-0.030474
-0.051179
-0.050742
-0.033135
-0.0085672
0.0071613
0.0038641
-0.0068901
-0.018679
-0.027212
-0.025225
-0.02302
-0.026365
-0.035922
-0.047841
-0.051155
-0.049761
-0.049245
-0.052161
-0.055399
-0.058016
-0.061136
-0.06118
-0.058878
-0.065224
-0.075882
-0.079567
-0.08299
-0.095113
-0.11348
-0.12126
-0.11196
-0.09679
-0.077583
-0.061614
-0.061935
-0.071174
-0.077859
-0.070434
-0.041956
-0.0093357
0.011137
0.018454
0.0077582
-0.0092396
-0.0094002
0.0043019
0.025214
0.05157
0.072367
0.079322
0.076121
0.072613
0.066448
0.059603
0.060875
0.071562
0.085356
0.09743
0.10126
0.090306
0.075868
0.070055
0.083312
0.10933
0.13445
0.15689
0.17505
0.18081
0.17955
0.16065
0.12808
0.086843
0.044089
0.0073468
-0.033113
-0.068192
-0.0813
-0.079787
-0.07692
-0.058537
-0.036114
-0.029539
-0.042266
-0.060389
-0.071572
-0.072229
-0.06167
-0.046738
-0.037111
-0.0439
-0.065523
-0.085179
-0.097797
-0.10478
-0.10462
-0.10099
-0.096524
-0.090872
-0.083047
-0.072104
-0.066032
-0.073384
-0.080348
-0.067656
-0.039733
-0.0094509
0.0051658
-0.0082151
-0.03434
-0.051083
-0.053453
-0.051646
-0.053469
-0.049718
-0.042193
-0.041966
-0.040768
-0.035341
-0.037865
-0.055028
-0.070526
-0.065852
-0.028887
0.038103
0.092047
0.10413
0.08989
0.067577
0.039955
0.015535
0.0062438
0.0075763
0.0062522
0.0028774
0.0083326
0.022903
0.033447
0.033985
0.028917
0.021724
0.011192
0.005133
0.0071917
0.0096609
0.011408
0.0097963
0.0031127
-0.0032651
-0.0023872
0.0074053
0.017408
0.020097
0.020426
0.022288
0.020369
0.017281
0.014925
0.0092883
0.0023608
-0.0040993
-0.011972
-0.021147
-0.027846
-0.02846
-0.02336
-0.016117
-0.012801
-0.011505
-0.011552
-0.01647
-0.018836
-0.016198
-0.013875
-0.014198
-0.018485
-0.023719
-0.025009
-0.019033
-0.0080283
8.3855e-05
0.0061867
0.015731
0.019709
0.01664
0.016537
0.014992
0.011491
0.01359
0.016867
0.017042
0.019841
0.023978
0.023655
0.0236
0.025586
0.023145
0.016797
0.011231
0.0064624
0.0047187
0.0071573
0.0081072
0.0056991
0.0044025
0.0039702
0.00074615
-0.0022677
-0.0024853
-0.0014306
-0.00032483
-4.0742e-05
-0.00014518
8.98e-05
0.00057532
0.00075242
0.00053856
0.00026745
7.5674e-05
-0.0022784
-0.0077894
-0.01176
-0.011068
-0.0073881
-0.0017871
0.0040571
0.0062305
0.0047111
0.0014321
-0.0028842
-0.0039272
-0.00019681
0.0011718
-0.00040285
0.0014667
0.0038509
0.0048974
0.005094
0.001033
-0.00075547
0.0034353
0.0059039
0.0046048
-5.46e-06
-0.0040807
-0.0031524
-0.0030892
-0.0058603
-0.0051
-0.00070711
-0.00077339
-0.0052176
-0.0044142
0.0038383
0.010818
0.0090796
0.0014814
-0.0046131
-0.0059005
-0.005814
-0.0030171
0.0015336
0.00049003
0.0015722
0.0059125
0.0059068
0.0014779
-0.0028698
0.00055926
0.0054384
0.0051482
0.0013382
-0.002296
-0.0031636
-0.0043725
-0.0025559
0.0028999
0.0014707
-0.0034528
-1.3792e-05
0.0028086
-0.0017685
-0.0043367
-0.00073537
0.0007861
-0.0051281
-0.0092015
-0.0033688
0.005406
0.0042133
-0.0016309
-0.0014439
0.0014168
0.0048077
0.0044288
-0.0016667
-0.003369
-0.0022833
-0.0010694
0.0029914
0.0049365
0.0044512
0.0010335
-0.0011766
-0.0015142
-0.002704
-0.0021282
-0.0011521
0.0012328
0.003237
0.0050196
0.003805
-0.0018989
-0.0041692
-0.0027923
0.00033065
0.0022772
-0.0024147
-0.0086803
-0.0070468
0.0006331
0.0030714
-0.0017391
-0.0050445
-0.0020834
0.0021628
0.0030368
0.0020433
-0.0015024
-0.0028268
0.0005724
0.0021577
0.00010475
-0.00022471
0.0023887
0.00079911
-0.00088468
0.00066477
0.0014185
0.0026449
0.0024886
0.00087703
4.812e-07
-0.0003067
-0.0019266
0.00048236
0.0073102
0.0053859
-0.0034141
-0.0074957
-0.0061773
-0.0034623
0.0010157
0.0044708
0.0017696
0.00018431
0.0041057
0.0039682
-0.00044061
-0.0024554
-0.0038857
-0.0045907
-0.00089003
0.0029918
0.0036329
0.002903
-0.0010583
-0.0046985
-0.0026232
0.0033404
0.0052122
0.0013112
-0.0015483
-0.0025838
-0.0026027
-0.0025085
-0.00014953
0.0029995
0.0046246
0.0049624
0.00022482
-0.004381
-0.0052349
-0.0034587
-0.00071807
-0.00069307
-0.0014536
9.647e-07
0.0027216
0.0036982
0.002686
0.00016405
-0.0029822
-0.0013585
0.0050167
0.0071783
0.0051036
0.0036315
2.5443e-06
-0.0047807
-0.0059452
-0.0041784
-0.0020381
-0.00054954
-0.00085479
-0.0016747
-0.0013453
-0.00074168
0.00076458
0.0020336
0.0023372
0.0038278
0.0039714
0.00033381
-0.0026838
-0.0027527
-0.0016103
-0.0014937
-0.0020903
-0.00066529
0.0033731
0.0058161
0.0061795
0.0056737
-0.00047658
-0.0057359
-0.0048647
-0.0033912
-0.0022472
-0.0020521
-0.0022608
-0.00048231
0.0013368
0.0014811
0.00099013
0.00060809
0.00040252
3.4202e-05
-0.00025531
-0.00026211
-0.00016854
0.0015598
0.0048567
0.0042276
-0.00080018
-0.0037361
-0.0032519
-0.0020404
-0.0010196
-0.00029179
6.8019e-05
0.00031298
0.00042844
0.00031171
0.00015712
-9.7831e-05
-0.00029402
0.00077265
0.0035247
0.0037963
-1.1702e-05
-0.0017979
0.0001491
0.00062808
-0.00031694
0.00063629
0.00073425
-0.00052587
-0.00077108
-0.0016
-0.0014451
0.0010523
0.0025636
0.0012624
-0.00039986
0.00019354
0.0010805
0.00085751
-0.0016719
-0.0040791
-0.0012875
0.0022931
0.0027008
0.0018562
0.00088447
0.00022354
0.00052023
0.0026773
0.0034769
0.00024044
-0.0026083
-0.0010101
0.0015501
0.00023829
-0.0019407
-0.0019894
-0.0012797
-0.00056556
-0.0010051
-0.0016893
-0.00041318
0.001079
0.0012042
0.002448
0.0052585
0.004313
-0.00086272
-0.0039834
-0.0034805
-0.0019125
0.0009648
0.0032539
0.0010965
-0.0018167
-0.0021656
-0.0014959
-0.00071668
-0.00018409
6.8248e-05
0.0017683
0.0049887
0.0059239
0.0024467
-0.0029292
-0.0053655
-0.0042526
-0.0023125
0.00084423
0.0032701
0.0012822
-0.0015148
-0.00029662
0.0018728
0.00042492
-0.001629
-0.0040277
-0.0059055
-0.00059796
0.0053761
0.0015759
-0.0048736
-0.0059753
-0.0035377
-0.00075818
0.00048468
0.0007398
-0.0017186
-0.0042223
-0.0035506
-0.0020201
0.001527
0.0044789
0.0038703
0.0039916
0.0021617
-0.00089979
-0.0012228
-0.0015229
-0.0014923
-0.00093645
-0.00062083
-0.0020336
-0.0017771
0.00059561
-0.00043425
-0.0022725
-0.0019697
0.0012372
0.0040698
0.0029289
0.0033139
0.0028784
-0.0024558
-0.0057963
-0.0025635
0.0056973
0.010402
0.0043206
-0.0055649
-0.0092465
-0.0071496
-0.0038088
0.001125
0.0049117
0.0021561
-0.0020713
-0.0028854
-0.0021139
-0.0010734
-0.00031964
5.9039e-05
0.00016903
0.00014548
0.00018375
0.0025069
0.0045767
0.0051725
0.0052191
-0.00048496
-0.0040319
-0.0016104
0.0015579
0.0039192
-0.00060642
-0.0060701
-0.0058477
-0.0013564
0.002979
0.0011201
-0.0022134
-0.002564
-0.0017494
0.0014512
0.0043114
0.0014532
-0.0023494
-0.0027206
0.00060659
0.0060987
0.0095206
0.0064993
-0.00084181
-0.0024501
-0.0021137
-0.0057813
-0.0072227
-0.0050858
-0.0014574
0.0013641
0.0030987
0.0060968
0.0071908
0.0026666
-0.0021593
-0.0030473
-0.0045213
-0.0056602
-0.0039888
0.00032737
0.0039863
0.001611
0.00028264
0.0019093
-0.000586
-0.003517
-0.0032513
-0.0019713
-0.00080636
-0.00010687
0.00017531
0.0002927
0.0025879
0.0046349
0.0012941
-0.0026178
-0.00066201
0.0026185
0.0005239
-0.0025941
-0.0027312
-0.0019396
-0.0010338
0.0035881
0.0077984
0.0064977
