-0.28925
0.25245
0.25267
0.16629
-0.38187
-0.58084
-0.57826
-0.23558
0.12425
-0.3617
-0.4061
-0.11453
-0.038809
-0.097697
0.051189
-0.047758
0.19098
0.087314
0.091148
-0.0024089
0.12888
0.016257
0.01331
0.54278
-0.95123
-1.2021
1.9712
-0.19571
-0.1727
0.18821
-0.20989
0.15601
0.15728
-0.2965
0.081565
-0.52361
-0.51682
-0.77712
1.4887
-2.5047
0.62628
0.81363
-0.363
0.13592
-0.33871
0.19385
0.0034902
0.19519
-0.15924
-0.010829
0.07209
0.021943
-0.10409
-0.29599
-0.19818
0.23779
-0.58939
0.5481
3.9315
16.434
-3.9103
-1.0638
-3.9096
-3.9229
-13.444
6.8607
0.46239
-0.2437
-0.201
-1.9855
0.23807
-2.5694
0.97523
0.78337
-1.989
-2.0254
-0.54307
0.034372
0.099176
-0.20807
0.45321
-6.4524
2.9663
3.8165
-1.3255
-0.92444
0.4755
-0.39659
-1.3565
-1.4668
-0.19998
-0.21898
-0.19421
-0.22859
-0.10992
-0.11129
-0.098776
-0.17113
-0.13379
0.20189
-0.12823
-0.13136
-0.0055705
-0.028343
-0.029205
0.00061522
-0.081666
-0.034359
-0.13661
-0.2703
-0.31076
-0.29438
-0.0042006
0.13912
0.0081313
-0.23269
0.087518
0.095211
-0.15427
0.014077
-0.0089736
0.023548
-0.32554
0.2781
0.32202
-0.26477
-0.59089
-0.23437
-2.1739
-2.2381
11.939
19.034
-11.818
1.8007
5.6226
-3.9961
-1.7709
-3.5591
9.752
0.41717
0.30898
-2.5627
7.8984
-2.1181
0.075029
-1.3968
1.2274
-0.34727
2.0106
0.079926
0.079685
-0.083518
-0.34921
-0.0077756
-0.10607
-0.5785
0.27604
-0.021051
-0.29382
2.5994
-1.2656
-1.0205
-0.018966
-0.10557
1.3058
0.19719
0.20694
0.070644
-0.099278
0.13217
-0.40174
0.062662
-0.047725
0.21123
-0.20162
-0.023851
-0.29136
-0.24504
0.022352
0.011323
-0.14095
-0.094904
-0.042035
0.26488
-0.054289
0.018747
-0.64774
0.56479
-0.37714
-0.14051
0.015593
-0.40407
-0.16441
-0.078982
-0.15806
-0.050843
-0.044265
0.068471
-0.33888
0.0054822
-0.24452
-0.051254
-0.2148
-0.94389
11.55
18.019
5.6227
-6.4277
1.1979
-10.732
-6.4195
-4.2131
3.4207
2.372
-1.7207
0.48927
1.3539
3.6298
-3.027
0.51765
-0.76599
-0.43563
-3.7293
1.179
1.4472
-1.0358
-0.17272
0.070295
-0.47871
-0.084128
0.63139
-0.15066
0.98751
-1.3763
-0.92936
-0.761
0.92712
-2.2523
2.3869
0.3247
0.10165
0.75721
0.34875
-0.25026
-0.010386
-0.11508
0.12014
-0.28272
0.0087992
-0.12413
0.044153
0.051672
-0.20573
-0.034874
-0.075508
-0.12664
-0.00035638
-2.4159
1.4568
-0.15789
-0.48
-0.54454
0.48324
-0.34519
-0.12003
-0.74505
0.79747
-0.77511
0.20145
-0.2075
-0.35666
0.11328
-0.1818
0.10269
-0.53337
-1.151
-7.0481
-6.3034
17.434
-3.9594
-1.8804
-13.339
-4.2829
-2.4183
-0.88109
-5.2511
-4.0267
2.9401
-0.49426
3.543
-3.974
2.229
-0.21987
-0.40838
1.2844
-0.037094
-0.0011342
-0.93146
0.60864
0.24852
-0.26402
0.20206
1.5974
0.51219
-0.66522
-3.5635
1.1274
-0.71441
-0.34082
-0.21077
0.14448
0.22257
-0.1494
0.12169
0.12272
-0.1934
-0.12333
0.096852
-0.093303
0.2065
-0.17722
-0.046752
0.06746
0.079246
0.089458
0.038171
-0.025913
-0.52108
-4.5699
2.7496
1.5047
0.056223
0.068953
-0.74674
-0.40353
-0.54112
0.45863
0.45053
-0.079681
-0.023852
-0.34744
0.08357
0.092626
-0.24699
0.0047219
-0.42816
-0.11509
-0.12203
-4.2803
-7.5861
-2.1977
-2.429
4.9176
-1.0349
0.57276
8.3212
-3.9984
4.3754
4.3595
-2.3844
3.6296
0.5815
0.6937
-0.81275
-3.3067
0.64838
1.5361
-0.3972
-0.43614
-0.18823
-0.20566
-0.39432
0.071222
1.9867
-1.4
-1.401
0.74772
-2.2693
-0.091861
-1.4566
-1.4749
2.3843
0.59953
-0.66257
0.09761
-0.14453
-0.098163
-0.15041
-0.11599
-0.11686
-0.28648
0.085177
0.020046
-0.079173
-0.084549
-0.085318
-0.027871
-0.0010155
-0.12941
0.16988
-0.42952
-0.21852
-1.3091
-0.26486
-0.21059
0.84474
-0.45916
-0.56136
-0.011665
-0.32597
0.14368
-0.09814
-0.19519
-0.13732
-0.13688
-0.14653
-0.30688
-0.15727
-0.058861
-0.062013
-0.0086668
-0.60029
0.1341
-3.9457
-15.93
11.397
-5.0335
-0.118
6.2846
6.2208
-7.0988
-17.709
-4.3625
-1.055
-3.2272
-2.9202
-6.1023
-0.46725
7.5439
-6.9456
2.4556
-0.84119
3.0859
-1.7266
0.35551
-0.78528
0.25257
2.4093
-1.6001
-1.612
-0.50042
0.64401
-0.80355
0.034394
0.34374
-0.65148
-0.64442
-0.43057
-1.4044
2.0728
0.30858
-2.326
1.8887
0.56984
-0.61489
0.2262
0.20488
-0.39076
-0.36772
0.43616
-0.1256
0.043648
-0.18634
-0.19066
-0.18666
0.040849
0.083603
-0.18379
-0.093239
-0.09535
0.064742
-0.12224
0.44989
0.48868
-0.32384
-0.25054
0.55884
-0.3464
-0.38046
0.37302
0.14659
0.21414
-0.48192
0.1322
0.13685
-0.074632
0.053658
-0.17214
-0.044555
-0.0045915
-0.16887
0.053701
-0.50752
0.49388
-1.3682
-2.2711
13.485
6.1247
-4.0954
-2.0522
-6.2152
-7.1503
-6.8701
-1.7028
-1.2441
0.96642
5.2418
-1.4975
-2.5771
-0.96804
1.6397
-4.1123
2.3716
-0.82817
-0.19338
-1.0275
0.30318
0.29874
0.40604
-1.0476
0.61903
-0.13946
1.5016
1.5041
0.6113
-0.69194
-0.82044
-0.81462
-2.4284
0.39425
0.13558
1.0443
-0.64366
1.1962
-0.022042
-0.023431
-0.19602
-0.010818
-0.23773
0.062621
-0.011597
0.077884
-0.20094
-0.2169
0.088944
-0.023747
-0.094117
-0.14497
-0.089903
0.002407
0.019008
0.56137
0.47057
-0.41355
0.045386
-0.18585
-0.40151
0.30948
-0.36394
-0.36302
-0.049605
-0.0008915
-0.14381
0.16006
0.15236
0.16453
-1.7984
-2.7514
10.671
20.501
20.743
-0.26462
-9.5054
-17.255
-17.241
-1.1934
-1.1878
-5.4468
-5.1899
-5.2516
7.3491
4.4583
1.9482
4.7765
-3.6327
-4.4644
1.4337
0.28973
-0.28547
-2.6717
1.5022
2.5385
-0.065002
1.1736
-0.83443
-0.44674
0.67566
-0.59721
-0.60076
1.323
1.3104
-1.3026
-0.73412
0.29761
-0.02882
0.63538
-0.75128
0.38688
0.08415
0.1194
0.077718
-0.10335
0.021373
0.077965
-0.087046
-0.17112
-0.17807
0.1171
-0.094194
-0.043118
-0.2498
0.2691
0.029701
-0.087608
-0.082908
-0.11397
-0.27832
-0.089937
-0.25778
0.0080053
0.0015222
-0.4024
0.14988
-0.28702
-0.24256
0.13267
-0.24802
-0.44174
-0.1463
-0.15521
-0.11232
0.43088
-0.11584
-0.10935
-0.032937
0.93029
-10.036
4.7933
22.122
21.883
-10.302
2.3887
-6.3375
-6.5404
-8.6005
-8.6438
-10.885
0.44829
-3.0541
10.992
-8.1501
-8.1372
12.684
-1.6454
-5.0171
-0.53179
-4.2829
2.0166
1.9927
-0.53674
-0.85878
-0.94925
0.34311
0.34525
0.49043
-0.7134
-0.19803
0.60553
-0.52242
1.4849
-0.25835
-1.0524
-1.0643
-0.9394
-1.1681
0.85962
-0.19557
-0.19129
0.081965
-0.071706
0.074964
-0.014031
-0.028322
-0.076879
-0.26396
-0.07369
0.1578
-0.059043
0.082959
0.088902
-0.17758
0.058279
-0.55232
-0.21011
-0.20519
-0.31225
0.11779
-0.70184
-0.61871
-0.093648
0.080307
0.54256
0.56197
-1.008
0.87709
-0.32093
-0.38107
0.086275
0.085292
-0.090126
0.18735
0.30218
0.14818
0.15541
-0.060245
-0.013825
-0.46427
0.14336
-0.4026
-0.26106
0.0021411
-2.0886
7.1987
7.935
20.916
-0.37996
0.14818
-5.775
-5.8606
-7.7712
3.2639
7.5513
7.6801
0.49717
0.8587
4.0307
-1.3547
-1.5693
3.0039
-1.312
-0.36536
-2.4333
-2.4382
2.0144
1.684
-1.7654
-0.44645
-0.37845
0.20256
-0.19899
-1.0325
0.39564
0.3793
1.2942
-0.72158
-0.21062
-0.65523
-0.64749
-1.5844
-0.87592
3.2369
-0.20054
0.77615
0.80867
-0.012323
0.054991
-0.029378
0.12756
-0.23543
0.013632
-0.15981
-0.032275
0.027582
-0.0536
0.077078
-0.11459
0.050078
-0.13281
-0.018774
-0.00072636
0.13291
0.72923
-0.25989
-0.2167
0.11319
-0.33669
0.7837
0.78264
0.35494
0.21722
-0.78936
-0.082179
-0.08143
0.32067
-0.22961
-0.080637
-0.061653
-0.060328
-0.10991
-0.032262
-0.17065
0.042654
-0.10078
-0.098057
-0.010622
3.3122
13.136
-2.2761
-2.3379
8.9711
-9.784
-12.198
-5.7695
3.3629
-5.3757
-2.253
4.5065
4.542
3.9234
0.75894
0.63501
4.4731
-6.334
-6.8736
-1.7994
-3.1423
3.6929
3.7024
-0.11384
-0.1405
-0.72607
0.89461
-0.39741
-0.40079
0.010148
0.065114
1.1129
-0.81513
-0.81701
-0.57435
-2.3807
1.1028
-1.7523
-1.78
2.8941
-0.76051
0.37016
-0.019039
-0.083545
0.15519
0.0068225
0.093216
-0.012758
-0.18283
0.14789
-0.16713
0.034152
0.068317
-0.013949
0.081717
-0.17616
0.12923
0.093732
-0.16725
0.34699
-1.1593
-1.5079
1.5639
7.2731
-1.7477
-0.31849
1.1127
-2.3561
-2.3506
0.91142
0.91066
6.652
8.7224
0.21166
-0.0088511
-0.0073001
0.050198
-0.080824
-0.13035
-0.099951
-0.1038
0.57358
2.8025
-1.5059
5.8857
5.9418
19.104
18.957
17.414
8.012
-0.8577
-10.425
-10.02
2.2548
-1.9529
-2.2343
-10.258
-3.0587
-5.2292
-4.9986
-3.2494
0.49413
-0.035722
-0.094217
2.9188
0.12214
-0.70144
-1.0475
0.28154
0.285
0.64297
-0.98289
-2.1412
1.097
1.0904
1.1808
-0.31032
-1.5271
-3.8086
3.3213
3.3243
0.2495
-3.1339
-0.94421
4.5508
4.5468
-1.6061
1.3994
0.39411
0.37922
0.037319
0.31441
0.1575
-0.28397
-0.30322
0.31793
0.29588
-0.21226
0.28049
0.27841
-0.043002
0.21846
0.14432
-5.0784
-5.1842
1.044
-0.43527
4.6635
-1.0516
-0.28366
-0.2859
-3.5787
0.76812
3.0167
-0.10171
0.06617
-0.45995
0.19576
-0.0024717
0.086436
0.085975
0.03567
-0.087184
0.19385
0.15106
0.15111
0.52054
-0.069376
10.573
9.4521
5.307
-0.12626
-3.0076
-13.551
-13.499
-5.5545
-5.5577
5.1035
-4.6043
-2.1792
0.39514
-8.8789
-3.9371
-7.2257
-7.0985
4.3664
-5.3699
0.3271
1.0606
1.0249
0.22391
-1.0425
-0.87588
-1.3135
-1.2921
-0.60334
-6.9017
-0.38678
-0.92185
-0.93129
1.7273
-1.4646
0.49034
-1.0467
-1.0262
-0.12096
2.5705
-3.5091
-3.3992
3.2269
-0.41167
0.33399
-0.075719
0.35155
0.35156
-0.10915
0.55665
0.20534
0.38213
0.38301
0.21476
0.77716
-0.50131
0.60833
0.52426
0.49772
-2.7069
-3.3966
-5.2496
0.68541
-0.099693
-0.076282
-0.07426
0.21694
-0.0088008
-0.018351
-0.016832
-0.13251
-0.12269
-0.3271
0.17553
0.20899
0.20774
0.10953
-0.094627
0.043159
-0.069605
-0.06891
0.18412
-0.02323
0.22928
0.23004
0.15203
0.0010673
0.042908
0.00051639
0.075863
0.074433
-0.0084177
0.016376
0.12068
0.04975
0.13608
-0.090385
0.17584
-0.091221
-0.090182
-0.19406
0.19062
0.27515
-0.32513
-0.011407
-0.011015
0.058565
0.2602
0.19873
0.071674
0.059387
-0.036889
0.085791
0.056091
0.055935
0.16065
0.16673
0.015407
0.12043
0.12949
-0.014135
0.25275
0.046541
0.23307
0.23363
-0.0023034
0.11797
-0.053736
0.15397
0.1313
-0.048815
-0.048808
0.18854
0.027251
0.23968
0.10034
0.053278
0.095402
0.088658
0.088577
0.17162
0.10881
0.063966
0.073831
0.096676
0.098102
0.1322
0.044147
0.1118
0.15275
0.099925
0.046826
0.079893
0.09783
0.19375
0.042982
0.043072
0.15191
0.02004
0.15549
0.09607
0.068332
0.023047
0.11882
0.13428
0.1039
0.048671
0.073637
0.14647
0.11626
0.11631
0.056067
0.048199
0.013624
0.035132
0.11894
0.065587
-0.012114
0.08789
0.093773
0.093787
0.14799
0.092462
-0.014443
0.070379
0.071198
0.10897
-0.024823
0.28199
0.28369
0.51825
0.70365
-0.49138
0.34494
-0.64489
0.13766
0.14317
-0.27478
0.0076401
-0.078394
-0.070865
0.50809
0.045751
0.050841
0.044057
0.046417
-0.1473
0.04471
0.34927
0.25757
0.25488
0.047394
0.027903
0.015662
0.01555
-0.11762
0.062763
-0.27224
0.68444
0.69621
0.096349
-0.20644
-0.32889
-4.3027
3.8782
6.2055
6.2016
3.648
3.8093
-5.8823
4.4184
0.40927
0.55052
-0.49643
-0.0748
0.1239
0.12393
0.27137
0.084034
0.088104
1.3397
1.3898
-1.8061
0.68714
0.48346
6.2351
6.2221
8.8585
5.0664
3.3195
-2.6757
0.061126
-4.7348
-3.2607
1.2075
-0.037474
-2.6737
0.72057
-2.247
-2.2176
-2.3034
3.6725
-0.96942
-1.5317
0.34278
0.34199
0.26425
0.24129
-0.095826
0.038903
-0.29687
-0.22639
-0.29212
0.65676
0.13185
0.10329
-2.9289
4.1976
0.81914
1.6949
-0.87698
-0.90275
-0.74134
-3.7355
-1.8617
0.48326
-2.8269
3.4359
0.035288
-0.53829
-0.51164
-0.87802
0.51775
0.56137
-0.082869
-0.79767
1.2682
-0.75716
0.70146
-0.2326
0.23769
0.45761
0.36372
0.54298
1.6465
1.6395
1.7089
-10.274
-7.3033
1.492
1.5447
8.8583
5.6421
2.1386
-0.5946
0.060736
0.060326
0.74034
0.75546
1.176
1.2009
0.14698
-0.11875
-0.0084233
0.046551
0.046761
0.094683
-0.041818
0.24449
-0.021567
0.70733
0.72068
-0.76313
0.35928
-0.25796
0.24783
0.30888
0.59615
-0.053931
1.0114
1.0284
-0.86942
0.41073
0.19557
0.12722
-0.32315
-0.32467
0.24203
0.13378
0.079284
-0.20276
0.18914
0.029351
-0.14906
0.31044
-0.36122
-0.38001
0.0040006
-0.35433
0.48982
0.04778
0.048008
-0.058406
0.040754
0.054322
0.2622
-0.03186
0.12256
0.04699
0.18198
0.058262
0.16501
0.054239
0.037496
0.021889
0.22116
0.02255
-0.072101
-0.0078716
0.18043
0.13013
0.024379
0.024102
0.011863
0.20399
0.12123
0.10041
-0.0013735
0.12442
0.087487
0.17695
0.10977
0.088025
0.068317
0.1117
0.12382
0.081437
0.082999
0.067995
0.11914
0.13093
0.097825
0.11478
0.029236
0.12921
0.13209
0.13789
0.054634
0.09501
0.058145
0.1106
0.078371
0.129
0.11832
0.10856
0.066401
0.10307
0.087809
0.14079
0.076976
0.085578
0.072179
0.10121
0.085145
0.05812
0.067584
0.13292
0.082421
0.075626
0.080767
0.10339
0.12458
0.12636
0.097961
0.096266
0.11829
0.12681
0.047861
0.093102
0.13322
0.079348
0.061605
0.073902
0.09255
0.1453
0.10228
0.054134
0.12636
0.10311
0.10309
0.13232
0.046302
0.11431
0.099119
0.11719
0.092247
0.054996
0.070677
0.099913
0.12646
0.025139
0.14133
0.12403
0.054718
0.085928
0.095078
0.11026
0.046059
0.11772
0.12251
0.12251
0.12344
0.1212
0.095924
0.11084
0.11083
0.069284
0.077588
0.096208
0.1094
0.1094
0.052956
0.12631
0.083668
0.15035
0.096764
0.096817
0.029256
0.12883
0.10655
0.10285
0.12253
0.011739
0.13628
0.097361
0.12343
0.12343
0.053819
0.070689
0.13
0.12458
0.11768
0.060112
0.098783
0.10876
0.11086
0.082412
0.12367
0.089564
0.093318
0.11102
0.12539
0.12539
0.038888
0.066412
0.11909
0.10279
0.092999
0.0079878
0.10273
0.10909
0.12651
0.12655
0.056392
0.082745
0.099295
0.12477
0.040007
0.024455
0.11352
0.163
0.037483
0.03781
0.10876
0.022937
0.056381
0.2386
0.091883
-0.011311
-0.084324
0.18863
0.15093
0.1515
-0.070219
0.093787
0.11425
0.13179
0.1315
0.036877
-0.091574
0.065636
-0.056831
-0.056632
0.25406
0.10886
-0.45176
0.49526
0.51323
-0.18193
-0.31365
0.26569
0.0037509
-1.9389
1.4457
1.0148
5.6023
-0.47587
-10.349
2.6438
-5.3922
-4.2241
-4.2467
-2.5641
3.4321
-5.3391
0.55608
1.3794
0.32577
1.0979
-6.7495
2.5648
2.7046
2.2265
1.3697
0.037458
0.9109
0.9305
-0.18931
-0.17681
0.26598
-0.057971
-0.062474
-0.11945
0.31271
0.0751
0.62821
0.54993
0.54072
0.32241
-0.31881
-1.1881
-0.87779
-0.88857
-0.0079998
-0.8688
3.6002
3.5329
0.61595
-0.59149
0.42788
-0.26378
0.53914
-0.17142
0.080552
0.31057
-0.29027
-0.29346
0.58754
0.084351
0.2468
0.36398
0.2676
-0.24538
-0.21069
-9.7708
2.8015
-2.0819
-7.7694
-0.69826
-4.5785
-2.8202
-2.8165
10.893
4.7587
-2.2516
0.53861
0.46704
0.19518
0.21191
-0.4769
-0.4825
-0.097059
0.026197
-0.094571
-0.68173
0.55045
0.56185
0.35936
0.18174
12.962
15.159
-2.1308
-4.8134
6.5826
-8.6842
-10.217
-10.153
0.74981
1.2685
-0.24945
-2.3322
-2.3961
-4.6827
8.6474
-2.833
1.3467
-0.85069
-0.82638
0.18113
0.13315
0.21358
0.0054331
0.0091486
0.072227
0.53714
-0.29293
1.718
-2.9634
-3.0323
-3.2808
1.516
2.291
2.7088
-1.9809
1.8504
6.0114
-3.8571
-1.3718
3.4126
-7.0982
2.372
3.829
4.384
-2.2641
0.85483
0.56973
-0.68404
-0.67324
0.57824
-0.31962
0.83914
-0.081501
-0.26354
0.45898
-0.18841
-4.2218
-4.2214
7.6228
-9.4747
-2.5092
-4.4025
4.7037
4.8456
-3.2526
2.5882
-0.2498
-0.71968
-0.67935
0.76075
0.28685
-0.25573
0.37103
0.37661
-0.13788
0.047475
-0.2138
-0.19155
0.093111
-0.52211
0.10121
-0.047429
0.21393
0.19196
0.52675
11.889
-2.9042
6.4491
6.1651
7.2148
-1.9319
-15.83
-16.241
-16.137
-2.4687
0.62348
0.55815
0.58178
-0.26622
2.6136
1.8198
0.40605
-0.80926
-0.59232
0.86915
-0.3222
-0.47488
0.64672
0.70941
2.3771
0.59341
-0.40349
-6.9728
5.3156
-3.1056
-1.8476
-0.57395
-0.71903
-0.40329
1.6971
-0.94127
-2.3415
-5.3476
-5.325
1.3483
-4.883
-4.8152
3.4947
0.98062
0.24269
0.063421
0.21542
-0.057618
-0.19402
-0.079095
-0.2923
0.80145
-2.5041
1.3664
-6.5444
-1.3309
-2.8928
0.31554
10.791
-1.6102
-0.89234
-1.942
-0.3622
0.4167
0.47088
7.6922
10.912
0.3486
0.60424
2.936
-2.3922
-0.26719
-0.25331
-0.25675
-0.24705
-0.087509
0.025578
0.3087
0.11498
0.11531
0.23549
0.14561
1.3226
0.57367
0.55505
-0.32764
0.28426
0.0040059
0.15602
0.15627
0.39046
0.41749
0.31821
0.18648
0.28661
0.25176
0.13198
0.1241
0.20004
0.20027
0.18492
0.1237
0.076332
-0.14384
-0.14489
-0.13302
0.02096
-0.056137
0.38758
0.61186
0.22578
1.2103
-1.1077
-2.7664
-3.21
1.4444
-1.4088
0.23432
0.22469
0.22994
-0.27426
0.091798
0.34092
1.9061
-0.73611
0.95178
0.047261
-1.8489
-0.96894
-0.45561
-0.26589
0.064425
-0.90219
-0.91153
-2.5762
-0.54055
-1.0159
-1.0157
2.5662
-1.4119
1.0999
-0.16071
0.34825
0.34262
0.26091
0.28019
0.19343
-0.086877
-0.045047
-0.043613
-0.080201
0.17494
0.15193
0.036931
0.09989
0.1781
0.09881
0.020802
0.084127
0.10513
0.11962
0.17696
0.00010023
-0.41563
-0.41959
0.066121
0.18996
0.83032
-0.60196
0.097834
-0.0024972
-0.084037
-0.062383
-0.25589
-0.028881
-0.081275
-0.076547
0.027565
-0.087267
-0.087711
-0.05178
0.050823
0.2389
-0.40461
0.27015
0.001427
0.23679
0.26653
0.082338
0.10707
0.071955
0.11804
0.15697
0.14961
0.12608
0.15874
0.096842
0.027801
0.027519
0.13181
0.12601
0.10932
0.052514
-0.0065527
0.027233
0.027239
0.03602
0.048301
0.026953
0.084169
0.12719
0.13116
0.13164
0.068043
0.098864
0.098868
0.091827
0.12614
0.10588
0.071399
0.099704
0.1114
0.14297
0.13474
0.053495
0.127
0.06899
0.13439
0.090807
0.066499
0.070682
0.098476
0.11376
0.090574
0.048055
0.075173
0.12472
0.11065
0.12062
0.093285
0.1288
0.11832
0.14939
0.11848
0.068205
0.085756
0.12533
0.15756
0.081723
0.077992
0.075813
0.10642
0.11234
0.11234
0.059193
0.11817
0.12701
0.12702
0.049845
0.12102
0.13354
0.13408
0.13408
0.084602
0.084601
0.10712
0.13481
0.13481
0.048004
0.13295
0.14067
0.11943
0.086371
0.11347
0.14121
0.12595
0.09871
0.098707
0.091093
0.11167
0.14297
0.097122
0.050932
0.063312
0.11406
0.12598
0.11123
0.12588
0.084624
0.06213
0.084044
0.10646
0.1259
0.11293
0.11293
0.13409
0.11001
0.15003
0.055065
0.092244
0.11223
0.13936
0.10395
0.10397
0.085678
0.10398
0.16289
0.10927
0.062099
0.069178
0.061548
0.083383
0.12696
0.1227
0.033177
0.083348
0.093814
0.13403
0.10401
0.10402
0.093307
0.14104
0.10695
0.10285
0.055613
0.085694
0.11106
0.1411
0.07625
0.076248
0.11281
0.11046
0.069756
0.12165
0.12459
0.14699
0.14701
0.10628
0.089835
0.12693
0.043787
0.09156
0.11161
0.1134
0.13279
0.13277
0.046169
0.10397
0.11983
0.15635
0.047365
0.083322
0.083332
0.090359
0.098607
0.091589
0.047923
0.083808
0.11165
0.11982
0.13396
0.13396
0.075661
0.13451
0.13162
0.090969
0.090958
0.083855
0.075711
0.14925
0.1033
0.1033
0.047348
0.096242
0.076187
0.12685
0.067978
0.068006
0.070892
0.092085
0.14862
0.097363
0.097358
0.069708
0.11151
0.12742
0.11797
0.11798
0.083237
0.11267
0.076791
0.090836
0.09085
0.11209
0.11208
0.026674
0.1391
0.096548
0.09635
0.031624
0.12211
-0.1175
-0.117
-0.015873
0.15085
0.059362
0.02067
0.093187
-0.063413
-0.021749
0.087266
-0.0027978
0.020749
0.020729
1.4606
0.20281
-0.089196
0.065357
0.0611
-0.08361
0.018251
0.083702
-0.13859
-0.099766
0.071005
-0.26493
-0.042624
-0.029282
0.38041
0.39998
-0.17253
0.52949
-0.074732
0.27369
0.27461
0.34949
-0.1764
-0.072627
-0.21253
-0.88078
-0.46523
-1.0195
-0.25852
-0.15572
0.14941
-0.14406
0.73002
-0.049056
0.33855
0.34065
-0.44763
-1.1167
1.7441
-1.8693
0.28541
0.6788
-1.5248
1.0009
0.22939
0.11751
-0.34524
0.012642
-0.027405
-0.025972
0.12137
-0.1144
0.01937
0.291
1.2973
1.3289
0.42771
0.69705
1.4683
3.6608
3.5935
-8.7127
1.8144
-0.29479
-0.30788
-5.1152
2.278
-3.0145
1.3558
-7.2766
-7.2678
-4.2011
3.4861
1.3983
-3.2959
1.3129
6.4282
-22.774
8.6139
4.5328
-6.4199
0.45987
-0.78214
1.1501
-1.209
-1.1856
-1.1721
0.50548
0.87438
0.20122
1.0655
1.0692
-1.5739
1.0475
-0.88823
0.63168
-0.24476
-0.23156
1.2658
0.91134
-0.22098
0.34101
0.24698
0.18235
0.69097
-0.00028681
0.36374
-0.13646
0.15484
0.011994
0.18341
0.073204
0.3305
0.33158
0.16926
0.62791
0.17496
-0.21522
0.30955
-0.26606
-0.26773
-0.37408
0.16289
-0.49554
0.16318
0.34083
1.184
-0.24478
-0.57477
-0.59075
0.92292
0.77313
1.1463
17.654
0.64663
-0.050788
-3.206
-7.1405
0.52799
-2.1872
3.1116
2.2969
2.3151
-9.8947
4.7046
3.1827
-0.8246
10.47
5.9381
-5.334
0.77332
1.8578
1.8452
-1.8002
0.34231
0.62505
0.73621
-0.29485
-0.13256
0.69884
0.33847
0.56757
-0.5284
0.49385
-0.099058
0.43258
-0.13968
1.4548
-2.0039
2.1037
-0.47513
0.359
0.54007
-0.47528
-0.49939
0.95513
0.64148
-0.10938
-0.047575
-0.11749
0.074837
0.11473
0.10371
-0.20507
0.53714
0.34836
-0.17656
-0.054068
0.30839
0.5005
-0.22807
0.20084
-0.20159
-0.31332
0.21195
0.061175
0.12218
0.34962
0.94973
-0.28662
0.5657
-0.53376
-0.32505
-0.071037
0.40625
4.2558
17.263
-1.2762
0.76733
-5.6085
-0.27322
0.99762
-7.5374
6.9577
9.4804
-16.433
-2.4644
7.8811
-7.6338
2.5473
-9.2959
8.948
-5.9665
1.4777
3.8891
-1.4754
2.2891
-1.3839
0.86629
-0.75779
0.79544
0.55399
-1.2588
1.5677
-0.93863
-0.64497
-0.2219
1.3779
-0.54186
0.19232
0.49971
0.43174
0.40315
1.0087
-0.18773
-0.31022
-0.16679
0.55976
0.09741
0.58856
-0.20914
0.097871
0.085722
0.065794
-0.42112
0.6406
-0.16609
0.068894
0.45212
-0.18165
0.14755
-0.19083
0.31107
0.20782
-0.41978
0.23039
-0.24879
0.026136
0.42479
-0.18437
-0.032319
0.53875
-0.13229
0.98929
-1.5952
0.62869
0.60037
0.91415
2.7703
6.2311
11.523
-5.0547
2.2482
10.281
-0.82222
1.3788
-3.1042
1.4279
1.6686
-5.3748
-9.6562
4.9026
-1.2223
-3.5549
2.6467
-9.1674
-6.4111
-6.7857
2.2602
0.21089
0.19983
0.15645
1.1633
0.18028
-0.40184
0.52709
0.68336
-0.15267
0.69783
-0.51426
0.90763
0.92438
0.12226
-1.1189
-1.3305
-1.5034
1.1607
-0.72128
0.2176
0.69772
0.50484
0.62305
0.11955
0.86951
0.088709
0.14207
-0.44997
0.26699
-0.010831
0.12712
0.46204
-0.63774
0.053019
0.52988
0.014988
0.0099287
-0.16045
0.60549
-0.053791
-3.3351
-3.3404
2.238
-0.39803
1.185
-0.33479
-0.33153
-0.010669
0.041814
0.35153
-0.15435
-0.14828
0.38005
0.15858
0.17941
0.2926
0.28357
-0.13889
0.39352
0.16468
1.5485
1.639
0.76213
2.3971
12.471
17.491
17.359
4.8087
-4.9891
0.7003
-4.2672
-4.2305
-3.2935
-3.4399
-2.5174
4.2723
4.1463
-7.1937
-6.1735
-6.4229
-4.0997
-4.0772
12.969
-7.4978
4.8139
-0.065523
2.0783
-0.95333
0.71527
-2.5282
2.3979
-0.746
-3.0283
-1.4106
1.7311
1.8515
1.8679
-1.7665
2.8094
0.37863
0.11574
0.27307
0.41475
-0.19627
0.69082
0.17046
0.23228
0.39097
-0.16566
0.27535
-0.49024
-0.1026
0.21649
0.066403
0.99104
-0.17874
-0.17304
0.010699
0.13481
0.11017
0.013391
0.61173
0.35733
0.50488
-0.092617
-0.21391
0.014484
1.1229
1.0804
0.12878
0.41382
-0.13058
0.33467
-0.5496
0.39654
-0.23119
-0.11865
1.4158
6.4527
12.598
9.8643
5.0842
12.464
-12.712
-8.9537
-2.3658
-10.662
-10.584
-13.883
-0.71927
5.0579
3.0333
-4.0104
11.403
-9.307
1.1849
-3.6219
-3.4106
-3.445
1.1807
-1.095
1.1066
-1.1357
-2.3149
-2.3185
-2.4969
0.14818
-1.0427
1.5282
-1.4497
-1.6937
-0.7636
0.79047
0.60853
-0.35861
-0.33731
0.61952
0.55449
-0.4533
-0.091875
-0.08877
0.10579
-0.055418
0.49883
-0.13356
-0.05392
-0.057463
0.051512
1.1954
0.52483
-0.47768
-0.47674
-0.33522
-0.31281
-1.4697
0.6641
-0.33084
0.064788
0.89562
0.059116
1.0885
-0.043489
-0.045397
1.1914
-4.4974
2.4248
14.573
14.49
7.8364
-3.1691
-5.6083
-4.7259
-4.976
-5.9709
-6.0841
8.1819
-9.602
-11.38
-11.474
-0.58752
-3.884
1.4127
1.7676
4.531
4.7677
0.76736
0.77649
-1.7323
-3.0499
-0.72409
1.9714
1.9786
5.2696
3.4377
1.2712
-1.8991
0.4939
-0.94491
-0.073024
0.40626
-2.3097
-0.26076
-0.24828
-0.1301
0.064868
0.2706
-0.18764
0.23988
0.0041874
-0.31344
-0.21665
0.21659
-0.20646
0.73969
0.35608
-0.045963
0.60745
0.61616
-0.63648
6.3036
-1.7877
0.52303
1.0985
1.3574
1.2825
1.2766
-0.44239
0.78268
-0.2571
0.72164
-0.088094
0.26303
0.28172
3.0171
1.9689
-0.12551
6.5917
-1.973
-2.2441
-2.2066
-7.057
-2.8588
-7.0139
0.8886
-7.406
7.4966
-6.8929
-5.9938
-6.8923
-0.37969
7.3721
9.5624
-0.61215
-4.4694
2.6163
1.9837
0.49239
-1.025
0.21161
0.12685
-2.2784
1.2909
1.653
1.7583
-0.17803
-2.4148
1.3941
-2.6702
1.4869
2.442
-0.18918
0.16194
0.36727
0.59704
0.88498
-0.25969
-0.00017197
0.14518
0.15981
0.76051
0.10253
-0.21536
0.51812
-0.023734
0.16862
0.13959
-0.25682
1.4552
-1.2431
0.75374
0.49858
0.25648
0.0069941
0.48496
0.68814
-0.087363
0.23606
-0.27113
0.44056
-0.093004
0.25343
0.33511
-0.43349
2.4316
6.3822
1.2691
-4.4592
2.8451
1.7921
2.0563
-2.3045
-0.74403
6.5594
0.86525
2.5582
0.033116
-5.5057
-0.38316
-8.2114
-4.2324
-12.147
3.3685
10.336
-2.1297
-0.73749
1.1096
-0.013563
-0.17568
0.17632
0.39633
-1.5776
-0.32803
-0.29247
-0.11198
0.14525
1.1422
-1.3224
-0.67399
-1.1841
0.82123
-2.1462
0.11479
-0.1501
1.8228
2.2048
0.81596
-0.20192
0.43969
0.28765
0.14306
0.41221
0.35229
0.18033
0.27251
0.80409
-0.02284
0.093833
0.62399
-0.054127
0.93454
-0.38742
-0.16346
-0.26418
0.19598
0.25422
0.61127
-0.084271
0.40042
-0.22787
0.43089
0.37787
-0.31759
-0.059453
-0.20243
0.69991
0.96491
4.652
15.282
-4.6117
3.1192
2.0403
-3.9599
9.0097
0.0026242
-3.1572
-12.015
-3.0757
-2.9545
-16.445
5.1616
-7.8793
10.139
-7.0014
0.14993
-1.634
2.8177
-1.1018
-1.5978
-1.6364
-2.5028
0.84009
-1.3185
2.1405
-1.3443
1.4949
-0.84832
-2.1999
-5.0519
1.8805
1.8521
3.0807
0.90764
0.12366
0.079186
-0.39556
-0.36541
0.8572
-0.3819
0.30532
0.36034
-0.015484
0.1434
0.32304
0.16664
0.16677
-0.010806
0.35453
0.41454
-0.41921
-0.38262
0.63595
-0.3519
0.69996
-0.061568
0.59455
-0.46758
-0.4386
0.057531
-0.092134
0.57065
0.024995
0.37497
0.21899
0.3642
0.39598
0.39565
0.7349
5.2398
7.8654
-11.865
7.9042
8.4935
1.3067
-2.8025
0.038766
3.0655
0.10366
-1.9572
8.7305
-5.5703
11.309
-11.281
-3.396
-14.017
12.664
13.128
-1.6032
-0.80234
0.35923
0.37823
-0.056244
-1.9509
-0.051967
-0.38756
-0.54464
-0.5352
-0.015674
-0.015113
0.60164
-0.3371
-0.28096
-0.29166
-0.68381
-1.5792
-0.5356
0.32668
-1.4796
-1.4545
2.7035
0.2137
0.7678
-0.43699
-0.43876
-0.15967
0.39995
0.16643
0.30128
0.26335
0.29448
0.32897
0.22634
0.39888
0.40104
0.117
-0.26603
0.4886
-0.80169
1.3611
-0.52439
0.80037
-0.027284
0.30075
0.024008
0.19365
0.12261
0.40198
0.17021
0.16729
-0.23846
0.23206
0.19477
0.064369
1.675
1.6924
8.7669
13.988
-1.5149
5.0447
5.0601
-4.3407
-2.8722
0.57888
8.1924
8.3073
0.9969
-0.58585
-4.655
-1.1596
9.6882
-3.6204
5.2127
0.14961
0.73385
-2.2063
-2.206
0.76229
0.48465
-0.91459
0.57819
-0.408
-0.40895
0.50956
-0.030687
0.36086
-0.099063
-0.56126
0.64016
-1.0358
-1.0319
-5.2737
2.5554
2.8279
-1.9302
1.4971
1.4821
0.22873
0.22393
0.39113
0.025716
0.091594
0.13662
0.31903
0.031251
0.45776
0.05186
0.16278
0.41535
0.7417
-0.83985
-0.79224
-0.8306
0.28013
-0.080573
1.3138
-0.014811
-0.57329
-0.5424
0.030592
-0.13444
0.88688
0.30872
0.30017
0.098892
0.11558
0.06255
0.10941
0.10935
0.2026
0.46489
0.21445
2.6998
2.7188
-11.456
0.28868
6.45
0.51895
1.5451
2.2969
3.7182
2.8181
-0.466
-3.1509
-8.7933
-17.556
-1.4324
-12.841
2.7075
-1.4885
0.78798
-0.75826
0.29919
0.56395
0.22037
0.21543
1.1663
-0.31747
-1.0647
-0.7137
-0.29051
0.0084462
0.059655
-0.48539
-0.22656
0.33238
-0.68403
-1.107
-3.1888
-3.1811
-0.92423
-1.9694
-0.27161
2.3909
0.20454
0.20218
0.94021
0.028481
-0.027908
0.19389
0.080759
0.11057
0.20772
0.31334
-0.065082
0.081464
0.033268
0.060123
0.62391
0.43198
-0.47736
-0.15615
-0.013481
-0.0011288
0.87391
-1.3352
0.63332
0.099827
-0.038743
0.59756
0.029874
0.26649
0.10986
0.096026
0.22608
0.094352
0.12327
0.12281
0.38326
9.5659
9.872
-6.3195
-1.8729
2.2338
2.2258
3.1907
10.459
-5.732
-5.734
0.75468
-1.1203
2.4374
-5.6506
-13.245
2.831
1.6417
3.1371
1.3698
-1.1591
0.2805
-1.167
0.29546
0.5415
-0.76294
-0.3232
0.31578
-1.1319
-1.1348
-0.13206
0.63427
1.2582
-0.96191
0.55517
-0.51902
-0.44481
-1.0068
0.44001
1.4218
1.0324
-0.36302
-0.010435
0.89755
1.1486
-0.2165
-0.21431
0.36145
-0.036227
-0.034659
0.17887
0.26597
0.33625
0.31293
0.31065
1.5292
-0.69665
-0.0078075
-0.015272
-0.074741
0.30345
-0.20946
-0.0096407
-0.076083
-0.073123
0.18049
0.42366
0.049415
0.13255
0.28234
0.061668
0.20233
-0.032043
-0.030579
0.25117
0.21541
0.49062
0.49258
4.9483
10.91
-0.11273
-8.1149
3.4245
4.5138
1.8596
-0.26235
10.946
-1.75
-5.176
-3.4882
-3.4707
-0.081734
-10.272
13.217
1.4784
2.9992
3.9566
-0.29427
-1.9777
2.2545
-0.52789
-0.083963
0.64676
-0.80852
-0.13614
-0.82721
2.0409
-1.2013
-0.14215
0.76863
0.77012
-0.26311
-0.68096
-2.0186
-1.995
0.81399
-4.836
-1.5075
1.9191
-0.0021176
-0.046279
-0.04082
0.39846
-0.038212
0.23959
0.24093
0.19868
0.26407
0.14561
0.10523
0.30015
0.30021
0.53204
0.78455
-0.21164
-0.41093
0.27437
-0.14128
0.89666
0.92496
-0.176
0.59402
0.27815
-0.30196
0.47072
0.48204
0.40869
0.3747
0.12676
0.21257
0.35178
0.35048
1.0783
0.36225
0.15417
4.6536
4.6395
12.483
9.2875
0.99424
-7.5856
2.1256
2.1626
0.80803
8.5245
0.55397
-3.7496
-3.7262
-9.2212
-10.906
4.8759
-7.7238
6.0545
-1.8658
-2.4091
1.1409
1.1594
0.32526
1.1195
-2.0639
1.0575
-1.2655
-1.842
-1.8375
-1.4448
2.479
-3.1063
1.4556
-0.99028
-0.70673
-0.24268
2.6485
1.0055
0.11754
-0.033449
0.27604
0.028479
0.040587
0.76587
0.33054
-0.13527
0.32253
0.034131
0.22963
0.16805
0.27552
0.03972
0.41114
0.55817
-0.64686
0.016769
-0.049617
-0.048858
1.1573
1.1251
-0.31449
-0.37072
0.50253
0.47033
0.19408
0.19471
0.24704
0.14124
-0.11374
0.036259
0.036351
-0.033978
0.3513
-0.017548
0.28233
1.7387
7.8495
7.1544
-17.615
7.4111
7.8375
-5.5715
2.2907
5.3082
-2.3736
3.7524
5.9159
-8.1137
-2.1478
-9.1415
2.5622
-5.2515
5.0384
4.9689
-2.0888
-2.0593
2.5975
-0.66859
0.70036
-0.45355
-0.46257
-0.036642
-0.69986
-0.81013
1.3568
-0.64759
-0.12741
-0.95273
0.49529
-0.86391
-0.85651
-2.7726
-1.9363
-0.43148
1.5954
1.5273
0.18837
0.45349
-0.66768
-0.35545
-0.36396
0.60391
0.115
0.32987
0.14636
0.14803
0.31052
0.018934
0.0094922
0.049086
0.50813
0.5072
0.40978
-0.52552
-0.056658
0.15192
0.2376
0.28991
-0.70917
0.46149
0.44454
0.43172
0.35315
0.24034
0.050873
0.17173
0.16993
0.39551
0.3961
0.20137
0.34082
0.34826
11.323
11.959
1.6202
1.9776
5.7306
5.8589
-4.4022
-1.9119
4.3162
4.2905
0.74637
-6.7233
3.3685
-2.9586
-4.2112
-11.798
5.2394
-6.266
8.9111
8.9974
-2.014
-2.0094
-1.4612
-3.7584
-0.0012917
0.0040402
-1.1855
-0.35908
-0.44878
-1.3825
0.11459
0.11514
-2.1336
1.1932
-2.6899
-2.7021
4.7784
2.0908
-1.8462
1.604
1.5775
0.52992
0.50808
0.64024
-0.026396
0.062585
0.063271
0.10122
0.23232
0.33084
0.10942
-0.046268
0.10544
0.15826
0.39633
0.39553
0.3736
0.21191
0.53014
-0.45432
0.10901
0.24189
0.94742
0.18539
0.14336
-0.48208
0.70251
0.69077
0.22396
0.34604
-0.050272
-0.17001
0.24384
0.25176
0.25016
0.59287
0.30582
2.9552
9.453
1.7985
-3.7208
-2.3139
-2.4565
-3.1174
-0.45531
5.2476
-0.56634
-0.58247
7.1542
-3.6364
-2.1404
-2.1261
-12.582
-8.549
7.2685
-4.3117
4.4499
4.5517
-1.2229
1.4261
0.93041
-0.70631
0.12866
-1.2603
-0.67298
-0.36081
-0.15279
-1.0792
1.0533
0.056268
-0.84036
-1.097
-3.6957
3.7746
0.61258
-0.27972
1.3193
0.89903
0.87921
0.27205
0.78518
0.15124
-0.42113
0.2303
0.26155
0.16462
0.14752
0.63759
-0.044824
0.3086
0.067167
0.66502
0.65556
0.6975
-0.078351
0.85106
-0.15836
-0.27747
0.15483
0.23952
0.28585
0.2808
0.14834
0.30143
0.069196
0.06893
0.20521
0.20346
-0.25624
0.46582
0.0063796
10.847
11.245
7.2248
6.3415
-19.38
9.0968
-5.235
-1.3161
-0.88401
-0.86787
1.9366
4.7791
-0.064931
1.5397
-2.7199
-2.8994
-4.097
-4.9722
-15.169
-6.387
0.7523
-7.5733
5.7216
-2.5208
-2.4829
1.582
-5.8734
2.468
-1.0469
-1.0967
0.28989
0.69123
-1.6244
-0.19313
-0.18972
1.0366
-1.3365
0.61131
-0.36608
-0.50603
-0.50541
-1.7187
-1.5569
2.6017
2.5498
0.95402
-0.15681
0.99238
0.7631
-0.028095
0.0057615
0.19745
0.16952
0.15842
0.1291
0.13158
0.17648
0.40463
0.33474
0.33741
0.12177
-0.055707
0.22312
0.44639
0.17435
-0.24895
-0.2813
-0.26579
-0.38614
0.43974
-0.10717
0.5297
-0.45968
-0.12917
0.81105
-0.19754
0.42373
-0.38999
-0.082358
0.88156
-0.16175
-0.15785
0.10096
3.9966
12.931
-21.035
8.745
9.8493
-1.3181
0.74186
6.338
1.6506
14.632
-8.6459
2.5274
1.4529
1.4613
-3.0409
-3.9626
-5.3778
-13.203
-3.9317
5.448
-0.25582
-1.0246
0.68367
0.68357
-1.8097
-0.74911
1.6626
0.47446
-0.51543
-0.51625
-0.34675
1.7711
-1.1614
-0.54052
0.92597
-0.35282
-1.2798
1.2003
1.2576
-5.4902
-0.31792
1.7503
2.1329
2.0887
0.3258
0.61495
0.14604
-0.29403
-0.27172
0.26308
0.22559
0.42553
0.22162
0.36041
0.35577
0.23928
0.20227
0.19543
0.16865
0.25061
-0.062706
-0.21046
0.63127
0.63294
0.0065732
0.51502
-0.21191
0.16012
0.018786
0.16619
-0.06217
0.36024
0.34642
-0.028549
0.2481
-0.050534
0.10412
0.11013
0.10617
-0.086645
0.43103
0.23326
0.79707
11.265
9.3924
-0.90553
-5.023
2.7046
-5.1525
-4.2956
5.8177
-2.8013
-2.7323
5.3567
13.767
-4.7479
-1.0319
-1.0079
-0.98765
-9.4805
-6.7377
10.653
3.6725
5.4639
-7.4712
2.74
-1.3362
-4.253
-4.2326
1.5591
0.33599
0.036275
0.03849
-0.39202
-1.8433
1.3863
-1.3006
-1.2951
-0.3841
1.0737
-0.48429
-1.1471
-1.1444
-2.7771
-3.4445
1.4285
-0.47442
-0.56729
0.45179
0.37363
0.54294
-0.3727
0.1476
-0.13452
-0.12222
0.28737
0.26117
0.32734
0.067911
0.14054
0.14105
0.70704
0.060354
0.62072
-0.26078
-0.26405
-0.51851
-0.25936
0.99005
0.19667
0.19847
-0.36367
0.43534
0.19253
0.14791
0.21381
0.101
-0.54931
0.57669
0.57249
0.64367
0.019282
2.7517
3.1627
-9.5759
0.17653
0.032383
3.6122
1.8246
9.8051
10.02
-0.96361
-2.8547
0.23117
-5.659
-0.64591
-0.71336
-13.746
-10.954
5.845
3.9634
2.3347
2.4401
-3.7053
1.8397
0.47944
-1.1517
-0.91094
0.54985
-0.91713
-1.1667
0.050123
-0.051911
-1.2186
1.1947
-2.6326
-0.88938
2.7721
1.093
3.0047
-1.7921
1.1217
0.44683
0.074994
0.074506
0.012765
0.36474
-0.18071
0.32638
0.21921
0.45049
0.44587
0.11381
0.020923
0.30448
0.31752
-0.55901
0.010338
0.044872
0.028797
-0.45178
0.38815
0.16721
0.037559
-0.15951
0.13482
0.14158
0.072758
-0.034655
0.19807
0.30794
0.30706
-0.39398
0.64937
0.29037
0.27376
0.82392
15.192
-13.794
0.95594
0.97552
-2.0964
4.635
10.335
10.215
-1.4043
-9.4134
-9.5634
0.22243
-13.863
10.07
-3.3576
-3.3813
0.10673
-4.3644
-4.3791
2.2435
0.69913
1.2738
-1.47
-0.0987
-0.091207
-0.83098
-1.0983
1.8874
-1.4435
-1.4538
-1.5605
2.7991
1.423
0.3579
-1.9178
-1.9079
1.0962
1.133
-1.4232
-1.395
1.9564
0.10695
0.18155
0.18332
0.18601
0.052379
0.22076
0.22085
0.38238
-0.063287
0.28017
0.28004
0.11106
-0.022519
-0.2481
0.35777
-0.32138
-0.31156
0.05623
0.31333
-0.036065
-0.08718
-0.069632
0.13358
0.0024999
0.030244
-0.12409
-0.10452
0.083195
0.12527
-0.36201
-0.51194
-0.0078803
14.398
12.725
-7.5899
5.7509
-1.408
1.619
4.2476
-2.3635
6.2287
-5.164
-2.7071
3.435
-3.4349
-1.3553
-1.3328
-5.9431
-1.3509
-0.99218
9.0998
-5.5348
-5.7326
4.198
2.7276
-1.8557
1.7179
1.7431
0.84999
0.073843
-1.8019
0.39412
-0.46164
3.7986
-4.4233
-1.5921
-1.405
2.4877
-1.8134
3.0812
1.4524
-0.88013
0.52016
0.17954
0.18554
0.48502
0.36504
0.14067
0.15348
0.074929
0.33624
0.19841
0.19804
0.2605
0.05466
0.16924
0.36002
0.23353
0.23523
0.17242
-0.063511
0.47937
-0.4325
-0.42565
0.71045
-0.5936
0.51117
0.3195
0.11332
0.074632
0.18771
0.023152
0.073589
0.073531
-0.072649
0.15227
-0.42044
0.34545
3.7092
3.6023
9.2808
-7.9365
-0.081265
-4.2526
-3.5612
-4.1661
0.56229
-0.44471
3.1759
5.5799
-0.6734
-8.7616
-2.8804
-3.8891
-11.017
-10.721
-5.7026
-6.2869
1.1133
-0.080045
-0.27452
2.9692
-0.43122
0.68065
0.20459
0.77654
-0.36777
-0.83485
-0.44877
-0.29635
0.24788
0.050376
-0.075009
-0.18872
-0.61089
-0.60946
-0.13573
-0.059583
-0.57072
-3.401
1.7434
-0.86526
-0.45109
0.35973
0.81091
0.78992
-0.27089
0.13276
0.10471
0.23741
0.23675
0.21068
0.3958
0.55231
0.47411
-0.026851
-0.5634
0.14863
0.057377
1.1101
1.0838
-0.89022
0.61591
0.065992
0.1564
-0.092031
-0.080775
0.17762
0.40285
0.1606
0.026172
0.11023
-0.1931
-0.018953
0.11199
0.27205
0.33112
0.094207
2.7882
9.9243
10.042
-1.8236
2.5795
-13.303
3.7045
-3.4441
2.8654
9.3309
-0.45131
10.437
-0.37974
-0.18216
-2.4718
-0.66289
4.4372
-3.0731
7.9767
-4.4285
-4.4676
1.9347
1.4125
-3.0405
-3.0379
-0.75869
1.0383
-0.20168
-0.0030582
-0.0037499
-1.2864
-0.20592
0.9602
-0.60873
0.447
-0.049256
0.41699
0.0079111
0.0051232
-0.72492
0.30915
3.7532
2.0101
1.9312
-2.6956
0.16464
0.29088
0.13628
0.13458
-0.059367
0.35448
0.19179
0.37566
0.055314
0.45803
-0.080058
-0.032768
0.3376
0.0088021
0.065584
0.2775
0.12826
0.29962
-0.50843
-0.22266
-0.098342
0.48859
0.31649
-0.31911
-0.30782
0.021603
0.32118
0.16568
0.32514
-0.23748
-0.19684
0.49714
-0.033742
-0.035006
-0.21767
0.19616
0.33264
0.095892
1.5971
1.6063
7.3951
3.6786
-21.413
5.6194
5.5534
-4.9053
1.5934
-3.0009
1.6702
1.5377
6.0085
-6.2393
-0.3962
-0.25928
-0.32179
-10.28
9.4602
-4.6686
-7.7098
5.6363
-7.2996
4.6853
-7.0502
2.7143
2.7563
0.99232
1.074
-0.033504
-1.6479
1.6719
-1.5198
-1.5301
-3.0239
1.9364
-0.90162
-1.5485
2.6816
-1.5884
1.402
0.7263
0.72217
-0.28101
0.30575
-0.22661
0.3306
0.052548
0.052869
0.074507
0.046978
0.14989
0.18855
0.071771
0.36692
0.63057
0.20296
-0.28295
0.36108
-0.094564
-0.089542
-0.16565
0.10811
-0.13756
0.34715
0.12006
0.013483
-0.19054
-0.17942
0.08553
0.14754
0.19013
-0.069707
0.20594
-0.99609
0.33381
0.33387
1.0616
8.5052
8.5222
2.7901
-1.3217
-6.1919
1.5716
1.5114
0.014351
8.3152
-3.0972
-7.1818
-7.2133
-6.7131
-0.8789
-3.3468
11.176
-0.59952
-0.70233
2.912
5.9889
-2.0263
-3.4054
0.18025
0.29862
0.26209
-0.55006
-0.13947
1.1712
-1.668
-2.0906
0.21682
0.14148
-0.83031
1.2
-1.6992
0.025472
-0.97094
-0.95875
1.0037
1.1112
-0.82499
-0.31514
0.70818
-0.12012
0.3505
0.15019
-0.21833
0.42597
0.23959
0.2917
0.089468
0.84131
-0.065865
0.43927
0.71245
0.7137
0.36061
-0.19133
-1.1005
0.21737
0.0079908
0.007786
1.3616
-0.38041
-0.15501
0.22068
-0.25879
0.15547
0.15785
0.07189
-0.017729
8.218
8.513
1.6137
1.252
-8.2696
10.322
0.027185
-10.055
4.9965
-7.6914
8.3758
8.5011
6.0212
-4.531
6.3588
-7.4581
0.66378
-4.9112
3.1455
-10.445
-6.5466
-7.065
20.104
-18.685
-2.2361
0.9969
-5.6664
-1.1461
1.8728
-0.42064
1.5864
-0.5275
-2.7934
3.1239
-0.32786
-3.7022
-3.5381
9.2513
-1.0043
0.28184
0.36691
0.10621
0.21136
0.33288
-0.051609
0.082556
0.35639
-0.050333
0.50717
-0.22008
1.6219
0.5986
0.95469
0.52135
-1.0462
-1.7179
-0.021965
0.50303
0.80131
0.25745
-0.30791
0.47945
-0.29013
-0.48156
1.74
0.61362
-1.7264
-0.41952
0.71459
0.51777
0.75657
-0.15837
-0.1761
0.27042
0.41983
0.42135
-0.0087908
1.7043
6.0307
1.9895
2.922
-4.3143
-5.7032
5.4635
-7.381
1.9576
-0.4968
1.6831
-5.2611
4.1955
-2.8163
1.3658
1.7457
-4.0118
-4.3934
1.7911
3.546
3.5871
-12.661
6.5799
-0.26971
0.067118
0.6451
0.077109
0.94751
13.869
-9.8477
2.7689
3.7132
-0.07821
-1.9593
-0.97363
-0.31388
1.5597
0.16795
0.25638
-0.018134
-0.023104
0.31678
0.25105
0.25196
-0.17147
0.15509
0.1671
0.413
0.40813
-0.42633
0.017746
-0.79719
0.60845
0.61388
-0.7795
-0.22427
0.10825
0.15148
0.3557
0.6619
0.71473
-0.61694
-0.12991
-0.085561
0.71199
-1.2554
0.14223
-0.39487
-0.37152
0.39939
0.39455
-0.04069
0.38924
0.43667
0.21372
-0.013001
0.34546
-1.0416
-1.0501
0.2492
4.0575
4.2013
3.1847
-1.8223
-1.0876
-1.7968
0.3332
0.73412
-2.4791
-2.5252
1.0194
4.5682
-9.6456
1.8625
-4.6168
4.5865
2.4954
0.87551
0.8917
-2.2219
0.42441
-0.51151
-0.76885
2.8789
-1.0641
-1.0666
-1.8222
0.35843
-2.5026
-0.85435
0.40586
-0.25779
-0.64303
-0.65511
2.4384
1.5615
3.884
-4.5559
1.9824
-0.12533
-0.11283
0.19796
0.18804
0.25587
0.081476
0.081504
0.74102
0.065403
-0.75403
1.0514
-0.072814
0.031371
-0.17727
1.1497
1.0337
1.0343
-0.43625
-0.70482
-0.47776
1.0419
1.0187
1.5996
-0.41516
0.8531
0.18174
0.17219
0.087303
0.15909
-0.21893
0.17581
-0.22675
-0.2239
0.012353
0.63885
-0.44826
0.42829
0.41457
1.6831
5.2745
-6.5299
3.735
2.4106
-1.8494
-6.1544
-5.8575
-5.9516
2.4605
2.436
1.0001
4.2404
-10.103
-10.2
9.2256
-13.936
2.5359
3.8908
3.4587
5.6607
-7.1499
7.1652
-0.38475
-3.8204
0.26433
-1.8354
1.2422
0.94243
-4.1878
-2.0335
2.4695
1.7785
1.7866
0.64656
-1.495
0.11603
0.49129
3.4899
-0.11443
3.3812
1.0587
1.7815
1.7813
-0.10575
0.4203
0.28235
-0.25268
-0.25936
0.24121
-0.76322
0.5941
-1.0388
-0.99758
-0.083254
0.23385
-0.026891
0.449
0.20789
0.21342
0.22602
0.34205
0.45434
0.45404
0.37107
-0.72533
1.2058
2.7082
2.5989
0.32008
-0.77139
0.17884
0.57336
0.31839
0.30961
0.14142
0.086999
-0.2572
0.25104
0.21987
-0.21562
0.31678
2.0566
2.045
1.3354
0.80701
6.5021
-0.59974
-0.61018
-8.663
6.1064
-4.0955
-2.5712
3.3417
2.9074
8.7499
4.6469
1.1302
-3.8231
2.593
1.3253
-2.0621
3.2764
-4.2113
-2.944
-3.0757
-2.0245
15.096
-5.048
-3.8423
0.17961
-1.0092
2.3803
-3.0466
1.4184
-1.2262
5.2287
0.6653
4.5861
1.1999
5.756
5.6071
-3.324
0.43717
4.9931
0.28132
-0.17315
-0.071575
0.2223
-0.14557
-0.17147
-0.050919
0.70524
0.28611
0.24599
-0.02541
-0.35057
1.1453
0.24
0.065612
-0.15015
-0.56863
-1.249
-0.39984
-0.59616
-0.43546
0.48259
-0.026665
0.74439
0.52496
-0.21089
0.070679
0.21824
0.22993
-0.068551
-0.068349
0.41138
-0.10386
-0.016805
-0.059013
0.074312
0.078087
-0.29758
-0.48337
0.045578
0.86416
-0.24179
2.3074
6.6838
-1.0405
-2.1676
-1.3404
-7.6353
2.4419
-7.7082
1.034
-2.0935
1.5232
3.7107
1.5382
0.77087
-10.235
-7.0689
4.7032
8.0127
-0.066479
-3.649
1.1571
3.1096
-3.2695
4.1382
-7.2072
-9.0225
5.1788
-4.9984
-4.481
-1.3392
0.67206
-2.878
0.88221
2.4866
0.4357
1.8918
7.9471
0.06669
7.3812
1.8862
0.13837
-4.4081
2.7127
0.10038
0.07933
-0.039684
-0.25309
-0.065955
0.21509
0.13793
-2.4847
1.1278
-0.16625
-0.037773
-0.070789
0.42238
-0.29287
0.94374
-1.5353
1.1539
0.86224
-3.6663
-2.2014
0.84728
-0.7341
0.17431
-0.19043
0.61063
-0.13733
0.25383
-0.12071
0.49318
0.25128
0.0073906
0.01405
0.031713
0.057727
-0.443
0.51429
-0.88361
-0.045559
0.94659
0.024927
-0.23741
8.1745
8.9269
-8.3843
0.69584
-6.9399
-5.7734
-5.3961
-3.614
2.995
-3.0838
-2.3239
2.7323
-2.7876
-0.39386
-3.5152
-1.3531
4.3874
2.6819
1.9296
-5.632
1.6781
-0.19789
-3.3226
-7.8362
12.143
-4.7787
-6.8116
0.98565
-6.9678
-3.2566
-3.8836
0.17553
5.4126
-0.86769
6.0747
6.7595
6.3063
0.67143
0.20684
-2.7055
-8.2283
-1.4978
-1.7032
2.6047
-1.3859
0.67621
-0.341
0.3264
-1.965
-0.17565
-0.078206
1.8546
0.0064998
-0.5433
-0.52793
1.3348
1.13
-1.3355
-1.2432
2.9297
0.53793
1.4177
0.40934
0.70093
-0.68935
0.28801
-0.39653
-0.57384
0.34195
-0.29956
-0.030317
0.30285
-0.083849
0.12457
-0.10841
-0.11356
0.038245
-0.18989
0.46321
-0.81136
-0.65982
-1.2513
-0.39702
-0.42963
10.637
10.773
-4.0651
1.4723
-3.1161
-6.5869
-7.0008
-7.3668
-1.5008
0.95792
5.367
5.1183
2.7134
-4.9364
9.9538
3.817
2.2259
2.8372
-6.8186
-2.3982
-0.6813
-0.53875
-1.741
-1.813
-2.1717
3.5867
-4.2355
-2.6922
-2.7583
-6.5154
0.27609
3.8631
-2.4407
-2.4058
0.34669
-0.70625
-2.1173
-7.161
8.6039
-2.0217
-0.21088
1.6264
-0.13918
-0.14873
0.076492
0.046044
-0.31151
0.0016773
-0.0031237
-1.1463
0.56304
-0.87193
-0.40259
-0.4104
-0.54693
0.15968
1.1609
-0.3125
0.84552
-0.71178
0.35916
-1.1573
-1.1553
-1.3175
-0.61201
0.17666
0.11246
-0.33746
0.11889
-0.2314
-0.067574
0.14601
-0.095211
-0.0081256
0.010599
-0.015292
-0.096112
-0.047146
-0.071329
0.14031
-0.18905
-0.25283
-4.409
-4.4674
0.25266
13.38
-2.7601
-0.505
-3.173
-3.1476
-10.048
-2.6453
-2.7185
-3.7659
6.2028
-2.1256
-7.4305
4.7973
4.7016
6.1085
1.6131
-1.0661
1.6001
1.5227
2.2328
-3.7164
2.7154
-0.96816
-0.89359
2.8817
-4.5519
-3.843
-4.8651
8.6275
-1.4613
-5.6579
6.546
6.5733
5.0986
8.9861
1.2301
3.1596
2.9256
2.7781
2.7631
0.072402
0.16341
0.00010822
0.49441
-0.2011
-0.030944
-0.25941
-0.25619
-1.075
-0.38636
0.66323
1.3557
-1.0489
-1.0534
-0.50049
0.62789
0.75913
-0.67104
0.51872
-0.42488
-0.2989
1.1591
-0.10064
0.51748
-0.75622
0.55813
-0.074992
-0.038744
-0.16216
-0.083119
0.054325
-0.17442
0.0016734
-0.10416
0.27829
-0.11418
0.29249
0.33216
-0.41291
0.1689
0.019828
-4.4855
14.329
1.2678
0.092153
-0.2403
-8.6629
-8.4146
-3.9863
5.1323
-1.5626
6.7416
6.7902
4.5542
-0.75116
-0.029649
0.42117
6.5173
6.5781
3.6812
0.85535
-1.4277
0.50867
-0.81727
0.48065
-0.5041
0.5319
0.5383
-0.45107
1.0598
0.75997
0.26249
-0.92801
-0.92897
-0.44749
-0.59599
-0.1251
-0.57761
-1.6015
-0.18118
-0.87718
0.64116
0.030004
4.1597
-1.8436
1.7824
-1.6155
-1.6192
-3.1141
1.6892
1.2883
-0.063079
-0.062194
-0.073874
-0.16563
-0.037984
-0.045674
-0.053678
-0.050204
-0.1143
-0.016167
0.023989
0.028454
-0.1139
-0.047495
-0.070869
-0.027577
-0.028979
-0.030658
0.19699
-0.055018
0.04877
0.081731
0.089627
-0.02962
-0.060813
0.025875
-0.033639
-0.032827
-0.056578
-0.01072
-0.075997
-0.066859
0.035272
-0.037236
-0.014536
0.041857
0.030688
0.030538
-0.0064256
0.031377
0.025036
0.014492
0.013571
0.013294
0.012631
0.0064067
-0.026491
0.0051662
0.017909
-0.035002
0.033043
0.029107
0.013666
-0.003934
0.0092407
0.0095734
0.02401
-0.030747
0.027707
-0.026188
0.026115
-0.0080671
0.043594
-0.0018201
0.0080717
0.019034
0.024282
-0.0019372
0.0074128
0.00065601
0.0014483
0.0015409
-0.006758
0.021325
0.0078433
0.024634
0.024645
0.032402
0.020133
0.02019
0.0070176
-0.0018327
0.011439
0.022103
0.003409
0.011544
0.011566
-0.0022708
0.023796
0.019981
0.0048899
0.004913
0.006971
0.024975
0.023681
-0.014978
-0.0024949
0.011557
0.011566
0.00013278
0.015266
-0.0066038
-0.0066126
0.011673
0.0058839
-0.013826
-0.0089217
-0.0088923
0.0022484
-0.005025
0.0061923
9.025e-05
0.0020071
0.002045
0.011297
0.015646
-0.0046858
0.015876
0.015847
0.011158
0.021275
0.012881
0.012938
-0.00049198
0.013813
0.0097939
0.025463
0.025478
0.020538
-0.0013444
-0.014396
-0.011287
0.020597
0.020609
0.02143
-0.0098941
0.019521
0.02072
0.017123
0.0020892
-0.003051
0.0017264
0.0009581
0.012165
0.008209
0.0027059
0.010156
-0.005647
-0.0056075
0.018648
0.011306
0.0043376
-0.00039448
0.024128
0.024166
0.016164
0.023412
0.033726
0.01057
0.0053226
0.0053371
0.018575
0.011095
0.013187
0.023179
0.014933
-0.00082406
0.01658
0.016237
-0.0081015
0.0076096
0.00011641
0.02423
0.024704
0.004687
0.030455
0.0043845
0.0043679
0.021013
0.0029351
0.020591
0.021556
0.01541
0.015462
0.035489
-0.0038242
-0.0019012
0.02469
0.030884
0.015448
0.015468
0.015193
0.0059618
0.026194
0.017036
-0.015392
0.022571
0.015086
0.025956
0.01647
0.017414
0.0096386
0.0014862
0.026352
0.016546
0.021112
0.024583
0.017868
0.02465
0.024694
-0.0030956
0.011741
0.012798
0.0075548
0.015015
0.0056731
0.018816
0.025898
0.0087392
0.0087655
-0.0024713
0.0206
0.031233
0.024532
0.028124
0.028129
-0.0077469
0.017734
0.0061761
0.014274
0.03025
0.02401
0.017403
0.022316
0.02234
0.022224
0.010151
0.014325
0.015421
0.018777
-0.018286
0.011743
0.0099584
0.015412
0.019578
-0.0080694
0.024625
0.016968
0.034728
0.016981
0.016996
0.0073851
0.014136
0.024837
0.023746
0.016275
-0.0027824
0.023571
0.027836
0.0082599
0.02393
0.010335
0.0091504
0.0041368
0.018246
0.0084785
0.01304
0.036234
0.029273
0.029319
0.006234
0.0094521
0.0050427
0.031101
0.029955
0.013939
0.015551
0.019171
0.020787
0.018034
0.021632
0.037421
0.015542
0.021004
0.021003
0.0050195
0.032745
0.0042616
0.0094067
0.0094423
-0.0022557
0.021129
0.019063
0.030884
0.0093773
-0.010536
0.0082569
0.0076745
0.0083115
0.008341
-0.0018665
0.0043056
0.018383
0.018402
0.022591
-0.0052574
0.018503
0.027446
0.010927
0.010947
0.021207
0.021123
0.011622
0.017147
0.0056274
0.02286
0.022863
0.011294
0.020164
0.011741
0.025064
0.025741
0.018184
0.010806
0.018018
0.025585
0.0055179
0.020407
0.017687
-0.0017337
0.022254
0.02229
0.018245
0.031831
0.031851
0.028265
0.034882
0.0056402
-0.00012168
0.015212
0.015246
0.019185
0.014694
-0.0034581
1.2012e-05
-0.0059888
0.020427
0.021139
0.028246
0.011538
0.0055736
0.012265
0.026403
0.011203
0.039571
0.016326
0.031483
0.017758
0.012082
0.014199
0.014252
0.0014542
0.033501
0.013667
0.015871
0.015904
0.015927
0.031124
0.0095764
0.010595
0.010646
0.011171
0.016666
0.020106
0.012788
0.012813
0.0208
0.018397
0.032196
0.0025695
0.028186
0.028219
0.032661
0.013225
0.022951
0.022976
0.029008
0.024257
0.01802
0.012743
0.012776
0.030771
0.030814
0.014888
0.010171
0.0036959
0.0037178
0.025307
0.011584
0.0018822
0.01847
0.018487
0.022381
0.012465
0.0028223
0.013902
0.015738
0.022961
0.00053233
0.020282
0.020293
0.021902
0.033822
0.0271
0.0006557
0.016485
0.016558
0.0050353
0.021352
0.019439
0.015495
0.01158
0.0064616
0.021554
0.00089353
-0.0014415
0.022884
0.03362
0.013269
0.027665
0.0070522
0.031357
0.031785
0.0022798
0.022523
0.022549
0.029882
0.044695
0.024914
0.010712
0.026323
0.046469
0.016758
0.025595
0.020613
0.020633
0.020598
0.033058
0.02646
0.0109
0.018316
0.018334
0.0014519
0.017577
0.01755
0.025467
0.026311
-0.00011048
0.011039
0.023407
0.023479
0.0016056
0.036382
0.030997
-0.0083005
0.0049651
0.0049866
0.043923
0.032816
0.013706
0.0014391
0.035836
0.03822
0.013779
0.008467
0.0085144
0.023134
0.02184
0.0014226
0.028386
0.028405
0.015821
0.034001
0.033584
0.0074191
0.018678
0.018705
0.02213
0.013656
0.011988
0.00065941
0.02486
0.017486
0.022376
0.012101
0.027114
0.026358
0.018994
0.024629
0.033723
0.03378
0.034708
0.023532
0.018855
0.0062834
0.010815
