0.48672
-0.17613
-0.1762
0.20132
-0.18725
0.11051
0.11013
0.047968
0.23101
0.29721
0.26577
-0.13505
-0.086383
0.35137
-0.1625
0.37803
-0.78024
-0.010797
-0.013803
-0.072629
-0.42884
-0.11384
-0.11107
-0.072469
0.54105
-0.49276
1.3702
-0.077533
0.51047
-0.55965
0.048595
-0.41415
-0.41649
0.80031
-0.80922
-0.68347
-0.68911
-0.37438
0.25037
-1.0005
-0.8311
1.3601
-0.11414
-0.0017098
0.36945
-0.34788
-0.20625
-0.12772
0.12992
-0.23469
-0.2995
-0.06613
-0.57384
0.25956
0.069111
-0.65953
0.24786
-7.0413
-7.46
8.9812
-9.5666
2.9737
3.2416
3.2393
3.2325
-0.19211
-1.2859
1.8462
1.8148
-0.4326
1.272
11.135
-0.76994
-7.3152
7.1947
7.2222
1.5257
-1.0007
-0.19352
0.50298
-0.24079
0.046833
4.061
1.9941
-1.7134
-1.6573
0.059972
0.33105
0.6625
-0.025407
1.9728
1.9423
0.45646
0.3068
-0.32514
-0.32431
0.061612
0.36108
0.068468
-0.93227
0.2882
0.28235
0.095215
-0.47367
-0.10689
-0.56513
0.07521
-0.27871
0.28671
0.56205
-0.39002
0.65749
-0.48689
-0.60307
-0.025167
0.39403
-0.11807
-0.1122
-0.06356
-0.2555
-0.1593
-0.24058
0.40573
-0.65985
-0.67193
0.33798
0.91763
-0.63144
-7.0219
-7.0685
-6.3711
2.5494
3.4929
-4.8495
4.7837
-5.2735
5.2193
0.02418
-1.1465
6.5059
6.5809
2.7426
4.7819
-4.1117
-3.9319
3.5774
-0.76773
2.4499
1.4303
-1.6934
-1.7218
0.03185
-0.0048821
0.74643
-0.21596
0.40887
0.071836
0.31449
0.39278
-2.1934
-0.51961
0.4453
2.164
1.5776
-2.0048
-0.92017
-0.92109
-0.9204
0.52985
-0.346
1.057
-0.95463
0.4684
-0.89929
0.3945
-0.17095
0.067386
0.7396
-0.39871
-0.13488
0.24261
-0.10536
-0.41751
-0.18482
-0.5748
0.012349
0.60425
-0.4675
-0.29868
0.030616
-0.052338
0.42625
0.17053
-0.073985
-0.11754
-0.14096
0.017364
-0.46716
0.47417
-0.25009
-0.018919
-0.010088
-0.28547
-2.417
-10.043
1.4015
-4.1704
0.50924
4.0436
-3.251
-3.1004
-6.5045
-1.5978
-3.0702
9.6331
2.1423
4.1569
9.0643
-7.6126
2.4058
-0.95548
3.1956
0.12386
-4.6019
3.0183
-2.05
-1.6922
0.036805
0.96139
-0.37001
0.30644
0.73424
1.2174
-0.7145
0.30125
1.286
1.9365
-1.4788
5.0429
-3.2607
3.6492
-2.5515
-0.34805
-0.34425
-0.32814
0.8937
-0.58015
1.0548
-0.46014
0.11433
-0.75303
-0.18488
0.20039
-0.60992
-0.096179
0.7883
-0.80025
1.3353
0.46112
0.91133
-0.79715
1.068
-1.3027
0.48537
0.07803
0.4479
-0.90543
0.6193
-0.68661
0.57843
0.26886
-0.40601
0.071393
-0.43038
0.22932
-0.23495
-7.4514
-13.122
-8.7532
-7.08
-6.3191
-0.9281
-1.6845
0.3169
6.7917
-0.84357
1.3948
11.73
0.88096
4.4993
7.5976
-6.3208
0.51764
2.2364
-1.0932
0.56163
1.3586
0.53095
0.29854
0.71043
0.19431
-0.62027
1.3383
-0.12699
1.5014
-1.1745
2.6529
0.16987
-2.9735
-1.5757
2.1013
2.078
0.18381
-0.057262
-0.05859
0.024216
-0.29011
-1.3016
0.70443
-0.88628
0.94305
-0.62132
-0.37246
-0.38314
-0.93944
-0.43056
0.15644
0.24786
0.64294
-3.2755
1.0996
-0.53473
-0.51052
0.17037
0.43082
0.4155
-0.65546
-0.62319
-0.40582
0.18568
-0.2758
-0.40599
-0.40716
0.25271
-0.27555
0.086687
-0.9614
-0.97177
-4.4142
-3.1372
-4.8442
-4.9374
0.74066
3.167
0.16894
-2.6319
1.4973
5.1081
5.1103
-3.059
5.6345
1.6406
1.6548
-0.73316
-4.3936
0.33046
1.2415
-2.6921
-2.7318
1.1984
0.99722
0.60944
-0.19918
0.47923
1.1465
1.1445
0.81541
-0.089392
2.7186
-0.20593
-0.17814
1.4077
3.357
-1.8821
-1.2408
-0.77033
-0.81442
-0.18944
-0.091643
-0.090805
0.505
-0.69753
-0.064776
-0.15337
-0.47871
0.033215
-0.33966
0.111
-0.5087
-0.64492
0.55182
0.0048814
0.30665
-0.95466
-0.9688
0.8568
-1.5387
0.38178
-0.064523
0.42133
-0.72632
0.22299
0.051233
-0.042043
-0.043565
-0.051142
0.14921
-0.30726
0.26753
0.26648
-0.657
0.13682
-0.36551
-2.8302
-15.489
-13.334
-4.1085
-4.5916
8.8049
8.8507
1.4107
0.038007
-1.402
-4.114
-4.5203
-4.9106
0.053073
-0.72074
0.10928
5.524
10.293
-9.0725
7.9116
-1.9695
-0.71216
0.058243
1.3996
0.70484
-1.9699
-1.9696
0.84574
0.091735
0.59423
0.73674
0.56226
0.025876
0.019843
-3.6701
2.499
2.2604
2.2027
-1.7574
2.4903
-5.299
-1.4008
1.7267
-1.1425
0.91248
0.88408
-2.0811
0.48207
0.168
0.2036
0.093533
0.089024
-0.40901
-0.71901
0.087443
-0.086891
-0.086034
-0.5622
0.027982
-1.5221
-1.5864
0.54584
0.22691
-0.29679
0.54892
0.52961
-0.72247
-0.47604
-0.49867
0.62085
-0.24796
-0.24204
-0.21016
-0.16211
0.04596
-0.30368
-0.065214
-0.053185
-0.33786
0.036962
-0.33738
-3.822
-12.328
1.2596
-4.4575
1.736
-0.23613
-1.6051
-2.9122
-6.7497
-0.036124
-10.615
8.2187
10.577
9.6371
10.221
-4.6646
5.4436
0.097155
-1.1783
0.98097
-0.80607
-1.6095
0.066454
0.067885
1.6959
1.4523
0.079229
0.55204
-0.92841
-0.9225
1.4217
-0.070286
-0.14161
-0.14416
-0.84793
1.3828
5.2464
-3.8048
-1.4209
-1.692
-0.73121
0.043583
0.40452
0.1661
0.25271
-0.97593
5.7263e-05
-0.72601
0.15491
0.1561
-0.45337
-0.32524
-0.26597
-0.2712
0.44149
-0.38985
-0.40082
-0.40277
-1.2624
0.49957
-0.23646
0.26516
-0.020191
-0.46526
0.1157
0.10823
-0.11739
-0.16062
-0.40369
-0.47315
-0.65807
-0.66049
0.36925
-11.715
-9.0689
4.3022
4.7009
8.1637
-2.1776
-2.3687
-2.3377
2.2691
-9.7231
-4.0586
-3.4355
-3.491
3.5695
14.406
0.11107
1.8255
-16.089
-15.895
-0.71962
-2.1083
1.8766
-0.15053
1.6543
1.4024
-0.56985
0.87814
0.55789
0.6963
0.5154
0.50294
-0.68837
0.76988
0.77005
-1.013
-0.57226
0.28578
0.53233
2.7284
1.8688
-1.2089
-0.53596
-1.1746
-1.1689
-0.69505
-0.22295
-0.84588
-0.0054122
-0.1199
-0.13215
-0.71978
-0.17956
-0.15606
0.36032
-0.96223
-0.50984
0.017571
0.023763
0.051956
0.13041
0.47571
-0.59351
0.55267
0.54489
-0.10907
-0.56977
0.14366
-0.1286
-0.1129
-0.15455
0.024589
0.28338
0.27954
-0.1992
-0.49155
-0.098183
-0.097868
-0.174
-0.54248
-14.02
-13.683
0.42759
-0.052449
-1.7197
-0.62149
-1.2181
-1.132
0.9235
0.91225
-9.2151
-3.4552
6.2723
-5.8734
8.447
8.2962
-3.8618
11.711
8.124
0.97012
1.096
-2.9996
-2.9952
0.14272
-1.513
-2.4386
0.96398
1.0175
1.6241
0.5851
1.7194
0.74001
-1.2699
0.61211
0.71443
-2.0771
-2.0815
0.38483
-0.27299
2.4608
-0.29867
-0.30423
0.51339
-1.8146
-0.73957
0.19823
0.1868
-0.41161
0.61506
-0.12059
-0.689
-0.69465
-0.23602
-0.22698
0.28639
-0.87271
0.38402
0.55391
-0.12074
0.57294
-0.96526
0.72402
0.90657
-0.1787
-0.11791
-0.75843
-0.73824
0.34612
-0.77264
0.38745
-0.12216
-0.18054
-0.1722
-0.16377
-0.016848
-0.38201
-0.38305
-0.37458
0.075793
-0.40626
0.17084
-0.16006
-0.10704
-0.23795
-0.63693
-14.356
-7.4412
-7.111
11.502
-5.0223
9.6813
2.0623
2.0551
-1.7993
-0.13363
-7.3769
-7.9038
0.29343
5.5934
11.933
-4.0553
-3.9571
7.8667
4.5162
-2.0126
0.015407
0.013257
-1.4301
1.3077
-3.6884
2.1557
2.1917
-1.2805
-0.088656
0.99406
0.83786
0.61162
0.91823
-0.70293
-0.31542
1.5059
1.5082
0.73835
1.1666
0.34811
3.7504
-2.5899
-2.5456
1.289
-1.3393
-0.59263
-0.77302
0.55005
-0.54528
0.045738
-0.38221
-0.28344
0.10272
-0.42664
-0.10783
-0.5028
0.061812
-0.27404
-0.18667
-0.2605
-1.6979
0.45182
0.42168
-0.65785
-0.51565
-0.43112
-0.40838
-0.9042
-0.41015
0.75551
-0.18892
-0.086653
-0.3738
0.15956
-0.1275
-0.28862
-0.28766
0.11417
-0.14944
0.082207
-0.25137
-0.38495
-0.39131
0.037192
-13.13
2.9855
2.7445
2.8092
0.30681
5.3426
0.26958
-1.4341
-1.4027
-1.5967
-9.2486
11.079
11.149
-3.674
-0.8638
10.32
0.80495
-10.294
-10.035
9.0833
-2.1456
-0.97971
-0.97372
3.7277
-1.0591
0.92605
-0.37136
0.46322
0.47235
-0.066951
-0.026671
-0.035678
-0.19721
-0.19904
-0.15927
-0.29741
-0.26851
1.1676
1.1741
2.8549
1.8005
-2.3761
-1.5217
1.715
-0.98275
0.0062175
-0.31208
-0.33962
0.44794
-0.51921
0.2044
-0.32622
-0.44259
-0.048984
-0.39142
0.26366
-0.48547
-0.18047
-0.25117
-0.59111
-0.35146
-2.6242
2.7947
8.3151
-2.7073
-0.55208
-0.13394
-0.37979
-0.38334
0.50064
0.4909
3.1307
8.6823
0.075575
-0.43835
-0.43923
-0.20614
-0.55094
0.24351
-0.12849
-0.13216
-0.042472
-0.144
-0.97913
-9.016
-9.0007
-8.9384
-1.4297
0.93322
2.1537
4.1203
1.2885
7.2701
-0.49993
9.55
9.571
3.6145
0.57849
1.2324
-0.035188
-0.096214
-0.10985
0.070411
0.41764
7.671
0.8006
-3.0691
-6.0964
0.39237
0.39157
-1.1011
0.023399
0.56291
2.7364
2.7409
1.1697
0.74123
-0.60738
-3.7578
-0.86548
-0.87319
0.4473
2.0605
4.0769
0.33732
0.35705
3.5617
-2.8005
-0.67872
-0.66598
-0.1797
-0.65379
-0.58333
0.63895
0.60702
-0.75722
-0.77886
0.34539
-0.51362
-0.5173
-0.056373
-0.6736
-1.5024
-16.944
-16.907
-2.2878
3.2443
20.785
-1.9745
-1.4855
-1.4853
-3.1137
2.7792
3.0124
-1.107
-0.49486
0.40253
-0.18127
-0.61928
-0.24102
-0.23922
-0.17817
-0.11217
-0.31144
-0.31049
-0.3073
-0.12926
0.14687
-2.1174
6.639
-5.5681
0.14148
1.3026
-6.4438
-6.7669
-3.3907
-1.6471
4.6364
4.211
-5.8853
4.0873
3.7773
-1.5457
5.4669
5.4238
-6.7611
5.1037
2.8189
-2.6642
-2.7735
-1.4236
0.4614
-2.7141
-0.55532
-0.61133
2.1241
1.5232
6.3022
-2.0538
-2.0492
-3.5438
-1.4534
1.5445
-2.2106
-2.2347
-1.0457
-1.4384
4.1415
4.1372
-3.6995
-0.37808
-0.43328
-0.33192
0.61436
0.61391
-0.40011
-0.73843
-0.16065
-0.36294
-0.36242
-0.045001
-0.52244
0.22366
-0.77853
-0.77619
-0.7856
-5.6921
-4.788
2.8315
1.3854
0.93715
0.0044241
0.00025827
-0.22838
-0.25457
-0.011591
-0.012424
-0.04634
-0.053452
0.20867
-0.27572
-0.26832
-0.26623
-0.17467
-0.029931
-0.091805
-0.070743
-0.069757
-0.12114
-0.17739
-0.17637
-0.18077
-0.073683
0.016526
-0.16248
0.0039817
-0.11088
-0.14067
-0.060555
-0.058552
-0.17725
-0.11109
-0.16624
0.022191
-0.24785
0.014567
0.013984
0.23408
-0.39534
-0.31398
0.26784
-0.048729
-0.05072
-0.086386
-0.27884
-0.25198
-0.10492
-0.15195
-0.01413
-0.10598
-0.1046
-0.10479
-0.18984
-0.19143
-0.045368
-0.18851
-0.15683
-0.065276
-0.25019
-0.067375
-0.2481
-0.24915
-0.048185
-0.16957
0.029557
-0.20987
-0.16987
0.0096186
0.009336
-0.2167
-0.060584
-0.2762
-0.12449
-0.07106
-0.10332
-0.14201
-0.1418
-0.2026
-0.1317
-0.12679
-0.094101
-0.13425
-0.12277
-0.15906
-0.074266
-0.12102
-0.18184
-0.1541
-0.064128
-0.11681
-0.13795
-0.21014
-0.091427
-0.091473
-0.17471
-0.037709
-0.16897
-0.16321
-0.11433
-0.083142
-0.15844
-0.1781
-0.15717
-0.10996
-0.12423
-0.18995
-0.15689
-0.15686
-0.088368
-0.10952
-0.13232
-0.082083
-0.18843
-0.13019
-0.04349
-0.1225
-0.12948
-0.1296
-0.19078
-0.14551
-0.055955
-0.12081
-0.13631
-0.19282
-0.027955
-0.33475
-0.3363
-0.66705
-0.46685
0.21902
-0.23446
0.3205
-0.23936
-0.19444
0.042325
-0.092621
0.10535
0.085455
-0.62557
-0.044752
-0.21549
-0.21015
-0.21028
-0.28315
-0.37023
0.25074
0.20226
0.19864
-0.3049
-0.21725
-0.16057
-0.16072
-0.16835
-0.30646
-0.0051268
-0.552
-0.53578
-0.14638
-0.042832
-0.98914
-4.5738
5.6305
3.9712
3.9737
-1.6376
-0.82091
1.8939
-1.4993
-0.3563
0.015297
-0.1983
0.013084
-0.094549
-0.095389
-0.39123
-0.080567
-0.23408
-0.52678
-0.50009
0.36755
-0.63436
-1.4245
-2.7878
-2.8181
4.851
1.7101
0.67865
-1.5962
-6.0846
-3.5561
-5.0007
-0.78508
2.3729
0.039074
-4.1169
4.323
4.2837
2.0974
8.4238
1.9617
1.4511
-0.48276
-0.47791
-0.49065
-0.30389
-0.21318
-0.49824
-1.4949
0.52485
1.2629
1.7774
1.6228
1.6412
0.36592
-1.1794
2.0465
-1.3875
1.2992
1.2828
0.53987
0.50373
1.0271
2.751
1.0242
-4.9408
1.2135
0.035834
0.041693
0.32587
-0.49965
-0.36419
0.26158
-0.25285
-0.90526
0.65816
-0.65698
0.11135
-0.52376
-0.23578
-0.42895
-0.34133
-0.71718
-0.79309
-0.84044
-5.6156
-5.0043
3.1131
3.1149
7.2178
-0.70282
-0.36183
0.683
-0.88965
-0.88693
-0.45239
-0.90637
-0.75702
-0.6962
0.065541
-0.065074
-0.15606
-0.17632
-0.17703
-0.17092
-0.052901
-0.30933
-0.18128
-0.43976
-0.4342
0.3552
-0.3396
0.078431
-0.55516
-0.19401
-0.42031
-0.069962
-0.54516
-0.57721
0.28783
-0.45992
0.067982
-0.12387
-0.21848
-0.21299
-0.30596
-0.11311
-0.21446
-0.046921
-0.3221
0.08625
0.33904
-0.60671
-0.2112
0.1847
-0.16837
0.1747
-0.57038
-0.098861
-0.099519
0.04676
-0.091236
-0.12528
-0.3256
-0.055624
-0.15453
-0.05601
-0.2281
-0.10459
-0.23678
-0.057472
-0.076778
-0.093008
-0.26524
-0.093381
-0.014097
-0.024784
-0.2246
-0.16599
-0.097174
-0.041776
-0.029902
-0.23235
-0.20477
-0.16197
-0.044019
-0.17399
-0.13413
-0.20835
-0.12954
-0.11679
-0.12557
-0.14625
-0.16114
-0.14139
-0.11007
-0.10996
-0.15493
-0.15442
-0.11442
-0.13056
-0.078464
-0.15031
-0.15537
-0.19287
-0.061376
-0.13962
-0.11587
-0.17562
-0.10636
-0.16514
-0.16939
-0.12581
-0.09126
-0.16711
-0.13447
-0.18041
-0.087217
-0.12988
-0.098498
-0.15039
-0.11159
-0.097183
-0.12528
-0.17123
-0.11226
-0.10117
-0.10802
-0.15213
-0.14677
-0.14808
-0.11161
-0.15888
-0.13899
-0.16339
-0.083429
-0.10809
-0.15623
-0.12209
-0.099762
-0.09986
-0.13794
-0.17124
-0.15126
-0.091157
-0.14806
-0.16707
-0.16708
-0.17075
-0.067272
-0.13305
-0.13078
-0.16845
-0.1226
-0.07666
-0.11265
-0.17986
-0.1783
-0.072632
-0.16514
-0.14637
-0.091541
-0.11492
-0.15809
-0.16032
-0.082143
-0.16888
-0.16044
-0.16044
-0.17621
-0.14118
-0.14362
-0.16075
-0.16075
-0.093392
-0.12085
-0.15893
-0.17481
-0.17481
-0.090324
-0.14809
-0.11325
-0.17507
-0.12914
-0.1291
-0.04853
-0.16507
-0.13939
-0.12158
-0.15734
-0.041433
-0.17358
-0.15975
-0.17622
-0.17622
-0.075831
-0.11272
-0.16909
-0.17704
-0.16891
-0.083569
-0.1457
-0.14427
-0.12736
-0.14267
-0.1614
-0.13593
-0.12353
-0.17606
-0.16262
-0.16262
-0.088938
-0.091321
-0.15488
-0.15179
-0.13842
-0.084032
-0.11845
-0.15958
-0.16344
-0.16348
-0.062634
-0.12772
-0.14605
-0.14378
-0.14572
-0.057413
-0.11752
-0.21952
-0.078034
-0.078805
-0.12055
-0.091973
-0.08802
-0.27665
-0.17211
-0.047599
-0.0026084
-0.2192
-0.23646
-0.23693
-0.033042
-0.15209
-0.18218
-0.24165
-0.24046
-0.14706
-0.021498
-0.14234
-0.07664
-0.076585
-0.33913
0.19225
0.10333
-0.51359
-0.53137
0.02013
0.34482
-0.3097
0.24991
5.8114
3.5064
2.5325
1.2586
-12.239
-0.51792
5.1181
-4.6973
-0.89512
-0.88697
-8.8119
-1.1419
-0.2163
-1.404
-4.5255
3.1369
5.1036
-2.302
7.873
7.5668
-3.9236
-1.2324
-0.24496
-1.4711
-1.4565
0.13328
0.2624
-0.54348
-0.18566
-0.18864
0.3136
-0.63045
-0.33972
-2.0099
1.8707
1.8838
0.40567
-0.39276
1.029
-0.42086
-0.41537
-1.2963
1.224
-2.0447
-2.0128
-0.34269
0.49313
-0.40397
0.16148
-0.75698
0.2057
-0.25953
-0.24574
0.27768
0.26444
-0.85242
-0.19182
-0.45942
-0.18279
-0.75321
-0.32951
-0.31569
-17.687
8.6338
2.8472
1.0704
3.5768
-4.6671
0.7602
0.77548
6.1279
-1.5412
1.9666
-2.1756
0.26669
-0.51648
-0.50076
-1.2058
-0.3471
0.14189
-0.70488
0.82831
-0.32459
0.16965
0.16093
0.72602
0.97237
4.1448
5.2206
5.7074
-7.4935
6.0552
-8.6824
-6.9256
-7.013
-5.2841
6.2567
-6.031
-3.9065
-3.8631
2.9577
-4.0918
-0.40594
-5.8833
2.5809
2.5682
0.65735
-2.1271
0.91481
-0.7479
-0.75663
-0.77398
-0.49335
-0.25356
-0.29294
0.9574
0.9941
0.50719
-2.4172
-3.0815
-5.1404
-0.31491
-2.4225
3.7308
1.219
1.1471
2.0933
8.1445
-3.1729
3.1502
-3.0286
0.98682
-1.0902
-0.62432
0.42936
0.45518
-0.69857
-0.23145
-1.1364
0.41901
0.23007
-0.71161
-2.5104
-19.192
-19.013
5.7955
15.663
-3.8577
11.694
18.67
18.639
-5.7766
1.3672
-1.9405
0.79851
0.76011
0.34577
-0.52733
-0.61599
0.033852
0.05032
-0.46884
-0.20596
-0.098233
-0.11271
-0.2891
0.024221
1.394
-1.0054
-1.3006
-1.3021
0.62383
6.8255
6.7208
14.865
14.616
8.8028
-7.8447
-15.234
-25.732
-25.783
3.7248
-0.062288
1.6296
1.6522
3.3737
-3.5832
6.968
-0.089549
-0.59432
-0.43632
-5.0703
0.92171
0.5616
-1.1219
-1.132
0.90585
4.0605
-3.013
-5.6325
-0.68904
-0.46382
-1.9455
1.3926
1.431
3.1873
0.13901
-0.47817
-5.6717
-7.0812
-7.0727
1.0296
-4.9666
4.2919
11.932
-10.645
0.21507
2.2039
0.74185
0.7928
1.7849
-0.3558
-0.089566
-2.5858
0.19224
-0.87202
1.5507
-10.376
-3.7574
7.6059
6.4911
-3.5065
-6.076
1.5266
-5.993
-1.384
-3.0172
6.4314
-1.8972
0.26128
0.18289
-3.1705
2.4607
-0.18268
-0.34578
-0.13746
-0.1482
-0.31697
-0.45531
-0.07202
0.035129
0.034347
0.37425
-0.034153
1.2116
1.5209
1.5283
-0.81913
0.13571
0.020904
0.39328
0.38845
0.56223
0.75142
0.43556
0.1683
0.2194
0.095449
-0.088384
0.13178
0.2808
0.27999
0.55417
-0.10179
-0.20925
-0.44495
-0.44135
-0.013486
-0.24173
-0.095746
-0.24796
-0.77063
0.22028
1.022
0.39157
-3.2686
-1.9356
0.73223
-3.0757
-3.8816
-3.8745
-2.2005
-1.1652
-0.61545
-1.995
0.87689
-0.55919
0.95757
0.88196
-1.2506
-0.86832
0.48846
-0.14421
-0.84616
-3.8818
-3.8654
-1.63
-1.8657
1.94
1.9204
-2.2136
0.73674
0.82905
-0.73499
-0.094582
-0.089155
-0.27454
-0.23383
-0.17733
-0.075636
-0.15375
-0.15681
-0.091935
-0.21332
-0.16393
-0.11558
-0.11489
-0.21826
-0.19275
-0.1403
-0.14446
-0.086002
-0.10999
-0.10645
-0.070836
0.069503
0.083103
0.11508
0.24044
0.32586
-0.5734
0.097885
0.02491
-0.45323
-0.25383
-0.49444
-0.02505
-0.41729
-0.40917
-0.16365
-0.27041
-0.27008
-0.16867
0.0067452
0.33389
-0.35224
-0.17154
0.40131
-0.26837
0.14945
-0.16113
-0.12762
-0.09643
-0.15437
-0.1624
-0.13552
-0.13359
-0.17659
-0.14774
-0.026752
-0.02654
-0.097904
-0.067764
-0.080762
-0.14266
-0.085517
-0.18683
-0.18715
-0.12788
-0.15496
-0.11678
-0.13392
-0.14815
-0.13924
-0.086201
-0.062353
-0.13412
-0.1341
-0.14119
-0.14756
-0.12692
-0.092183
-0.10617
-0.11915
-0.1769
-0.14116
-0.062345
-0.10564
-0.094695
-0.16922
-0.15475
-0.08637
-0.12014
-0.16206
-0.14847
-0.11236
-0.070196
-0.097749
-0.11875
-0.13297
-0.14131
-0.085446
-0.14888
-0.12618
-0.15562
-0.16857
-0.090796
-0.13482
-0.13319
-0.14921
-0.10449
-0.08517
-0.11222
-0.12742
-0.13382
-0.13382
-0.068597
-0.11199
-0.13406
-0.13405
-0.099414
-0.11347
-0.14079
-0.12693
-0.12693
-0.10596
-0.10596
-0.15586
-0.1696
-0.1696
-0.070263
-0.14052
-0.16196
-0.14086
-0.10678
-0.12024
-0.14809
-0.14759
-0.10591
-0.10591
-0.11273
-0.10526
-0.16313
-0.14744
-0.085863
-0.084913
-0.13472
-0.16173
-0.14738
-0.13346
-0.12013
-0.070179
-0.11984
-0.14151
-0.14762
-0.14828
-0.14828
-0.1411
-0.14682
-0.17021
-0.077299
-0.1275
-0.11975
-0.1332
-0.11215
-0.11213
-0.12075
-0.12629
-0.16964
-0.11831
-0.084367
-0.091419
-0.084051
-0.11961
-0.14829
-0.12861
-0.027619
-0.10546
-0.11435
-0.15533
-0.12626
-0.12624
-0.11411
-0.1341
-0.15609
-0.12563
-0.07762
-0.12084
-0.1333
-0.14823
-0.098433
-0.098435
-0.13422
-0.13304
-0.0917
-0.15628
-0.13299
-0.16885
-0.16886
-0.1275
-0.12638
-0.14832
-0.064719
-0.11312
-0.13365
-0.14867
-0.12648
-0.12649
-0.069414
-0.12629
-0.12714
-0.14878
-0.084149
-0.11964
-0.11963
-0.11255
-0.12018
-0.14142
-0.070303
-0.077539
-0.16193
-0.14131
-0.1554
-0.1554
-0.098146
-0.14156
-0.14005
-0.12699
-0.12699
-0.10582
-0.14059
-0.17009
-0.11191
-0.11192
-0.084153
-0.11901
-0.098489
-0.14839
-0.10498
-0.10496
-0.10648
-0.11346
-0.15568
-0.10547
-0.10548
-0.10589
-0.13371
-0.14872
-0.14046
-0.14046
-0.11969
-0.13434
-0.14122
-0.098783
-0.098771
-0.14818
-0.14819
-0.063339
-0.13331
-0.21102
-0.21143
-0.072552
-0.18526
-0.29613
-0.29645
-0.025846
-0.11473
-0.20979
-0.29681
0.0079396
-0.3753
0.011267
0.040248
-0.25627
-0.1861
-0.18599
0.73363
0.52804
-0.48689
0.017771
0.018765
-0.41989
-0.32739
-0.33717
0.20161
-0.8413
-0.12163
-0.28314
0.50034
0.48649
0.42685
-1.1635
0.075946
-0.78909
0.65206
-0.064656
-0.058409
-0.19619
-0.084971
-0.60215
-0.022037
-1.9362
2.0095
0.69711
0.12922
-0.063252
-0.19894
-0.46628
-0.49741
-0.12692
-0.3901
-0.39374
-0.35557
-0.74108
0.972
0.39658
-3.1533
2.5596
-2.2266
-0.2327
-0.56005
-0.36
0.13191
-0.044768
-0.068894
-0.070543
-0.13655
-0.11124
-0.25295
-0.23041
-0.21134
-0.20681
-0.37145
-0.4558
-3.8856
-10.01
-10.019
-0.65736
-0.40589
1.4369
1.43
-5.3039
-4.1098
-4.2021
-3.4036
-2.4546
-2.4226
5.1864
3.0999
-0.72631
4.1943
-3.1926
12.825
-12.081
-6.5324
-5.3175
-0.27151
-1.3655
0.80936
-0.722
0.67888
-1.245
-1.2725
0.25225
-0.98414
-1.6388
-1.9954
-1.9914
0.20169
-0.93199
0.74735
-0.49753
-0.39478
-0.40407
-1.1651
-0.66163
-0.13326
-0.31024
-0.065987
-0.27441
-0.60231
-0.2721
-0.41427
-0.048891
-0.24655
-0.14219
-0.18968
-0.14375
-0.18765
-0.18599
-0.25787
-0.48579
-0.20797
0.093148
-0.26621
0.087147
0.07757
0.022016
-0.10164
0.076822
-0.26882
-0.41464
-1.0054
0.17489
-0.051182
-0.046721
-4.8113
-10.399
-4.0563
2.5284
-7.3792
-7.5175
5.978
-0.049807
-10.458
-1.3528
-4.7084
5.3683
5.3446
-0.85484
-3.2614
-4.661
15.219
-13.082
6.2896
3.9949
-2.5426
-0.48338
-0.49949
0.0034958
-0.34642
-0.42725
-0.73464
0.25498
0.0090807
-0.5249
-0.55717
-0.25391
0.52421
-0.68214
-0.087616
-0.33713
0.049507
-0.82537
0.68373
-1.5481
0.40795
-0.53023
-0.6851
0.30312
0.29749
-0.81021
-0.68274
-0.065795
-0.13511
-0.024105
-0.16016
-0.11855
-0.3102
-0.020737
-0.57641
-0.25116
0.096115
-0.097215
-0.46345
-0.35056
-0.011795
-0.10457
-0.16185
0.089745
-0.2616
-0.051834
-0.35043
-0.1304
-0.59311
0.13929
-0.28463
-0.29548
-0.16665
-1.0938
-4.3977
-1.4371
4.5445
12.806
-4.7809
-4.3128
-9.2777
-5.486
-10.909
2.0145
4.236
-1.4566
5.9888
8.587
11.541
1.4045
-5.5925
-4.1655
5.9987
-2.1322
6.0647
0.20231
-2.6951
0.99006
-0.69182
0.3042
-0.1474
0.093989
1.0687
-2.2827
0.63086
1.2959
0.02464
-1.2019
-0.1978
-0.086381
-0.55666
-0.43323
-0.65684
-0.88698
-0.1133
0.43394
-0.22849
-0.50902
-0.31558
-0.61169
-0.083465
-0.18717
-0.19888
-0.17683
0.085002
-0.36403
-0.087391
-0.1745
-0.39087
-0.070181
-0.18992
-0.034963
-0.35479
-0.14062
0.16759
-0.15932
-0.1656
-0.18531
-0.17254
-0.13369
-0.1968
-0.27812
-0.17954
-0.48587
0.35661
-0.3287
-0.77746
-3.111
-5.1563
-4.7075
8.1857
-4.3484
-2.1224
6.6302
-1.4745
-8.1005
2.7252
-1.6431
-4.0243
-3.0857
6.5216
-1.3988
3.4171
3.0502
14.211
1.6942
-4.3658
6.053
-3.4076
-0.49893
-0.51095
0.92215
-1.4765
0.011183
0.02716
-1.0943
-2.8862
2.7104
-2.1329
1.204
0.7658
-0.16866
0.36194
-0.77498
0.12251
1.7547
-3.0865
-1.1446
-2.4708
-0.28828
1.3698
-0.49838
-0.22301
-1.0316
-0.39284
-0.73552
-0.14358
0.4399
-0.07932
-0.2162
-0.44803
0.28139
-0.15452
-0.64682
-0.10843
-0.11616
0.16863
-0.65695
-0.17233
-4.9401
-4.8923
-4.2368
3.5264
-3.2268
1.3127
1.309
-0.63326
-0.2311
-0.15964
-0.051631
-0.065403
-0.38568
-0.24942
-0.18424
-0.30417
-0.28827
0.028699
-0.27761
-0.17663
-0.74992
-0.76607
-0.49143
-0.17724
-0.55972
7.8689
7.8429
0.89238
-3.2183
0.57263
-1.8959
-1.8813
5.8188
5.8302
-2.3316
-2.3965
-2.591
-1.6477
-2.8978
-6.2082
8.545
8.5318
-14.232
3.6936
-2.1421
0.6281
2.2655
2.069
-2.182
0.65964
0.031414
-6.0012
0.18437
-1.7555
0.31306
1.3225
1.3371
-1.4205
1.2704
-0.071829
1.3433
1.4029
-0.3534
-0.028525
-0.60256
-0.11243
-0.14316
-0.46518
-0.77998
0.043852
-2.7138
-0.24135
-0.30065
-0.083672
-0.43515
-0.08899
-0.090133
-0.12058
-0.18532
-0.087434
-0.10734
-0.36044
-0.3053
-0.62502
0.81594
-0.3427
-0.14008
-0.45862
-0.45868
-0.017142
-0.34659
-0.12486
-0.23864
-0.1305
-0.22297
0.09369
-0.51802
-4.1955
-0.50646
2.866
2.1381
4.5651
14.181
-4.4495
-1.2341
-6.437
-4.0504
-4.2437
7.0735
-0.15408
-8.5639
2.061
13.527
-6.2337
-2.1131
-0.71583
0.14705
2.2332
2.3291
-0.42411
-2.6236
-0.63156
-1.117
0.41639
0.42502
0.041025
0.90732
-2.2857
0.33731
-0.53639
0.39683
0.029371
-0.48606
-0.1036
-0.14315
-0.15164
-0.62397
-0.94941
1.0814
-0.051366
-0.050347
-0.10431
-0.023616
-0.20968
-0.077197
0.035714
0.026379
-0.32225
-0.15373
-1.4283
0.4669
0.46925
-2.2206
1.9859
0.81696
-0.01878
-0.1131
-0.1193
0.057158
-0.14642
-0.37028
-0.80464
-0.81197
0.83284
6.2416
-1.5732
5.7615
5.8815
1.9564
-1.0651
-0.28415
5.5896
-2.8162
6.6567
6.5607
-4.1631
-7.8587
-10.126
-10.392
-1.7199
-2.3396
-7.907
1.1021
1.566
0.37568
1.7292
1.706
-0.34993
-0.93452
-1.9009
0.77941
0.76876
1.0128
0.62081
0.025031
0.37491
-1.1016
1.049
1.2076
-1.0271
0.68496
-0.11599
-0.11701
-0.098498
-0.13648
0.023173
-0.1202
-0.0078578
-0.13891
-0.036286
-0.021493
-0.0043802
-0.14432
-0.045498
0.011401
-0.15843
-0.17691
-0.1863
-4.2418
-7.6184
3.733
-0.48643
-2.3457
0.66175
0.23512
0.26021
-0.27568
0.15028
-0.16906
-0.078161
-0.031155
-0.23848
-0.85524
-2.3543
-1.1589
23.038
-4.6415
5.7207
-0.23156
-0.20667
-8.1258
-6.507
-0.83279
1.9493
0.89801
-7.0021
-12.242
-6.7896
-4.8844
-0.31414
-7.2701
5.6257
2.9278
2.3675
-1.5449
-1.4563
0.77831
0.69063
-1.1351
-1.9435
2.413
-0.77992
-1.096
1.4946
-0.49855
-1.9827
-0.6636
1.1321
-1.122
-0.51669
-1.1439
-0.014163
0.27019
-0.090955
0.16097
-0.5306
-0.15988
0.51904
0.042942
0.14848
-0.1965
-0.4775
0.048599
-0.048987
0.050783
0.028412
-0.66979
1.2458
-1.2795
1.2757
0.30489
-0.06297
-0.36595
0.28901
0.50705
-0.30199
-0.059804
-0.52081
0.20196
-0.074932
-0.047536
0.19858
-0.55938
-0.21202
-1.1143
8.2839
9.0424
-2.9
11.275
-6.9289
3.6872
-11.2
-4.3742
-6.1961
-4.5556
8.0311
-4.9001
14.463
-10.166
4.7723
2.2348
-1.5416
-3.017
2.6543
-0.034777
-0.31331
-0.11633
-0.40815
-0.53152
-0.27967
-0.19576
2.0818
-0.50633
-1.4424
-1.2858
-1.1409
0.19117
-1.8134
2.0879
-1.507
1.4926
-0.39816
0.073805
0.20114
-0.34493
-0.013043
-0.092349
-0.13882
-0.017697
-0.053486
-0.015429
0.017157
-0.0070463
0.023883
0.10378
-0.11795
-0.029371
0.06381
-0.11067
0.017747
-0.15235
0.32875
-0.0245
0.15657
0.23634
-0.016591
0.026602
-0.010997
-0.40705
0.13785
0.32265
-0.74949
-0.077942
-0.58986
0.66317
0.32855
-3.0346
-5.8226
15.776
-0.40183
-4.0447
2.146
-9.007
-5.5305
-5.4755
1.0552
10
9.9542
6.9382
-2.4874
-4.0057
1.4266
-0.27382
1.5721
0.9437
0.56433
0.25143
-0.37425
-0.3228
-1.1146
-0.62088
0.89529
1.356
-1.3121
-1.129
-0.44125
-3.0698
-2.0802
0.74576
0.78084
0.88317
-0.69351
0.38688
0.057963
-0.77342
-0.74633
0.23712
-0.25873
0.028469
0.064613
-0.10045
-0.044698
0.078776
-0.074019
-0.075081
-0.14627
0.024843
-0.074985
-0.8672
-0.82489
0.39283
-0.22715
0.34703
-0.13065
0.29634
-0.49378
-0.47968
0.070999
-0.47105
0.14405
-0.031376
-0.020509
-0.0075897
0.0071657
-0.19767
-0.19833
-0.15787
-4.2718
6.1133
23.603
-4.8718
-4.7367
-2.163
0.16896
-2.9216
-5.8012
2.5897
-0.44422
-6.8027
5.6941
-5.2059
1.8801
-3.7541
-1.9534
-9.9185
-11.523
2.1934
2.702
0.38057
0.38115
-0.6338
0.021865
-1.2194
1.6907
-0.48159
1.0063
-0.17449
-0.17457
-0.86521
-0.81533
-2.2716
-2.2784
0.44594
2.0938
-0.93057
0.073787
-0.18683
-0.1084
0.075451
0.031992
0.19313
-0.19979
-0.19399
-0.26551
0.0032957
-0.081585
-0.02073
-0.05398
0.029058
0.042878
-0.0087192
0.0022483
0.0082484
-0.066093
-0.34767
0.24735
-0.54235
0.37825
-0.27705
0.076447
-0.076063
0.014627
-0.16222
0.12593
-0.32094
-0.077462
-0.034152
-0.02644
-0.55016
0.12607
0.14156
-0.41774
0.20286
0.21011
-4.7427
0.27271
13.083
-2.9489
-2.9279
4.6586
-4.1154
-9.3686
5.017
4.9935
-5.6852
6.6571
6.0525
1.3664
-4.9132
4.8715
-0.49966
2.77
-0.71907
2.9953
3.001
-0.8735
0.25131
0.016338
-0.058517
-0.16064
-0.15975
-0.80531
0.23243
-0.93288
0.60704
-0.43234
-0.16236
1.0361
-1.623
1.1961
-0.45722
0.39255
-0.31299
-0.009459
-0.051379
0.040488
0.14042
0.11503
-0.077172
0.016237
0.008911
0.048373
-0.032825
0.048172
-0.085554
-0.058701
0.17231
0.05797
-0.6088
-0.53962
-0.44643
0.033304
0.12491
0.29723
0.23283
-0.6308
-0.63795
-0.13252
-0.31476
0.40645
0.20731
0.20643
-0.1697
-0.058657
-0.25789
-0.080015
-0.079974
-0.020568
0.10266
-0.71096
-0.79926
-0.81807
14.435
11.04
-9.0107
-1.1863
-4.6923
-9.4886
-2.1064
10.46
-2.627
3.5492
-1.1176
13.309
-0.92151
-2.2425
-0.57083
-4.1199
0.29298
3.7882
0.38776
-0.14699
-0.13072
-0.13172
-0.084934
-0.10074
-0.37585
-0.5437
-0.94624
1.1531
0.70984
0.020953
0.10904
-1.8452
0.32831
0.15857
1.9973
2.0284
-0.43412
-0.042637
-0.13161
0.17892
0.081079
0.083609
0.16042
-0.16019
-0.02625
0.015321
-0.045496
-0.037083
-0.071873
-0.043398
-0.11869
0.0056305
-0.40733
-0.39461
0.22121
-0.14042
0.037088
0.2655
-0.31671
-0.32347
0.47102
-0.87174
0.3053
0.15839
-0.19347
0.26442
0.21282
-0.33465
-0.12478
-0.20187
0.26904
0.28446
-0.28154
-0.284
0.32546
-2.7004
0.16492
19.747
-7.1087
-4.0967
-4.0152
1.0919
-5.4557
-5.1052
-5.2491
2.0475
0.33686
-11.247
3.5842
10.574
-0.24488
-7.0341
3.978
-0.50899
-0.89145
3.0953
1.5451
0.12832
0.05132
-0.098797
-0.21986
0.51031
-0.76253
-0.77159
-0.13479
1.1158
-0.61854
1.2222
-2.0983
-0.088033
0.47583
-2.5858
-0.71231
0.21156
0.51898
-0.053863
-0.050554
0.078728
0.44179
-0.22591
-0.22899
0.022293
-0.17096
-0.1765
-0.01766
-0.02802
0.03355
0.043937
0.052231
0.51358
-0.3786
-0.20262
-0.20608
-0.047867
-0.049504
0.01951
-0.060418
-0.093027
-0.096455
-0.19146
0.41296
-0.37551
0.18712
-0.15902
0.0029391
-0.1938
0.011458
0.0050258
-0.00084424
-0.019671
-0.173
-0.1732
-4.3095
6.7346
25.363
-1.0666
-8.9799
-3.2922
3.0944
-3.3976
-8.3931
7.3576
1.8902
-7.7407
-7.7453
0.78687
0.7759
-2.7422
-0.006267
0.21695
-4.425
1.7485
1.3298
0.014952
-0.20683
0.025735
0.1587
-0.40969
-0.12297
0.72905
-3.2354
2.7102
-1.1202
0.35312
0.36348
-0.4821
-0.36737
-0.020596
-0.016589
-0.82343
2.4496
-0.0041476
0.079224
-0.060925
-0.136
-0.13644
0.079639
-0.087101
-0.009387
-0.0094972
-0.010281
-0.0013469
-0.0014333
-0.065507
-0.02931
-0.029715
0.17897
0.45586
-0.22758
-0.027658
-0.25742
-0.19952
0.054881
0.67746
-0.4221
0.33083
-0.1113
-0.0036648
-0.39558
-0.3928
0.18563
-0.33728
0.50505
0.36954
-0.20906
-0.20486
0.93388
0.075677
-0.17965
-4.8047
-4.8467
-2.0527
5.6205
-10.281
3.7371
5.7839
5.7755
-10.007
-0.80227
2.748
-0.076492
-0.13234
-0.21228
2.279
2.0395
-1.8699
0.62481
1.1893
2.226
0.60394
0.58381
0.26379
-0.099156
-0.08357
-0.24645
1.8048
-2.0466
-2.0508
2.664
-0.68465
1.1678
-3.3386
-0.43759
-0.74849
-1.5624
-0.85774
0.16201
0.39163
0.06333
-0.0083497
-0.047061
-0.058284
0.21976
-0.024157
-0.2026
0.063326
-0.18196
-0.0011539
-0.069757
-0.034892
-0.13428
0.016923
0.27539
-0.39524
-0.092604
0.018098
0.015821
0.64649
0.68228
-0.10611
-0.21499
0.27854
0.29066
-0.14864
-0.14818
0.18375
0.020947
-0.47248
-0.030267
-0.031172
-0.13343
-0.10747
-0.21665
-0.39907
-1.5531
-3.4746
16.063
21.78
-8.2623
-3.6567
-1.4604
-3.8829
-5.7716
-6.2723
1.4732
-4.7191
-10.412
0.59649
0.74954
0.48707
-3.3495
-0.6708
-1.7973
0.73529
0.78003
-2.0499
-0.12379
0.28706
-0.64167
-0.64021
0.071375
0.60278
0.5886
0.16651
-0.17184
-0.33516
-0.88464
-1.82
-1.0098
-0.9968
-0.84438
1.819
0.33934
0.2135
0.23807
0.062439
-0.28326
-0.42857
-0.19937
-0.15344
0.090263
-0.10517
0.019879
-0.081844
-0.08327
0.062658
-0.10072
-0.075305
-0.19761
0.1751
0.18786
-0.018641
-0.26754
-0.20174
-0.20912
-0.11003
0.068578
-0.71247
0.49547
0.29928
0.30713
-0.1219
-0.11898
-0.065861
-0.14223
-0.13732
-0.26025
-0.15417
-0.13158
-0.05232
-0.052256
-3.6172
3.2541
20.463
-7.8518
-4.8895
-4.7931
-2.2585
-7.117
3.6261
3.6489
-2.44
1.862
5.0531
-2.6935
1.0399
2.0787
0.11096
-4.4341
5.0356
4.9146
0.051458
-1.7952
2.3897
3.402
-0.39898
-0.39551
1.1397
-0.55046
-0.98744
1.3046
-0.4143
-0.41277
-1.1729
-1.8609
0.14731
0.11434
0.39447
0.30127
-0.29323
0.23192
0.18464
-0.03348
0.066295
0.30289
-0.10432
-0.15334
-0.15317
-0.13936
0.0063701
0.02506
-0.088612
-0.13114
-0.054567
-0.02595
0.053287
0.06212
0.12355
-0.25403
0.069116
-0.482
-0.3875
0.70098
0.25375
-0.24958
0.45648
-0.87106
0.085375
0.078643
-0.18348
-0.14209
-0.070853
0.084784
-0.64353
-0.68153
0.23186
4.85e-05
0.037308
-2.5948
-1.2258
19.541
16.912
-0.86775
-0.88619
2.5308
-9.1688
-4.6798
-2.8688
-2.9183
-7.2955
-2.4379
-1.4769
-1.4874
6.9631
3.69
-1.1691
-3.9294
3.4201
2.8501
-1.2486
-3.8991
0.076501
-0.821
-0.09276
0.63505
0.29
1.3749
0.38534
-0.55021
-1.3871
-1.4442
-0.28536
-2.1102
2.4379
-0.54027
0.13742
-0.064276
0.10576
0.12772
0.14919
-0.094146
-0.0042017
0.086911
-0.4836
-0.043561
0.015624
-0.078552
-0.16283
0.27252
-0.19328
-0.033577
-0.097603
0.27552
0.31151
0.24983
-0.36187
0.15499
-0.09583
-0.31484
0.01726
-0.14649
-0.014385
-0.014746
0.043091
-0.16803
-0.099483
-0.09979
-0.097254
0.012475
-0.083131
0.23557
0.054142
-3.3037
-0.67965
21.192
21.304
15.078
-3.2065
-1.6767
0.6646
-4.9767
-4.9796
-5.5317
6.852
2.4771
-2.8438
-1.5152
10.975
-0.58476
-3.1964
9.7652
-1.3911
-1.5554
-5.1916
2.1581
-2.6614
-2.6141
-1.619
2.8076
0.13798
-0.071018
-0.091381
-0.49846
0.034332
0.075343
-0.36537
-0.36633
0.53841
0.34787
-0.73413
-1.4063
-0.65188
-0.65227
-1.8029
1.8508
-0.14721
-0.05423
0.19837
0.13419
-0.056234
0.46006
-0.25311
-0.15463
-0.048929
-0.054705
-0.016649
-0.078533
-0.079064
-0.10564
0.10284
-0.018846
-0.011587
-0.067111
-0.13113
-0.012389
0.14163
0.10179
-0.66651
0.76434
0.089375
-0.62741
0.23396
-0.375
0.34319
-0.47439
-0.31963
-0.26491
1.3799
-1.0407
2.0931
-0.91407
-0.40418
0.23106
0.2378
-0.69649
-2.0955
-2.8399
25.858
5.7952
-2.1175
-1.7205
-0.16387
-9.6776
-0.22237
-1.3795
-3.959
4.5551
-0.17045
-0.22755
-2.5538
2.2505
-3.173
-5.7685
0.30791
-2.9152
-1.7212
0.26446
-1.0247
-1.0212
1.5425
-1.0819
0.35948
-0.058398
-0.62724
-0.62671
0.28813
0.67283
1.2932
0.37568
-0.053134
-0.46273
-0.2455
-4.2745
-4.2403
3.0533
-2.4902
0.12278
0.18095
0.10446
0.064287
0.11777
-0.023993
-0.35534
-0.36588
0.0018926
-0.11417
0.071374
-0.047972
0.031305
0.030117
-0.0035478
-0.071656
-0.043865
-0.11536
0.13401
-0.11994
-0.41117
0.098195
0.11473
-0.13392
0.3668
-0.30077
0.010555
-0.25891
0.23136
-0.55312
0.15071
0.14993
-0.29589
0.087845
-0.33879
-0.10665
-0.003654
0.002488
0.035615
-0.02915
-0.15969
-0.38753
-2.5945
8.8542
22.454
2.5568
-3.2209
5.6071
-4.2801
-9.9879
-0.65427
-0.36555
2.4161
-9.0234
1.6424
0.92965
0.95477
1.9596
2.7367
2.8198
-5.1678
-1.0894
0.96021
1.0657
-2.991
2.2174
3.117
3.123
-1.1671
-0.25864
-0.50535
-0.50608
0.34572
0.065318
0.17817
-0.61519
-0.63921
-0.70563
-1.1324
-0.88247
-0.0059503
-0.0011634
-2.7768
0.29227
0.34777
-0.14634
0.058183
-0.21501
0.21413
0.48706
-0.33534
-0.014266
-0.23277
-0.25431
0.032034
-0.01446
0.027887
-0.043291
-0.13778
-0.13994
0.4143
-0.094548
-0.30927
0.16261
0.17009
-0.60203
-0.34551
0.52034
-0.30846
-0.3079
-0.55726
0.26215
-0.074998
-0.16926
-0.41009
-0.30784
-0.41571
0.87115
0.94261
-0.082189
-0.20244
-3.5596
-5.1697
2.8785
-4.0859
-3.8504
-6.2025
-3.4482
-6.1536
-6.1522
1.8327
4.729
1.9678
-10.203
5.7202
5.3853
1.084
-3.0859
-0.56209
0.088407
-4.3429
-4.0485
2.3443
-1.1448
0.75768
-0.374
-0.75112
0.81091
-0.047919
0.36749
-1.1455
-0.82142
-1.0972
-0.95289
1.2652
-1.131
0.49881
0.095019
0.57696
-0.31168
-0.0097829
0.15768
-0.13039
-0.12359
-0.053599
0.064131
-0.35151
0.038617
-0.071911
0.13746
0.14402
-0.1295
-0.20709
0.10502
0.080291
-0.40415
-0.077722
0.23828
0.24906
-0.2215
0.073518
0.11013
-0.11667
-0.34074
-0.10595
-0.10942
-0.11479
-0.2876
-0.013649
-0.12977
-0.12678
-0.27235
0.47169
-0.82793
-0.83445
0.509
3.9613
25.063
-0.84223
-0.84599
-3.7031
-7.9137
-2.7138
-2.2684
2.4297
-1.1628
-1.0934
2.2538
9.3796
4.2402
1.2171
1.4772
-0.086561
2.5016
2.4831
-0.31417
0.30133
0.27241
-0.7282
-0.49948
-0.49493
0.40265
0.29054
0.0081838
0.48885
0.46731
0.089165
-1.7403
-1.5213
-1.1997
-0.74809
-0.74284
0.24009
0.75995
-0.41638
-0.35014
0.35268
-0.28029
-0.09437
-0.094952
-0.084834
-0.14627
-0.034518
-0.034498
0.075614
-0.21399
0.057605
0.059069
-0.071946
-0.01734
-0.50903
0.10093
-0.22237
-0.24736
-0.20263
0.23917
-0.080461
-0.42103
-0.43366
0.13667
0.16055
-0.23044
-0.54743
-0.56742
-0.11564
-0.19371
2.3198
2.6802
-1.7838
-3.363
3.3259
21.615
-0.91111
-0.031581
-4.7224
-0.50775
-7.1098
-3.3314
-1.7408
5.304
1.2353
-1.6326
1.1096
1.152
-3.4521
5.9693
-2.8157
3.2223
-0.81239
-0.76295
-1.7592
0.8745
1.6765
0.47549
0.40006
0.10124
-0.52444
-1.1096
-0.39299
0.80845
-1.281
2.4504
0.043168
-1.519
-1.667
-0.69448
0.55379
0.38812
-0.18937
-0.061788
-0.12365
-0.11756
0.30602
-0.044086
-0.042873
-0.069651
-0.10139
0.0059488
-0.024738
-0.025029
-0.0053343
-0.083528
-0.1175
0.18417
0.14806
0.15371
0.047582
-0.076916
0.12774
-0.44686
-0.47273
0.6263
-0.51894
0.21847
0.21707
-0.32835
-0.070724
-0.22316
-0.013953
-0.26367
-0.26576
1.7432
-0.37573
-0.31894
0.18898
-3.8473
-3.8114
8.4866
22.28
-4.854
0.48153
6.0832
6.852
-1.8336
1.8318
1.6104
-11.226
6.9061
-4.7283
8.8953
-11.117
3.6622
4.059
1.5241
-3.4179
0.81444
-3.9127
-3.8957
0.77614
0.49016
0.51281
-0.46105
-0.072493
-0.18096
-1.0539
0.29871
-0.44529
-1.2364
1.558
-1.3553
-1.0835
-0.52859
-0.52182
-1.8214
-1.5539
0.48397
-0.13673
-0.27666
-0.00044992
-0.28208
-0.067213
0.51346
0.46909
-0.52875
-0.14374
-0.12182
-0.041536
-0.040755
-0.027052
0.17488
0.18042
0.2122
-0.30494
-0.40831
0.5271
-0.44418
0.67041
0.7294
-0.71336
0.18592
-0.28122
0.26675
-0.35839
-0.35901
-0.024783
0.13355
-0.25249
-0.36368
-0.094043
0.32531
-0.37125
0.31214
-0.067612
0.11936
-0.21718
-1.7469
-0.69693
4.8973
27.046
-6.984
-3.5069
-4.8308
-2.6139
-4.5147
-6.0402
0.85273
-7.3694
4.6406
4.4443
-1.6615
-9.1298
-1.2368
-1.3318
4.6129
-0.082055
0.13822
5.7204
-0.40299
-0.074605
-0.060627
0.63238
0.3014
-0.36603
0.071315
0.070357
0.46748
0.54515
-1.5985
-0.38527
-0.87808
-0.84072
-1.8836
-1.1512
-1.1533
-0.52153
0.056006
1.7903
0.70867
0.72345
-0.96102
-0.0048747
0.13799
-0.10138
-0.091181
-0.13362
0.11549
-0.065093
0.035613
-0.17021
0.17316
-0.34033
-0.2337
0.12269
-0.19833
-0.26914
0.18244
0.010047
0.096974
-0.36953
-0.33135
-0.17054
0.038325
0.39891
-0.40582
-0.41308
-0.027649
0.22618
-0.29461
0.46034
-0.46328
-0.43527
0.079228
0.034055
0.034595
-0.076426
-0.23658
0.020206
-0.2865
-0.29012
-0.29792
-1.781
10.34
19.241
-0.89743
-0.68923
1.8914
-1.4689
-3.6597
-1.329
-1.2603
-2.5425
0.24261
-5.4768
-2.3284
-2.2604
0.82486
6.1335
-2.4522
-5.3225
5.2706
-7.0184
-1.6094
1.8014
0.53507
0.49509
0.27218
-0.0040636
-0.18283
1.0651
-0.40009
-0.55887
-0.55223
-0.36169
-2.0189
-0.94742
-1.0181
0.55042
-0.40698
0.26463
0.10464
0.092049
-0.22371
0.10671
-0.40187
0.065241
-0.064929
-0.065294
-0.025791
-0.29683
-0.040544
-0.043854
-0.20718
0.088582
0.36204
-0.006296
-0.20607
0.039095
-0.26283
-0.26944
-0.23796
0.068282
-0.55795
0.25908
-0.15748
-0.2289
-0.51421
-0.50959
-0.17655
-0.046515
-0.064843
-0.26275
0.13325
0.31055
-0.43702
-0.77424
-0.35353
-1.06
-1.1278
4.4382
0.46161
-0.089665
-5.4718
-5.4367
-7.4184
-4.8013
2.4854
1.8952
1.9775
1.0673
-5.5346
11.973
13.544
1.9788
2.2256
-3.4161
-4.828
1.9533
5.617
10.078
10.079
-1.5233
-0.4037
-1.2086
-4.4795
5.5533
4.6486
3.7655
0.29693
-0.026437
0.40259
-0.76293
-0.096366
-0.405
-0.39522
-0.00020447
0.1596
-0.33143
-0.16603
0.00061709
-0.25921
-0.098398
-0.086131
-0.18902
-0.19229
-0.24489
0.2539
-0.17897
0.47654
-0.070404
-0.069004
0.16871
0.17105
-0.65406
0.083019
-0.62494
-0.1354
-0.094182
-0.094927
0.22948
-0.38559
-0.27181
0.068408
-0.31473
-0.12357
-0.12433
-0.12916
-0.025219
-6.7588
-4.1544
0.63021
8.206
3.9587
-4.6703
-5.7235
11.748
-5.806
-9.1059
-5.4564
-5.707
-0.9733
-4.5426
5.8325
2.7887
5.4198
-1.4246
-1.7135
-0.6132
1.9512
9.0373
-11.82
14.598
2.2138
2.1096
-0.12131
1.7893
-6.0959
-5.2807
-1.491
0.6375
3.4088
-3.6301
0.48727
3.4705
8.5964
-3.4745
-0.12299
-0.0071153
-0.025111
-0.15665
-0.023632
-0.17885
-0.072392
-0.224
0.19114
-0.26512
-0.27133
0.087498
-2.2693
-0.55136
-0.97197
-0.24538
0.10907
1.551
-0.2749
0.044556
0.19496
-0.070068
-0.2276
-0.17742
-0.15663
-0.26951
0.64397
0.032473
-0.71355
-0.19116
-0.018782
-0.047517
0.0041281
-0.21501
-0.2241
-0.029081
-0.078392
-0.080014
-0.28892
-1.6227
-8.1775
0.15828
7.0366
8.7448
6.3919
-1.0406
10.103
-2.9419
-2.8762
-1.9
-2.1281
-2.0969
1.6102
-2.5513
5.3639
-10.034
8.6992
-3.239
2.9856
2.9979
8.5352
6.2418
-0.23243
-3.3628
-2.9302
-1.0211
1.2115
-5.5058
-0.43721
-1.9704
-1.6777
-4.0103
4.5623
-0.10435
4.2956
12.484
-4.7496
-4.7368
0.11171
-0.2929
-0.061099
-0.18616
-0.18238
-0.10304
-0.20564
0.010667
-0.33186
-0.33366
-0.74749
0.43548
1.3322
0.14752
0.14426
2.091
-0.25289
-0.2514
-0.070084
-0.26177
-0.20436
-0.084609
-0.11563
-0.35235
-0.42258
0.31115
-0.22591
-0.020199
-0.41116
-0.42046
-0.12661
-0.20766
-0.21929
-0.18939
-0.20837
-0.13601
-0.27482
-0.20597
-0.2961
-0.30948
-0.18175
-9.5418
-2.9725
-2.151
3.3641
-5.9405
-8.9457
-4.4742
-3.5484
3.2285
3.2423
-0.074289
9.5355
-1.7058
1.3948
5.4587
-2.7582
-10.708
-3.2677
-3.3338
8.4676
-5.6063
-3.6241
-4.6262
12.008
-0.072925
-0.065666
-1.6671
-4.8666
-0.88179
-4.9795
1.5427
-0.83148
3.6113
3.6171
3.9116
10.202
-11.749
-2.1519
0.16142
-0.76007
-0.77458
-0.31005
-0.13364
-0.16989
-0.21026
-0.20618
-1.0768
1.4548
-0.47553
-0.88444
-0.0028647
-0.18104
-0.21063
-0.34443
-0.12835
-0.1019
-0.47118
0.22914
0.15937
-0.65979
-0.66632
-0.13261
-0.37599
-0.50855
-0.22808
-0.22101
-0.21901
-0.1878
-0.30467
-0.29748
-0.24189
-0.24632
-0.1454
-0.50391
1.4538
-2.2522
-2.2545
-2.7721
-0.58197
3.4319
5.4699
-0.14128
5.3632
-8.9978
1.5504
1.3198
-7.7361
-3.611
-2.7261
-1.8708
1.4924
1.7609
7.566
1.1261
-5.4331
-0.53211
6.7878
-4.4475
14.495
-4.8808
0.48027
-5.3606
-4.0538
4.8323
8.8736
-8.4694
2.8112
-13.532
9.6506
-4.6038
-4.6646
-2.3793
-0.41417
1.0703
8.2449
7.0074
-5.7531
-5.3186
-1.1782
-3.3201
-3.3177
-0.1062
-0.32859
-0.22357
-0.49649
-0.49358
-0.14634
-2.1818
-2.6412
5.3452
5.3553
-0.54737
-0.22537
-0.87245
0.044901
0.23891
0.2317
-0.2864
0.19659
-0.22931
-0.22883
-1.0545
-0.11902
-0.11277
-0.97989
-0.92455
-0.22278
-0.10684
-0.32811
-0.50946
-0.359
-0.35817
-0.39086
-0.22289
-0.29154
-0.31932
-1.3224
-0.069353
-0.43591
-0.8696
-0.89099
-3.1824
-2.0377
4.5413
-7.2638
-8.0846
8.3656
-1.1423
-6.7405
-4.5828
-6.4932
2.563
2.7083
0.58508
5.1929
-1.7619
-6.7474
1.3605
-10.508
7.3026
0.20315
4.9701
4.8425
1.8992
-1.785
8.8567
-5.2557
-3.287
-2.2796
4.6458
-8.7616
1.9204
-3.3851
5.5069
2.0728
-0.25638
-2.5901
8.616
8.8422
0.47043
-5.0136
-6.773
-0.26569
-0.39753
-0.4269
-0.096172
-1.1672
-1.1823
-2.2518
-1.789
3.7709
-0.20914
-0.45304
-0.42071
-0.33889
-0.21603
-0.40237
-1.226
-1.9904
-0.15431
0.24447
-0.48095
-0.092623
-0.45959
-0.019164
-1.0184
-0.66761
-0.65208
-0.34793
-0.49454
-0.42174
-0.1943
-0.19613
-0.53682
-0.16439
-0.29325
-0.14778
-0.44571
-1.0155
1.2094
-1.5092
-0.2829
-1.4701
-4.6336
-2.6514
9.2523
1.1978
-5.634
-5.6769
-8.8666
-3.6759
-3.5801
-5.2616
-6.2602
-6.2389
2.9277
-1.7057
-2.6538
6.6715
18.126
4.6963
11.188
-4.2094
6.8
-11.184
-7.9622
1.7333
-1.6855
11.417
2.5507
8.0291
-7.9596
-2.5233
-2.8325
0.81052
-4.4675
-3.2998
3.2704
-1.2359
-0.20968
3.311
0.065348
8.2249
-3.7605
0.95927
-3.218
-3.2625
-0.35487
-0.17106
-0.41598
-0.54381
-0.371
-0.76712
-1.7046
-4.4076
2.6875
-0.15547
-0.25247
-0.35897
-0.13155
-0.16202
-0.98974
-0.94235
-0.27723
-0.059659
-4.5776
-1.2562
1.4184
-0.097709
-0.58921
1.1036
-1.1526
0.32048
-0.45443
-0.31057
-0.88935
-0.4924
-0.29741
-0.32418
-0.40204
-0.64541
-1.1369
0.93092
-0.29889
-1.8834
-1.1917
-1.1628
-3.785
10.069
1.7075
-7.8521
-4.4211
-5.7492
-3.5996
-7.3433
0.69053
-5.5945
-2.1499
1.3554
-1.4284
-1.369
8.0008
4.3986
-13.226
21.649
-13.475
-13.053
7.0015
-7.946
9.6097
-0.078656
7.7952
-4.2164
-3.5266
-5.8418
0.21768
-3.2815
-0.81555
-6.1488
-0.62666
2.9168
-1.9172
2.565
5.3029
5.1454
-4.4258
-6.0351
-6.1077
9.8776
1.2681
1.3995
-2.3747
1.2657
-0.82507
0.45522
-0.72829
-1.9367
-1.6951
-1.1038
3.4615
-0.52132
-0.94969
-0.47322
0.45377
-1.5266
0.99195
-1.4134
-1.0769
-1.444
3.4953
-2.5574
-0.83627
0.27409
-0.73304
-0.22289
-0.32893
-0.9283
1.0609
-1.0258
-0.85803
-0.14495
-0.40321
-0.0058171
-0.20788
-0.40009
-0.80538
0.47369
-0.96821
-1.7479
-3.6269
-4.7015
-0.70507
-6.1374
-0.10448
-5.2943
2.4919
-1.4772
-3.5415
-12.634
-0.16269
-4.6325
-4.9093
4.7459
-0.65487
2.3171
-4.2525
10.628
-5.7716
9.0476
9.6875
-10.597
1.9766
-3.8243
3.6697
-0.96323
-0.91066
0.19941
-7.0964
8.2946
-3.4117
-3.4146
1.1416
-3.203
0.5476
-0.1784
-0.17283
1.2217
0.56413
0.24178
-2.201
-1.0634
-5.4302
-2.5572
2.0343
-0.72965
-0.72158
-0.23975
-0.64183
0.11059
-0.38956
-0.38956
-0.71475
-0.012049
-1.3512
-0.70016
-0.69835
0.36136
0.53264
1.5752
-1.8315
0.19034
0.52797
0.53166
0.23257
0.23536
-0.83922
-0.62284
-0.61365
-2.6831
1.315
-1.0587
0.30534
-0.30724
-1.1126
0.27189
-0.28028
-0.1506
-0.43487
-0.91315
0.29711
0.30192
0.046073
0.47027
-1.5522
-6.4184
-6.4119
-4.2625
-1.5255
-4.9786
-3.4231
-0.014663
-0.0068674
2.9463
-0.87785
-0.95259
-7.6312
5.1167
0.79488
8.0211
6.0189
6.0282
-0.86629
-0.86377
2.1157
-5.1777
-5.1292
6.1663
-0.65547
0.13252
1.8483
1.9018
-0.34716
-1.5946
-0.20371
-0.63894
2.7778
0.979
0.91945
7.2805
7.2162
2.9751
4.4247
0.97296
-6.2487
-5.3989
-5.7326
6.6095
-0.22478
-0.18787
-0.0458
-0.64677
0.56964
0.12173
0.14438
0.13663
-0.35838
-1.4155
-0.81552
-1.2761
0.64408
0.64481
-0.15018
1.8747
-1.2718
0.12405
-1.4223
-0.58976
1.6839
-0.49943
1.4442
-1.6175
1.1543
-0.70907
-1.2355
-1.2253
0.23956
-0.65681
-0.19728
0.14537
-0.64924
-0.244
-1.1159
-0.074674
-0.29717
-0.29959
0.28979
-0.57893
-0.26348
-7.012
4.0499
-3.6648
6.837
-4.0428
5.9711
5.8472
-0.57321
2.0563
2.4889
-3.0893
-3.0747
-0.241
-2.4268
-10.074
14.733
-5.7112
-5.5999
6.5029
-1.8209
2.6259
-1.7688
1.1987
-0.75818
-0.047346
-0.91845
-0.94787
0.4556
-1.1206
-0.14178
-0.31974
-0.088055
-0.08834
0.31798
-0.8598
0.041633
-0.15702
-0.36162
-1.1853
0.40844
-1.1327
-0.83365
2.2534
-4.1057
-1.8153
0.6813
0.683
-0.73121
-0.38118
-0.87586
-0.65282
-0.64707
0.1675
-0.52079
-0.058297
0.09225
-0.71778
-0.70923
0.24479
-0.017668
-0.50639
-0.49963
0.063047
-0.17531
-0.17986
-0.42677
0.095782
0.095546
-0.78009
0.23473
-0.23891
-0.58877
-0.59542
0.053432
0.072109
-0.41803
0.08035
0.082656
-0.10658
-0.36153
0.012525
-0.35147
-0.26663
-0.18994
-0.27017
-0.081786
-0.3007
-0.30044
-0.039806
-0.40239
-0.19089
-0.2185
-0.28333
-0.24624
-0.18949
-0.24032
-0.11657
-0.20117
-0.29815
-0.13517
-0.38247
-0.222
-0.25742
-0.19178
-0.19783
-0.099053
-0.25112
-0.11687
-0.30183
-0.075455
-0.25616
-0.12263
-0.34576
-0.1319
-0.30024
-0.17761
-0.2384
-0.21294
-0.22059
-0.1304
-0.21723
-0.21728
-0.17069
-0.24296
-0.21208
-0.15203
-0.15202
-0.24338
-0.24115
-0.22301
-0.15641
-0.19461
-0.23429
-0.25227
-0.23788
-0.22545
-0.22548
-0.1935
-0.26338
-0.22187
-0.15292
-0.15288
-0.20865
-0.26509
-0.26279
-0.15439
-0.17529
-0.23367
-0.23366
-0.22329
-0.15268
-0.23756
-0.23756
-0.23366
-0.14529
-0.16492
-0.22524
-0.22524
-0.23501
-0.26624
-0.17214
-0.20516
-0.23442
-0.23442
-0.23242
-0.16138
-0.15359
-0.2659
-0.26585
-0.10171
-0.19665
-0.22602
-0.22607
-0.22098
-0.22727
-0.21193
-0.25514
-0.25512
-0.21231
-0.18467
-0.14566
-0.19421
-0.2123
-0.21233
-0.2135
-0.092766
-0.193
-0.21229
-0.27516
-0.23322
-0.15543
-0.21511
-0.20516
-0.22364
-0.1739
-0.11302
-0.18563
-0.24578
-0.24578
-0.2857
-0.22179
-0.12415
-0.18526
-0.25144
-0.25143
-0.26401
-0.24147
-0.23249
-0.19438
-0.14284
-0.14284
-0.17303
-0.20372
-0.23298
-0.23213
-0.1239
-0.17532
-0.25523
-0.25463
-0.22346
-0.16332
-0.18527
-0.23328
-0.24262
-0.22691
-0.18329
-0.22626
-0.22626
-0.29622
-0.22381
-0.18412
-0.20281
-0.24406
-0.24406
-0.25104
-0.13554
-0.18162
-0.23324
-0.28598
-0.22659
-0.22659
-0.15817
-0.22815
-0.25249
-0.25456
-0.14209
-0.18641
-0.23408
-0.24312
-0.24462
-0.15244
-0.17382
-0.19461
-0.25184
-0.13375
-0.19218
-0.22321
-0.26326
-0.2232
-0.22319
-0.1443
-0.19368
-0.21236
-0.24614
-0.23283
-0.14157
-0.17106
-0.2331
-0.15454
-0.15452
-0.14491
-0.17347
-0.19057
-0.23064
-0.26166
-0.26166
-0.094016
-0.15175
-0.24307
-0.22222
-0.16315
-0.20384
-0.24393
-0.19269
-0.19269
-0.18396
-0.17316
-0.21351
-0.23217
-0.24574
-0.1025
-0.19242
-0.26535
-0.22343
-0.15414
-0.19434
-0.22125
-0.24269
-0.20343
-0.13304
-0.13304
-0.15147
-0.20415
-0.22124
-0.20257
-0.13182
-0.13499
-0.21062
-0.25101
-0.24486
-0.20255
-0.17252
-0.24607
-0.20452
-0.14294
-0.15262
-0.18486
-0.23011
-0.24406
-0.24405
-0.13218
-0.15385
-0.21383
-0.26329
-0.26146
-0.19417
-0.21342
-0.25251
-0.17147
-0.13358
-0.17267
-0.22251
-0.22152
-0.25496
-0.25493
-0.11291
-0.18155
-0.21194
-0.24481
-0.24482
-0.14308
-0.17141
-0.24316
-0.25328
-0.1445
-0.16335
-0.23427
-0.24171
-0.23426
-0.23426
-0.135
-0.19456
-0.23321
-0.23321
-0.17321
-0.20431
-0.2332
-0.22222
-0.16311
-0.16311
-0.17074
-0.17073
-0.25532
-0.20586
-0.12156
-0.17318
-0.17318
-0.26279
-0.2518
-0.15562
-0.19301
-0.20232
-0.23194
-0.16247
-0.13224
-0.19361
-0.21194
-0.25176
-0.22261
-0.1344
-0.17999
-0.17991
-0.22321
-0.2525
-0.25249
-0.2221
-0.27355
-0.19515
-0.14493
-0.19343
-0.19343
-0.2325
-0.2832
-0.20556
-0.14493
-0.18511
-0.24241
-0.25172
-0.22145
-0.15435
-0.19453
-0.24595
-0.2103
-0.15373
-0.22214
-0.20271
-0.24248
-0.22132
-0.15495
-0.18286
-0.18286
-0.24523
-0.26168
-0.26393
-0.19338
-0.19338
-0.19338
-0.23312
-0.14258
-0.22609
-0.22608
-0.16119
-0.28436
-0.13394
-0.16361
-0.16361
-0.22494
-0.22126
-0.25046
-0.16414
-0.20333
-0.20332
-0.25105
-0.14743
-0.16243
-0.16243
-0.22064
-0.24594
-0.13024
-0.16296
-0.16298
-0.23119
-0.23118
-0.25578
-0.14254
-0.17344
-0.17345
-0.26329
-0.22604
-0.15423
-0.20382
-0.20381
-0.24223
-0.24342
-0.15544
-0.17225
-0.26445
-0.24283
-0.14371
-0.22237
-0.22236
-0.2329
-0.25091
-0.20014
-0.14371
-0.192
-0.192
-0.26381
-0.23166
-0.12329
-0.18208
-0.22479
-0.26563
-0.23164
-0.14367
-0.20497
-0.23346
-0.24153
-0.16225
-0.19198
-0.19319
-0.22169
-0.2223
-0.15361
-0.15174
-0.15174
-0.21116
-0.24953
-0.25198
-0.13377
-0.18143
-0.26002
-0.26374
-0.17212
-0.21298
-0.21298
-0.22106
-0.23153
-0.2538
-0.14184
-0.18513
-0.18508
-0.1437
-0.1919
-0.19194
-0.24388
-0.25317
-0.20558
-0.13374
-0.16036
-0.16036
-0.22413
-0.25188
-0.21167
-0.13691
-0.16471
-0.16471
-0.23079
-0.23019
-0.15353
-0.21548
-0.2506
-0.18993
-0.15352
-0.18571
-0.18574
-0.23145
-0.21352
-0.14304
-0.18313
-0.18313
-0.25257
-0.23139
-0.23079
-0.1678
-0.20049
-0.2005
-0.22153
-0.16091
-0.1424
-0.19754
-0.24135
-0.25436
-0.22151
-0.14239
-0.25242
-0.25118
-0.26424
-0.15277
-0.22201
-0.22201
-0.23128
-0.22271
-0.19179
-0.16528
-0.16373
