-0.01078
-0.011198
-0.0091117
-0.0075795
-0.0071243
-0.0043122
-0.0005468
0.011131
0.03063
0.053382
0.077568
0.073076
0.071906
0.072887
0.068846
0.062805
0.050795
0.030262
0.016428
-0.0092777
-0.053185
-0.073781
-0.10714
-0.044154
-0.087479
-0.12203
-0.14544
-0.20033
-0.17948
-0.15486
-0.10852
-0.066098
-0.032157
-0.032482
-0.032914
-0.035365
-0.047309
0.02851
0.066618
0.080221
0.084604
0.081783
0.044987
-0.0042221
-0.038931
-0.045676
-0.034608
-0.03645
-0.040439
-0.059272
-0.040293
-0.0055632
-0.00128
0.00029811
0.0017361
0.0020322
0.0019195
0.0015817
0.0016931
0.0005766
-0.00027153
0.00023731
0.0005051
-0.00011839
-0.00031625
-9.6026e-05
-0.00026959
0.019247
0.070372
0.088209
0.066839
0.050645
0.024276
0.017184
0.0040235
-0.00050361
-0.0032942
-0.0017491
-0.0012076
0.0012921
0.0079454
0.0083351
0.011193
0.015149
0.016472
-0.003204
0.152
0.52524
0.40365
0.32666
0.28948
0.36033
0.39416
0.36768
0.30953
0.29115
0.2533
0.20861
0.17932
0.16593
0.11938
0.068905
0.018826
0.011255
0.01262
0.0028197
-0.0014223
0.015201
0.032816
0.030565
0.040363
0.023805
0.017339
-0.0073028
-0.018707
-0.043212
-0.063677
-0.088444
-0.014128
-0.0092694
-0.027938
-0.027047
-0.02702
-0.017167
0.0057215
0.00077913
0.00029216
0.00024265
-0.00023506
0.0014758
0.00058914
0.00016286
-0.00056591
-0.00044542
-3.9184e-05
-0.00016315
0.012429
0.037537
0.04185
0.044738
0.03309
0.0096871
0.0024863
0.085332
0.034447
0.049414
0.032577
0.010432
0.00063678
0.0023975
0.0011877
-0.0022331
0.0013476
0.0061989
0.012704
0.018645
0.020347
0.027401
0.52599
0.52026
0.45787
0.40363
0.29435
0.22198
0.18569
0.25344
0.2988
0.20671
0.21039
0.17245
0.11321
0.059099
0.031868
0.020915
0.016478
-0.016198
-0.0039644
-0.0024918
-0.00026015
0.0046439
0.0043379
0.012198
0.016073
0.014442
0.058997
0.070592
0.037724
0.01666
0.0020935
-0.021624
-0.055972
-0.035583
-0.057596
-0.036584
-0.058653
-0.059615
-0.029755
-0.0040867
0.00023264
0.00031171
0.00035217
0.0015488
5.1694e-05
0.00068272
0.0016752
0.0013182
-6.1001e-06
-5.355e-05
-0.00010218
0.00012416
5.7472e-05
-0.00014949
0.0029081
0.021772
0.032867
0.034952
0.054579
0.041527
0.051587
0.058272
0.023949
0.056472
0.028505
0.022138
0.025318
0.026167
0.024796
0.032749
0.033116
0.030656
0.030976
0.04196
0.73071
0.78021
0.70281
0.68428
0.54576
0.38234
0.3696
0.33376
0.3018
0.32023
0.27555
0.22519
0.16271
0.07303
0.0088481
-0.012398
0.0038299
-0.0030834
-0.012241
-0.0098631
0.037364
0.069763
0.090508
0.1419
0.12739
0.10938
0.089724
0.065963
0.053148
0.048116
0.039091
0.019027
0.03052
0.0085874
0.003222
-0.0049234
-0.016658
-0.014777
0.0056093
0.0037755
0.00023311
0.0011667
0.00042347
-0.00022927
0.0013432
0.0011284
0.0012196
0.0020156
0.0020643
0.00097816
-0.069047
-0.066824
-0.065748
-0.027849
-0.025323
-0.013949
-0.033597
-0.049944
0.014589
-0.010089
0.0095496
-0.0047188
-0.011017
-0.010206
-0.003384
0.00042278
0.003128
0.010151
0.024866
0.096187
0.26264
0.4464
0.54145
0.52261
0.52003
0.45514
0.404
0.32721
0.20808
0.29911
0.20539
0.092668
0.03795
-0.0027141
0.028832
-0.020061
0.00033621
-0.007822
-0.010356
-0.013521
-0.016131
-0.00053729
0.033187
0.10423
0.14644
0.14281
0.13846
0.098587
0.084991
0.061526
0.048451
0.042421
0.038669
0.029598
0.038781
0.019673
0.0057685
-0.013058
-0.028197
-0.025421
0.0021675
0.0052677
0.00043148
-0.00037753
0.00020594
0.00219
0.0016763
0.0015458
0.002284
0.0015958
0.00090724
-0.0022294
-0.026616
-0.033924
0.0066073
0.012295
0.017145
0.027807
0.013307
0.033098
0.054205
0.021259
0.016797
0.021711
0.0094472
0.0045387
0.0044573
0.0099441
0.0018227
0.0088355
0.014713
0.04657
0.22018
0.40482
0.58316
0.59144
0.59766
0.5634
0.39552
0.31288
0.23722
0.24184
0.25748
0.27783
0.22854
0.14957
0.10856
0.034854
-0.017811
-0.017161
-0.017338
-0.025096
-0.0021687
-0.004025
-0.00056827
-0.0040785
-0.0081246
0.0018704
0.028636
0.086012
0.12513
0.11013
0.10102
0.08921
0.060361
0.044739
0.037311
0.026305
0.0079138
0.0013239
0.037914
0.013912
0.019062
-0.0025499
-0.015362
-0.021877
0.0029134
0.0080546
0.00021049
0.00043396
0.0021627
0.0014081
0.0026743
0.0022441
0.0022987
0.0015829
0.0010431
0.00083455
0.0012316
0.0012196
0.00036371
0.00024788
-0.0059691
0.0057985
0.021692
0.038039
0.037977
0.012484
0.016386
0.050575
0.027143
0.031014
0.016375
0.0016875
-0.00202
-0.00059834
0.0023935
0.00059611
0.0027531
0.010212
0.010797
0.014693
0.018526
0.023518
0.041107
0.14047
0.38603
0.5886
0.61194
0.62218
0.61611
0.5645
0.46346
0.32161
0.21999
0.25016
0.28337
0.2794
0.23251
0.27214
0.17867
0.080572
0.011655
-0.0044136
0.01416
-0.021661
-0.0022599
-0.0078262
-0.0067887
-0.0012847
0.0051846
0.019466
0.026365
0.051968
0.08564
0.10743
0.070135
0.048863
0.029206
0.022667
0.0074637
0.0012252
-0.016246
-0.033391
0.00046786
-0.026512
-0.021771
0.00056701
0.00017294
0.00030149
0.00077233
0.00041401
0.0016658
0.0015354
0.0015616
0.00063131
-7.3133e-05
-0.00026921
-0.00015469
8.1371e-05
-4.2502e-05
-0.00015777
0.028975
0.026218
0.018377
0.042616
0.058086
0.092902
0.04331
0.047122
0.04259
0.026938
0.020661
0.019273
0.021075
0.01355
0.019805
0.024273
0.022321
0.02495
0.036764
0.057628
0.21207
0.43779
0.66396
0.6761
0.67658
0.60071
0.52132
0.35238
0.28539
0.41446
0.28516
0.15694
0.071209
0.054251
0.028316
0.011279
0.0014959
0.001926
-0.0068034
-0.014458
-0.011846
-0.0015663
0.0061546
0.025571
0.04044
0.088345
0.089128
0.065811
0.046019
0.031361
0.022782
0.012237
-3.8762e-05
-0.020227
-0.025157
-0.016592
-0.030503
0.00069934
0.0020562
0.00017362
0.00020287
-0.0028218
0.0016597
0.0041828
0.0023443
0.0023152
0.0013952
0.00094247
0.00050831
0.00043265
9.7989e-05
-1.6035e-06
-5.0564e-05
0.030102
0.056155
0.1026
0.10427
0.076589
0.048206
0.045924
0.10804
0.084357
0.050044
0.03363
0.025118
0.015018
0.01601
0.015457
0.014837
0.013819
0.019224
0.022224
0.025543
0.029516
0.033876
0.050841
0.1391
0.3908
0.66637
0.6786
0.64821
0.59717
0.55418
0.4187
0.43744
0.34224
0.35831
0.26881
0.1496
0.013772
0.050064
0.0062381
-0.0031771
-0.0024657
-0.0079303
-0.014293
-0.014211
-0.0028716
0.012132
0.03153
0.06651
0.1216
0.12136
0.11505
0.084748
0.066584
0.042505
0.026867
0.014714
0.016394
0.0071564
0.029123
0.017135
0.016622
0.0030738
-0.017348
-0.011593
0.0010708
0.0029125
0.00010774
0.0019265
0.0013339
0.0024564
0.0018092
0.0019829
0.0014785
0.0011199
0.00053558
0.00050806
0.0006555
0.00053132
0.00027912
-8.3772e-05
0.0064612
0.06661
0.062415
0.091477
0.059197
0.042948
0.065431
0.11505
0.070945
0.069158
0.054345
0.032827
0.017097
0.011856
0.013886
0.0091739
0.019614
0.025739
0.026596
0.027928
0.030437
0.039264
0.071109
0.24492
0.45892
0.69765
0.63553
0.70884
0.62064
0.53557
0.39931
0.25208
0.18974
0.23281
0.23478
0.22806
0.21588
0.22441
0.14758
0.071411
0.017211
-0.0036018
0.00025342
-0.020315
-0.0071283
-0.0047338
-0.0041558
-0.0010915
-0.00059924
0.0042646
0.01822
0.046869
0.078664
0.053274
0.038624
0.024547
0.010329
0.011858
0.0066313
-0.0065211
-0.015616
-0.031284
-0.010805
-0.037092
-0.044511
-0.029451
-0.028204
-0.0073529
0.0056565
0.00072214
0.0001554
0.00028658
0.00089839
0.0014352
0.0014924
0.0016659
0.0012996
0.00025344
9.2785e-05
0.00045047
0.00038439
0.00027319
4.8874e-05
-0.00010034
0.013301
0.051789
0.068639
0.06686
0.045584
0.026683
0.036253
0.096837
0.073488
0.046775
0.028708
0.025624
0.0084147
0.0066602
0.009374
0.0045315
0.0037345
0.012235
0.014004
0.019879
0.021832
0.032733
0.086972
0.2234
0.4628
0.58623
0.60145
0.57151
0.55997
0.44145
0.31039
0.22349
0.181
0.18995
0.23788
0.21029
0.21127
0.17623
0.12622
0.061952
0.016922
-0.0010573
0.011476
-0.01903
-0.0059245
-0.0035187
-0.0032735
-0.0017911
0.00032838
0.010067
0.013902
0.044177
0.082078
0.075694
0.048199
0.036338
0.032179
0.025574
0.016075
-0.0017185
-0.013972
-0.035959
-0.0040265
-0.023139
-0.019261
-0.014653
-0.024342
-0.0069773
0.0064748
0.0013262
0.00010435
0.00036899
0.00018041
0.0024236
0.0018353
0.0012801
0.00054446
0.00024972
0.00013428
0.00018076
0.0004767
0.00021185
3.7857e-05
-0.00022679
0.010398
0.056385
0.078087
0.071307
0.049118
0.026328
0.038774
0.082222
0.034849
0.041986
0.036413
0.026357
0.016666
0.018368
0.0089277
0.0057204
0.01445
0.017188
0.023569
0.02941
0.032131
0.038039
0.18054
0.41692
0.539
0.61933
0.65529
0.6875
0.70358
0.67035
0.54737
0.42488
0.3928
0.39344
0.35147
0.29004
0.29642
0.21397
0.095805
0.0036909
-0.028829
-0.015647
-0.021163
-0.032066
-0.032992
-0.041105
-0.041337
-0.022723
-0.0060319
0.046946
0.038358
0.067424
0.069877
0.063889
0.071519
0.089491
0.10111
0.12048
0.10734
0.083174
0.061643
0.030251
-0.0074826
0.0067732
0.019905
-0.0027326
-0.022614
-0.020471
-0.0074892
0.0013096
0.001713
0.00033903
-8.653e-05
0.002645
0.0013001
0.0015523
0.0011312
0.0010356
0.00016653
0.00029056
9.3752e-05
0.00019712
0.00076361
0.0042274
0.023615
0.01962
0.031461
0.011442
-0.032277
-0.012594
-0.04605
-0.09456
-0.11911
-0.05035
-0.027238
-0.020598
-0.015989
-0.012349
-0.016982
-0.0137
-0.0068031
-0.0046108
-0.003279
-0.0018496
-0.00018886
0.00045691
0.0058909
0.030892
0.11069
0.31657
0.46567
0.58587
0.59216
0.71607
0.61944
0.43958
0.27576
0.3061
0.37763
0.38685
0.29638
0.24511
0.17469
0.0052235
-0.054625
-0.024939
-0.034122
-0.019329
-0.024699
-0.03296
-0.032805
-0.035192
0.0022898
0.048924
0.07822
0.10605
0.15284
0.16875
0.17234
0.18894
0.1884
0.17891
0.16169
0.11783
0.10061
0.015426
-0.026266
-0.055123
-0.036533
-0.073026
-0.067163
-0.048683
-0.028422
0.0010819
-0.00038518
0.00064168
0.0038151
0.0014236
0.0014392
0.00082121
0.0015323
5.7194e-05
-0.00048644
0.00011659
-0.00015505
-0.00011092
0.00039858
0.007226
0.01306
0.026746
0.036745
0.015461
0.013642
-0.0015463
-0.0065282
-0.01248
-0.020151
-0.018258
-0.015341
-0.012564
-0.0058853
-0.004795
-0.003851
-0.0029992
-0.0024936
-0.0017134
-0.001137
-0.00055854
-0.0013668
0.0065203
0.025335
0.06259
0.21038
0.40843
0.5237
0.5499
0.49729
0.36657
0.31973
0.38136
0.34488
0.25071
0.18585
0.10847
0.10148
0.076513
0.056937
0.039715
0.00696
-0.0023365
-0.0036266
-0.0033484
-0.0034229
-0.0021088
-0.0012197
0.016057
0.054436
0.0746
0.078317
0.090966
0.098131
0.078094
0.057524
0.0081004
-0.0037968
-0.018781
-0.029859
-0.074547
-0.092656
-0.11411
-0.12752
-0.1493
-0.17783
-0.17321
-0.13762
-0.096408
-0.061593
-0.047236
-0.038478
-0.032407
-0.029393
-0.026628
-0.026069
-0.022558
-0.01575
-0.010626
-0.003621
0.0035377
0.016921
0.03258
0.050193
0.061788
0.085149
0.094868
0.12171
0.13066
0.13426
0.13689
0.13487
0.12473
0.11371
0.093734
0.077985
0.059361
0.041855
0.030122
0.016342
0.0071027
-3.0238e-05
-0.0070892
-0.0089218
-0.011264
-0.013144
-0.011316
-0.0077711
-0.0081503
-0.0043348
-0.0012248
0.00662
0.01251
0.015057
0.021484
0.023556
0.028237
0.032768
0.034825
0.030411
0.028312
0.027044
0.021263
0.013726
0.01344
0.016453
0.015027
0.012741
0.010709
0.012471
0.012313
0.010262
0.010549
0.0084414
0.0083077
0.011442
0.014699
0.018003
0.015742
0.014418
0.015235
0.015604
0.010878
0.013323
0.010717
0.0095629
0.0083972
0.0048233
0.0082827
0.011295
0.0086259
0.0072713
0.013055
0.011966
0.012086
0.014075
0.011798
0.011986
0.01265
0.012435
0.013275
0.014081
0.016907
0.021763
0.025374
0.029951
0.033609
0.038787
0.044148
0.045118
0.04791
0.04329
0.041641
0.070539
0.070644
0.069503
0.068996
0.082921
0.093761
0.10329
0.1068
0.11758
0.15615
0.1709
0.16746
0.16107
0.14769
0.10199
0.076737
0.029149
-0.032283
-0.036718
-0.059113
-0.11079
-0.17459
-0.18851
-0.21722
-0.2689
-0.31523
-0.35665
-0.36925
-0.40554
-0.41444
-0.3168
-0.12979
-0.042526
-0.0037553
-0.0092538
-0.0099842
-0.0082824
-0.0099
-0.013198
-0.01204
-0.019013
-0.0032168
-0.01313
0.010058
0.045024
0.062618
0.086978
0.092624
0.068383
0.049249
0.02555
0.010567
0.0019619
-0.011658
-0.015206
-0.010018
0.0019729
-8.5683e-05
0.00019069
0.00052457
0.0011397
0.0009464
0.00073814
0.00053104
8.0636e-05
-0.00034366
3.3266e-05
-6.911e-05
4.2896e-05
3.9559e-05
0.0028321
0.047774
0.082061
0.10712
0.07791
0.066171
0.031797
-0.0046603
0.01633
-0.030594
0.046881
-0.0025996
-0.0074804
-0.0096953
-0.013584
-0.012076
-0.0088891
-0.0073973
-0.006026
-0.0022283
0.00093413
0.0049204
0.011595
0.017968
0.027281
0.037873
0.079849
0.28461
0.40554
0.48164
0.54026
0.5003
0.39447
0.29107
0.17801
0.20018
0.24336
0.27264
0.26557
0.15083
0.15544
0.10682
0.06012
0.01328
-0.0053609
-0.019074
-0.021369
-0.0065044
-0.0047719
-0.0040231
-0.0042559
-0.006708
0.0041978
0.023564
0.052748
0.088553
0.1366
0.17521
0.21991
0.19966
0.16856
0.14034
0.11901
0.095652
0.068547
0.06339
0.032682
-0.0092985
-0.031381
-0.046839
-0.070792
-0.088311
-0.13452
-0.14359
-0.17788
-0.16157
-0.12448
-0.08565
-0.054102
-0.035231
-0.034129
-0.024002
-0.016457
-0.014188
-0.012487
-0.014514
-0.014307
-0.01278
-0.0095874
-0.0069441
-0.0042273
-0.00075277
0.0061127
0.018816
0.034459
0.043038
0.069434
0.093454
0.11238
0.12759
0.13814
0.15342
0.1448
0.12862
0.11427
0.093339
0.072948
0.051726
0.032705
0.017297
0.0063198
-0.0025906
-0.003934
-0.0063608
-0.0088134
-0.0072168
-0.0074839
-0.0050548
-0.003989
-0.0037905
-0.0023515
0.0019303
0.00622
0.010726
0.015106
0.019587
0.025229
0.02539
0.025085
0.022095
0.018064
0.013242
0.0091826
0.0061953
0.0029361
0.0019111
0.0020217
0.0027272
0.0035047
0.0041171
0.0059683
0.0069425
0.0086338
0.0091188
0.0083302
0.0079
0.0079749
0.007866
0.0059829
0.0045715
0.005667
0.00532
0.0026922
0.0026964
0.0024842
0.0030472
0.0022295
0.0021964
0.0037959
0.0041272
0.0055936
0.0048188
0.005295
0.005367
0.0056785
0.005686
0.0057968
0.0057036
0.0060952
0.0042407
0.0041781
0.003576
0.0051989
0.0047974
0.0043891
0.0042108
0.0030544
0.0047568
0.0048908
0.0051708
0.00655
0.0068589
0.0062604
0.005834
0.0057948
0.0056715
0.0042611
0.0052777
0.0050598
0.0054413
0.0034439
0.0050852
0.0046594
0.0046558
0.0046298
0.0034346
0.0038153
0.0043631
0.0044438
0.0046613
0.0054293
0.0039913
0.0052375
0.0036762
0.004691
0.0049242
0.0043722
0.0033106
0.0029799
0.0041219
0.003174
0.0033777
0.0033611
0.0047975
0.005263
0.0025914
0.0053987
0.005266
0.0030958
0.0037886
0.0038101
0.0033399
0.0034743
0.0035641
0.0036733
0.0034143
0.0035111
0.0035276
0.0036986
0.0022913
0.0034191
0.004057
0.0043054
0.0047645
0.0039927
0.0039745
0.0049657
0.0038827
0.0041031
0.0043599
0.0039424
0.0038568
0.0037447
0.0036095
0.004637
0.0034518
0.0035498
0.0036972
0.0032283
0.0046642
0.0037015
0.0031937
0.0036318
0.0038884
0.0027938
0.0043795
0.0045488
0.0034633
0.0048945
0.0047758
0.0036559
0.0045259
0.0047025
0.0046764
0.0040662
0.0046544
0.0043027
0.0061398
0.0080178
0.0099666
0.010179
0.010219
0.0092258
0.0068566
0.0062499
0.0033189
0.0014638
-0.0034061
-0.0058007
-0.0097699
-0.012373
-0.017733
-0.023354
-0.018747
-0.021393
-0.019798
-0.018969
-0.016507
-0.013976
-0.0094031
-0.011793
-0.0091045
-0.010679
-0.017179
-0.017219
-0.0154
-0.014433
-0.01521
-0.015718
-0.012347
-0.013318
-0.007522
-0.0036715
1.0778e-05
-4.1222e-05
-8.2224e-05
-0.00011922
-0.00031349
-0.0015719
0.000324
-0.0027002
-0.0024037
-0.0032315
-0.0035366
-0.0060535
-0.0015462
-0.0065673
-0.0031502
-0.0024008
0.048864
0.15419
0.23052
0.29201
0.27705
0.23461
0.2023
0.16197
0.24404
0.15559
0.11285
0.019685
-0.0011166
0.012783
-0.0063818
-0.019727
-0.019185
-0.02692
-0.027315
-0.026281
-0.022833
-0.016456
-0.010855
-0.0083363
-0.0043857
0.014759
0.064305
0.13167
0.16756
0.23152
0.24369
0.32095
0.28738
0.18769
0.088541
0.073842
0.11412
0.12615
0.095685
0.017935
-0.082789
-0.097194
-0.065709
-0.035026
-0.013075
-0.011685
-0.0098667
-0.014778
-0.01473
-0.012111
-0.011979
-0.016737
-0.031122
-0.077058
-0.023583
-0.032935
0.083791
0.17392
0.19261
0.23141
0.306
0.37978
0.31239
0.22819
0.14221
0.098016
0.049018
0.022145
0.01304
-0.011785
-0.037694
-0.015383
0.00020823
0.00043868
-0.0035748
0.0013676
0.0003641
0.0018876
0.0022799
0.00077639
-0.00030087
0.0010933
0.0007078
-0.050863
-0.1059
-0.11814
-0.091737
-0.05777
-0.024851
-0.071156
-0.16053
-0.13235
-0.13997
-0.10348
-0.097567
-0.073429
-0.042976
-0.022885
-0.012179
-0.0081163
-0.0035362
-0.0013474
-0.0014754
-0.0022677
-0.003426
-0.0027629
-0.0024642
-0.0030103
-0.003416
-0.0041962
-0.021457
-0.017729
-0.064229
0.023054
0.1823
0.2658
0.2865
0.28975
0.25608
0.2218
0.24118
0.33753
0.35977
0.31513
0.26312
0.21376
0.074965
0.0091612
-0.0054278
-0.026888
-0.028648
-0.038428
-0.016186
0.023466
0.072203
0.18991
0.22945
0.22809
0.23712
0.24208
0.25638
0.30092
0.28025
0.2237
0.18441
0.12439
0.049646
-0.030048
-0.05183
-0.044003
-0.071144
-0.086791
-0.12951
-0.132
-0.082432
-0.097586
-0.0082275
-0.0013372
-0.0023252
0.0023271
0.00080527
0.00088946
0.0010122
-0.0013703
-0.053571
-0.19696
-0.31741
-0.30061
-0.31527
-0.23299
-0.11772
-0.17564
-0.24056
-0.35931
-0.44316
-0.33133
-0.19099
-0.12565
-0.089934
-0.039922
-0.081275
-0.05687
-0.021932
-0.003119
-0.00073365
-0.0016976
-0.0018615
-0.0022519
-0.0020125
-0.0027325
-0.0028564
-0.0044098
-0.0058232
-0.0063352
-0.0054672
-0.0061471
-0.0054298
-0.022302
0.055471
0.061481
0.045876
-0.0043194
0.06008
0.11857
0.14055
0.095363
0.084571
0.028403
0.014215
0.037432
0.031255
0.012438
-0.004174
-0.0083561
-0.0010279
-0.0024889
-0.0037172
-0.0047087
-0.0032343
-0.0052107
0.0072338
0.038641
0.29942
0.45854
0.46803
0.33734
0.37757
0.45037
0.45443
0.4693
0.44249
0.36762
0.31526
0.21959
0.14256
0.079454
0.039208
-0.0050033
-0.064355
-0.13764
-0.13605
-0.18073
-0.20125
-0.2037
-0.23374
-0.28055
-0.29712
-0.3407
-0.37976
-0.39624
-0.3971
-0.40378
-0.41368
-0.42187
-0.45857
-0.47951
-0.50567
-0.49751
-0.50723
-0.52781
-0.55839
-0.5427
-0.50382
-0.46711
-0.36478
-0.20878
-0.12852
-0.058734
-0.034197
-0.020322
-0.019301
-0.007668
0.0030357
0.0014734
0.0007701
-6.9477e-05
-0.00094517
-0.0015226
-0.0018398
-0.0025844
-0.0025879
-0.0030014
-0.0033469
-0.0037531
-0.0042967
-0.0047725
-0.0078845
-0.020356
-0.021027
0.0044724
0.046351
0.070133
0.0093112
0.049874
0.036713
0.020869
0.046572
0.10584
0.16215
0.19257
0.16319
0.12986
0.10756
0.099308
0.090906
0.081369
0.067038
0.046111
0.028435
0.0096964
-0.0095215
-0.027053
-0.030823
-0.039009
-0.045759
-0.055639
-0.05817
-0.051329
-0.056873
-0.046198
-0.036565
-0.017019
-0.014906
-0.017515
-0.019892
-0.019557
-0.016297
-0.014853
-0.013413
-0.012713
-0.012528
-0.012114
-0.012221
-0.011802
-0.012064
-0.013115
-0.01315
-0.016274
-0.018385
-0.015121
-0.016994
-0.012441
-0.0028572
0.0018024
0.0057615
0.010684
0.011264
0.0082301
0.0062708
0.0022048
-0.0034678
-0.0081589
-0.011951
-0.014683
-0.01601
-0.015997
-0.01611
-0.012999
-0.011701
-0.01276
-0.013051
-0.013256
-0.014709
-0.015848
-0.016878
-0.017783
-0.017643
-0.017112
-0.016535
-0.014618
-0.013879
-0.013368
-0.013325
-0.013511
-0.014265
-0.015092
-0.017493
-0.018665
-0.018904
-0.019319
-0.019467
-0.019499
-0.020066
-0.019922
-0.019208
-0.019412
-0.019132
-0.018542
-0.018671
-0.018267
-0.018832
-0.017797
-0.017093
-0.016826
-0.017247
-0.016528
-0.017373
-0.016926
-0.01758
-0.01839
-0.018854
-0.019571
-0.019228
-0.020248
-0.020699
-0.020436
-0.020364
-0.020759
-0.019896
-0.020139
-0.020541
-0.021354
-0.019712
-0.020667
-0.021213
-0.021175
-0.020404
-0.020384
-0.020879
-0.020452
-0.020258
-0.020961
-0.019596
-0.019576
-0.020488
-0.019771
-0.019697
-0.019884
-0.019863
-0.019443
-0.019557
-0.02011
-0.020472
-0.020659
-0.020304
-0.020759
-0.020665
-0.02162
-0.021201
-0.021633
-0.021838
-0.021872
-0.02215
-0.021406
-0.022151
-0.023079
-0.022165
-0.021926
-0.021892
-0.021682
-0.021951
-0.021735
-0.021899
-0.020457
-0.021846
-0.021548
-0.02101
-0.020613
-0.021905
-0.021788
-0.021719
-0.022222
-0.021373
-0.021859
-0.021732
-0.022298
-0.022555
-0.022019
-0.022081
-0.02187
-0.022559
-0.02272
-0.023039
-0.023536
-0.023547
-0.023209
-0.02425
-0.023442
-0.023442
-0.023813
-0.023325
-0.022955
-0.023201
-0.023595
-0.023195
-0.023148
-0.022268
-0.023352
-0.02277
-0.022909
-0.023352
-0.022536
-0.023273
-0.023314
-0.023503
-0.023545
-0.023975
-0.022996
-0.023974
-0.02416
-0.022801
-0.023956
-0.023375
-0.023483
-0.023225
-0.023946
-0.024526
-0.02344
-0.023525
-0.024467
-0.023338
-0.023436
-0.023559
-0.023606
-0.024658
-0.023686
-0.023975
-0.023879
-0.024681
-0.023449
-0.025238
-0.024202
-0.025389
-0.024448
-0.024889
-0.023896
-0.024351
-0.025396
-0.024272
-0.024318
-0.024121
-0.024064
-0.024174
-0.024139
-0.023937
-0.023931
-0.023394
-0.02506
-0.02418
-0.024865
-0.023412
-0.024094
-0.024124
-0.024417
-0.024472
-0.025617
-0.024711
-0.024589
-0.024796
-0.024953
-0.025123
-0.024914
-0.025151
-0.026044
-0.026654
-0.026304
-0.02461
-0.023702
-0.02437
-0.020959
-0.021514
-0.020116
-0.020394
-0.020165
-0.020342
-0.023051
-0.021774
-0.021168
-0.023701
-0.02331
-0.02223
-0.024908
-0.023253
-0.023814
-0.02342
-0.023775
-0.017096
-0.015527
-0.017871
-0.018976
-0.022408
-0.02586
-0.026647
-0.015655
0.013106
0.043283
0.069812
0.069949
0.069155
0.065623
0.063621
0.048599
0.034223
-0.0070553
-0.034605
-0.065591
-0.1027
-0.13442
-0.16477
-0.19701
-0.20325
-0.24108
-0.28826
-0.30014
-0.28504
-0.2341
-0.15482
-0.078459
-0.027335
-0.041568
-0.073398
-0.077515
-0.07889
-0.046748
-0.024136
0.0098645
-0.0044706
-0.012413
-0.0045952
-0.0041975
0.0016635
-0.03364
-0.076974
-0.088321
-0.027941
-0.030713
-0.022944
-0.051285
-0.031687
-0.010225
-0.00077674
-0.00090242
-1.6091e-06
0.00011447
0.00043705
0.00091409
0.0002503
-0.00010898
-0.00091678
-0.00090423
-0.0010464
-0.00049438
-0.00061517
-0.00034057
-0.00071539
-0.001011
8.2911e-05
0.026475
0.037121
0.036429
0.027912
0.0073621
0.025461
0.038602
0.037751
0.020746
0.011732
0.01308
0.016215
0.018382
0.02632
0.029378
0.044582
0.058794
0.16315
0.32895
0.41597
0.48891
0.49046
0.45777
0.39647
0.27309
0.19338
0.18356
0.22583
0.23326
0.14537
0.13091
0.10908
0.087552
0.054704
-0.0020779
-0.024087
-0.045089
-0.030779
-0.02907
-0.036835
-0.016732
-0.029483
-0.042829
-0.037354
-0.066757
-0.091192
-0.086045
-0.097335
-0.11153
-0.0073352
-0.022153
-0.010953
-0.031484
-0.0071943
0.00092594
-0.00033756
-0.00034056
0.00053272
0.00025489
0.00096776
0.0004569
-0.00012146
-0.0005692
-0.0014256
-0.0011715
-0.0017248
-0.00087532
-0.0013543
-0.00089667
0.025097
0.030014
0.032595
0.020501
0.012347
0.030382
0.043595
0.038665
0.033051
0.039397
0.042227
0.031136
0.029769
0.013575
0.006508
0.015592
0.017479
0.025466
0.038977
0.056003
0.091423
0.18491
0.2831
0.39301
0.41322
0.45085
0.44005
0.36646
0.35862
0.35844
0.27835
0.21013
0.2248
0.18607
0.13897
0.13973
0.096705
0.059387
0.051347
0.0043415
-0.0047149
-0.012193
-0.0049524
-0.005208
-0.00077499
-0.0039021
-0.0036391
-0.024405
-0.020786
-0.026077
-0.037736
-0.052729
-0.065502
-0.01272
-0.01997
-0.023893
-0.031319
-0.011147
0.0020507
2.5921e-05
0.00013238
0.0013095
0.0015958
0.00084699
0.0014106
0.00030383
-0.00043725
-0.00046219
-0.00043318
-0.00070648
-0.0010092
-0.00060101
0.0026016
0.043221
0.042119
0.046207
0.025762
0.015294
0.037034
0.047536
0.069285
0.064249
0.045303
0.048745
0.025893
0.0094991
0.021141
0.025566
0.031542
0.077097
0.20473
0.3224
0.39164
0.4807
0.48796
0.43683
0.37658
0.28171
0.1538
0.17049
0.19535
0.2214
0.15851
0.10706
0.11225
0.094355
0.021637
0.016037
0.0080538
-0.012915
-0.044093
-0.061065
-0.062713
-0.045942
-0.031847
-0.015527
-0.0069395
-0.022788
-0.031053
-0.030248
-0.045115
-0.050753
-0.062712
-0.073553
-0.072009
-0.083098
-0.016745
-0.023942
-0.017184
-0.025762
-0.013549
0.0015927
-0.00013568
-0.0011887
0.00044161
-0.00011715
0.00033461
0.0002293
-0.00020641
-0.00063704
-0.0012021
-0.0019062
-0.0024798
-0.0023078
-0.0013992
-0.0015869
-0.0014092
-0.00063503
-0.00067272
0.034913
0.043724
0.054421
0.045001
0.029458
0.024777
0.041367
0.054126
0.079239
0.048218
0.052731
0.045868
0.038426
0.035755
0.025306
0.016461
0.020434
0.026377
0.036494
0.061765
0.074017
0.12409
0.24787
0.37893
0.47524
0.5345
0.55905
0.53819
0.45891
0.37686
0.32589
0.3292
0.35612
0.35232
0.2961
0.20562
0.17875
0.094019
-0.0019078
-0.021513
-0.020707
0.016293
-0.0073013
-0.018114
-0.030328
-0.03925
-0.022563
-0.006481
0.023602
0.066736
0.094149
0.13986
0.14284
0.13252
0.11888
0.11648
0.10832
0.094125
0.02145
-0.029097
-0.034331
-0.07922
-0.12444
-0.085001
-0.09729
-0.068175
-0.040247
-0.013496
0.012288
0.0012526
-0.00051616
0.0014748
0.0012427
0.00050828
0.00054332
-0.0004931
-0.00082768
-0.0016583
-0.0017823
-0.0011878
-0.00020885
-0.00021
-0.0001614
-0.00023241
-0.00081249
0.001016
-0.00021056
-0.0024955
-0.0012914
-0.0069154
-0.0089267
-0.0056918
-0.0071356
-0.0077074
-0.011031
-0.00747
7.1625e-05
0.0026271
0.00096093
0.0012989
0.0023994
0.0063502
-0.0026388
-0.0046168
-0.0031973
0.038406
0.1345
0.28822
0.42748
0.5016
0.53609
0.49399
0.43527
0.37208
0.34333
0.35003
0.39503
0.3419
0.30112
0.25853
0.21224
0.18089
0.16906
0.15878
0.13496
0.10492
0.077024
0.066974
0.046337
0.042607
0.029597
0.038138
0.041531
0.047371
0.058395
0.032351
0.0045879
-0.034562
-0.075073
-0.08938
-0.10717
-0.044436
-0.025408
-0.052648
-0.05788
-0.036051
-0.0004737
0.0019311
0.00065124
0.00040317
-0.00028816
8.2739e-05
-0.0001684
-0.00097168
-0.00085168
-0.00057275
-9.193e-05
3.9132e-05
0.00016581
-6.1894e-05
0.0018359
-0.0019458
-0.0042348
-0.0016646
-0.00081741
-0.0031966
-0.0046852
4.2182e-05
0.0020571
0.0033243
0.0015163
0.0045526
0.0049671
0.006408
0.0075666
0.27935
0.41214
0.49071
0.53552
0.52498
0.44977
0.39895
0.36359
0.36263
0.35941
0.32855
0.26239
0.2559
0.23444
0.1507
0.11034
0.068943
0.028362
-0.0076256
0.0052998
0.020527
0.021285
0.045462
0.011523
0.031376
0.028307
0.052787
0.049448
-0.0049657
-0.040359
-0.031303
-0.032307
-0.042438
-0.03991
-0.024296
-0.015612
0.0028571
-0.0010965
0.00079709
0.0010637
0.00043712
0.00058021
0.00013246
-0.00042863
-0.00065663
-0.00024522
-0.00014912
8.6515e-05
5.0385e-05
-0.00091158
0.0046148
0.005065
0.0075553
0.0037905
0.0066455
0.00063242
-0.0045532
0.0048364
0.0021361
0.0040025
0.001697
0.0021065
0.0051309
0.0062814
0.0063547
0.0087737
0.018727
0.11589
0.21465
0.33785
0.50424
0.57487
0.60389
0.55581
0.49694
0.46665
0.41923
0.34992
0.32688
0.26852
0.19882
0.17353
0.13551
0.13349
0.10154
0.072864
0.033422
0.00070836
0.015582
0.02588
0.03383
0.044146
0.069182
0.071315
0.053297
0.049773
0.026187
0.00015805
-0.026839
-0.063687
-0.051441
-0.049909
-0.04458
-0.046058
-0.030502
-0.019725
0.0045233
-0.0019317
0.0017856
0.00096319
0.000526
-0.00022124
-0.00073661
-0.0015547
-0.00021237
-0.00037796
-0.00025934
-6.3386e-05
-0.0051516
0.0017335
-0.0044594
0.004865
0.0059133
-0.008897
-0.024204
-0.013572
-0.011215
-0.0073551
-0.0041817
-0.0015015
-0.00051595
0.0024532
0.0043591
0.007172
0.0070154
0.010942
0.077281
0.18413
0.29855
0.41246
0.46651
0.43726
0.3775
0.32081
0.24232
0.25419
0.21395
0.2033
0.17687
0.14104
0.11324
0.077455
0.059227
0.043526
0.030548
0.023401
0.013914
0.012553
0.0071607
-0.0039818
0.0051883
-0.0025545
-0.01091
-0.016407
-0.0051216
-0.014816
-0.035948
-0.055259
-0.079418
-0.098002
-0.035553
-0.033309
-0.02849
-0.02225
-0.0060744
0.00020787
0.0019409
0.0013954
0.0010562
0.00060246
-4.2019e-05
-0.00033474
-0.0011671
-0.00097099
-5.7139e-05
-0.00018828
-0.00018182
-0.00016582
0.017667
0.056355
0.098018
0.091481
0.066703
0.039379
0.037064
0.064976
0.0067035
0.0019423
0.00016595
0.0048843
0.007023
0.02121
0.023461
0.02049
0.019403
0.032864
0.059677
0.15852
0.33467
0.54134
0.65839
0.63307
0.65101
0.54299
0.45126
0.3412
0.25277
0.2585
0.31913
0.24432
0.20581
0.17469
0.091396
0.084989
0.064168
0.005993
-0.011334
-0.015216
-0.0077629
-0.011145
-0.0002386
0.0090732
0.02596
0.065512
0.10039
0.094033
0.065019
0.064789
0.046757
0.039915
0.029819
0.021246
0.0022932
-0.0060872
0.0023599
0.0087728
0.00024799
0.0025848
0.0022545
0.00083864
0.00066931
0.00075521
9.7426e-05
-0.00066273
-0.0010682
-0.00034226
-0.00035491
0.011185
0.025617
0.045993
0.057127
0.044456
0.027192
0.052423
0.086175
0.063429
0.053247
0.063732
0.039171
0.038027
0.029775
0.042163
0.035297
0.018998
0.032583
0.067767
0.23879
0.44695
0.58321
0.60792
0.6474
0.58551
0.51763
0.4144
0.3265
0.21559
0.24895
0.27039
0.24308
0.24296
0.20722
0.15471
0.085647
0.045218
0.0015847
0.017939
-0.010445
-0.014852
-0.012057
-0.0039011
-0.00048093
0.0031148
0.00087209
0.0063238
0.0093154
0.051291
0.083251
0.065325
0.06213
0.052957
0.013981
0.027686
0.010205
-0.013021
-0.017812
-0.007361
0.0017574
0.0077848
0.00018955
0.00025643
0.0027977
0.00074772
0.0013589
0.0012809
0.0005216
0.00018296
-0.00045316
-0.0006853
-0.00047533
-0.0003132
3.9146e-06
-8.6735e-05
-0.00068432
0.01202
0.043145
0.076674
0.059548
0.054514
0.049898
0.031977
0.029842
0.024445
0.022746
0.021245
0.027173
0.029488
0.030366
0.043838
0.03483
0.038569
0.055415
0.10165
0.28884
0.48235
0.64871
0.68703
0.65485
0.64975
0.54153
0.40665
0.30691
0.21191
0.25592
0.29527
0.25879
0.24537
0.23739
0.2
0.12909
0.075368
0.037061
0.035355
0.01682
-0.006688
0.004401
-0.0019219
0.0012239
0.0038544
0.031907
0.064696
0.097053
0.076427
0.068993
0.054371
0.049628
0.035987
0.032868
0.013852
0.01262
0.0082205
-0.0069055
-0.012525
-0.014508
0.00095515
0.0072329
-1.0373e-05
0.00062879
0.0011515
0.00095414
0.0010183
0.00081498
0.00063625
-0.00018941
-0.00067046
-0.00087367
-0.00059004
-0.00033739
-0.00025875
-0.00031665
-0.00025158
0.01103
0.018176
0.039315
0.033716
0.045591
0.021916
0.055116
0.035311
0.020319
0.016346
0.021326
0.016861
0.016435
0.02313
0.028235
0.026918
0.035288
0.047768
0.080302
0.24776
0.43341
0.63511
0.70231
0.64377
0.61274
0.50577
0.35845
0.31506
0.20067
0.22695
0.26164
0.23424
0.21086
0.21528
0.15567
0.055702
0.013587
0.0090851
-0.0062518
-0.0073084
-0.0036019
-0.0014354
0.0067067
0.019654
0.046449
0.091038
0.07932
0.055698
0.047827
0.038569
0.03237
0.030398
0.020623
0.0010109
0.0014397
-0.00090951
-0.01857
-0.0073739
-0.024149
-0.015831
0.0018252
0.01132
-0.0034814
0.0019931
0.0019383
0.0012318
0.0018033
0.00094945
0.0011728
0.00036898
-0.00011564
0.00050982
3.583e-05
-0.0029416
-0.0087776
0.0065823
0.021857
0.0227
0.025463
0.024738
0.017122
0.037739
0.035666
0.030059
0.041869
0.027373
0.016223
0.017041
0.01082
0.0087639
0.0202
0.022874
0.023725
0.028014
0.042566
0.071623
0.20402
0.42037
0.60213
0.71869
0.79825
0.68801
0.59789
0.44278
0.35535
0.26612
0.26708
0.26443
0.22908
0.24445
0.060308
0.021283
0.077594
0.0023336
0.0086035
-0.0071385
-0.015044
-0.0090153
-0.0095154
0.0075949
0.03215
0.083348
0.1141
0.093155
0.077518
0.0632
0.046643
0.041254
0.037579
0.027842
0.025268
0.015954
0.037472
0.012511
0.012894
-0.0055652
-0.016192
0.0056608
0.014484
0.0001975
0.00026795
0.0028775
0.00076619
0.003148
0.0020457
0.00091231
0.00042633
0.00052018
6.7314e-05
0.00012949
-0.00052949
0.0075121
0.028731
0.035054
0.039815
0.028386
0.034991
0.063519
0.076896
0.055758
0.063439
0.058277
0.040476
0.03199
0.031688
0.024336
0.01962
0.022944
0.030216
0.028648
0.042552
0.063095
0.13009
0.34238
0.51412
0.64853
0.64675
0.62825
0.62082
0.48324
0.37181
0.23251
0.21965
0.25793
0.2987
0.24723
0.13374
0.079063
0.066631
0.022932
0.016133
0.0046781
-0.0044098
-0.0020651
0.0013193
0.012701
0.024248
0.026853
0.07087
0.078732
0.054013
0.031792
0.032661
0.028811
0.014476
0.0028633
-0.006453
-0.017806
-0.0030414
-0.034583
-0.031577
-0.030346
-0.021585
-0.015811
0.0013852
0.00071765
0.00030775
0.002078
0.00028233
0.0011988
0.0027437
0.0018099
0.0012359
0.0011085
0.0014438
0.00085968
0.00014369
-0.0040581
0.0030907
0.033185
0.028787
0.022632
0.021954
0.017143
0.027645
0.046571
0.017027
0.0098991
0.031331
0.0096478
0.0081878
0.011871
0.017718
0.011188
0.014774
0.017667
0.0142
0.019121
0.030913
0.057696
0.17025
0.38429
0.56697
0.70407
0.74985
0.68519
0.60948
0.44486
0.42923
0.4001
0.36796
0.26233
0.13428
0.0816
0.058797
0.054984
0.033399
0.011867
-0.014456
-0.011288
-0.0093868
-0.0021287
0.012018
0.026114
0.070896
0.096018
0.082867
0.068564
0.045921
0.036319
0.025132
0.021201
0.015147
0.01857
0.0021798
0.030587
-0.0010832
-0.010218
-0.028605
-0.021516
-0.0083012
0.0015941
0.004485
4.9335e-05
0.00038549
0.00087332
0.003575
0.0026337
0.001924
0.001185
0.00029737
2.4907e-05
0.00015027
-0.00022667
0.016208
0.039199
0.05746
0.044291
0.037459
0.053823
0.08212
0.072889
0.042322
0.026771
0.030844
0.014054
0.014145
0.017947
0.019294
0.018077
0.025979
0.027626
0.021495
0.028296
0.038492
0.07713
0.27673
0.48736
0.63765
0.7158
0.73249
0.71809
0.62693
0.49479
0.40109
0.26332
0.29973
0.31088
0.28109
0.30449
0.2861
0.24568
0.13423
0.070223
0.026211
0.038468
-0.0067517
-0.0039624
0.013379
0.041465
0.057624
0.099775
0.12399
0.104
0.059638
0.062941
0.055864
0.050188
0.040564
0.029142
0.01882
0.023811
-0.0024956
-0.0076009
-0.014805
-0.02013
-0.0056569
0.0020787
0.0008219
0.00032013
0.0025794
5.9976e-05
0.0033418
0.0023732
0.0014208
0.0003816
-0.0002
-0.00036615
-0.00021248
-0.00021377
0.00014628
-8.7144e-05
-0.00015801
0.012205
0.048687
0.056816
0.06389
0.034643
0.026039
0.046864
0.048023
0.030419
0.018898
0.021068
0.020069
0.016473
0.023037
0.025724
0.027039
0.028501
0.044557
0.097478
0.27658
0.4926
0.64927
0.71459
0.69458
0.68155
0.61008
0.47608
0.36427
0.23794
0.26421
0.29178
0.27531
0.22246
0.24948
0.19161
0.11499
0.058593
0.039944
0.033749
-0.00032646
0.0060335
-0.00064915
0.00028078
0.0035617
0.0051458
0.0063134
0.0085144
0.060138
0.051743
0.04923
0.043534
0.035262
0.021798
0.010156
0.018053
-0.0023661
-0.0017104
-0.019244
-0.016377
-0.0067633
0.0012159
0.0013626
0.00027675
0.0019361
0.0013119
0.001254
0.00094707
0.0010231
0.00047619
-8.5311e-05
-0.00019185
-0.00030531
-0.00010134
1.5268e-05
-0.00018287
7.6724e-05
0.021065
0.060799
0.077772
0.081539
0.052202
0.038403
0.045519
0.088638
0.080231
0.050029
0.033042
0.022306
0.022189
0.015158
0.020165
0.02063
0.023628
0.035141
0.072906
0.25454
0.49303
0.63187
0.72046
0.68031
0.71508
0.61034
0.50078
0.38135
0.25664
0.25842
0.32134
0.28008
0.27177
0.24329
0.20363
0.1209
0.086321
0.054355
0.042814
0.020808
0.01295
0.0023919
-0.00058857
0.0034467
0.0087566
0.016032
0.024669
0.032363
0.069138
0.09472
0.082665
0.075377
0.062931
0.052485
0.034325
0.042728
0.020037
0.0059426
-0.0060477
-0.018901
-0.0069908
0.00054149
0.0027565
0.00028413
0.00030091
0.00083906
0.002058
0.0022241
0.0017757
0.0011827
0.00052297
-0.00011845
-8.2477e-05
1.215e-05
0.00011841
-6.3128e-05
-4.487e-05
0.0042248
0.022424
0.049137
0.046182
0.038884
0.01795
0.031277
0.057395
0.052256
0.035602
0.042504
0.019346
0.016191
0.018189
0.020903
0.019028
0.025739
0.037528
0.10793
0.26607
0.47059
0.66424
0.67611
0.71054
0.65161
0.57747
0.40769
0.28097
0.23117
0.26967
0.26944
0.23915
0.26959
0.24727
0.17825
0.10284
0.064671
0.026309
0.033158
0.0079356
0.017532
0.0059255
-0.0014466
0.0038405
0.0042402
0.0029487
0.0095336
0.020273
0.058566
0.06934
0.067222
0.049996
0.03002
0.019289
0.019922
-0.013719
-0.014933
-0.030298
-0.018342
0.00039381
0.00082134
0.00048772
0.00026979
0.0010591
0.00035067
0.0018372
0.0012607
0.0005898
-0.00048172
-0.000737
-0.0009122
-0.00053004
-0.00040497
-0.00050756
-0.00014558
-0.0007737
0.038105
0.086
0.12016
0.094847
0.07128
0.043617
0.067737
0.16075
0.11269
0.10084
0.099616
0.05697
0.038541
0.026972
0.028178
0.020282
0.032112
0.036348
0.033924
0.030809
0.033281
0.043568
0.083056
0.24555
0.48317
0.69523
0.80954
0.81289
0.74625
0.67834
0.54495
0.38223
0.31205
0.32223
0.29683
0.27612
0.27104
0.30174
0.17002
0.091019
0.031993
0.024616
0.026426
0.00033785
0.0019218
-0.007602
-0.0031855
-0.00092512
0.0014744
0.012478
0.038996
0.084542
0.1282
0.11127
0.082366
0.076884
0.064989
0.063201
0.070029
0.054105
0.038339
0.011919
-0.0068471
-0.0044666
0.001591
0.0032093
0.00013932
0.0022444
0.00081284
0.00088316
0.0015043
0.00099645
0.00031994
-0.00035997
-0.0002539
-0.00044704
-0.00019311
-0.00010726
-0.00035639
-0.00063962
0.012119
0.055263
0.079668
0.081283
0.063795
0.037809
0.051231
0.11149
0.076217
0.056833
0.040777
0.033382
0.023952
0.017898
0.015221
0.01846
0.015084
0.024651
0.031329
0.029195
0.033651
0.040969
0.082144
0.26719
0.49616
0.70442
0.76441
0.69647
0.70079
0.54418
0.42478
0.31462
0.29409
0.32522
0.31207
0.28095
0.27664
0.27806
0.20191
0.13108
0.082638
0.05192
0.044573
0.015891
0.019702
0.0076476
0.0035354
0.0085486
0.0073028
0.010714
0.013636
0.022843
0.066665
0.061465
0.036591
0.024608
0.024988
0.018018
0.0040905
-0.011064
-0.016342
-0.053339
-0.039577
-0.060889
-0.061373
-0.051548
-0.027703
-0.01727
0.00069608
0.0011514
6.7507e-05
0.0011871
0.00014256
0.0041817
0.0019338
0.0012467
0.00058691
-0.00015254
-0.00023157
-0.00010448
0.00018641
0.00015337
0.00037195
3.9368e-05
0.027936
0.087845
0.080686
0.075532
0.0567
0.035455
0.044042
0.092658
0.067166
0.062775
0.063785
0.030899
0.016534
0.016003
0.017633
0.012126
0.020059
0.023723
0.025017
0.021589
0.023749
0.03582
0.072878
0.22738
0.44583
0.6768
0.73605
0.73032
0.70012
0.68677
0.53887
0.37324
0.29728
0.27367
0.30522
0.27921
0.28339
0.2937
0.20825
0.11518
0.046518
0.021578
0.040824
0.0054842
0.0086961
0.022574
0.045116
0.057962
0.11658
0.12769
0.094909
0.074294
0.069446
0.050605
0.048097
0.036212
0.03246
0.019864
0.031763
0.012462
-0.0087657
-0.023092
-0.016617
-0.0057949
0.001678
0.00046196
0.00017349
0.0010881
0.001231
0.00082036
0.00036489
0.00029111
0.00043085
0.00075896
0.00045425
0.00047235
0.0056779
0.028313
0.038263
0.035583
0.031994
0.011637
0.017169
0.04396
0.050285
0.030486
0.042589
0.030705
0.020694
0.017282
0.02512
0.024544
0.020587
0.029062
0.02839
0.052028
0.22961
0.45311
0.6118
0.69881
0.71016
0.65628
0.60851
0.44162
0.34444
0.24743
0.29535
0.30239
0.25691
0.24981
0.25136
0.2234
0.12588
0.057544
0.038083
0.018581
-0.00022433
0.010496
0.030182
0.038802
0.071255
0.11356
0.10532
0.092748
0.073292
0.062923
0.06629
0.058189
0.037508
0.033711
0.012138
0.034768
0.0097099
-0.009187
-0.015566
-0.028188
-0.01075
0.00043626
0.0030121
9.8322e-05
0.0017892
0.00012131
0.003013
0.0021933
0.0018141
0.00092704
9.1276e-05
-0.00028914
1.469e-05
0.00017988
-0.015845
0.0014889
0.01095
0.015656
0.014849
0.016183
0.010896
0.059513
0.031252
0.028178
0.037537
0.01644
0.014449
0.01676
0.018369
0.010877
0.021995
0.0239
0.019986
0.02599
0.031844
0.069738
0.24474
0.47037
0.649
0.76427
0.71342
0.7426
0.64902
0.50575
0.39129
0.33603
0.46455
0.39327
0.29388
0.22275
0.12616
0.095224
0.10612
0.050812
0.032132
0.017607
0.0032935
0.0043369
0.010952
0.018555
0.040052
0.032395
0.074459
0.092188
0.071721
0.04215
0.039288
0.035554
0.028485
0.012535
0.0040616
-0.001804
0.0090794
-0.0084686
-0.018689
-0.02321
-0.018883
-0.0013067
0.00053206
0.0020932
0.001661
0.0016044
0.00079787
0.00039927
-0.00014526
0.00011529
0.00029295
0.00011518
-3.4281e-05
-0.0002196
0.010266
0.060903
0.065057
0.080028
0.046485
0.040107
0.05004
0.10015
0.097311
0.044735
0.056208
0.041049
0.012711
0.013335
0.0078759
0.0031411
0.0091015
0.015488
0.020748
0.014733
0.023719
0.0408
0.65177
0.65949
0.66921
0.60683
0.47077
0.38337
0.33666
0.3194
0.32129
0.29385
0.24462
0.26496
0.19419
0.12517
0.059626
0.036422
0.039211
0.015808
0.018575
0.017523
0.0067198
0.011659
0.0072223
0.010552
0.014516
0.016257
0.058406
0.064392
0.038166
0.024973
0.026332
0.019737
0.0099803
-0.0063272
-0.016526
-0.034573
-0.043563
-0.02488
-0.011405
0.0006168
0.0013624
0.00033247
0.00028069
-6.1385e-05
0.0017854
0.00063792
0.0016764
0.0015004
0.00038053
0.00067148
0.00029929
0.00041995
0.00028106
0.00055031
-0.00022643
-0.0064544
0.019832
0.042602
0.047778
0.044034
0.02627
0.023888
0.048114
0.055777
0.030705
0.037574
0.047255
0.022122
0.015818
0.016372
0.01498
0.010541
0.020808
0.024895
0.02346
0.025541
0.040256
0.067136
0.2215
0.4483
0.65228
0.73681
0.78
0.69337
0.64371
0.52444
0.39529
0.3326
0.32645
0.29046
0.26526
0.2585
0.2677
0.15326
0.073642
0.02211
0.011709
-0.010427
-0.0087644
-0.00040175
0.021333
0.04374
0.088194
0.12027
0.10776
0.086276
0.064711
0.059804
0.057513
0.051596
0.044988
0.04805
0.023238
0.053854
0.021274
0.0051565
-0.013839
-0.019522
-0.012267
0.0011925
0.0030289
-0.00067484
0.00080701
3.0891e-05
0.0016443
0.001434
0.0011359
0.00090239
0.00011694
-9.2339e-05
-6.0818e-05
7.9067e-05
0.00052847
7.539e-05
-0.00014577
0.009684
0.048698
0.060473
0.072692
0.052309
0.040858
0.050239
0.088521
0.094814
0.051731
0.047187
0.039639
0.023319
0.013318
0.0169
0.022049
0.016576
0.02536
0.026508
0.02435
0.028086
0.038702
0.11301
0.29842
0.53589
0.6859
0.75906
0.74889
0.73363
0.62294
0.51217
0.37424
0.3217
0.35556
0.33575
0.30281
0.26222
0.26571
0.25891
0.16051
0.09466
0.072852
0.067721
0.015913
0.021149
0.018902
0.018075
0.017883
0.015892
0.016538
0.022833
0.024871
0.05799
0.083071
0.065013
0.042166
0.03446
0.035908
0.026034
0.012979
0.0051741
-0.011491
-0.0064909
-0.017883
-0.0096457
-0.010715
-0.013961
-0.0045204
0.0010496
0.0013343
7.8706e-05
0.0016748
0.00025952
0.00089167
0.00076085
0.00036418
0.00063586
-0.00034421
-0.00029276
-0.00029848
-0.00022629
3.6266e-05
2.0681e-05
-5.4042e-05
0.0148
0.049623
0.081275
0.075356
0.043164
0.020084
0.057563
0.10069
0.053713
0.072386
0.061035
0.036994
0.02479
0.020092
0.022889
0.013126
0.020412
0.018458
0.03456
0.074496
0.25355
0.45302
0.62094
0.68577
0.64825
0.59066
0.53833
0.41952
0.31923
0.27059
0.25757
0.23587
0.22905
0.23077
0.2003
0.15372
0.076614
0.054241
0.026536
0.015488
-0.0099351
0.0031336
0.0050346
0.0027848
0.006528
0.0041877
0.084201
0.098909
0.06194
0.045953
0.036697
0.011603
-0.0089293
0.0054711
-0.02395
-0.013817
-0.0401
-0.044029
-0.065956
-0.032025
-0.007484
0.0024665
0.0022282
0.00035218
0.0012813
0.0001311
0.0036663
0.0027829
0.003408
0.0016659
0.00052722
0.0008705
0.0010151
0.0042491
-0.0029654
-0.0020842
0.0099933
0.0086186
0.016582
0.022775
0.05791
0.0091973
0.031997
0.0048145
-0.020484
-0.027261
-0.03408
-0.044465
-0.039851
-0.053277
-0.063653
-0.046481
-0.047508
-0.048421
-0.048014
0.036113
0.11835
0.21553
0.27871
0.2745
0.32884
0.36746
0.33942
0.36081
0.31225
0.29898
0.22656
0.30734
0.20739
0.15618
0.10561
0.088284
0.055269
0.0040749
-0.018
-0.000134
-0.0068202
-0.010318
-0.016703
-0.013344
-0.0033986
0.010501
0.069709
0.094115
0.06533
0.074237
0.06375
0.077054
0.088975
0.043783
-0.008294
-0.002147
-7.2341e-05
0.0022638
0.0047349
0.0004986
0.00031079
0.0013585
0.00063324
0.00046404
0.0005386
0.00011266
-0.00073946
-0.00073115
2.8225e-05
-0.00084492
-0.00039224
-0.00046827
-0.0010734
-0.0061331
-0.031029
-0.016191
-0.019737
-0.011257
0.020098
0.022126
0.014071
0.019033
0.00050347
-0.026536
-0.032452
-0.031267
-0.042694
-0.048677
-0.060506
-0.074549
-0.087368
-0.079851
-0.051994
-0.030229
0.020089
0.10644
0.21441
0.31558
0.29355
0.2727
0.28704
0.27354
0.20266
0.14901
0.12421
0.081362
0.015435
0.06146
0.064957
-0.0024827
-0.016374
-0.044469
-0.061832
-0.066009
-0.054922
-0.029019
-0.023705
-0.019834
-0.038009
-0.060759
-0.04275
-0.017975
0.032627
0.031728
0.08105
0.024649
0.00048358
-0.031823
-0.041985
-0.036499
-0.035494
-0.021994
-0.0037085
0.0034782
0.0019221
0.00031978
0.0002474
0.00039748
0.00078427
1.428e-05
0.00021638
3.7341e-05
-0.00039963
-0.00064556
0.00024184
-0.0011793
-0.0005097
-0.00039632
-0.00060285
-0.05346
-0.028722
-0.025523
-0.0248
-0.024156
-0.037512
-0.039152
-0.043825
-0.0493
-0.045567
-0.027195
-0.026694
-0.039611
-0.059377
-0.058407
-0.053146
-0.049083
-0.068033
-0.075468
-0.091972
-0.062424
-0.01755
0.032014
0.13138
0.1717
0.18954
0.18915
0.17103
0.17012
0.078405
0.059136
0.0091699
0.0022088
-0.0037543
-0.046509
-0.044484
-0.053452
-0.096868
-0.1077
-0.093271
-0.06486
-0.040901
-0.021891
-0.015685
-0.0097985
-0.025441
-0.032079
-0.023341
-0.0024682
0.04596
0.0065625
0.01085
-0.012348
0.034467
0.039177
-0.025295
-0.052141
-0.070987
-0.083228
-0.082998
-0.087741
-0.054686
-0.027581
-0.011644
0.008174
0.00073799
-0.0021818
0.0014471
0.0013108
0.00049651
0.00065056
0.00058522
-0.00046987
0.00020741
-0.00032384
-0.00033353
-0.02219
-0.023737
-0.025034
-0.039487
-0.026589
-0.029488
-0.029456
-0.040259
-0.058444
-0.065589
-0.077023
-0.069995
-0.063005
-0.05811
-0.066891
-0.051197
-0.058825
-0.07866
-0.094647
-0.092877
-0.092877
-0.093725
-0.096383
-0.11316
-0.11379
-0.083776
-0.041452
0.041442
0.10307
0.16381
0.18724
0.18217
0.16825
0.11912
0.0757
0.01166
0.034069
-0.0082303
-0.028457
-0.054098
-0.036809
-0.030815
-0.0072951
-0.011078
-0.011433
-0.0119
0.014808
0.014585
0.0029656
0.035
0.042807
0.048104
0.086171
0.073998
0.058601
0.016162
-0.016443
-0.034165
-0.073152
-0.10695
-0.095273
-0.088811
-0.058874
-0.025602
-0.01278
0.0018857
-0.0011529
0.00011825
0.0016421
0.00074511
0.00017004
0.00091754
0.00051655
-5.4976e-05
-0.00085847
-0.00061982
-0.0016099
-0.00095321
-0.00064474
-0.0003423
-0.016712
-0.026334
-0.049457
-0.058352
-0.063332
-0.04539
-0.064278
-0.083248
-0.097431
-0.10181
-0.097894
-0.088518
-0.085645
-0.078951
-0.076008
-0.063589
-0.071176
-0.082437
-0.092246
-0.1055
-0.1135
-0.11693
-0.12152
-0.14431
-0.16869
-0.20322
-0.12851
-0.083266
0.024581
0.096492
0.14677
0.17883
0.22203
0.23078
0.1962
0.14554
0.094725
0.10325
0.088135
0.016385
0.0057854
-0.011584
-0.033789
-0.035822
-0.016657
-0.014653
-0.001107
0.00463
-0.0081105
0.015793
0.055478
0.081147
0.075183
0.072356
0.084211
0.098327
0.10521
0.11582
0.059124
-0.0025513
-0.023119
-0.053904
-0.087207
-0.11954
-0.12012
-0.11488
-0.0984
-0.060926
-0.035474
6.0325e-05
0.0016709
0.00019442
2.298e-05
0.00060427
-0.00086595
0.00052902
-0.00010572
-0.0003642
-0.00060996
-0.00067428
-0.0011591
-0.00047338
-0.00036322
-0.00032835
-0.0082633
-0.049747
-0.054774
-0.075585
-0.096801
-0.093412
-0.094089
-0.098566
-0.087209
-0.081307
-0.074474
-0.068912
-0.062497
-0.081256
-0.099294
-0.096098
-0.1239
-0.12568
-0.11707
-0.1297
-0.14221
-0.16136
-0.17723
-0.079684
-0.0086901
0.088255
0.10421
0.11378
0.13752
0.13282
0.11344
0.072218
0.10334
0.061029
-0.015634
-0.0079086
-0.053431
-0.039535
-0.058685
-0.039539
-0.031695
0.0025554
0.00073906
-0.00050774
0.0098179
0.048829
0.075759
0.055104
0.129
0.13626
0.1515
0.14787
0.18696
0.1752
0.098293
0.063233
0.027667
-0.022493
-0.03172
-0.077726
-0.10528
-0.097113
-0.083309
-0.059985
-0.028651
-0.011206
0.00052568
0.00042553
0.0029613
0.00042989
0.0013786
0.0010739
2.9797e-05
6.08e-05
-0.00084024
-0.0012218
-0.0013858
-0.00076083
-0.00029362
-0.00059238
-0.0030489
-0.0087306
-0.013356
-0.026594
-0.036587
-0.037328
-0.043739
-0.053725
-0.050157
-0.038799
-0.069096
-0.064527
-0.06613
-0.060799
-0.070074
-0.06126
-0.060211
-0.062516
-0.077786
-0.086369
-0.1044
-0.10679
-0.10097
-0.11159
-0.13075
-0.17076
-0.19418
-0.1086
-0.037085
0.047043
0.095614
0.11895
0.14783
0.15612
0.1354
0.066434
0.10298
0.075734
-0.0091156
-0.052984
-0.079619
-0.085343
-0.077182
-0.046158
-0.012215
-0.008817
0.0010396
-0.0013825
0.0035586
0.028523
0.080417
0.13012
0.11362
0.1891
0.14748
0.18616
0.18996
0.24446
0.23251
0.17849
0.109
0.070236
0.040777
-0.01191
-0.052003
-0.051341
-0.07709
-0.059163
-0.027918
-0.01271
0.00054812
0.00046258
0.0010367
0.0018102
0.00012499
0.0007359
0.00079925
0.0008958
-0.00034291
-0.0010538
-0.00079983
0.00020547
-0.00065648
0.024569
0.00067825
-0.0068773
-0.010535
-0.0059585
-0.0018516
0.020687
0.0042845
-0.019638
-0.029093
-0.014492
-0.027368
-0.023906
-0.042012
-0.039809
-0.046407
-0.036415
-0.034127
-0.036844
-0.054803
-0.058855
-0.068438
-0.065799
-0.071275
-0.084661
-0.12257
-0.1824
-0.12154
-0.092254
0.0079839
0.067199
0.1262
0.18633
0.2234
0.22204
0.21067
0.12412
0.082061
0.113
0.03996
0.009177
-0.027661
-0.037994
-0.081752
-0.054462
-0.026406
-0.0101
-0.0026459
-0.0031322
-0.0004764
0.025325
0.049362
0.079765
0.18143
0.19395
0.20186
0.21347
0.25043
0.25073
0.30594
0.21345
0.17177
0.12987
0.097081
0.059372
-0.0076952
-0.029649
-0.032663
-0.038265
-0.018308
-0.0084746
0.0050584
0.00029469
0.0025641
0.000293
0.00045876
0.0012774
0.0010297
0.00072742
-0.00012226
0.00017343
8.338e-05
0.00026306
-0.00028884
0.019685
0.01993
0.012364
0.032275
0.052672
0.053328
0.061323
0.043174
0.017
0.0013337
-0.0019638
-0.014118
-0.0029782
-0.016588
-0.015817
-0.015139
-0.011606
-0.015898
-0.025689
-0.033769
-0.038596
-0.049344
-0.050334
-0.058299
-0.079289
-0.11587
-0.15141
-0.12142
-0.06523
0.06539
0.1638
0.19951
0.22591
0.26186
0.27137
0.25614
0.24938
0.2019
0.24821
0.16989
0.14784
0.094514
0.063212
-0.0040459
-0.019075
-0.0096217
-0.0034077
-0.011222
-0.0048804
0.0039963
0.028116
0.0084008
0.060598
0.16084
0.11273
0.13261
0.16986
0.12274
0.18455
0.19539
0.12942
0.047317
0.035291
0.020638
-0.011944
-0.039723
-0.057059
-0.066547
-0.047919
-0.027977
-0.0073432
-0.00019856
-0.00071544
-0.0014696
0.001392
-7.2007e-05
0.00091335
0.00092331
0.00087859
0.00049821
-0.00028611
-7.6414e-05
0.00048852
-6.6749e-05
0.0019412
0.0065859
0.0020623
0.0066258
0.021738
0.042368
0.046518
0.01777
0.0073091
-0.0067641
0.0039103
-0.019349
-0.00019632
-0.011851
-0.016054
-0.012222
-0.010437
-0.014144
-0.021199
-0.026958
-0.033565
-0.043404
-0.04084
-0.047857
-0.07358
-0.11119
-0.10286
-0.0369
0.12309
0.20035
0.21322
0.24939
0.26204
0.23065
0.28531
0.22688
0.22729
0.17155
0.15257
0.16121
0.12744
0.08078
0.033128
-0.0093435
-0.049727
-0.06602
-0.038889
-0.032706
-0.021223
-0.007557
-0.013196
0.00060096
0.028223
0.01384
0.056414
0.03346
0.055012
0.028725
0.0034649
0.0098046
0.028587
-0.02164
-0.039372
-0.034801
-0.031887
-0.032536
-0.019963
-0.02192
-0.022933
-0.017258
0.00021152
0.00018312
0.00017947
0.00077167
0.00071151
0.0014864
0.0010892
0.00099344
-0.00013745
-0.00041172
-0.00023176
-0.0008909
-0.00084827
-7.9713e-05
-0.034254
-0.01514
-0.0085207
0.010528
0.0045385
0.015711
0.02155
0.0063167
-0.010973
-0.011578
-0.0065526
-0.01762
-0.01944
-0.018183
-0.013018
-0.01208
-0.013666
-0.012529
-0.010868
-0.0062854
-0.0035007
-0.0031754
0.0005368
0.0025948
0.0046852
0.0049647
0.0069202
0.01102
0.0069651
0.014518
0.026223
0.033873
0.040329
0.0363
0.041075
0.042606
0.070954
0.11474
0.16915
0.22287
0.23226
0.24494
0.24843
0.23351
0.21489
0.18125
0.15105
0.1309
0.10077
0.070835
0.044214
0.033647
0.026544
0.017141
0.0071444
0.0047577
0.00052308
-0.0049666
-0.0090576
-0.0097278
-0.011192
-0.0097906
-0.0082079
-0.0067097
-0.0042032
-0.0020321
-0.001366
-0.00032249
-0.00059665
-0.00045926
0.00048934
-3.3734e-05
-0.00011556
0.00041687
0.0010273
0.00091683
0.002051
0.0013707
-0.0020071
-0.0024072
-0.0047873
-0.0087069
-0.013719
-0.016423
-0.017459
-0.0165
-0.017369
-0.01749
-0.016973
-0.016209
-0.015066
-0.014956
-0.013333
-0.012474
-0.010944
-0.0098205
-0.0080318
-0.0065639
-0.0036106
-0.0024397
-0.00095055
-0.00036871
-0.00012287
-0.00030241
-8.0469e-05
-0.00097555
-0.0011996
-0.0015673
-0.0021013
-0.0022508
-0.002938
-0.0034209
-0.0034888
-0.0042091
-0.0039234
-0.0047229
-0.0048576
-0.0048107
-0.0050312
-0.0046824
-0.0048324
-0.004573
-0.004496
-0.0046199
-0.0036581
-0.0036645
-0.0047239
-0.0047405
-0.004002
-0.004504
-0.0043491
-0.004076
-0.003537
-0.0030317
-0.0030233
-0.0032187
-0.0025476
-0.0026144
-0.0025206
-0.0024984
-0.0021709
-0.0027813
-0.0026043
-0.0032716
-0.0034146
-0.0033576
-0.0031055
-0.0035971
-0.0039253
-0.0039095
-0.0047804
-0.0041912
-0.0040212
-0.0041974
-0.0039164
-0.003788
-0.0035265
-0.0035158
-0.0034311
-0.0036351
-0.0039369
-0.0040907
-0.0034861
-0.0042833
-0.0032078
-0.0040864
-0.0032761
-0.0037005
-0.0035341
-0.0036117
-0.0035685
-0.0042663
-0.0036259
-0.0034441
-0.0037892
-0.0043767
-0.0037851
-0.0043434
-0.0042007
-0.0041242
-0.0047073
-0.0043533
-0.0034309
-0.0041145
-0.004189
-0.0043624
-0.0043174
-0.0042659
-0.0040689
-0.0041796
-0.0042125
-0.0044235
-0.0035843
-0.0036799
-0.004341
-0.0041328
-0.0040915
-0.0041069
-0.0036728
-0.0035516
-0.0036521
-0.0041103
-0.0040222
-0.004297
-0.0042025
-0.0045954
-0.0048795
-0.0042975
-0.0044571
-0.0044544
-0.0044661
-0.0039574
-0.0044601
-0.0045853
-0.0046599
-0.0043904
-0.0040091
-0.0045282
-0.0041933
-0.0044565
-0.0043276
-0.0032442
-0.0048986
-0.0042472
-0.0041849
-0.0036704
-0.0042406
-0.0046697
-0.0040906
-0.0037093
-0.0042914
-0.0039544
-0.0042062
-0.0042397
-0.0037713
-0.0044991
-0.0052316
-0.0040123
-0.0052132
-0.0046749
-0.0053067
-0.0044631
-0.0048192
-0.0047343
-0.0043664
-0.0047434
-0.0046536
-0.0045555
-0.0044671
-0.0041323
-0.0045314
-0.004442
-0.0047633
-0.0049418
-0.0048398
-0.0042383
-0.0049137
-0.0046037
-0.0047357
-0.0047996
-0.004229
-0.0045923
-0.0039758
-0.0040808
-0.0047645
-0.0047948
-0.0048811
-0.0045546
-0.0050256
-0.0051259
-0.0051898
-0.0046225
-0.0051045
-0.005234
-0.0051458
-0.0052235
-0.0053247
-0.004831
-0.0051683
-0.0051998
-0.0050839
-0.0048809
-0.0050272
-0.0051118
-0.0047876
-0.0051856
-0.0051322
-0.0050522
-0.0051677
-0.0049972
-0.0052001
-0.0046755
-0.0050935
-0.0053551
-0.0052974
-0.0051424
-0.0053107
-0.0051378
-0.0049379
-0.0045738
-0.0051188
-0.0045606
-0.0048586
-0.0051106
-0.0051703
-0.0051908
-0.0051802
-0.0046192
-0.0052705
-0.0052911
-0.0054472
-0.005463
-0.00505
-0.0054786
-0.0052921
-0.0048796
-0.0051146
-0.0051732
-0.0053343
-0.0044444
-0.0053794
-0.0046148
-0.0052546
-0.0050771
-0.0054005
-0.0048909
-0.0056558
-0.0054066
-0.0050402
-0.0047471
-0.005401
-0.0054117
-0.005271
-0.005565
-0.0052006
-0.0055464
-0.0058794
-0.0051627
-0.0058481
-0.0056662
-0.0057913
-0.0054773
-0.0064354
-0.0056158
-0.0057035
-0.0058481
-0.0060946
-0.0062972
-0.006127
-0.006194
-0.0058172
-0.0056897
-0.0061963
-0.0059965
-0.0063898
-0.0062682
-0.0056472
-0.0058516
-0.0063413
-0.0064421
-0.0062812
-0.0059374
-0.005658
-0.0062247
-0.0062185
-0.0058507
-0.0058895
-0.0062034
-0.0061059
-0.0059336
-0.0059098
-0.0060836
-0.0060966
-0.0054921
-0.0062503
-0.005692
-0.0061463
-0.005404
-0.0061151
-0.0061385
-0.0061558
-0.0055623
-0.0063346
-0.0063491
-0.0062459
-0.0061816
-0.0060248
-0.0059017
-0.0063805
-0.0062388
-0.0062797
-0.0061639
-0.0062582
-0.0061462
-0.0061477
-0.0062187
-0.0063805
-0.0064659
-0.0064971
-0.0061568
-0.0064864
-0.0061835
-0.0060682
-0.0067067
-0.0064978
-0.006613
-0.006552
-0.0066589
-0.0066172
-0.0066879
-0.006478
-0.0070242
-0.0070107
-0.0065578
-0.0070145
-0.0069874
-0.0065186
-0.0068332
-0.0065268
-0.0064053
-0.0067065
-0.0064891
-0.006725
-0.0065174
-0.0062718
-0.0065318
-0.0066773
-0.0065823
-0.0059888
-0.0066028
-0.0069741
-0.006116
-0.0069671
-0.006735
-0.0069807
-0.0070315
-0.0067114
-0.0067443
-0.0065752
-0.0067592
-0.0067023
-0.0068228
-0.0061696
-0.0066904
-0.0069913
-0.0067485
-0.0066667
-0.0070112
-0.0069485
-0.0070143
-0.0067446
-0.0063884
-0.0060997
-0.0067826
-0.007023
-0.0064687
-0.0068858
-0.006198
-0.0064587
-0.0069438
-0.0066618
-0.0067917
-0.0060969
-0.0065424
-0.0069314
-0.0069629
-0.0064838
-0.0067587
-0.0062904
-0.0070245
-0.0062564
-0.0062623
-0.0063826
-0.0065091
-0.0068576
-0.0070326
-0.0067399
-0.0064876
-0.00704
-0.0069277
-0.0065391
-0.0068718
-0.0067089
-0.0067554
-0.0063998
-0.0060499
-0.0063739
-0.0067593
-0.0065315
-0.0070635
-0.0068804
-0.0071982
-0.0065316
-0.0070971
-0.006812
-0.0065119
-0.0068151
-0.0065133
-0.0063674
-0.0065407
-0.0064806
-0.0067808
-0.0071475
-0.0063013
-0.005898
-0.0068999
-0.0065
-0.0070157
-0.0060166
-0.0064901
-0.006555
-0.0066396
-0.0066296
-0.0067325
-0.0065125
-0.0064842
-0.0073561
-0.0066384
-0.006964
-0.0067375
-0.0063878
-0.0073142
-0.0073124
-0.0070991
-0.0069031
-0.0068351
-0.006258
-0.0065753
-0.0065915
-0.0066143
-0.0065856
-0.0073511
-0.0066839
-0.0071495
-0.0064306
-0.0070227
-0.007603
-0.006887
-0.0069178
-0.0070626
-0.0068388
-0.0072884
-0.0064383
-0.0067392
-0.0064692
-0.0064921
-0.0070221
-0.00077057
