-0.051292
0.018284
-0.0079069
-0.10267
-0.0098011
-0.012757
0.0028776
0.029886
-0.024078
-0.00045051
-0.0086762
-0.014797
0.041203
-0.031938
0.077658
-0.039906
0.046314
-0.014254
0.04367
0.027158
-0.030724
-0.01177
-0.033383
0.0074381
-0.046561
-0.014423
0.070427
-0.022781
-0.072548
-0.046285
-0.010224
0.04774
-0.020634
0.046942
-0.023711
-0.072606
-0.030094
-0.028434
-0.0024998
0.0069024
0.0020451
0.091527
0.01425
-0.022888
0.013461
0.01188
0.023627
-0.002573
-0.018272
0.011524
0.039312
-0.0089689
-0.030536
-0.014976
0.007579
-0.0060569
0.013213
-0.0036405
0.012202
-0.034272
-0.051244
0.013329
-0.0018513
0.0045225
-0.01787
0.049068
-0.023175
0.023031
-0.026039
-0.029901
-0.0046286
0.032092
-0.020353
0.012825
-0.012108
0.03462
-0.0030454
-0.039643
0.052324
-0.051316
-0.011639
0.042872
-0.03701
-0.0091392
-0.012174
-0.023535
0.018256
0.012704
-0.032796
-0.0060244
-0.044289
0.033231
-0.016424
-0.00041897
0.017037
-0.02001
0.010165
-0.032748
0.030881
0.010646
0.0019825
0.0070774
-0.0087271
-0.006901
-0.0019612
0.031252
0.0015859
0.020946
0.032906
0.003427
-0.0024066
-0.0098704
0.031887
-0.0024208
-0.067105
0.032786
0.046928
0.01384
0.01836
-0.005093
-0.0042017
0.015306
-0.0088015
0.018431
0.013203
-0.047649
-0.0079202
0.004503
-0.016913
-0.031113
0.017484
0.032933
0.011447
-0.0027441
0.053068
0.03078
-0.055428
0.022326
0.02787
0.0088257
0.019568
0.0090873
0.057207
-0.008286
0.033993
-0.002247
0.02465
-0.016573
-0.026844
-0.008962
-0.065659
0.064338
-0.029463
-0.024723
0.069906
-0.018426
0.011371
-0.054355
-0.033015
0.055452
-0.029243
0.011799
-0.032346
-0.091954
0.0083918
0.013059
-0.04899
0.044432
0.056604
0.036484
-0.035087
-0.023329
-0.026823
-0.012736
0.012148
0.054734
-0.0097231
-0.025999
-0.12175
0.007885
0.056776
-0.026524
-0.0090618
0.010852
-0.0054327
-0.0348
0.027886
0.014661
-0.04154
0.015759
0.0018324
0.033437
-0.031493
-0.010581
0.057268
-0.015508
0.011446
-0.046147
-0.0064843
0.0144
-0.0056519
0.013418
0.01167
0.0381
-0.0082366
-0.024607
-0.034557
0.0090386
-0.011548
-0.010449
0.038654
-0.0022094
-0.023213
0.046671
-0.054792
-0.011575
0.02618
-0.01326
0.012125
0.03143
-0.073359
0.089194
-0.023579
-0.012187
0.040174
-0.015655
0.049733
0.020287
0.0024451
0.012026
0.018544
-0.036326
-0.046156
0.084533
0.028057
0.022639
0.073292
-0.025652
0.025701
0.015993
0.0052374
-0.030661
0.029595
0.040514
-0.046412
0.014033
-0.024018
-0.050526
-0.048453
0.034376
-0.0096852
0.051244
0.014671
0.016127
0.016341
-0.00083654
-0.047998
0.00010313
-0.023987
0.040091
0.016532
0.014632
0.016812
-0.021957
-0.019562
-0.009041
-0.0058621
-0.022587
-0.0016841
-0.0076231
0.034695
-0.029699
0.021721
0.013349
-0.027098
0.010865
-0.017115
0.037709
-0.018191
0.041487
-0.036012
0.031802
0.013237
-0.023293
-0.010296
0.015728
0.017384
-0.024196
0.030456
0.016495
-0.0037678
-0.051867
0.011538
-0.013421
-0.05139
0.045147
-0.024528
0.0084847
-0.034133
0.037441
0.026311
-0.044296
0.014917
0.049074
-0.004645
-0.00038547
0.00023382
-0.01053
0.0062546
-0.01676
0.020128
0.016708
0.019832
-0.0036802
0.010703
-0.0066417
0.0027936
0.012563
0.018203
-0.0052594
0.0091845
0.019317
-0.064773
0.074232
-0.03547
0.0062108
-0.036484
0.011435
0.018165
-0.010968
-0.0048968
0.035089
-0.071396
-0.028599
0.0088893
0.053605
0.010683
0.032
0.042153
-0.016995
0.054763
-0.01668
0.014039
0.016954
0.0031873
0.070994
-0.032408
0.0085492
0.0053949
0.0038305
-0.018568
0.014215
-0.017376
0.0060316
0.054526
-0.0075478
0.01265
0.051584
0.015009
0.041552
0.014158
0.056033
0.0035102
0.01146
0.0099313
0.013303
0.0068377
-0.041961
0.052199
-0.029458
0.0093888
0.008664
0.015245
0.03932
-0.066477
-0.013116
-0.036381
0.038542
0.030078
0.011548
0.03926
0.025526
-0.033581
0.0054388
-0.024514
-0.0051887
-0.011752
-0.016635
0.099538
-0.0025766
-0.064033
0.019802
-0.036914
-0.0014254
-0.012966
-0.015986
0.046725
-0.030022
-0.0055525
-0.046491
0.021214
-0.027379
-0.030564
0.039142
-0.0035393
0.018351
-0.031657
0.028334
0.028161
-0.0098823
-0.028177
-0.0074353
-0.02315
0.035674
0.0029248
0.066575
0.013174
-0.045497
-0.0094845
-0.018383
0.010076
0.040115
0.014268
0.015239
-0.03523
-0.022373
-0.030693
-0.0076442
0.063727
0.014754
0.041823
-0.020379
-0.049014
-0.0086919
-0.035934
-0.032692
-0.026532
-0.028993
-0.0030266
0.043853
-0.044828
0.011828
0.013978
-0.0087621
0.044903
-0.015179
0.0017225
0.061021
-0.050504
0.041396
-0.01973
-0.030127
-0.035854
-0.052577
-0.028125
-0.019561
0.065101
-0.064018
-0.048032
0.028433
-0.030111
0.012598
-0.03435
0.067936
0.031308
-0.033943
0.0010731
-0.018317
-0.046016
-0.015864
0.027644
-0.015043
-0.00058678
-0.022588
-0.065303
0.049814
-0.034545
-0.0028314
0.016708
0.018511
-0.0057912
0.025583
-0.0031451
0.045595
-0.085696
-0.03978
-0.017807
-0.026154
-0.010357
-0.023499
0.033716
0.00036567
-0.032731
0.072835
-0.030712
0.071035
-0.013424
0.017344
0.04672
-0.019447
0.032145
-0.089076
0.023312
0.0012972
0.025723
-0.0050618
-0.0084481
0.032217
0.0010979
-0.05553
-0.029429
-0.023061
-0.0043534
0.0081686
0.0090685
-0.016367
-0.0048106
-0.03473
0.01393
-0.027119
0.021392
-0.05973
-0.028808
0.053319
0.051819
-0.01765
-0.012234
-0.014143
-0.036778
0.051202
-0.027188
0.01495
0.038149
0.012042
0.018973
0.018017
-0.056612
-0.023851
-0.015744
-0.0402
0.014033
0.023319
-0.0065781
-0.022908
0.0093626
-0.047759
-0.008292
0.010818
-0.0059991
0.0055871
0.017743
0.054425
-0.047918
-0.033895
0.0083074
-0.018111
0.026273
-0.0052969
0.015195
-0.026937
-0.047057
-0.013311
-0.036387
0.023084
0.02704
-0.029096
0.044763
-0.016227
0.013869
-0.020697
0.016393
-0.037883
0.030932
0.028601
0.025246
0.0060573
-0.036775
0.049674
-0.048755
0.010628
0.029318
-0.041549
0.05789
0.037953
-0.10273
0.057928
-0.068633
0.046825
-0.026073
0.009841
0.045744
-0.06009
0.013286
-0.03153
0.0018008
-0.008209
0.026954
0.010074
0.012322
0.033212
0.0078944
-0.011307
-0.024552
-0.026041
0.0039828
-0.010092
0.04191
0.011933
0.057546
0.038832
0.018671
-0.014791
-0.031829
0.061159
-0.030432
0.053508
0.012991
-0.0049721
-0.028151
-0.024446
-0.020187
0.031502
0.013758
0.021084
0.012438
0.048833
-0.0047138
-0.016097
-0.026028
0.014224
0.020789
0.0059698
-0.033511
-0.0086162
-0.031572
-0.011721
0.012076
-0.02783
0.012106
-0.029811
-0.038587
0.052389
0.045088
-0.061829
0.0086178
-0.010861
-0.028185
-0.027214
0.042786
-0.025613
0.03815
0.025086
-0.016377
-0.01832
-0.020362
-0.017749
0.079021
-0.018257
0.009846
0.021663
-0.010297
0.028914
-0.029067
0.0026679
-0.032636
-0.0056797
-0.020227
0.023083
0.015819
-0.018793
-0.02338
-0.04865
-0.012123
0.042367
-0.0099615
-0.012154
0.082002
-0.014291
-0.030708
-0.024659
-0.02201
0.046003
0.048597
-0.0048375
0.0058419
-0.0030111
0.054149
-0.074354
0.018426
0.048836
0.040032
-0.001743
0.058205
0.052829
-0.02357
-0.024701
-0.0014093
0.0095567
0.0029611
0.079895
-0.0041394
-0.033094
0.028891
-0.0025144
-4.7019e-05
-0.065478
0.041121
0.061762
-0.037635
0.12806
-0.0091353
0.033294
-0.020069
-0.02625
0.05103
0.011401
0.044699
-0.013221
0.010235
-0.0027347
-0.031569
0.015165
0.05365
-0.00053358
0.041185
0.013707
0.02676
0.0015564
-0.030309
0.0046163
-0.03757
-0.022517
0.01906
0.0045466
0.06739
0.01013
-0.04623
0.013346
-0.0034166
0.010963
0.032524
-0.01987
0.099568
-0.019762
0.038371
0.024503
0.079118
-0.032795
0.02364
0.019145
-0.0073029
0.016603
-0.0071505
0.024265
-0.028325
-0.07049
-0.0019356
-0.0048473
-0.003819
0.062555
0.026285
0.017104
0.0081099
0.056463
-0.020436
-0.0089463
0.021507
0.028367
-0.022958
-0.0050463
0.015058
-0.054088
-0.01353
-0.017117
0.024135
-0.0090375
0.048207
0.021046
0.0071619
0.010233
-0.014438
-0.0034445
0.03019
0.060021
0.0026625
-0.029299
-0.0089945
-0.010252
-0.010397
0.00020711
0.027599
0.00039421
-0.031804
0.04185
0.046116
0.017573
-0.0064468
0.013088
-0.024145
0.027827
-0.038125
0.063768
0.05173
0.029432
-0.019146
-0.0098984
-0.0089681
-0.028923
0.053078
0.025921
0.034
-0.017806
0.018574
-0.016623
0.016644
-0.02427
0.023687
0.050737
0.023842
-0.01727
0.01568
-0.016405
-0.00086354
-0.0014589
-0.0023933
0.060166
-0.014263
0.045167
0.0077338
-0.0041175
0.043363
-0.017887
-0.024668
-0.0155
0.013782
0.0068768
0.0092063
0.044966
0.030974
0.023151
-0.030328
0.026394
0.0078308
0.014056
0.014301
0.00040299
0.015944
-0.023236
-0.02146
-0.030826
0.029969
0.03304
0.023035
0.014456
-0.012584
0.030066
-0.02421
0.0026363
-0.022417
0.016644
-0.01872
-0.01061
0.072319
0.026032
-0.010237
0.012149
0.015996
-0.0064321
0.023372
0.014213
0.029554
-0.025041
-0.036902
0.045005
-0.026873
-0.034085
-0.0013412
0.020297
-0.016721
-0.0099122
-0.0039351
-0.047653
-0.00052031
0.014566
-0.0091643
0.052908
0.02579
-0.016291
-0.022691
0.025261
-0.0089563
-0.028809
-0.030735
0.001892
-0.0041023
0.048796
-0.0023992
-0.0079122
-0.024475
-0.033382
-0.033789
-0.0066786
0.0016927
-0.0073015
-4.6657e-05
-0.00099897
-0.01474
-0.032808
0.00068407
0.030917
-0.015088
0.0025951
-0.040928
0.05266
-0.079692
0.022097
0.054042
-0.044577
0.044178
-0.021131
0.00082091
0.021002
-0.050214
0.049379
-0.033983
0.040897
-0.031375
0.026751
0.039321
0.013787
-0.030386
-0.069399
0.0068916
-0.010037
0.0085177
6.5618e-06
0.017725
0.027905
0.008755
-0.025956
0.0067022
-0.03553
0.03481
0.010601
0.058968
0.033876
-0.014518
-0.030046
0.014701
0.01041
-0.0020163
9.3223e-05
0.023762
0.025127
-0.036732
0.0063956
-0.036558
0.03531
-0.028429
-0.045339
0.090172
-0.0088468
-0.0043065
0.048149
0.0099257
-0.062629
-0.024779
0.052745
0.010203
0.062131
-0.0027073
0.031719
0.052281
-0.0025757
-0.013477
0.036845
0.049337
0.010619
0.081098
-0.055604
-0.028808
-0.06089
-0.024014
0.047376
0.01026
0.011967
0.0092909
0.025584
-0.01424
-0.033501
0.073532
-0.031793
0.023939
-0.029799
0.024755
0.027072
0.0093503
0.054283
0.019565
0.0047611
0.010801
0.0068097
0.0050958
0.087271
-0.039222
0.039382
-0.035364
0.039729
-0.023377
0.051055
0.043872
-0.017834
0.043767
-0.09397
-0.014073
-0.047554
0.014592
0.029376
0.034354
-0.042903
0.070428
-0.00021975
0.030606
0.00041788
0.028202
0.01347
-0.036203
0.030712
0.028639
0.031639
0.043175
-0.024716
-0.019455
-0.01573
0.011051
0.022868
-0.033399
-0.037662
0.0072446
-0.05889
-0.040773
-0.021445
0.0044031
-0.042925
0.022528
0.01775
0.049773
0.063793
-0.0064199
-0.034685
0.025762
-0.029903
0.0043454
0.025577
-0.0012222
-0.010418
-0.058129
0.0049689
-0.046344
-0.084494
0.062141
-0.021665
0.058034
0.004329
-0.080948
-0.037465
-0.058591
0.048103
0.039116
0.0047356
0.036427
0.04188
-0.030468
0.033793
0.025952
-0.025544
0.073531
-2.188e-05
-0.0393
0.031219
0.0034101
-0.022739
-0.0092965
-0.013922
0.029257
-0.081171
-7.2393e-05
0.00023726
-0.034364
-0.008933
0.007
0.013231
-0.050624
2.8413e-06
-0.031968
0.028218
0.028683
0.052128
-0.0066405
0.034792
-0.030192
0.019281
0.0023586
-0.029823
0.11292
-0.06202
0.042607
0.010053
-0.057229
0.11863
-0.029712
0.051299
0.0019241
0.0046243
-0.022667
0.047722
-0.020382
-0.091371
-0.013547
-0.010294
0.0059952
0.0050336
0.0643
-0.038853
-0.063818
0.0048562
-0.031978
-0.018275
-0.026231
-0.0010494
0.070878
-0.041053
-0.016501
0.023665
0.017563
-0.030776
0.0071492
0.0050383
-0.025313
-0.025622
-0.0047407
-0.0029881
-0.028909
-0.028631
0.0015239
-0.012305
-0.014231
0.087638
-0.044319
-0.0035279
-0.035327
0.0047511
-0.11658
0.084444
0.019602
-0.016149
-0.022446
0.0028001
-0.02976
-0.066422
0.00019546
0.0042615
0.0092491
-0.040967
0.080196
-0.028468
-0.047172
-0.011061
-0.052964
-0.0056749
-0.012717
0.0080952
-0.031418
0.0015034
0.031737
-0.010072
0.028094
-0.016378
-0.031142
-0.0064706
-0.024263
-0.0047321
0.035194
-0.0041547
-0.018764
-0.018982
-0.024382
-0.02301
-0.021354
-0.031405
0.060531
-0.020335
-0.0018288
-0.040993
-0.011954
0.0053036
0.021001
-0.022535
0.055256
0.019845
-0.031109
0.010566
-0.0083298
0.03852
0.041423
0.017638
0.013599
-0.017678
-0.017233
-0.010794
-0.077523
0.048954
0.0085958
-0.0064499
-0.013306
-0.062512
0.0031383
-0.026964
-0.0326
0.013108
0.008567
-0.0066994
0.020156
-0.032622
-0.016981
0.036582
0.015692
-0.022507
-0.013113
-0.010003
-0.0031996
-0.019222
-0.038108
-0.0091742
0.015703
0.0064032
0.016967
-0.04392
0.005854
-0.0013316
0.028678
-0.055203
0.00061523
-0.0080491
0.046118
-0.016945
0.052818
0.0074473
-0.012321
0.030452
-0.030486
0.019037
-0.017097
-0.038453
0.043184
0.0036111
-0.0031337
-0.013415
-0.035601
0.0036525
-0.019973
0.023935
-0.02601
-0.040077
0.029503
-0.016237
0.019409
-0.02117
0.030312
0.011747
0.012045
0.036179
-0.045627
-0.0070282
0.036626
0.010464
-0.025392
-0.022112
0.055752
-0.008357
-0.021604
-0.024924
-0.044735
-0.015592
0.079258
-0.029782
-0.022078
0.020005
-0.057359
0.056427
0.0065172
-0.00079995
0.024215
-0.054948
0.074035
-0.0075462
-0.0093029
0.028544
-0.0058152
-0.029479
0.042391
-0.033806
-0.006348
-0.045702
-0.044966
0.0020792
-0.090122
0.08446
0.06607
0.090582
-0.016002
0.0712
0.0030258
-0.10837
0.076344
0.05317
0.082687
-0.028114
-0.025502
-0.021308
-0.032342
0.0037458
-0.038315
-0.047835
-0.023341
0.024268
0.0040764
0.034283
0.0031431
0.028035
0.011811
-0.0032949
0.016713
-0.032001
0.058406
-0.015337
0.009508
0.031474
-0.014942
0.033367
-0.055018
0.048107
-0.026809
0.016138
-0.048911
0.053258
-0.024169
0.017336
-0.0062558
0.029022
0.0062476
0.0095826
0.042145
-0.0044905
-0.057434
-0.055527
0.064254
0.10706
0.099669
-0.32887
0.20318
0.30933
0.96586
0.29927
-0.64285
0.6838
-0.0062601
0.99159
0.84951
-0.28229
-0.22261
0.78649
-0.63553
-0.18314
0.055932
-0.46016
0.41812
0.09848
-0.74607
0.52661
0.39035
0.4108
0.69417
0.62392
1.8497
-1.2073
-0.07785
3.4891
1.4101
-0.46676
-2.7124
-0.82376
-1.7184
0.75161
-2.7743
-0.75546
0.40059
-0.52137
-1.9519
-1.2496
-1.196
-2.143
-0.41844
1.9495
-0.025619
-5.8211
-2.5584
-6.7032
2.5412
6.6457
5.8113
7.5041
7.0042
1.753
2.2231
-0.1238
0.76713
1.9679
2.5996
2.0163
3.3274
-1.076
-0.71061
-2.7274
-2.0703
-0.32125
1.0154
4.9807
1.1137
-1.2686
6.3595
-0.56438
-4.0077
2.8427
1.7404
-0.62253
-2.5713
2.1951
1.698
0.04202
-1.1384
5.8744
-0.1774
1.2031
1.9221
-3.4952
-7.2193
-6.7144
-10.672
-5.4507
0.57531
-1.7677
-2.3638
-3.9384
0.6745
2.9873
1.1609
-0.38045
0.57202
2.5608
3.8829
4.8237
2.7613
-0.41416
4.4356
1.2347
1.5447
6.7412
-5.9442
-9.3381
-7.2675
2.685
-4.8735
-1.0268
-3.9415
-4.4038
2.0009
4.2405
-1.2514
1.8468
2.8838
-2.18
5.7607
6.2032
3.801
0.47144
0.9007
-1.5766
0.51996
-0.21653
0.35912
1.5783
5.8601
-5.3948
-2.8983
-1.034
4.2987
3.9761
-1.9528
-0.43726
1.8936
3.0863
1.9022
6.0449
5.6699
0.31004
-0.38591
-4.6134
-2.285
0.53143
0.86909
-1.267
1.8503
3.806
7.042
0.75724
-1.4097
4.0413
-1.5378
-7.415
-8.7568
-5.9993
-5.9346
-7.8444
-2.0857
-2.5975
0.60243
1.3006
-4.1399
-1.8336
4.136
1.7372
1.1612
0.34979
0.16826
0.99636
-0.82745
-4.0408
0.37291
1.9416
1.9104
-4.2183
-11.807
-3.1024
2.5335
-1.6624
-6.2851
-7.99
-1.09
-2.746
-2.7369
-2.1275
2.6006
5.5393
6.0065
6.3542
3.0352
-1.4605
-2.3687
-0.74326
-4.4311
-3.4706
3.6986
4.9891
4.8246
-2.1658
-4.3239
-1.0186
2.062
3.6186
6.4289
4.5045
7.3349
3.7726
6.1857
4.9536
4.1184
3.4419
7.1994
-7.3297
-12.781
-0.88912
-1.4268
-4.6125
2.7805
-1.1854
3.4032
7.0622
5.5453
0.4923
2.8679
-3.9779
-2.8123
-3.8036
-4.4025
-4.4157
-2.5032
-0.32142
-0.67164
-5.107
1.4875
0.62468
-3.9418
4.7022
2.3461
1.4339
0.55526
2.9122
-7.2485
4.5969
-0.8046
-7.4386
-8.4135
-11.588
1.7205
3.1248
-1.5361
-3.9607
-4.4148
-3.0722
-0.32441
0.0067732
-5.0304
-3.8933
-0.80208
2.1674
4.6313
5.6715
10.719
6.6288
0.72206
4.498
7.1822
5.5721
6.1595
5.1563
5.235
4.1143
-1.0749
-3.2004
-1.6549
-0.79794
6.7862
4.2956
4.4132
5.7003
4.9908
6.7175
5.9629
5.2878
-2.4315
2.0612
-4.6784
-1.3141
-4.1083
-1.6213
3.8086
-0.16769
-2.2561
3.1413
-1.0139
-6.0825
-7.2258
-7.1924
-5.9824
-0.9756
-3.6743
-3.0509
-5.8604
0.67676
-0.58382
-3.9807
-1.6813
-2.8223
5.1608
2.7315
-1.1223
-0.59424
-3.3553
-1.7517
0.90079
-1.9817
-6.8783
-3.2188
-5.4276
-2.4968
1.9586
-2.5656
3.8825
1.3388
-4.4622
-0.49218
-3.6436
2.4793
2.1793
-3.7238
-3.5688
-1.1906
2.144
2.4069
5.8368
9.3368
11.091
-0.80889
-4.2795
-0.51288
7.9714
3.0738
2.932
-0.24633
-2.7024
-1.806
-1.1605
-1.001
4.2136
0.333
6.3319
5.4547
3.681
6.8613
11.914
3.0995
2.6382
0.80975
0.14016
-0.83845
-9.7556
-3.8555
-0.17887
1.0378
0.99353
2.6682
4.0752
1.6047
0.037117
-2.5047
0.53861
0.050021
-1.9987
-9.1741
0.11233
-0.54857
-1.5425
-1.3999
-3.6882
-5.916
-1.1394
2.4278
1.3106
2.1473
0.79472
-3.5211
-0.87409
-3.0307
-2.199
1.0358
3.3211
2.1209
-7.2441
-12.478
-3.8872
-12.069
-6.5464
1.8536
1.5027
3.5869
3.8628
-2.8743
-2.7644
-3.7067
-0.66937
3.5847
5.9129
7.9662
3.1257
-0.52438
-0.87778
-0.66205
1.7663
8.527
8.921
6.6704
6.2308
4.2871
1.4185
0.90036
-2.156
-2.5896
0.88504
3.2575
4.3526
1.9369
6.997
3.6607
6.8864
6.491
3.6483
5.9996
3.7275
-2.796
-9.7878
-2.8125
-9.6247
-4.3869
1.5079
-2.2754
1.1628
5.0622
-3.5285
-6.7625
-7.2912
-7.2228
-5.0493
-0.24746
-2.2586
-3.3132
-5.5462
1.8945
0.59143
-1.6735
-3.9305
-0.003793
0.91069
2.5195
3.2691
1.3136
-0.15015
0.30153
-0.19064
-8.7912
-10.259
-2.7568
0.74944
-6.2095
0.91143
-2.8252
1.8527
-3.6718
-5.0725
-4.5466
-4.7109
0.9306
-1.0584
2.3745
-0.80187
-3.5947
-3.5267
3.8403
1.7475
5.1719
8.4218
6.2541
-1.7053
-3.0689
3.4276
5.1475
5.3176
5.9241
-1.3113
-2.4142
-2.0679
-3.0546
-1.1379
2.5684
1.8448
3.7294
5.6635
7.2952
12.047
7.4615
0.22507
0.82731
-2.3048
-12.195
-8.6397
-0.18711
0.06555
3.2891
2.6611
2.1981
3.0463
-1.3886
-4.3213
3.4959
-1.7028
1.042
-5.7281
-2.3562
-1.0369
-2.1117
1.6248
-2.6894
-3.1999
-5.2093
-6.7954
5.1005
1.0444
2.3253
2.0457
-2.1815
-0.082578
-1.7144
-0.62075
-0.30051
3.7343
1.518
-6.8707
-12.223
-2.8998
-8.4132
-1.9419
6.7325
1.5251
-1.5039
-5.4597
-5.3871
-3.8343
-1.0615
-0.82628
-0.039666
-0.66309
-2.2115
13.947
4.6281
-0.097695
-2.543
-2.3523
7.2016
5.212
6.1744
6.2877
1.6879
2.0861
-0.84797
-2.3987
0.16944
-1.5827
-0.16128
4.0093
4.9422
4.516
5.1437
6.2385
9.692
4.8753
2.1703
-2.3221
-1.1049
-5.668
-6.548
-6.7116
-0.9044
-1.6456
5.7427
1.3824
-3.8838
-6.1593
4.7211
-0.61838
-8.6537
-8.9117
-5.7587
1.3078
-8.6128
-3.218
-2.1605
-1.6688
1.3733
-2.069
-0.53739
-3.8145
1.1479
-0.44172
0.22474
0.81181
0.10479
-1.2277
2.0903
-5.1716
0.84762
2.1507
4.0475
-6.6995
-9.6691
-3.9984
-2.838
-3.1396
1.4793
-2.0931
3.8572
-0.45733
1.9076
0.72356
-1.1027
-9.2664
2.6624
-1.8653
1.2083
6.9888
7.2613
-1.1198
-2.773
-1.1905
5.5978
6.9299
6.2645
6.7466
3.1717
1.8892
-0.3376
-0.35091
-2.5378
-1.1836
-1.3927
0.7869
2.6785
2.0003
4.5332
3.7461
8.0655
7.1206
8.9484
2.079
-2.2291
-1.2356
-2.7073
-6.9336
-6.9851
0.30786
4.54
4.7452
0.30907
-2.2173
4.6635
2.1294
-1.0391
-5.3396
-9.9012
-10.445
-5.412
-5.6661
-2.026
2.4302
-4.3933
2.025
-0.060138
-3.2399
-3.1161
-3.6567
4.2657
1.4014
2.9117
2.6577
-3.3969
-1.1406
1.1322
-1.5514
0.8292
3.8545
-0.12478
-8.4522
-9.8743
-4.0047
-9.1781
1.4276
3.4561
1.755
1.2808
-1.2303
-5.7573
-6.7085
-4.317
2.237
4.8725
3.2351
6.544
12.494
7.3148
0.77556
-1.7391
-2.3914
3.4298
5.9195
6.5275
9.2675
6.799
0.14964
3.0195
-0.64504
-0.81909
-0.67651
-2.7763
-2.1875
-2.2672
3.3712
6.1852
4.802
8.2096
10.145
7.2944
1.94
3.0364
0.29986
-1.9917
-4.2872
-9.5804
-8.3373
1.6825
4.7681
0.80359
1.6564
5.7026
2.88
-2.2111
-0.44462
-0.5557
-7.2378
-6.4883
-1.824
-2.6925
-4.3096
0.58773
2.8112
-4.1499
-1.8892
0.10758
4.1784
0.53993
-0.24227
0.1526
-1.3598
-2.7078
2.9289
-1.2251
-1.2322
4.0795
-0.39367
-10.667
-10.294
2.9049
1.3537
-1.3947
2.0096
1.9948
-0.65452
-5.5933
-5.0384
-2.09
-0.018026
0.74106
3.307
-0.98354
-5.861
-6.3335
-1.9264
3.9252
-1.973
4.0181
12.985
8.8726
2.5831
-1.8518
1.969
4.6483
7.1496
4.8542
4.5985
-2.7221
-0.20865
-1.16
-3.8509
1.6936
1.8984
1.6516
6.9719
6.5487
9.1749
8.7888
5.9187
-2.6171
-2.0671
-8.4991
-9.9166
-1.2992
0.85186
1.6382
4.125
-0.001155
0.96963
4.6322
2.3905
-2.3986
-3.839
0.85475
6.4843
-5.3817
-7.5167
-9.5333
-5.212
-5.1547
-0.53159
0.043655
-6.8344
1.0381
-0.23087
-1.534
2.7919
0.46467
-4.3728
-0.27449
-1.7335
2.5555
-2.9769
2.158
-7.0768
-10.535
-7.2443
-0.45601
-7.0341
3.0675
3.0691
-0.088814
-1.0807
-7.003
-3.6681
-2.9061
-0.52412
0.67149
3.5713
-3.1089
-5.0004
0.72949
3.3411
3.7652
4.0175
14.667
8.1672
1.4397
-0.70926
4.9404
1.5179
0.8499
-1.1089
-3.0472
-1.113
-1.6329
-5.8248
3.3983
4.1653
3.0358
2.9796
5.5287
8.1842
9.4562
0.7364
-0.82733
-1.4654
-4.8008
-11.678
-2.7659
-0.29912
1.1936
7.5999
0.12127
2.9715
2.6343
2.4006
-2.9847
-2.6091
3.1194
-1.1781
-10.173
-5.2452
-4.8593
-0.24367
-0.70761
-0.70769
-1.362
-0.64015
3.7886
0.5074
-3.6676
-0.65153
1.2045
-3.1151
1.684
-3.2719
-0.57409
1.4997
-0.40329
-5.3687
-11.492
-7.5104
2.4528
-7.7673
2.1505
1.6695
2.1892
-4.08
-5.5349
-0.94897
-2.4244
0.52384
-0.6807
-0.69026
5.8548
12.547
11.128
0.67031
0.90898
-3.7881
-1.6025
5.1843
7.263
6.7426
8.2451
1.0582
1.4746
1.0805
-4.3946
-2.0337
2.2078
-3.542
0.2667
2.7755
4.0359
2.7388
8.1278
7.1516
8.4933
10.376
3.0797
-0.69806
-2.908
-3.7614
-5.8085
-7.7816
0.78582
5.2498
1.2868
3.7501
4.5646
1.5114
1.6785
-0.13973
-4.5188
1.1507
-5.5797
-7.9719
-3.4533
-4.9209
-5.4753
-2.9232
0.46057
-1.9936
-1.6293
0.80051
3.4723
0.74271
0.38343
-0.56299
-1.9461
-0.98095
0.68294
-2.1116
4.3332
1.6063
-7.8167
-8.9709
-8.702
1.9515
-5.442
-0.52871
-1.6608
-5.2789
-2.229
-5.782
2.6356
0.10986
-0.70144
0.14021
-4.7807
-0.67323
-2.4085
5.5951
4.4363
3.2034
5.5943
10.035
5.6937
0.76371
0.0069208
3.796
4.5998
3.5704
3.1011
4.545
-0.35423
2.346
0.12132
-1.0779
-1.7276
-2.123
-3.6789
1.4143
1.4604
4.6731
3.4421
8.4712
11.947
3.714
2.9802
3.6791
3.6977
-9.3572
-9.8561
-1.4588
-1.1254
5.2492
4.3661
-1.1604
2.8162
3.4449
1.6846
-3.6321
-0.2575
4.3956
0.10814
-10.632
-9.1182
-7.7438
-2.3939
-0.59875
-3.3419
-4.29
1.9566
1.1075
-4.0202
-3.6999
-1.9516
1.7209
2.4153
1.6748
2.0832
-3.2795
-1.0803
2.7031
-1.0121
1.1616
3.6858
2.2775
-9.2119
-8.3531
-1.1385
2.0127
-6.2486
2.7196
4.3822
-0.49324
-0.75382
-2.8548
-1.4932
-6.8431
0.64117
3.5609
-3.545
-4.4817
-5.2001
4.6134
3.9108
1.5698
4.0792
10.367
4.7249
-1.9242
-1.3874
0.22243
5.4653
8.8118
9.5473
3.9306
2.4259
0.87172
1.2254
-0.34931
-0.9001
-2.9564
-2.948
0.4142
0.51131
1.713
6.1841
9.1097
9.6283
12.144
2.6923
0.48245
-7.3347
-0.86855
-9.2824
-9.3319
0.1285
4.113
-0.86916
0.20706
2.1096
2.7823
3.9047
-1.7975
0.61766
1.4106
0.95278
-4.1809
-9.209
-8.6265
-3.946
-1.7619
-4.7582
-0.48703
-0.6182
0.94217
-1.2295
-2.1303
-4.6959
-0.53833
4.2122
0.90222
0.96528
-0.53314
-2.065
0.48341
0.062946
2.8046
-0.98297
2.2028
-3.9865
-11.827
-10.607
-2.1131
-5.2448
-2.4803
0.97975
1.1832
-2.8025
1.3354
-2.8465
-5.2724
-8.1673
0.59156
3.8654
-4.4366
-5.3521
5.9738
5.1686
4.9199
15.243
12.201
0.5242
-1.0922
-5.0239
-1.829
7.0421
7.4747
4.8921
4.9811
2.2194
-0.57329
-2.1622
-1.731
-0.65173
2.387
-2.7331
-3.4205
2.2965
5.5121
6.8983
8.4
11.747
10.841
3.5108
2.8893
-0.088443
-5.3194
-10.509
-5.7601
-1.2234
5.1044
2.764
5.4691
1.536
2.6063
0.19145
1.6398
-1.9287
-1.3647
2.5445
-6.9854
-9.6935
-5.5896
-8.017
-6.5824
-1.853
-1.9457
0.19305
3.5834
-3.5652
-4.9078
0.20081
2.6197
2.0902
0.49298
-0.067671
-1.2113
-1.2003
0.98398
-0.83122
1.8604
2.4976
-1.717
-10.382
-10.649
5.4092
0.4493
-6.733
4.2892
-0.21184
-0.69309
-5.1211
-5.1058
0.32792
-1.2438
0.52674
1.7587
-1.9848
-3.9649
-4.9218
3.2823
5.0504
-0.95043
3.1693
12.558
6.9778
2.0153
-0.8082
3.6771
6.1232
6.1152
2.8641
3.3181
4.4644
-0.24587
1.5875
-1.7716
-0.12657
-1.1519
-1.1067
-1.6897
-2.7708
5.1679
4.7826
7.2539
9.898
9.5492
0.91573
0.063571
-4.4054
-5.5294
-15.799
-1.5049
-2.0591
0.31163
2.821
3.6422
3.0395
2.4779
0.72889
-4.1946
-3.6043
1.5567
2.2594
-2.4832
-6.0763
-8.7152
-3.3797
-3.5672
-4.2677
-6.2562
-5.4002
1.58
-1.3511
-4.239
-1.6062
-0.00083319
2.4545
-0.034018
1.898
1.4993
0.4852
-1.357
-1.2177
3.2199
-1.9011
-8.7746
-6.8102
-7.0514
2.2359
-1.544
1.372
-1.4004
1.1865
-5.4087
-2.6518
3.6212
-3.8634
-2.0947
2.9995
2.5709
-2.2659
-5.4354
-0.31348
3.7823
7.4428
4.7923
16.242
14.374
0.35338
-1.2092
0.3663
3.8058
5.7394
5.2375
1.5407
3.7226
0.77696
1.7003
-0.489
-0.87752
-0.97119
-1.4268
-3.1028
-3.6785
-0.43394
6.2549
4.4002
8.1273
10.271
3.797
2.466
1.4409
-5.4413
-4.9115
-11.594
-1.3083
1.4561
2.8845
0.37458
-0.15916
2.2556
4.1186
1.0102
0.65055
-4.4031
5.1102
-1.0721
-9.8734
-10.813
-3.486
-2.0959
-4.2603
-2.8152
-2.5572
-1.266
4.8449
-1.3853
-3.9831
-1.473
-0.45601
0.13849
3.7001
1.9207
-0.68458
-0.81976
2.1514
-1.435
2.4688
3.3964
-0.54934
-8.9307
-8.0371
-2.7989
3.3583
-1.8687
-3.3614
1.7064
0.80075
-6.5736
0.1456
4.7913
-6.4727
-3.5242
2.8902
2.3814
-5.2256
-4.6285
2.6894
1.2212
5.7334
4.9791
13.029
6.9647
1.7341
0.39683
-3.7243
6.5125
7.406
6.7648
4.4141
2.8391
0.17336
1.0879
-2.3623
-0.52829
0.65401
-2.3279
-0.84494
-3.1307
3.6767
6.2848
7.523
11.928
10.207
1.9518
-3.9257
-2.6879
-3.2236
-10.025
-4.6044
-0.8807
2.1507
0.5114
1.0081
0.71557
3.3315
3.3462
0.7162
-4.5569
1.1024
3.9212
-6.162
-6.3481
-9.3385
-4.7589
-2.0606
-3.4112
-3.6753
-5.6643
-1.429
3.0827
-3.3924
-1.5808
2.4083
0.25495
0.23944
0.44223
-3.5242
3.6217
3.3484
-1.6752
-0.88768
2.2692
-6.6889
-9.1114
-9.2671
3.0839
-3.5146
0.21858
-0.64769
0.20586
-3.3319
-4.3086
-2.236
-2.7897
-3.4638
1.1655
1.8227
-3.791
-3.8914
-4.8392
4.8052
6.1916
4.6465
14.916
11.721
0.46786
-1.4138
-0.49966
3.0244
6.6247
4.7838
4.2005
3.9326
0.47173
3.2607
1.0164
-0.83321
-2.1886
-2.8019
-2.8726
0.5959
2.4367
4.9679
3.448
6.7717
7.9501
5.7115
3.6884
-3.9009
-2.2708
-4.1526
-3.6787
-3.7488
-2.5156
0.64859
1.9832
2.129
1.2419
1.7094
3.2955
-4.0304
-1.4551
-0.56294
-4.4728
-3.5695
0.20055
-4.6477
-0.53855
-0.85415
-5.5615
-5.5343
-7.4251
-4.1682
-1.0015
-2.699
-4.3895
0.15786
0.41249
-4.2128
2.3546
1.0789
1.5004
0.25683
0.76983
0.36987
0.36047
2.0644
0.7981
0.43131
0.65185
0.70918
3.8704
-4.1701
-3.7757
-2.0648
0.60413
-1.0938
-2.0367
-1.236
-2.3233
-1.9552
-1.3886
-0.10173
0.40979
1.5686
0.47273
1.0027
1.4236
0.3454
-0.3867
0.69482
0.99359
0.63075
1.1823
2.0634
1.9313
0.91363
0.88972
2.1384
2.3059
2.3312
1.4164
1.5442
0.40357
0.69724
0.26935
0.73605
-0.038884
-0.6556
-0.077513
-0.81337
-1.0404
-0.50083
-1.2725
-1.4499
-1.3795
-0.76421
-0.72226
-0.83918
-0.11289
0.24218
0.12345
-0.82051
-1.1299
-1.0694
-0.42658
0.3287
0.28878
0.18499
0.0090341
0.010963
0.080335
-0.21598
-0.19529
0.039835
-0.04344
0.13135
-0.1747
0.10048
0.07548
-0.20038
-0.35081
-0.15194
0.25995
0.15221
-0.29214
0.28897
0.013853
-0.29183
-0.21021
-0.11499
0.063392
-0.097193
0.017359
0.11386
0.19838
0.10581
0.21873
-0.24988
-0.45801
-0.182
-0.25108
-0.11777
-0.0014645
0.035234
0.07367
-0.12524
-0.1954
-0.21847
-0.13871
-0.027288
-0.028698
-0.019779
0.01229
-0.09244
-0.21028
0.02976
0.01825
-0.10824
-0.031479
0.0070502
-0.06956
-0.16873
0.016643
-0.11113
-0.21384
-0.026916
-0.020446
-0.12453
-0.16284
-0.11281
-0.04701
-0.1396
-0.19693
-0.071614
-0.090845
-0.083648
-0.011401
-0.11884
-0.087332
-0.052256
-0.072133
-0.10983
-0.053329
0.011044
0.0087899
-0.046538
-0.035251
0.007083
-0.077487
-0.11473
-0.06232
-0.13769
-0.047199
-0.084084
-0.13887
0.011778
-0.14721
-0.0026407
-0.035687
-0.040741
-0.036503
-0.076598
0.0023187
-0.040017
-0.015597
0.014645
-0.065146
-0.029448
-0.039439
-0.039741
-0.040187
-0.0015448
0.025466
-0.052773
-0.089432
-0.078647
-0.13868
-0.068601
-0.054485
-0.24398
-0.11306
-0.28125
-0.22036
-0.122
-0.18673
-0.171
-0.25042
-0.052338
-0.029378
-0.12735
-0.15885
-0.057695
-0.072887
-0.18034
-0.01712
-0.23388
-0.058735
-0.17066
-0.071541
-0.23913
-0.1265
-0.14739
-0.13285
-0.09317
-0.1947
-0.014227
-0.048789
-0.17693
0.006405
-0.06547
-0.14777
-0.042219
-0.055103
-0.072501
-0.046196
-0.083337
-0.080542
-0.085595
-0.072391
-0.11041
-0.11287
-0.063299
-0.15306
-0.13591
-0.091831
-0.12955
-0.066333
-0.18172
-0.060302
-0.078319
-0.052333
-0.066859
0.016986
0.0040894
-0.14705
-0.14619
-0.082689
-0.045002
-0.15052
-0.098028
-0.036866
-0.072061
-0.055538
-0.095877
-0.07569
-0.19905
-1.0075
0.60915
-0.48545
0.28278
-0.63849
0.024828
0.090678
-0.091957
-0.34576
-0.72445
0.12957
-0.53123
-0.23019
-1.293
0.15508
-0.54529
-1.5092
1.1083
-1.2061
1.6901
-1.3133
-0.55132
2.3832
0.19627
0.26779
-1.6741
-1.684
3.4051
-2.531
-0.487
2.9287
3.0317
-4.2629
2.7216
6.5739
2.7133
-3.1499
1.5645
2.5897
-1.8428
-2.1509
6.4758
6.0472
-4.7384
-3.3971
0.14135
1.4953
5.9059
-3.6573
-4.2876
-10.846
-16.082
-8.3668
-2.9438
4.7662
1.5032
-1.7415
-0.39601
-0.37589
-1.0084
-3.5358
-3.0482
-1.833
-2.6839
-0.14833
1.6166
1.3053
-0.064518
-0.97169
-3.7284
-4.8631
-0.123
3.0356
3.1683
5.6889
-5.2576
1.9277
-1.4723
-0.54339
-0.36653
-2.1311
3.8265
2.525
1.7481
-2.3857
-0.98141
3.3337
7.6552
8.0449
2.9244
-1.1171
1.8697
6.2384
4.4914
4.337
8.0915
6.6989
1.0842
-0.0024751
1.4953
-2.0351
1.5667
-2.9378
-1.6184
-1.467
0.2129
-3.6483
-3.4939
-1.3839
-0.4636
-2.6094
-2.9522
6.1939
6.7065
0.031336
0.21497
-3.953
-0.93276
-0.92744
-5.4184
-4.3009
1.9368
11.805
0.89951
-12.668
-12.467
-14.906
-7.1705
1.6273
3.6881
7.7383
7.8443
1.6351
-2.1707
-9.1121
-11.718
-12.251
-2.2469
3.1775
2.3357
4.2779
2.0228
-0.018735
3.8327
0.75636
0.73911
1.4954
1.4641
1.4738
-0.47609
1.9234
3.3121
-1.3846
-8.069
-11.582
-3.4367
2.461
-0.82683
1.1186
-3.039
-2.1097
-2.4558
-0.24411
6.0787
-5.2647
-3.0632
9.7736
9.2316
-2.5989
-3.531
-1.5869
-1.2387
2.5747
2.3321
3.6556
6.6011
3.9652
0.10203
-0.1313
2.5407
-0.29769
1.1363
8.5584
4.8483
3.2438
0.84547
-0.5718
-1.0246
1.1392
0.084682
2.1985
-2.3145
0.12711
2.1137
0.51512
-1.908
0.66918
4.5466
6.8036
3.0955
1.6705
-0.12027
-0.49721
-3.7179
-1.0736
-2.1305
-2.9726
-5.3744
-2.4532
-1.1628
2.4714
0.080026
2.1249
6.2845
3.6296
0.5022
-3.3729
-5.5989
-3.7184
-6.5774
-5.5553
-3.9398
2.7486
4.8941
5.8606
4.7513
7.6672
-3.6786
-3.0325
-3.6084
0.59811
1.363
3.795
0.49687
-1.5215
2.6764
-1.4356
6.7069
-2.7218
-6.3209
-1.0545
-3.1953
2.179
-11.918
-9.1171
-14.596
0.97107
2.5896
-4.4107
-4.3809
-5.4835
-3.7741
2.1533
4.8915
-1.1799
3.664
4.8607
-0.44764
-5.7848
0.32853
-2.9511
1.3947
6.8378
4.3948
1.2401
-1.3822
-3.5145
-5.0078
-11.78
-1.4505
0.72943
2.7682
3.9079
0.23919
1.217
-2.9883
-2.6441
-0.9434
-1.0776
-0.49879
9.9224
2.6516
4.4837
8.6251
5.1877
-2.1766
2.7855
4.0509
-1.9617
-2.9411
-2.7966
-0.23746
5.4748
-2.6476
0.084948
-1.0926
-2.8729
-1.1864
2.2029
7.318
10.656
5.4284
4.5056
-1.3616
-8.0985
-5.8606
3.9856
-4.3187
10.858
14.422
1.8311
0.086363
-4.678
-4.3704
0.22831
3.7715
4.9451
0.44778
3.8995
2.2748
3.7072
-5.9617
-6.4376
-3.6605
3.1854
-2.2601
-9.249
-7.3815
-6.979
-3.2695
-0.2048
0.54349
-7.1607
-7.6098
-0.57974
-0.077126
0.18998
0.81048
0.80102
1.5504
6.0112
1.4746
-5.5526
-0.5821
0.42643
2.1713
3.5298
-3.9137
-7.7448
-8.8561
-5.2751
-2.7387
-3.653
-3.7493
-4.4302
-2.9228
-0.52894
-0.025632
-0.37487
-3.8601
-1.9573
-0.08434
-1.5268
-2.9746
-1.9751
0.25588
2.865
3.2269
0.59494
5.5709
0.064619
5.2174
-1.1313
-2.3303
-5.1618
0.58718
0.50029
0.2451
-1.2688
-0.34213
-4.087
2.2528
-1.8899
0.23113
3.6072
4.638
1.0325
1.6845
-0.26987
-5.2645
-7.0124
-0.054155
0.95728
7.8296
13.441
13.471
12.629
4.1432
3.7725
1.5897
0.074864
3.2079
8.0363
4.1895
3.8563
10.204
0.15793
5.2852
-0.62283
4.9427
5.6216
2.2336
2.8615
3.6793
1.0182
1.4627
1.0898
-2.7945
-2.7465
-0.46876
-2.1988
-3.2276
-2.0056
-4.0234
0.55154
-0.79112
-6.4515
-7.7274
-9.0648
-4.5025
-1.8028
-4.5141
-2.4043
-2.3853
-7.1694
-4.9576
-0.19163
-2.7026
-2.1223
-1.2636
-2.412
-2.0566
-2.0412
-2.2357
-0.29965
-1.7409
2.3992
0.4975
-0.1157
-0.80391
-0.56171
-1.2323
1.27
1.4236
2.0934
1.9909
1.8014
2.9196
2.0746
3.2994
2.3172
0.26687
1.7974
3.7098
1.8515
2.4943
2.0652
2.187
4.0266
-0.61442
0.34958
1.6341
-1.0962
-0.7491
0.59798
-0.062544
-1.4563
-1.354
-1.14
-0.70302
-0.69815
-1.3405
-1.604
-1.2631
-0.94964
-1.0288
-0.79374
-0.62891
-0.93459
-0.58596
-0.23753
0.30252
-0.46511
-0.68443
-0.092855
-0.34059
-0.041056
-0.20924
-0.16934
0.062982
-0.091552
-0.14517
-0.0052103
0.21164
0.3634
0.37942
0.45114
0.58619
0.4482
0.52461
0.23455
0.30163
0.37753
0.35706
0.080087
-0.040127
-0.28411
-0.23034
-0.43427
-0.64836
-0.5674
-0.481
-0.5414
-0.51259
-0.54025
-0.62349
-0.35415
-0.175
0.034885
0.073838
-0.065866
-0.12215
0.22915
0.4606
0.21004
0.25341
0.10981
0.39284
0.1859
0.064424
0.15719
0.037317
-0.048861
-0.13281
-0.26204
-0.48525
-0.36781
-0.18061
-0.21292
-0.19965
-0.161
-0.25337
-0.17695
-0.032141
-0.11255
0.0039498
0.1182
0.016281
-0.049803
0.025144
0.018553
0.022817
-0.092367
0.031261
-0.081185
-0.1292
-0.14561
-0.14489
-0.018417
-0.18682
-0.14367
0.056918
-0.17344
-0.30222
-0.0026462
-0.066935
-0.042595
0.03622
-0.11734
-0.067727
-0.08399
-0.11166
-0.10058
-0.12667
0.066913
-0.18098
-0.25396
-0.15012
-0.052794
-0.10595
-0.15136
0.01045
-0.089326
-0.11918
-0.17654
-0.099043
-0.064141
-0.03066
-0.068254
-0.063175
-0.12822
-0.13641
-0.092908
-0.070829
-0.19603
-0.22489
0.18088
-0.19571
0.032344
0.013733
-0.14031
-0.049627
-0.14349
-0.051271
-0.0017653
-0.0024758
-0.13467
-0.17161
-0.056884
-0.15557
-0.15119
-0.054119
-0.01903
-0.10339
-0.040224
-0.15096
-0.06459
-0.068117
-0.14451
-0.1377
0.055142
-0.21273
-0.14594
-0.023306
-0.17152
0.0058536
-0.08414
-0.12626
-0.23251
-0.076754
-0.03293
-0.039437
-0.051063
-0.22699
-0.15808
0.067079
-0.23945
0.062843
-0.12647
0.16808
-0.13208
-0.13855
-0.056673
-0.10072
-0.085963
-0.22456
0.063445
-0.20285
-0.10824
-0.25474
-0.0041497
-0.5117
0.14736
-0.24399
-0.20914
-0.021233
-0.20414
-0.16598
0.0057214
-0.013082
-0.071011
-0.10214
0.010565
-0.0050178
-0.18071
-0.083209
-0.081293
-0.045018
-0.18711
0.020693
-0.061494
-0.076781
-0.09187
-0.14487
-0.04568
-0.18034
-0.17544
-0.01308
-0.074386
-0.085158
-0.081778
-0.087243
-0.087345
-0.10006
-0.085683
-0.04735
-0.068343
-0.11815
-0.076572
-0.0984
-0.10295
-0.034601
-0.097476
-0.041277
-0.058125
-0.070266
-0.089249
-0.075899
-0.025495
-0.058417
-0.018606
-0.080431
-0.069307
-0.14471
-0.15434
-0.12751
-0.011745
-0.018267
-0.12468
-0.1381
-0.072941
-0.21559
-0.097476
-0.097473
-0.15874
-0.073581
-0.082571
-0.12482
-0.014338
-0.11816
-0.061823
-0.088814
-0.093643
-0.10952
-0.14828
-0.076977
-0.083382
-0.1138
-0.14668
0.00093058
0.1172
-0.173
-0.065051
-0.08356
-0.27277
-0.16377
-0.065895
-0.14514
-0.027751
-0.10761
-0.06716
-0.10269
-0.050761
-0.18772
0.018976
0.0055377
-0.27284
-0.065877
-0.10101
-0.10614
-0.11538
-0.15417
-0.080943
-0.034215
-0.11194
-0.0098475
-0.097166
-0.099696
-0.069753
-0.05552
-0.073809
-0.12028
-0.077462
-0.11758
-0.02182
-0.10776
-0.088714
-0.082017
-0.086004
-0.1219
-0.12735
-0.11242
-0.19119
-0.040897
-0.10343
-0.093184
-0.077417
-0.061951
-0.054463
-0.08986
-0.087171
-0.10984
-0.049699
-0.10458
-0.19255
-0.01632
-0.1318
-0.076995
0.0048439
-0.16156
-0.11006
-0.16704
-0.047323
-0.13438
-0.038478
-0.11939
-0.11625
-0.11421
-0.14273
-0.087008
-0.07552
-0.10553
-0.06335
-0.066266
-0.14723
-0.082319
-0.054912
-0.056553
-0.095997
-0.07653
-0.064116
-0.080827
-0.12332
-0.098472
-0.099288
-0.11572
-0.10217
-0.15668
-0.095921
-0.098421
-0.13217
0.02196
-0.072774
-0.077312
-0.15163
-0.052903
-0.048239
-0.17438
-0.036168
-0.075582
-0.051627
-0.11406
-0.1539
-0.015572
-0.097913
-0.10193
-0.10436
-0.060468
-0.11609
-0.034365
-0.082252
-0.095791
-0.11459
-0.11107
-0.14231
0.74278
0.66775
0.16213
-0.35757
-0.90275
-0.38889
0.082953
0.78595
0.12375
0.61955
0.60359
-0.09293
0.26553
-0.11096
0.088435
-0.41046
1.4854
2.0069
0.68266
-0.16849
-0.28593
-1.706
-1.9905
1.1669
0.50119
0.51691
2.8855
0.38291
0.75284
-2.5458
-3.3846
0.94955
-0.67551
-5.1512
1.0564
0.072876
0.92482
-0.69977
-0.2396
-1.8028
0.41466
-1.8055
2.5313
-0.47862
-5.8558
1.7943
-3.5586
-3.7085
5.1967
0.17774
6.0983
6.151
0.28673
-1.0019
2.0349
-0.74636
2.3426
2.367
2.5322
1.1267
-0.95819
-2.2733
-2.5106
-1.6526
-0.20115
-2.1522
2.7691
-1.0537
-2.2369
0.13154
1.5064
-2.5978
-4.3007
6.287
3.1674
-2.8537
2.5908
1.9853
-4.1759
3.2754
0.42719
-0.75587
2.0862
4.069
2.6243
-1.0516
3.88
-8.5748
-2.9771
-2.0277
-0.50869
4.9625
3.3576
2.6327
5.841
5.6647
7.1567
2.0101
5.8241
4.361
0.38945
-1.3898
-2.6227
-1.6607
4.9227
2.3782
-0.74972
-0.34859
-4.9487
2.3353
-0.91307
5.4596
-3.9746
-8.8273
-1.0534
-1.6087
-2.1671
-2.3154
-3.4718
-2.5546
-3.1444
-2.0821
3.4552
-2.4581
-7.9102
4.3786
-5.1765
-0.7143
2.4308
6.765
6.1993
0.89283
-1.9881
-0.40006
-3.2206
1.5757
0.3517
-8.7797
-3.1013
-1.6139
-0.2694
0.55083
-0.76711
0.57593
0.57171
1.5695
1.4152
-1.5943
4.0466
5.8721
-1.5716
-1.2576
-5.3546
0.65438
-1.0935
0.57774
2.5205
5.7858
5.8004
2.9427
3.6577
5.0555
-0.24387
-16.179
-9.85
0.76197
2.1004
1.765
3.3956
8.2395
10.701
1.8004
-0.79497
5.0322
9.4855
0.53996
7.8008
-1.8853
-1.8773
-4.3692
4.4266
1.6239
-3.482
-0.94902
-0.16058
0.66915
-2.4596
0.53308
-3.3373
-1.1966
-3.8074
1.9409
-1.7441
-3.2385
1.3822
-3.3249
0.0648
0.45292
4.0456
3.5793
3.3327
-1.9181
-2.0819
-7.2869
-3.594
-3.9518
-2.3073
5.328
1.1519
-4.5563
-13.903
-4.9201
-0.79138
-5.2942
2.2493
-1.0677
0.92439
2.6236
1.7465
-1.2892
1.1805
-0.50797
0.071098
0.82832
1.9565
-2.3366
2.1522
-0.39418
1.0097
2.5249
5.5186
-2.0454
-0.58315
1.1402
-3.3121
3.3982
3.5717
0.40518
0.36552
0.56693
1.4912
2.9213
1.9338
-8.5613
-6.7411
-0.29761
2.5076
9.9912
5.9887
-0.81732
-1.6177
6.1253
10.998
4.3239
3.2258
-0.70214
1.2192
-3.4253
-7.0304
-3.834
-0.99127
1.2944
-1.8618
0.79136
-2.0336
3.028
-1.4345
1.8521
-1.2612
5.6342
-0.84044
-2.521
-1.0988
1.4688
0.52252
-7.5039
-4.2698
-2.8653
-0.94681
0.84012
5.653
1.8147
-1.1648
3.7683
-4.8347
-7.8083
-10.31
-3.6952
0.52227
2.6439
-1.6702
-1.6216
-0.30082
2.1645
0.55956
-2.866
-1.9967
1.9717
5.354
7.6582
0.16439
-1.737
-0.082597
2.7962
1.3645
-0.040013
-0.9485
0.89149
7.4674
3.0742
-2.0341
4.1347
4.0133
2.2554
-4.5921
1.4561
1.0334
-1.9128
0.9205
3.3081
2.3678
1.7208
1.5998
-0.88788
-1.7896
-2.9749
-2.6661
4.4294
2.5716
4.5119
4.5564
4.7426
5.6145
6.2312
-5.4203
5.4793
7.0624
-0.19393
3.4872
-1.2501
-1.9074
-2.0218
-2.274
-0.94043
-0.76398
-1.4102
2.2619
1.7076
-1.1894
-2.7302
-0.75378
-0.22267
5.4399
-3.2849
0.3033
-2.6571
-0.03513
-2.234
1.7326
-2.6192
-4.6485
-1.5071
1.1676
-1.0844
3.5987
4.6395
2.026
1.7289
4.0217
-4.0439
-9.8264
-11.772
-2.7599
-0.6407
4.9215
3.2836
-2.3205
-4.2062
-2.7511
-3.0601
1.7538
4.5266
2.1125
1.0926
5.5235
0.55729
2.2132
2.9573
1.8826
2.6903
-0.60157
2.2075
1.9361
1.3054
-1.3112
3.4492
-0.34129
-7.4547
-1.0605
4.2971
2.5613
1.8834
-4.2823
0.27537
2.4149
-0.85147
-4.4619
-0.41483
2.3172
-8.6043
-4.643
-2.7723
3.7654
5.9041
6.5948
5.1752
3.3713
0.47447
1.6309
0.53704
1.5771
1.1648
-0.48695
-1.3615
-1.2143
-3.8395
-3.4635
-0.88358
-3.0123
-2.3343
-1.9721
-3.0194
-1.4473
-1.5784
-0.66885
-0.83727
-2.4481
-1.5486
-1.193
0.53939
-1.556
-1.8835
0.90559
1.397
-0.45728
-0.11382
0.93918
1.0271
2.3171
3.1603
2.7622
2.4225
2.5925
2.4466
1.106
0.049317
-0.14105
1.5911
0.52963
0.15906
0.41153
0.0078724
0.69687
-0.13223
-0.34248
0.32632
0.41796
0.51867
-0.99375
-0.2491
0.17152
-0.8508
-0.80998
-1.0013
-0.37284
0.35731
0.38474
-0.35271
0.31734
0.0021468
-0.5943
-0.58441
0.057418
-0.24441
-0.733
0.21341
0.63038
0.32205
0.90748
0.65997
0.45442
0.2225
-0.39481
0.62792
0.28371
0.49819
0.51892
0.40675
0.38635
0.32709
0.696
0.27184
0.2323
0.087619
0.077359
0.22501
0.1195
-0.084317
-0.28725
-0.015936
-0.46116
-0.28394
0.11005
-0.013485
0.33592
-0.043573
-0.079428
-0.25662
-0.044325
-0.11077
-0.11176
-0.091379
0.1741
0.21793
0.13172
0.05824
0.019804
0.29687
0.2697
0.21668
0.26701
0.06345
0.24027
-0.025054
0.0074003
0.0097107
-0.12645
-0.087799
-0.066376
0.010914
0.01017
0.0045321
-0.028874
0.099482
0.20523
-0.26583
0.06341
0.43772
0.51358
0.11335
-0.534
-0.25375
0.057044
0.74288
0.23705
-0.20444
0.0093369
0.11442
0.30983
0.0082446
0.10363
0.1426
-0.13707
0.30979
0.087586
0.090903
0.21532
-0.1813
0.037901
0.23105
0.10978
0.21097
0.034801
0.0026143
0.21208
-0.088777
0.084738
0.26494
-0.044046
-0.014877
-0.083252
0.06918
0.056594
-0.017143
0.061
0.26909
-0.046733
0.059625
0.15512
0.0084268
0.28658
0.091169
0.039809
0.1183
0.09704
-0.044137
-0.12665
-0.047596
0.083476
0.047944
-0.085925
0.034353
0.056377
0.027357
0.20902
0.14361
0.12608
0.10141
0.12828
0.039487
0.11735
0.13234
-0.0024393
0.070903
0.09142
0.080847
-0.010479
0.033482
0.071009
0.15221
-0.026934
0.11062
-0.11273
0.085221
0.077767
0.055358
0.04333
0.11724
0.29709
0.05515
-0.093859
0.37334
0.16061
0.094019
-1.3306
0.1783
-0.68677
-0.83169
-0.84955
-0.63526
0.37263
0.18808
-0.3693
-1.1928
-1.1643
-1.8207
-0.049772
0.3541
0.52801
-0.82899
0.089442
1.4718
-0.23875
-0.57441
-1.0137
-1.5384
-1.4587
2.8567
0.19214
-0.10768
3.3886
6.6074
0.19765
1.7765
3.7891
1.4026
1.2446
-5.1619
-0.48569
4.9331
-2.1949
0.5698
5.1811
1.6793
1.0937
0.43818
6.1781
-1.3169
-4.9144
3.8584
1.2344
-13.526
-5.7286
-0.047293
-3.6017
2.4105
-0.018589
-0.51637
-0.60775
-3.0435
-4.2337
-2.4926
-2.5349
3.178
3.6316
3.6039
3.2801
1.2514
0.56221
1.4128
0.7261
-1.116
-3.2737
-3.4922
-1.314
-0.43924
0.31615
-1.0267
-3.34
1.0614
0.9851
-1.0342
-0.16117
3.5237
2.7269
-1.8875
-0.80952
-0.5826
-0.82585
0.21982
-8.5767
-8.3531
1.8051
2.8183
6.7432
5.7432
3.8726
3.3021
6.097
0.036424
-0.95164
-4.1169
-0.12904
-1.5176
-1.6456
-2.0523
-2.3201
-3.6647
-0.20019
3.4956
-4.1105
-4.2385
-4.5883
-1.5774
3.4535
5.2593
3.8021
-0.5046
-4.9464
0.70412
8.8112
4.8179
8.4677
-0.31891
-3.3978
2.4362
5.5507
-4.9575
-1.0256
0.32061
0.17135
0.75078
-1.9512
3.1564
1.6408
-2.4252
-1.1046
0.31326
-0.1873
1.4483
2.7937
3.2301
1.4008
0.87648
0.28068
-1.944
-0.21844
0.71197
-3.2898
-6.0658
-3.9319
0.54181
-0.24382
0.93756
0.49324
-0.92292
0.85001
-1.8816
0.098626
0.32475
-1.9882
-1.7437
-7.7258
0.30188
-1.9505
0.639
1.6268
-3.3895
-0.9237
0.8198
-0.34102
-1.0495
-1.552
-1.2885
-4.0508
-2.1029
-2.3568
-2.7058
-1.2132
-2.4083
3.4315
1.5492
3.6934
0.34268
4.6282
2.8311
1.2287
-1.0811
4.449
3.2908
-2.0971
0.95135
5.7633
0.70907
-1.0113
6.4994
0.17996
-3.0143
2.8483
4.8137
-2.7143
1.2257
0.5064
2.693
2.1577
-1.6884
2.6522
3.3174
-2.3243
-0.15409
1.7947
1.1753
4.0345
1.0739
0.47401
2.0113
2.0727
-0.33069
1.5923
0.87567
-1.3299
-3.9197
0.82581
-1.6973
-0.28211
-4.3991
-0.77118
-0.34623
0.48587
1.7038
0.39408
1.009
-2.2093
-3.791
-1.739
0.52505
-3.7701
2.1513
-3.5669
-4.9661
-0.21748
2.6403
-0.93293
1.7831
-0.53248
-0.9568
-0.84824
-1.6386
-2.4132
-3.1517
-1.2829
-3.7354
-1.8685
0.63937
1.347
1.1821
2.5056
7.2165
3.0687
1.7538
3.8544
3.5543
-0.81216
3.498
0.018236
-0.33351
2.6425
-1.036
-1.2357
0.832
3.3023
4.2857
-3.3313
5.9391
-0.44173
-2.8755
-0.90687
-4.984
1.3748
2.7632
-1.193
1.9156
5.1645
2.1834
4.1107
4.577
2.7936
1.5175
0.41431
-1.4796
2.0205
1.2127
-1.3298
-4.1197
-1.7782
0.61362
-1.415
-4.1706
-2.8214
1.9954
-1.4992
-0.97093
-1.2066
1.5312
2.0092
1.2718
-1.9274
-2.9252
-3.198
-0.56446
-4.2976
-2.8866
2.7356
-1.8357
-5.5778
-0.98953
-1.319
2.5995
1.7532
-5.1683
-4.4129
-4.0943
-1.9433
-1.3038
-1.1567
0.73474
-0.66013
-2.6201
-0.26307
-2.3393
0.16462
0.24563
4.6968
5.7131
2.4534
-0.71831
2.9098
1.4628
4.2798
0.90556
0.20277
2.2432
-0.56901
-0.087999
-0.99019
1.0152
1.7032
3.0065
-3.5645
1.5021
8.9449
-1.169
-0.68584
-2.251
2.345
3.5302
-1.4146
-0.60582
1.3862
1.3229
4.0664
2.8832
3.4219
2.1815
1.2725
0.88348
3.4042
0.84106
0.78128
-2.7679
-3.3951
0.72307
2.0189
-3.3472
-2.808
-1.2708
0.011126
-2.6405
-2.6847
1.8614
2.9167
-0.59115
-1.7797
-2.9292
-1.9838
-0.88127
-1.5715
-2.0223
-2.53
-2.327
1.6309
-0.092676
0.81965
-0.36297
-2.9218
-1.0227
-3.4839
-0.17968
-2.8016
-2.6797
-1.6084
-1.4705
0.41799
-1.0496
-0.12916
1.8204
0.76075
-0.43192
-0.3069
3.5704
4.0836
4.0115
0.82894
1.3646
2.4055
0.84255
-2.6466
1.922
6.0707
-0.90074
-0.7757
0.63708
1.2248
3.8308
0.83273
-3.0491
7.0454
2.3824
1.9917
2.5084
2.4056
-1.0673
1.238
4.7212
1.6193
-0.83373
1.4567
1.4402
1.5458
3.0437
3.8069
1.463
1.2105
1.4737
2.7053
1.0745
-0.37893
-3.8723
-3.1089
0.95639
-1.9098
-2.7047
-1.3096
-3.1256
-0.22342
-1.529
-1.459
2.5221
2.6027
-1.1141
-2.9163
-3.105
-1.3381
-0.92718
0.62527
-1.9012
-4.3115
1.7448
2.8196
-0.083099
-1.001
-3.0935
-1.1738
-2.8997
-2.5369
-2.0597
-3.81
-1.7573
-1.4193
0.79853
0.26862
1.4477
1.9595
-0.20978
1.3212
-0.30186
3.2757
5.6446
1.7195
1.7619
1.8458
3.8731
2.1595
-0.38056
0.22844
4.7147
0.50683
0.19332
0.25717
-0.066438
1.0712
4.0534
-3.5161
1.1234
8.3082
0.60365
1.1312
-2.7281
-1.3426
5.5591
3.1874
-2.3299
-0.16474
0.42673
4.2685
2.5623
3.3986
3.6668
2.2144
-0.4175
1.2021
1.475
0.92201
-2.9751
-3.9627
2.0811
2.5395
-4.9021
-3.9378
1.1763
-1.3357
-2.592
0.37376
1.9962
0.80306
-2.879
-3.043
-2.2377
-0.29498
1.2653
-1.2631
-3.8776
-3.4599
0.53434
1.8246
-1.4705
-1.8283
-2.904
-2.2498
-2.5281
-0.42966
-2.0913
-1.5463
-0.69773
-0.18999
-1.1647
-2.8227
-3.2557
1.8596
0.47844
0.85957
0.081911
2.2583
4.896
2.7773
0.44351
0.70534
3.6886
-0.94839
-2.3833
3.0481
3.1758
1.055
4.2539
-3.2088
3.0008
2.2942
1.1751
-0.53584
-1.6224
4.8548
4.9641
-2.8619
-3.8572
0.89014
3.4837
2.8634
-1.0198
2.2301
2.2078
2.5415
4.7512
0.49147
0.077199
1.7972
1.2597
3.0889
-0.21996
-2.9828
-2.3887
-2.6076
1.0843
-1.9098
-2.6421
-3.8846
0.71857
-2.8887
-1.0475
-0.69633
1.8866
0.55676
-0.15765
-1.2063
-3.2323
-0.80553
-1.1446
-2.4978
-5.0493
-3.3825
-1.5349
1.5298
2.2752
-2.3372
-1.8969
-1.3287
-3.3754
-2.2096
-1.7451
-0.9027
-0.74407
-0.91901
-1.0632
-0.2201
-1.2324
0.85781
1.1247
1.0541
-1.6556
3.9913
6.7863
1.2523
2.4999
5.9714
-2.6648
-0.51401
3.7199
1.9585
-0.18922
-0.095185
5.127
0.62042
-2.9838
8.7559
0.92339
1.168
3.7021
0.47231
0.73355
2.4589
-0.7598
0.53212
5.3642
2.8302
-1.4735
0.68413
1.3606
1.9949
4.3659
3.7219
1.7067
1.2571
-1.5601
2.6234
3.5998
1.0689
-3.0724
-5.6538
3.6262
1.0458
-4.815
-3.8867
1.1051
-1.1827
-0.7052
-1.2961
1.4176
0.74649
-0.31299
-2.3329
-0.77242
-3.0146
0.65759
-0.85328
-5.1055
-2.3944
-1.1704
1.992
1.9979
1.1913
-3.3532
-0.61197
-2.4111
-5.2674
-0.83653
-0.89183
-3.1372
0.3303
-0.72314
-0.21304
-0.74533
2.7385
-0.081574
-1.8217
-0.99247
7.3225
6.3234
3.3243
-1.0237
-1.3508
4.5128
-1.8508
-0.89707
4.8537
5.9965
1.3921
0.049128
-1.4295
-1.5349
6.8415
5.0999
-0.68133
-1.3941
-1.238
-1.4446
1.6888
-1.7637
-4.4196
1.4976
2.0594
3.4544
1.1302
3.4788
2.854
-0.65313
0.67374
3.6022
-0.028878
2.1174
2.6724
-1.3588
0.65395
-3.972
-2.4399
0.27785
-3.9892
-3.175
-2.4202
2.86
2.6739
-3.5128
-2.9987
3.7295
1.2142
-3.2081
-2.8962
-1.8681
0.58622
-1.9361
-1.9656
-2.8712
-1.9636
-0.2158
-2.1801
-0.59765
-0.87558
-0.71495
-0.01161
-4.164
-3.3178
-2.1719
-2.1285
-2.6524
-0.90034
-0.86486
2.0217
-0.444
2.6913
2.9356
1.8292
-2.5418
3.5602
3.0989
4.3301
1.0962
4.0639
0.18646
2.7787
0.98262
-1.172
2.5849
1.1212
-0.89779
1.1372
3.1578
0.77674
0.25527
2.2635
5.1574
3.7014
-0.55136
1.5011
2.1316
0.75804
0.71189
2.0805
2.746
0.40636
-0.51525
-0.013255
1.2166
3.2591
3.014
2.4146
2.3248
-0.153
-0.099033
0.24885
0.21302
-2.633
-2.6037
1.8157
-1.4967
2.6618
-4.9785
-1.5928
0.32701
-2.5954
-1.3083
1.4431
0.037912
-0.036756
0.23277
-0.99933
-4.1152
0.46926
1.1051
-4.7237
0.99926
-1.5107
-1.6927
-1.9252
1.5088
-1.9158
-0.95319
-4.2092
-2.7797
-2.7888
-2.6755
-0.84538
1.3556
0.39341
0.038091
-1.2371
1.376
-1.2513
-1.3294
0.33319
7.2253
3.8719
3.0749
0.70944
1.285
-1.8866
5.7592
-4.277
7.4427
2.0872
-0.57354
-3.5529
0.66448
1.1581
5.8085
2.7508
-2.0884
4.5755
2.1258
0.65692
1.4406
0.58992
4.7577
4.5925
-0.70684
-0.35506
-0.64598
2.5872
3.6181
1.9042
1.1351
3.5305
-0.088592
1.0845
1.346
1.2087
-0.41116
-4.0985
-2.0654
-0.88414
1.3997
-4.3367
-2.7547
1.9141
-1.4224
0.099346
-0.49384
0.51912
2.6889
0.17098
-0.060287
-0.92715
-5.8168
0.60375
1.2975
-2.6751
-0.53209
-1.3769
-6.8141
-5.3947
-1.833
3.2265
2.6912
-3.166
-2.3055
-3.1105
-1.9132
-1.9889
-1.1857
0.24226
-0.049126
-2.3639
1.6337
1.0915
0.11621
0.078451
-0.11236
6.486
2.2831
1.3036
-0.70823
4.073
0.36057
-3.1993
4.3992
1.4002
-3.7663
4.3159
1.8296
0.32778
-2.0118
4.1811
-2.329
5.1443
4.975
-0.89472
-0.96227
-1.3828
-1.2338
3.6054
1.0208
-3.4387
1.6897
0.32894
1.998
1.7106
2.0195
2.1455
2.928
0.87205
-0.0227
1.6735
2.2353
1.2369
-2.0707
-3.3901
0.59136
2.0936
-5.0813
-2.0749
0.010367
0.31489
-1.1823
-0.91522
1.4911
1.6956
-1.4522
-3.9139
-4.1401
-0.20267
1.5906
2.8961
-4.9579
-0.26391
-3.7491
-6.0354
-4.8023
-1.8195
2.0387
-2.8733
-2.3296
-2.5376
-0.7762
-3.0346
-2.3136
-2.0087
-0.025564
1.067
-1.8048
3.5309
0.21561
-0.89207
-1.7858
3.4494
4.3227
0.91992
3.191
1.761
-2.5954
6.13
3.1776
-7.2873
-0.53198
3.1268
4.7045
0.43437
-1.6205
3.896
2.685
-2.2568
-3.1335
5.7759
3.6746
2.8221
1.4011
2.2974
2.7766
-0.76994
0.4291
1.0838
0.7472
2.9037
4.0861
1.7781
0.29906
-0.51684
0.8652
4.4397
2.5606
-0.5988
-3.7342
-4.0316
1.6001
-2.3088
-0.037891
-0.76531
-1.0367
-0.097571
-0.82497
-2.8511
2.4271
1.7479
1.2361
-0.69524
-4.7785
-2.566
-0.31715
2.5755
-3.1883
-4.4964
0.66642
-2.3628
-7.333
-1.9985
1.3566
-0.13672
-1.7887
-3.3752
-1.9742
-2.3762
-1.434
0.49789
-0.78513
-0.19808
-1.1696
0.56073
3.3796
0.39485
-0.81354
-0.48024
4.8964
4.0174
2.6834
0.53043
1.7046
2.6741
-1.8495
0.66898
1.0902
4.378
2.1897
-1.9446
-0.13168
1.576
4.7616
-4.6263
3.3966
8.9504
0.25335
2.4997
-1.2247
0.088362
2.1235
3.7613
0.03348
-2.0778
0.9206
1.835
3.2372
3.6138
3.5748
2.0879
-1.3141
-1.3922
2.9026
-2.1603
-3.9089
0.85229
1.761
-3.4899
-2.7433
-2.715
1.7349
0.10381
-0.32304
1.4812
1.1042
-0.86639
-0.9443
-1.5432
-2.0082
-1.0803
0.67349
-3.2558
-3.1566
1.855
-3.2751
-4.8073
-1.7757
-0.07365
2.882
1.7598
-3.8285
-3.2246
-2.4116
-2.6028
-2.0744
1.0599
0.1007
-0.75585
-1.5805
2.1898
2.136
-1.7573
-1.0172
5.423
5.8637
1.4418
-1.7341
3.159
4.9602
-3.6151
2.411
3.4235
0.61229
1.3017
1.089
0.79162
2.3952
3.0333
0.35547
0.22541
1.1012
4.0782
2.0778
-1.1173
-1.1058
2.0412
5.0128
2.9506
0.89813
1.4645
1.4374
1.1645
1.7069
0.35056
1.798
0.69322
-0.1824
2.8401
1.0602
-0.18467
-4.7003
-2.7596
1.7634
-2.1094
-2.1073
-0.91386
-0.53659
1.5426
-4.4271
-4.026
1.8773
2.6476
-1.2816
-0.96954
-1.9828
-1.7745
-1.434
0.2539
-4.0476
-5.4878
2.7023
0.86954
-7.2619
-4.3568
-0.085423
2.2292
-1.114
-3.755
-2.6178
-1.9743
0.77133
-0.97398
0.79213
-0.24665
-1.3648
1.0965
-1.741
0.56234
-2.5862
2.4541
8.501
3.2427
1.3728
-0.75176
1.6223
0.83978
-0.099015
1.5559
3.3188
-1.09
4.1579
0.68858
2.3031
5.3482
0.6646
0.002321
3.3537
-1.2653
-1.7833
1.9596
-0.58229
4.1893
0.95585
1.6127
-0.062871
0.67484
-0.31432
1.053
4.2517
3.4633
1.7129
0.88839
-1.6256
-0.086117
3.4313
-1.5317
-5.5509
0.79442
0.21943
0.83923
-4.2416
0.16833
1.4874
-2.1441
-0.12445
1.0313
-0.37753
2.542
0.37488
-3.0668
-0.18994
-0.99439
-1.6659
-3.5106
-0.31449
3.5375
1.248
1.9017
-0.086183
-2.0664
0.24037
-0.67692
-4.4293
-3.2839
-2.6375
-2.5139
-0.32238
-0.49862
0.87778
1.1639
-3.6095
0.088025
-0.81347
-1.8893
-0.45363
7.4015
5.461
3.9296
-0.50798
0.84184
4.5816
-2.5387
3.2399
4.5196
0.35203
2.5915
2.0244
-2.4116
0.10686
2.3961
2.0709
3.7553
-1.1528
2.9235
0.78
-0.01729
1.9373
4.9461
0.74719
3.0415
3.0385
0.53851
0.41331
2.3221
-0.14596
1.7011
2.2001
1.3147
1.56
1.594
-0.47103
1.1651
-5.3964
-2.2811
2.8849
-0.61837
-3.5144
-4.9345
2.016
1.0332
-3.5051
0.5704
3.1256
2.0271
0.056452
-2.3671
-2.7712
-2.2748
0.10183
-0.9968
-3.2713
0.01278
-1.1325
-2.7275
-5.2625
-2.0296
-2.1265
-3.3429
-1.7602
-0.82998
-2.5203
-0.019096
-1.1939
-1.9928
-0.57357
-1.1463
0.43845
-0.57049
3.1133
0.30196
-1.2548
6.7306
1.386
0.54433
-0.35876
1.2399
0.68755
1.48
1.1858
-5.3981
7.6959
4.9848
-2.2524
-5.4479
2.9053
3.4659
3.1487
-1.0688
1.179
-0.52471
3.2611
1.7335
0.72573
3.3476
3.3247
-2.7037
-0.03051
3.1951
2.5453
1.3161
1.7752
3.4694
0.46209
0.76451
0.32637
1.8274
1.5837
-1.8703
-3.5007
-0.13809
1.4703
-1.688
-1.3523
-2.4011
-3.1368
0.12619
-0.52706
-3.1308
0.8029
3.7019
0.97354
-2.0466
-2.8781
-0.51865
1.0847
0.48714
-2.7318
-7.2349
2.1728
-4.0608
-5.2285
-2.4736
-2.0321
-1.3745
-4.1573
-2.931
-2.9217
-1.3545
-1.8572
0.80264
0.12829
0.12415
-1.462
2.2337
-0.98893
-1.079
-0.12917
1.3156
4.9783
1.6337
4.8029
0.60329
-1.4532
2.7673
-0.7231
-1.8445
6.0879
-1.2029
0.45315
1.2805
-2.8891
4.7922
-0.25956
0.89037
2.1744
4.5398
-0.57592
3.3919
0.88392
-0.60255
2.7625
3.2423
0.85945
-1.5128
1.8025
1.7167
1.3847
2.1808
1.5225
0.58278
0.085689
2.7512
1.8189
-0.28097
-3.8909
-3.1586
1.1631
1.4989
-4.2636
-2.729
1.944
-1.2599
-1.767
-0.07869
1.3384
-0.20337
0.55859
-1.3854
-2.0881
-2.2417
-3.0891
0.20489
0.3507
-3.43
0.58111
-1.5179
-6.6607
-8.767
0.12222
-1.2777
-1.8705
-3.4083
-0.96298
0.099503
-1.1279
0.43315
-0.35839
-1.6166
-0.36376
1.3966
-0.021199
1.0176
-1.5464
5.6664
5.6651
1.7666
1.618
1.6756
2.0298
0.83454
-2.9553
2.1978
6.4074
0.84261
0.46254
-0.83522
-0.24597
3.092
5.655
0.016828
3.6387
-4.2749
1.3425
0.42219
-4.3269
0.97952
2.733
0.8862
0.06935
0.44347
2.0895
3.3625
2.7954
1.7748
0.74636
-0.76396
-0.3079
3.6205
3.1623
-1.1214
-2.7552
-2.8963
2.212
-0.15866
-2.6501
-4.5192
0.24554
-2.1811
-0.7516
-1.2529
2.1582
3.0227
-1.6236
-0.92021
-2.5462
-2.8511
1.2642
-2.7106
-3.9865
0.47121
0.23554
-1.5847
-1.2209
-1.3788
-1.9272
-2.7133
-2.266
-2.7943
-2.307
-2.2793
-1.4472
-0.046877
-0.40878
-0.57003
-3.0822
1.7838
1.6634
-1.3457
-1.4381
5.3261
6.8693
4.3371
1.9959
-2.3275
2.0795
3.3209
-2.351
2.9571
5.2152
2.1125
-0.55155
-2.5115
-0.39762
3.855
1.5345
2.0369
3.3025
4.9894
1.4423
-0.351
0.76253
-0.67205
1.9343
2.0755
1.6893
-1.0096
2.271
1.4688
0.73487
1.5834
2.7037
2.1112
0.60272
-0.25426
2.5984
1.7515
-0.008281
-3.7955
-4.0783
1.9125
0.66252
-3.6902
-4.0587
1.924
-1.6798
-3.0012
-0.55839
0.42299
0.010408
-0.01487
-0.031273
0.34762
-2.0376
-0.0024289
0.20067
-2.7526
2.3624
-1.2596
-6.4243
-2.2012
0.12577
1.5992
-0.46341
-4.8203
-2.4045
-1.6461
-1.5867
0.47951
0.28422
-0.26473
-0.86875
-3.1889
1.3283
-0.63527
0.21147
-0.080862
2.5553
5.8089
3.6735
0.91414
1.9713
1.5039
-0.24728
-0.11265
3.1174
4.8678
-4.0477
0.11239
0.22757
1.197
1.5808
9.9785
-3.5959
4.3269
-3.3054
-2.5342
5.219
-0.56807
3.4573
4.3886
1.5929
1.8597
-1.6701
0.15581
2.0867
3.5384
0.23706
2.3069
0.30542
1.3554
2.1213
-0.27828
-0.657
-2.8815
-1.0931
0.88893
-2.1043
-3.1965
-1.233
-1.2525
0.70394
0.84152
-2.7286
-0.70352
3.1482
-1.1039
-3.1487
-1.0635
-1.6223
0.026453
-2.6119
-2.0379
-2.5335
4.3636
-3.2635
5.5864
-0.92018
-1.5887
1.2603
-2.5594
-1.8931
-2.9606
-2.4259
-3.2643
-1.4638
-1.4113
0.19178
-0.32538
3.1458
-0.87943
0.52311
-2.8278
0.61387
5.7536
4.8536
1.3908
3.7358
1.6927
0.17884
-3.4337
0.77445
4.1064
-2.0297
-0.89448
2.3453
1.7459
-1.1533
1.5763
1.397
-1.3308
5.914
0.69006
1.2276
-2.3134
-1.3032
3.4166
3.8242
-0.34398
-0.24387
0.99746
1.2402
3.4249
2.5502
2.7653
2.7136
-1.0879
-1.1178
2.3517
2.4789
-2.0556
-2.7058
1.8442
2.1632
-1.0327
-0.13689
-0.81475
-0.22591
1.1287
-1.604
-0.3149
2.1482
-0.35086
-0.38667
-0.3416
-1.9038
-2.3154
1.1432
-4.778
-1.3354
-4.4372
-3.4365
-4.3469
-2.4742
-0.14477
0.81358
-1.9849
-2.7234
-1.5448
-3.0684
-1.9301
-0.12716
0.92068
-1.8448
-0.71814
2.8938
-0.97557
-0.42208
-1.697
3.8555
7.7301
2.6701
0.20846
0.26395
0.59756
-0.86649
-0.15173
1.4635
5.3446
-1.2043
0.77728
2.6769
0.20886
1.0635
4.7416
-3.8525
1.3619
7.481
1.2683
0.42695
2.4465
-0.76731
0.59103
4.2453
2.0147
1.182
0.20634
-1.0838
1.2902
2.5334
2.1168
2.7868
0.33481
-0.69167
3.7979
2.0634
-1.0885
-3.3552
-2.6535
0.78284
-0.93917
-3.5647
1.2018
-0.66199
0.66525
-2.3258
1.6788
0.43675
-0.42034
-1.8787
0.13017
-1.0673
-1.191
-0.32069
-2.6174
-0.020044
-4.4183
0.48799
-0.15853
-4.6045
1.2295
-2.8496
-0.96062
-2.6139
-3.4826
-1.1741
-1.6767
-3.7278
-0.65368
-1.0666
-1.2584
-0.43143
1.8902
2.1153
1.1666
-2.1002
3.0278
4.7293
1.9688
2.3795
-0.10699
3.0128
-2.0024
-0.0447
0.75583
-0.069406
3.4293
2.9962
-0.91836
-1.2966
1.204
1.8751
1.3477
0.6965
1.7773
-0.7268
3.1678
3.1421
3.5231
5.6137
3.7211
4.0803
1.625
-0.61926
-0.40502
-0.25553
1.6886
4.8537
-0.23607
0.1596
2.3984
0.77044
-0.55804
-3.642
0.8822
2.0088
-2.8134
-4.4349
-0.85638
-0.49952
-1.4732
-1.6586
2.5986
2.7139
2.5942
-2.8375
-5.5656
-1.3561
-0.054551
0.015771
-3.3758
-1.248
2.4014
-1.4002
-3.7975
-6.5072
-4.1603
1.6705
-2.448
-3.5485
-1.7563
-4.486
-1.7737
-0.86104
-2.4997
-0.42988
-0.56605
-3.6944
-0.075765
-1.1981
0.19467
1.2389
1.8715
5.3397
2.8262
-1.1533
1.8167
4.2797
0.40957
-1.9415
4.0022
3.7693
-2.2646
-0.42102
0.077137
-0.78792
3.3767
3.4676
-1.3727
0.20145
0.91588
0.094559
4.0374
1.7117
1.1463
3.9187
2.0235
-0.89137
0.87526
0.4302
0.25246
0.074375
2.1047
3.4773
0.89637
-1.8688
4.0517
3.2531
0.020583
-3.4834
-2.486
1.2701
0.4702
-5.0375
-4.9392
2.5054
2.8943
-4.4133
-3.2357
2.9399
2.693
-2.0111
-1.0231
-0.85768
-0.31891
-1.3701
4.0492
-1.4308
-7.9021
-1.1268
-0.28751
-1.2607
1.7342
1.4087
-1.9592
-2.0354
-2.2816
-3.6929
-2.7046
-1.9954
-2.0269
-1.7968
0.31532
0.82178
-2.435
1.0189
1.5099
0.3172
-0.66408
1.502
5.3393
0.25445
5.1441
-3.1706
0.18356
0.22358
0.54363
1.1531
5.7724
1.5937
-2.9516
-0.46679
-0.7326
2.4677
2.6923
1.0637
4.0598
-2.7697
5.5156
1.9824
-1.7924
-2.0476
1.8622
2.6103
2.4227
0.74799
0.48844
1.1575
2.3565
2.423
0.43157
0.040789
0.92107
2.9104
-0.55476
-2.7552
-3.6638
3.2933
1.4952
-4.04
-3.1197
-1.5664
1.8047
-4.4248
-3.7761
0.67401
0.99004
0.3493
-0.84667
-2.6178
0.86357
-1.054
-1.091
0.49292
-6.119
-0.056447
7.904
-6.1871
0.012393
-2.8203
-1.4148
-0.42032
-3.9923
-3.6366
-1.7116
-1.327
-1.2624
-0.63246
-0.147
0.078411
-3.4062
0.88567
0.083577
-0.92805
0.065917
1.1173
5.5752
1.0666
2.1326
-0.16143
-0.12637
4.9324
-2.0229
-0.92745
0.87374
5.8826
-0.39313
-2.5263
0.89612
3.9087
1.3387
-0.255
6.8996
-0.88353
-1.5366
1.266
3.171
4.3015
0.12495
-2.1941
-1.9188
2.4014
0.85726
-0.14664
2.5789
1.1736
0.86649
1.3475
1.6817
3.3803
1.5454
-2.1858
-3.4978
-1.037
3.1139
0.5125
-4.6817
-3.8683
0.53989
-3.4122
0.58547
1.1527
2.2842
1.6891
-0.96635
-0.40595
-0.86922
-3.5406
1.6942
-2.1608
-1.2223
-0.702
-2.1997
-1.4702
-4.5098
-8.2943
0.91695
-4.9861
-2.313
-5.9667
-2.8991
-1.1238
-1.8314
-2.3226
-0.51351
-0.030884
-0.77938
-3.38
-0.67587
-0.56085
-1.4578
1.5008
5.0398
1.4116
1.4246
0.49654
-0.12983
-1.746
2.7473
-0.89026
-2.072
4.6822
4.4825
-1.8696
-1.0677
-2.3053
4.0533
2.4604
-3.1902
7.8106
5.703
-2.3259
0.588
1.3403
1.2501
2.5809
0.41235
2.5222
-2.7649
-0.78903
4.0288
3.2039
1.8662
1.6889
0.60867
-0.65167
1.2772
0.086263
-1.9325
-3.0872
2.3445
0.5713
-4.3348
-3.1233
-1.0082
-0.21677
-0.1765
-0.78582
0.13062
-1.5114
1.0402
0.62925
-1.4707
-2.2968
-1.4843
-0.94445
-0.57042
0.58153
-3.0057
4.3203
0.21339
2.4054
-0.10398
-2.7232
-1.0369
-5.3421
-4.3924
-0.40958
-1.6252
-2.9882
-2.2703
-0.23912
-0.77416
-2.356
2.4832
-2.3591
2.5293
-1.3389
0.85235
4.7875
2.0936
0.18162
4.5876
-3.017
-1.5382
0.67065
2.2124
2.067
1.8955
3.0552
-1.545
0.6921
0.21557
5.2298
-6.3776
2.7409
5.7957
0.40711
-1.0721
-3.2101
1.1541
4.5047
3.5188
-0.32011
-0.72091
0.24962
2.1264
3.1953
1.4388
1.0141
1.9394
0.68847
3.9029
2.6463
-0.075179
-1.7114
-1.647
2.8057
0.42522
-3.2478
-3.1591
0.13861
1.5628
-1.5268
-2.0016
1.8471
-0.56585
-2.3738
-1.8717
0.5623
-1.4147
-0.59739
0.65668
-4.5775
-0.69861
-0.16363
-4.1557
0.8042
-2.4998
-1.5857
-0.82577
-3.3918
-1.9235
-3.47
-0.12286
-2.3046
-3.2463
0.23001
-1.7602
-1.8482
0.81845
0.44086
-0.54303
0.70203
-0.137
4.3822
-0.95916
-1.1314
2.4052
1.9239
-1.1221
0.88235
-1.1825
-0.18652
-3.2737
-1.2247
-2.8862
-0.71364
3.8323
4.3929
-1.5895
-1.2104
3.3143
6.2837
-1.8042
0.24442
1.732
-1.4045
-5.3182
1.1844
-2.3085
-2.4621
2.572
2.152
2.8529
3.2231
1.9915
2.8137
1.0806
1.1379
1.7912
-3.0058
-1.5333
0.14312
-2.7732
2.8819
2.2517
-4.0305
-8.8134
-0.27428
0.73616
-0.70586
0.13397
1.5735
-1.1425
-1.0497
-0.89199
-2.269
-0.35664
-2.6233
-4.107
-2.8983
0.1458
-3.2343
-2.4157
-0.061611
-1.2232
1.3208
-1.5304
-1.2523
-2.686
1.5097
-2.1766
-4.7507
-0.74592
-1.4661
-1.7592
-2.0369
0.29766
-1.943
-2.5593
3.2175
-2.4308
-0.098924
-0.22807
-2.1265
3.537
-0.74631
4.299
4.9224
-2.2434
-1.5674
0.41493
-0.12145
0.60262
-2.1163
1.9786
0.34647
-1.0654
1.1455
-2.3214
2.2797
0.67658
1.8688
6.2765
-2.5062
-0.24252
3.3443
4.183
-6.5113
-3.1009
1.1738
1.582
4.5822
-2.0585
-2.4218
0.14998
0.077907
1.3603
1.5282
1.5518
2.9526
0.50563
3.5024
2.3579
-0.012225
0.19997
0.84497
-1.4291
-1.8587
-5.4617
2.1573
-0.23996
-4.2886
-2.8001
-2.1608
3.6417
3.1232
-0.075812
-1.6439
-1.2619
-2.8579
-3.7627
-0.81934
-2.0298
-3.2041
1.6543
-0.10977
-4.3095
-4.0318
0.084913
-0.64495
-1.1295
0.54712
-5.0818
-0.95395
-3.6356
-1.6535
0.79892
-0.14906
-2.2381
0.23761
-1.0262
-2.0797
-2.8398
-0.68875
2.4235
-0.71363
3.025
-0.37569
4.9573
1.8289
-2.0163
2.5969
-1.0387
0.83527
-3.6761
7.9515
-0.54231
0.027116
1.9366
0.15375
-0.61089
1.1349
-0.85129
-3.3227
4.2832
9.3291
-3.4161
-0.19067
4.5352
2.0909
-0.93438
3.2716
1.3601
-4.2661
-0.762
-0.145
0.18413
-2.2116
1.592
-0.94661
1.2475
2.2359
-1.747
1.4703
2.3645
3.1842
2.1696
0.10988
2.3491
-0.35195
-0.09018
-6.3452
-3.0733
-0.083008
4.019
-4.4285
-4.5345
-4.5704
-2.7703
6.3951
5.0657
-1.1732
0.81798
0.46589
-4.0287
-1.6167
-2.2999
-2.6789
1.0234
2.5775
1.7533
0.21101
-2.467
-1.6237
0.52682
-0.53472
1.5032
-3.2217
-2.2735
-1.5035
-2.4882
-0.26165
-4.6095
-0.90971
-1.7255
-2.2754
-4.883
-0.55243
0.91103
0.41489
-1.6485
-2.0513
2.6348
0.44326
-0.44679
3.7462
0.37779
0.27568
-3.1659
-5.5541
1.9167
4.4658
-1.1383
-0.96929
0.83908
-1.4247
3.9668
-0.83941
-1.253
3.1882
2.443
-4.9566
2.7174
5.7096
-1.3476
-1.5713
0.2077
0.054427
-0.84294
1.5691
-1.3315
-0.11151
0.35935
0.37918
0.98265
0.90672
1.6676
1.461
-1.5544
3.5049
3.4286
1.3889
-0.32456
1.9549
1.9285
-5.6146
0.21924
-3.2758
4.6874
5.3953
-6.4767
-9.9351
-1.6839
2.6519
2.41
0.76282
-2.3569
-3.802
-1.2587
-1.841
-0.84162
-1.8405
4.8729
1.6477
3.4367
-1.097
0.46257
-0.29648
-1.0488
-3.5265
-0.24908
1.7844
-0.67732
-1.0481
-1.7285
-0.58894
-2.4067
-0.75834
-3.2174
-2.204
-1.7606
-0.76242
-3.3958
0.36418
-0.36671
3.137
3.3711
4.5673
-2.5455
-2.3096
0.60678
2.3036
-2.2262
-4.5521
2.473
3.9847
1.145
-2.9301
2.4676
4.5734
-0.28401
-4.1032
-0.089044
9.6348
-3.981
-6.2629
8.2592
2.4063
-0.82465
1.1235
-3.9567
-1.625
-0.26883
-0.79738
4.4621
0.16345
-1.8741
1.6434
1.2368
1.1546
0.75578
-0.15764
3.6801
2.1276
1.1041
2.4203
1.8762
-0.48048
-0.49427
-2.4811
-3.0282
3.3154
4.0063
-3.9211
-7.5227
-1.8229
-0.14139
3.99
1.1876
-2.0138
0.68029
0.46601
3.0425
-2.8226
0.58683
-0.9049
-3.3388
0.71742
0.53807
4.3855
6.9583
-2.223
-3.2815
1.5467
4.5579
3.8778
-1.3805
-2.2912
-1.6175
-1.4351
-3.2912
-0.95227
0.15131
-0.80595
-3.0712
-2.5836
-3.809
-1.0057
-0.88149
-1.2855
0.73469
-0.069581
-0.98658
-0.60561
-0.6747
-0.60156
0.098175
-0.20492
0.44581
1.0212
0.90436
-0.42792
0.60696
0.70929
1.615
1.3199
1.4661
-0.24735
0.80977
0.084251
-0.083174
0.14708
0.4701
0.27897
0.082358
-0.8615
-0.57675
-0.33378
-0.77198
0.016285
0.26813
-1.0699
-0.77932
-0.84226
-0.57917
-0.04125
-0.32817
0.30196
0.21823
0.031296
0.25367
0.21492
0.12167
-0.092213
-0.49348
-0.40672
0.15209
0.34156
0.52906
0.68587
-1.6797
-1.4868
-1.4783
-0.1174
0.94734
0.33636
0.95977
0.55459
-0.60015
-1.2728
-0.83806
-0.79396
-0.62649
-0.058435
-0.13807
0.13638
-0.15948
0.29788
0.22795
-0.35607
-0.62972
-0.55695
0.046022
0.039222
-0.018056
0.01388
0.045788
0.26569
-0.10205
-0.28614
0.044822
-0.24377
-0.18701
-0.27705
-0.49944
-0.32504
-0.26977
-0.24161
-0.14456
-0.16968
-0.41527
-0.42269
-0.26643
-0.22246
-0.13509
0.037386
-0.020124
-0.036646
-0.26191
-0.14454
-0.25223
-0.082606
-0.10685
-0.080549
0.13373
-0.10893
-0.15419
-0.28413
-0.30062
-0.19617
-0.27272
-0.1461
-0.23311
-0.0096737
-0.58057
0.71973
-0.48665
0.014995
-0.1633
-0.32129
-0.060042
-0.64941
-0.90027
0.12586
-0.47212
0.26833
0.21191
-0.772
-0.66822
-0.20892
-0.12301
-0.30266
-0.50378
0.049516
0.20179
-0.38279
-0.063865
-0.24423
-0.52381
-0.13492
-0.13445
-0.098005
-0.036327
-0.15312
-0.21791
0.15899
-0.021301
-0.19961
-0.079188
-0.089289
0.10778
0.0029918
-0.039112
0.013315
-0.048827
0.037059
-0.032758
-0.045547
0.00068358
-0.21959
-0.18489
-0.16207
-0.24046
-0.22491
-0.15638
-0.274
-0.20568
-0.16734
-0.3617
-0.24695
-0.21122
-0.252
-0.19565
-0.27721
-0.19948
-0.1494
-0.12588
-0.088881
-0.15146
-0.10943
-0.062343
-0.12212
-0.10083
-0.010469
-0.058276
-0.096946
-0.09555
-0.08639
-0.14914
-0.12041
-0.13263
-0.11687
-0.18455
-0.1446
-0.1252
-0.11715
-0.14299
-0.17816
-0.20387
-0.20569
-0.10717
-0.32826
-0.05944
-0.12882
-0.061563
-0.066015
-0.39935
-0.16483
0.065853
-0.24727
-0.046034
-0.023724
-0.096098
0.092061
-0.058276
-0.018124
-0.068492
-0.05454
-0.11169
0.19854
-0.14711
-0.1432
-0.036458
-0.12433
-0.16198
-0.18379
-0.30735
-0.22807
-0.37537
-0.27756
-0.23527
-0.38234
-0.27795
-0.26862
-0.11989
-0.16756
-0.077255
-0.2213
-0.28507
-0.40548
-0.46307
-0.41655
-0.20627
-0.067407
-0.1248
-0.28265
-0.10031
-0.20385
-0.34365
-0.25469
-0.051472
0.069606
-0.038672
-0.17018
-0.17334
-0.23512
-0.17419
-0.16366
-0.17045
-0.063379
-0.27884
-0.25201
-0.19
-0.26275
-0.24591
-0.26938
-0.1664
-0.24036
-0.37954
-0.25624
-0.037698
-0.26648
-0.37959
-0.1948
0.25715
-0.48409
-0.61487
-0.15637
-0.56913
-0.74755
-0.54126
-0.015626
-0.18672
-0.63622
-0.42624
-0.55733
0.49902
0.14562
-0.072809
0.3351
0.1519
0.07583
-0.35128
0.26101
-0.086391
0.23713
0.10472
0.053843
0.089982
0.19422
-0.30633
-0.41431
-0.54203
-0.41043
-0.36414
-0.19956
-0.22978
0.16939
-0.1291
-0.10204
-0.20284
-0.43421
0.32094
-0.78485
-0.9417
-1.4519
-0.32269
0.38
-0.3271
0.28315
0.11375
0.70408
-0.37053
-0.59623
-0.39288
-0.086617
0.079364
0.022709
-0.059402
-0.19261
-0.36515
-0.24177
-0.22746
-0.50518
-0.30314
-0.046169
0.0094945
-0.51748
-0.53975
-0.39723
-0.59616
-0.49231
-0.54195
-0.69169
-0.94845
-0.17097
-0.31092
-0.62184
-0.06797
-0.13338
-0.94478
-0.12416
-0.14726
-0.33877
0.023544
-0.064396
-0.55083
-0.097296
-0.18995
-0.26376
-0.22928
-0.24688
-0.034245
-0.6365
-0.47218
-0.30195
-0.41016
-0.30009
-0.20523
-0.13312
-0.022814
-0.045544
-0.10867
-0.21511
-0.14999
0.015627
-0.072983
0.11961
0.16125
0.031789
-0.10369
0.073984
-0.69277
5.3291
-6.5578
-9.5465
-3.4735
1.5358
0.53252
2.0989
-0.38707
-1.2191
-2.5267
-1.5997
1.3524
1.6462
1.2379
0.68709
1.117
1.4902
1.2333
0.37245
0.8069
1.1069
0.82342
0.42592
0.21691
0.065323
-0.1642
-0.17918
-0.62485
-0.46934
-0.51498
-1.2648
-1.191
-0.78134
-0.5183
-0.64002
-1.1447
-0.34507
-0.52849
-0.97253
0.11406
-0.34336
-0.10108
0.010942
0.033319
-0.035319
-0.77536
-0.11317
0.55272
0.57077
0.49232
0.66973
0.83526
0.97954
0.74427
0.73125
0.4982
0.57892
0.44195
0.29362
0.17147
-0.13142
0.15855
-0.07235
-0.31723
-0.1616
-0.14137
-0.89908
0.032684
-0.78644
-0.13202
-0.7029
0.020505
-0.014105
-0.52435
-0.47951
0.030932
-0.60561
-0.23467
-0.5961
-0.25052
-0.35589
-0.4911
0.2878
-0.45728
-0.41676
-0.024465
-0.31971
-0.055682
-0.43296
-0.25899
0.64471
-0.66438
-0.2333
0.42379
-0.28154
0.077892
-0.33095
0.069135
0.62996
-0.73587
0.0016849
-0.10427
0.034162
-0.27755
-0.54178
0.25695
-0.42779
-0.57524
-0.58157
-0.3081
-0.39823
-0.85681
-0.7457
-0.14251
-0.67055
-0.45166
-0.45313
-0.15799
-0.27921
-0.228
0.26367
0.15496
-0.088978
0.6352
0.25863
0.25172
0.49175
0.33971
0.48815
0.27937
0.32138
0.20517
0.11599
-0.077806
-0.24672
-0.27913
-0.41913
-0.37628
-0.43275
-0.50708
-0.3856
-0.53139
-0.50698
-0.45602
-0.26521
-0.093617
-0.19757
-0.060939
0.17143
0.020279
0.25705
0.4494
0.033073
0.91842
-0.14502
-0.48639
-0.51544
-0.3225
-0.32333
-0.38036
0.3822
-0.096408
0.78697
0.68147
-0.577
-0.139
-0.42286
-0.74059
-1.1172
0.074789
0.34654
-0.55388
-0.35191
0.085372
-0.29548
-0.9657
-0.53275
-0.0014974
-0.24872
-0.13293
-0.12152
-0.21085
-0.25164
-0.35754
-0.02618
0.29388
0.0082926
-0.11797
-0.36399
-0.14068
-0.076279
-0.29914
-0.085834
-0.060429
0.11734
-0.23163
-0.22968
-0.21136
-0.081208
-0.21452
-0.40274
-0.18399
0.085597
-0.70669
-0.12771
-0.21416
0.018732
-0.2551
-0.30467
-0.11234
-0.059359
-0.085886
-0.091224
-0.036417
-0.088898
-0.017833
-0.21497
0.020736
0.15687
0.052815
-0.071018
-0.033607
0.080358
-0.10999
-0.010394
0.0065773
-0.040424
0.089789
-0.23608
-0.0617
-0.08359
-0.14987
-0.18186
-0.33211
0.17726
-0.067252
-0.30415
-0.34326
0.087619
-0.62176
0.13508
-0.55498
-0.37568
0.040549
-0.045297
-0.82085
-0.30606
-0.12198
-0.21351
-0.74358
-0.070396
-0.12517
-0.56061
-0.41381
-0.38132
-0.10162
-0.029185
-0.33869
-0.1475
0.18401
-0.10218
-0.016578
0.0028369
-0.11163
-0.081466
-0.19467
0.0034198
-0.22744
-0.30458
-0.18441
-0.26954
-0.18024
-0.19712
-0.29441
-0.24662
-0.24844
-0.22008
-0.24555
-0.20325
-0.044342
-0.2315
-0.091109
-0.1407
-0.044249
0.3132
-0.32755
0.019559
-0.087005
-0.04163
-0.20119
-0.097969
0.21329
0.064527
-0.015674
-0.16883
-0.13601
-0.12179
-0.17492
-0.058563
-0.099279
0.0040035
-0.12058
-0.29028
-0.21786
-0.089844
-0.1886
-0.027177
-0.083515
-0.091702
-0.048921
-0.035666
-0.11072
-0.04425
-0.20655
0.27214
-0.27878
-0.093909
0.26859
-0.46748
-0.33362
-0.092385
0.08059
-0.72816
-0.37384
-0.23806
-0.4687
-0.2371
-0.33697
-0.16504
-0.20856
-0.32392
-0.3408
-0.33706
-0.11274
-0.12485
-0.0072509
0.0026643
-0.0067631
-0.074113
-0.020964
-0.10687
-0.25923
-0.24161
-0.19997
-0.31378
-0.21954
-0.17677
-0.3364
-0.29394
-0.22785
-0.14703
-0.20771
-0.20444
-0.1366
-0.11021
-0.37713
-0.39446
0.061174
-0.20883
0.096519
0.1288
-0.13749
-0.36525
0.54327
0.31128
0.24243
-0.72471
0.098891
0.17888
-0.15315
0.019117
-0.4555
-0.84553
0.38315
1.736
0.88676
0.26439
0.78222
0.43849
-0.45932
-0.74946
2.1429
0.11358
-0.91574
-1.2294
2.2673
-2.3599
-1.7053
-0.60276
0.068167
-2.2258
-1.7807
0.28534
0.52018
1.8061
-1.3119
-0.66902
2.0699
-0.026662
-1.4237
-1.1552
0.96369
0.73128
-0.33187
-3.7765
-11.691
-4.87
3.4712
2.7762
0.18089
1.4291
-2.0576
1.8709
3.1771
-0.69935
-1.5596
-2.3092
-3.4637
-1.5309
-0.087346
-1.2407
-0.42588
-0.88686
-3.4936
-2.9742
1.2062
1.4008
1.1369
3.127
-0.57489
-2.6825
3.0848
4.1229
-3.9676
-4.9886
2.4388
-1.8842
-2.9653
2.3679
4.9078
-4.7918
-5.0387
-0.12122
5.9147
5.3367
4.8578
8.033
3.1909
0.82371
2.6403
3.4067
-2.5442
1.6788
4.1758
5.3599
6.1953
3.7321
1.7147
-1.276
-3.8998
1.4735
3.1909
2.3131
1.4717
0.055521
1.0994
-2.2678
1.7083
1.0435
2.5209
5.5519
5.3562
0.068122
0.35628
-6.5146
-8.0908
-5.3453
-0.22168
-1.4673
0.93078
1.6469
0.9654
-4.8903
-0.28216
-8.0027
-2.4701
-3.3317
-1.921
0.58142
-0.26479
-2.2516
-7.8912
-1.2829
-4.6016
0.45862
-1.1025
-4.3793
-2.387
1.2844
1.0186
2.045
3.5645
1.4025
-2.9458
2.1834
-0.75708
3.5926
-3.6102
0.755
-1.2336
-6.8378
-8.6743
-3.2083
5.0843
11.703
-0.28894
-3.6157
-1.7185
-4.7604
0.18772
0.98121
-0.055757
-0.27396
1.3046
-1.3939
-4.7056
2.4188
4.2286
5.5513
6.5397
1.183
0.79125
4.0011
4.432
-3.4487
0.63389
5.4581
5.2567
-1.4863
-0.42075
4.9638
0.40727
0.8933
2.9328
1.6269
-1.0615
4.2427
-0.92568
-2.0103
0.3753
-1.3939
-0.95682
2.1497
0.91932
7.5861
3.7143
-2.7766
-6.5419
-5.4274
-2.9849
-1.3424
0.28728
3.076
1.3777
1.6581
1.5688
-2.5946
-3.2358
0.36155
-3.8506
-3.5846
-3.8985
-0.16738
0.60542
1.1502
-5.1745
0.33705
3.7916
-1.9951
-3.8249
-1.3513
-0.56324
1.2202
0.34561
1.5631
3.2923
1.4383
-0.15607
-1.6835
-2.3806
0.19117
3.3836
3.6195
2.7228
-4.8485
-12.258
-15.699
-3.533
4.633
4.0816
0.33563
-4.2398
-2.6377
-3.8273
-1.6802
0.66576
2.5244
2.0813
0.84281
-2.2061
-4.4644
1.0977
1.518
1.7645
2.5475
8.214
9.0089
2.7049
2.5519
1.0852
3.1693
3.0715
-3.2738
1.6906
2.8156
2.0359
0.39967
0.12951
-1.3347
-0.28182
0.8838
0.52708
-1.6026
0.65745
6.861
4.6351
4.7475
7.3114
-2.7793
-6.914
-4.0361
-0.61705
-5.9816
-3.5039
1.6091
5.1821
2.2048
0.40727
5.213
3.3307
-7.3291
-0.42396
0.62767
-0.79001
-6.6187
-4.6756
-0.92187
0.27408
4.3873
-3.3826
-6.6053
-0.96837
-4.2759
-2.2468
4.4929
2.8125
2.2064
0.76514
0.15423
3.0494
2.1258
-4.639
-2.7786
1.1948
1.3774
-8.3765
-8.1652
-2.967
5.4263
3.3316
2.6842
-5.3885
-4.3041
1.33
-2.4715
1.7566
3.2574
4.4561
2.3109
-2.469
-2.9987
0.28829
-5.8831
-6.8993
3.2663
7.9235
7.7416
1.7304
1.7263
3.2185
6.5701
7.0349
-2.5441
3.9014
3.5288
1.2527
2.9129
-2.9505
-3.879
0.88719
-3.4603
-2.8657
-1.1955
-4.2017
3.7005
0.21999
-4.5423
-0.44657
-3.7753
0.41983
1.7534
1.3955
4.8734
4.0884
0.36001
0.95491
-4.1644
-9.7847
-9.3268
2.2511
2.8607
4.0803
5.9381
0.60297
1.0042
-3.4215
-10.165
-4.8013
-3.5332
-1.7475
0.81507
2.3902
-0.21436
-3.699
-6.4156
-4.467
-1.1665
0.17762
-4.0961
-1.5086
0.17036
5.04
2.6838
2.5472
1.1922
-1.2688
-0.38633
1.0898
1.8157
1.119
2.1834
5.4828
2.2683
-0.019024
1.6088
0.58248
3.8716
0.56169
0.62511
0.6937
-0.71082
-0.32693
-1.2112
-2.2845
-1.8476
-1.7321
-1.8729
-1.7438
-0.65668
-0.76366
-0.68284
0.15489
-0.58546
-1.1118
-0.53285
-0.52782
0.033965
0.64868
1.434
1.8763
1.2319
0.47421
1.2574
1.8622
1.5525
1.1139
0.36975
0.64463
0.4274
-0.12969
-0.15166
-0.051256
-0.49074
-1.0672
-1.0063
0.3401
-2.2134
-1.8109
-1.0706
-0.16117
-0.29807
-0.46465
-0.91539
-1.0041
0.30827
0.53184
-0.43928
-0.21927
0.021746
0.96353
0.90031
0.3272
0.74441
0.80801
0.5348
0.6283
0.59706
0.72035
0.32743
0.68949
0.27004
0.4311
-0.043426
-0.10696
-0.0036079
-0.44376
-0.5769
-0.42338
-0.084129
-0.19535
-0.19189
-0.57185
-0.25386
-0.34453
-0.46294
-0.41024
-0.18746
0.27803
0.004153
0.13807
0.29179
0.091303
0.29762
0.31567
0.19744
0.2307
0.14398
0.14967
0.3399
0.020469
0.030815
0.027688
0.065086
0.062583
-0.13719
-0.10744
-0.098131
-0.062888
-0.10463
-0.089963
-0.040391
-0.032471
0.094352
-0.050237
-0.13199
0.19929
-0.012813
0.060464
-0.36603
0.042145
0.49818
-0.35766
-0.75779
0.30277
0.32828
-0.087588
0.17359
-0.050076
0.1396
0.09065
-0.09212
0.16426
-0.60014
0.24129
0.34715
-0.058067
0.47236
-0.043496
0.16935
-0.052011
-0.029667
0.29177
0.15871
0.14759
0.090213
0.15945
0.095409
-0.019834
0.017326
-0.011287
0.29259
0.017563
-0.23367
0.041862
0.069737
0.12814
-0.026049
-0.024404
-0.029581
-0.0053574
0.0055181
-0.051038
0.072371
0.086
0.089632
0.12864
-0.084894
0.058684
0.033372
-0.15319
0.1005
-0.018626
0.024289
0.11233
0.023702
-0.010954
0.071435
0.12626
-0.024351
0.0076936
0.032406
-0.034012
0.057102
0.025386
-0.064621
0.049905
-0.080689
0.0079318
0.1047
-0.071735
0.18645
-0.079459
0.23617
-0.3547
-0.044765
0.62894
-0.035706
-0.077736
0.013055
0.054639
0.022477
-0.29023
0.16819
0.23182
-0.024425
0.20897
-0.20472
-0.18113
0.16964
0.0014965
0.034231
-0.074089
-0.14268
0.069209
-0.042237
0.14853
0.13004
0.12437
-0.025734
-0.034503
0.077691
0.048172
0.11449
0.075242
0.059769
0.093415
-0.077994
-0.091686
-0.055312
0.033527
-0.040963
0.0083788
-0.080659
-0.03335
0.032095
0.10713
-0.016959
-0.0002593
0.087197
-0.074511
-0.089053
0.030755
0.048572
0.12191
-0.006609
0.023436
0.03667
-0.014197
0.095257
-0.016467
0.067051
-0.046441
0.011267
0.0062484
-0.0013097
0.017484
-0.029606
0.04696
-0.010178
-0.033212
0.057402
0.0059471
-0.032627
0.63286
0.30863
0.030441
0.29147
0.029869
-0.027485
-0.18914
-0.29772
0.18965
0.15683
-0.02363
-0.61738
-0.34624
0.65348
1.7225
1.0303
-0.496
-0.11296
-0.21847
1.0896
-0.47342
0.7451
0.32907
-0.27174
1.5061
1.7812
0.18928
0.79926
0.15155
1.0152
1.088
2.0143
1.4894
0.54166
1.9401
0.19498
0.723
-0.76607
-0.26087
-2.9342
-2.4797
-2.5614
0.037138
0.82374
-3.6019
-6.7219
-6.1819
-2.7193
-0.52547
-1.4751
3.1079
3.3817
-4.1054
-0.0456
-0.29204
-2.7749
-5.4082
-0.37072
1.4891
-0.94596
2.1402
3.2452
-1.8979
0.41953
0.040424
-2.187
-2.1129
2.6
1.9667
-5.0596
-5.3466
-5.602
-4.2591
-3.145
-2.8536
-1.2094
-1.9411
3.8155
2.478
-3.0227
-2.2368
-1.3169
2.7899
6.8816
2.8179
-0.86412
-0.53855
4.4885
-0.9066
-2.0636
0.85864
0.98487
-2.0562
1.134
2.5137
2.2055
2.5102
-4.6527
-8.1543
-6.3388
-2.5053
-6.8248
-3.0501
3.2688
1.0104
1.0396
3.375
3.2055
6.0489
7.7417
4.2395
2.2704
5.9426
2.8832
1.036
3.4174
0.98639
0.62499
-1.0507
-1.4416
-1.18
-4.1304
-3.5895
-3.5252
0.41298
1.9878
2.5331
-1.7085
-1.3235
-1.4598
-2.5297
-3.2973
-4.1019
-2.4233
0.32973
7.8662
4.8141
2.1559
2.964
2.6688
2.0454
-4.4725
-4.6062
-6.9318
-3.803
-2.904
-3.9846
-3.3471
-2.1749
-3.108
-2.3171
1.4918
0.27751
-1.2091
-2.8941
-2.3937
1.2969
1.9846
7.7297
0.55094
-1.6116
3.1116
0.81294
-2.3005
-3.6646
-0.39529
2.1924
2.361
2.9505
0.49539
-0.49414
6.1131
1.2253
-4.7666
-4.49
1.0235
2.4537
2.6982
3.9462
3.4797
4.1843
4.3284
2.3141
1.7227
4.7246
4.78
1.5811
0.3553
0.46391
-3.0771
-1.3881
-2.7787
-1.6907
2.6525
-0.0096052
-1.0479
-2.5117
-3.0207
-2.6931
-3.5489
2.0213
2.728
-1.6368
-4.6392
-5.6543
0.66946
-2.4584
-1.5478
-2.627
7.7424
3.2791
0.10198
1.2277
0.040948
-0.21584
-0.85196
-0.89594
0.40437
0.54746
-5.2772
-5.3796
-8.1987
-4.6529
-1.6938
-1.398
-2.2811
-2.2921
0.15939
3.4604
4.7427
-0.40813
0.61756
1.8741
3.9503
1.0056
-1.8553
-0.67309
3.7852
2.6418
-2.1303
-0.36849
7.8199
7.3105
0.44752
-0.31103
4.6427
-5.2843
-7.3314
-3.9657
4.2381
2.5579
0.30569
-1.4115
-2.5186
3.1218
2.6083
4.3567
3.6896
2.1681
1.4935
0.58292
0.6076
-1.9314
-2.8818
-3.7642
-3.7183
0.77548
-3.8083
-1.1714
-0.16366
-2.3385
-2.0157
-1.0579
-0.7092
1.9359
2.8671
1.1462
-2.1783
-3.8767
-2.2386
2.3247
3.5622
6.0649
4.424
3.6342
2.4714
1.689
0.62247
1.4781
1.4683
4.5672
-3.4095
-5.6621
-7.4226
-5.6429
-3.1456
-1.3885
-2.5648
-3.2812
-0.55309
3.9639
1.6628
-2.1042
1.2854
0.49041
4.7622
6.9557
-2.8401
4.4634
-0.33188
2.5512
0.28753
-3.8049
-3.2234
4.0906
4.4826
0.84182
0.011759
3.1038
-2.1776
-11.199
0.48659
2.1474
3.0915
0.21292
-0.98338
0.0063533
-0.70212
-0.10538
1.6157
2.8743
4.812
2.409
5.9268
3.8893
1.2516
2.1872
1.8052
-2.0601
-5.2145
-3.6966
-2.2918
-2.996
-4.0543
1.3439
-0.12416
-2.6311
-3.1673
2.263
-2.833
-2.2479
-2.8763
-4.6664
-3.8928
-2.3569
-0.3889
-1.4151
-2.4126
5.7249
4.8527
3.9879
1.8123
0.83143
-1.7423
0.45335
0.70512
3.3461
-0.73586
-4.9238
-5.2354
-4.1389
-3.0444
-2.0902
-3.8193
-1.7885
-3.2921
3.0666
0.42255
3.2252
1.8098
0.98162
4.7845
5.0926
-1.1385
-0.10603
-1.0241
4.7744
-2.5229
2.9373
2.0757
0.23451
-0.78571
0.2592
2.7624
4.0528
2.7086
1.8836
4.9108
-3.8228
-5.4045
-8.7849
-6.2425
-0.58693
0.39579
-1.332
-3.3024
-0.11423
2.2198
3.8393
5.4791
4.5162
1.6037
5.7801
4.7076
0.074585
3.225
-0.70601
-0.70891
-5.4765
-7.2604
0.51254
-2.3607
-0.92995
2.7495
-3.9334
-3.7431
0.23572
-0.53844
0.15667
1.6364
2.6071
-3.8137
-2.7582
-3.3655
-2.2473
-3.0886
-4.9778
5.0901
3.7813
3.3027
0.75508
-0.071433
0.91297
2.6093
3.1307
0.97633
-2.5798
-5.4161
-6.4801
-4.7887
-3.9349
-0.41471
-3.523
-4.1083
0.94816
4.8057
1.5917
-0.84354
-0.94029
2.0759
6.2558
7.0291
0.46591
-1.2475
2.0467
2.8957
-0.29653
-3.3428
2.4572
2.4417
3.7098
0.52179
0.39826
2.2129
0.65238
-1.8031
3.0396
-2.6554
-7.3824
-6.5155
3.2997
-2.1735
-0.13622
-0.19398
-0.11583
0.38707
3.9354
4.2367
3.2566
3.8065
3.17
2.5428
-0.78652
-0.80636
-2.0175
-1.4298
-2.9557
-2.0881
-1.8614
-4.2556
0.70848
-1.7674
-3.6474
-1.4638
-1.678
-2.4123
2.4328
1.2723
-1.016
-0.86597
-2.9941
-4.0313
-3.7388
-4.5023
0.26192
1.0824
1.6334
6.6157
3.0271
2.5556
2.8448
4.4324
1.3123
-0.3976
-3.3534
-6.6369
-4.3546
-2.5946
-2.0703
-0.88832
-3.6843
-3.2846
2.215
0.67962
-0.054438
0.082772
2.0857
5.1354
3.5495
3.9675
2.0667
-2.8903
3.309
2.0504
-4.6481
0.41465
3.1392
1.0335
-0.99
2.3237
1.8588
2.9492
9.3307
-2.7777
1.4538
-8.6295
-10.054
-3.2961
6.1923
0.081531
-2.204
-1.3527
1.7671
3.5537
3.5541
2.9528
4.6643
3.5059
3.6217
1.9445
0.54001
-2.8407
-2.7911
-3.9445
-4.2526
-0.57729
-2.7702
-0.35606
1.1336
0.18233
-1.9035
-3.4846
1.2126
-1.6599
2.6796
-1.0122
-3.3127
-1.2785
-3.772
-3.6006
-2.224
-2.2172
-3.1586
-1.0941
6.9455
-1.2337
-2.1805
3.0143
2.7412
3.0454
-1.4247
-4.2227
-3.2256
-5.8909
-4.8391
-3.4535
-3.4945
-2.7428
-0.68792
3.6812
2.2042
1.2425
0.40039
1.9464
4.3411
4.756
-2.8081
4.7538
7.6893
0.90934
-0.27414
-3.4312
0.35966
1.423
2.8065
2.2848
1.4967
3.0317
1.5967
-2.0032
5.5381
3.4473
-0.96721
-4.4547
-0.51916
-1.6499
-1.7616
0.96552
2.4928
4.0637
5.1199
4.7285
3.2192
3.3429
2.0031
1.6437
1.0285
-2.9712
-3.2968
-5.2878
-3.7032
0.69371
-1.7525
-0.37318
1.2785
-2.7774
-3.6775
-0.75498
3.9453
3.1061
0.051563
-2.7258
-4.2614
-1.0362
-2.4828
-2.2161
-3.5613
-3.5818
-2.0561
3.5925
6.0023
6.3352
-3.7375
1.3775
2.9097
2.1222
0.85387
-3.1913
-5.223
-5.2916
-6.1079
-2.8037
-2.1389
-3.7525
-1.9492
1.8206
5.0109
2.2716
-1.3236
1.0954
2.1201
6.1361
0.40155
-3.5289
6.9304
5.5188
-3.5593
-4.0405
3.4583
1.209
0.21643
2.0112
3.2421
3.1206
3.3533
-6.8238
-9.7089
-2.1207
2.9361
0.097615
-0.1915
0.16088
-1.1394
0.62468
-1.5693
-1.6646
1.7789
4.2969
2.8375
6.8863
5.4456
3.433
2.7876
3.0211
0.55557
-3.0743
-4.5676
-1.2753
-3.6299
-1.577
-1.9457
-1.9409
1.1123
-0.1493
-2.6589
-3.0352
1.2614
0.073406
1.836
0.16173
-1.983
-3.4253
-2.9772
0.16262
6.5424
5.2283
4.9918
5.0696
0.25945
0.035066
-0.36751
0.13801
4.4858
3.27
-2.9688
-4.1203
-7.0029
-7.7904
-4.7882
-2.6972
-2.3393
-1.062
4.3576
2.4666
0.071671
1.2337
2.4419
4.7904
4.044
-1.2738
0.40345
5.998
-0.18697
-1.4813
-1.7396
0.25034
2.7802
3.003
4.129
-1.5452
2.4251
4.033
-7.4338
-9.9591
-4.7266
2.7766
2.3831
3.2371
0.00083655
-0.45389
0.92575
-2.6759
-1.479
3.0827
4.8399
4.3176
3.9229
1.9761
4.0667
3.5837
2.2316
0.42154
-0.96699
-2.4897
-4.9399
-4.1462
-0.71755
-4.5239
0.053011
2.2339
-1.7008
-2.0073
-1.378
-0.0055877
-2.696
-0.67044
1.4113
-2.6363
-0.84816
-1.09
1.2518
6.8795
5.1003
4.3803
3.2026
-0.66927
-4.7049
1.8227
4.3533
3.8087
-0.92622
-3.5791
-4.46
-9.3803
-4.8715
-2.2307
-4.4153
-3.1704
-3.1769
1.7692
3.505
-0.020248
-1.8352
2.5486
-0.84689
3.3596
8.004
3.5768
-0.58015
2.2606
1.8507
-1.6568
-4.9124
-0.014997
4.1422
3.3012
2.3749
-1.1028
4.2019
3.5508
-0.61119
0.058401
1.7563
1.5108
1.3839
2.8401
2.6478
-0.81995
-2.5978
-0.79107
4.6953
6.4538
1.9715
5.3259
7.0794
1.3708
2.1647
2.2838
1.3886
-1.4223
-5.286
-7.7957
-4.7879
-0.88057
0.84203
-0.23371
1.5609
2.7558
3.4495
1.0466
-2.0819
-2.4244
0.34122
6.1936
1.3911
0.78824
-2.0463
1.5677
0.1043
-2.2743
-3.6094
-5.2715
0.24719
-1.1787
-0.026064
0.62198
-0.61801
3.7556
1.3752
1.4218
-3.3208
-0.86396
-4.6358
-3.9705
-8.3936
-4.8283
-3.7481
-1.1699
0.384
1.4792
-0.30504
-5.6802
-5.6769
-6.2468
-2.7121
0.54806
4.0599
0.48743
-1.4819
-5.1854
-6.0001
-2.0141
5.9334
-0.30323
-4.326
-1.4416
4.9039
3.5831
0.01729
-3.956
-5.5734
-11.962
-11.875
-6.4807
-1.3313
0.86491
4.1649
0.57616
-4.0817
1.4408
2.2352
5.2103
11.109
12.666
6.2406
2.7564
3.2215
4.5608
2.0665
4.5087
3.2756
1.6662
2.8511
1.6953
2.8399
2.3601
3.1963
-0.94102
2.2888
0.96155
3.2172
3.1873
-3.5618
4.964
3.582
-0.87787
-0.57909
-0.57199
0.89933
8.0083
5.2959
0.57096
5.1077
9.1562
7.9129
-0.0031828
-1.7358
5.5984
8.3667
0.898
-2.6675
-3.0495
-4.8775
-5.359
-5.5797
-7.1453
-6.7389
-2.5324
-2.4658
-4.7933
-4.9512
-4.0937
-5.9824
-3.3313
-2.381
-4.0532
-4.1241
-0.97226
-0.87878
1.7499
0.29693
-4.7445
-4.1691
-3.5128
1.8276
0.58451
-3.7944
-2.0695
-3.8471
1.8407
4.461
3.9412
-7.7359
-10.142
-4.7646
-8.0308
-5.4305
-2.38
1.0378
-1.3974
-2.1594
-1.2412
-1.1802
0.18522
4.2281
4.2301
7.5784
9.4816
7.7403
-1.9263
-0.502
3.2865
5.7381
5.7294
4.591
5.0456
1.896
-2.8366
-4.5752
1.9246
2.5258
-1.322
8.1996
3.8762
2.7309
-0.38432
-0.05948
3.3804
2.8139
-0.57069
-1.5649
2.2863
-0.15951
-1.2228
0.43585
3.6731
2.1358
2.6985
7.98
8.1213
3.4684
0.57042
-2.3775
-1.8307
-2.1938
-0.039104
-1.5921
-2.1037
-3.17
-4.2773
-1.485
-4.6921
-1.8438
-2.7293
-2.2543
2.9298
-1.7815
-2.8778
0.20088
1.1469
1.0236
5.2051
0.75113
-1.3973
-1.5901
4.9028
-4.6275
-5.7037
-2.8237
-2.4103
-0.9447
-0.34965
3.205
0.87138
0.71882
-1.4248
4.2444
-6.5982
0.73113
4.4152
-2.2996
-4.1332
1.6463
5.2599
0.25971
1.0666
5.1114
5.7948
3.3227
2.7961
0.92946
2.1823
2.1711
3.1445
-3.8686
-10.369
-6.5311
-1.951
-1.8701
0.03971
4.2483
3.8183
-1.0776
-1.3243
-3.2674
-3.3414
-4.8852
-1.5102
-0.96415
-1.3042
-1.6021
-2.8097
-0.41096
0.91767
1.3944
1.6112
-2.9149
-0.0074048
3.189
2.7641
-2.554
0.76444
0.44599
-0.22979
-1.6701
0.73103
-2.0207
-5.8292
-4.7782
2.3567
5.7641
3.4263
3.7455
6.2139
-3.2678
0.82275
2.666
-4.6201
5.2814
-1.5202
3.7401
2.539
-1.9721
-0.20442
7.679
-0.074176
0.16617
6.7065
-3.8304
-5.3459
-5.4181
-4.3484
-0.10369
-3.1645
-4.4664
-0.1078
2.1658
-1.1815
1.2856
2.9889
2.9089
0.90715
3.7755
2.2251
3.1576
2.5896
0.83464
-3.4908
-5.6895
-3.6409
0.49695
-1.2331
-0.16102
0.0067854
0.44202
-0.45379
-3.7879
-3.1068
3.0855
1.3401
-4.3691
-1.2086
-0.74394
-1.8921
-3.503
-2.5673
-4.3128
3.0409
3.9189
9.8657
4.6527
3.0532
-0.81033
-1.0728
-1.9127
2.7028
2.9663
-2.0054
-3.1285
-3.6322
-3.9383
-5.2661
0.781
0.9472
0.54347
0.31419
6.3011
6.8837
5.4091
2.4366
-4.107
-5.7214
-7.9345
2.5128
-1.486
0.89738
1.1523
3.05
2.254
0.57418
2.6669
0.071791
-1.4395
1.6534
2.4393
-1.8732
-6.6861
-3.8626
-1.5855
-4.6559
-6.0822
3.946
1.9371
3.2954
3.9503
7.0366
4.425
-1.2451
-0.038194
3.0691
0.83931
2.6984
1.0379
-0.24003
-6.5554
-4.8091
-0.65655
-2.0295
3.2112
-1.2403
-2.092
-2.0641
-3.9681
0.80719
2.5023
-0.15948
-4.3348
-1.598
-4.1055
-4.136
-3.5034
4.6341
6.4301
6.1277
0.060901
-3.0595
-0.24976
3.9573
3.3087
-1.1179
-2.5062
-0.53688
-1.5909
-0.94854
-0.39706
-2.1676
-2.9437
-5.4296
-0.75907
4.2229
1.2809
5.1548
6.203
5.2005
4.2758
7.668
-2.1771
-7.2455
-4.851
-3.0243
0.12248
-1.5913
-1.4812
3.6063
2.867
2.7177
0.52469
-0.33555
-8.3307
-6.8809
-2.7549
-5.6821
-3.2503
-0.23705
-1.323
-4.8865
2.2854
1.5065
0.24513
1.879
4.5508
6.456
2.8017
2.194
1.1507
2.8048
2.5156
1.605
1.3096
-3.1559
-4.4526
-5.4327
-2.1612
1.4121
0.077675
-5.1195
-0.50091
3.3439
-0.30367
-3.0585
-1.8481
0.51488
-2.1114
-7.5891
0.12811
0.63765
4.2984
6.1746
2.4251
6.2021
3.329
-1.816
-1.1284
0.23163
2.6828
-0.24396
1.4806
1.48
-1.3225
-0.61186
0.66533
-4.4139
-5.0182
-5.8394
-4.4052
2.2941
5.3672
5.1282
4.9538
-2.887
-3.2395
-3.719
-0.48367
2.6116
-0.41252
0.71941
2.9869
-2.0305
-0.43143
1.6237
5.3001
1.9071
1.3648
3.3324
-4.3615
-7.1874
-8.6917
-5.9715
-3.7974
-0.28991
-4.6619
0.43438
0.94863
4.3426
-0.99574
1.8442
2.2959
0.91026
1.7525
3.345
2.1799
0.98186
0.88957
-3.8871
-8.2843
-5.947
0.9799
-3.9098
-0.071947
1.9792
-5.0093
-3.8636
-0.8023
1.2078
3.1708
-1.3297
0.05593
-2.6903
-0.74175
-7.3432
-2.9447
-2.0547
3.0791
5.9587
2.4036
3.1942
5.2645
0.29602
0.046639
0.46987
-1.5663
-0.48563
0.40143
-2.6715
-5.8453
-4.5771
-5.8166
-1.1288
5.1249
5.2129
4.2442
7.2602
4.7212
3.2185
2.6303
-4.6653
0.29684
-4.6644
0.93784
1.4411
2.4206
0.42264
-1.3786
2.0763
-0.99038
2.9337
1.4347
5.6163
3.5485
2.6668
1.3973
-7.1568
-5.6183
-5.2213
-4.6756
2.5695
2.8926
-1.5487
0.90074
6.5728
4.3534
4.8186
3.7297
1.835
-0.029144
2.5227
2.1638
3.7571
-1.2436
-1.1904
-4.7918
-8.303
-0.80023
0.5363
-2.2786
3.1846
0.82685
-2.2416
-3.1484
-0.99604
2.7735
-0.87764
-3.2977
-0.80098
-2.2687
-3.5956
7.3518
1.6592
6.7358
4.5771
1.2762
-0.34667
1.9847
3.3315
2.7899
-0.19385
-0.79726
-0.70069
-0.80432
-0.052468
-2.3413
-4.8313
-6.2051
-2.661
-1.856
2.3064
3.7878
8.1861
8.9452
6.2702
1.5455
2.3886
1.0047
-5.319
-3.9632
-6.209
-0.54469
0.47561
6.1058
5.5495
-0.09161
-3.281
1.2157
2.5392
-8.4904
-6.5101
-9.9873
-1.5997
-1.4867
-0.5675
-6.2669
-2.0199
-0.15338
-1.3613
0.82165
-1.7289
2.4139
7.8599
2.5765
0.86482
1.5436
1.764
2.5159
1.3167
1.1692
5.3428
-6.9204
-7.1849
-10.491
0.27596
-1.7207
-1.7647
-0.051249
-2.0909
-3.4232
-3.0296
-3.8783
1.1657
-2.3235
-3.0856
0.097818
-1.6646
-5.6626
8.1323
8.5055
1.9389
2.3982
-1.2153
-0.70896
2.358
3.3551
4.6227
3.348
-0.49332
0.28178
-3.6556
-3.6699
-3.3211
-4.2092
-2.0533
0.59737
1.1976
0.35605
3.523
5.4879
8.9655
7.8764
5.6668
2.8998
-2.239
-2.3125
-4.1432
-0.95323
0.52925
2.5676
0.89991
-3.2309
2.116
5.6561
5.5942
0.81571
-8.7613
-6.9106
-3.8286
-5.0612
-3.7906
-3.0285
-3.9085
-4.5059
-1.0399
2.1047
0.50662
-1.8492
2.5072
6.882
0.98466
3.3965
2.874
0.20766
-0.15198
2.6645
0.98807
0.84107
4.3836
-7.5413
-8.6468
-7.7238
-4.2367
3.6889
0.9276
-7.3018
-4.2453
-0.030275
0.60472
-1.0033
-3.85
-4.7894
2.8901
6.457
5.6236
11.465
9.6286
-0.45518
0.16638
-3.0209
2.8079
6.222
3.2232
2.5974
1.2347
-2.2271
-2.8743
-0.42217
-1.0564
-1.9667
-4.0432
-4.2361
-4.4155
2.0234
2.7818
6.7799
7.5035
11.782
10.821
1.4713
-1.8611
-1.6784
-5.0787
-8.4908
2.3783
-0.2908
4.474
3.4594
-1.2283
-3.2234
6.0199
2.4858
-7.8958
-8.1757
-8.8604
-0.26713
-1.7058
-2.8055
-1.7411
-1.5008
0.040142
6.3309
-3.0845
-1.809
7.393
4.4632
0.078925
3.2043
-0.50617
-0.53238
1.3618
2.491
-0.7177
-6.55
-5.4627
-5.1764
3.9982
1.9598
-2.1115
-2.9655
-2.425
-2.2829
-2.683
-2.5518
0.42619
-2.0212
-5.0528
-4.8551
4.8513
6.0696
4.6524
9.7152
8.7516
1.3106
0.8459
-0.91446
3.4465
6.1545
1.6351
2.3276
-2.4951
-1.3308
-3.7836
-5.3477
-5.2145
-1.4856
-1.9873
-1.9002
-0.46439
7.5019
7.2199
5.4347
2.5394
-1.2172
-0.0041154
-2.6095
-1.3419
-3.2556
0.095585
-1.0473
1.6814
4.8013
3.7627
2.4495
2.3838
-2.275
1.9591
-3.7618
-9.0433
-7.5724
-4.9885
-0.15122
-0.4236
-1.8442
-6.0062
-0.35181
4.4433
3.2923
-3.8076
1.4529
2.3632
-0.063644
-0.13561
2.4576
-2.7215
3.7036
-3.9488
-8.0077
-8.989
-2.5704
-3.0884
-1.004
0.086385
-2.3917
-1.872
-4.3492
1.0059
1.4276
-5.6798
-2.9885
1.2969
-0.1645
-8.366
-3.3528
4.8936
5.0838
8.1589
14.381
4.5758
-0.67997
0.30122
-1.0264
-0.63642
-4.1216
-0.40945
-0.42307
-1.6973
-4.0728
-6.3789
-1.8341
-4.4596
1.9179
1.6682
4.6333
5.6008
8.6203
10.547
2.5368
1.8281
-1.4149
-1.1134
-5.6982
-5.9706
-0.95756
0.63259
4.4994
0.4554
3.9053
6.0789
-0.11844
0.69207
0.39038
-2.1631
4.5564
-7.2367
-7.7352
-4.3941
-6.4527
0.79193
-3.0915
-2.6712
-1.1285
1.9192
4.0084
-3.4848
-0.13987
3.1393
5.4719
2.3254
0.14434
2.6129
3.1921
-2.0979
1.5101
-2.2233
1.573
2.0786
-7.3149
-8.2143
-10.574
-0.69522
-6.7298
6.6998
1.6296
-1.7879
-0.74662
-3.8804
-0.14144
0.40338
-0.5973
-1.4264
-4.8576
-7.1817
-2.9193
5.5642
5.7383
5.0587
9.8031
13.672
2.3365
0.8628
-0.69946
0.66194
4.7579
4.3857
1.3194
-0.90739
0.48335
-2.7442
-1.5459
-0.61836
-0.4526
-2.4073
-2.6245
-5.1132
-4.806
-0.81284
3.2682
4.3876
8.3184
10.597
6.9598
3.2022
1.0903
-0.96535
-4.5947
1.3862
-0.49561
-0.40248
0.073886
2.7208
6.4677
3.5194
-0.58433
-3.8309
5.4092
1.5991
-5.0971
-8.1671
-9.3473
-9.1429
0.71342
0.67886
-5.5149
-6.6615
4.8963
1.1187
-3.2212
1.8457
3.3388
6.3146
2.008
0.49703
2.4942
0.50769
1.6718
4.0988
1.3772
-1.2253
3.8033
-6.9456
-6.3973
-10.463
-2.1159
-1.0828
5.7317
-1.6213
-3.809
-3.6256
-3.5435
-1.3006
0.79295
-1.7906
-2.5601
-1.5725
-4.9752
-3.66
-0.42303
9.2496
7.3368
4.937
8.4041
6.9889
3.418
0.30565
-0.6579
2.7831
2.154
3.8235
2.1056
-0.5193
-1.7981
-3.9224
-2.9833
-4.3289
-1.725
-2.9875
-1.1987
2.0185
-0.34793
0.54176
3.4851
5.0853
6.3416
4.6841
5.7127
2.7644
-3.3241
-2.8047
-4.8479
3.518
-1.1305
-0.45349
2.524
-2.0152
3.3845
7.9359
-0.55285
-4.9782
4.3463
4.1128
-3.6324
-5.4626
-5.4895
-10.075
-0.00017209
-2.0927
-1.7719
-6.1499
-3.8043
3.9851
1.9715
-0.20704
2.1646
6.8409
2.7088
1.1316
3.4055
1.8408
0.52116
3.4531
-0.020393
-2.5182
2.7224
3.5028
-8.6482
-9.211
-4.1727
-1.3259
-4.4555
5.747
-0.44346
-5.2541
-1.9679
-0.62872
-0.4161
-5.2508
-4.9718
-0.78923
-0.33586
-4.1864
-0.98814
2.644
7.66
8.0733
11.092
7.6626
3.5775
0.34784
-2.2716
-1.4716
6.5477
5.3001
2.4002
-0.66867
-2.4661
-2.7192
-5.393
-2.9002
-2.7584
-3.9405
-2.4702
-1.9974
0.96051
0.018708
3.7402
5.3284
8.3029
7.3179
4.8064
4.7399
-0.45396
-2.6078
-3.4595
-3.8682
2.3115
1.4183
-2.6872
-0.65574
6.071
8.1471
-1.5348
-2.1595
5.2727
-1.0002
-3.8479
-4.584
-4.4556
-5.3249
-2.215
-1.7241
-2.2102
-2.858
1.0374
1.5149
-1.5325
0.22276
2.4512
8.2622
2.4635
0.70756
0.76229
1.1938
2.3192
1.6915
0.085582
-1.162
4.2951
-4.6229
-7.3143
-10.507
-0.20701
-2.4754
-1.8233
1.9322
-2.7115
-4.8071
-2.3184
-3.5174
2.301
-5.6364
-4.1449
-1.2329
-4.0012
-7.4833
-1.6101
2.3065
6.5324
5.4316
9.9235
6.1261
2.5657
0.53577
0.14879
1.944
1.4722
5.4435
1.2957
0.13032
-3.6332
-2.4623
0.7721
-3.2761
-2.8834
-3.4065
-5.6293
-4.1968
-0.39303
1.9441
4.8121
7.0759
10.182
12.199
1.4689
-0.65718
-3.0832
-3.5213
-5.6598
-0.903
1.5759
0.27393
0.76546
-1.2985
3.2776
4.9764
5.0559
-0.20663
-1.8262
4.912
-2.0363
-5.4018
-4.4382
-4.2976
-2.9791
-4.3849
-2.775
-1.6606
0.064924
-0.13842
1.8362
0.91046
3.9652
2.3296
3.4438
3.8244
2.4781
0.94519
3.8335
0.85265
-2.2861
2.7003
-0.22068
-0.68681
-8.1451
-7.4427
-6.2498
-0.4427
-2.205
0.95878
0.66392
-3.1622
-4.6785
-1.3339
2.3576
0.10767
-0.5601
0.84417
-1.4012
-6.9813
-5.0247
4.7574
11.905
4.4415
4.831
6.1981
4.8173
2.9342
5.1016
4.5569
5.04
3.3669
2.6822
2.1918
-2.1546
-1.0327
-5.2206
-4.7276
-2.3773
-0.99243
0.21004
0.16648
-1.5601
-1.3042
-3.3238
-2.4365
-2.3985
-0.46831
-0.88539
-1.5184
-0.71554
-1.7683
-0.15744
-1.4784
-0.37327
0.39189
-0.24013
1.35
1.6075
1.7146
2.5948
4.3187
3.5469
2.4307
1.5445
1.0159
1.2953
1.8516
0.97515
0.99286
1.9434
0.011028
-1.3659
-0.87547
0.10019
0.074933
-0.19418
-0.56866
-1.7505
-1.8924
-1.9101
-1.6167
-0.99643
-0.80701
-0.72135
-0.77533
-1.076
-0.10593
0.35626
-0.14285
0.2261
0.60438
0.96721
1.3849
1.3163
1.6266
1.7629
1.0584
0.85181
1.3606
0.86039
0.90368
0.92057
0.29897
0.39753
0.23773
-0.019421
0.13012
0.242
-0.25311
-0.17808
-0.066801
-0.33825
-0.54459
-0.51444
-0.1762
-0.16996
-0.10495
0.0209
0.082089
0.2253
0.66027
0.4018
0.4769
0.20491
-0.10627
0.063041
0.10234
0.24906
0.45081
0.15756
0.19354
0.32558
0.59891
-0.30698
-0.38831
-0.13494
0.49029
1.0072
0.41903
-0.11896
0.3712
0.49757
-0.10345
-0.57787
-0.18464
0.23152
0.54424
0.53919
-0.0033868
0.095542
0.47994
0.29383
-0.053534
0.28342
0.44991
0.35949
0.46247
0.39408
0.46661
0.42481
0.1929
0.10771
0.12328
0.12369
0.057789
-0.019964
0.067894
0.12986
0.18142
0.16055
0.11844
0.17971
0.264
0.22774
0.33077
0.31655
0.46387
0.3629
0.25541
0.17438
0.22509
0.14598
0.15354
0.17908
0.15222
0.10372
0.151
0.090769
0.15084
0.21179
0.17397
0.27875
0.26695
0.24141
0.19357
0.22527
0.19766
0.22704
0.30025
0.085443
-0.11522
0.22982
0.12953
-0.019207
0.19075
0.26651
0.33252
0.21265
0.094837
0.15493
0.14873
0.17891
0.38622
0.47011
0.27342
0.27693
0.4024
0.040753
0.17574
0.062329
0.065508
0.22361
0.2107
0.19846
0.15518
0.2352
0.26326
0.098035
0.25618
0.21054
0.34603
0.30985
0.20228
0.21024
0.27895
-0.0070728
0.22428
0.42108
0.30049
0.14239
0.28596
0.1558
0.077704
0.11746
0.068828
0.29129
0.29173
0.26569
0.27095
0.37481
0.17402
0.08471
0.078423
0.14706
0.31214
0.26456
0.28198
0.3559
0.23501
0.22201
0.10151
0.13441
0.17874
0.24318
0.2765
0.22518
0.26186
0.30077
0.21232
0.13228
0.19996
0.1878
0.17466
0.2384
0.25762
0.22599
0.1911
0.17354
0.15642
0.24652
0.095297
0.34719
0.24789
0.17935
0.092869
0.46785
0.22398
0.0037198
0.44151
-0.016239
0.25111
0.35624
0.024851
-0.65644
-0.69928
0.59626
0.33885
0.26918
0.60203
0.50031
0.32895
0.28498
-0.3555
0.25056
0.073588
0.089935
0.47093
0.40456
0.58025
0.60871
0.16762
0.10973
0.20565
0.56932
0.39542
0.3572
0.69071
0.65352
0.15553
0.14911
0.16994
0.49443
0.37326
-0.040725
0.38364
0.17059
-0.015804
-0.058053
-0.01847
0.28422
0.095151
0.096821
0.11336
0.11347
0.13518
0.087652
0.28331
0.27331
0.30233
0.42169
0.29571
0.2717
0.2794
0.3186
