0.070402
-0.1122
0.021563
-0.053454
-0.038813
0.007701
0.11786
0.11911
-0.092373
-0.091291
0.014296
0.10729
-0.078463
0.067712
-0.076226
-0.01444
0.068549
0.068523
0.03537
0.007798
0.066204
-0.095127
0.05119
-0.0028385
0.042693
0.047178
-0.063245
-0.062797
0.082284
0.069908
0.010774
-0.055977
0.033271
-0.058722
0.018585
-0.039075
-0.034167
-0.029287
0.044793
-0.053964
-0.0044978
-0.025058
0.043551
-0.029989
0.0076583
0.028367
-0.02943
-0.006934
-0.0077727
-0.029641
-0.0044643
-0.02113
0.007275
-0.0025853
0.0037546
-0.016024
-0.078743
0.096159
0.0033101
0.028241
0.010007
-0.051144
-0.050818
-0.038708
-0.0063188
0.051069
-0.0088501
0.016194
-0.041314
-0.004736
0.020118
-0.012978
0.032809
-0.016159
0.0111
0.017178
-0.021836
-0.046986
-0.024589
0.025616
0.023629
-0.014468
0.014608
0.018227
-0.027553
-0.026863
-0.020529
-0.01022
-0.0037874
0.010573
-0.010637
0.0010545
0.026124
0.0081705
0.015539
-0.017471
0.034403
-0.045337
0.034365
0.033555
0.041702
0.040781
-0.043233
-0.025861
-0.097816
0.052092
-0.0072173
-0.084881
0.023254
-0.06683
0.003733
-0.1098
0.0095191
0.077175
-0.014983
0.07162
-0.061288
-0.00099131
-0.030531
-0.011158
-0.013077
-0.012385
0.018688
-0.011593
-0.0064301
-0.018919
0.0059131
-0.018615
-0.025572
0.044083
0.0080596
0.047901
-0.029296
-0.0050437
-0.044427
-0.0081897
0.036759
-0.04078
-0.014676
-0.045338
0.0089157
-0.034291
0.020581
0.014016
-0.032382
-0.014707
-0.029451
0.01866
0.01525
0.040385
0.0028229
-0.0084481
0.023564
-0.030776
0.052017
-0.051133
0.04056
-0.046126
-0.004796
-0.023228
0.019953
-0.07645
0.028968
0.0038924
-0.021855
0.00067891
0.038108
-0.056739
0.081371
-0.013375
0.10787
-0.053607
0.0083814
0.019043
-0.013459
0.039402
-0.0049822
-0.023038
-0.0074379
-0.02352
0.0044961
-0.037377
-0.039075
0.022707
-0.02287
0.021761
-0.012923
-0.016998
0.003662
-0.02431
-0.023206
0.053491
0.022344
0.056814
0.038437
-0.054484
0.068739
-0.060407
0.020087
0.038182
0.031356
0.0026911
-0.037015
0.023506
-0.02678
0.01478
0.00023814
-0.014437
-0.028218
-0.022725
-0.014665
-0.021837
-0.0037376
-0.018318
0.011924
-0.027641
0.041444
-0.027051
-0.0093366
0.00058835
-0.015048
0.057277
-0.040552
0.0086404
-0.028594
-0.040461
-0.021536
-0.0086327
0.05666
-0.010407
0.051199
0.021331
-0.093794
0.056601
0.029282
-0.068468
0.086708
-0.078406
0.012041
-0.0089278
-0.032081
-0.00029154
-0.012374
0.014362
-0.014798
-0.0030109
0.030619
-0.012279
-0.014649
-0.015989
-0.025439
-0.010484
0.003664
-0.02283
0.051239
0.0041529
0.026
0.027712
-0.051897
0.036562
-0.076414
0.021799
0.039011
-0.03315
0.0040432
-0.033616
0.03229
0.013742
0.009931
-0.027247
-0.026547
-0.015659
-0.015296
0.036076
-0.035135
0.045696
-0.019259
-0.041248
0.030525
-0.047954
0.029877
-0.023917
-0.03887
0.060938
-0.069624
0.066802
-0.074007
0.0016505
0.079789
-0.042811
0.045957
-0.065975
-0.018953
0.047739
0.0069636
0.007857
-0.018382
0.039954
-0.027904
0.02853
-0.026405
-0.013387
-0.0068075
0.018781
-0.0042248
-0.0051662
-0.020293
-0.041689
-0.015017
-0.043734
-0.016429
0.023731
-0.031463
0.02402
-0.024577
0.0091597
-0.0072755
0.021454
-0.027425
0.0023347
-0.041106
0.01938
-0.0060434
-0.022787
-0.0064679
0.0054009
-0.026772
0.018185
-0.043242
0.045445
-0.0013698
-0.014308
-0.0063786
-0.013454
-0.018801
0.0026071
0.0073059
0.016531
-0.030331
-0.0083849
-0.0095087
0.046021
0.059021
0.024628
0.048911
0.03459
0.029456
0.04634
-0.084052
0.046207
-0.015018
-0.01477
-0.010057
-0.0043118
-0.0010583
0.040387
0.031814
0.0041255
-0.021412
-0.0095663
-0.017695
-0.015132
-0.03264
-0.0024622
0.013387
0.015677
0.014617
-0.018961
-0.028502
-0.0013434
-0.028756
0.0054912
-0.012116
-0.010923
0.011013
-0.0059498
-0.0013416
0.0090284
0.022796
0.0017864
0.0077009
0.0066146
-0.025637
-0.0040043
-0.035037
0.0050876
0.0064007
-0.0065385
-0.029047
0.019599
-0.0018792
0.016149
0.0031652
-0.048086
-0.011421
-0.050075
-0.057652
-0.024249
-0.028076
0.036386
-0.035724
0.023098
0.041495
-0.017051
0.031711
0.017721
0.013689
-0.0047095
0.030113
0.022902
-0.015372
0.0068785
-0.017661
0.016295
-0.0056231
-0.0026102
-0.0080697
-0.0069623
-0.001568
-0.05174
-0.0062974
-0.00089953
-0.029943
-0.017501
-0.010325
0.028017
-0.010444
0.0062486
-0.040201
-0.043042
-0.019055
0.0064781
-0.011341
0.013017
0.03425
0.037594
0.024852
0.043434
0.024067
-0.016389
-0.03291
-0.035759
-0.027007
0.018374
-0.03476
-0.027202
-0.070052
0.073306
0.00035811
0.057435
-0.018489
-0.013644
-0.0080761
-0.019068
0.022537
0.022975
0.0025629
-0.076551
0.057502
0.0033923
-0.042266
-0.03004
-0.043159
0.069408
0.00014029
-0.0018397
-0.036154
-0.019335
-0.023262
-8.1696e-05
0.020391
0.00042977
0.0031843
0.015532
-0.029298
-0.032345
0.00046132
0.030906
0.009586
-0.0010652
-0.00072734
0.049736
0.0086656
0.017415
0.02233
0.021284
0.018939
-0.05009
-0.011977
0.017642
-0.049764
0.033964
-0.017058
-0.016831
-0.018447
-0.02197
-0.016617
-0.036124
0.085039
-0.057245
-0.0057388
0.048286
-0.06671
0.069054
-0.036241
-0.0302
-0.028071
0.01017
0.011288
-0.0073333
0.025128
-0.055722
0.010344
-0.023537
-0.018953
-0.017991
-0.027127
-0.00020734
0.016096
-0.028691
-0.031312
0.0066999
-0.0691
0.0304
0.057116
0.05989
-0.0038846
-0.069251
0.10126
0.0053915
0.072221
-0.094087
0.029674
-0.075191
0.010647
0.066466
0.064176
-0.0057457
-0.0030355
0.0015712
-0.016201
0.0053695
-0.02262
-0.013151
-0.014771
-0.010235
-0.017839
0.00091717
0.036959
0.0022537
-0.030859
0.023831
-0.033248
-0.013617
-0.014474
0.014211
0.014361
0.0019098
-0.010731
-0.011613
-0.014215
0.0025247
-0.0073189
-0.028639
0.012781
-0.012426
-0.0037072
-0.016971
-0.039225
0.0069361
-0.031475
0.0051948
0.00093066
-0.0078814
0.020693
0.0072036
0.0058684
-0.012512
-0.010939
0.023871
0.025379
0.015231
-0.030121
0.028823
-0.040816
-0.040664
0.059079
-0.0061912
-0.058927
-0.0071307
0.051353
-0.033266
0.02317
-0.031893
0.013074
-0.020949
-0.020043
-0.025191
0.048703
0.013475
0.013864
-0.017266
-0.033803
-0.013872
-0.0012728
-0.005263
0.0031546
-0.002809
0.011921
-0.028025
-0.0018866
0.062151
-0.040526
-0.010274
-0.029199
-0.013337
-0.022936
-0.028325
0.0019805
-0.0055084
0.013647
0.0014683
-0.0099607
-0.0078862
-0.035957
0.0057583
0.0054821
-0.032856
-0.016854
-0.0043866
-0.020922
0.014938
-0.010891
-0.0049655
0.0056106
-0.028024
-0.032955
-0.016471
-0.00071384
0.0025593
-0.0010114
-0.0048172
-0.005743
0.021933
0.046266
-0.034206
-0.0045636
0.0014809
0.037298
-0.035073
0.035607
0.013321
-0.030381
-0.04739
-0.0076844
0.0026955
0.015776
0.0072029
-0.032413
0.039794
-0.038808
-0.040333
-0.036148
0.030204
-0.016321
-0.00064923
-0.0080793
0.0043072
-0.04673
0.0045237
-0.025498
0.044115
-0.0098228
0.048974
0.018421
0.037335
-0.084996
-0.084458
0.037186
-0.049903
0.043692
-0.0027988
-0.018999
-0.0036237
-0.024741
-0.019544
-0.014598
-0.010773
-0.0021061
-0.0016742
-0.0077009
0.045072
-0.013856
0.023783
-0.029639
0.068588
-0.11239
0.081232
-0.056748
0.071878
0.015756
0.025668
0.0095849
-0.014307
0.061668
-0.0023616
0.0041714
-0.014928
-0.079276
-0.013532
-0.067608
0.025681
0.020288
0.02883
0.02106
-0.063591
-0.010207
-0.057664
0.054774
-0.029934
0.076646
-0.042823
-0.046596
0.069117
0.092159
-0.0059488
-0.095748
0.011912
-0.061434
0.013806
-0.066235
-0.012294
0.0079444
-0.023074
0.021512
0.0012401
0.024393
-0.02212
0.029679
-0.064821
0.012016
0.018676
0.0093686
0.046889
-0.013873
-0.009394
-0.018477
0.0056394
-0.0080306
-0.042283
0.047972
-0.047212
0.0028202
-0.011012
-0.035799
-0.00066039
0.00042009
0.00954
-0.0039782
-0.030933
-0.094392
0.062235
-0.0032657
-0.023621
0.058356
-0.071261
0.022339
0.039663
0.056559
-0.0061193
-0.044369
0.026009
-0.051336
0.07824
-0.03865
0.077391
-0.02865
-0.048134
0.031247
-0.17168
0.14039
-0.021252
-0.082533
0.027488
-0.077521
0.053997
0.010622
0.04335
-0.027799
-0.02922
-0.025466
-0.037265
-0.0076705
0.02215
0.063447
0.060041
-0.086318
-0.00043326
-0.037246
0.025432
-0.010008
-0.044201
-0.0045114
-0.0329
0.026678
-0.044252
0.036963
-0.033792
0.0066415
-0.028498
0.018565
0.02208
-0.026245
-0.00079268
-0.022803
-0.013464
0.046423
0.014466
0.014452
-0.037138
-0.01098
-0.031057
-0.0038845
0.0059777
0.022912
-0.024621
0.025581
-0.0095205
-0.013686
0.0081564
-0.011871
-0.017556
-0.0068025
-0.030701
0.0044822
-0.038559
-0.019507
0.012735
0.018566
-0.015323
0.077296
-0.023476
-0.028655
0.049919
-0.053557
0.015358
-0.03686
-0.011371
-0.053799
0.018262
-0.034647
0.019308
0.0071282
-0.023335
0.019054
0.030979
-0.058469
0.031649
-0.033268
0.0062123
0.027648
-0.03124
0.012435
-0.024963
0.028426
-0.031883
-0.0075968
0.028726
-0.0063677
0.010036
-0.042062
0.020593
0.013034
0.016179
0.014091
0.00073011
-0.01088
-0.01283
-0.0010506
0.0018209
0.0050395
-0.017964
-0.0090493
-0.022351
-0.015865
-0.0078389
0.023812
0.011194
0.040052
-0.011766
-0.041713
0.059161
-0.032603
0.027938
-0.032503
-0.0028551
-0.024595
0.003347
0.024198
0.018754
0.026008
-0.020915
-0.0051311
-0.037507
-0.0065778
0.023472
-0.040057
0.0045445
-0.05091
-0.050254
-0.041648
0.027465
0.050477
-0.021855
-0.011112
-0.019198
0.019991
-0.019588
0.047165
0.00013837
-0.0017556
-0.00193
-0.0089397
-0.00051068
-0.0079129
-0.0069449
-0.0013037
-0.036433
0.0073103
-0.024598
-0.020768
-0.0068643
0.02436
0.0043029
-0.047467
-0.048691
-0.060238
0.0019099
0.0026187
-0.022971
-0.016465
-0.013699
0.021157
-0.023865
-0.015668
-0.022094
-0.039562
4.0623e-05
-0.01268
0.038822
0.0024922
0.01659
-0.012089
0.0065366
0.010141
0.0096933
-0.01229
0.016892
-0.031784
0.0081551
0.03988
-0.045631
0.03708
-0.05864
-0.024294
-0.020976
0.0061655
-0.0067212
-0.02013
0.00081185
-0.015745
-0.020937
0.025661
-0.0023693
0.0034116
0.00089482
-0.029647
-0.0075602
-0.011754
0.013906
0.013758
0.013559
-0.03458
-0.0045069
-0.017141
-0.017723
0.02547
-0.0080138
0.006651
-0.0096334
0.044819
0.0019425
0.015077
-0.011355
-0.0025464
-0.0005986
-0.0078164
0.0042499
-0.01827
0.030732
-0.041319
-0.013117
0.035396
-0.0065871
0.0015524
0.0043378
0.0020841
0.0189
-0.0030839
-0.028978
0.093983
0.12942
-0.034658
-0.040388
0.086926
0.08544
0.028166
0.054611
0.058183
0.036684
-0.069817
-0.0016009
-0.073126
-0.017914
0.11693
0.10847
0.038984
-0.045694
-0.067889
-0.046453
-0.040245
0.03736
-0.021402
0.03765
-0.010389
-0.013611
0.057786
-0.0075384
-0.019175
-0.0086321
0.024579
0.0025109
0.00011687
0.0073675
0.019149
0.019269
-0.03663
-0.0047487
-0.026137
0.01755
0.010853
-0.0080068
0.0080768
-0.026436
-0.01242
-0.0074775
-0.00046685
0.018607
-0.036318
-0.022749
-0.01212
0.01497
-0.02312
0.048805
-0.020104
-0.023525
-0.0058581
-0.0087745
0.039831
-0.034324
-0.038349
-0.038294
0.037797
-0.032245
0.02835
0.035829
-0.026678
0.0098899
0.0032595
-0.018449
-0.012692
0.039986
-0.0012
0.0071822
0.0074865
0.011401
0.037666
0.029734
-0.014433
0.039258
0.029978
0.014859
0.031973
-0.050888
0.095177
0.095497
-0.080006
-0.031792
-0.026971
0.036794
0.035
0.020651
-0.0034869
-0.036054
-0.049365
-0.049944
0.064905
-0.022057
-0.0069445
-0.0052815
-0.035056
-0.018032
-0.0090563
0.030734
0.033772
0.021029
-0.016166
0.0059254
-0.010795
0.035809
0.023318
-0.049047
-0.020272
-0.016585
-0.02131
-0.019159
-0.0106
-0.004442
-0.013597
-0.036747
-0.030891
0.0071051
0.054666
-0.03231
0.05071
0.047105
-0.033781
0.032452
0.038915
-0.0012873
-0.010002
0.017599
0.0024138
-0.020961
-0.024602
-0.01847
-0.0042008
0.020435
0.009469
-0.020258
0.011063
-0.034903
0.03386
0.0078039
0.02433
-0.040734
-0.045628
0.0092738
0.0099406
-0.0062264
-0.014381
0.042117
-0.019187
0.032946
-0.029423
0.017418
0.028909
0.0065976
-0.0030548
-0.027414
0.0092197
-0.014794
-0.004392
-0.0025168
-0.021076
-0.031686
-0.031779
-0.0057395
-0.02147
-0.021898
-0.0068373
0.026475
-0.056193
-0.044867
0.0010699
-0.0027775
0.002555
0.021199
0.017156
0.033033
-0.0089829
-0.00023792
-0.019433
-0.027767
-0.026214
0.051878
-0.033441
0.053982
-0.016984
-0.017101
-0.028144
0.020573
-0.038259
-0.023256
0.014315
-0.01465
-0.010619
-0.0369
0.018546
-0.032687
-0.043131
-0.026252
0.00069106
-0.013351
0.0099985
-0.00077321
-0.00135
-0.022809
-0.035788
0.054101
-0.014777
0.012957
0.044017
-0.041183
0.025811
-0.049356
-0.029914
0.12181
0.0069025
0.06982
-0.0052824
0.089628
-0.046069
-0.0064651
0.052134
-0.023987
0.023593
-0.014104
0.0011492
-0.022565
-0.054241
0.037581
-0.032769
0.039345
-0.013241
-0.0471
-0.022864
-0.05528
0.032724
0.018819
-0.03774
0.054656
-0.024
-0.025953
-0.019072
-0.020962
0.01143
-0.037476
-0.0052806
0.036765
-0.024575
0.056429
-0.051283
-0.011544
0.073097
-0.034555
0.0060422
-0.016643
-0.049546
-0.00062192
-0.061243
0.015672
-0.059658
0.049339
-0.04444
-0.019003
-0.030223
-0.080831
0.0043421
0.065315
-0.043988
0.094645
-0.049872
0.086871
-0.057627
-0.037623
0.075045
-0.030643
0.053752
-0.016559
-0.060726
0.0051756
-0.080651
0.050077
-0.058836
-0.031199
0.029232
-0.026325
-0.10215
0.084923
0.0040999
-0.073482
0.034781
0.041333
0.048599
0.040886
-0.046175
0.0065859
-0.083713
0.001478
0.03015
0.018754
0.02149
-0.072112
-0.004544
-0.020664
0.032741
-0.044957
0.0060684
-0.089048
0.067826
0.036996
-0.099579
-0.081788
0.099175
-0.04256
-0.043649
0.0033444
-0.057414
0.053426
-0.0051746
0.036805
-0.033311
0.0019936
-0.033997
-0.026752
-0.0035968
-0.0019687
-0.0035091
-0.0038158
0.027633
0.015519
0.009921
-0.042266
0.005732
-0.036167
0.018056
0.038408
-0.0055782
-0.030682
0.020238
-0.01679
0.025438
-0.097776
0.04572
-0.042231
-0.073359
-0.12974
0.085546
0.0078461
0.032871
0.020655
0.01019
0.16355
-0.18048
0.045855
-0.019466
-0.26068
-0.11041
0.39175
-1.0979
-0.64373
-0.18281
0.24923
-0.22995
0.69621
-0.51842
0.4806
-0.74674
0.53996
-0.37195
0.078335
-0.72148
-0.69511
-0.61078
3.3558
-0.35239
-0.98227
0.91957
-1.5647
1.6146
-2.044
2.4912
0.37052
2.0986
-2.5492
1.1133
1.4293
-0.10438
1.0726
1.0745
1.1923
-0.16504
-0.51821
0.92133
-1.672
1.8121
-0.92699
0.75173
0.61224
0.713
1.118
1.5043
1.4315
-2.002
2.2502
-4.02
10.899
6.5457
0.80083
-5.0116
2.3498
-1.2703
1.0619
-0.25229
-0.53025
-0.49751
-0.90204
-0.29489
-0.95511
0.32429
0.66356
3.3111
-1.3517
1.311
-13.488
8.6706
11.316
-10.519
8.8895
19.931
10.648
-2.8903
18.947
4.7672
14.583
-17.062
19.541
-7.4265
-6.6019
22.193
2.4013
5.6442
-7.5386
1.9757
0.50403
1.3398
-0.81479
3.3866
1.8737
1.7117
-1.9442
-1.7523
-3.7936
1.2333
-0.24601
0.12581
2.3746
0.98662
1.7574
-4.0495
-4.8663
0.065234
0.2551
1.7625
0.011957
0.56845
-1.3724
-2.8136
0.69821
1.1658
0.07078
-0.030567
-0.10577
0.14043
1.5036
2.2607
-0.72592
2.3732
2.4032
2.2832
2.9309
-1.962
2.2987
-1.665
-2.2416
-1.5444
-0.57944
-1.0388
-0.74851
-1.9078
4.1881
0.15952
-0.32161
-0.76708
0.9811
0.88667
1.3083
-5.4615
-21.68
17.796
-7.331
25.836
-4.189
-5.5992
7.5445
7.7136
8.3513
-14.33
19.525
-1.4565
24.983
-4.8894
3.7057
16.375
1.2019
-0.99584
1.4014
0.39541
0.35417
1.7887
-0.22186
1.639
2.7343
2.5892
2.5146
2.2802
-2.0017
-2.0664
2.3594
-2.6871
-1.5514
-6.1504
6.4875
-0.32649
1.0135
0.41616
1.2055
-1.1906
1.8278
-1.5792
-1.7464
-2.3333
2.7761
-0.80724
-0.80372
1.9768
-0.95633
-0.035809
-4.2376
-3.5758
-7.7864
-15.307
10.14
2.8395
0.65207
-2.2987
1.9156
-0.7125
-0.48488
-0.88973
0.32807
-2.4285
2.3608
-0.088248
1.3441
-3.017
0.83437
-4.7535
3.8616
-6.5308
-21.156
-5.334
-11.288
17.422
20.616
5.7944
2.6149
11.677
-11.59
0.57681
2.7369
11.56
0.024419
-9.4725
2.7444
0.97967
-1.6021
1.8393
0.277
-3.2895
0.4791
4.8555
-3.1444
-1.8143
2.7296
3.4188
3.3153
-1.0521
1.8999
-0.27939
6.8718
11.316
11.335
3.2059
0.66443
0.10716
0.37171
0.38808
-1.1898
-0.33131
0.30975
0.5756
0.62927
0.62137
-1.301
-3.2683
-0.69443
-0.84144
-0.68304
-4.031
3.2596
3.8545
0.071733
-0.098984
-0.41208
-0.15697
1.7876
1.3175
0.65115
0.745
-0.71874
-0.63863
-0.19944
-0.25304
0.13025
-2.9719
1.4264
-1.6752
-1.404
0.9218
-2.5131
-13.75
5.1941
5.322
-1.1963
3.3601
32
-23.59
13.467
-6.3177
17.479
-22.47
-13.388
18.595
5.5429
-11.124
-15.196
8.6763
-2.4647
-0.51211
-0.54078
1.4244
-0.2177
0.69731
0.71146
-1.554
1.0293
4.2988
-3.6638
1.6317
-0.90837
2.0335
-1.2476
-10.824
1.3478
-1.5798
3.1526
3.0735
0.23326
0.60371
-0.32997
0.53398
0.86336
-0.66288
1.2142
-1.639
-1.7476
0.6356
0.16001
0.72817
-0.27843
-0.21951
1.0221
1.9879
-2.0151
-0.31953
1.9395
-1.6037
1.6672
1.4925
-2.4493
-0.40319
-0.83865
0.26474
-0.99651
0.11869
-1.5886
-0.56988
0.51556
1.1206
-1.2843
0.60904
-2.6985
-2.8869
6.732
6.4456
7.6818
3.8169
-0.5495
-0.87122
3.1381
-7.0365
10.127
13.835
18.552
-4.6654
21.091
-12.282
19.002
8.9015
-9.0052
-4.0302
1.7117
2.8506
1.5434
-1.0386
-0.79615
0.0025689
1.3196
-1.679
1.2806
-0.24078
0.098735
-1.8939
2.8718
-1.5497
2.359
-1.0706
1.1895
1.2129
-9.5279
6.4068
3.8821
-4.0001
-0.25286
1.893
-1.7427
0.7712
0.054278
0.87163
0.96012
0.12431
0.37951
0.27423
2.3359
-1.3789
-0.91564
-2.2396
9.3604
3.3112
-4.9064
0.5572
-1.3732
0.35559
-0.49491
-0.0050067
-0.66542
-1.1636
1.4236
-2.6096
-0.29728
-0.044035
0.90874
-3.686
2.259
-2.3732
-1.4649
-0.86957
2.3734
-2.4495
-13.944
0.53817
-5.8471
0.046227
27.461
-4.2907
14.656
-7.2065
31.514
-20.243
5.0801
-6.2971
-4.452
19.227
-13.394
-2.8776
-4.0148
4.6356
2.0578
1.7023
-1.3311
-1.9067
2.9726
-1.481
-0.70662
1.1636
-1.8961
0.53414
1.0477
-1.0954
-6.5838
3.58
-11.741
15.362
0.47981
0.51235
0.13109
-2.1276
2.9764
-3.4601
0.53874
0.84444
1.5911
-1.1362
0.050586
-0.88013
1.8486
-1.0084
-0.26056
-1.1587
0.82696
1.4254
-0.44088
1.6154
-2.2816
1.841
-0.23254
0.44617
-1.5833
-0.12121
-0.45318
-1.01
-1.2688
-0.095276
-0.42881
-1.4711
1.495
-1.9958
0.89648
-1.8747
1.6309
1.2718
1.1165
-12.574
-20.487
5.3277
-8.9591
8.5227
25.905
23.647
-13.11
15.137
27.099
26.929
-19.033
16.862
2.982
3.9676
-7.5145
7.3837
-1.7223
0.2737
1.2415
1.9824
-0.59319
0.80717
0.38914
-0.099649
-1.1168
0.65576
1.2978
2.9487
0.5345
-1.8616
0.89517
2.8886
-2.7521
2.9986
-3.6349
5.3616
4.102
-2.6548
-0.19409
-0.15341
2.1456
-2.1822
-3.2944
1.6098
-0.96838
-0.25401
-0.2503
-0.42044
-0.56217
-0.88652
3.4321
-2.4624
3.2374
6.9975
-7.7437
3.4074
-1.3308
1.3795
-1.7142
-0.17584
-1.0643
0.52669
-0.87965
-0.37172
-0.57501
0.087183
-0.73798
-0.5719
-0.5064
-0.31893
0.091156
-0.90722
-0.36922
2.3979
2.3955
0.0085604
6.2243
-4.6396
-1.7181
6.0858
-13.31
-13.151
10.51
-25.26
10.539
-4.3843
16.588
8.0461
8.0217
-12.083
6.7039
6.7986
-0.9819
-1.7043
-1.5936
-1.7207
0.7909
-1.9895
-1.928
1.4373
1.2229
1.099
-0.83449
-0.78784
0.066766
1.3716
1.3872
1.4574
0.86603
0.92673
-8.429
-8.4509
14.802
9.3046
1.9064
-0.14783
-0.00080286
-0.11238
-1.1455
0.44467
-1.1084
0.92518
0.87432
-0.21076
1.0624
-0.7755
-2.8648
-2.7299
-2.5772
-0.29743
1.2061
-1.4211
2.2146
-0.14099
-0.66552
0.023697
0.72003
0.63853
-1.7444
1.2392
-2.5584
1.6113
-0.076328
-0.20498
-2.5297
-0.84913
-1.2285
-0.93864
0.65635
-0.4496
-0.49643
-12.997
-17.089
15.799
-0.98661
-6.0333
4.7433
18.604
5.3349
5.5747
7.4155
-18.04
-7.5214
-30.759
17.433
-7.7747
-7.2082
2.6301
-2.6413
-2.6379
1.7941
-0.94064
3.362
1.3999
1.6074
0.18754
-0.51625
0.29474
1.8074
0.52938
0.35983
1.0362
0.79592
3.8549
2.7551
2.8205
-8.0309
9.1424
1.6595
1.8933
1.9354
-0.15963
1.416
-0.66574
-0.55933
1.0529
0.59714
0.71222
-0.82665
1.6245
1.4913
-0.63157
-0.52648
2.4292
-2.0725
-1.8729
0.096703
2.3238
2.6691
3.1733
3.0385
2.6701
-0.46066
-2.7538
1.4923
-2.9074
-2.8796
1.3792
-0.89213
0.89554
-2.1422
-2.17
-1.5339
-0.12268
-1.8077
-0.86893
-0.71975
-1.7368
6.4431
-11.05
-4.5615
-3.3943
31.168
30.155
16.153
-7.5053
7.375
29.2
-16.749
-23.353
-23.126
14.533
-11.368
7.8785
-13.444
-11.208
-0.68273
-2.16
-2.0308
-1.8694
3.673
-4.0758
3.5936
-2.2264
0.30158
-0.66046
-8.4564
-8.5502
6.6806
-3.5991
-4.379
-2.683
3.0991
3.1176
-0.66731
-2.3981
-13.585
-8.2009
-8.2149
6.106
-3.2064
0.48841
0.40087
0.4955
-2.0552
0.66626
0.36608
1.4071
1.2229
2.2891
-1.528
0.4557
0.77112
2.0794
-0.61744
0.15885
0.6408
-0.20949
0.75137
0.66246
1.7324
-1.8767
-0.94591
0.14844
-1.9022
-0.46509
-1.9463
-0.41281
-0.021314
-0.72609
0.22747
-0.78266
1.1101
-0.5941
-0.15647
0.91959
-4.3335
-18.722
-18.356
27.114
4.2222
20.914
-2.5178
-1.816
4.9765
-0.43785
21.027
21.323
19.405
-19.904
28.929
-10.201
-3.4259
6.8463
-5.2036
-8.1382
4.8734
5.1028
-5.656
-5.0821
2.0168
-2.1939
-1.0238
-1.0604
-0.81081
0.79457
-2.1828
-2.1793
0.52893
1.1119
-3.1416
-7.8963
0.74304
-4.4059
1.0013
0.95772
4.6495
-4.1309
1.6941
-0.98877
0.42857
0.77803
2.2195
-2.114
2.0479
-0.43001
0.64698
0.96289
-1.4009
-1.3011
-0.83908
1.5247
-1.2463
-0.66333
1.5176
0.30199
1.1818
-1.6432
0.40857
-1.1373
0.44817
-1.5666
-0.39622
-0.37711
-0.67323
-0.26036
-0.73522
0.54941
-0.059188
-0.56553
0.58132
-2.2431
1.9256
-11.114
-3.2921
14.795
16.009
-19.948
1.3336
-10.756
15.858
-5.9515
-15.233
26.606
-12.767
-24.429
16.243
-16.934
11.799
0.16414
3.2945
-4.7137
4.5519
1.8798
-1.0678
0.96303
-2.0947
1.5642
-1.909
1.298
-1.3407
-0.57138
1.0891
2.9447
3.1647
-1.1741
3.8786
-5.9467
-13.155
10.839
0.89916
2.5538
0.426
0.22967
0.62214
-0.024054
-0.2749
0.30566
-1.4167
-0.29516
0.89835
0.53383
-0.014091
0.83837
1.7092
-0.51954
-0.81055
-2.6093
2.7119
5.0201
3.3957
-3.2974
3.6876
-4.0546
-3.3848
0.86223
-0.60476
0.73551
-0.95503
-0.068792
-1.3389
0.46981
-1.2156
-1.7227
1.8798
-0.30682
-0.15569
-0.61177
0.28967
-17.788
-23.774
16.348
0.74906
-12.643
29.683
-0.96795
-13.624
16.81
26.925
-16.139
24.749
-1.1088
-16.829
4.9296
-29.24
-7.9459
16.708
-10.431
5.0693
-1.7897
0.57114
3.5989
3.546
-3.9221
2.6392
-1.5256
1.8808
1.4504
-2.2116
-2.2764
4.039
-2.889
2.6736
3.4515
-8.7419
-3.219
6.5134
0.15436
0.69821
0.41391
0.68353
0.67407
1.1086
3.2683
-3.1458
2.8157
-1.2374
1.0356
0.51769
0.61102
0.77177
1.3635
-0.77662
0.42448
0.55636
-3.743
-3.5064
3.9825
-2.7613
-0.48542
-1.2306
1.8075
-0.58752
0.2464
-1.1712
0.75544
1.5798
-2.4737
-1.5857
-1.4953
-1.3536
0.75976
-0.75863
0.0030882
0.382
0.54751
-0.49505
0.0046646
1.8712
-21.83
-21.544
4.0429
-17.828
13.828
2.0269
1.9717
11.957
-9.5955
0.86684
15.779
16.11
3.9473
-4.4733
18.125
-19.815
-20.517
-5.0333
-3.0425
12.559
-7.5258
-7.5066
3.5086
-0.39841
1.57
2.0468
2.0063
-0.97092
-1.1083
-1.2863
0.7693
0.68635
1.5576
-2.1166
-0.38911
-5.429
-5.4687
4.9353
-4.2836
-11.764
-5.6367
-5.6076
6.0216
2.2754
-0.5917
0.21239
0.12354
1.4905
-2.4843
1.6966
-1.5596
0.031295
-0.079371
0.5796
-2.0467
-1.5683
0.89816
0.84563
-1.3564
0.51964
-1.4872
-1.1971
-1.3435
0.42431
1.8556
-2.6085
-2.7645
1.2431
0.15772
0.59951
0.12606
0.053951
-1.0504
-0.94408
-0.20985
-1.3248
-1.2879
0.45193
-2.2546
1.682
0.46793
0.57649
-1.0083
0.82974
-11.916
14.188
14.334
-8.2377
-10.693
18.753
-13.211
-13.441
-8.426
24.17
9.8016
-14.682
-3.2857
17.168
-16.756
-2.4262
21.672
-13.311
-13.383
23.783
-5.3201
-10.478
11.561
2.6692
2.347
-2.3267
1.3317
4.3043
4.5207
1.693
2.5387
-0.26083
-2.5042
-2.6254
-5.2105
3.4856
1.6175
-0.15772
-0.15467
-5.5256
-0.98298
8.5078
5.7297
5.8085
0.056225
1.8267
-1.5159
1.1935
1.2711
-1.5923
1.3632
-0.62863
0.83352
0.38675
-0.49606
0.6331
0.18104
0.28912
-0.84211
1.3925
0.45795
0.9018
1.1676
-2.023
0.49898
1.4645
0.38173
0.12504
1.4695
-0.34129
-0.92384
-1.7177
-1.7011
0.26963
-0.57288
-1.2678
-0.064037
-0.0246
0.87424
0.093513
-1.4936
0.0065855
-0.068382
0.28846
-25.427
13.404
-16.415
-16.426
15.212
6.6673
-9.4119
3.0466
3.1558
3.7619
-14.246
28.356
-8.565
-8.6343
-16.836
-5.0256
-9.2232
8.2943
8.2631
-9.0631
-2.0981
-5.0442
4.7145
4.5854
-2.2674
-1.9882
3.4938
-3.2517
-3.1648
-0.036522
1.7256
-2.7725
-0.28976
-0.29255
-0.43156
0.12087
2.3981
2.7242
-12.83
-12.898
-3.4594
3.1124
-0.13929
-0.038895
-0.095211
0.87193
-1.3876
0.39727
-1.5847
-1.4492
1.8469
1.5017
-1.7078
0.97192
1.0086
-0.43855
-0.26049
0.63476
0.53608
0.41282
0.65101
-0.35537
0.35933
-0.63346
0.51408
-0.97476
2.2255
1.1759
-1.0399
-0.024871
-0.32225
-0.42573
-1.0044
-0.95273
-1.8137
0.40252
-0.1796
0.094161
-0.62492
-0.65072
-0.88006
-0.91994
0.40556
4.0871
3.6851
-7.6836
9.1241
2.5515
13.093
12.759
13.623
-24.765
32.101
14.791
25.538
-18.02
25.787
20.484
-7.5269
-7.0676
-21.309
-5.8798
-5.5045
-6.1577
-13.09
7.7142
-0.50848
-1.9124
2.1251
-2.0762
0.17652
1.2796
0.99011
-1.036
-0.099404
0.94602
-2.5122
2.6326
-4.4344
6.2019
3.9934
3.9353
-5.0898
-2.2057
9.7708
-5.6194
1.0178
-1.6328
2.664
0.42438
0.18127
-1.9305
1.686
-0.1586
1.028
-0.055774
-0.86424
-0.90576
1.4242
-0.35262
-0.70416
-0.79817
0.49677
1.1615
-0.31364
-1.7212
1.5219
1.5537
0.40125
2.8128
-2.2612
2.3259
2.1563
0.60722
-0.23753
-0.08597
-1.281
0.33518
-1.5761
-0.7569
-0.71685
-0.50251
-0.19413
-0.78439
-0.36365
1.1141
-1.2033
5.5417
-17.634
-20.425
18.731
-10.736
-10.748
23.323
3.2023
12.194
4.3959
25.698
19.739
-3.4672
6.7096
26.632
11.216
21.469
-11.242
16.097
-17.596
17.971
-13.692
-3.2991
-0.49793
3.0414
1.6162
-1.394
2.0301
-1.4635
2.2063
2.4141
-0.68473
1.1837
-0.92129
3.6395
-6.4907
4.0787
-0.36687
2.4613
-7.061
-3.4476
4.6053
0.359
-2.7322
5.0498
1.2736
1.7066
-1.4857
0.62219
-0.4484
-0.34658
1.6714
1.0066
0.93284
0.91714
1.7514
1.4485
-0.47307
-0.96556
-1.0927
0.51686
0.50024
-1.9184
2.5254
2.5553
0.94663
-2.8847
-1.1612
0.59418
0.39574
-0.20097
-1.138
-0.63357
-0.46694
-1.4166
0.77096
-0.56314
0.36896
-1.112
-0.78809
0.36791
0.74503
1.4415
-0.7599
-0.65088
1.6041
-6.3936
-6.1023
8.6068
0.63157
25.304
-23.477
33.836
-18.874
-18.627
29.769
31.844
14.561
-22.337
-22.632
24.163
-1.5972
3.9252
7.9878
8.2962
-6.2383
-1.8576
1.2231
-1.9118
-1.9415
-1.6095
0.18319
-1.4516
-1.3421
0.20412
0.85193
-0.77988
-1.1885
-1.4522
1.4692
-2.2721
4.9139
2.6201
2.6552
-5.3159
8.647
-1.4154
-1.434
-1.4049
1.0942
1.3415
0.80544
-1.8059
-1.7403
1.8154
1.489
-0.98006
0.8939
0.087651
0.83341
0.81633
-0.0007869
-0.70572
0.42354
1.0993
-0.46277
2.4045
-1.2017
3.1556
3.0863
-1.8683
0.85519
-2.9322
-4.3834
-4.6246
2.1712
-2.9126
0.031139
-1.8728
0.79194
0.85099
-1.478
-0.99139
-0.27034
0.89028
-1.4209
-1.3595
-0.18798
-0.71485
-13.826
-13.675
11.397
11.806
-3.9158
12.323
8.4121
3.8957
1.0831
-4.2871
5.8593
-2.433
-2.1401
20.134
3.8202
15.637
-13.286
-13.242
22.981
12.296
-8.4771
4.1511
4.0331
-3.9647
-1.11
2.4953
-0.21081
1.4247
1.6544
0.85163
1.4407
-0.21678
-0.25128
-0.076448
1.4092
-0.62294
1.3109
1.6533
1.5946
-0.27634
0.7696
0.4501
0.43361
0.41632
-0.0017558
1.1177
-0.10332
-0.15786
-0.13815
-4.3442
2.3241
-0.12763
0.61506
0.5772
-0.41086
0.16143
0.71556
-0.79788
-0.77228
-0.61475
0.37135
1.5991
-0.93523
-0.90371
1.2535
-0.40121
0.9588
0.43957
0.083597
-0.27301
0.39958
0.17672
-0.10353
-0.12553
-0.38019
-0.0081461
-0.27773
0.33821
0.34032
0.56561
-0.19702
-0.1982
-0.13256
-0.17757
0.13965
-0.030085
-0.07451
-0.048245
-0.096562
0.23399
-0.56249
0.66119
-0.20763
-0.19119
-0.10187
-0.15336
0.13854
0.13397
-0.042494
0.16629
-0.0035041
0.13977
0.15066
0.13117
0.12213
-0.10042
0.069245
-0.030748
0.0028477
-0.052038
0.046949
-0.096163
-0.094841
-0.1472
0.081473
-0.10799
-0.02903
-0.001258
-0.17808
0.18861
-0.28623
0.1134
0.092985
-0.026272
0.020088
-0.24678
-0.13874
-0.13866
0.13496
-0.26106
-0.012369
-0.14322
-0.13521
-0.084746
0.15445
-0.067275
-0.023451
-0.020197
-0.11173
0.093443
-0.10928
0.058507
0.059903
-0.078082
-0.047387
0.062043
0.0036812
0.009578
-0.075619
0.025049
-0.0048686
0.0043291
0.0025195
0.021069
0.018437
0.0071069
0.027975
-0.0045317
-0.036739
-0.03957
-0.037744
0.0023196
0.0075859
0.020195
-0.087383
-0.0022945
0.094741
0.099143
-0.0069262
-0.00054029
-0.002303
0.025085
0.022753
-0.049004
0.018203
-0.020518
0.0081957
0.015388
0.096325
0.11988
0.015697
0.14357
-0.077048
-0.078933
-0.032097
-0.055
-0.10437
0.048418
0.050318
0.0014726
-0.018859
-0.073954
0.049613
-0.02137
-0.018279
-0.071039
0.072983
-0.046289
-0.045209
0.012737
-0.037936
-0.032716
-0.025368
-0.02145
0.029156
-0.086636
0.020294
0.0053622
-0.076389
0.033699
-0.076702
-0.096918
-0.04006
-0.020431
-0.017939
0.0033224
0.003213
0.0046108
0.0049122
-0.082419
0.024454
-0.0594
0.053922
-0.03442
-0.010442
-0.004583
0.045568
0.01854
0.022914
-0.020551
-0.1392
-0.0073704
-0.0072461
-0.078201
0.042288
0.045392
0.040259
0.0095713
-0.049261
-0.00047188
-0.099362
0.062531
-0.036027
-0.056759
-0.019463
-0.069049
0.057919
-0.10179
0.083392
-0.034975
-0.023149
-0.040072
-0.03924
0.028039
0.027402
-0.0021663
0.031565
-0.047696
-0.0024823
0.0047436
0.024266
-0.0066391
0.02547
-0.036591
0.0031753
-0.00011547
-0.025683
0.0058465
-0.047063
-0.045637
-0.032059
0.0026388
0.075489
-0.041872
0.046146
-0.10917
-0.071731
0.013674
-0.11289
0.16484
0.012995
0.34809
-0.43404
0.35307
-0.26492
0.24595
-0.23104
0.17652
0.044211
-0.41495
-0.41577
0.56038
0.057601
-0.12795
-0.23395
0.046906
0.1471
0.10149
0.10743
-0.46071
-2.1892
-1.7823
0.71911
1.627
-1.9653
0.97765
0.27584
1.649
0.062693
0.83824
3.5963
0.51071
1.4246
-1.7064
-9.2
-5.5043
15.545
-15.364
-19.864
26.504
-1.1351
21.53
28.687
-2.4881
5.4963
21.78
-16.392
27.159
-9.4395
12.381
-7.3364
12.401
3.2525
7.973
2.2173
-7.9048
1.6397
1.6651
-2.6104
0.0019599
0.20153
-0.26981
0.32184
-0.43572
1.7399
1.4115
-0.45955
0.26647
-0.23435
0.47704
-1.003
1.7338
2.2787
-0.60937
-0.070051
-0.14745
-0.14638
0.52461
0.62927
-0.561
-2.1497
1.8079
0.087135
0.40036
0.27581
0.6021
2.3808
2.0828
-4.1087
-6.9129
2.6359
-0.94351
1.6873
-0.97108
-0.97952
0.734
-0.17701
0.81524
0.63516
0.44967
-0.92871
-3.1087
-1.5132
0.53103
0.55607
-0.33005
-2.7014
6.9407
-4.0839
3.2496
-6.3116
4.9825
0.5138
-9.099
-8.84
-10.913
-13.68
19.658
7.3696
11.216
0.38349
12.31
13.325
5.278
4.5576
-0.95527
-0.77789
-0.065474
-1.3643
1.7427
1.7856
-2.1258
6.3514
-7.347
-1.9258
4.265
0.11102
-0.66484
2.043
2.2723
1.3359
-0.093994
-3.9027
5.2882
5.3102
4.3959
-1.4425
-6.78
10.262
10.355
9.0391
-8.9476
18.201
5.5376
5.4007
-9.7855
-0.98028
0.29558
-0.31138
-0.40695
-0.026124
-1.8534
-0.23469
1.0968
-1.1204
1.2939
0.91183
-0.15398
-19.512
-12.657
1.4582
-10.944
-3.0664
6.4851
10.147
7.0416
29.872
-11.088
4.3036
-5.3249
-3.0793
-5.7414
0.93811
-4.4274
-0.39941
-0.30149
0.74797
-1.2437
0.14533
-2.366
-2.4972
0.00089286
7.3996
-8.8534
4.9203
4.8867
3.9715
-9.0331
-14.981
0.69723
0.59572
-7.7055
3.5957
21.406
5.3346
4.9142
-1.7001
-11.51
7.444
-20.306
-3.9235
-3.4405
-0.013692
-0.29056
2.4262
1.9925
1.7815
3.6465
-1.1845
4.1794
-5.2834
-5.1704
6.0338
0.27086
-1.7304
-4.0516
-4.0024
2.0224
-3.3278
-8.9013
6.0935
4.6222
4.6615
5.707
8.4637
-0.49466
-12.901
-12.916
16.077
7.4507
0.26689
0.02183
-0.0025559
1.4148
-0.014081
-0.90298
3.929
4.1724
1.3018
2.1723
0.16231
8.3748
8.1453
-22.591
9.4057
0.69671
0.73965
8.5836
9.7985
-1.0363
9.8347
10.057
11.326
14.861
-0.3819
3.1973
2.9622
-5.1762
-0.19004
1.4888
1.4955
1.4535
-3.9045
-1.2262
-0.021131
-1.6119
-1.3384
-3.593
1.7929
2.3192
-13.045
-13.381
23.711
37.26
2.3879
32.967
32.99
-11.193
-11.439
23.728
-15.664
-15.835
18.642
-18.284
15.3
16.728
-2.9403
-2.7522
-7.1856
-4.5567
3.7845
3.8404
-3.8494
2.7284
-0.42858
5.1219
2.3722
2.3218
-0.97677
-1.8834
5.4276
5.3393
-16.348
16.414
3.1042
5.7499
0.44798
0.4673
3.0894
8.0486
4.7686
4.7365
15.977
-1.4523
-6.205
1.0468
0.37289
0.018239
-0.13738
0.64182
2.5536
0.30497
0.52286
5.4749
-1.6427
-4.4166
-0.99466
-1.4249
-8.966
-11.268
-1.1559
15.993
16.027
6.5511
9.8669
14.018
-6.4193
-6.2462
4.7782
-4.416
4.5322
-1.816
-1.8872
0.13411
-0.672
-0.41551
0.64549
0.4823
0.26862
-3.324
-2.1004
-1.4192
-1.5682
-2.9386
4.0403
-3.8215
-0.65372
-0.34906
-1.1044
5.3924
2.7601
-12.156
-13.575
17.262
-9.2643
6.3415
16.386
16.958
0.42886
4.7252
0.47111
-0.11072
0.25201
-11.684
7.5798
-8.5141
-12.139
3.8834
1.6684
1.7542
12.137
-5.5609
-14.095
-5.7996
2.4316
-4.9979
1.2029
0.93202
-2.8151
-0.6741
-2.8698
0.60001
3.9252
3.966
1.5748
3.845
5.9694
3.0212
2.9197
3.6054
-15.727
-20.451
19.404
-10.622
12.939
0.22247
-2.8856
-8.9619
8.4803
-1.1369
2.274
-0.60136
-0.62473
0.57732
-1.8124
0.93799
0.86879
-0.18554
0.74885
-1.3018
-0.44374
0.5934
-0.064358
-0.85049
-0.36149
-0.42496
-0.40954
-0.46079
-0.37878
-0.048673
-0.036698
-0.4145
-0.15362
0.054294
-0.24148
-0.051453
-0.30331
-0.38621
0.34075
-0.13125
0.16005
0.14689
0.22948
0.14839
0.17253
0.36418
-0.40992
0.13542
0.026826
0.11103
0.59809
0.28934
0.32611
0.74826
0.53764
-0.20009
0.19857
-0.19414
0.057101
-0.16532
-0.30362
-0.022578
-0.14932
-0.33475
-0.35658
-0.22241
-0.39446
0.086879
-0.17126
-0.16801
-0.11038
-0.0085755
0.017882
0.021113
0.021784
0.15377
0.091524
0.13699
0.16862
0.15646
0.14124
0.23448
0.14306
0.12488
0.092587
0.085876
0.083615
0.0045855
-0.021405
-0.066939
-0.086347
-0.10693
-0.093608
-0.094239
-0.082296
-0.076789
-0.089763
-0.070057
-0.074104
-0.044043
-0.026326
-0.012973
0.021791
0.016193
0.033176
0.032664
0.021083
0.024231
0.026393
0.021568
-0.0045122
0.023934
-0.012801
-0.049133
-0.0087959
-0.019655
-0.022699
-0.0069463
-0.0087536
0.015672
0.030942
0.039234
-0.0060872
0.022476
-0.0043422
0.026968
0.010193
-0.020047
-0.017621
-0.024745
-0.0067986
-0.050114
-0.043153
-0.027235
-0.047865
-0.041899
-0.028392
-0.0058485
-0.0062432
0.036778
-0.0033622
0.0051846
0.002435
-0.0024124
-0.011977
-0.032689
0.034563
0.020629
0.0076958
0.0064836
0.013742
0.0060851
-0.018345
0.001094
-0.022709
-0.049937
-0.028322
-0.012328
-0.0063743
0.0013767
0.023398
0.023767
0.022762
0.00018015
-0.015103
-0.0075466
0.0047566
0.00063009
0.016446
0.011576
0.0028613
0.012661
0.023717
0.0081033
-0.021763
0.002569
-0.005659
-0.012922
-0.021916
-0.028892
-0.016696
-0.0093356
-0.019455
-0.035953
0.0014402
-0.0070858
0.0131
0.0070936
0.004457
-0.00067646
-0.021015
-0.011769
-0.031636
-0.025647
-0.031191
0.020468
0.022855
0.026136
-0.014297
-0.019464
0.0086967
0.019207
0.0093027
-0.012514
-0.013716
-0.044751
-0.00846
-0.018319
-0.022
-0.0053622
-0.0040906
-0.015525
-0.019048
-0.020191
-0.0058132
-0.013585
-0.011163
0.0031725
0.0051627
-0.0097483
9.2693e-05
0.0074992
-0.037106
-0.018207
-0.013917
-0.028489
0.0064467
-0.0090552
0.015262
-0.015163
0.00032704
-0.0061531
0.011732
0.019079
0.0079552
-0.004834
-0.038867
-0.033527
-0.036955
-0.0049781
0.00060493
-0.0020851
0.0023004
-0.017556
-0.017888
-0.0054391
0.0090955
0.020625
-0.0044264
0.0049436
-0.003549
-0.0054977
-0.037529
-0.031927
-0.0107
-0.0023759
-0.020343
0.016029
0.00041655
-0.012714
0.024755
0.0084555
0.011092
0.026213
0.0013817
0.0032308
-0.010702
-0.036323
-0.032803
-0.012709
-0.025796
-0.018955
-0.029769
-0.0018828
-0.010001
-0.0081074
-0.0090176
-0.010944
-0.0048115
-0.0035319
-0.019835
-0.017502
-0.008328
0.0079738
-0.014796
-0.013966
-0.0088991
-0.0042413
0.019714
-0.0097273
-0.0047122
-0.011164
-0.014849
-0.03562
-0.0010533
0.0024668
-0.017145
0.0073555
-0.031326
-0.044577
-0.022754
-0.014737
-0.0055194
0.020656
0.002911
0.022808
-0.00066714
-0.0051864
-0.022429
-0.025768
-0.037452
-0.036346
-0.035257
-0.012322
-0.0084871
-0.0074535
0.0011051
-0.011075
-0.020815
-0.0091617
0.0096312
0.0011648
0.0051431
-0.0084476
-0.011732
-0.020259
-0.048361
0.001936
-0.022218
-0.012524
0.0038509
0.017388
-0.00028023
-0.0050373
-0.016051
-0.002622
-0.019535
-0.029927
-0.029682
0.0011737
-0.014078
-0.00095248
0.0032257
-0.014908
-0.0083586
-0.0092135
-0.026914
-0.020515
-0.01876
-0.0045193
-0.023124
-0.011766
0.025037
-0.0039294
-0.0060144
0.0080403
0.016006
-0.0055895
-0.0071561
-0.0099817
-0.0053527
0.00064029
-0.01988
-0.02642
0.0030114
-0.011354
0.016031
0.017692
0.0062533
0.0094065
0.0023239
-0.0073091
-0.0056523
-0.017792
-0.0049963
-0.024557
-0.029529
-0.031455
0.010644
-0.0173
0.0034364
0.0064419
-0.0090263
-0.0049247
0.0023379
-0.020885
-0.012642
0.0093123
0.011662
0.0097019
-0.031318
-0.036251
-0.030771
-0.0038909
-0.00068978
-0.0062533
0.021089
-0.0025333
-0.012098
0.014802
0.028257
0.024132
-0.01789
-0.028817
-0.020135
-0.014192
-0.040558
-0.018186
-0.0081283
-0.023623
0.014246
0.0048266
0.0036102
-0.0044985
0.02972
0.0076304
-0.025101
-0.032162
-0.037324
-0.01339
-0.0059543
-0.034522
-0.011517
-0.0077016
0.0070252
-0.024969
-0.011697
-0.0024186
0.01696
0.00031102
-0.0062914
-0.013056
-0.02325
-0.0074996
-0.0021438
-0.0017332
-0.023171
-0.011426
-0.020557
0.0047759
-0.0015179
-0.0098022
-0.044329
-0.065909
-0.11596
-0.036505
-0.07945
-0.032562
1.3006
0.36901
0.17412
0.27782
0.27174
0.13724
-0.10992
0.0056508
-0.099855
-0.10864
-0.040821
0.22969
0.1022
0.0082283
-0.022587
0.15994
0.14827
0.0040557
0.10457
0.13511
0.11852
-0.050145
0.035113
-0.29992
-0.057104
0.38224
-0.2524
0.028092
0.59548
-0.53926
-0.37434
-0.29888
-0.82301
0.50117
0.019589
-0.45565
-1.4736
-1.4653
-0.23771
-0.37202
-0.25255
0.83043
0.68669
0.73068
0.64151
1.61
0.17746
-3.2736
0.49087
-0.15177
6.161
-4.4231
-0.90437
5.0257
4.5082
-3.4152
1.5824
-0.77876
-1.2482
0.73158
-1.8261
0.97654
1.2244
0.33581
1.076
2.1896
-0.87894
0.64609
0.4646
2.2297
-2.5725
-14.867
-6.5072
20.73
-23.459
29.286
-2.2834
28.663
-20.595
14.079
19.792
22.799
-11.574
19.32
1.4259
11.215
-8.9365
-2.4781
0.080631
2.2244
-2.802
-1.5732
-0.22102
-1.4437
-1.3415
-5.8009
0.78089
-4.0931
12.598
1.4383
1.407
2.8191
0.60889
6.6162
0.25072
-9.3539
-8.4729
7.8792
-5.2405
2.3526
1.7551
-2.8816
0.97934
-1.4189
0.55486
-0.0032511
0.26259
0.75752
-0.51809
0.97945
-1.1197
1.2119
0.38455
-0.56751
0.78033
-0.17494
-0.99044
2.3541
2.3229
-2.1377
-3.1607
0.56628
1.535
1.5785
1.2062
0.34191
-0.83147
1.5891
-1.9581
-1.7919
0.32672
0.6461
-0.65971
-0.94006
-2.1475
1.7767
-6.9505
-0.42998
-2.0944
5.4178
3.5019
-2.5687
17.883
10.588
10.568
-11.126
32.157
6.9952
-8.5891
-8.3386
14.548
-5.7551
21.519
-24.643
-24.63
-21.95
27.455
-20.733
17.203
16.746
-16.964
-8.44
-8.3913
-0.012944
0.7335
0.69309
-1.0169
-0.035203
3.7553
7.0942
1.6457
1.5085
-6.8452
-10.632
0.7438
0.31699
0.49094
0.12477
0.044964
0.042188
0.068447
0.95648
-0.73575
2.6074
1.4836
0.2226
-1.4213
0.78227
0.84953
-1.6514
1.9905
-0.1015
2.056
0.49911
-4.8205
4.9813
4.9336
6.2243
-4.3442
6.0908
-9.136
-5.373
2.9414
-2.3782
1.2828
-0.24818
-0.601
-2.0045
-1.7391
-0.12223
2.4186
0.7192
2.0668
0.15782
-0.36555
0.83007
-2.2188
-20.069
-9.0324
13.16
-16.78
23.208
5.0901
18.784
-5.4695
18.063
-15.517
13.978
-10.123
26.496
-5.3747
4.6733
-14.556
-18.886
1.0225
20.846
-16.522
8.7703
-22.075
-16.847
16.35
-20.975
17.315
7.9767
-2.6166
-6.9481
12.927
5.6399
2.1001
0.065599
6.991
-0.92772
5.8486
-2.0502
-12.3
7.6575
-3.68
1.4136
0.35909
-0.20816
0.34137
0.18689
0.34656
-0.35084
1.0652
-5.5539
2.8874
0.74871
-3.2803
-0.96787
-0.42174
1.9817
-0.11812
-0.025709
1.3432
2.2701
-0.87267
-1.7309
2.2523
-2.0712
4.8607
-2.1345
3.1533
-1.1674
3.151
-4.032
2.3514
-3.0444
-2.6558
1.4055
-1.7833
0.59619
-0.23357
1.274
-2.0734
-2.1269
1.6768
-0.11895
0.82513
-14.194
17.112
13.432
-12.099
-2.1558
16.201
7.5006
-7.225
-6.1225
13.307
20.16
27.709
6.2634
-9.778
-8.0791
22.273
-15.916
-10.139
21.83
12.677
-12.586
6.704
-6.0999
-14.546
23.152
-16.788
-2.038
-5.7869
-2.4161
3.5544
4.0388
-0.69323
3.079
2.8571
0.40395
3.2006
7.2753
4.6226
-8.9045
-4.1273
-5.79
0.24173
0.17756
0.2529
0.26167
-0.24274
0.20616
0.086656
0.56385
-0.49836
-1.7517
1.7406
0.59338
-0.10517
-2.4069
-1.5393
-1.064
1.8669
1.6473
-1.4119
-1.3807
5.0128
-7.5442
0.42131
-1.8406
3.788
-3.3356
2.373
-0.99091
0.018927
-0.16569
-2.7996
-2.8691
2.062
-2.8632
-0.47911
3.2262
3.3146
-6.0063
-3.5397
2.457
1.1339
-3.5862
12.315
12.574
15.625
8.5411
1.7937
17.018
-16.883
-3.9287
2.6283
-3.8261
1.0214
-6.2581
19.578
-8.7238
4.9421
10.928
4.1907
-11.253
-2.8266
1.8939
-1.291
-1.9616
-4.2173
3.6655
-4.6942
3.1013
2.0264
-0.039914
-0.10461
0.12259
-0.1383
1.1749
-0.09535
1.3923
-0.18052
0.62126
0.49373
0.67923
1.4626
1.4863
-1.2003
-0.95601
0.56291
0.55649
0.50274
0.4541
0.37528
-0.44718
0.59386
0.63486
-0.40435
0.16578
-0.31806
-0.34852
-0.44783
-0.27205
-0.51165
-0.23542
-0.68186
-0.58258
0.060692
-0.35018
-0.13813
0.19223
0.19145
-0.11131
0.33762
-0.26537
0.035906
0.036524
0.13212
0.19977
-0.13942
-0.031471
-0.033113
-0.015137
-0.080612
-0.066007
0.14209
0.0019301
0.038657
0.0093731
0.0022808
-0.05505
-0.041506
-0.052809
-0.0087268
0.063551
0.066872
0.080457
-0.0097346
0.11091
-0.020448
0.0099518
-0.02038
-0.086774
-0.078209
-0.059541
-0.021164
-0.0061808
0.0032153
0.0048135
-0.01991
-0.020929
-0.033388
-0.029207
-0.034835
-0.051077
0.015377
0.01979
-0.027492
0.040787
-0.076268
0.0082964
0.024425
0.058109
0.031193
0.027736
-0.096314
-0.11355
0.079253
-0.056736
0.015041
0.030431
0.040953
0.0017504
0.045706
-0.049703
-0.011088
-0.012907
-0.012264
-0.0038569
0.0059094
-0.043738
-0.045017
-0.041705
-0.0075219
-0.0071683
-0.0034354
-0.0060845
0.022248
0.028338
-0.0219
0.017829
0.00061478
-0.0086565
0.0054996
0.015043
-0.0088918
-0.0083493
0.012351
-0.00070665
-0.010184
-0.050525
-0.012319
-0.02384
0.0025229
0.024168
0.011789
0.0030157
-0.0056318
-0.018806
-0.0062069
0.0051616
-0.028696
0.013522
0.0018654
-0.054117
-0.046897
-0.015437
-0.044776
0.00026565
0.0088144
-0.045842
0.019178
0.0056322
-0.054637
-0.00070908
0.014589
-0.048461
0.010485
-0.037763
0.0063012
0.010795
0.02118
0.021254
0.0084915
0.0020695
-0.054041
-0.0068027
0.022295
-0.019531
-0.00015363
0.0024126
-0.036485
-0.03324
-0.00026706
-0.02942
-0.027813
0.016236
0.058169
-0.0244
-0.044152
0.030078
0.0016652
-0.022283
0.00399
-0.023429
-0.026903
0.0022714
-0.024858
-0.030367
-0.00062429
-0.038621
-0.052163
-0.0071362
-8.249e-05
-0.0083077
0.013326
0.0029552
-0.048514
0.035132
0.017351
-0.029382
0.038604
-0.0071109
-0.032293
-0.038897
-0.0089478
-0.036028
-0.042712
0.010179
0.018007
-0.019294
-0.078048
-0.073043
-0.088446
-0.074566
0.081072
-0.058728
0.040331
-0.0065818
0.025193
0.012339
0.043591
0.11998
-0.046563
-0.031636
0.25346
-0.38047
0.14034
0.13107
-0.22118
0.098326
0.090836
-0.26262
-0.32772
-0.19402
0.042393
-1.2322
-0.31188
-1.4382
-1.4546
1.2485
-1.2425
1.4513
1.4468
0.92148
-0.49416
0.38821
-0.028923
-0.82835
-1.1095
1.1454
2.6706
-6.3694
-6.3905
2.0877
5.0172
-0.43639
-2.5006
-0.50912
0.32141
-0.78487
1.0883
-0.6191
4.2378
4.2365
-1.7229
2.3523
-4.6095
2.7914
-4.1126
5.3461
-3.8012
3.5076
-1.1335
0.14717
-0.61537
0.3133
-0.24068
-0.67032
-1.5435
0.10197
0.94415
0.43337
0.62146
-1.2782
1.591
-1.6152
3.4016
-2.7277
-17.355
-15.451
23.89
4.0274
-8.4839
8.6706
16.269
-2.9554
22.831
-17.939
12.642
11.252
-8.8699
-11.312
22.674
-14.958
-22.475
9.7386
-12.894
-8.3009
4.6474
-4.233
3.4951
0.35996
-1.8644
-0.58435
-0.94813
4.1733
-7.4706
9.6069
2.4356
6.8203
1.5699
-2.073
3.2465
7.8671
2.207
-14.043
1.0019
-0.42755
0.10381
-0.52166
-0.91936
-0.074543
1.9679
-1.4633
-1.0305
-0.21938
-0.89053
-2.2983
2.1167
-1.3872
0.51787
0.85114
-1.9511
2.6899
2.2005
-1.8728
3.8454
-3.3181
-4.6131
4.3074
0.29316
2.9094
-5.6602
2.9291
-1.878
-2.296
3.1426
-0.96429
-2.5845
-10.373
-19.669
-5.1688
-5.1124
6.4572
0.2863
2.6859
5.922
13.594
-13.399
26.736
17.415
12.946
-20.263
-20.421
24.914
-30.059
15.776
-13.319
-13.667
11.767
-8.9725
6.4203
3.4913
-2.9542
1.2921
1.0361
0.98784
-0.76084
4.4544
-4.328
2.3513
-0.64983
0.15124
0.46708
-0.064487
-0.42605
1.1064
-0.3707
-0.21705
0.32022
-0.82172
0.18056
0.21022
-0.33622
0.08765
-0.058611
0.48076
0.4428
-0.80322
0.96853
-0.12077
-0.047707
0.35452
-0.52773
-1.861
1.3356
-1.5716
-0.1607
0.99971
-0.012805
0.52877
-1.3683
-0.97731
0.20502
-0.8906
0.11473
-0.68302
-0.65572
-0.35212
0.83058
-1.1621
-9.0505
-5.6811
-5.6478
11.893
-7.6678
14.46
15.37
6.8252
-15.984
9.1403
13.441
13.95
-8.4915
5.0406
3.1985
-8.2555
-8.3959
-5.2385
-1.5683
-4.313
3.6225
3.6422
1.773
-5.8396
-6.201
4.3978
-2.7885
-2.7681
-0.8159
-3.0353
2.041
0.43351
0.40273
1.0277
0.58881
-0.71585
-0.18324
0.88027
0.76466
-0.22549
0.016497
-0.13454
-0.002305
-1.5349
1.1839
-0.3114
-0.7961
-0.80845
0.90294
-1.2592
-0.64849
-0.62574
0.87672
0.076097
-0.72573
0.18111
0.28955
1.2877
-0.020786
0.40182
-2.04
-1.0543
-0.20949
0.51455
-0.71322
0.52369
-1.0362
-1.1133
-2.2902
0.18291
0.58136
-0.8584
-0.68364
2.1661
0.8963
-5.0839
-12.525
-14.236
20.337
20.188
5.0779
16.487
16.182
13.158
-12.943
31.628
-20.031
-6.4174
34.821
34.964
21.947
-17.206
3.7096
3.658
1.6498
-0.8828
-0.189
0.12658
0.20233
0.049781
0.044782
-0.51566
2.6418
-2.2695
-2.3406
1.6893
0.37945
-0.067486
0.31344
-0.70731
0.86609
-0.92587
0.56524
0.41966
0.36174
-0.087735
0.26838
0.41418
-0.12723
-0.093074
1.0032
-0.68358
0.82518
-0.51072
-0.53008
0.13494
0.13954
-0.25996
-0.061269
0.74499
0.85661
-2.7627
0.62246
-1.1125
0.60734
0.62354
-0.27745
-3.3392
2.572
0.066209
-0.095545
-0.20997
-0.78098
-0.26565
-1.6245
-0.27161
-0.3608
3.1508
-4.8166
4.2544
4.3165
3.365
-13.2
-5.1969
6.3029
6.2321
-18.64
0.48745
21.207
-1.6442
-1.6669
-1.1954
-16.25
14.487
-4.0875
-3.9811
-10.335
-20.64
15.923
-15.473
3.8167
-5.6328
3.0919
-0.43376
0.87493
-0.36232
-0.30517
-0.43232
0.77445
-0.16216
0.38421
0.43204
-0.16885
-0.57422
-0.62168
-0.28653
0.40976
-0.58558
0.058668
0.28553
0.23656
0.20683
-0.058545
0.33886
0.45741
0.17387
0.16958
0.23917
-0.1399
0.48177
-0.46414
-0.27735
-0.26373
0.27419
-1.1189
-0.28522
0.12917
-0.013794
1.3741
1.3553
-1.856
-1.428
0.0060332
1.9084
1.2148
-4.3889
2.0344
1.1585
0.66469
0.43081
0.39291
-2.874
1.1772
0.14558
-0.028373
0.60437
-0.6557
0.42556
2.2018
-2.7132
-16.947
25.296
-0.58881
-0.62823
5.2252
5.088
11.144
32.853
-11.435
-11.325
13.255
6.4478
33.505
-24.985
-24.887
11.79
-14.551
12.672
-5.3441
2.9197
-3.8568
3.1408
0.40717
-0.80276
0.52783
-0.18575
0.042465
1.0808
-0.78893
1.1439
-0.40424
-0.26216
0.78243
-1.4146
-2.2366
0.89562
0.23359
-0.083745
-0.10546
0.14043
0.21838
-0.14467
0.75782
-0.6398
-0.0082188
-0.0046272
-0.78214
-0.64505
0.40565
0.59904
-0.52866
0.76259
0.15573
0.13291
-0.94727
2.9755
-0.25173
-0.22712
-1.2195
2.0115
1.3771
0.1191
0.78584
1.9087
1.7265
-1.9233
1.4203
0.89394
-0.41903
-0.22496
2.9391
3.2795
-2.9819
1.8815
0.61043
-4.3592
0.65296
-17.464
3.8003
5.1995
12.711
8.3833
8.3915
19.873
-15.772
-17.799
17.624
-3.834
-2.0276
-12.018
-5.4085
-11.032
4.894
-1.725
-1.7893
-0.82401
1.8542
1.1648
-1.0129
-0.098597
1.3283
1.2002
-0.17239
0.26177
-0.28705
0.31554
0.40964
-0.45061
0.49352
-0.16022
0.15838
0.072569
0.37718
0.79578
-0.58648
-0.21855
-0.19494
0.34948
0.06771
-0.73557
-0.22704
0.41781
-0.82025
-0.07846
0.90271
0.87104
-0.62639
-0.50367
0.82702
-0.21716
-2.1273
1.4939
-1.9079
-0.66334
0.53683
0.62114
-1.181
-2.4034
0.84346
0.59097
-2.1883
-2.4061
-1.6107
-0.23425
0.4002
-2.2684
2.1391
0.13251
1.6692
0.044518
0.16397
-1.4147
0.70604
-9.2239
-18.164
18.514
21.066
17.722
-13.763
3.732
8.7533
-5.6629
17.335
-21.307
6.2008
22.505
22.592
20.546
-13.374
5.361
-0.10022
-0.21564
0.72187
0.72383
1.0061
3.1112
-3.167
2.5075
-0.61511
1.8054
-1.5131
1.8044
-1.5539
-0.3969
0.55887
-0.59135
-0.45147
0.43342
-0.38682
-0.19024
-0.37986
-0.44289
0.6003
0.45626
0.88769
-0.083404
-0.12033
-0.72148
2.8897
-2.4136
1.7146
0.67137
0.75124
-1.3484
1.797
-0.0499
1.6098
1.6121
-0.92038
-1.0438
-2.1292
2.6434
-2.9646
-2.0673
2.1455
-2.5545
2.641
2.3486
-3.5879
1.4158
-1.8909
-1.4287
0.42098
0.5685
-3.5247
2.9932
-4.5365
2.6417
2.7298
-22.374
7.791
4.4628
-11.956
-12.15
12.281
4.638
-7.5546
4.6032
4.8784
-8.3107
7.7364
12.985
3.6818
14.849
14.875
-16.712
-15.887
10.077
-6.35
3.415
3.4995
1.9364
-0.1949
-0.056584
-2.3367
2.849
1.4901
0.062818
0.78867
-1.6054
0.88576
0.34974
-0.26802
1.9626
-0.82539
-0.92042
1.6322
1.5218
0.31819
-0.49618
0.42402
0.4353
0.45021
0.21826
1.7319
1.7022
-3.2565
-2.4127
-2.1326
0.51347
0.5272
-1.0318
0.92162
1.8809
-1.3946
1.7277
2.1273
2.1295
1.139
-1.2323
0.52153
0.26865
-0.8184
1.9747
-2.1932
-0.13081
-0.85073
-0.76274
-1.5583
-2.5877
-0.8599
-0.67807
-1.1292
-1.3659
-10.856
12.704
12.687
7.8679
27.888
-22.213
17.039
16.823
17.537
31.955
-14.254
26.979
27.197
-16.498
5.9078
-6.1324
22.712
-16.518
-16.525
-7.6736
6.4334
3.8133
2.5974
2.6109
-1.3438
-0.10562
0.76342
0.56873
0.040704
-0.44323
-0.16819
0.66756
-1.2496
-1.2387
-2.7223
2.7468
4.5744
1.7987
1.7383
-0.18167
1.1881
-0.31585
0.99407
1.0305
-2.0726
-1.9737
0.45105
-0.80873
-0.80432
-0.71794
0.35057
-0.77547
-1.541
-1.5273
0.57511
0.56964
0.97484
1.9429
-3.2324
1.1422
-0.042324
-0.0095203
-1.2326
-0.78294
0.042483
-0.14395
-0.4351
-0.5211
-1.9729
-0.11962
0.10698
-0.47942
1.2712
1.3009
1.2325
1.2285
0.75728
-2.6303
-10.079
11.482
11.472
-22.095
11.761
-22.493
13.223
13.116
-2.2597
-4.4515
23.903
24.176
-12.87
19.859
-1.2162
-0.45033
0.81438
-2.9742
-2.981
1.4801
-0.6547
1.9116
2.0192
2.0205
-1.0717
1.2169
0.76787
0.784
-0.89424
1.0431
-0.69833
0.0075716
-0.23806
-0.21714
-0.12705
0.75297
-0.10179
0.36119
1.133
-2.0139
1.4299
-1.8548
-0.75445
-0.68879
1.6773
-2.0231
0.44572
-0.71523
0.23529
-3.0156
2.7047
-3.0731
2.8205
2.8719
4.3068
-1.2557
1.144
2.3565
0.2435
0.20781
3.6796
-4.8567
2.9341
-1.382
-1.658
1.0899
-2.6057
0.56172
-1.0026
-0.72592
0.23063
-2.4042
0.74799
1.5285
1.4458
-4.3094
3.2399
11.207
0.53091
0.48429
6.9296
-0.43797
13.601
11.177
11.335
4.7951
-4.1298
23.492
-16.941
-16.946
-1.8686
-11.271
-21.759
11.693
11.666
6.5862
-5.2302
-3.1274
0.052366
-1.363
-1.2883
2.147
1.0611
-0.045206
0.49496
-0.89829
-0.57773
1.1927
-1.676
-1.2384
-1.2201
2.0331
-1.1012
0.017697
0.027423
0.32933
0.32787
0.29603
-1.4844
0.078737
1.0907
-0.91119
0.84867
0.29374
-1.6591
-0.28147
-0.16856
-0.068642
-1.4431
2.4237
-2.8951
3.6169
1.6032
-0.35572
1.4662
0.98893
2.632
-1.9495
-2.0822
-0.34646
0.68771
1.5734
-1.9715
0.07189
-2.2861
0.92427
-1.0347
-0.23706
0.88495
1.2805
1.4745
0.46456
-11.24
-3.6355
-8.8398
-11.507
22.337
-21.94
4.1432
1.0769
-0.26633
17.518
12.986
-6.3232
30.161
-4.6466
-11.859
2.9014
20.369
-23.379
21.475
8.594
-5.7781
3.8659
-0.38077
-0.25121
1.4082
2.5924
-1.1059
1.0635
0.11057
1.1474
-1.4112
0.088057
-1.9876
2.1324
-2.7825
1.7078
0.60372
-0.34437
-0.020498
0.19487
-1.3798
0.68043
-0.62451
-1.4323
0.97332
-0.83119
-0.11937
1.2191
-0.57174
-0.95404
1.183
1.3564
-2.835
-0.39492
2.0096
0.78534
1.2748
-0.6543
3.4448
0.39287
-1.1633
2.7098
0.65207
-1.0588
-1.2765
2.0049
0.9636
-1.088
-1.1868
0.30383
-0.61027
2.8955
-3.2284
1.134
1.1592
1.1343
-1.3342
-2.7478
-18.854
21.403
-21.08
10.235
-8.237
7.1001
-2.0342
-22.681
37.191
-21.965
24.411
-10.55
-1.3404
-0.58701
8.1732
-12.312
4.1166
-4.2962
1.3909
-2.2555
2.8297
-1.8057
1.6772
-1.3774
1.2429
-0.34578
1.1329
1.5074
-1.082
-1.0645
0.97032
-0.53952
0.68776
0.92036
-0.38816
0.85316
-0.13016
-0.081812
0.10759
0.20745
-1.3259
-0.37152
-0.19277
0.45397
0.15545
0.059495
-0.1863
0.2651
0.19782
-0.47821
-0.75301
-1.3287
0.65822
-0.27852
0.85779
-1.3325
-0.12267
-0.77516
-0.6419
-0.94234
0.37308
-0.46994
1.5209
1.2124
0.3964
-1.6898
0.88279
1.1325
0.59832
-3.9448
2.4802
1.9568
1.9926
0.095652
-4.8051
-12.215
-11.661
-3.2001
-7.346
8.7716
-4.8634
-10.24
8.8911
24.97
11.504
-5.1194
39.368
39.589
-20.487
-5.7123
-4.1008
9.2741
-12.824
-3.1336
-3.2877
4.6891
-0.10413
-1.7094
-0.6226
-0.55018
-0.08623
1.1216
-0.5359
-1.0231
0.27404
-0.36739
0.23841
1.0882
-0.44902
-0.44855
-1.1072
0.17465
0.0023151
-0.004143
0.065392
0.090814
0.41374
-0.6129
0.65242
0.68671
-1.7464
0.99435
0.0025348
-0.05109
-0.027742
0.1637
-1.1306
0.19198
-0.085132
-0.042877
0.41872
-0.72546
-0.60228
0.54136
-2.1331
2.2764
-0.94279
-1.4281
1.0358
-0.80797
0.052009
-0.80634
-1.2701
-1.1277
1.1851
-0.86428
1.731
-0.93996
4.2269
-4.0645
2.348
-18.552
-2.9882
-3.1327
-7.7571
-2.1528
18.418
2.059
-10.66
-3.8724
17.009
9.5471
9.9134
29.532
-0.23267
-14.235
-21.317
-21.496
-17.355
8.173
3.6143
-3.4373
4.3617
-4.467
-1.5122
-1.4924
0.074584
1.8218
-0.56197
-0.14681
1.0099
1.4424
-0.5438
0.63626
-0.98084
-0.5166
0.012138
-0.93548
-0.957
0.7241
-0.92605
-1.7576
-2.2048
-2.2913
0.82555
-1.6632
0.044333
0.056242
-0.16158
-0.84625
-1.8948
0.23356
0.22816
1.6954
-0.21598
3.0294
0.27443
-1.5113
1.0282
-0.14851
1.3779
1.2693
1.5436
-2.5413
-2.7074
-0.55849
-0.68075
-2.29
-2.0213
0.48694
-0.48366
-1.9844
1.8711
1.4899
1.5171
1.4918
-14.219
29.416
29.288
-16.006
0.5663
28.246
19.762
-20.189
-20.204
23.025
-1.2597
34.886
35.249
-23.263
7.5298
1.4228
-10.222
6.1429
-4.7673
-4.803
3.6071
3.426
-3.6849
4.1634
-3.3325
-3.211
0.056015
1.3895
-1.1383
0.51915
0.44309
-0.8115
-0.72819
-0.3788
-0.39089
0.52386
0.43943
0.095714
-0.66008
-0.039803
0.087544
0.85468
-0.49925
-0.37702
-0.64919
-0.65047
0.094288
0.6997
0.33745
0.30613
-0.72543
-1.0668
-1.0607
0.36402
0.99018
1.9815
-5.8554
3.4412
2.2766
0.14007
1.5719
-1.3242
-3.9654
2.5229
-1.8558
1.1445
2.0084
-5.0134
3.8484
-4.9027
-2.5561
-2.2663
-3.3968
4.3656
3.0724
-0.98965
-1.0422
0.24793
26.37
-9.2829
-1.9198
-5.2609
-5.6726
36.075
-17.439
3.9619
1.1008
0.023505
4.4461
-18.351
13.421
13.393
-19.996
3.8731
-1.7105
4.3531
-4.3895
-0.90432
2.3705
-3.0295
-0.76244
-0.95874
1.4875
1.5094
-0.67365
-0.37379
1.1467
1.103
-0.16844
1.2477
1.1216
1.0971
-0.98973
-0.018002
0.19731
-0.13853
0.41856
0.48223
-0.7968
0.57935
-0.77118
-0.83321
-1.6319
-2.2505
1.0559
1.8118
-1.785
-1.7813
1.331
2.9353
-1.9486
2.9789
2.9756
-0.044899
1.6502
-1.5139
0.84698
0.79643
-0.19561
0.17988
1.4816
-1.9103
0.36954
0.35228
0.49848
-0.74065
2.3082
0.84155
0.91855
-0.11018
-1.3522
4.3449
-1.0039
-6.0127
4.6212
-24.776
18.556
18.315
0.11512
2.9506
-1.7085
10.159
6.8786
7.1285
-0.56145
42.085
-22.24
-19.647
-19.887
-11.149
31.504
3.5226
-1.0275
-3.1742
-3.1341
2.3688
-0.19118
-0.40542
1.1906
-0.091069
-0.020065
-0.078086
-1.6851
1.7391
1.3824
-1.716
0.00074535
0.019774
0.14725
-0.13827
0.23421
0.19894
0.047851
-0.16306
-0.076826
-0.063127
-0.42651
-0.11821
-0.60576
-0.64037
-0.70159
-0.15109
0.23415
-0.78527
-0.72711
0.08454
0.79986
0.2941
-0.75433
-0.38748
0.6842
0.086668
0.094462
1.1407
-1.1694
1.7808
1.6361
-2.2479
2.0316
0.48359
-1.0851
0.032272
-1.3199
-0.38071
-0.8269
2.8461
4.6031
-4.5485
2.4019
-19.642
23.785
4.255
-5.0067
-8.1065
6.3975
6.7157
-7.3811
6.6815
-0.86995
0.10577
3.9061
34.446
-28.609
-6.037
22.232
7.3056
-13.525
10.201
-6.5213
0.24819
-1.7524
1.0867
0.38515
-0.61611
0.68201
-0.043455
0.37599
0.34409
0.33616
-1.1097
-0.55876
-0.74214
0.32852
0.57064
-0.4452
0.87502
0.43327
-0.48379
-0.14934
-0.25079
-0.045225
-0.62698
0.49576
-0.45752
-0.28139
0.6008
-0.4764
0.32968
-0.55452
0.41256
-1.5128
0.16556
0.16941
0.20925
0.13647
-1.3099
-0.11438
0.54591
0.52873
-0.044931
-0.44198
0.62317
1.4419
-1.0944
-0.82449
-0.20492
0.41764
-1.4075
0.13089
1.9068
0.80531
1.6642
0.54683
0.56023
-0.011403
-9.9714
-7.9362
-1.622
-10.409
1.7427
16.694
-13.246
2.4973
37.647
-24.117
-12.791
37.139
-11.65
-1.3904
0.055355
13.235
-20.723
5.1729
-3.754
-3.7882
2.222
0.7066
0.9875
0.8518
-2.1544
2.0064
-0.58877
1.8486
-1.2818
1.0399
-2.8231
3.0515
-1.9332
-1.3655
-0.12931
0.21621
-0.033247
-0.17596
0.21499
0.42633
0.57438
-0.81744
-0.22424
-0.24452
-0.27183
-0.25373
0.30686
-0.16324
-1.0033
0.09941
-0.81004
-0.22715
0.32785
-1.2869
-1.2314
-0.29408
-0.61257
-0.59919
-0.87727
-1.0412
-2.4094
2.7361
-1.3899
0.77185
-2.5071
1.9657
-2.8919
1.5422
-2.248
-0.16695
-0.90931
1.4155
-1.0023
-0.81815
-0.074711
-0.93469
1.0651
-3.9414
14.415
-6.4322
-7.9473
14.051
13.818
26.392
-21.903
4.8682
-3.2292
2.9381
6.5845
-15.876
17.059
0.2541
-18.842
13.102
3.2068
-3.9002
3.207
3.7739
-3.4615
2.9804
0.50326
0.38898
-0.59774
1.2014
0.87937
0.8512
-0.7538
0.056444
-0.42448
0.076134
-0.28051
0.11598
0.14303
0.27185
0.38548
0.20341
0.031793
0.64004
-0.51604
-0.21242
0.0054168
-0.56846
1.176
-0.11238
0.42901
-0.33042
0.71895
-0.63306
0.97045
-1.0498
0.10265
0.19015
0.49016
-0.84892
-1.719
-2.2913
2.7296
0.47551
-0.00064716
-2.1919
-2.4057
2.0343
2.9868
-4.5455
1.5166
-1.0595
0.56144
-0.56512
1.1893
2.1588
1.7781
2.9604
-1.7419
-1.9953
-18.464
-6.1861
15.661
-20.081
21.126
-10.291
20.938
28.8
3.2871
-1.4922
4.6461
5.2393
22.633
-15.388
-5.1631
5.7996
6.6795
-13.944
-9.9968
6.9167
-5.5703
5.2091
-0.27866
-0.24439
-0.10855
1.2735
2.1734
-2.2623
-1.6877
-1.7879
2.4318
-2.2543
1.6681
-0.41912
0.29429
-0.36645
0.56142
-0.33143
-0.061839
0.0038978
0.67573
0.52385
1.0769
-1.0725
0.30831
-0.63581
-0.77882
2.0592
-0.73333
-0.79611
0.75341
-2.1618
3.7926
-3.6009
2.8783
2.8913
0.83356
0.49027
2.1745
-0.13884
-0.21458
-1.3827
2.1255
1.8189
-0.030925
-0.014664
0.29359
-0.86028
-1.2984
3.9685
4.0995
-0.98194
-1.093
5.7454
-5.0385
-14.394
-15.772
2.396
-12.234
11.372
2.6368
-0.28133
17.804
-18.74
-15.031
15.473
-8.363
24.862
14.048
-3.5261
15.123
-7.4901
13.873
-5.9611
-3.2299
-3.216
2.0898
0.52684
-2.1645
2.3221
2.3085
-0.67533
-2.2616
1.7328
-1.8952
-0.27144
0.44742
-0.54634
0.30795
0.29172
0.71553
-0.53728
-0.047659
0.25812
0.065853
-0.34515
0.33144
-0.69682
1.568
-1.922
-1.0459
0.37431
-0.19573
-0.82107
-1.0474
-1.0379
0.14118
0.76596
0.2818
0.086845
-1.6681
-2.2548
-3.8361
4.0164
-4.0948
5.2258
3.6768
3.6888
2.2346
-3.1985
-3.8155
2.9539
-3.4559
-3.453
1.1962
0.98358
-0.34875
2.9847
1.7616
2.9101
-6.0111
-0.93283
-5.0832
3.6901
-9.1568
3.3406
-8.5644
40.558
-26.814
10.723
-12.123
19.922
19.138
26.565
-11.139
4.8437
4.7353
4.3964
12.281
-7.6107
-1.1043
0.58275
0.0060177
0.39087
0.42787
-1.286
2.2005
1.5769
-2.2595
2.4536
-1.5715
-1.7645
-1.3485
0.52518
-0.35921
0.045235
-0.18737
-0.18821
-0.10331
-0.13018
0.17906
0.36693
0.57806
-0.47846
-0.49109
0.30702
0.36967
0.45123
-0.13051
-0.13598
-0.29183
0.44185
-0.69865
-1.0655
-1.022
0.81199
0.2099
-0.013888
2.3887
-3.8887
3.3901
0.15478
-0.011112
-1.3713
-0.75905
-0.88035
-0.19271
-0.062191
-1.4675
-1.3901
-0.90332
0.14451
0.51597
-1.1447
-1.0074
2.5171
-4.1781
-0.59267
-18.088
18.893
6.7013
-23.462
25.91
-13.637
-13.84
32.982
1.1241
-12.552
12.871
13.1
29.617
-4.8934
-6.0878
-20.202
-20.276
-2.8805
2.1806
-2.253
-0.6752
1.4464
-1.1578
-1.0563
-0.59141
1.5478
-1.2172
-0.26667
-0.34411
0.22703
-0.52099
-0.032605
0.012908
0.060156
-0.80138
0.577
0.096389
-0.12674
0.30261
0.44468
0.012717
-0.2165
-0.19353
-0.18529
0.38657
-0.077089
-0.072826
-0.2591
-0.25667
-0.36774
0.11151
-1.4676
0.66879
0.72716
-0.033604
1.6131
0.50706
-1.852
2.2372
-0.78019
-0.25522
-2.8583
1.6717
-1.046
-0.35679
-3.0277
2.2419
-1.9262
1.6183
-2.2535
3.1208
-1.3587
0.3569
1.9638
-1.783
-0.40564
-0.48679
22.084
3.0736
-7.2498
24.346
-3.2853
0.41819
-2.6999
17.486
2.7055
-27.356
8.7628
8.8748
-14.783
-16.251
12.796
-15.316
11.394
-3.2507
1.6306
-1.3808
2.5194
-2.5067
-2.3076
2.5594
-1.6355
0.70593
-0.25542
0.4888
-0.083176
-0.14072
-0.69609
-0.0646
0.95683
-0.52068
0.01415
0.16118
0.33636
0.465
0.11215
0.1154
-0.28804
-0.61899
-0.0049224
0.053307
0.20616
0.7241
-1.0582
1.4918
-0.64385
-0.52035
0.0052454
0.6176
-0.38644
2.2182
-2.2221
3.3854
-1.7614
-1.2969
2.0149
1.1901
0.18778
0.34861
-0.39839
2.185
-1.4443
1.1171
-3.3658
-2.845
-0.094204
-0.77325
1.2383
-0.43181
0.67037
1.0925
0.072364
-2.8847
-13.223
-12.652
1.442
-14.188
18.791
-17.339
-7.1862
4.8361
2.2174
18.18
-0.74814
5.1981
26.817
-13.616
1.9745
-0.37465
-18.667
1.3431
-8.6393
9.8641
-7.8122
-0.87575
-1.9466
3.6926
2.3156
-1.1319
1.3921
-1.0715
-0.84764
1.9417
-2.4715
1.4971
0.39506
0.12857
-0.67142
-0.25033
-0.1745
0.7869
-0.19736
-0.215
0.39818
0.013733
-0.18692
-0.78701
1.0777
-2.373
1.3996
-0.16144
0.35943
0.53277
0.69654
2.538
-3.553
2.6972
0.74874
0.11605
0.48109
0.36795
-1.3812
1.8706
0.5517
-1.7251
0.99664
-0.62043
-2.0943
-2.9273
1.5852
-1.1551
-1.4409
-0.63181
-0.72487
3.1985
-3.8978
-1.5028
1.1959
2.5395
-3.2746
-10.45
23.867
-1.4506
15.884
-13.409
18.331
-2.2282
-7.6801
29.093
-18.072
12.823
38.203
-19.224
9.7034
-1.3879
23.719
-17.825
2.5878
-0.66416
-0.2635
-0.16408
1.2363
-0.016215
-0.39987
-0.12132
1.7712
-1.7548
-0.15667
-0.19891
0.32086
-0.32549
-0.53581
1.8238
2.5762
-1.0757
-0.034041
0.41482
-0.25337
-0.071631
0.55451
-0.5768
-0.35238
-0.25313
0.23405
2.4407
-1.2945
-0.34595
-0.25061
0.035242
1.439
-1.3181
-0.8789
-1.7498
1.3853
-0.9002
-0.55741
0.024147
-1.4665
-1.4448
3.2274
1.6092
1.5682
-3.2999
2.0883
-1.3103
1.6866
1.55
-3.6057
-3.4538
1.6896
-4.1754
-3.9666
4.1219
-2.7119
4.6305
-12.033
-12.157
17.629
17.509
-5.1233
38.159
38.002
-10.364
14.903
7.3619
0.94821
1.1431
4.2114
4.0536
27.987
0.094583
-7.6378
-7.6633
7.2171
6.1325
2.1761
2.0789
-0.028027
-1.3348
0.70437
1.6269
-1.8715
-1.8664
-1.0308
0.57458
-1.5687
1.7645
1.6714
0.77807
0.81404
-1.6524
0.88195
0.82563
0.028155
-0.059331
0.48091
-0.34023
0.95365
-0.17844
-0.23973
0.89595
-1.8332
-1.869
1.1852
-0.64346
1.0555
1.4791
1.4274
0.78272
0.63101
1.6567
-2.8083
1.09
-1.4674
-0.87278
2.1682
-1.8165
-0.72255
-0.89904
-1.3679
2.0302
-0.77585
-1.0401
-0.98208
-0.03875
-0.69278
1.1925
-1.0591
1.6514
0.025186
2.9041
-3.864
-21.634
33.692
-5.7691
-1.5768
-2.0353
15.963
15.784
-18.551
-20.555
31.266
-18.821
26.795
25.756
-25.748
-17.397
-12.986
11.49
-8.8329
6.965
3.7232
-3.0736
1.7052
-1.6055
-0.92759
0.63252
-1.123
-2.9106
-2.9276
4.1663
0.79188
-0.00086543
1.107
-0.79277
-1.0405
-1.4438
0.4941
0.64241
0.56775
-0.39068
-0.27321
0.91278
-1.3801
2.0332
-1.3364
-0.081232
1.6122
-0.5046
-0.27095
0.39857
0.87226
0.87819
-0.92689
0.33663
0.64874
-1.1998
0.0092426
-0.60992
-1.4426
0.57126
-0.093524
1.8725
-2.9089
1.5464
-1.3398
1.2555
-1.2613
-0.12425
-0.94808
-0.57799
-0.44858
-0.44114
1.1645
1.3322
-0.1795
0.41395
-1.0276
-21.287
-3.6689
-12.043
14.255
-3.783
26.891
11.084
4.2171
27.008
-13.237
-9.2071
8.7289
22.314
-15.896
-4.6411
8.4913
8.2078
-2.6339
-16.012
-6.7728
11.554
-7.1829
0.46878
0.47318
1.62
-0.017158
-1.8866
-0.39305
-0.22904
2.0022
-1.1404
-0.10643
1.9303
1.855
-1.7946
1.4567
-1.0569
-1.1058
-1.0247
-1.003
0.69504
-0.46566
0.77059
0.70018
0.099789
-0.68035
0.24245
-1.4604
-1.3653
1.4495
-0.76245
0.47714
0.23931
-0.97095
-0.98347
0.71432
-0.91851
-0.47213
-0.27194
0.54991
-0.4254
-0.029175
-0.47194
-0.67675
-0.64488
-0.052321
0.53867
-0.50996
-1.1311
1.5036
-0.89039
-0.66653
-0.64814
1.4364
1.3743
-0.28581
-1.8915
1.0771
-0.072118
-0.66671
-3.4691
0.11557
-0.39195
1.1304
0.95326
-1.5522
-21.795
-15.974
-2.3955
12.568
-6.4302
-3.8656
-3.6149
22.604
-15.663
-15.374
12.936
26.5
-19.396
28.282
-16.506
6.615
-23.599
22.094
-18.207
14.219
-10.634
0.20527
2.9151
3.1565
0.67805
-2.5537
1.2133
1.4745
-0.35361
6.566
-6.129
4.7649
4.123
-4.9167
-5.5831
2.489
-1.0231
1.9735
-7.1113
2.6397
-0.39521
-1.5368
1.889
-0.36075
-2.7356
-0.23216
0.62881
1.3891
-1.8114
1.4955
0.44771
-1.6113
0.68575
0.64138
0.31318
-0.41407
-0.39092
-0.053164
-0.32644
0.21044
-0.93202
-0.5339
0.0076635
-0.36752
-0.19011
0.2256
-0.091464
0.91008
-0.78038
-2.0995
2.1031
-1.7131
0.80674
-0.31992
-0.26075
-0.02851
-0.96616
-0.78087
-0.74788
-0.88941
-3.9678
5.7823
-3.157
5.3027
-4.7755
-25.939
-11.253
18.528
-8.4413
-14.604
35.633
5.9281
-3.1932
-1.9665
5.5917
11.283
7.102
10.032
1.9912
-6.8731
5.2767
-15.48
0.035735
-1.3554
-0.11989
0.65352
4.9565
-2.3713
0.5945
0.15234
3.3046
-0.17305
1.5661
8.0121
-5.8125
5.9157
5.0862
-8.0839
0.93342
10.087
-3.7714
1.7268
-9.3859
-1.3114
1.8478
-1.8876
0.15708
0.58711
-0.38963
-0.70733
-0.66961
1.3899
-0.49564
0.38747
-0.89216
1.9966
-1.9872
-0.74417
-0.6372
-0.09031
0.66345
-0.16887
-0.048704
-0.63851
0.83152
-0.25264
0.16654
-1.0941
-0.21362
0.13964
1.1026
-4.3532
0.55321
-0.79378
0.80438
-2.3277
-1.5607
-0.54798
0.41706
-0.55412
0.35414
-2.262
1.7364
-1.0909
3.3621
2.27
-0.59914
-0.79693
-1.1014
10.103
-25.935
-4.3328
12.695
17.729
5.6651
8.6204
31.028
-13.886
-6.6946
-25.033
7.9023
7.3049
-17.121
-17.174
-0.34058
-16.124
-13.402
-10.225
3.5391
0.87284
-3.722
-3.6351
1.2263
0.24717
-0.15876
-7.4669
-0.43469
3.1787
3.3341
7.37
0.23399
0.20135
1.8097
6.4746
3.4579
1.0234
-16.268
7.2131
3.6935
-5.3454
6.2777
-4.7957
-2.7672
2.0872
1.7937
1.7274
-2.9893
1.2376
0.54347
-1.4492
-1.3495
-0.42733
0.8779
-0.99871
0.60817
0.61838
-1.5451
-0.92626
-0.8958
-0.058019
0.045121
0.28979
-1.1298
0.56604
0.95917
0.85731
1.7999
-4.2677
-0.037994
-1.4785
-1.0345
1.0915
0.050251
-0.19753
0.69716
0.78583
-1.1068
3.5871
-2.7039
0.093324
1.3303
-0.27824
-2.5227
3.576
11.704
11.869
-13.333
-5.3926
4.0986
25.422
13.456
13.888
-10.462
6.8075
3.0763
13.835
-13.95
-15.075
-15.556
32.286
-15.912
-16.093
4.9612
-3.653
4.0428
2.1888
2.1847
-0.026615
0.61821
0.31244
1.3245
1.421
1.9519
2.0024
-1.5922
0.42884
0.44154
0.76952
1.6902
0.65593
-0.68572
-0.76059
0.3113
1.1191
0.71317
-0.17059
-0.17793
-1.0736
1.3799
-0.68455
0.12448
0.084145
0.26548
-0.45597
-0.50275
-0.68688
-0.67724
-0.10267
-0.04971
-0.25658
-0.2575
-0.24767
0.44086
-0.52789
-0.77554
1.0665
1.1085
-0.75832
0.034078
0.12717
0.07418
0.091994
0.046863
0.18732
-0.20503
0.20405
0.20052
0.16142
-0.15082
0.28997
-0.13761
-0.16913
-0.34402
-0.15845
-0.15852
-0.069866
-0.37116
0.25046
0.25051
0.13018
0.032906
-0.10958
-0.082041
-0.18864
0.32705
-0.043911
-0.078704
-0.091245
-0.0033568
0.12728
-0.045148
0.0030588
0.2215
-0.00032682
0.06089
-0.0026704
-0.056095
-0.085358
-0.061776
0.013376
-0.15937
-0.014712
0.0070168
0.13987
0.095354
0.01259
-0.080227
-0.10839
-0.088919
-0.028375
-0.019447
-0.034641
-0.022983
0.045994
-0.021263
0.018265
0.010725
0.0058352
-0.015944
-0.053561
-0.052812
-0.035676
0.046021
0.015418
0.033298
-0.007445
-0.019266
-0.0077719
-0.02307
0.014967
-0.04102
-0.042625
-0.040012
-0.015187
-0.053668
0.004563
0.0040381
0.032593
-0.038938
0.044012
-0.062538
-0.053176
-0.032923
0.046957
0.093768
-0.17102
0.044275
-0.28916
0.1268
-0.051371
0.057549
-0.040072
-0.050375
0.091079
0.019901
-0.11639
-0.12938
0.0099738
-0.12516
-0.092603
0.17461
-0.025456
0.085483
-0.0098314
-0.031322
-0.073529
-0.089265
0.046655
-0.12731
-0.0047728
-0.11937
0.15271
0.024637
0.095661
-0.1762
0.014371
0.017839
0.052706
-0.046307
-0.054335
0.024714
-0.060819
0.05818
-0.027087
0.0187
-0.034675
-0.045611
-0.049309
0.085829
0.03069
-0.089459
0.0083804
-0.052902
0.0086761
0.0065668
-0.00083315
0.039339
0.025262
-0.097019
-0.091705
0.0020114
0.032624
-0.044507
-0.026262
-0.060456
0.0078461
-0.015524
-0.017729
-0.027699
-0.037539
-0.010481
-0.056502
0.0031241
-0.034142
-0.00059211
-0.023364
-0.014526
-0.005188
-0.012726
-0.023899
-0.021017
-0.016262
-0.0010001
-0.012876
-0.010816
-0.022622
0.0095542
0.0088444
-0.0079308
-0.010142
0.045489
-0.027952
-0.024025
-0.20316
-0.010694
0.061036
-0.16664
-0.1572
-0.0021085
-0.056228
0.032158
-0.043857
-0.074543
-0.060647
-0.10391
-0.008032
0.0090986
0.012027
-0.061015
0.052835
-0.071022
0.045225
-0.03226
0.023928
-0.032162
-0.029102
0.18653
-0.088028
-0.12987
-0.34728
0.075872
0.11676
-0.12314
-0.0431
0.14166
-0.16896
0.18867
-0.28841
-0.29763
0.1969
-0.11625
0.077481
-0.009917
-0.042237
-0.066812
0.062277
0.033637
-0.082383
-0.019112
-0.01191
-0.022394
0.01967
0.066874
0.086564
-0.17454
-0.028643
-0.11006
0.061838
0.0068355
0.067802
0.0065391
-0.10762
0.15623
-0.026946
-0.038334
0.0075296
-0.00029426
0.075021
-0.14749
0.10277
-0.12789
0.16916
-0.082508
-0.14924
-0.27531
0.086238
0.10403
-0.39226
-0.15754
0.34629
0.095468
-0.027078
-0.030307
0.18196
0.17957
-0.10381
0.32371
-0.12421
-0.31391
0.61428
-0.53513
-0.021156
0.33048
0.061466
0.05341
-0.17341
-0.035751
-0.087877
0.058314
-0.092294
0.019185
-0.062815
-0.12298
0.32997
0.32499
-0.11177
0.28853
0.70225
0.69178
-0.81232
0.11538
-1.0373
0.17499
0.19744
-0.96407
-0.15805
1.084
-0.76273
-0.79483
-0.58946
-0.044519
0.4542
-0.71622
0.079821
-0.68226
0.39604
-0.2307
0.28776
-0.14235
-0.15963
-0.33296
-0.10718
0.33547
-0.3011
0.09819
-0.21248
0.11643
-0.085578
0.011979
0.048986
0.020773
-0.10312
0.12691
-0.081821
-0.09025
-0.072466
-0.27908
0.1573
-0.19259
-0.16903
-0.021354
0.065826
-0.018871
0.10812
-0.1975
0.1451
0.085715
0.0060392
-0.11168
0.072968
-0.23591
-0.26994
0.58662
-0.73906
-0.25456
-0.1673
0.39334
-0.12161
0.27818
-0.18599
-0.18183
-0.054989
-0.091956
-0.10913
0.12581
-0.083297
0.027354
-0.086782
-0.05198
0.04522
-0.078719
0.029766
-0.19401
-0.38987
-1.3898
-3.957
6.589
-1.007
2.5935
-3.3029
-2.6774
0.086156
1.7956
-1.422
-1.4205
0.023981
-1.1819
0.96689
-0.73371
-0.89526
0.21449
-0.63908
0.45288
-0.32503
-0.28369
-0.50514
0.033416
0.046474
-0.2362
-0.01418
-0.15635
0.25444
-0.18626
0.087365
-0.063693
0.10418
-0.094245
0.04424
0.19101
-0.14763
0.15546
0.024062
0.019919
0.11395
-0.17583
0.38161
-0.16136
-0.24889
-0.58367
0.4189
-0.070718
0.49839
-0.34304
0.10728
0.078878
0.19318
-0.16796
-0.20209
0.10181
-0.098066
0.0055214
-0.18176
0.071734
-0.063659
0.026211
-0.099655
0.0027845
-0.031229
-0.023921
0.08872
-0.053356
0.13146
-0.11834
0.23949
0.046281
-0.0033282
0.072265
-0.093266
0.038725
-0.10464
0.06543
-0.086815
0.15778
-0.1986
0.18062
-0.086644
0.1394
-0.073537
0.064643
0.049741
0.0055563
0.003031
0.030334
0.062247
-0.086935
0.094246
-0.022762
-0.12083
0.05733
0.042613
-0.032961
-0.038821
-0.11431
0.067191
-0.046327
-0.061423
-0.043715
0.078072
-0.0016213
0.041893
-0.029235
-0.031118
-0.0075259
0.026106
-0.02439
0.092271
0.097514
0.025685
0.032097
0.00082563
0.043907
0.040152
-0.061916
-0.0062388
0.025464
-0.02995
-0.030556
-0.086159
-0.019774
-0.12003
-0.053504
-0.0005374
-0.10557
-0.051486
-0.058896
-0.036741
-0.033052
-0.01615
-0.015777
0.006464
0.026749
0.0024494
0.024507
0.014945
0.048363
0.020021
0.01949
-0.0021385
0.0037902
0.028318
-0.012587
-0.02514
-0.047238
-0.014745
-0.016082
-0.091494
-0.10609
-0.11391
0.11309
2.4182
-1.9307
-1.9093
0.13111
0.05027
0.72315
-0.65512
-0.67053
0.031257
-0.39057
0.11754
0.2762
0.28756
-0.48079
-0.59388
0.53343
-0.44812
-0.4629
-0.026672
0.16508
-0.22844
0.10978
-0.10588
0.013986
0.050115
0.038212
0.031368
-0.08437
0.046411
-0.12241
0.13685
-0.1147
-0.014752
-0.0039441
-0.10409
0.096019
0.09289
0.0084227
-0.04659
0.0026624
-0.077843
0.052978
-0.016179
-0.054106
-0.02914
-0.0047677
0.00011746
-0.013979
0.046711
-0.026307
0.040697
0.0081132
-0.02599
-0.033295
0.022784
0.0012075
0.0034232
-0.028884
-0.0063947
-0.029789
0.0040524
-0.022947
-0.033335
-0.066626
0.018121
-0.027823
-0.035689
-0.030321
-5.4442e-05
-0.033321
0.027687
0.039242
0.0031568
-0.015902
-0.052831
0.017373
0.019006
-0.029747
0.00073268
-0.049666
0.04402
-0.080722
0.012763
0.01668
-0.073467
-0.030145
0.027677
-0.036269
-0.038077
0.050575
-0.034123
-0.12065
0.094268
0.10014
-0.021497
-0.076735
0.033301
-0.080169
0.041173
0.021604
0.033825
-0.068696
0.054341
0.048183
0.046598
0.098704
-0.0094362
-0.010021
-0.11959
0.059992
-0.032115
-0.034382
0.0022588
-0.055855
0.021805
0.017007
0.050744
0.011184
-0.059123
-0.011124
-0.03028
-0.0049092
0.053916
-0.0097829
0.0013218
0.0056905
-0.018434
0.040813
-0.050954
-0.017443
-0.068124
-0.039879
0.0059888
-0.12395
-0.011641
-0.065728
0.044226
-0.024388
-0.0070645
-0.033762
-0.049873
0.021387
-0.041882
0.046325
-0.036724
-0.04902
0.022969
-0.0097095
-0.012891
0.0073297
0.003163
-0.0011577
-0.0054974
-0.015319
-0.0044676
-0.023856
0.029429
0.01221
-0.0023013
-0.061443
-0.0048264
-0.080759
0.027766
-0.0059942
-0.049845
0.053729
0.022358
-0.051415
0.11474
-0.11672
0.026948
-0.077604
0.075416
0.018752
0.037601
-0.097927
0.12113
-0.044877
0.073953
0.052013
-0.086449
0.019934
-0.090405
-0.0097796
0.025159
0.014401
0.088647
-0.11621
-0.11371
-0.020309
-0.020461
0.028437
0.022554
0.036178
0.021347
-0.044456
-0.023386
-0.011285
0.0052675
0.017644
-0.016236
0.040113
0.01614
0.038624
-0.49467
0.58805
-0.29746
-0.12567
-0.16481
-0.33862
-0.33219
-0.50784
-0.11825
0.0072711
-0.18996
0.097228
-0.19566
-0.01269
0.19475
0.24892
0.018451
0.10661
-0.47568
-1.3302
0.50059
1.1513
-2.7211
-1.4574
0.64098
-1.1587
-0.24483
-0.30382
1.2751
1.2617
1.4118
2.8527
1.9057
-0.4494
23.073
-21.442
26.209
-2.1375
20.666
-11.119
10.552
27.933
-17.579
-7.3929
-8.2529
-22.068
-6.2478
23.596
2.1963
8.4619
-8.4036
-8.1959
3.3145
-0.80131
1.4489
-0.86034
-0.7621
0.06633
0.13202
0.059819
0.98789
2.7077
2.9695
-1.0049
3.6569
-1.0738
-1.0978
-0.90306
1.92
-2.0087
-0.41802
0.89402
0.82455
0.3311
0.51559
0.62401
-1.2531
1.3123
0.20578
0.43164
0.61268
0.46864
-0.072694
0.68692
0.22257
10.967
-16.434
-16.556
0.0018461
-8.0784
10.656
-14.751
-14.801
4.4035
0.76243
-3.4563
2.0692
2.218
-0.7541
-0.82502
0.1597
-1.4837
0.46256
-1.1245
0.1486
-2.2661
-2.2247
0.49067
-0.072651
-0.72237
0.093596
0.25076
-8.2295
-10.211
7.726
-1.8995
-2.1255
1.386
12.942
5.8642
10.132
10.135
-5.5817
-4.7254
-3.6506
12.804
12.719
-7.483
0.8321
3.3961
-3.695
-3.7114
4.062
-3.548
-4.0152
-0.78888
-0.5535
-0.10879
-1.3025
-4.7188
2.6112
2.3605
-0.018028
-7.253
1.6828
-1.773
7.7636
7.9257
3.8666
3.3211
-2.4399
-2.2954
-2.5954
1.4327
-2.8974
0.42245
0.076682
0.10982
0.2281
1.3085
0.72941
0.35413
0.38577
0.45958
0.51122
0.32533
0.084281
-0.020541
2.4416
-0.58299
-1.3054
1.9588
1.8702
0.12405
0.70791
0.70199
0.33824
0.11334
-0.2477
-0.028881
-1.0273
-0.98109
-2.2001
-1.777
-0.40311
-0.35086
-1.1632
-1.0847
0.79617
-2.9394
-2.6599
-3.0278
-2.8486
2.7591
-0.93331
3.1023
-17.121
-1.4179
-1.3501
20.352
11.892
13.672
-5.2878
-5.4043
6.0352
-10.12
-14.59
-4.7171
-9.7831
-9.8501
14.403
-8.1395
-6.4542
0.18031
0.22932
2.0338
-2.8103
1.6939
1.7266
1.8428
4.1254
-0.56259
-3.0893
-6.1155
-6.1524
11.202
-5.7726
-4.4202
2.4134
2.3975
0.14298
0.45597
0.4424
3.5585
3.6169
-4.7158
2.5468
3.0633
0.50172
0.23997
0.20847
-0.1989
1.0071
-1.2984
-1.1001
1.5935
-0.072288
-1.0798
-0.66177
-0.4228
-1.0338
0.89373
-1.3947
-0.5103
-0.31255
-2.2587
3.0206
-2.1171
0.80467
0.81028
0.32511
-1.26
1.6264
0.63494
0.23898
1.9033
-2.8912
-0.30984
0.0015964
0.13351
-1.501
-0.58188
0.032036
0.13531
0.30741
-0.19708
1.9093
-23.71
11.682
11.807
-2.5788
16.368
-5.0212
22.981
22.74
-1.7787
8.2469
20.674
-16.984
-16.774
7.5064
1.4323
-22.671
-22.711
-22.692
25.371
-17.356
-9.4903
5.7141
5.9029
-7.1304
6.1145
-4.3754
2.7484
2.6726
-3.9576
-1.8494
3.9976
1.6622
1.5878
1.464
0.77956
-2.0901
3.8267
3.8785
-0.46219
0.67737
1.7871
0.47468
0.35912
0.32423
0.28965
0.41829
0.2431
0.22644
0.75941
-2.2957
1.3543
0.16403
-1.7713
-1.6835
1.3751
-0.85581
0.9667
1.1341
0.47443
2.4311
-2.4831
1.3031
-1.8605
-0.53292
0.36265
-1.181
-0.86341
3.8934
3.5179
1.309
-1.0488
0.23855
-1.2164
-1.1146
-0.31178
-0.38033
-0.51029
-0.53688
1.3913
-2.268
2.5549
1.4702
2.3589
-0.91214
1.4763
-10.449
-7.7427
14.023
14.233
1.5372
29.9
-14.339
19.048
18.823
0.74453
20.187
9.8515
14.342
14.675
30.952
-7.8439
19.568
6.8159
6.7749
-5.8617
0.28565
-1.5097
3.8237
3.9227
-2.6482
-0.94158
-3.4137
1.9111
-0.59084
-0.33021
0.25467
0.078222
-1.7653
3.2366
0.44993
2.0105
-0.026221
-0.67798
-0.64754
-0.30674
0.84145
2.7236
0.72521
0.71692
0.93416
1.6304
-1.3512
-0.27995
-0.74004
-0.76413
-0.954
-0.48666
-0.1741
-0.36734
-0.47032
-0.70565
-0.51406
-0.50191
-0.65721
-0.5595
-0.3331
-0.26634
-0.20692
-0.14723
-0.062765
0.13037
0.025912
0.44319
-0.29558
-0.28656
0.0065701
0.047745
-0.01112
0.2998
0.30441
0.2987
0.2293
0.26855
0.16027
-0.024667
0.15806
-0.08228
-0.016828
-0.11009
-0.10789
0.089389
0.024218
-0.21632
-0.22869
-0.15002
-0.16977
0.25868
-0.19368
-0.082724
-0.068981
0.047111
0.017488
0.033686
-0.17456
0.076596
-0.16429
-0.037789
-0.04961
0.037248
0.021752
-0.0083399
-0.01654
0.010064
0.097948
0.020109
-0.053447
0.037996
-0.028902
0.013143
-0.096348
-0.069209
-0.036359
-0.013291
-0.022116
0.04953
0.058966
0.0050474
0.047481
0.072167
0.013503
-0.0096683
-0.028652
-0.052409
-0.013076
-0.012842
-0.03394
-0.01224
0.021038
0.030649
0.026009
0.042066
-0.013891
-0.0050391
-0.040383
-0.031172
-0.0035138
-0.031179
-0.010314
-0.046045
-0.054108
-0.015766
0.0059712
-0.016237
0.0088911
0.011829
0.051018
-0.031586
-0.019805
-0.019483
0.035753
0.020087
0.018328
0.0052005
-0.030086
-0.022954
0.070676
-0.015454
0.023639
-0.042254
0.019835
-0.012944
0.027886
-0.061825
0.024445
-0.018449
0.025992
-0.02282
-0.035666
0.0022796
-0.063625
-0.049976
-0.059621
0.014449
-0.031075
-0.0034616
-0.021435
-0.010868
-0.035462
0.0093445
0.0076506
-0.01283
-0.030439
-0.0022488
0.006182
-0.010438
-0.0067308
0.016045
0.017441
-0.0094792
0.0048272
0.027337
-0.011797
-0.029514
0.0057033
-0.021604
0.0072891
-0.017767
0.013251
-0.033379
0.03955
0.0066166
-0.0053271
-0.059105
0.040589
-0.023434
0.0047979
-0.05425
0.014701
-0.050398
6.9186e-05
-0.028872
0.020355
-0.013101
-0.03295
-0.001027
0.016501
-0.029249
-0.030153
0.0091332
0.0094105
0.0034705
-0.041741
-0.011306
0.011281
-0.040658
0.016603
-0.027107
0.008372
0.018612
-0.029507
0.048962
-0.04276
-0.10545
0.051838
0.064672
-0.0041466
0.0018946
0.05054
0.054674
0.012326
-0.0034086
0.026197
-0.041619
0.020122
-0.030911
-0.020785
0.0016631
0.0068199
-0.05525
0.03745
-0.029214
-0.025772
-0.056557
0.023745
0.00076998
0.0060964
-0.030731
-0.017623
-0.021031
0.016132
-0.019277
-0.010917
-0.021907
0.007862
-0.02716
0.00063761
-0.0035656
0.0098858
0.0034813
-0.02387
-0.028436
-0.05037
0.047749
-0.0044441
-0.0048287
-0.026215
-0.0085346
0.033264
-0.024921
-0.0052869
-0.048478
-0.0028559
-0.022753
0.025426
0.0077516
-0.02077
-0.040158
0.00032297
0.0096132
0.0069592
0.0022443
0.021622
-0.019874
-0.0062896
-0.00039309
-0.043382
0.011122
-0.031077
0.50174
0.63384
-0.73092
0.16027
-0.092901
0.2717
-0.43738
0.20819
-0.1269
0.19228
-0.29112
-0.0060716
0.036375
-0.075552
0.068408
0.010647
0.37342
-0.2973
0.14376
-0.0067186
-0.3748
0.59525
-0.86213
0.29003
0.27554
-0.31131
-0.19951
0.1674
0.39379
0.18236
1.3609
-0.97052
-0.12474
1.5477
-0.85354
2.8227
-0.45729
-24.065
20.879
-15.125
11.058
6.5523
3.153
0.36902
0.43199
3.209
-2.624
0.86635
-3.183
-2.6105
1.5431
1.1179
0.44024
-0.25669
-0.27304
-1.1282
-0.37802
1.1173
1.1714
1.966
4.164
-3.9069
1.0499
1.0582
2.8629
0.53415
-2.5167
1.3648
1.3833
-1.0682
1.7446
0.62912
-0.71736
-0.53869
-1.5095
-1.4115
-0.30629
2.0087
-0.21184
1.3148
1.2069
0.42502
3.4739
-13.006
5.7576
-4.8531
-18.671
23.192
23.034
-13.309
21.081
8.8744
1.7368
0.20065
11.124
7.0196
-10.306
28.099
-15.526
-5.7222
5.1504
2.0343
-0.31665
-5.7503
5.2699
5.0166
1.5186
1.8146
1.4653
-2.5682
5.8798
1.8751
1.7434
4.6486
2.9957
3.0204
4.8688
-2.7329
-2.7885
0.21591
0.18152
0.3399
-0.17574
-0.088987
-0.58498
-1.3588
1.3229
-0.98721
0.27826
0.58856
0.63385
-0.34998
-0.13053
-0.050428
0.47736
-3.6805
5.2429
-1.8652
1.3183
-4.9195
4.6448
-1.9538
-0.32365
0.79581
-0.82578
-0.87791
-0.3954
-1.8643
-0.054143
-1.4137
-1.1293
0.39287
-0.94885
-0.82886
1.4506
-1.1228
0.42198
-4.321
-10.525
9.6203
9.7542
10.483
12.3
-7.1921
38.823
5.154
-0.66193
0.58325
-24.157
14.192
14.251
8.1996
5.2612
-16.932
-3.7855
-1.577
-1.5491
-2.3686
-0.10851
-0.20726
-0.76214
1.4526
5.5338
-2.9039
0.00085681
7.8332
-1.7028
1.1983
4.4512
0.053308
-3.4671
-4.5013
0.66172
0.093486
0.25496
0.23651
0.22479
-0.034866
0.80292
-0.23634
-0.49124
0.36065
0.31231
0.082492
-0.48832
-0.21136
1.4252
-2.4417
3.6234
-0.19778
0.80879
0.75069
-3.29
-0.2847
0.60003
2.7604
-0.45003
-0.60794
-1.1315
-1.0165
-0.81337
0.58434
-2.4032
1.1701
-1.8148
0.51245
1.6236
-1.1731
-15.099
-11.733
20.974
9.1621
9.0601
-3.3392
36.465
18.973
20.888
-25.489
34.226
24.612
31.091
-24.591
32.054
9.7203
10.239
-13.834
13.634
-13.035
5.3325
4.4885
6.9664
0.66572
0.029037
-0.94004
-0.040545
0.0234
0.056748
0.5218
0.16434
-0.72366
0.93727
0.3803
-1.1211
0.75939
-0.42959
-0.53674
-0.28843
-0.087132
-0.11523
0.041287
0.14359
-0.80978
0.043142
-0.46928
0.40777
0.38442
-0.47869
-0.4498
0.42451
0.87785
-2.1578
4.0842
4.1878
-1.4664
-1.884
-0.98016
1.7241
-1.4585
2.0769
-0.35995
-2.3272
-1.7683
-2.0084
-1.24
-3.1416
-0.93471
-0.93641
-0.72909
-0.96936
2.5553
-2.033
0.38074
-3.7922
-3.8783
4.5916
-2.5248
-9.7034
18.005
17.996
2.2532
-20.316
0.97673
-10.212
23.305
28.424
-11.519
15.895
17.711
17.551
-14.948
4.0189
-11.514
11.511
-8.8606
3.4126
-2.8509
-2.9657
1.642
-1.1032
0.57601
0.78458
-0.49397
0.54835
-1.3259
3.9203
0.9696
-0.62723
-1.0284
-0.97303
-0.33659
0.50861
0.069395
-0.062936
0.24031
0.016978
0.16067
-0.56154
0.63027
-0.46876
0.18268
-0.10635
0.45327
0.30806
-2.0954
1.2735
-1.769
1.2942
0.17586
0.96141
3.6691
-1.8241
-2.4428
2.1769
1.0941
1.674
-0.96988
-1.3302
-0.12848
0.17483
-2.4508
-2.5822
-0.021187
0.063035
-2.1327
-2.4789
0.1434
2.1893
-1.4076
2.9289
-0.94132
-0.6272
-12.733
-4.1538
10.281
10.539
5.24
-0.11204
18.432
6.725
20.163
16.322
-7.4769
6.2043
2.1024
30.658
-21.116
-4.1755
-2.0257
6.9257
-16.936
14.199
-9.1956
-1.995
0.86112
0.1322
-1.7167
-3.1327
2.2523
0.030061
1.4819
-1.4448
1.7409
-0.63734
1.583
-0.5137
-1.2155
0.39242
-0.13176
-0.72177
0.55001
-0.92927
0.35851
-0.038918
0.49944
0.063904
0.87458
0.3809
-0.4994
1.0735
-0.43395
0.12202
-0.04792
-0.10486
1.0175
-0.11428
0.055901
0.16471
1.4732
-0.80721
2.3724
-0.38738
0.6021
-0.30158
0.61172
-0.09632
0.61254
0.3166
-3.7651
-1.3708
-0.23942
-0.82837
-2.1759
0.71663
-1.6379
0.17158
0.66541
-0.64767
0.25685
0.85517
3.1144
-2.5745
0.48199
-9.978
29.535
-10.894
37.407
-24.423
6.9608
34.799
26.986
-16.092
17.313
10.989
-8.6136
3.3445
13.629
-15.235
17.027
-13.272
8.7053
-6.4878
-0.39913
-1.1738
1.4031
-1.332
0.22723
-1.2088
1.8845
0.011184
0.92533
0.5189
0.85617
1.4463
-1.3846
-0.4957
1.1376
0.68029
0.08507
0.41778
0.25689
-0.06182
-0.41853
0.42814
-1.5799
-1.4809
0.0058023
0.59898
-0.38614
1.1211
-0.58934
0.64113
0.84413
-1.3367
-0.76441
1.6708
0.52144
-0.77441
-3.1442
2.757
1.5348
1.1442
0.21007
1.2651
-0.72128
-0.82008
-0.658
-0.63443
-2.1185
1.4872
-1.4305
-0.23043
0.85682
-1.1372
1.7648
1.2846
-0.2545
1.3148
-1.0619
-16.852
-9.8511
8.8165
8.6404
5.5455
14.466
-15.718
30.953
9.5881
1.1509
1.4628
32.761
-15.88
-15.828
24.605
-5.7463
-17.192
-1.262
-1.5716
-1.5678
1.8156
-1.5019
-4.3396
-2.9709
1.9939
-0.59336
-0.51781
0.91207
-0.25335
-0.48839
1.0774
0.96955
-0.11909
-1.03
-0.95399
-0.81125
1.5923
-0.29711
0.045036
-0.07389
0.1783
0.87257
0.16295
-1.0344
0.54343
1.0261
-0.82613
0.31982
-0.73873
-0.29687
0.98915
-2.1547
1.5357
-2.036
3.7554
-0.96614
-1.0063
-0.90398
0.060589
0.55661
-1.2351
0.077071
0.83642
1.0241
1.8124
-2.8386
-2.8773
-1.9401
-0.24454
-0.58165
0.12174
-0.30752
0.29014
1.1419
-2.4538
-2.6414
1.48
-15.858
33.212
17.79
-18.474
10.014
-9.8324
9.2137
3.2033
8.9811
-3.4598
4.3101
25.858
8.9797
8.8751
2.995
7.7293
-6.3966
-4.2831
-4.3744
-3.659
1.9505
-1.312
-2.1288
1.3857
1.5632
0.3185
-0.43687
3.1226
-1.3148
-0.49145
-2.7649
1.2837
-1.0442
-0.76273
-0.18319
0.46723
0.44192
0.10898
0.057102
0.7041
0.12686
-0.93246
-0.42453
-0.36379
-1.8198
-1.1661
0.73389
0.33335
-0.1989
-0.15196
-1.5853
-0.74123
0.75545
-0.18276
-0.28224
-1.631
1.0036
1.3768
1.3149
1.2589
1.144
1.1208
-0.94749
-0.21964
-0.31657
-1.8718
0.3849
0.44644
-2.4603
2.7754
-1.8958
1.7146
0.38673
-0.21017
-3.3999
-9.5641
-9.5264
-5.6987
22.121
10.576
7.5313
7.2463
12.033
0.88932
-17.044
17.558
26.073
-17.108
-17.043
4.751
-17.765
11.435
-0.25928
3.2775
3.3278
-3.8608
-3.2445
4.6617
-3.2321
0.90878
-1.7479
1.4653
-0.8426
0.19237
0.43879
2.0506
0.06845
3.3208
-3.5078
1.5283
-1.0767
2.0728
-3.457
2.4448
2.4619
-0.28971
0.048803
-0.54118
0.70678
-0.54133
-0.53415
-1.1838
2.1997
-1.9677
0.83252
0.86163
1.3998
0.093524
1.4737
1.887
0.22467
0.33943
0.29773
-2.2329
0.14242
-1.6326
2.8357
1.1481
0.0051035
-1.0063
-0.0025434
0.78114
1.0411
-2.4394
-1.82
-0.48524
-0.28688
0.69446
0.1019
0.081193
1.8417
-1.8775
-13.065
-9.8004
26.074
-19.352
-19.451
-22
19.723
1.0476
18.172
-10.896
36.554
-15.449
14.509
13.071
-23.815
21.137
-15.041
4.7077
5.8999
6.6254
-5.8604
3.8336
-2.5586
-1.323
-1.3145
2.0758
1.3376
-0.16831
0.062668
1.3326
2.269
-1.767
2.0467
-1.124
-1.0861
1.7497
-2.9091
2.3246
0.64115
0.19463
-0.29957
-0.3943
-0.0024447
0.6863
-0.75568
-1.2446
1.401
-2.3867
0.60558
-0.73003
0.84008
0.62095
0.99053
0.6029
-0.17273
1.2131
-2.3399
-1.0973
0.74582
-1.636
-0.5352
1.7282
-0.67235
0.53391
-0.020612
0.56753
-1.7412
-0.82304
-0.92085
-0.74846
-1.0689
-2.422
3.1293
-1.0786
-0.9676
-1.9174
2.2355
-2.0305
1.4879
-12.807
-10.97
25.648
-2.8015
-8.1049
27.053
-7.7019
4.6924
3.6404
34.985
-12.982
30.303
-11.152
-9.336
-12.417
11.915
-6.0274
2.62
5.1036
-7.3011
6.4679
-6.6896
-3.0692
2.8694
0.93123
-3.942
7.9324
-5.7069
-0.4571
3.2134
-9.9625
10.543
-5.4983
-4.2818
0.80564
0.36269
1.021
-1.1927
-0.96468
-2.2359
-1.7272
-2.3589
-1.8917
2.4425
-0.14009
0.20808
-3.7656
9.3834
12.716
6.0896
-0.28137
0.050037
0.86596
1.0482
2.3056
0.12015
-2.6926
0.91053
3.25
3.3333
2.4219
-2.0204
5.0962
1.4135
-1.2085
-0.65844
-1.2291
-1.7446
-2.1418
-1.3264
-1.5865
-0.52951
-0.66853
-0.25171
0.9187
0.95929
-5.144
3.0487
-2.378
0.78828
-4.5616
-4.1064
-4.0089
3.6887
13.711
21.875
10.982
-5.6478
-15.255
8.3879
4.5757
4.7844
-11.871
23.215
8.6586
-4.3554
-4.8645
-0.31162
0.17454
-1.1923
-0.52952
-0.47921
1.2888
-0.36396
-0.071239
-0.56722
-2.3124
-16.689
10.834
18.089
18.024
-6.2109
4.8763
1.6718
1.6873
4.7553
4.6794
2.2722
-1.8141
-1.9271
-0.22372
-6.7745
-2.5419
-4.3189
-4.2063
1.7122
-2.2208
4.3198
-2.4282
-2.5464
0.28373
-0.85295
-0.49216
0.26368
0.31366
-2.0423
0.28702
-1.3246
-4.0832
-4.044
11.881
-6.3344
6.3957
-3.5809
-3.8127
1.7058
-0.91745
-2.6482
0.66219
0.69729
-1.4291
0.36227
-0.12651
-0.1036
-0.055007
-0.15889
2.2411
-2.8895
-0.18216
-0.1873
1.8403
1.9057
3.9363
-4.8496
-4.8611
11.025
-17.11
-0.17939
6.5317
6.3686
16.267
-17.762
11.57
9.9822
10.824
-13.834
1.4319
3.5418
2.0178
1.7756
-1.6785
-0.86877
1.6371
0.43884
0.75745
-0.12741
1.9073
0.38225
2.9053
-0.82484
-0.13102
-0.18037
-6.6934
-2.3491
10.065
15.63
-8.7693
17.147
18.742
18.715
2.3971
-0.10176
-17.251
-2.9407
-2.7656
-0.19247
1.4412
-1.8758
-0.27869
-0.25943
0.076045
-1.0694
1.7441
-1.0018
-0.46261
-0.47933
1.0348
-1.2023
-0.73262
1.426
-0.080762
0.26932
0.68241
-1.1473
0.44699
-0.85782
1.0482
1.2013
1.2013
-0.62276
-0.3473
0.14213
-0.34015
-0.56008
-1.2166
-0.63216
-1.4243
0.37934
-0.22427
-0.094552
-0.76614
-0.98415
1.4998
0.1205
3.8658
-6.1785
18.52
-5.4001
13.701
13.496
-1.2397
13.039
-5.3952
6.3317
6.4364
-22.706
21.476
-6.9335
8.5698
-3.461
2.8542
-1.5268
1.344
-0.41503
4.1885
4.1065
-0.59049
-0.13757
-0.1779
0.31899
-0.32346
-0.36432
-1.7614
4.2402
-0.40399
-0.21517
-3.7467
-2.718
7.0646
1.8253
0.59894
1.3344
1.2672
-1.9768
1.8901
-1.706
0.31522
0.43086
0.23226
1.4244
-0.57891
-0.53417
0.36671
-0.67133
-0.74485
0.3609
-0.61065
1.4437
-2.0856
0.83351
-0.4587
0.2644
-0.88712
1.5668
1.4291
0.62245
-0.90102
-0.061301
-1.0637
-1.5802
1.275
1.0922
1.2133
-4.1125
-10.984
0.40496
0.40977
-4.4479
14.255
12.006
-7.3133
-7.4448
20.594
-17.971
36.83
-18.75
-18.42
14.838
8.7792
16.477
8.1421
7.5521
-10.217
11.415
-4.7131
6.3495
6.923
-4.716
1.8268
0.041397
2.2344
2.1002
0.62438
0.82527
0.46449
1.4684
-1.2404
-2.3388
2.1585
-0.81731
1.2734
-1.8706
2.1856
2.2872
0.39595
-0.15992
0.71185
-0.35584
-1.7264
1.4096
-2.0885
1.452
-2.1315
1.4053
-1.64
0.73074
-1.2939
1.6749
-1.9266
-0.88263
0.26773
1.6723
-0.79762
1.3446
-3.1315
2.5908
-2.5462
1.0093
3.3966
1.6433
0.16531
-1.4238
-2.0208
-0.69815
-1.1884
1.603
2.0177
1.8851
0.41677
-1.0103
2.6215
2.5537
-15.504
-9.6122
1.7637
-10.433
21.497
-5.0945
29.681
-19.426
10.427
-2.7174
-3.9665
25.986
-18.211
7.3202
7.2582
-25.298
15.002
-11.022
16.89
2.403
0.33252
-0.68993
-0.10652
-0.47834
-0.86574
-0.64763
0.81488
-1.3916
-0.028442
-1.1869
1.7347
0.37392
-0.85502
-1.0779
-2.3321
-2.4421
2.3205
-0.11207
0.24231
1.3205
1.3476
0.44369
-0.61729
-0.029621
-0.94852
1.0754
0.33425
0.27979
-0.040093
-0.035842
0.82759
0.65623
-1.2138
3.1348
-0.53897
-1.2361
-1.2234
-0.23191
0.59105
1.8885
-0.82585
-0.91463
0.33181
-0.26674
-1.3315
-0.83658
-1.2009
-1.1228
-0.21002
0.68768
-1.0387
0.70142
-1.0112
-1.7066
3.4985
-1.2774
-1.1142
-12.388
11.545
14.551
-3.8865
20.721
-14.034
30.552
10.115
8.5754
3.4624
-3.7683
-14.117
13.785
-2.3636
12.193
-11.284
8.9016
-5.1397
-0.091434
-0.44243
-0.59403
3.1783
-3.8362
-2.1854
1.9516
-1.28
1.0708
0.97012
0.99451
0.074698
-0.7722
0.46993
-0.58468
-0.12744
-2.2905
0.24517
1.8861
1.9268
-3.9844
3.6327
-3.2937
-1.818
-1.9483
-0.34205
-0.58412
-0.33377
0.0027348
0.53258
-0.16199
0.97837
-1.079
-1.2194
0.91355
-0.62318
0.84084
-1.7086
-1.6894
2.6392
-1.5074
1.8621
-0.0026556
-0.42706
-0.01129
-1.8823
-1.6881
-1.8163
-1.5624
1.0289
0.27426
-0.43917
-0.87316
2.4865
-10.755
-10.615
20.251
-5.7502
-2.4074
13.578
-6.6256
4.4005
4.5921
15.286
-14.437
-14.278
2.5086
2.5238
-5.2281
-15.802
-16.31
15.045
15.301
-12.51
-1.879
1.5366
-0.28874
-0.47066
2.9089
1.6516
0.24537
-1.1189
0.52707
0.32863
0.072339
1.6641
0.42987
-3.5109
-3.4651
-1.7685
-0.20416
3.482
-0.96305
0.41412
0.39283
-0.36217
0.49792
0.56815
0.07534
0.086691
0.86013
0.11489
0.315
0.2466
-1.443
1.0257
-0.57557
-0.51575
-0.60423
-0.96737
-0.17637
3.1785
1.1125
-0.39158
-0.55312
-0.7658
0.98374
-0.30776
-0.24545
-0.40455
-0.2633
0.77961
-0.95146
3.5329
3.7544
-4.3129
-1.1979
2.846
0.25031
0.33588
-2.1538
-12.735
27.534
1.4708
-20.824
-21.083
26.619
-15.033
-13.255
-13.123
35.825
36.205
-0.17488
9.3022
8.9485
-19.961
-1.3534
7.1555
-7.5815
-3.2353
-3.1796
4.315
-2.9542
1.8068
-2.324
1.7392
1.8296
-0.94688
0.54929
0.75163
0.56282
-0.87395
0.9775
-0.90323
-4.8241
-4.9618
2.2447
-2.8553
-2.3699
1.8728
-0.87549
-0.88852
-0.24122
-1.9312
0.4987
0.59521
-0.17079
0.83976
-1.077
1.6513
-2.095
0.48527
0.4295
0.82363
3.2317
-3.0509
-3.0528
-0.3579
0.32496
1.1781
-1.2414
-0.057612
-0.20817
-1.6176
-0.73556
-0.40943
-0.38043
-1.2522
-0.68593
-0.87638
0.56313
0.60207
-0.26721
0.15652
-0.050795
0.59308
1.3002
1.2984
-21.444
-7.3839
-2.9282
22.914
-5.0551
-0.12852
-18.363
32.365
0.43963
0.43818
-20.359
-21.605
-5.4095
3.9688
4.2519
-4.2033
-2.7973
-0.80014
4.9004
4.7558
2.5753
-3.6735
4.1239
1.7082
1.9332
-1.2017
0.81357
-0.75285
3.3283
3.1871
-1.7325
-1.0955
3.9105
-1.3698
-1.1087
0.42206
1.3213
1.3194
1.5527
1.8606
1.7647
2.2488
0.57484
-2.2321
-2.2645
1.6986
-1.0796
1.5702
-0.56007
-0.30981
0.2531
-0.38764
-0.083636
0.91887
0.10783
0.14177
0.24222
0.15456
-0.90769
0.10708
0.13322
-0.99149
-1.0615
-1.4227
0.10354
-1.1235
0.39791
0.37489
-0.28187
-1.9111
0.4388
-0.37329
-0.18682
-0.99456
0.5918
1.1443
-10.293
-9.8894
2.9676
10.103
10.211
28.794
28.657
-8.8017
30.738
15.167
-17.271
26.656
-12.927
-5.3614
-3.8207
2.4794
2.3238
-1.1246
-1.1771
1.9646
3.7862
-1.7454
-1.1109
-0.94455
3.7504
-3.2101
2.2415
-0.0087377
-0.17468
-3.3091
3.0084
0.98959
2.8687
2.8104
-2.7736
-9.1996
-0.90854
9.9433
5.0359
-1.6592
2.7151
-0.027881
-0.077464
0.54815
-1.7668
0.25677
-0.96993
2.3345
0.85713
0.67863
-0.99356
1.2307
0.84701
1.2447
1.3509
-2.814
2.8133
-3.0627
4.9541
-3.3906
-3.616
-1.7235
-0.28552
-1.6884
0.7777
-3.5697
2.5226
-2.7398
-0.11698
-1.1115
-1.1199
0.18168
-0.13926
0.8468
-0.88534
0.37564
-4.9303
-11.889
-17.333
0.3191
2.8427
1.1982
29.461
20.67
11.023
11.072
-22.622
24.84
-10.247
20.952
21.024
-14.381
6.3961
-5.8364
-0.65038
-2.0599
3.2449
2.6207
1.4254
-2.7819
4.8009
2.4418
-0.8693
0.18858
0.80848
3.4908
0.19625
-1.4136
-7.6278
0.35616
-1.0178
2.59
1.049
-0.3567
-0.019034
1.8599
0.48232
0.60528
-1.7195
1.0212
-0.82652
-0.08463
1.2574
-1.2342
-0.56474
-0.59055
0.99915
1.483
-1.5128
2.8376
-1.1823
3.1484
-1.2409
-0.60094
-0.12602
-0.53998
1.3338
-2.6132
-3.0007
3.2486
-5.7758
-5.7458
-4.5886
-2.0737
-0.46859
0.78524
-2.1524
0.14943
1.0307
-5.5483
-12.521
9.9244
36.804
10.095
-23.853
33.614
29.668
20.048
-13.462
28.097
14.381
-12.641
15.658
-6.0139
24.461
-17.804
17.209
2.6759
-1.283
1.5718
1.35
4.796
0.33697
-2.4025
0.29813
0.2221
0.49251
0.58137
0.16039
0.86798
0.48666
2.2488
1.4717
-9.9534
9.7428
-1.5654
0.9403
-0.93681
2.1347
0.65478
1.7187
-0.99532
-0.99932
-1.5483
0.63739
1.5725
-1.4917
-0.069513
-0.60944
0.73347
0.65769
0.51513
0.57609
2.4478
-3.2254
-3.2003
3.0762
2.5816
2.15
0.23966
-0.70585
-0.147
0.47946
-1.483
-0.79221
-0.39692
-0.11339
-0.32169
-0.36121
-1.1849
1.1994
-0.18335
-0.60385
1.4534
-4.6476
0.50633
0.86381
4.4167
10.516
-0.3967
-2.1576
-2.3007
0.15738
18.226
8.1657
37.845
38.022
-25.391
12.131
-18.132
16.453
16.413
1.9127
-3.3235
2.1084
2.2548
2.2039
-1.5119
2.0673
-2.3741
-2.3243
-2.1672
0.82273
2.6125
-1.304
1.8869
1.759
-1.0563
3.4775
-2.5477
2.707
5.4601
-8.7773
2.6833
13.933
-8.8922
7.7742
-2.4948
1.1487
-1.323
2.3371
-1.5257
0.91356
-2.0808
1.6072
0.015637
0.82357
-0.44659
-0.46091
-0.56752
-0.66394
1.1328
-1.1747
-1.6198
2.8826
-1.8439
0.87513
0.82531
-1.3333
-0.051086
1.5605
0.35159
0.75103
0.52049
-2.3991
-2.3038
-0.74533
-0.75516
-1.3607
-0.91461
0.32254
-1.5034
-2.7686
-2.7454
-1.7136
0.47646
-0.05016
0.96004
-9.3543
12.533
-4.4687
3.1845
3.1072
-9.154
10.572
-2.6263
25.209
25.397
-6.5043
9.9751
-14.787
29.673
29.54
-7.8652
10.669
1.6789
-5.1609
-4.7981
-8.5118
13.101
-13.657
7.8573
1.8964
1.4913
-3.6902
-0.70681
-0.14603
0.15695
0.95215
-1.4326
1.4255
0.99416
0.90169
3.7975
-0.58912
2.9706
3.3418
3.4516
10.065
-8.8904
-3.0629
0.35184
0.33541
3.1154
3.9277
-3.1336
0.91122
0.51156
1.8973
-0.40108
-0.37172
1.3977
0.37304
-0.090853
-0.07377
0.26623
0.11379
0.21257
0.86917
2.0676
-2.0806
1.3306
0.93007
2.6772
-3.2489
2.7772
-1.75
-0.45365
-0.62473
-0.65164
0.96427
0.99036
-1.2345
-0.74989
-0.4816
-0.99277
-1.8836
-1.8136
0.12687
-0.89071
-0.28866
0.19164
2.8575
-20.8
-1.1442
7.7194
5.6142
1.8243
22.349
-3.8316
-7.9507
13.405
18.29
25.177
-12.693
24.061
5.2923
-12.662
-13.011
26.564
-3.1266
21.283
-18.133
14.631
-0.13043
0.18377
1.6183
1.9637
3.0144
-1.1314
0.18437
0.63977
3.9423
-2.8395
-0.28313
-0.86508
-0.8795
-0.10119
-0.7065
2.951
-2.1288
0.099997
-5.858
3.9552
1.3472
0.15927
0.03202
1.705
-1.0954
-0.5173
0.44861
-0.36028
0.20301
0.48397
0.29711
0.12352
-0.43861
0.46286
-0.47615
0.23983
-0.095206
-0.10058
-5.4787
-5.0246
-5.0023
2.2326
2.2118
-1.1323
1.1487
-2.263
-0.55974
-1.5212
1.7801
0.89057
-0.45705
-0.45183
-0.70972
-1.1327
0.15141
-0.94997
-0.40248
-0.48866
-0.072625
-0.15916
-0.43568
-0.0032867
1.7825
-13.032
0.096235
3.3489
2.2262
8.6919
4.6857
-2.35
2.6622
22.378
-13.431
23.503
23.7
-11.753
-8.2761
-8.3037
19.534
-15.168
14.737
-8.7649
1.209
1.8973
-1.1146
-1.6054
-1.1606
1.2261
-0.88752
-3.4353
2.9405
-2.7508
4.1776
0.53011
-1.3117
3.3241
0.076894
0.66389
4.3755
-2.3962
0.070799
-4.2383
6.307
-7.3846
8.2216
3.4376
-4.0776
4.7574
0.45925
1.6038
-2.6
2.1408
3.3361
-2.5342
2.2623
-1.2188
0.49451
-0.039487
-0.57662
-1.2373
0.062256
1.64
-0.42302
0.66588
-1.7539
1.2461
1.5808
-0.36848
0.70074
1.6835
-1.9876
0.57815
-2.2815
0.86221
-1.058
-0.91936
-0.2643
-0.014037
-0.35821
-0.57283
-1.5935
0.54367
0.34895
0.54709
-0.96187
-0.96675
0.90985
-16.346
-23.031
17.795
1.5019
37.965
-16.995
13.872
-8.3049
-8.1246
-2.9481
17.426
9.0559
9.6545
9.4412
-17.509
-16.823
24.824
18.144
18.431
-17.435
13.476
-8.0518
-4.7703
3.7135
0.20832
0.2039
-0.7502
-1.0921
-0.84959
-4.08
7.2754
-6.7104
-0.94891
-1.0846
-1.7327
1.6675
1.0661
-2.8218
-2.7416
-0.26527
-0.46325
5.1919
-1.8289
-1.773
-0.051826
-2.9833
-2.3657
-0.79078
-0.71186
-0.56225
0.90039
1.0068
-0.662
-0.68167
0.5486
0.28034
-1.4593
1.6857
0.088336
0.19311
0.44492
1.8424
5.547
2.1765
2.1714
-1.9505
-0.93489
3.7076
-5.0929
-5.195
4.4546
-0.57792
-0.18658
0.30958
0.3192
0.17784
-0.90132
-0.76878
-0.20186
-0.21335
-0.18318
0.026456
0.86598
-0.74528
-0.45362
-0.064005
-0.54698
0.041863
0.065386
-0.4231
-0.1926
0.2639
0.28542
0.63251
-0.68021
0.44841
0.37157
0.49283
0.30327
-0.4589
0.029277
0.31069
0.23427
0.077394
0.16746
0.35699
0.16134
2.3166
-1.3787
0.90838
0.58096
0.38844
0.24302
-0.63637
0.11842
-1.0569
0.89044
-0.22331
-0.5847
-0.30669
-0.24801
-0.2431
0.20088
-0.32589
0.078858
-0.052833
-0.30397
-0.28866
-0.10989
0.12601
-0.18168
-0.10557
-0.10557
-0.025541
0.08656
0.11439
-0.28936
-0.27456
-0.044604
-0.08839
0.00021286
-0.12747
-0.13569
0.091487
-0.047426
-0.036342
-0.054796
-0.0655
-0.050565
0.051685
0.16864
-0.09279
-0.10116
-0.042213
0.0024799
0.017337
0.14608
0.15137
0.022478
-0.071046
0.096546
-0.1149
-0.0086285
-0.0077355
-0.064944
-0.023502
0.018968
0.056743
0.076867
0.0027624
0.13911
0.12451
-0.011646
-0.016363
0.10605
-0.0013916
0.073495
0.026443
0.0086012
0.050173
-0.073755
-0.055012
0.012974
0.024753
0.03457
-0.041423
0.055494
-0.084562
-0.094022
-0.027115
-0.031611
-0.014382
0.022099
0.026171
-0.0020909
0.051705
-0.032557
0.049177
0.044225
0.0032477
-0.00045084
-0.017779
-0.046511
-0.042167
-0.00054178
0.011613
-0.015768
-0.00203
0.03182
-0.0032285
0.021145
0.0028246
0.0020696
-0.0015265
-0.018375
-0.0011688
-0.036339
0.024385
0.017991
-0.032775
-0.009023
-0.017223
0.033604
0.017711
-0.042622
-0.016471
-0.0012805
-0.029066
-0.026809
-0.028821
0.029911
-0.0086457
0.06001
0.047319
-0.025873
-0.070195
-0.02128
-0.025458
-0.012843
0.039846
-0.2634
0.28204
-0.090272
-0.098834
0.017687
-0.15765
-0.13691
-0.1399
0.048774
-0.010743
0.044371
-0.012041
-0.0075474
-0.0087293
-0.0031793
0.030887
-0.014461
-0.015695
-0.01434
-0.048553
-0.02917
-0.025662
-0.029854
-0.039768
0.033347
-0.088996
0.012277
0.021744
-0.0058354
0.022811
-0.015224
0.0057104
5.7885e-05
-0.028878
0.010034
0.0040323
-0.042387
-0.052395
-0.0024336
-0.027689
-0.026666
0.071731
0.076928
0.022833
0.025308
-0.0012225
0.00617
0.0029228
0.015398
0.0097035
-0.014769
-0.024595
-0.019206
-0.03378
-0.04424
0.058046
-0.031027
-0.037622
0.02054
-0.046257
0.047207
-0.019441
-0.012281
0.061497
0.0030249
-0.01906
-0.02259
-0.027673
0.033579
-0.041326
-0.010161
-0.045944
-0.037543
-0.013944
-0.014299
0.0028738
-0.010747
-0.013398
-0.046616
-0.004146
0.052027
0.015532
-0.0070753
0.021218
-0.025547
-0.0052461
0.02849
0.01711
0.80344
0.94291
-1.5777
0.62256
0.61218
-0.91685
0.24669
0.40643
-0.0010118
0.34422
-0.40756
0.75237
-1.3133
0.8155
0.11933
0.53779
-0.007173
-0.018965
0.35354
-0.42419
0.26019
0.033672
-0.20513
-0.016837
-0.16314
0.14698
-0.11992
0.12399
-0.019925
0.03615
0.035329
-0.08367
0.040704
-0.030751
0.024479
0.06445
-0.13637
0.035396
-0.11957
0.090712
0.01094
0.0056172
0.065015
-0.11509
0.058681
-0.034947
0.021289
0.0068698
-0.046282
