0.012285
0.033776
0.074487
0.071151
0.019182
-0.050472
-0.042086
-0.045197
-0.05321
-0.11705
0.0012089
0.062213
0.024424
0.064633
-0.028651
0.027898
0.052299
0.038684
0.095997
-0.038429
0.077053
0.048351
0.1321
0.07834
-0.016091
-0.013861
-0.0069851
-0.017718
0.015579
-0.045178
-0.038454
0.0030783
0.10035
0.070556
0.019086
0.071421
0.082356
0.048792
0.038166
-0.011527
-0.066458
-0.041539
0.032296
-0.017994
-0.059404
-0.023473
-0.010782
0.052684
0.056985
0.067235
-0.026468
0.052545
0.033164
0.02404
0.0063608
0.089756
0.14674
0.18314
0.059436
-0.034703
0.014798
0.013857
-0.0012386
0.009902
-0.027145
-0.045804
0.024971
0.09771
0.062768
0.057762
-0.06163
-0.032441
-0.056243
-0.11043
-0.14248
-0.042102
0.026918
0.046983
0.073374
-0.024313
-0.019204
0.01331
0.031084
0.028076
0.041946
-0.027427
0.055254
0.077312
0.076062
0.023353
-0.07891
-0.036541
-0.016057
-0.016608
-0.018417
-0.070765
-0.010676
0.0063677
0.073227
0.062465
-0.036622
-0.00066263
0.011973
0.072204
-0.0043122
-0.0033398
0.037649
0.03218
0.057602
-0.0087627
-0.024274
-0.0079227
0.033125
0.035559
-0.033347
-0.045312
-0.038328
0.05137
0.061125
0.022556
-0.039674
0.00035233
0.021894
0.052065
0.04876
-0.01425
0.015871
0.051926
0.053949
0.07142
-0.0097942
0.070753
0.0089916
0.02003
-0.049818
-0.10313
0.0059848
0.015496
0.11935
0.09005
0.014494
0.029672
0.033553
0.020559
0.02556
-0.067026
-0.0097734
0.01461
0.034898
-0.058325
-0.12166
-0.069989
0.0003531
0.044166
0.037282
-0.064494
0.06709
0.10381
0.11134
0.0019402
0.053885
0.063306
0.045463
-0.027133
-0.13308
-0.096659
-0.028472
-0.0014157
0.073603
-0.04788
0.078916
0.046952
0.070172
0.073607
-0.053693
0.0071272
0.0050069
0.014711
0.0020415
-0.044354
0.026768
0.098683
0.096403
0.080531
-0.052669
0.027096
0.07565
0.099357
0.12601
-0.050417
-0.064219
-0.067643
-0.074253
-0.021465
-0.055211
-0.016019
0.075912
0.0023529
0.065803
-0.028543
-0.014947
-0.027925
0.026978
0.054587
-0.073266
0.037497
0.043292
0.072132
0.049874
-0.021606
0.033717
0.073405
0.048531
0.0032868
-0.056458
0.017042
0.082993
0.054127
-0.0048054
-0.13741
-0.041653
0.061245
0.068719
0.094398
-0.049687
-0.059084
-0.040141
-0.017115
0.049904
-0.069204
0.02108
0.071149
0.034393
0.087153
-0.071749
-0.045081
0.060413
0.055945
0.0035768
-0.043105
0.03894
0.12202
0.10367
0.045334
-0.073233
-0.046421
-0.023959
0.036135
0.081252
-0.016117
0.034853
0.082769
0.055024
-0.022844
-0.045669
-0.037695
0.0017075
0.021551
-0.032904
-0.080342
-0.04734
0.055754
0.078067
0.080554
-0.013081
0.016489
0.02667
-0.0046422
0.014206
-0.098787
-0.028352
0.043699
0.070471
0.089161
-0.020899
0.046916
0.044883
0.084144
0.12106
-0.020087
0.028591
0.00059223
-0.034101
-0.027271
-0.13155
0.010086
0.0074972
0.061022
0.033782
-0.10848
0.067044
0.096212
0.11386
0.1477
-0.040935
-0.026651
-0.044874
-0.02263
-0.014021
-0.039134
-0.056628
-0.047388
0.014379
0.023279
-0.062643
0.044565
0.1224
0.14011
0.11713
-0.0379
0.029864
0.10686
0.045452
-0.014323
-0.10205
-0.042104
-0.031961
-0.010063
0.0083948
-0.030002
0.061691
0.087281
0.078745
0.073535
-0.024876
0.0061951
0.0055366
0.01692
-0.021522
-0.069211
-0.046196
0.015864
0.10687
0.087352
-0.046655
0.052192
0.034542
0.043838
0.068375
-0.0053483
0.070541
0.07914
0.011367
-0.093838
-0.13063
0.035814
0.05898
0.041157
0.018659
0.012283
0.065633
0.056029
0.068458
0.038796
-0.1277
-0.030479
0.015986
0.069568
-0.045051
0.036819
0.063368
0.068406
0.063077
-0.056464
0.0099091
0.028336
0.025739
0.081267
-0.0055135
0.057438
0.090033
0.093932
0.026839
-0.035086
-0.0044021
0.01911
0.0084339
-0.026248
-0.071073
-0.023779
-0.023185
-0.0029232
0.12754
0.048469
0.0085006
0.016638
0.023688
-0.0041039
-0.041202
-0.022678
0.014852
0.056211
0.063403
-0.045767
-0.0010282
0.039791
0.089309
0.14826
0.030646
0.07033
0.059773
0.021632
-0.0378
-0.14535
-0.087754
0.011075
0.056445
0.068005
-0.117
-0.065403
0.0061713
0.078937
-0.036275
-0.009736
-0.00057268
0.0017397
0.014232
-0.030949
0.041913
0.093967
0.090697
0.050918
-0.096261
-0.0060723
0.017176
0.032528
0.061733
-0.02325
0.056301
0.097329
0.078174
0.044333
-0.08031
-0.015014
-0.012629
-0.034776
-0.041152
-0.1144
-0.02058
0.047762
0.095593
0.11157
0.0068792
0.057403
0.051858
0.015314
-0.064141
-0.093437
-0.085371
0.04709
0.045063
0.031235
-0.019814
0.031625
0.069648
0.069092
0.10568
-0.059185
-0.02151
-0.026458
0.025544
-0.0026528
-0.091977
0.0014826
0.012942
0.027875
0.070338
-0.020642
0.031103
0.0076177
0.049293
0.041997
-0.048474
-0.021442
0.0034701
-0.0017706
-0.020745
-0.087603
-0.048847
0.044316
0.060694
0.065068
-0.025456
0.05281
0.10665
0.109
0.10524
-0.073677
0.010514
0.084549
0.02969
-0.0062487
-0.12147
-0.037511
-0.0095637
0.01163
0.047739
-0.0061355
0.050412
-0.021532
-0.02845
0.040267
-0.048129
0.097152
0.0308
-0.00025394
0.047922
-0.052372
0.0072178
0.019595
0.059968
0.006511
-0.04861
0.0098599
0.072268
0.075105
0.04205
0.045251
-0.0076066
0.016834
0.026495
0.08665
0.024563
0.011481
0.05217
0.057634
0.10998
0.077382
0.052903
0.037544
0.066655
0.004579
0.023598
-0.13802
0.0062344
0.070424
0.06762
0.02923
-0.056321
-0.018782
0.031213
0.039045
-0.028147
-0.08999
-0.012624
0.01137
0.053463
0.096919
-0.01086
-0.0040942
0.016823
0.10444
0.066019
0.015372
-0.021095
0.03246
0.033036
0.02564
-0.044473
0.038365
0.076319
0.063663
0.088075
0.0022057
0.063016
0.061928
0.0060585
-0.012331
-0.15639
-0.065672
0.037151
0.094931
0.074548
-0.058198
0.026839
0.056685
0.062388
0.06442
-0.045289
0.0023281
-0.03621
-0.017558
-0.097524
-0.004861
0.012901
0.013653
0.10674
-0.023088
0.045471
0.069881
0.045919
0.015023
-0.061006
-0.0059807
0.098387
0.10463
0.088601
-0.058458
-0.072143
-0.046365
0.025794
0.096985
0.042523
0.080463
0.085562
0.094974
0.049331
0.030057
-0.04824
-0.00033244
0.026893
-0.021804
-0.14105
-0.076272
-0.014589
-0.010893
0.045005
0.091385
0.026473
0.028835
0.07355
0.069187
-0.01327
0.032562
0.031024
0.060974
0.069423
0.015896
-0.08227
-0.064504
0.047444
0.066027
-0.034416
-0.016458
-0.013632
-0.019218
0.017353
0.076864
0.015137
0.073929
0.019626
-0.0025143
-0.084832
-0.033521
0.050534
0.039769
0.041583
0.019202
-0.05128
0.0029708
0.044034
0.029795
0.087315
-0.047277
0.049447
0.040645
0.029303
-0.047819
-0.053127
0.042243
0.041543
0.0618
0.089765
0.039203
0.019618
0.042317
-0.0024366
0.014177
-0.09377
-0.032807
-0.03655
0.038021
-0.049133
-0.00084978
0.078572
0.089888
0.050485
0.053313
0.011332
0.023412
0.054561
0.046822
-0.0085877
-0.12393
-0.011902
0.082252
0.073518
-0.00028056
-0.046798
0.0086418
0.034553
0.031718
-0.022109
-0.052013
0.0014747
0.07762
0.037379
0.090816
-0.10924
0.015866
0.086577
0.12561
-0.057443
-0.22565
-0.10681
-0.0071034
0.12237
0.13253
-0.00081924
0.089297
0.04733
0.092575
0.11608
0.027828
-0.0072593
-0.058708
0.017381
0.020919
-0.0051243
-0.026956
-0.0063523
-0.045151
0.032926
0.023318
0.11103
0.053409
0.0080021
-0.068105
-0.028968
0.10238
0.12098
0.12641
0.07876
0.057555
0.037117
-0.024007
-0.02893
-0.11899
-0.0056127
0.014018
0.022721
-0.0064544
-0.10095
-0.0052227
0.05178
0.13648
0.069769
-0.032533
-0.056397
0.0044587
-0.0023802
-0.0039524
0.010921
0.060058
0.059697
0.050129
0.055015
-0.083025
-0.081517
-0.060601
-0.028832
0.039144
-0.04933
0.0031169
0.070227
0.01186
0.047823
-0.062256
0.02743
0.065435
0.073798
0.11545
-0.016957
0.071075
0.074988
0.095255
0.012839
-0.088347
-0.00060614
-0.011087
0.10334
0.003492
-0.082232
0.024462
0.034985
0.11819
0.075897
-0.031078
0.010116
0.0031484
0.0058347
-0.020239
-0.04704
0.035423
0.058801
0.040851
0.013226
0.0068375
-0.024073
0.02638
0.029526
0.030257
-0.043394
-0.014499
0.045739
0.067034
0.066364
-0.025751
-0.011612
0.045584
-0.012072
-0.010746
-0.099882
0.0052685
0.0151
0.042897
0.062407
6.9266e-05
0.025883
0.051614
0.13159
0.089603
-0.028303
-0.051695
-0.015394
-0.012143
-0.010274
-0.11736
-0.014851
0.043058
0.13282
0.16197
0.035561
0.057026
0.052518
0.044409
-0.02402
-0.11214
-0.048136
0.0075933
0.066125
-0.012745
-0.10766
-0.012576
0.016247
0.049752
0.064292
-0.025626
0.049118
0.11385
0.12343
0.068172
-0.012833
0.022393
0.064387
0.055674
0.048203
-0.068744
-0.044938
-0.0033176
0.053422
0.11315
0.040055
0.018339
0.07191
0.0056657
-0.020699
-0.10253
-0.046771
0.055543
0.04777
0.067602
-0.061349
-0.03699
0.0053883
0.023295
0.054519
-0.039957
0.0017817
0.039106
0.038967
0.0037437
-0.018426
0.062052
0.059467
0.060123
0.033255
-0.072715
0.036161
0.028169
0.041646
0.083164
-0.0087791
0.060695
0.073522
0.094925
0.044129
-0.030622
0.025281
0.070683
0.023274
-0.029519
-0.07696
-0.008993
0.027268
0.039322
0.0059094
-0.028846
0.064988
0.11226
0.051646
-0.013651
-0.13937
-0.087728
0.047983
0.097426
0.12499
-0.010489
0.034876
0.060682
0.084485
0.08469
-0.018992
-0.056372
-0.047427
-0.058527
-0.012322
0.0048674
0.12332
0.09941
0.092229
0.086085
0.067305
0.073247
0.070812
0.07051
-0.0094129
0.05625
0.044086
0.078815
0.057614
-0.10189
-0.027516
0.0051186
0.10173
0.14061
0.00072149
0.014627
-0.0040061
0.018375
0.01612
-0.039429
0.0013978
0.054973
0.11823
0.12981
-0.044451
-0.039735
-0.016123
0.0061694
0.0090984
-0.11573
0.021879
0.013624
0.044772
0.029537
-0.053458
0.021163
0.086175
0.14994
0.052693
-0.057312
-0.02892
-0.001012
0.040447
0.042815
-0.11799
-0.042803
0.037187
0.085565
0.096031
-0.014651
0.020641
0.035289
0.11838
0.11988
-0.0056505
-0.024929
-0.013798
-0.030964
-0.010462
-0.093561
-6.0045e-05
0.040849
0.070173
0.048537
-0.065193
-0.040493
-0.014928
0.065027
0.00053365
-0.046017
0.030692
0.091459
0.099578
0.080199
-0.046365
-0.00056781
0.024042
0.093649
0.17078
0.080964
0.014487
0.020255
0.11891
0.13139
-0.035583
-0.01238
0.030364
0.028559
-0.0014229
-0.053089
-0.085787
-0.02365
0.068525
0.11838
0.040509
0.074255
0.125
0.141
0.10704
-0.0092389
-0.10606
-0.045695
-0.072479
-0.059262
-0.10262
-0.024119
0.049929
0.049944
0.025518
-0.096344
-0.022083
0.016395
0.076976
0.088
-0.035717
0.019713
0.018686
0.043819
0.065906
0.0053671
0.046272
0.072654
0.012808
-0.016653
-0.043334
0.05222
0.077039
0.093352
0.051603
-0.044464
-0.077712
0.014115
-0.053358
-0.03631
-0.045298
0.056547
0.031624
0.019006
0.035475
-0.041322
0.10227
0.072505
0.061319
0.021093
-0.090652
-0.019504
0.067271
0.083694
0.042392
-0.06458
0.01321
0.05977
0.024992
0.0040634
-0.047733
-0.059341
-0.03972
0.071822
0.13078
0.025647
0.06766
0.03358
0.089913
0.086351
0.041724
0.0096339
0.024012
0.031995
0.0298
-0.03286
-0.071747
-0.028917
0.07766
0.10205
0.091606
-0.042428
0.019556
0.021222
0.0084284
-0.10057
0.0011705
0.047012
0.058464
-0.039181
-0.055501
-0.0054178
-0.052218
0.0027035
0.086704
0.068173
0.0085259
-0.027372
0.033898
0.032879
-0.033074
0.028518
0.12595
0.15086
0.034806
-0.063283
-0.011786
-0.035758
0.0072173
0.024657
0.011169
0.035793
0.055693
0.00025344
-0.019439
-0.10531
0.017846
0.10171
0.11628
0.022041
-0.056445
-0.061171
0.051895
0.11909
0.10367
-0.042154
-0.016883
-0.011742
0.014651
0.046861
0.071193
0.0018234
0.11843
0.068742
-0.037182
-0.137
-0.086732
-0.013736
0.065741
0.068688
0.012414
-0.094866
-0.0089478
0.044248
0.092005
0.021587
0.037113
0.043777
0.020878
-0.04565
-0.030927
-0.062588
0.024666
0.11395
0.042561
-0.028428
-0.013007
0.069804
0.061074
0.0097195
-0.011342
-0.10768
-0.049005
0.0049175
0.020102
-0.018265
-0.0095654
0.019351
0.0072401
-0.040958
-0.00957
0.082944
0.099336
0.093685
0.064092
-0.00076434
0.036384
0.057123
0.043844
-0.022995
-0.036284
0.057812
0.093518
0.087106
-0.065729
-0.0019791
-0.0023686
-0.0090979
-0.012746
-0.093286
-0.079728
-0.026145
0.0045734
0.064226
-0.044102
-0.059613
0.039219
0.042703
0.068002
0.0013873
-0.04301
0.012459
-0.029336
0.038194
0.0052079
0.029169
-0.082506
0.031664
0.061171
0.087266
-0.0059289
-0.11342
-0.053935
0.068569
0.065688
0.10484
-0.020791
0.064451
0.060539
0.069772
0.04819
-0.042477
0.0076285
-0.033872
-0.012937
0.027505
-0.013171
-0.05765
0.0045019
0.023874
0.062283
-0.035553
-0.08536
-0.036007
0.0079199
0.031718
-0.05596
-0.11505
-0.049098
0.057217
0.15454
0.1307
-0.043427
-0.0042061
-0.0089524
0.053034
0.02672
-7.6941e-06
0.0059366
0.037681
0.028921
-0.0032283
0.065585
-0.013404
0.0010138
0.050726
0.0049113
0.01931
-0.04319
0.026212
0.053144
0.087263
0.020345
-0.081275
-0.045599
0.059843
0.042185
0.08972
-0.0225
-0.0075827
-0.017191
-0.042569
-0.13693
-0.06155
0.03352
0.0015254
0.0075577
0.0013542
0.033896
0.00112
0.015948
0.045836
0.082978
0.13654
0.1184
0.02488
-0.056715
-0.039396
0.0052607
0.038067
-0.0054465
-0.10676
-0.019799
-0.0034602
0.092912
0.10266
-0.027855
-0.0030935
-0.0087728
-0.062007
-0.013306
0.031582
-0.0091582
-0.051452
-0.042669
0.021419
0.018228
-0.040576
0.038172
0.076155
0.057104
-0.036526
-0.077245
-0.0027421
0.066368
0.090049
0.085222
-0.012496
-0.019008
-0.0089355
0.010542
0.013848
0.039429
-0.027208
-0.044568
-0.04726
-0.0003273
-0.02239
0.07871
-0.0051861
-0.0015318
0.045391
0.075236
-0.054203
-0.03332
0.00077461
-0.07421
0.0080793
0.068474
0.41828
0.53213
0.44531
0.33649
0.14652
-0.58846
-0.71574
-0.62463
-0.44586
-0.55714
-0.42604
-0.72137
-0.18595
-0.24219
0.53273
0.13653
0.35534
-0.1263
-0.49204
-0.97338
-0.46227
-2.2083
-1.335
0.42583
0.16632
1.9101
0.44401
2.7087
2.083
3.499
1.9259
2.6766
1.6793
-0.14811
-0.21263
-0.68218
-0.70898
-0.34113
0.86824
1.5986
1.033
1.8062
0.51066
0.6155
-0.49791
-1.9747
-3.5898
-2.9506
-2.7733
-3.1529
-1.2732
5.5119
-1.3123
0.91033
0.53144
-1.489
-1.5457
-1.5593
0.25798
0.79982
1.7316
2.7138
3.298
4.4727
3.748
2.7691
0.57672
1.3135
0.32772
-0.42358
1.7529
-0.26208
4.5623
-5.512
7.961
4.2187
-1.445
1.6658
0.4766
1.7785
0.95183
-2.6989
8.9152
-10.576
-7.7394
14.762
4.5529
4.1422
-1.3564
2.193
2.1847
1.5125
-1.0037
0.28995
-1.7716
-2.527
-1.0861
-2.9767
-3.2714
-0.86304
-0.22397
-0.79822
-0.6413
0.51749
0.40774
-4.4009
0.64515
-1.3722
-1.4748
-1.5657
-1.9698
-1.5564
-2.1462
-2.1977
-0.17996
0.30238
0.65452
0.63424
-0.38213
-1.3515
-1.2405
-1.7493
-0.6794
-6.3355
-6.1229
-3.8839
-2.2303
-3.37
0.10778
1.2903
3.6505
4.7175
4.5568
3.2112
2.2333
1.7097
1.5983
0.83571
0.15509
0.016627
2.1124
2.2822
7.303
14.321
-1.5881
3.9755
-8.5019
4.892
-3.8269
1.4465
4.6493
4.0315
1.5009
1.8035
-9.4719
-0.37433
2.1002
-18.023
4.8662
6.8503
1.1796
1.2088
1.4561
0.83807
0.078688
-1.0727
-2.9893
-2.989
-4.1374
-3.7905
-4.2532
-2.2138
-2.1362
-1.4574
0.65062
-0.9317
2.7324
-4.044
5.0981
0.62355
-0.68215
-1.1511
-1.4251
-2.5799
-1.0586
-2.0951
-1.3767
-0.2662
2.1015
0.30538
-0.64794
-1.001
-3.2132
-3.0452
-6.5416
-0.86393
-7.0795
-1.8073
2.7876
1.9831
2.8324
1.5986
3.3566
2.313
2.7109
1.8635
1.5609
0.55892
2.4607
1.3149
1.2859
-1.0398
0.84419
1.3966
4.5692
10.658
7.6632
11.768
-4.5885
5.5627
-7.5695
1.4112
-2.3435
-0.021158
-9.8796
6.7591
-6.1152
3.4128
-4.7938
0.45979
2.6406
2.6158
1.7206
3.4655
3.1045
0.84318
1.6097
1.4946
-2.4595
-3.6456
-3.0955
-4.0031
-3.8019
-4.1057
-1.8968
-3.0678
4.1669
3.1259
3.4272
2.5397
-0.32877
0.3279
0.47308
0.47644
0.076691
-0.13621
-0.14743
-0.28487
-0.089738
0.6233
0.68855
-0.23035
-0.10411
-1.3601
-2.2727
-3.8228
-3.9447
-3.9948
1.3537
-2.8028
-2.3533
-0.46421
1.3148
2.8284
3.3234
3.6184
2.826
2.5864
2.4725
2.2151
2.3994
0.77072
2.9164
0.55215
-0.44613
0.0053411
1.1506
14.968
4.436
4.6807
2.5063
-7.281
4.2571
-4.0883
1.7403
-1.5197
2.6191
-9.5769
-7.2461
2.2947
2.548
-2.3347
-4.0671
5.2043
-0.65172
1.7705
1.0978
1.7547
0.89239
0.83898
-0.33266
-2.8019
-2.9909
-1.4416
-4.1752
-0.81258
-2.7365
-0.28105
-1.3577
-2.7925
0.4995
-2.3267
-0.73245
-0.36229
-0.53198
0.66506
0.86551
0.75939
0.048513
-1.1636
-0.74174
-1.0563
0.29529
1.9078
1.0108
0.22533
-1.2689
-2.0605
-2.1428
-2.0544
-3.3823
-1.9295
-0.55866
-0.78904
1.8915
2.709
0.99091
1.999
2.318
3.4993
2.2798
2.5844
1.7074
1.8924
2.0043
1.2862
-1.1934
-0.37051
1.8811
2.4578
13.384
-2.8314
0.36031
2.5912
-10.006
-9.4872
1.4926
2.1325
4.9374
-5.0196
7.2959
1.1708
-3.8342
-5.8453
-3.0339
5.5234
-1.4828
2.9683
1.0513
2.5874
1.7222
-0.7817
-2.113
-2.6443
-2.9718
-5.0262
-3.5268
-1.1874
-1.3579
-0.74983
-0.83374
-1.298
-0.75045
-1.3587
-0.54629
-0.30605
-2.7974
2.9648
0.56528
-1.911
-0.21105
0.88607
-1.1319
-0.25968
-0.15385
0.45731
0.43907
-0.3747
-1.2676
-2.1815
-1.4611
-3.3898
-3.5179
-3.2311
2.2036
1.6219
-0.98469
-0.72842
-1.8806
-0.15162
0.72635
2.5738
2.6197
2.5202
3.7304
1.187
2.5622
1.9658
2.8177
0.82553
3.8202
1.2228
0.19279
0.3016
0.4178
13.816
-0.83047
10.376
1.0216
4.2978
-1.4441
-6.2471
1.0108
0.024418
3.8791
-10.78
6.3209
-16.742
-1.3355
9.9802
-4.6899
0.37742
0.53422
2.9418
1.7986
1.6783
-0.70829
-0.49404
0.59793
-2.2565
-3.7402
-1.8675
-3.9817
-1.138
-2.6193
-2.4007
-3.4278
1.8906
-5.1303
4.8649
-0.37886
-0.77225
-0.052877
-0.31781
1.4212
-1.6091
-0.36978
-1.0855
-0.78007
-1.046
0.41788
1.1008
1.901
0.036988
-0.78227
-1.8504
-1.5397
-1.5036
-1.6188
-0.70772
-1.9249
0.23435
-0.68877
0.053114
1.563
3.244
3.6065
2.992
2.5234
2.2562
1.9122
1.3709
2.0489
-0.80051
-0.4458
-1.8536
0.10242
2.1278
5.9503
16.078
2.5638
-3.1278
-1.2438
-2.2211
4.6147
9.9131
-1.9235
1.0852
6.9967
3.8972
-5.1199
-6.6103
2.7413
3.1267
-0.65124
4.9335
1.6823
0.24126
1.7638
1.8478
-1.2931
-1.8425
-2.8663
-3.7173
-4.7492
-1.6995
-0.61135
-0.086472
-1.4258
-0.91536
-1.1286
0.042439
-0.1081
0.4086
-2.4803
2.4833
1.0233
-2.1607
-0.14064
-0.008888
0.82096
-0.57879
-1.4792
-0.052492
-0.95352
-0.3693
0.35881
0.16331
-1.0894
-2.3676
-2.2309
-4.5657
-2.9878
2.3722
-4.3684
1.4218
-1.633
0.94282
0.25982
2.6414
2.7468
3.1544
2.703
2.4216
1.9769
2.3297
2.0505
1.9021
1.4507
0.64308
-0.23487
-1.3553
0.28306
11.226
12.067
-4.1813
3.0794
-3.4332
0.18758
-4.9546
-3.2995
-4.0164
1.4993
-7.9272
-1.7887
-9.6673
-0.91905
3.2601
3.3519
-2.5583
4.0296
3.8084
0.4148
1.1749
-0.96713
-1.0391
-0.63468
-2.0244
-2.7286
-2.1904
-3.1711
-2.8253
-1.9839
-1.0273
-1.5079
-1.2124
-0.99863
-0.20611
0.71307
-0.018336
-2.2233
-2.579
5.1169
2.5513
-1.5305
-1.2126
-0.77556
-0.5904
-0.76777
0.64951
0.67244
1.1081
0.4424
-0.96402
-1.2419
-2.5557
-3.6938
-2.9767
-2.4585
-0.43148
-0.25249
-1.0447
0.024891
-0.79024
-0.25959
0.70564
2.0697
3.0221
2.8855
3.6829
1.5828
2.8862
1.9954
1.8279
0.82554
1.0504
0.3199
-0.62805
-0.4312
0.21489
7.1688
14.041
3.5232
-1.5489
4.0986
1.0344
4.7169
7.8508
-4.7869
-5.5551
2.3958
-8.1184
1.3488
-4.8789
2.0655
-2.5182
-4.2683
-1.6233
-3.012
-0.94506
0.90084
-2.3224
2.4424
0.915
-0.063879
-2.2387
-2.5276
-3.2632
-2.9571
-1.8339
-0.99911
-0.47609
-0.21028
-0.44554
0.63776
0.71979
-3.7584
3.8113
1.1856
0.6386
0.12907
-0.4682
0.56512
0.36965
0.22892
0.35478
-0.25353
-0.30798
-1.4908
-1.3132
-1.7731
-2.5736
-2.3911
-0.45214
-2.9714
-2.4255
-0.72098
0.31467
1.5179
1.3984
1.0602
0.91328
-0.61554
0.2261
2.4092
1.5048
1.818
3.6808
2.3724
3.2071
1.7278
1.4719
0.78593
1.9588
-0.22894
-0.97608
-1.5827
1.6921
12.391
0.73249
3.9207
4.8954
4.2932
2.0999
-1.942
-2.3402
3.3545
7.8165
-12.616
-0.25052
-0.90142
0.11718
-5.5907
0.90514
-3.6664
-3.1082
1.102
1.264
0.60428
0.0383
2.1863
-1.5944
1.0547
-2.4034
-2.4534
-2.9969
-5.7703
-5.5222
1.2744
-3.9637
-3.3477
-1.6886
1.0023
1.317
2.3503
-1.9721
-5.8185
-3.1018
-3.5407
2.1464
-1.479
0.53107
0.81119
0.42931
-1.4895
-0.88542
-0.8269
0.015122
1.1216
2.4656
0.78855
1.5082
0.44106
0.38405
-1.9563
-2.2815
-2.3607
-2.3128
-1.2919
-0.70006
0.10127
-1.1513
0.31828
2.8005
2.7852
3.8884
2.6999
2.8158
2.3864
1.8395
1.8561
0.36127
0.4175
-1.4636
-1.3765
1.2527
13.381
-0.42342
-0.73364
2.9337
-0.14266
0.94592
0.87121
1.9609
4.7572
-5.2832
8.0701
7.2079
3.6949
-6.0856
0.1971
-7.2484
2.4713
-7.0525
3.1534
-1.2801
3.1153
2.2109
-3.5467
-2.7834
0.75444
-3.2682
-2.9117
-3.193
-1.5472
-1.8706
-1.3354
-2.1302
-0.82601
-1.3608
-2.423
-0.59122
0.23732
-0.3666
1.4099
0.88465
1.7929
-1.1768
0.9859
-0.22066
-0.18615
-0.85696
-0.26833
-1.7203
0.72566
0.59659
1.5338
1.4276
0.032253
-1.0565
-1.8295
-2.1731
-3.6965
-2.9979
-1.5203
-0.65546
0.14991
0.046227
2.4543
2.3956
2.9836
2.8332
3.1438
2.7188
2.1252
1.6691
1.2299
1.6244
0.64521
-0.38376
-0.21845
-0.46065
7.6708
12.999
-9.787
2.7009
6.6493
-8.4364
-1.5908
0.46848
8.5278
0.29828
-9.4298
9.6178
-6.7251
-12.638
-1.0574
-8.4899
6.9265
3.0848
2.9561
1.4952
3.5515
3.4634
0.12109
-0.95284
-3.0074
-2.7757
-5.0577
-3.0188
-2.1357
-3.034
-0.97797
-0.62784
0.89524
-0.52407
2.2898
-0.96252
-3.2839
4.6395
-0.61451
-0.98016
-1.8362
-0.52199
0.30935
0.32075
0.13272
-0.20238
-1.1619
-0.97491
-0.84022
-1.3461
-1.9074
-2.0778
-1.6941
-1.8919
-1.389
-0.75718
-0.097085
1.176
0.75065
-1.5498
1.3926
-0.8319
0.58389
3.3323
2.4366
2.8743
2.3339
2.716
2.3904
3.3364
2.082
0.71618
0.65561
-1.5156
-1.291
-0.56661
2.0975
13.014
-2.3394
1.5509
4.1874
-9.5045
4.5356
-3.6148
-0.85264
0.41336
5.944
-4.631
-1.7905
-1.3495
-3.0918
-5.2956
-2.9831
-12.554
7.2393
-2.0824
4.3481
-0.18918
0.84521
0.47586
0.36384
-4.0235
-1.8476
-4.6641
-2.5034
-2.4313
-2.6965
-2.0894
0.015573
-1.3404
-0.48255
-1.1524
-2.5799
-0.33492
2.8337
1.3749
0.69063
0.24847
0.61401
0.80832
0.72948
1.2647
-2.2417
0.32207
-1.0773
0.47371
0.90387
1.0153
0.53529
0.28409
-1.3407
-1.0743
-1.0925
-2.0533
-1.7318
0.90049
-1.5479
-0.58988
-1.069
0.0055739
-0.57572
0.774
0.61527
2.4102
3.5665
1.8944
2.1468
2.0627
1.6995
2.2963
1.1918
0.96001
0.050898
-0.66899
-1.4134
2.2556
6.6563
3.4844
3.5809
1.0177
-3.3944
-3.9031
3.7053
3.9024
5.4271
0.60875
-4.3538
0.054664
-0.96961
-7.2253
-9.1205
-2.7591
-4.7744
-2.8322
0.84809
1.4974
3.3721
-1.2674
-1.4257
-0.2838
-1.9289
1.3342
2.0917
2.0483
-0.18788
-2.0712
-3.6624
-2.7199
-2.4389
-0.4175
-2.3385
-0.35542
-3.2172
-3.2016
-0.57686
-0.54115
-4.5173
-1.71
-1.4625
1.8474
0.95122
-0.40621
0.86996
1.3452
1.5078
-0.60662
0.48895
-1.5073
-0.72271
-0.24623
1.0442
0.63694
-0.002801
-0.016505
-0.83573
-2.3402
-2.2394
-3.4791
-3.0691
-2.4249
-0.49391
0.50505
-1.1249
-1.292
0.7137
-0.11935
1.3238
1.7291
2.6791
2.9649
2.6441
2.9081
2.003
1.8089
2.4912
0.73167
1.7434
0.23375
-0.6005
-1.4995
1.5549
16.144
-1.3737
-0.97883
-1.2958
-9.6528
-1.1698
-6.5161
-5.7274
-0.52628
-0.76508
2.6313
-1.0017
-1.5814
-2.2229
-5.6937
0.57669
9.8132
-17.92
-18.014
13.131
-1.7099
-4.439
4.1692
0.44954
1.3895
1.6299
2.2032
2.2892
0.8585
-1.7446
-2.7776
-2.1484
-1.4695
-0.86589
-3.5834
-0.87751
-1.4261
-2.4824
-1.8707
0.31348
0.33803
4.909
3.0078
2.3666
-0.018151
0.74164
-0.29091
0.65013
0.41764
-1.0202
-0.30253
-1.2292
-0.19735
0.57895
0.83322
1.3591
0.53227
-0.069371
-1.3177
-1.5297
-1.9501
-2.4097
-1.8122
-2.0427
0.10204
0.90432
0.47207
0.72424
1.8913
1.6497
1.2313
0.92008
1.1768
2.8783
2.7618
1.9314
2.0232
1.768
1.8606
1.2502
-0.27407
-0.23007
-0.48171
5.4607
6.9636
-7.7052
-1.7132
-1.9405
5.1456
-2.0173
0.33611
2.3483
2.1815
4.3927
1.6031
0.010176
-2.6143
-2.459
-10.951
0.99662
-3.7146
4.2456
4.3055
-1.145
0.082014
-1.2333
2.0842
2.5241
0.0641
0.4224
2.3213
-2.0217
-3.1087
-3.4525
-2.223
-3.2359
-2.5476
-1.4731
-0.76006
-1.0852
-2.1053
2.1046
-5.231
-4.859
-1.1226
1.345
0.48611
0.64804
0.76165
1.2562
0.29661
0.53881
-0.6329
-1.5479
-0.73263
-0.408
-0.82857
1.5529
2.0228
1.0116
0.19671
-0.55197
-1.4597
-1.7233
-1.6373
-2.3606
-1.4385
-1.3396
0.038544
-0.82354
0.41753
0.40664
-0.062946
1.2383
1.8471
2.3445
1.9281
2.055
1.974
3.5077
2.8697
2.2006
1.697
1.0571
-0.02267
-0.8101
1.0452
12.601
13.367
6.297
-4.6602
1.7967
-2.7972
-2.0688
5.3888
-5.1958
12.303
2.5056
8.2871
-10.23
3.4094
-2.079
-0.83557
-10.954
0.44357
-3.2973
-4.7353
-1.5299
-5.1911
1.041
1.9996
-0.72344
2.011
0.92053
1.6473
0.29779
-1.801
-3.5255
-2.9355
-3.5449
-2.2075
-2.9033
-3.9728
1.5119
-0.37608
0.17087
0.44361
-0.93273
4.4641
-1.5641
-0.014946
-0.90684
0.49611
0.20912
0.42503
-0.13099
1.0619
-0.42166
-0.41143
-0.55963
-0.50237
0.21013
1.6058
0.63389
-0.04039
-1.0653
-1.3129
-1.643
-1.9141
-2.5294
-0.77759
-0.14791
-0.16087
0.31792
-1.7779
0.70797
1.1677
1.0243
1.1
2.5102
2.7059
3.9419
2.2541
2.724
2.355
2.0219
1.4111
0.21252
-0.52668
-0.34631
-0.43244
11.992
10.798
0.36671
3.578
-4.0765
-4.3323
-1.2736
-3.1897
4.485
4.3369
-1.0239
3.0675
-4.7959
-2.8256
-0.22811
-10.61
4.6218
0.15365
5.1824
-5.2012
8.387
-5.4693
-0.70201
-1.1478
0.48147
1.9177
0.93266
2.1525
-1.1726
-0.39771
-1.7227
-4.6556
-4.0922
-2.2427
0.025044
-2.555
0.41924
-1.1391
-0.52665
-3.91
-0.42179
2.7468
1.3414
-0.24027
1.8556
-0.046585
0.32104
-0.40374
0.57388
-0.13283
-0.25109
0.16553
-0.25678
-0.39304
0.31017
1.326
1.7212
0.55718
-0.64249
-1.7574
-1.7255
-2.0232
-3.0879
-0.86241
0.35052
0.29817
-0.79576
-0.90348
-0.051263
0.041824
0.26144
1.1277
2.5708
2.7336
3.1017
3.3069
2.217
2.3247
1.4443
1.413
1.098
0.35159
0.52308
0.62472
0.96243
6.3211
11.865
-17.103
-0.43709
1.0867
8.4682
-2.8532
11.297
-5.8766
-6.3901
8.7822
6.7289
3.608
-9.2638
-8.2686
-0.10294
-4.5173
-6.0457
6.6389
5.6971
-1.8721
-0.55244
-0.23057
-0.70561
-0.41845
-0.019022
0.3495
-1.6382
-3.01
-4.6259
-4.1379
-3.6501
-1.8397
-0.64942
0.3168
-1.0999
0.96109
1.1758
1.4343
-2.5377
4.3051
0.26349
-0.52939
-1.0327
-0.11984
0.39827
0.92127
-0.062447
-0.41696
0.043503
-0.13649
-0.75434
0.37876
0.67457
1.1323
0.79452
-0.16819
-0.77308
-0.73311
-1.4445
-2.1963
-0.97374
-1.6362
-1.1076
-0.73766
-1.725
0.04941
-1.117
-1.1403
-0.42957
3.3529
1.0352
2.4402
1.9471
2.7207
2.5668
1.3508
1.5361
1.6401
0.8174
-0.97351
-1.4443
-0.33131
0.60001
13.03
12.597
-3.8333
-4.6412
-8.1235
-3.4304
0.70075
-3.2439
3.7739
1.7889
0.76704
1.5101
0.68124
0.91822
-1.0887
1.6234
-5.3979
-5.3621
12.386
5.4092
-2.823
3.3226
3.7959
1.0683
2.5179
3.4411
1.4139
0.76773
-0.077044
-0.96858
-1.3036
-2.2471
-2.4242
-2.6195
-2.3394
-2.8341
-1.8908
-2.0479
-1.8189
-1.3668
-1.3473
-0.27186
-0.48696
-0.4072
-0.89814
-0.54732
-1.1376
-0.92253
-0.3055
-1.5005
1.4497
1.0068
1.4557
1.6631
1.4126
1.8258
2.0918
1.2344
1.0029
1.0096
1.3161
1.7752
0.44022
0.37192
1.2084
0.2381
0.45647
0.23702
-0.12449
-0.45958
-0.42243
-0.68138
-0.91447
-0.84728
-0.78575
-0.61905
-0.48839
-0.18913
-0.17189
-0.0035669
-0.35574
-0.24644
0.094261
0.28581
0.50681
0.55228
0.65795
0.61601
0.49774
0.63516
0.099944
0.58657
0.059325
-0.10182
-0.21213
-0.25231
-0.058831
0.032142
0.010005
0.018911
-0.076405
-0.078158
-0.13667
-0.14621
-0.20489
-0.10698
0.049918
0.097267
0.12709
0.0020761
0.09222
0.12117
0.12264
0.066074
0.10879
0.14848
0.22956
0.087189
-0.11837
-0.076882
-0.16157
0.2075
0.32189
0.31432
0.13012
-0.072542
-0.10897
-0.092648
0.096788
-0.092171
0.069423
0.022561
-0.00030685
0.019622
0.054836
-0.024784
0.080506
0.06429
-0.0061639
0.027486
-0.049886
-0.007285
-0.014659
0.032029
0.0045947
0.13861
0.10314
0.080763
0.07244
-0.0084213
0.020199
0.031881
0.035287
0.098456
0.045281
0.003549
0.10371
0.12869
0.15998
0.069162
0.1577
0.14949
0.10821
0.063819
-0.11634
-0.027012
0.07343
0.047919
0.0086685
-0.087428
-0.016125
0.055727
0.081256
0.093922
0.15115
0.053107
0.085345
0.05175
0.10225
0.11631
0.040659
0.052618
0.037959
0.065991
0.073579
0.024609
0.039296
0.077443
0.073532
0.096996
0.13059
-0.020787
0.048569
0.0020139
0.011245
-0.077933
0.064988
0.057188
0.063194
0.15823
0.099246
-0.0039161
0.0080356
0.008004
0.059332
0.018683
0.10982
0.010468
0.046331
0.15062
0.13126
0.0014708
0.04772
-0.011737
-0.017768
0.10332
0.18467
0.10799
0.16345
0.09004
0.094755
0.036452
-0.055642
-0.043654
0.018568
-0.00066405
0.012814
0.092592
0.16449
0.049231
0.078019
0.11741
0.10624
0.025826
-0.032312
-0.0012999
0.081134
0.1111
0.078553
0.066569
0.11159
0.19548
0.095924
0.032837
-0.025776
0.0081361
0.054756
-0.0082702
0.082752
-0.026655
0.055659
0.092386
0.067864
0.11123
0.12939
0.025019
0.046948
0.019456
0.093361
0.015368
-0.035467
-0.036871
0.081393
0.12136
0.13807
0.030657
0.047337
0.065745
0.0068397
0.017698
-0.083888
0.027132
0.12328
0.13559
0.11475
-0.013349
-0.02825
0.019122
-0.041182
-0.01096
-0.014347
-0.010594
-0.070434
0.31495
0.13925
0.29997
-0.067585
0.0025146
-0.072737
-0.34691
-0.34304
0.056618
0.091373
0.49141
0.57167
0.73132
0.54408
0.29136
0.17864
0.040782
-0.3904
0.10106
1.1091
1.69
-0.291
0.88955
0.062273
0.80992
-0.10452
-0.58981
0.061301
-1.748
-2.0437
-0.51418
-7.17
2.5624
2.9989
-8.9391
-7.6742
6.9945
-4.0041
4.3762
6.6876
-8.6615
-0.55637
-3.6976
-11.583
4.6068
-1.3016
2.4835
9.6748
9.4921
4.7213
7.8336
3.561
-0.021056
2.9033
2.5589
0.14958
1.636
1.5011
0.94008
-0.7187
-1.5785
-1.7775
-1.2404
-1.6943
-0.37253
0.44199
1.7679
0.6683
0.94419
0.86048
-0.2453
-0.13413
-0.18637
0.32939
1.1649
1.0841
0.56764
-1.0701
-0.60614
-1.7322
-1.6118
-1.8991
-2.211
-1.7883
-0.90332
2.0998
-2.7413
-1.6189
-9.1194
-8.1998
-8.1809
-4.0141
-2.9839
-4.225
-3.5182
-0.77674
1.1751
2.3554
2.6356
3.5793
3.3985
2.8966
2.0652
2.8479
3.0567
-1.8079
1.9027
-1.8585
3.5006
0.1795
1.8087
2.2078
-7.9349
-5.3202
7.8902
-1.2439
4.5303
-6.2863
5.5673
8.8005
7.347
4.9293
-1.6936
2.4074
2.1656
1.8727
1.0483
-0.15199
0.26841
2.8879
1.7462
2.3614
6.2053
3.9611
2.6741
0.088714
-2.2478
-2.7845
-8.5735
-6.1298
-1.155
0.36263
1.2876
-1.5213
-1.904
-3.0737
-3.1706
-0.23983
0.3518
10.605
-10.81
-11.672
-8.9877
-1.7137
-1.6373
0.093809
1.5022
1.6334
0.9655
1.2116
-0.079009
-3.5934
-4.8109
-4.7159
-1.333
-4.9452
0.72043
7.3083
4.3854
-0.084172
-1.701
-1.8352
-4.9106
-13.917
-15.741
0.21356
2.8477
-1.9657
-0.92598
3.6801
1.9649
2.4924
2.2622
3.1634
1.8699
2.7541
1.3383
1.756
3.908
3.3962
-3.7887
1.6748
1.4337
0.62286
-1.8054
-2.8949
8.0906
8.6292
5.8339
3.885
-5.798
-10.601
-9.4314
-5.5619
-2.4357
9.672
0.80764
3.0961
0.61942
-0.45697
0.27021
-1.067
-1.2484
0.23957
1.7353
3.483
4.6803
1.9214
0.85547
2.961
-0.52314
-1.9538
-4.8424
-4.9368
-1.9073
-2.0238
-1.2469
-0.61264
2.9697
2.3892
3.1131
-0.32654
-6.4312
-6.4559
-6.8585
4.1153
-2.3935
-1.3574
-1.7553
-1.408
0.63405
-0.76316
-3.0453
-3.8015
-4.4207
-3.8171
-1.3941
-3.953
-1.9531
-0.42248
-0.79778
3.6235
0.29445
0.65662
0.95222
-0.24702
-4.4797
-4.6396
-5.4472
-7.1896
2.208
-10.145
-0.77778
1.0353
-1.4121
2.3336
2.3318
2.2083
1.9234
-0.2167
0.86728
2.3385
1.5431
0.99158
-0.6183
1.6585
-0.64467
-11.98
-11.753
15.914
12.096
-2.201
-4.6918
-5.2754
-6.5212
-7.5288
8.4433
4.4643
5.0644
13.184
-6.782
4.0879
9.7472
0.34885
-0.47165
-4.8099
0.55093
3.0827
3.5365
0.44168
0.38969
0.96102
2.3718
2.9679
1.9533
-0.37744
8.6598
2.7682
3.4375
1.1822
-5.9497
-1.2314
-1.7699
-5.456
-5.9987
-5.3355
1.6704
-0.73104
-0.43949
7.5989
-3.4881
-7.3031
-5.2559
-2.3949
0.69457
2.582
2.8637
2.1026
-0.68345
-2.8581
-2.6052
-4.7648
-9.8724
2.1731
4.1615
1.3784
3.5337
-2.4096
-0.020908
-0.55757
-5.8247
-5.7879
-1.702
-17.225
-17.007
-0.49276
-3.6282
3.2874
1.3995
1.419
1.7167
0.97383
1.2096
1.7394
2.0466
2.3257
-1.6065
-0.34477
-1.3102
-0.84486
-0.6969
5.1223
0.30798
0.64153
-0.33027
3.3857
-1.7249
4.7046
-12.538
-9.1961
3.0245
13.351
6.1431
14.019
11.753
-3.7069
-5.8418
0.65321
7.5741
0.61083
0.39961
6.4275
2.2993
-1.4599
-2.8733
-0.94064
-1.5061
1.6447
-2.3226
0.43846
1.1754
2.1153
-0.50573
1.0508
4.996
1.0949
1.4134
1.3401
-1.1058
-0.75786
-1.0209
-5.5581
-3.7049
-2.5927
-3.7181
-3.4746
-2.6362
-9.4828
-13.735
1.4695
-9.6162
0.03924
3.4083
-0.32454
-0.18705
0.063025
0.0026823
0.52614
0.44749
0.3395
-0.79862
-1.2223
1.9806
0.63364
0.28571
0.74948
-0.062709
0.37336
0.9296
1.1891
1.4665
2.3996
2.6778
2.3632
1.7208
1.2366
0.9978
0.99682
0.99909
1.2614
1.1523
0.5776
0.60077
0.861
1.1202
1.2613
0.68591
0.4169
0.085737
-0.26056
-0.65165
-1.1625
-1.2185
-1.4501
-1.1296
-1.3273
-1.0431
-0.68842
-0.92761
-0.94648
-1.2955
-1.1407
-1.5599
-0.78661
-0.78725
-0.44771
-0.28351
0.068405
0.48191
0.65429
0.71162
0.8336
1.0156
0.81776
1.4829
0.97775
0.91814
0.71989
0.57496
0.47006
0.30139
0.13357
0.025093
-0.15267
-0.27999
-0.40473
-0.55679
-0.62915
-0.63689
-0.6273
-0.55517
-0.54145
-0.39317
-0.2127
-0.027651
0.085834
0.22629
0.36017
0.41365
0.4063
0.38838
0.24978
0.21176
0.25963
0.20833
0.13618
-0.039736
-0.096829
-0.14977
-0.22086
-0.29218
-0.23177
-0.22479
-0.20331
-0.16745
-0.04493
0.0084946
0.081066
0.19585
0.27591
0.20169
0.23693
0.25637
0.25044
0.19035
0.037707
-0.10858
-0.11369
-0.099794
-0.091937
-0.11012
-0.22404
-0.18488
-0.069544
-0.014717
0.023886
-0.025331
0.043835
0.070999
0.1457
0.090794
0.065347
0.065275
0.11417
0.080102
0.013285
-0.088014
-0.05931
0.017678
0.028133
0.051135
-0.0010803
0.039534
-0.0079009
-0.0097982
-0.066233
-0.10957
-0.071344
-0.056991
-0.026239
-0.0015997
-0.0018509
0.040345
0.12672
0.13871
-0.0038747
0.022192
0.0034093
0.011435
-0.039057
-0.0083378
0.070492
0.12547
0.077377
0.0097634
-0.14322
-0.14554
-0.042806
0.015537
0.01169
-0.081837
-0.016501
0.062881
0.082745
0.024636
-0.046721
-0.014669
-0.0018657
0.056365
0.082397
0.0027451
0.01458
0.0291
0.022565
-0.026414
-0.089769
-0.0027889
0.053374
0.11541
0.10912
0.06635
0.0009421
0.048529
0.010456
-0.0028073
-0.0030981
0.010111
0.030368
-0.032735
-0.047662
-0.12806
-0.016368
0.058476
0.13148
0.038726
-0.042267
-0.017436
-0.010491
0.0060183
-0.003195
-0.047364
-0.078587
0.022119
0.093691
0.076546
-0.02464
0.011551
0.058285
0.074563
0.01639
-0.021102
0.0092477
0.018089
-0.0087485
-0.038312
-0.11402
-0.11221
-0.017755
-0.0025746
0.038483
0.0010431
0.049546
0.06179
0.08663
0.073279
-0.0088456
0.024982
0.0087165
0.044136
0.0067124
-0.09226
-0.069931
0.011521
0.016154
0.010631
-0.048068
0.028037
-0.012406
0.03159
0.064386
0.045227
0.053789
-0.013458
0.012143
-0.0026336
-0.09565
-0.032369
0.075831
0.098708
0.025704
-0.091365
-0.0059072
0.027926
0.060302
0.0051778
-0.0020276
0.041068
0.020334
0.046169
0.0085043
-0.069727
-0.039637
0.024199
0.082648
0.089542
-0.020831
0.0036292
0.024852
0.036586
0.029198
-0.037417
-0.020532
0.015942
0.05095
-0.017708
-0.12897
-0.12484
0.024403
0.083313
0.084221
-0.0048001
-0.010517
-0.009299
0.013451
-0.024628
-0.032055
0.082864
0.12299
0.14645
0.010307
-0.11171
-0.099261
-0.0064734
0.02645
0.042086
-0.017316
0.054926
0.089164
0.11434
0.018993
-0.042273
-0.029974
-0.018958
0.034888
0.021977
-0.048892
-0.021895
0.013664
0.046475
-0.019566
-0.053885
0.044849
0.13762
0.15077
0.085315
-0.019947
-0.07434
-0.14201
-0.060011
0.076697
0.11762
0.023717
0.02818
0.047815
-0.027501
-0.020451
-0.0665
-0.025615
0.055248
0.014572
-0.085505
-0.016815
0.073555
0.039082
0.052931
0.041426
0.0096884
0.082991
0.089315
0.052485
-0.041278
-0.031351
-0.030211
0.014486
0.010647
0.002886
0.012984
0.028142
0.047009
0.085829
0.044016
0.012203
-0.022688
-0.069925
-0.05482
-0.047026
-0.050822
0.016789
0.072654
0.069039
0.093317
0.097523
0.049782
-0.011931
0.0075222
0.041507
0.046729
0.040674
0.035681
-0.05089
-0.0054705
0.026907
0.034838
-0.04475
-0.015971
-0.0084179
0.056823
0.054775
0.090676
0.067844
0.069625
0.065873
0.026279
-0.084055
-0.078378
-0.01858
0.022391
0.0075181
0.015894
-0.026094
-0.011384
0.047902
0.020837
-0.047882
0.015219
0.037304
0.028816
0.025601
0.0058497
-0.064091
0.0064473
-0.010618
0.010701
0.041163
0.076625
0.056147
0.052655
0.12701
0.059474
-0.11354
-0.13012
0.022923
0.090583
0.09243
0.047143
-0.047128
-0.034355
0.037934
0.030628
-0.0015604
0.030986
-0.061457
0.0052324
0.088985
0.12117
0.020396
0.013678
0.026622
0.080174
0.17964
0.35055
0.63
0.74988
0.36275
0.098749
0.43709
-0.15859
-0.22279
-0.11453
-0.073885
-0.042971
-0.30092
-0.1547
-0.2479
-0.17266
0.0078619
-0.084433
-0.30636
-0.63141
-0.59718
-0.4564
-0.23289
-0.24551
-0.48223
-0.73396
-0.95767
-0.63166
0.41813
1.0427
1.3736
1.5159
1.2523
2.3582
2.6372
2.4364
2.1038
0.9092
-0.62518
-1.2226
-2.3923
-1.6495
-2.6578
-2.4101
-0.9718
0.075516
0.68528
0.6248
0.22394
-0.63984
-1.3136
-2.3462
-2.443
-4.9539
2.9026
1.8802
-2.907
-2.2264
-1.6052
0.18572
0.55029
-1.5671
2.2117
2.1137
2.9466
3.963
2.3842
2.5289
1.4959
0.31532
-0.43204
-0.57185
-1.3503
0.035472
1.7973
4.6118
3.2721
3.1352
-2.6395
6.0132
-6.0894
7.6258
-3.3771
6.1804
-4.5906
8.0471
-1.3703
7.9282
-10.067
-0.46216
-1.8429
2.3796
-4.0902
10.958
3.9689
-0.51329
1.2196
0.017092
1.6477
-1.5933
-1.8013
-2.7425
-0.92047
-8.0708
2.3081
0.0050703
-0.44966
-0.8562
-1.0755
-3.3524
0.59341
6.5962
-3.5498
2.4777
-2.629
1.6114
1.448
-0.038224
1.5186
0.15134
0.58338
-0.32244
-1.308
-0.10513
-0.94369
-0.64982
1.8533
2.9429
0.75385
-1.6449
-1.3856
-2.4446
-2.7833
-1.0811
-0.93152
-1.5438
-1.1025
0.044469
0.019997
-0.061622
0.088134
0.11591
0.76037
3.5677
2.8355
2.3542
1.814
1.8844
-1.2602
0.87793
1.806
2.6887
8.2823
-0.72147
-1.4326
1.2352
1.1449
-3.1535
-0.43955
6.7212
6.5534
-3.9523
-2.2521
0.6216
-8.4114
-8.1049
-12.88
5.8498
8.1225
-6.0605
-6.3014
-8.2542
8.4936
-4.9976
4.8119
4.4109
-1.0835
-0.72038
-1.452
-2.4955
-2.389
-1.8594
-1.8516
-0.8467
-2.4589
-1.8905
0.76914
1.4882
-1.7978
0.11299
1.3593
0.81016
1.1017
1.2733
1.2134
0.55927
-0.35218
-0.60166
-1.2111
1.0749
-0.62784
1.6962
2.5107
2.2863
1.9076
-0.6484
-1.3259
-2.8357
-2.612
-3.3038
-4.3583
0.878
1.7029
2.5152
-2.2328
1.8345
-4.9249
-2.0071
2.2459
1.5411
4.3074
4.5016
4.4033
2.8368
1.432
0.25606
-0.0022736
-1.7259
-0.80183
-0.80354
0.98092
5.4179
6.0992
2.3195
-6.4681
2.1284
-4.0192
4.3494
-5.3706
-2.6838
-1.3677
10.067
-4.7976
0.28258
-6.9336
2.882
-4.5771
5.0711
-4.5816
-2.1032
4.2229
6.291
-1.0441
2.2455
-6.6978
-11.035
7.7591
-7.4318
3.8206
0.09803
-2.044
-4.1092
3.4874
-2.439
-2.651
-1.7271
-0.77468
-0.65744
2.3231
1.5065
-0.48802
2.9533
-1.5139
1.7507
1.1474
1.5762
1.8116
0.75717
-0.11223
-1.057
-0.14563
-4.3058
-1.3534
0.25856
0.17204
1.5226
1.5644
-0.92125
-2.84
-2.9924
-2.941
-2.0659
-1.4211
-0.8415
1.7192
0.99061
2.2657
-2.3337
-0.71257
-1.6396
2.0396
1.0653
5.0354
3.3013
2.9668
3.4162
0.45625
0.25846
-0.8865
-1.5098
-1.7905
1.4087
6.449
3.7146
5.2711
2.4933
3.8593
-3.546
-2.9373
-5.4327
3.0883
-0.016515
0.82635
-0.90264
-5.2126
5.4494
-2.8568
2.7342
-15.697
-11.045
8.9805
-11.173
-0.25019
11.281
2.7673
-0.76773
3.9653
-0.96327
-8.2233
8.3065
-9.6111
-2.8419
-1.4324
-4.1999
0.88717
-0.72628
-2.7304
-3.3097
-2.4475
-1.4873
-4.0715
-3.0567
-1.1123
5.5456
3.0214
-0.01102
0.44191
0.31943
0.69549
1.1034
0.89687
0.19237
-0.89034
-1.5739
-1.978
-2.4527
-1.1508
-0.31524
2.7063
1.7617
0.8513
-1.0679
-0.64909
-1.3783
-2.1858
-2.101
0.92009
-3.143
0.90041
0.39802
2.6342
-0.73416
2.0458
0.038133
0.95701
1.3889
0.96417
1.3596
3.4769
0.17857
0.43029
1.3959
1.1753
-2.71
-1.9288
1.2173
0.42439
0.34576
-0.59373
-0.84261
-0.87054
-2.6123
-5.0297
5.9369
-9.0966
-1.3811
1.6986
0.48119
-1.0937
-3.8801
4.3526
-6.1524
-2.4709
4.3965
-10.534
-1.0675
-4.0275
4.444
1.6301
2.8862
1.6359
3.3657
0.57939
2.8582
2.2903
0.95041
0.059101
-0.71738
-1.6052
-1.8667
-2.5867
-1.955
-2.1301
-1.1855
-0.72639
-0.36859
-0.51845
-0.73853
-1.2281
-1.3121
-0.72618
-0.65944
-0.36468
0.046911
0.39728
0.51015
0.494
0.338
0.063047
0.20384
0.15838
0.51617
0.87756
1.2198
1.3463
1.4276
1.1158
0.74763
0.39009
0.029612
-0.043504
-0.21836
-0.23821
-0.34472
-0.18977
-0.47744
-0.62129
-0.65741
-0.39861
-0.25846
-0.2854
-0.23508
-0.22107
-0.17288
-0.27271
-0.40457
-0.28154
-0.015696
0.22629
0.30308
0.34175
0.18454
0.11969
0.080213
0.16553
0.1894
0.076066
-0.029651
-0.08672
-0.045575
-0.083971
0.036069
0.15405
0.25189
0.21655
0.11958
-0.099747
-0.22119
-0.21801
-0.21018
-0.17446
-0.24735
-0.18064
-0.036435
0.10099
0.073331
0.038885
0.039977
0.14091
0.19577
0.093195
0.039881
-0.0055122
0.036664
-0.033461
0.011428
-0.080434
-0.0033213
0.17887
0.1222
0.036911
-0.087983
-0.15952
-0.18775
-0.10581
-0.10195
-0.11586
-0.081354
-0.013333
0.042223
0.053235
-0.045175
-0.059481
-0.028909
-0.027876
-0.016041
0.044859
0.065126
-0.081942
-0.10663
-0.061634
0.0028011
-0.004214
0.03216
-0.0083486
0.043189
0.039997
0.017511
0.0065979
-0.033464
-0.02949
0.04314
0.10934
0.055001
-0.017737
-0.032364
-0.045481
-0.038366
0.03245
-0.070889
-0.097457
-0.063891
-0.024994
0.043614
0.089336
0.022077
-0.0087998
-0.017508
0.011452
0.01465
-0.061832
-0.071778
0.015343
0.022259
-0.054984
-0.095659
-0.0047667
-0.061
0.0013897
0.0021048
0.020928
0.049707
-0.062418
-0.061312
-0.017712
0.025326
-0.0022629
-0.052074
0.0086929
0.073798
0.10015
0.04254
-0.077489
-0.053197
0.042219
0.071726
0.023659
-0.041628
-0.065475
-0.060804
-0.01423
0.039339
-0.019041
-0.06372
0.049104
0.042592
0.075065
0.013297
0.016365
0.057186
0.080487
0.023511
-0.010075
-0.038172
-0.0033254
-0.020935
0.032478
0.053842
-0.073752
-0.005098
-0.021822
0.010598
-0.015396
-0.068109
-0.013458
0.033761
0.1418
0.032546
-0.073103
-0.0037549
0.02036
0.059283
0.15555
0.28946
0.4361
0.38344
0.19081
-0.085872
-0.14169
-0.37867
-0.49793
-0.48757
-0.36024
-0.02113
0.056683
0.014894
0.022037
-0.28869
-0.11507
-0.10789
-0.29916
-0.14184
-0.14769
-0.24882
-0.33236
-0.48917
-0.67487
-0.92802
-0.67653
-0.41921
-0.388
0.96642
0.38227
1.4409
2.0224
2.334
2.0455
2.1166
1.8669
0.48533
-0.30463
-1.2452
-3.2624
-4.1828
-3.6448
0.93747
0.73034
0.47208
1.3333
1.2185
1.0242
0.40035
-0.58669
-2.3755
-1.1162
-1.4477
-3.0236
-2.0118
-0.39294
-1.8773
-1.9546
0.73085
-2.9797
-0.86197
-1.8352
-0.5408
0.71479
2.2702
2.8475
3.0933
2.5453
2.2123
1.4145
0.54952
0.17239
-0.64504
-0.019987
-0.90219
0.99649
-1.0775
-0.26836
-8.3384
4.658
-0.31277
-0.6891
1.2645
-0.87129
3.6755
6.023
-6.4516
4.6539
2.7596
0.64703
-6.3854
4.1254
0.86557
8.4002
15.566
-3.3597
-1.0311
3.1862
-0.88267
0.79582
-1.1414
-0.28239
-1.4955
-3.1422
-1.0131
-5.2553
-2.5773
0.50834
-1.0992
-0.70472
-0.54653
1.1535
0.95525
2.2216
-0.98806
-0.15257
-1.0148
-0.62896
-0.31208
-1.1505
-0.7217
-0.42351
-0.95227
0.064001
0.94033
1.07
-0.39486
1.1015
-0.61551
0.092742
-0.03102
-0.46936
1.2902
1.5791
-0.087108
1.3503
-2.1406
-2.7377
1.6337
0.5302
3.4307
1.0398
3.967
1.1182
0.2994
2.6639
-0.51255
-0.8202
1.842
-2.96
-3.8699
-2.0109
-4.5182
1.0968
-0.16285
-0.26818
2.2869
-3.3044
7.2802
5.7171
1.9861
-2.6426
-1.9491
2.1765
-5.338
12.658
-3.5948
-6.3815
4.868
-3.9069
3.1399
2.2854
-0.30769
-0.44247
-0.69054
-1.3393
-2.2327
-0.56818
-2.6512
-0.56169
0.064752
1.0984
1.2078
1.5533
1.6532
2.7522
1.3222
1.0343
0.6391
-0.10717
-0.0036164
-0.096177
-1.1662
-1.3385
-0.60929
-0.12444
0.0975
1.0495
1.1656
-0.036186
-0.9224
-1.087
-1.0909
-2.6638
1.8761
-0.59365
-0.44753
-0.23762
-1.2034
-0.40222
-1.1633
0.74263
1.4734
1.8843
2.2963
1.9563
1.5915
1.1898
0.73268
0.50735
3.1014
-6.7818
-6.8291
2.9829
-6.6795
4.2967
-2.1578
4.9092
-4.7406
6.3008
9.2608
7.9706
-4.2417
-0.78917
1.3086
-7.1878
-6.8341
-5.4408
9.8011
-8.279
3.4342
3.1872
-0.023128
-1.7866
-2.2279
2.2797
-0.27209
-0.27921
0.43383
-0.95362
-0.32637
-1.9413
-2.22
-1.9057
-0.77008
-0.05906
0.76521
1.6068
1.843
1.5519
1.5708
1.1106
0.26591
-1.2695
-0.7032
-1.6006
-1.9683
-1.6957
-0.073092
-0.57217
0.01715
0.30495
0.90043
1.0181
0.27986
0.1341
-0.77112
-1.1897
-1.4144
-1.5055
-1.4597
-0.19582
0.36128
0.48269
0.48314
1.7933
2.0291
2.2912
1.4079
1.9574
0.75292
-0.57808
-1.1157
-0.0097633
-0.60406
2.6284
-1.6499
-13.867
5.4599
5.9859
0.52955
5.778
6.5435
8.6279
-8.6987
11.712
-10.517
-6.5105
5.6451
4.4237
-6.3615
-3.9445
0.41365
1.4316
2.317
0.94111
1.5312
1.2243
0.88737
0.058428
-0.32435
-1.5545
-0.81604
-2.8815
-2.875
-1.3687
-1.3881
-0.76195
-0.65689
-0.38509
1.1095
0.74221
1.7758
1.6951
1.2537
0.75574
0.83123
0.79492
0.23773
-0.21914
-0.1608
-1.6278
-1.2594
-1.6638
-1.0413
0.019034
0.84598
0.85289
1.2105
1.2832
0.34816
-1.8826
-0.67194
-1.7748
-0.79423
-0.88439
-1.1926
-1.8921
1.6055
1.1436
2.0121
2.6383
2.6532
2.9327
1.9855
1.831
0.71729
1.4695
-2.819
0.4204
0.21058
0.41918
2.0604
1.6974
-5.1569
-4.8191
-4.9406
-5.049
3.8115
-0.49652
-0.50189
1.5716
-8.4335
5.3542
-8.4922
-8.9509
-8.1642
-8.9941
-0.96878
3.948
0.17907
-1.7672
1.6583
-0.96829
0.8089
0.14154
1.1073
0.31103
0.029592
-1.1077
-1.6983
-2.1746
-2.0417
-1.5781
-0.89037
-0.2571
0.98597
0.13765
1.2243
1.1675
1.039
0.88455
0.78445
0.97634
0.97657
0.49184
0.0078331
-0.37873
-0.92849
-1.3958
-1.5738
-1.1062
-0.35408
0.58608
0.091785
0.16653
-0.61408
-0.98235
-0.23568
-0.01482
-1.2212
-1.333
-0.7272
0.51667
-0.23539
-1.87
0.97429
1.21
2.4078
3.1065
3.2797
1.9084
3.038
1.5772
0.70766
-0.29732
-1.8279
-1.2505
-0.44883
-1.2928
-1.7719
-5.0594
0.79497
0.90577
1.4102
1.0325
3.3617
5.6006
-3.4432
-3.7757
2.3429
-2.1924
5.8019
-8.5839
-8.7369
10.49
-2.562
4.5472
-2.2558
1.3687
-0.3787
2.1593
1.2215
0.43625
0.33871
-0.94263
-1.8449
-2.1126
-2.6637
-1.5004
-1.0159
-0.14614
0.74119
0.28022
0.18046
1.9203
1.2086
0.95505
0.69814
0.7282
0.95185
0.86987
0.68763
-0.44436
-0.81219
-1.3558
-1.7682
-1.4263
-0.71624
0.23318
0.69707
1.5456
1.0471
0.70635
-1.3594
0.60325
-0.6439
-0.53783
-0.79904
-0.16185
-0.33745
-0.98286
0.1238
1.0419
1.8906
1.3041
4.1398
3.8315
3.0841
1.683
1.7332
0.69417
-2.2822
-1.0096
-1.51
-3.4689
3.8268
-4.9285
2.474
0.53652
1.71
5.0339
-8.4058
11.498
-8.3335
-6.3699
8.4668
-2.2728
-3.7411
-6.2168
-2.5599
-4.1137
1.6445
-0.74953
-0.71742
-0.022913
1.2267
1.2114
0.19924
0.39779
0.31205
0.09846
-0.56846
-0.75538
-1.6948
-2.1303
-2.0126
-1.9894
-0.63468
0.025913
0.59121
0.82758
1.8284
1.6638
1.0858
1.2355
1.194
1.1588
0.1448
-0.69939
-0.89075
-0.95675
-1.1525
-0.14161
-0.061818
-0.11012
-1.0053
-0.87747
-0.24846
-1.1102
-1.9976
0.55839
-2.2351
-0.20278
0.0087112
-0.27483
-1.4081
-1.8916
0.22388
1.0919
1.1399
1.9212
2.8363
2.8991
2.237
0.011061
1.616
0.26284
0.85238
0.11227
-0.35445
-1.6351
-2.0329
-4.6958
-5.9167
-0.61231
6.7783
0.044337
-3.4123
0.10976
2.642
-3.3963
6.8007
-6.7903
-11.576
7.516
7.4479
15.538
-9.7791
3.9667
-1.5202
-1.2807
-0.249
0.95778
0.26258
1.1581
-1.4536
0.37603
-1.6626
-0.87792
-2.4123
-0.74388
-1.7575
-0.51744
0.16546
0.075889
0.48482
1.1518
0.99854
1.5162
1.3529
1.1103
1.0911
0.71352
0.19315
-0.7805
-0.98508
-1.4957
0.48498
-0.99233
1.939
1.4172
0.90593
-0.40157
0.052593
-0.94862
-0.97021
-0.84824
-0.76643
-0.47745
-0.80436
1.1197
-1.651
-1.9196
0.19193
-1.1313
2.2596
3.3161
1.4864
3.9168
1.3903
0.44215
0.31765
-0.09663
-2.0079
0.88264
-3.1773
1.8153
1.5036
-8.737
4.9632
3.9257
-7.6913
-7.1019
1.4003
3.2539
-2.8159
-6.0171
-6.7544
-4.3025
-4.7765
1.4841
-3.2502
6.1049
6.0434
-7.4588
-5.8663
4.8639
-2.3675
2.4769
2.4257
1.4875
-0.5871
-0.85348
-2.387
-0.70025
-1.1805
-1.4063
-0.85346
-1.1473
0.35941
0.36861
0.085759
1.249
0.9938
1.39
2.0507
1.6215
1.0425
0.31621
0.71053
0.23809
-0.69562
-0.92662
-0.76733
-0.58877
-1.654
-0.33677
0.31616
1.4344
1.065
0.17893
0.30212
0.074303
-1.0934
-0.90838
-0.77799
-0.83723
-0.95567
-1.41
0.82666
1.8467
2.2064
3.748
1.564
2.4733
0.81558
0.21085
0.12049
-0.64067
0.28738
-0.12949
-0.95912
-2.0431
3.5327
-1.0407
-1.0239
-0.30018
0.66764
-4.6265
3.2784
3.7711
7.9617
7.7536
-6.1154
-0.10623
-1.059
-7.315
-11.317
-4.5825
7.72
-6.9637
-6.9084
-2.744
2.9023
2.4051
1.9586
1.7477
-0.41171
-0.38982
-1.0114
-1.3492
-2.5085
-2.4481
-1.8545
-0.65347
-0.274
0.54964
0.39437
2.7546
3.2941
2.1175
1.7627
0.24626
1.2737
0.50679
1.0589
0.55868
-1.8337
-2.4858
-1.6059
-1.3215
-0.54444
0.11101
1.1367
0.98151
0.5942
0.32591
0.81541
0.40146
-0.42196
0.16699
-2.8192
-0.84479
-0.5357
-0.60917
-1.2316
-0.90505
0.22804
1.1155
1.8949
2.7886
2.4036
2.3961
1.5092
0.22961
-0.052934
-0.3474
-0.19383
-0.086202
-2.0881
2.8217
-12.369
3.8927
3.8874
-5.3142
3.0096
-4.22
4.6555
4.7837
-0.54154
-0.27019
-2.0908
-3.4004
-2.256
-4.2205
-1.2416
-7.812
-2.5206
0.28925
0.51493
2.0461
0.71161
1.4544
0.96446
0.38292
-1.563
-1.3838
-1.6776
-1.7587
-2.065
-0.60438
-0.91216
-0.16798
0.30606
0.77108
1.0848
1.7293
0.93922
1.6932
1.5078
-0.23348
1.4004
-0.37152
-0.56174
-1.1041
0.059587
-2.7248
-1.4922
-1.0433
0.31067
-0.20217
2.0549
0.2941
2.6715
2.1386
1.8021
-1.0728
-0.74617
-0.60666
-1.5385
-1.5806
-0.19329
-2.6414
2.098
0.90566
1.8685
3.9689
2.6661
2.7013
0.71912
-0.36625
-0.80989
-2.0614
-1.1753
0.1061
0.41227
-1.862
2.3087
-4.1695
2.8634
2.8639
-0.46241
-0.67031
0.76235
-0.78496
-1.0817
0.16451
-1.3973
1.3951
-3.4103
-3.3696
-1.2313
-0.80285
0.313
-6.6502
-6.3969
3.9355
-0.67482
0.27575
1.3796
0.17174
-0.85069
-0.89271
-1.9196
-2.6718
-1.9218
-1.7226
-0.72775
0.52308
0.11813
0.52087
0.62156
1.9929
0.30749
0.46847
0.22306
0.81484
0.88368
0.81323
-0.75272
-0.16912
-0.62481
-1.6437
-0.8949
-0.8031
-0.56931
0.47358
0.47832
0.93666
-0.24689
1.1118
-1.597
0.83715
0.16242
-1.2862
-0.44761
-1.0769
-0.0020888
-1.3684
-0.75447
0.90171
1.8528
3.2639
1.7865
2.8146
1.0895
2.0661
0.97014
1.0653
-0.094752
0.091209
-0.60759
-2.0239
3.0427
3.0116
-8.4204
-10.091
6.9299
-5.7289
-2.6567
4.8163
-3.1129
7.7742
6.4657
-2.6087
-2.7558
-4.9483
-6.1935
-6.1319
1.8288
-0.4761
1.6875
4.6604
-1.55
2.7646
0.74431
0.88504
0.63333
0.015094
-2.7732
-2.1836
-3.1197
-1.8837
-1.6427
0.089059
-0.077177
1.7827
-0.037705
1.9164
1.5385
1.6191
1.0238
1.0823
0.67294
0.59566
-0.31887
-1.4568
-0.83791
-1.6632
-1.3706
-0.64918
-1.139
-0.1594
1.504
1.9972
0.45526
1.3176
1.4233
0.16939
-0.31811
-1.2687
0.0036415
-1.7103
-2.1588
-0.39437
-0.11878
0.30207
1.6579
3.7148
3.8367
2.2634
1.508
1.1768
-0.017689
1.2703
-1.8763
0.014308
0.062571
-0.41686
-2.8782
2.9091
-5.3157
3.2197
-3.2111
-2.8563
-1.2663
2.1997
-3.7527
-9.5298
12.077
-11.468
-1.979
-5.2903
2.3698
-4.8473
3.1826
0.86382
-2.3682
-0.18186
2.3853
0.59371
2.4371
0.1245
0.66054
-1.1635
-1.1299
-2.5685
-2.4923
-2.1119
-2.0735
-1.121
0.50912
0.38295
1.1873
1.5742
0.56979
1.6099
0.67314
0.55991
0.88276
0.86654
0.35297
-0.58775
-0.61527
-0.95804
-1.176
-1.431
-0.65615
-0.35293
0.47351
0.64406
0.91807
0.47636
1.1639
0.18875
1.0687
-0.70416
-1.7451
-1.7754
-2.1949
-2.0082
-0.55934
0.27263
2.1693
3.1779
3.6952
2.8138
2.9159
1.8734
0.72844
-1.9999
0.31235
-0.25138
-0.35369
-1.8045
2.5299
-1.2026
-7.4518
1.8489
-4.7872
6.6009
-4.8413
-3.8214
6.5224
11.334
5.7095
-4.0923
3.8997
2.9587
-3.2723
-3.1659
-2.3036
-3.3504
-0.62969
-0.66521
-0.10335
3.2757
1.39
0.14774
-0.32091
-0.93259
-1.0849
-0.99923
-2.5762
-2.5901
-1.4783
-1.097
-0.16225
0.54597
-0.028189
0.22477
0.94002
1.3857
1.1129
0.87208
0.87859
0.75436
0.47624
-0.55414
-0.27629
-0.60526
-1.9812
-1.0036
-0.59214
0.32953
1.08
1.2148
0.61224
0.71281
-0.069918
-0.642
-0.87021
-0.86327
-3.0278
-1.3485
-2.0398
0.20665
-0.012543
0.8675
2.061
2.2244
2.7273
2.4734
1.5122
0.80911
0.94697
-0.41607
0.17867
-1.366
0.60095
-3.4257
-0.12309
-2.1061
-0.62621
-0.36179
4.0098
2.1887
-3.0589
2.5908
-2.9159
-6.6798
7.2578
3.8525
2.5133
3.9817
2.4905
-12.341
-4.6896
-3.949
2.4242
3.7591
2.1644
0.097649
2.5699
-1.3071
-0.75486
-1.3469
-1.3067
-1.2069
-2.2693
-1.9116
-1.2702
-0.6163
-0.85335
0.15019
0.34354
1.1211
1.8217
1.7367
1.1955
1.7018
-0.78729
-0.53566
-0.68778
-0.72009
0.27042
-1.476
-1.1837
-1.2281
-0.97314
-0.38617
0.062435
1.5946
1.6788
2.0211
0.1645
0.76913
-0.67084
-0.83461
-1.929
-1.7222
-0.54986
-0.2028
0.41809
-0.26587
0.59828
2.086
2.5673
1.9747
1.901
2.1762
0.75209
-1.0173
-0.28368
-0.17735
-0.28858
2.2536
0.60915
-2.0082
-1.3562
-3.3865
-3.7778
3.4434
4.0724
-7.3317
-7.2165
8.281
0.24642
6.1821
5.2871
-9.9287
1.4839
5.5626
2.8445
3.3413
-2.2921
-2.2344
2.6197
3.045
-0.77647
2.8099
-1.7416
-2.6159
-1.8934
-1.4066
-2.4087
-1.4885
-1.0185
-1.0178
-0.35347
0.21503
0.45499
1.3082
2.0741
1.8958
1.3634
1.0873
0.67042
0.56181
0.066193
-0.14714
-0.61828
-1.1424
-1.8031
-1.0439
-0.33264
0.57751
0.64362
0.97819
0.54385
0.85018
-0.026798
-0.086448
-3.0563
1.7568
-0.48475
-1.6462
-0.99239
-1.3352
-1.8303
2.1129
1.1889
2.7647
3.5299
0.78193
4.2251
0.030565
0.29952
-0.54985
-1.8304
0.37032
-0.62228
-3.0084
-2.7896
1.0603
2.9788
-0.29969
-1.8668
-2.3764
-1.4938
6.3469
-3.8776
-4.2374
2.542
-0.53595
-0.71261
-8.3698
4.2295
4.4573
-7.6545
2.4082
-1.5015
1.8417
-2.4351
-0.37717
1.4623
-0.24779
0.28852
-0.1099
-0.13871
-0.83974
-2.4575
-2.0395
-1.3057
-0.72035
-0.4709
1.0518
1.6817
2.0434
0.91845
1.4277
1.3748
1.0848
1.2083
0.93781
-0.099554
-0.34163
-1.3035
-1.7135
-2.1458
-2.4124
-0.00026401
1.0644
0.24299
0.61598
1.4878
2.0275
-0.61382
1.0902
0.75628
-0.38624
-0.76805
-1.1082
-0.20946
0.054324
-0.37002
0.85761
1.7796
1.73
2.8098
2.8894
2.5014
1.1946
1.3148
0.0086304
-0.24317
-0.30373
-0.50655
0.65784
3.5608
-5.0172
-2.6544
-6.1351
3.6429
4.2671
-2.5425
0.24451
0.68307
-0.2939
4.1981
3.404
-3.5997
1.7391
-5.1965
-12.592
-11.837
-14.87
-2.3394
2.2227
-0.36946
-0.63682
-0.78623
0.99448
-0.62
-0.5007
-0.95504
-1.8729
-2.3656
-2.2496
-2.1579
0.13791
0.2805
-0.23072
0.63822
0.78169
1.0991
1.0213
1.2125
1.1902
1.0793
0.94945
0.50064
-0.25837
-0.96617
-1.079
-1.2792
-1.0937
-0.58981
0.047729
1.4162
0.87757
0.52036
0.37376
0.52573
-0.23471
-0.7452
-1.1284
-0.84224
-0.95826
-0.85761
-0.28338
-0.30245
1.5856
2.3075
1.067
3.7951
3.1587
1.6671
1.3322
0.20605
-0.24244
-1.0397
-0.27121
0.60687
-3.0241
2.7661
-3.2661
4.6506
-3.669
4.7237
-8.1917
0.33771
3.9965
-2.224
2.2566
2.1366
-0.022327
1.2475
2.8193
-6.2271
-6.0496
3.1757
7.6929
-4.4252
5.3754
-2.0424
0.99706
0.60474
0.70746
-0.11044
-1.09
-0.83543
-1.5401
-1.4589
-1.378
-1.1806
-1.1835
-0.18522
0.2774
0.83435
1.1802
0.65539
1.1104
0.95422
0.93496
1.1286
0.97423
0.61488
-0.42238
-0.81601
-1.591
-1.5439
-0.99299
-0.86852
0.13956
0.60509
1.1511
0.44259
1.6027
0.88267
0.3358
-1.1192
-2.4629
-1.471
-1.8282
-1.9159
-1.7524
-0.1779
1.4148
3.3699
3.2445
3.2531
2.8426
2.2557
0.62174
0.51839
0.5766
-0.30905
0.54873
-0.95687
-0.94888
-0.80044
4.2236
-6.636
-6.635
-5.3206
0.41838
4.2407
-1.5958
4.1709
10.491
-11.047
-5.7604
2.042
-5.0197
0.11486
-5.0907
1.2402
-4.5235
2.6001
-1.528
-1.5283
1.4383
0.42668
0.55863
-0.25141
-1.5328
-0.68105
-1.1579
-1.181
-1.6383
-0.58391
-1.939
0.50765
-1.6055
-0.52745
1.0643
1.8285
1.9174
1.4199
0.92307
0.99125
0.80758
-0.23999
-0.3694
-0.87139
-1.0235
-1.4591
-1.0763
-0.62709
-0.054351
1.2421
0.94709
1.5245
1.4366
0.48108
-0.1075
-0.63584
-0.89949
-1.0552
-2.0431
-1.9699
-2.1849
0.56265
-1.3488
1.42
0.48439
3.1319
1.9838
3.4486
1.2361
1.1505
0.31354
1.0829
-1.2578
-1.6999
-0.96304
-2.189
-2.1638
0.72192
1.8556
-0.051617
-4.0909
3.0316
3.6608
7.715
-4.9243
2.5703
-0.3122
0.99235
2.656
-2.8119
-6.6244
-2.1227
-4.2071
13.454
1.4305
-0.19778
1.944
2.2744
-0.99269
1.66
0.22705
-0.81096
-1.2324
-0.867
-1.2514
-1.2604
-1.7298
-0.75121
-0.16268
0.66895
0.73774
0.75873
0.8363
1.368
1.3551
1.3193
1.2733
1.2536
0.54852
-0.29358
-1.0923
-1.4464
-1.0556
-1.0388
-0.28883
-0.0421
1.0487
0.98364
1.4192
0.09858
0.36532
0.20788
0.4936
-1.2392
-3.2078
-2.7145
-0.7647
-1.4727
-0.66791
-0.20728
0.99384
3.9797
4.9896
1.8578
3.837
2.522
1.4923
-0.78317
-1.0247
-0.8838
-0.7669
0.26758
-2.2537
-1.913
-0.73954
-4.0546
0.6683
-7.5481
8.1952
-4.6968
5.9064
5.4748
-3.932
0.060197
-1.126
-8.2159
4.9074
-3.6784
-2.4518
7.7523
1.3175
-5.1104
-3.5118
4.6023
-1.3907
3.6972
-0.064419
-0.16729
-1.1785
-2.2199
-1.7981
-3.0674
-1.8064
-0.85373
1.4258
0.13579
1.8059
0.97057
1.2646
0.29609
1.3451
0.85891
0.94344
0.74726
0.3454
-0.1899
-0.64409
-1.7545
-1.7731
-1.8259
-1.3743
1.0352
1.2482
1.6606
1.1688
0.12814
1.5058
-2.5059
-2.1325
-2.1019
-0.67474
-0.9222
0.070697
-0.67656
0.0045904
0.80521
2.7255
3.3842
3.3887
3.2771
2.2025
0.79427
-0.09997
1.4081
0.97593
-1.8224
-1.6034
2.2548
-2.8954
1.3286
0.071627
0.89446
-4.0797
3.3531
-2.9534
-6.2345
6.465
-8.026
-4.3498
6.0568
-3.7756
-2.5423
0.36793
-5.88
0.14553
6.5508
1.5451
2.0903
-1.3124
-1.4076
1.1252
0.14704
-1.113
0.13166
-0.20432
-1.7203
-2.166
-0.6682
-1.4997
-0.30998
-0.26724
-0.25318
0.11921
0.42034
1.2339
1.2225
1.264
1.318
1.1235
0.5693
0.61022
-0.21936
-0.28388
-2.1768
-2.05
-1.0527
-0.64161
0.25371
0.92116
1.2177
1.3488
1.1131
0.84797
0.0026827
-1.0293
-0.90044
-3.1347
0.87879
-2.3236
1.5212
1.0802
1.2907
0.8456
-0.38564
0.20658
3.8236
1.5512
1.2003
2.3696
1.0684
-0.51616
0.31068
-0.35698
0.46625
-4.424
-0.17677
-8.2676
-2.4581
-0.059894
5.268
-10.371
7.8799
-7.7348
-2.2013
0.42215
4.1144
4.892
-0.62888
-4.2447
0.72287
5.3079
6.2749
5.2199
-3.3464
-0.90223
1.2003
0.51157
0.65267
0.39953
-0.19347
0.63063
-0.51735
-2.926
-1.4689
-3.4637
-2.8326
-1.6528
0.83042
1.324
1.6745
1.4315
1.5641
1.1564
0.79066
0.80738
1.0415
1.1906
0.28905
-0.30722
-0.72202
-1.5826
-1.3219
-1.3408
-0.71985
0.20581
0.76834
1.1051
0.50798
-0.0471
-0.12954
-0.55531
-0.95516
-0.018397
-3.4091
0.20624
-0.78513
-0.63823
-0.44292
-0.17221
0.67638
2.6262
2.9548
2.5772
2.0269
1.2033
0.85837
-0.16477
-1.4249
-1.716
-0.05538
-2.8399
3.7562
-0.59825
-0.13774
2.0597
-6.3153
9.3535
-12.529
-12.128
6.5464
4.096
-7.0995
2.2618
1.3933
2.2292
-0.57264
-5.2796
-9.2773
-8.5352
5.4886
1.259
-0.12265
0.57883
1.1155
-0.035612
-0.51238
-0.83444
-0.62691
-2.2176
-2.301
-2.1581
-1.7602
-1.4416
-0.39101
0.37373
1.0032
1.4039
2.1584
1.7598
1.0604
0.42219
-0.24994
-0.65161
-0.027292
0.31154
-0.06323
-0.54093
-1.0972
-1.4407
-0.86258
0.03576
1.1538
1.9085
0.56323
1.4698
0.41327
-0.53913
0.080648
-0.42037
-2.1465
-0.37892
-1.0384
-0.7184
-1.4169
2.0652
0.83141
2.5627
1.9273
3.4714
0.68706
0.60316
-0.82187
1.1889
-0.76795
0.055885
0.19678
-1.7287
0.21483
0.44514
5.3056
-5.5585
6.1774
-1.593
-0.22699
-0.99736
-4.2261
0.65878
3.1961
-5.7296
0.28502
0.093575
3.481
-2.0535
-0.37577
-8.7304
6.8659
-3.3971
-0.23577
0.63151
1.7227
-0.031983
-0.5938
1.2473
-1.5317
-0.92148
-2.1868
-1.9184
-1.8788
-1.5916
-1.0296
0.34758
1.1393
0.70951
1.5755
1.4845
1.3609
1.0474
0.81698
1.0524
0.90125
0.57809
-0.12529
-0.81713
-1.5859
-1.3152
-1.7094
-0.20328
-0.14102
0.4318
0.77634
0.49892
-0.33473
0.80085
-1.37
1.1974
-0.14127
-2.4112
0.20257
-0.11214
-0.87823
0.033232
0.17201
2.4884
1.6422
3.0873
1.4918
1.8913
2.6363
0.64139
0.021081
-1.5019
-1.0014
-0.64625
-1.2028
2.5545
-8.6448
-4.3789
-0.7316
-3.5836
6.2492
-8.8293
-1.8491
2.0068
-1.1459
0.60135
-0.55407
2.8145
-3.1626
1.2974
-6.8299
-4.2015
-6.0693
0.17978
-2.3907
4.7168
-2.1266
0.54055
0.25459
1.4987
0.44152
-1.7508
-0.93622
-2.196
-1.9036
-0.32292
-1.8093
0.58792
0.66635
0.88435
0.61175
0.89135
0.88445
0.98319
0.68352
0.85064
1.1147
0.46545
-0.27717
-1.3478
-0.63772
-1.8685
-0.66055
0.10387
-0.25236
1.3947
1.0949
1.8601
-1.1066
0.9564
-0.18888
-0.65132
-0.74755
-0.70231
-1.4686
-0.32224
-0.67938
-0.67022
1.281
1.3311
1.813
1.1767
2.7714
1.1386
0.99758
0.6294
0.57285
1.3691
-1.9848
-1.2609
-0.50929
-0.14605
-0.92975
-3.6407
6.6726
-0.0092453
4.72
-7.5087
7.9747
-4.108
-5.2826
8.811
-8.1552
5.5906
4.024
-7.7492
2.2678
-9.9477
4.8655
-3.8791
1.3152
-0.062198
-0.11965
-0.080644
0.58624
-0.0943
-0.43219
-1.0585
-1.1796
-2.5813
-1.9469
-1.4901
-0.80315
-0.78906
-0.30628
0.58029
1.6093
0.40766
1.5576
1.9854
1.3547
1.065
0.98966
0.38276
0.088949
-0.30854
-0.97292
-0.70871
-2.1901
-1.6396
-0.73898
0.23314
1.3931
0.65494
1.2075
0.69796
1.6943
-0.063634
-0.71626
0.0099008
-1.3406
-1.279
0.50307
0.040466
0.48812
-0.56364
1.8472
0.97595
3.1452
3.5164
1.352
0.64752
1.0164
-2.4394
-3.0697
-0.24471
-2.5657
0.64837
-1.6884
-1.5171
2.5036
3.0621
1.8964
3.5775
4.058
0.11787
1.9628
-3.8942
2.1157
1.4593
-0.66057
-2.8495
-1.5489
-0.63818
-0.60865
-0.29289
2.6682
3.5454
2.133
2.4673
0.72708
0.26559
0.29322
-0.3572
-2.5675
-3.0888
-2.8601
-2.0772
-2.2681
-0.32173
0.73873
1.1979
1.6381
1.0013
2.3264
2.2112
1.3187
0.36333
0.7167
0.13663
0.47735
-0.41574
-1.1555
-0.75529
-2.5773
-2.3875
0.25934
0.051863
1.5362
1.5501
1.2188
0.68354
-0.35055
0.26303
-1.3769
-1.0387
-1.7441
-0.9043
0.27576
-1.2643
-0.69642
-0.097538
1.0912
3.0005
2.9318
2.692
2.1813
2.1047
0.43586
0.21525
-1.5133
-0.85712
-1.3503
-0.62179
-1.086
-7.6314
4.6611
0.35899
-7.2383
-7.681
7.874
8.3508
-5.1464
-9.326
9.7395
-10.537
8.7091
6.145
-3.7447
-8.3542
-5.3346
3.9959
-4.1027
2.7268
1.6066
-0.23721
1.8262
0.54587
-0.12267
-0.43481
-2.1421
-4.1835
-4.3297
-1.1491
-1.9782
-1.3121
-0.061012
-0.28468
0.95481
0.82317
1.2635
0.73444
0.08278
-0.61659
-0.57484
0.10796
-0.51099
0.58597
-1.3334
-1.2279
-1.2888
-2.7306
-1.1579
-0.084137
0.96657
1.3444
0.79155
1.7254
1.7807
0.81507
0.47938
-0.71494
-1.1076
0.21934
0.53687
1.2999
-0.88621
1.0997
0.44234
1.2421
0.57951
1.5515
1.5642
2.0562
1.5798
0.25274
-0.027643
-0.4562
-1.0861
-0.7786
0.43026
2.7319
-4.2414
-1.4598
3.0311
-8.5016
7.6382
3.6955
-3.9588
12.342
-10.5
-4.9602
3.423
1.2739
-8.0181
-8.0243
-3.5632
-0.59396
-0.81132
6.6123
3.1913
3.6966
-1.3486
-0.10053
-0.11466
-0.22617
0.14655
-1.258
0.33976
-0.32819
0.1899
-1.867
-2.5823
-2.3003
-1.9381
-1.6186
-0.19519
0.62311
0.99479
0.95317
0.12888
0.56115
-0.20147
0.083695
-0.059916
-0.19664
-0.27408
0.17979
-0.24121
-0.96846
-1.5484
-2.2579
-1.6498
-1.8273
-0.43283
0.35061
1.1496
1.0251
1.4138
1.7954
2.0047
1.3442
1.1919
0.38011
-0.55461
-0.7716
-0.64441
0.23957
-0.23672
0.22159
1.021
-0.2966
0.53778
0.84165
1.0444
1.3035
1.5981
1.6891
2.7835
1.9415
0.61784
-2.1075
-1.8787
-1.1355
-1.2791
-0.69843
-0.64691
-3.7451
-4.28
-6.1249
-0.89907
-8.1141
-3.3734
-3.9948
13.001
-4.3422
-5.2049
5.9006
9.8084
-9.4585
1.0901
-4.8977
1.6431
-6.9454
-0.72208
2.1328
1.8197
3.4522
-2.7482
0.61626
-0.50478
-0.7625
-0.42727
-1.6471
-0.75049
-1.132
-3.4433
-3.9499
-2.3437
-1.3732
-0.39464
1.3226
-0.04447
1.4741
1.8526
-0.077746
0.75995
-0.091454
-1.0142
0.12905
-0.40332
-1.3084
-0.52451
-0.72012
-0.76433
-1.7444
-0.58041
-1.0159
-0.85804
0.90171
1.0525
2.0959
2.1693
1.7596
1.3312
1.3481
1.0637
0.63013
-0.017134
-0.1417
-0.65668
-1.3762
-1.4521
-0.98395
-0.49789
-0.13164
-0.83218
1.6229
0.96245
1.8208
2.1039
1.9569
2.1821
2.1384
1.7501
1.3584
-0.42649
-3.0445
0.6339
-2.3885
0.92116
-2.7415
0.33064
-4.0075
4.3845
-9.5864
-5.5356
3.709
-1.052
1.7002
6.1752
-2.3146
5.4588
0.31637
-6.9051
-0.86649
-3.4285
-2.1718
1.3854
3.2583
0.71221
0.30209
-0.76713
-1.5665
0.15622
-0.18223
-1.4099
-1.9844
-4.452
-3.3758
-4.4771
-2.0697
-1.4962
-0.12575
-0.40601
0.46807
1.0554
-1.1535
-1.0013
0.036933
-0.057178
0.17838
-1.6656
-0.48159
-0.76862
-1.9042
-1.5369
-1.6606
-0.54731
-0.78616
-0.3654
-0.233
0.76144
0.18769
0.65646
1.2022
1.759
2.0219
0.82564
1.5516
1.2751
1.3837
0.81086
-0.064799
-0.36722
-0.95602
-1.1305
-0.95894
-2.7889
-0.20027
0.32421
0.51089
0.3881
1.5288
2.1003
2.495
1.7185
1.562
1.3824
1.6873
-0.21742
1.4552
-0.7239
-1.5266
-1.1227
-0.11188
5.8239
-3.3084
-3.695
9.8735
-1.4174
-0.79791
0.38599
7.1669
-4.4255
0.42662
-6.2135
0.81777
-1.0357
-5.7061
-5.8814
-4.7515
-0.9659
3.025
1.765
-2.2527
-1.2065
-0.14403
-0.57842
-0.78423
-1.5916
-1.6997
-2.7124
-3.427
-3.1972
-0.28782
-1.0483
-1.8774
-1.8513
-1.7725
-2.108
-1.7482
0.64329
0.66604
1.97
0.17171
-2.6264
0.79198
-2.9911
-2.67
-0.59526
-0.99794
-0.92232
-1.9195
-0.02286
0.1941
-0.77246
-0.56048
0.16267
1.0774
0.83571
1.1774
1.3023
1.17
1.2049
0.56382
0.47064
-0.050223
-0.32462
-1.0345
1.0892
-0.090651
0.17119
0.6806
-0.82257
1.1632
0.96996
1.3149
2.1184
1.7358
1.64
1.17
0.83328
1.6512
0.96066
-2.537
-1.1396
-1.2385
0.43499
1.7536
2.7286
1.2338
0.91164
-4.8566
-2.6333
-2.9913
8.581
8.1848
0.61273
-0.118
7.2612
-3.1837
-0.82078
-9.2114
-3.5587
-3.6851
7.5547
-14.62
-13.926
1.89
-1.8323
3.4905
2.3177
2.3062
0.81017
0.56166
-0.0786
-0.97512
-1.2585
-1.7218
-1.293
-1.8341
-0.80009
-0.78579
-1.0911
-1.534
-1.2881
-1.4545
-1.2944
-0.64165
0.40169
-0.033186
-0.38699
-0.331
-0.47045
0.57421
-0.13888
0.55516
0.72592
0.90751
0.65286
0.67593
0.49309
0.39459
0.71856
0.49999
0.043871
1.1118
1.0969
0.56811
0.11262
-0.16282
0.22565
0.087674
-0.57738
-0.42774
-0.5058
-0.5251
-0.62059
-0.77837
-0.87835
-1.0974
-1.0966
-0.93314
-0.78524
-0.67752
-0.35315
-0.15916
0.018685
0.11615
0.19556
0.082052
-0.14962
-0.24533
-0.08827
-0.14172
-0.15645
-0.1799
-0.17492
-0.18993
0.0025511
0.013736
0.092328
0.28093
0.24435
0.19881
-0.13599
-0.39583
-0.52564
-0.44034
-0.48416
-0.40614
-0.40773
-0.20193
-0.091493
0.0065685
-0.059324
-0.30346
-0.33543
-0.41472
-0.34863
-0.4312
-0.46735
-0.22471
-0.075221
0.056837
0.058287
-0.072251
-0.11907
-0.18211
-0.17087
-0.19391
-0.27974
-0.21617
-0.19514
-0.10976
-0.18231
-0.1545
-0.2174
-0.23749
-0.27049
-0.36974
-0.26356
-0.23216
-0.18383
-0.19452
-0.25554
-0.25371
-0.25039
-0.13444
-0.11456
-0.21893
-0.1491
-0.13812
-0.040153
-0.029373
-0.14446
-0.22869
-0.28683
-0.28333
-0.20352
-0.30832
-0.36437
-0.22046
-0.27329
-0.1616
-0.35023
-0.20696
-0.21756
-0.19296
-0.13674
-0.27236
-0.22414
-0.17274
-0.12019
-0.20674
-0.35498
-0.2425
-0.25567
-0.17608
-0.22662
-0.25437
-0.17175
-0.13689
0.01191
-0.097852
-0.17775
-0.25885
-0.14306
-0.20311
-0.17639
-0.28657
-0.1647
-0.19943
-0.16486
-0.19821
-0.28586
-0.26522
-0.28923
-0.21919
-0.24049
-0.27124
-0.25138
-0.17699
-0.1615
-0.11569
-0.21291
-0.23007
-0.1809
-0.20519
-0.24544
-0.35854
-0.27742
-0.20553
-0.15014
-0.13676
-0.2463
-0.12459
-0.10632
-0.19732
-0.2533
-0.3045
-0.21809
-0.17774
-0.16682
-0.1582
-0.23746
-0.22522
-0.2246
-0.1763
-0.17018
-0.2167
-0.12023
-0.13385
-0.17995
-0.21971
-0.29874
-0.29736
-0.25798
-0.18864
-0.18922
-0.27346
-0.20702
-0.20102
-0.20343
-0.12375
-0.098272
-0.17584
-0.224
-0.19049
-0.26208
-0.15569
-0.057459
-0.15379
-0.21408
-0.16126
-0.24445
-0.28191
-0.25427
-0.16566
-0.08356
-0.26435
-0.16107
-0.14167
-0.14962
-0.19189
-0.19468
-0.36209
-0.30016
-0.25759
-0.19082
-0.23056
-0.35318
-0.15844
-0.26105
-0.21612
-0.39148
-0.1669
-0.10844
-0.14034
-0.21908
-0.16144
-0.31244
-0.11917
-0.25091
-0.21884
-0.14607
-0.20457
-0.082977
-0.10222
-0.088445
-0.31742
-0.26759
-0.24197
-0.27425
-0.2626
-0.3215
-0.30773
-0.25186
-0.15716
-0.15339
-0.35471
-0.27159
-0.24244
-0.14717
-0.20965
-0.26222
-0.18919
-0.18168
-0.073096
-0.20861
-0.21376
-0.19678
-0.27842
-0.3274
-0.40909
-0.21994
-0.1889
-0.045754
-0.27973
-0.22559
-0.25173
-0.062452
-0.87003
-0.49543
-0.17476
-0.06598
-0.093727
-0.078795
-0.34548
-0.38029
-0.35095
-0.31272
-0.047406
-0.22731
-0.71305
0.0018401
-0.59504
-0.23449
0.0035566
-0.11343
-0.23191
-0.23144
-0.11445
-0.074348
-0.084161
-0.29285
-0.15118
-0.50387
-0.027086
0.14652
-0.189
-0.38836
-0.48625
-0.31805
-0.34146
-0.61582
-0.39944
-0.24719
-0.4756
-0.53935
-1.756
1.1205
2.5729
-0.72478
-0.66033
-0.56809
-0.16347
0.15161
-0.14137
0.2426
-0.062416
0.3525
0.075679
0.19917
-0.13237
-0.29535
-0.039712
-0.12192
0.13066
-0.12137
-0.2047
-0.25429
-0.11987
-0.17523
-0.33255
-0.30686
-0.31071
-0.39417
-0.24721
-0.39269
-0.36059
-0.32283
-0.3283
-0.18759
-0.25488
-0.3432
-0.16787
-0.1208
-0.20233
-0.19069
-0.32735
-0.06248
-0.065386
-0.076583
-0.1485
-0.23758
-0.053498
-0.31877
0.29469
-0.26757
-0.44008
-0.30522
0.026983
-0.14694
-0.015388
-0.30525
-0.36011
-0.32487
-0.31277
-0.33403
-0.079056
-0.15508
-0.023976
-0.03129
0.032004
0.010802
-0.2334
-0.26773
-0.50684
-0.62448
-0.23578
-2.0565
2.8016
0.027989
0.35378
-1.4023
-1.0844
0.60027
1.1674
-0.1227
-0.16025
0.292
0.06083
1.0326
0.087721
-0.14958
0.37237
-0.050378
0.43105
-0.00025937
-0.04876
-0.16235
0.12808
0.059105
-0.092236
-0.18651
-0.15928
0.14702
0.072254
0.19507
0.051448
0.15817
0.1342
0.2443
0.25136
-0.036989
0.031928
0.054321
0.16885
0.33755
0.069821
0.33604
0.088465
0.14616
-0.13093
0.18724
-0.13552
0.17444
-0.19931
0.081561
-0.064747
0.14143
0.063065
0.17968
0.34711
0.1978
0.24509
0.15017
0.24514
0.144
0.12631
0.1476
0.19043
0.17691
0.10552
0.013782
0.0054677
0.045266
-0.10933
0.070311
-0.062851
0.045646
0.13006
0.17339
0.23384
0.1112
0.17318
0.11476
0.18817
0.04974
0.17007
0.11757
0.21071
0.10651
0.099389
-0.013927
0.075454
0.094026
0.10559
0.068739
-0.048964
0.081654
0.20919
0.20023
0.275
0.15014
0.18786
0.17105
0.15745
0.24452
0.10683
0.16824
0.11446
0.11204
0.061223
0.03503
0.12524
0.13925
0.15228
0.026734
0.041395
0.07317
0.064079
0.10591
0.0425
0.15175
0.15877
0.13096
0.041106
0.011153
0.0898
0.15865
0.12609
0.062458
0.056106
0.11458
0.1372
0.17503
0.10142
0.0078717
0.084893
0.1686
0.17432
0.14332
0.010268
0.029117
0.063962
0.078569
0.10224
0.04745
0.11396
0.13904
0.13705
0.13013
-0.003736
0.054625
0.1115
0.1393
0.13052
0.070886
0.096704
0.14433
0.16816
0.16657
0.13379
1.5209
-0.6995
-0.73233
0.21312
0.02884
0.37601
-0.12224
-0.06336
0.35023
-0.0091877
0.093374
0.33077
0.34859
0.30389
-0.45538
0.34845
0.039911
0.081328
0.071543
0.089628
-0.10439
0.10481
0.037619
0.026409
0.092302
0.17713
0.20238
0.16741
0.14409
0.16336
0.31588
0.11256
0.092399
-0.076793
-0.034829
0.10825
0.12813
0.10725
-0.0018643
0.10108
0.1433
0.22815
0.17723
0.054358
0.1048
0.098249
0.078033
0.094771
0.0048896
0.064641
0.16116
0.16974
0.15297
0.066271
0.15208
0.2099
0.18611
0.14403
0.035121
0.08668
0.16392
0.19288
0.19724
0.012766
0.047572
0.090137
0.11516
0.1192
0.065167
0.076948
0.14233
0.11086
0.11202
0.040773
0.083983
0.14009
0.13123
0.13816
0.11121
0.049092
0.052953
0.055812
0.17437
0.16583
0.12269
0.043931
0.11603
0.12073
0.11869
0.15928
-0.023106
0.0037587
0.10413
0.085057
0.086393
-0.020155
0.15051
0.18229
0.25767
0.2266
0.23079
0.028529
0.099299
0.071082
0.070488
0.19858
0.12286
0.10084
0.078837
0.17363
0.14735
0.080189
0.18964
0.092654
0.12691
0.166
0.10666
0.16481
0.1668
0.22012
0.15575
0.03544
0.049519
0.04174
0.057945
0.08714
0.13976
0.0073714
-0.0058565
0.08021
0.12597
0.17961
0.084451
0.049753
0.10859
0.095982
0.13766
0.0355
0.12963
0.13448
0.15346
0.18872
0.041443
0.1311
0.14916
0.17656
0.12608
-0.010111
0.026641
0.11195
0.13328
0.13934
0.060277
0.096886
0.12651
0.092288
0.087127
0.041091
-0.046786
0.015511
0.16868
0.19335
0.20709
0.030818
0.018781
0.11184
0.13257
0.179
0.14312
0.13738
0.18374
0.075477
0.091104
0.020614
0.10579
0.074757
0.11272
-0.15153
0.014076
0.056034
0.13323
0.22888
0.14387
0.11677
0.16651
0.20063
0.21242
0.15658
0.14512
0.022419
-0.010137
0.064252
0.12563
0.085083
0.19905
0.25618
0.099644
0.016144
0.016278
0.00080035
0.062245
0.13515
0.08482
-0.049029
-0.26312
0.19798
-0.10325
0.12038
-0.0030353
0.01036
-0.013051
-0.022106
0.41299
0.75473
0.54104
0.64796
0.33111
0.017724
-0.22316
-0.42715
-0.50942
0.05285
0.35118
0.0012513
1.2136
0.83248
-0.70493
-0.24457
1.0047
0.94483
-0.43271
-0.44585
-0.015321
-0.24461
-0.56186
-0.2537
-0.49748
-2.2697
1.8015
-14.351
6.5049
-1.8382
4.1307
-6.8889
1.1245
6.4001
-6.3039
-2.5577
0.1233
-1.142
0.71904
9.6043
5.9934
6.2467
-0.18315
-1.0101
2.7
0.81914
2.251
0.86839
1.0912
1.0913
0.87445
0.35645
0.02475
-0.96098
-1.6006
-1.8491
-0.30919
-1.0097
1.3025
-1.2639
-0.9381
-2.6192
-1.6731
0.28961
1.0404
0.37977
-0.64964
-0.97639
-1.6574
-0.015873
0.014851
-0.23279
-1.079
-2.7578
-4.1354
-3.8009
-1.8902
1.9254
-8.3045
-6.9359
-7.3413
-3.7217
3.3775
-5.4605
-5.8195
-2.9724
-1.0505
0.64045
4.1685
4.613
3.3906
2.9403
2.3862
1.4259
1.942
1.0134
1.7834
1.3259
1.3265
1.2641
0.349
0.68347
1.4453
0.84247
-6.1508
-10.274
-2.4313
-4.2312
-3.9461
3.3133
7.3779
3.8151
7.5976
8.0975
2.2712
-8.4109
-1.7461
7.7278
8.0203
-2.711
1.4948
-0.46795
2.7205
2.9796
5.1779
-0.16118
-0.53682
-1.6016
-3.1976
-2.8627
-0.59979
-9.3864
-5.3277
-4.3141
-1.3581
1.8333
3.1385
-2.4591
-1.3026
-1.8671
-3.8043
-2.4271
-5.6226
-5.1983
-3.8706
-1.1001
-1.6763
-2.1695
-2.1013
-1.2047
-0.12336
-0.23744
-0.4452
-1.4067
-1.274
-0.24876
0.095108
0.4428
-0.046391
-0.87683
-0.47563
0.044563
-1.3629
0.14532
0.5247
-3.5028
-12.475
0.30323
-1.5594
-0.54105
0.68566
2.3775
3.3167
4.2988
3.0333
2.8344
2.3833
2.0307
1.5889
1.3977
2.1213
0.13311
-1.0541
-0.86636
-1.4587
1.3231
-0.61649
2.8369
-2.2222
-6.2203
-6.5485
2.909
4.0585
3.1168
1.3694
1.6695
4.9279
2.9831
0.029395
-3.8599
-17.166
-17.182
6.9063
1.6738
-1.9965
2.5761
2.1823
1.4052
-1.4811
0.38168
1.6382
1.1404
-0.49073
-5.4235
-5.4179
-4.9776
-4.9664
-0.031606
-3.2876
0.81729
4.2691
4.4108
0.36871
-2.6244
-2.2762
-1.4737
-1.1994
-1.6611
0.033693
-0.26543
-1.3847
-0.26832
0.95816
1.3936
1.5621
-0.93079
-1.8683
-0.65436
-0.7628
-0.45788
1.2026
1.2494
0.45181
0.9767
-0.62456
-1.1583
-1.7062
-2.7774
-0.20511
-2.2588
0.042293
0.11141
-0.43628
-0.91284
1.3942
1.7379
2.6166
4.2235
2.3384
3.3665
2.9069
2.5348
1.5435
1.9317
2.0194
1.7683
0.6353
0.57677
3.8554
9.1398
1.3372
1.797
-4.7088
2.5117
-7.4148
-1.2864
-0.809
-2.0586
-0.51933
4.9531
-4.0555
-4.398
1.5621
-12.893
-9.1889
-9.0042
-3.3513
12.873
-2.7904
-0.88374
-2.8776
-3.6712
-5.1492
3.3659
-0.89713
1.568
1.639
-2.9178
-3.8227
-2.4352
-4.3621
-4.4201
-2.2775
-3.3281
-0.23328
1.5498
1.7149
-1.832
2.1301
1.3954
1.5096
1.0145
0.81179
0.61796
0.3826
-0.9566
-1.3877
-0.56583
-1.6845
0.59407
0.11816
-0.16596
0.27865
2.3015
1.3875
1.8996
0.97629
-0.6224
-0.38108
-2.4909
0.51749
0.42551
-0.20979
0.61713
-1.7727
-6.0516
0.89309
1.4523
0.98424
0.6522
1.8937
1.8581
2.0233
1.9257
1.5156
1.7429
1.6685
2.3532
0.77172
2.0147
2.7214
1.9093
-0.20038
1.5305
15.114
-2.145
11.868
11.437
-4.6844
1.7453
-10.556
-3.7412
-3.7081
-2.2059
-9.4261
-2.3617
-1.033
-1.3637
5.8077
-9.4003
8.6744
3.1632
3.2622
-4.3061
0.31207
-2.4861
4.6583
4.4016
2.5982
-0.20147
-0.26139
1.4025
-0.60483
-1.683
-2.1638
-2.3091
-3.1996
-0.28484
-1.3776
-0.5835
-0.2067
0.069059
-0.22468
-0.89815
-1.7292
-0.80115
-2.7668
-2.5859
-1.9278
-0.90688
-0.85199
-0.60338
-0.42041
-0.29211
-0.18124
0.26617
1.3764
2.0106
2.4721
2.445
2.2976
2.0742
1.3687
1.1761
0.99651
1.0893
1.0692
0.97436
0.70761
0.23969
-0.30565
-0.38343
-0.8257
-0.86754
-0.898
-0.77496
-0.76899
-0.6946
-0.70172
-0.67396
-0.6225
-0.50063
-0.60507
-0.61801
0.028779
-0.012758
0.39623
0.1101
0.14701
0.41059
0.27134
-0.0091439
-0.026212
-0.027243
0.018264
0.59547
0.2129
0.33984
0.22261
0.36699
0.3383
0.24454
-0.16225
-0.078671
-0.44066
-0.20212
-0.10758
-0.050776
0.018909
0.037318
0.0090568
-0.083612
-0.14048
-0.31193
-0.24059
-0.12282
-0.072497
0.20668
0.079737
0.26055
0.22071
0.23809
0.052753
-0.013476
-0.071135
-0.087514
0.036076
0.23411
0.16823
0.13968
0.079351
-0.032578
0.01424
-0.065721
-0.052036
-0.065785
-0.076438
-0.10491
-0.19739
-0.086346
0.0066566
0.090252
0.059986
-0.012387
0.051372
-0.0049047
0.0048403
0.001962
0.051188
0.064253
0.122
0.053327
0.057928
-0.07908
0.027904
0.018371
0.11903
0.11918
0.058913
-0.034083
-0.014411
0.00038154
-0.053083
-0.10379
0.027355
0.014444
0.075928
-0.0065535
0.00060993
-0.055566
0.050735
0.043284
0.14764
-0.043729
0.056169
-0.0078968
0.010223
0.090127
0.0082305
0.00564
-0.010423
0.014635
-0.05349
-0.035717
0.017421
0.07718
0.025578
0.094302
-0.032405
-0.0063345
-0.018401
-0.024031
-0.037492
-0.051897
0.12712
0.091138
0.070395
0.022972
-0.0048376
0.040278
-0.058678
-0.048471
0.03101
0.0088856
0.019151
-0.10134
-0.0018636
-0.034773
0.024154
-0.019
0.0055678
-0.12584
0.049241
0.05011
0.11481
-0.019121
0.018428
0.049497
0.13975
0.04023
0.076577
-0.1315
-0.028244
0.016362
0.025156
-0.09728
-0.037886
-0.079547
0.036216
0.16423
0.1096
0.15316
0.080038
0.0062269
0.052128
0.015774
-0.076745
-0.0068237
0.040452
0.15424
0.031333
-0.086655
0.076772
0.068843
-0.047211
-0.074143
-0.015387
0.076241
-0.012978
-0.03065
0.08743
0.088836
0.10345
-0.057178
-0.066616
-0.00025922
0.088056
-0.02431
0.018212
0.044165
0.14742
0.043813
0.1065
-0.080171
-0.032668
-0.085136
-0.040886
-0.031312
-0.0757
0.0055587
0.003744
0.11805
0.15437
0.12104
0.079999
-0.096675
-0.08089
0.020047
0.09841
0.11881
-0.033826
0.036208
0.071719
0.026576
0.039077
-0.060679
-0.01984
-0.04487
0.023024
0.039785
-0.017318
-0.058864
0.038681
0.097767
0.088918
0.056187
-0.046281
-0.033161
-0.049028
-0.06897
0.0097585
-0.11077
0.020615
0.058101
0.09162
0.085336
-0.04482
0.38407
0.77464
-0.52668
0.33785
0.033201
0.4383
-0.41469
0.40868
0.11501
0.60183
0.10232
0.63948
0.1273
0.12982
-0.3879
-0.17682
0.21426
-0.24411
-0.11775
-0.11115
-0.20865
-0.2145
-0.19431
-0.028555
0.0086882
-0.046513
-0.18765
-0.059996
-0.061272
0.34716
0.065705
-1.312
-0.6759
-0.42475
-1.3924
-1.0682
-0.53374
-5.066
8.2194
-4.307
5.8651
4.312
2.9192
1.6355
1.4328
1.9259
-0.19819
1.3476
-0.90799
-1.6603
0.26303
0.3621
0.56222
0.9939
0.90048
-0.3082
-1.3519
-1.8748
-2.4547
-2.5402
-1.1411
-3.8262
-1.7034
-0.15606
1.1779
0.036986
-1.7003
-1.3822
-1.2881
-0.74667
1.1998
1.7828
1.9815
2.5017
2.2356
1.5784
0.75683
0.89004
-0.59106
-0.53189
-0.40744
-1.0961
1.0109
1.7699
9.8667
-5.7407
-0.60094
5.5464
5.9657
-4.301
4.0091
-2.5327
4.4624
2.3027
-5.0664
2.251
-0.18767
6.8693
-0.065761
0.52349
4.751
4.1904
1.4838
2.2107
4.7612
4.2325
3.1169
1.4477
-2.8382
-4.5841
-3.1012
-4.0731
-3.6437
-3.3012
0.92249
-0.31724
1.3136
0.090537
-0.75354
-0.84027
0.12327
0.93164
0.64817
0.0044625
-1.234
-1.7626
-1.0692
-1.4227
-1.4487
-1.3798
1.2167
1.1817
0.80262
-0.30502
-1.4239
-3.5793
0.3785
-2.6997
1.1221
-3.3804
1.2417
-0.40555
1.6033
2.6657
2.44
3.3422
3.3938
2.4438
2.3342
1.0062
0.24342
-0.3563
-1.4177
-0.76124
1.0195
0.38615
1.971
10.944
0.4732
-1.7818
-2.0204
-1.1974
2.4841
-4.0035
6.9211
0.51813
1.0419
-0.41382
-9.1047
2.8734
2.8362
2.5783
-0.77101
4.9781
-0.53276
0.50736
0.51799
0.62596
0.4919
-0.80492
-1.8315
-2.8514
-1.8002
-1.7722
-4.2635
-0.95086
-2.0188
-0.50647
2.0067
0.36929
-0.2648
0.12471
-0.26704
-0.1588
0.10145
0.6443
1.2516
1.899
1.4541
0.2203
-0.87882
-0.34598
0.073099
0.70766
0.65454
0.64819
0.30531
-2.0399
0.65329
-0.65929
-0.29145
-0.14461
-1.9507
-1.2455
-0.54883
0.087338
-1.3117
-0.76399
-0.034171
1.4953
1.9927
3.3426
2.1039
3.1321
1.2128
1.0499
0.74955
-1.603
-1.7886
3.233
3.0754
0.36169
0.86738
-0.079315
7.0438
5.1018
1.9377
-5.7778
5.9799
4.5055
2.8824
-10.683
6.1802
1.7693
1.6775
-8.2626
11.777
-2.0358
5.3766
1.017
3.3699
0.93473
0.42539
-0.32662
-0.9951
-1.8075
-2.1835
-2.3639
-1.2891
-1.0389
0.24789
0.50701
0.11075
1.084
0.63823
0.7696
1.0773
0.95861
1.2373
1.0927
0.70857
0.14199
-0.60545
-1.256
-0.93971
-0.72815
-0.56586
0.074991
0.37691
-0.048279
-2.2654
0.51722
0.2953
-2.0329
-3.3064
-1.0515
-1.7548
-1.9342
-0.64041
-1.0461
-0.45676
1.0595
2.3334
3.6345
2.8553
2.975
2.0408
1.0837
0.086643
0.94736
-1.6908
-0.63288
-1.9556
-1.6444
2.5529
7.0626
-11.808
4.0054
3.7733
3.3319
-5.2456
-1.1891
-0.63587
-2.2965
10.989
-9.0967
2.0352
9.9646
10.525
-8.8027
5.217
-1.6525
3.9868
-3.7287
0.93814
-1.2181
-0.63412
1.4772
0.16387
-1.0347
-0.52059
-2.7252
-2.2052
-2.9347
-2.3443
-1.2263
-0.54389
0.2938
0.75419
0.93872
1.4918
1.0964
1.1441
1.0081
0.72925
0.52105
-0.62649
-0.19908
-0.76996
-0.65488
0.71323
1.2677
1.0065
0.20458
1.2827
-0.93234
-0.28971
-0.88912
-0.54149
0.38197
-0.76958
-3.4497
-0.044891
-0.28573
-0.19986
-0.87525
-0.69502
0.26697
1.1164
0.94853
1.1064
3.215
2.5317
1.2443
0.36567
0.90465
1.072
-0.97322
0.29242
-1.4889
-0.75468
2.0543
5.0028
-5.7415
-0.26298
4.9075
0.91613
-4.2195
6.7718
0.99948
0.86722
-1.1841
-0.086246
-6.6288
4.3749
-9.0613
-5.822
-0.92134
-1.4534
-7.0908
8.1741
-3.8947
0.091247
2.5474
1.4782
0.99615
-1.1511
-0.24325
-1.9991
-1.9486
-3.376
-1.9793
-2.1601
-1.1636
-0.36502
0.025538
0.62826
0.85828
0.99442
1.4313
0.55334
1.1172
1.3624
1.5465
0.74845
0.14624
-0.84015
-1.2523
-0.28469
-1.0288
-0.39612
0.14519
0.69254
1.0238
-0.11653
-0.6729
-1.0041
-0.46596
-1.4281
1.487
-1.9266
-1.3579
-1.9797
-1.5523
-1.1057
0.77859
1.6506
1.1169
2.7324
3.9415
3.2971
1.5201
1.5777
-0.11811
0.50133
0.26207
-0.080693
-0.2904
0.060172
1.031
-2.1536
3.5142
-5.6963
-1.9119
-8.6139
5.7382
-5.7707
1.0387
5.7815
7.1863
-8.7984
5.6032
-8.2697
-3.1534
-6.7281
2.4122
-7.8265
8.1273
-4.0914
4.8669
-1.6359
0.71652
0.62527
1.0701
-0.8023
-0.74536
-1.6094
-1.4455
-3.2553
-3.3369
-1.9956
-1.0476
0.60625
0.066408
1.2005
1.3609
1.1133
0.10332
1.3279
0.70056
0.94646
0.85776
1.2607
0.10274
-0.74315
-1.1817
-1.4108
-1.678
0.29094
-0.19223
1.0587
1.3403
0.74535
0.60824
0.5499
-0.51089
-1.3787
-3.1302
-1.4172
-1.5108
-1.8866
-1.6158
-0.21294
0.33793
1.2925
2.2984
2.3813
0.83408
1.8002
0.88092
1.5801
1.9965
0.86505
1.5223
0.85416
0.20018
-0.47929
-0.94774
-1.5499
2.2494
-5.2342
-4.471
2.3062
3.6016
-6.5233
5.07
1.5645
-0.61122
-0.88099
4.2674
-8.7134
-8.7834
-4.3165
2.5131
-9.8407
-0.39261
2.0523
2.136
1.99
1.3123
-0.53332
-0.94597
0.21533
-2.1385
-3.1211
-3.1479
-3.7677
-2.8521
-0.63088
0.50178
0.82378
0.67817
0.79279
1.2257
1.3678
0.16367
-0.03251
0.15691
0.53828
0.65854
0.097122
-1.5343
-0.22118
-0.45972
-1.3177
0.55644
-0.019214
1.1684
1.8708
0.58256
1.3994
-0.8199
-0.80808
-2.4838
-2.247
-2.6346
-1.538
-1.2957
-1.9728
-0.25589
0.97484
2.6768
3.6506
2.594
2.5745
2.3235
2.2532
0.5752
-0.38188
-1.0852
-1.0272
-0.45301
-2.0869
-1.5007
3.1131
-9.0244
0.51408
5.4647
-9.9464
4.0789
-4.6701
4.2101
-0.29352
-5.7955
-3.3921
-2.8544
1.548
6.2103
6.4856
-0.16532
3.0488
-1.8121
-1.25
-0.72083
-0.069767
2.0577
0.44321
-0.70296
-0.12658
-1.2832
-3.1178
-3.5185
-2.4124
-3.0202
-1.3825
-1.7017
0.86215
0.41154
1.4142
1.6781
1.7782
1.0393
0.38958
0.58975
1.0248
0.58511
-0.65984
-1.0344
-1.4772
-2.0124
-1.5869
-0.18416
0.65622
0.85222
0.99378
0.65563
0.80209
0.14438
-0.3452
-1.981
-2.6102
-3.0091
-1.1132
-1.1477
-0.94583
-0.50348
0.51148
0.50918
2.0715
2.7636
3.0492
3.7845
3.2766
1.0087
1.6955
-1.3489
-0.38681
-0.67327
-0.43428
-1.9881
-1.0175
-0.92599
-6.0717
4.3014
-0.86384
-5.1484
-4.2484
5.1408
-0.55867
-6.2982
8.1575
0.64295
-5.9415
-5.6312
-0.92212
-4.4537
12.396
0.6421
2.2989
1.9241
-1.3887
-0.95824
2.2796
-0.82343
0.74551
0.0338
0.41861
-1.7272
-2.1246
-4.1351
-2.3641
-3.8107
-1.159
-1.6889
1.5559
1.4898
2.8316
0.38184
2.3559
1.7024
0.29222
0.67889
0.50991
0.48724
-0.45495
-0.96037
-1.0523
0.60856
-0.53414
1.1259
1.0751
0.63932
-0.63287
-0.56654
-0.43468
-1.1392
-1.0005
-0.26289
-1.7499
-2.0916
-2.5017
-0.044888
-0.1274
0.13422
0.90424
2.3245
3.2631
4.0854
2.1278
1.3885
0.88883
0.90496
1.1591
0.14697
-0.46237
0.049147
-0.58512
1.2782
4.58
-2.4923
-3.9773
-3.7215
-8.263
4.4886
-4.152
6.4959
-4.8843
4.3585
-3.7099
-8.847
8.0019
-10.847
9.1874
-4.7477
4.0423
1.6875
2.4413
-2.4241
1.5929
-0.28729
0.08207
0.21296
0.77387
-0.12771
-1.5768
-1.9244
-1.8322
-1.5946
-2.5206
-0.8054
-1.3196
-0.60163
1.1264
0.092136
2.2523
1.5313
1.073
0.35997
0.7267
1.0803
1.5066
0.79299
-0.34635
-0.18113
-2.1111
-0.75446
-0.42994
0.87409
-0.053196
-0.35784
-0.84397
-1.2689
-0.67724
-1.651
-0.98097
-0.75032
-3.4554
-1.9524
-0.87619
-1.2276
0.59905
1.5742
2.8723
2.0165
2.3297
1.8498
1.9089
1.4582
0.5373
2.2596
-0.069414
-0.08625
0.015159
1.3422
-0.50018
-0.61936
-4.7388
-11.527
9.868
4.5922
-5.3358
4.6203
0.10248
2.1454
2.3243
-0.25205
-7.6459
9.5314
-5.5701
-3.8036
-7.708
3.8299
-5.1521
-1.4581
1.6382
-3.071
4.9078
-2.5079
-0.75435
0.64111
-3.4274
-4.7514
-0.094891
-3.6252
-1.0812
-2.8125
-5.7637
4.5956
-1.3439
-0.24491
2.924
1.1999
1.302
-0.52848
-0.010516
-0.65213
-0.36986
-0.97423
-0.71164
-0.045605
-2.3794
-3.2414
-5.8884
2.1754
-0.060342
2.4894
-1.4933
-1.7352
-1.4638
-2.3947
-0.95846
-0.71094
4.2723
0.49596
-5.501
-2.22
-7.5132
-3.8684
-1.4134
-3.6555
-3.1139
-0.60079
0.90188
2.5329
3.4618
3.759
2.384
1.2121
0.60506
0.26099
0.53512
0.58149
-2.1223
1.5199
-2.6028
0.44288
-3.2034
1.2701
1.5397
-1.7766
4.1898
3.7052
-0.60572
-5.1898
-4.3494
-4.1838
7.378
7.1074
-5.0744
1.1342
5.6064
-0.11313
0.98462
3.7794
3.3783
2.443
2.6832
2.5703
3.1094
1.8606
-0.17673
-2.1726
-0.53014
3.6716
0.016337
1.8192
1.8976
-5.8463
-5.0281
-0.22966
0.85701
3.0167
1.3452
1.2033
-1.0443
-1.2872
0.99721
-1.5468
-1.4195
-2.2272
-2.6699
-0.32876
-2.7569
0.52663
-2.2675
-2.0458
-0.40137
-1.2039
-0.8583
-0.52989
-0.9293
-0.64472
-0.67069
0.94399
-10.939
-11.041
-3.4104
-8.6707
-0.2119
-3.7167
-2.191
2.1727
2.7126
2.701
3.9992
3.4624
2.2048
2.3237
1.3336
0.97847
0.81142
1.3525
2.2867
-0.1309
0.88172
0.84659
1.7349
1.7904
-1.0554
-4.9212
-5.2002
-0.85682
-8.4248
-5.5412
1.0885
1.714
6.7366
-1.4813
3.8708
5.5958
4.2326
-10.993
3.2003
-0.47427
3.4355
4.0743
2.473
3.0163
2.8167
1.3117
0.59193
0.15612
1.4917
1.0607
-1.7781
-2.3529
1.5524
1.6453
5.3407
1.027
-7.8833
0.96167
-12.485
-2.026
-2.4576
-1.4865
3.4411
3.3503
-3.3448
0.32888
0.039131
-1.3961
0.35745
-0.8734
-0.40763
-0.83325
-1.2366
-2.0313
0.087625
0.13014
1.2505
2.0902
2.5086
0.99553
-0.13514
-0.62236
-2.6515
-2.7661
-1.824
-2.2619
-1.5115
-0.0056294
1.0945
1.2256
1.1019
0.13603
1.1311
1.941
2.4758
3.1464
3.0482
3.03
1.5403
1.5134
0.88458
0.65395
-0.18938
-0.5024
0.49654
-0.38497
1.5631
2.4269
6.4543
-7.6822
9.5931
9.9413
3.9054
0.99653
2.0246
5.9715
5.5621
-11.185
2.1889
-13.994
5.9457
-1.5484
1.6614
0.14779
-0.57521
-2.3621
2.0367
2.2918
0.60788
-0.22845
-1.7819
-1.9136
-2.6833
-3.3633
-2.4262
-0.84991
-1.8007
-1.5921
-2.5908
-0.4365
2.9947
1.6635
1.0616
1.3801
1.2439
-0.19867
0.60689
-0.74931
-0.13093
-0.45117
-0.56465
0.13885
-0.16706
1.0886
1.9606
1.4297
0.88178
0.98045
0.23271
1.063
-0.85167
0.55524
-0.83828
-0.7839
-1.5165
-0.35872
0.13185
0.64736
1.1419
2.1995
1.9599
1.7023
2.1072
1.3591
0.18498
-1.7735
13.394
1.4365
1.3813
-3.0077
4.5105
5.1152
-2.2731
-1.8057
8.196
-2.0272
4.909
-6.9006
-7.8718
-3.688
-10.288
-2.3326
-5.3114
-2.606
-4.9604
14.163
2.8757
3.4592
1.3573
-3.0275
-0.78929
-0.91898
0.73853
1.0481
-0.19715
-0.35421
-1.4174
-1.8252
-3.1762
-3.7905
-0.93878
-1.2106
0.94085
0.28722
1.9911
1.498
0.46803
0.148
0.71273
0.719
-0.16506
0.44765
-1.6748
-0.62668
-1.823
0.56415
0.37654
1.8016
1.4301
2.403
-0.0085877
-1.5546
-2.5425
-2.8352
-3.723
-1.9381
-2.5245
0.22505
-2.2453
-0.95839
-0.79692
-0.64515
2.0034
3.7912
4.5894
4.3865
3.0632
2.6446
1.4682
0.52466
-0.67253
-1.2077
4.7293
5.1855
11.253
1.0401
-3.4762
-1.6481
3.4909
4.3319
9.4342
-0.94442
8.4732
-7.2967
-9.2936
4.5892
-9.3023
-2.3669
-2.1573
-9.0906
-1.0852
-4.5536
11.052
2.4904
2.0261
1.6633
1.5904
0.13092
-0.97425
-2.4836
-3.8334
-4.7514
-2.9505
-2.3259
-0.60237
-0.61596
-0.99437
-0.62935
-0.22401
0.34855
2.3433
0.37999
0.38856
0.81313
1.089
0.92382
0.46005
0.37897
-0.78013
-0.65731
-1.5313
-1.0082
0.025565
0.77947
0.99025
0.10938
-1.0412
0.34781
-1.1224
-1.2491
-1.0882
-0.6233
-0.50723
0.25216
-0.86108
-0.38233
0.96319
1.9485
2.3613
2.4527
2.5298
2.4332
1.8504
1.1992
0.48689
-0.52176
-0.84746
-1.038
1.1449
4.1642
4.1561
3.7529
-6.1206
3.7797
3.6326
0.87555
-7.0667
5.2725
-2.8212
-3.2047
-7.8941
0.038635
-6.5607
9.0812
-3.2602
6.6157
-4.081
3.8897
-3.1189
0.09628
0.66435
1.3134
2.4626
-0.4452
-1.2694
-1.0432
-3.264
-3.9512
-3.7748
-2.1718
-1.6368
-0.89574
0.27114
-0.099715
0.6553
0.11358
1.2678
1.5851
1.6351
-0.66633
0.82549
-2.5519
-2.3953
-2.237
-0.9983
0.2214
1.1898
1.7801
1.8555
1.0206
-0.0262
-1.6277
-1.793
-1.3134
-1.0989
-1.3195
-1.9562
-1.9431
-0.29368
-1.5781
0.37935
0.22413
0.615
1.4535
1.3902
2.23
2.4738
2.5464
2.9237
1.3024
-0.14419
-0.95422
0.2145
-5.3785
-5.19
1.6488
-0.44269
2.1678
-0.77388
3.0003
2.7569
7.6504
3.1285
-9.8377
-10.598
-1.5321
-1.6881
-9.4263
4.4068
6.1109
12.229
11.552
-4.8552
-0.55
-0.19462
-0.29994
0.36807
2.1395
0.4327
-1.7244
-3.4599
-2.8952
-2.2475
-1.6489
-0.58421
-2.3168
-1.4928
-1.0444
-1.6591
0.66912
2.6294
0.15341
0.93995
0.85542
0.1795
0.46836
-0.029929
-0.35758
-0.74438
-0.56316
-0.29748
0.31425
1.246
1.1314
1.825
0.69859
-0.1661
-1.0283
-1.7571
-1.4084
-0.45264
-0.80555
-1.23
-0.91686
-0.23648
0.92039
1.2484
2.1969
2.9819
3.146
3.0238
1.6559
2.7272
1.7479
-2.6809
-2.0451
0.15586
3.2504
3.587
8.619
-12.382
4.3773
3.5164
-10.3
-9.7084
11.437
-1.5543
-2.3975
-2.7582
3.9177
-1.2817
-10.326
3.5572
4.7147
-14.834
0.43841
5.5255
0.12078
0.39714
0.18267
4.1521
0.18349
0.4684
-2.1196
-2.1181
-2.9544
-4.4606
-2.6722
-2.4433
-1.4361
-2.0088
-1.4119
-1.1455
-3.3541
-2.2402
2.7037
0.22707
0.081391
1.0612
-0.28401
-0.10858
0.39709
-0.42442
0.1867
-0.52667
-1.4271
-0.9626
-0.82904
0.77295
-0.46117
0.3187
-0.20543
-0.59709
-0.12281
-2.8975
-2.6326
-0.9833
-0.20764
-0.208
-0.97322
0.11191
0.80253
0.99097
1.8984
2.8413
3.1513
2.351
2.4958
1.8236
1.9218
1.2285
0.1639
-0.39163
-1.0259
-0.27909
6.052
6.289
-5.3528
0.26791
-3.3938
-0.45637
3.1295
4.0913
-1.3258
4.1168
-5.1402
-4.8464
-7.5125
-7.5269
0.93095
1.6686
0.67864
-1.0331
-1.2791
-0.82757
1.7382
2.4444
2.4303
-0.78931
1.4586
-1.802
-3.0977
-4.3175
-3.5906
-2.7732
-0.81816
-0.12808
-1.0419
-1.0456
1.3355
1.015
0.40996
1.2176
-0.28456
-0.15427
-0.54564
-0.45464
0.13419
0.85776
0.25945
-0.92373
-1.1729
0.31098
-0.70068
0.74816
0.18675
-0.20059
-1.3061
-2.5598
-2.7214
-1.9352
-1.6223
-0.63075
-0.13053
0.0015972
-0.58746
0.14065
1.1836
1.6599
2.2751
2.0195
3.0931
2.3507
2.066
1.6895
1.7054
0.87006
1.2754
0.28085
-0.17408
-0.56112
2.259
6.0801
1.8151
1.3553
-3.0816
1.2752
1.3744
6.0551
6.6102
1.203
8.1299
3.0812
-10.797
-2.1337
-3.7007
-11.707
0.36228
2.4861
1.6618
-1.7498
-1.4661
1.4838
2.8945
0.65541
-0.18387
-1.2044
-0.055269
-4.676
-4.1384
-3.8364
-3.7576
-2.3485
1.1048
-0.24793
-0.12038
-0.6172
-2.7451
-3.5188
2.411
5.3658
2.8478
-0.59378
0.45977
-0.12737
0.19477
0.24682
-0.92247
-0.32241
-0.7009
0.96887
-0.1021
-1.1604
-2.6845
-1.9727
-1.9377
-1.3442
-0.56395
-1.3646
0.84819
-0.74671
2.0476
-2.0121
-1.7577
-0.12887
1.4748
2.0282
3.1953
1.7976
3.8003
1.687
2.5164
1.7844
1.1919
0.87399
-0.32246
-1.0145
-1.6423
2.9988
11.017
7.9249
-8.2583
-7.4791
0.38437
0.31568
1.1426
7.2389
3.361
2.9236
-9.2214
0.57206
3.0963
12.141
12.038
-4.5372
4.559
-3.4699
-0.056509
-1.2179
1.8312
2.4839
1.4194
-0.9885
0.76058
-1.9457
-4.1567
-2.6328
-2.1978
-2.2869
0.19424
-1.5475
-3.7021
0.37175
-0.12318
0.44687
0.06505
-0.26818
0.30569
0.60957
-0.0070541
-0.46615
-1.221
-0.054355
-0.35888
0.77424
1.2292
-0.24611
-0.75339
-0.98866
-1.0345
-1.3466
-3.1223
-0.49853
-1.8488
-0.8207
-0.50036
-1.1169
-0.95012
-0.27126
1.1214
0.031708
0.44954
3.6646
0.65033
0.95256
1.3466
2.1208
2.3577
1.5096
-0.43404
0.85832
3.6108
10.839
-13.113
4.7512
0.83142
0.34575
-1.7282
12.745
4.5601
9.69
-9.3041
1.9319
1.4566
-6.3642
-3.3747
-9.2124
4.6541
-8.1251
10.772
3.4373
0.01916
0.77732
1.0879
1.2554
0.84154
0.22546
0.079472
-2.3361
-3.7252
-2.7872
-2.3459
-2.7516
-1.3569
-1.4348
-0.74673
-4.4196
3.6036
0.57467
0.92692
-0.24186
0.57701
0.14103
0.9768
-0.15292
-0.23492
-0.97412
-0.1015
-0.061484
-0.72424
0.62089
1.0152
1.101
0.34421
-0.46697
-1.3631
-1.5305
-4.4959
-3.8679
-0.8194
-0.19092
0.56725
1.317
1.7751
2.2751
2.9012
2.7541
3.0056
2.6313
2.4291
1.716
1.2365
0.33498
0.6456
-0.97235
-1.2042
3.9283
11.501
-4.3795
-4.3471
4.1412
-2.326
-2.2589
3.0476
3.4812
3.9985
-1.3571
6.6974
4.1784
3.5776
-15.572
-4.0586
-14.502
-2.3681
-2.2608
2.8245
-1.506
0.8762
-0.15152
0.096649
-0.11977
1.3017
-0.011162
-0.68958
-1.5299
-0.58386
-1.9362
-3.3878
-2.4607
-1.8595
-0.91621
0.58171
-1.6101
0.90519
-0.69151
-3.6901
0.64648
5.5848
-2.6082
3.1581
-1.3965
-0.25251
-0.32057
1.6173
0.11117
0.68347
-0.95594
0.17012
-0.60791
0.48934
0.49114
0.8823
0.78303
-0.35648
-0.28454
-1.9977
-3.084
-1.6711
-3.3505
-1.1942
-0.52425
-0.99453
-0.79111
-0.13676
-0.18824
0.44166
1.5348
1.3422
1.6249
2.913
2.9297
2.3088
1.9163
2.5884
1.6476
0.78071
0.090729
-0.71566
-0.69264
-0.93378
1.6437
5.0979
2.8461
-2.2312
0.086874
-0.063064
-3.3448
-0.20695
1.6482
-2.2088
-2.5639
4.8127
-8.2839
-11.991
-7.0168
-6.6876
-15.548
2.8981
4.4049
0.57403
-0.62682
-3.5678
4.9318
-4.3309
4.294
1.9384
1.2882
-1.2068
-1.0329
-2.6224
-3.964
-2.7803
-2.9951
-1.5813
0.020863
0.48705
-0.23181
-1.174
0.79295
0.85475
1.2978
5.264
-4.2197
-1.0892
1.0501
0.9387
1.1217
2.0248
-0.72104
0.48197
-0.98794
-0.64259
-1.3165
-0.048531
1.863
1.9542
0.85852
0.067249
-0.099424
-0.97571
-2.0901
-2.3738
-1.9353
-3.0319
-0.95359
-0.61547
0.44316
-1.6744
1.7695
0.2656
1.5235
2.141
2.0564
3.1038
3.0005
1.8493
2.0889
1.5093
1.5235
0.65834
0.14965
0.29839
-0.49501
-0.61965
0.75935
7.2094
13.898
5.7888
-1.3857
1.8663
-8.2336
4.8745
0.046884
3.3046
-1.3967
6.8925
4.4454
-9.2715
-10.316
-0.53204
-1.7091
-0.36232
10.906
-4.1693
7.3084
-6.9123
4.1354
1.7619
-2.1619
2.2431
1.4497
0.82998
-1.9041
-2.1178
-3.5497
-2.6414
-2.7663
-2.5807
-1.5243
-0.80602
0.83752
-1.074
0.35803
0.15849
-1.794
-0.27746
2.9326
1.2458
0.059651
-0.36368
0.87388
0.11699
-0.10613
0.18986
-0.94444
-0.82841
-0.66895
-0.091234
0.95355
1.2647
1.2433
-0.085842
-1.1141
-2.2055
-2.7157
-4.5631
-4.3089
-3.4087
0.86616
1.5221
-0.32589
0.596
-1.396
-0.38471
-0.49702
2.0878
2.4083
2.5276
2.9052
2.9186
2.0813
2.2343
1.2583
1.46
1.0267
0.41736
-0.62232
-1.0325
1.1405
4.82
18.953
-5.2535
-0.43667
-5.5159
-3.4035
2.2773
1.5443
5.8415
10.15
-6.506
5.531
4.7784
-8.0528
-4.2705
-0.92765
-4.1833
-8.4197
10.31
-3.0748
-1.7075
1.7702
-0.8168
-1.5151
-0.16382
1.1834
-1.0407
-2.6402
-1.0372
-4.2798
-0.72852
-1.3449
-3.109
0.21246
-1.3135
-1.4653
0.41642
-2.4433
-2.1041
-0.98616
3.7336
-1.2641
2.8428
0.64353
-2.1129
1.7377
0.78808
0.6701
-0.74189
0.64824
1.1798
-1.6498
0.43801
0.12586
1.4843
0.74693
-0.043805
-0.87207
-0.98108
-1.3844
-3.1396
-2.0648
-2.3961
-0.34495
-0.32827
0.029999
-0.11654
-0.0097111
-1.0401
1.0789
0.78219
3.2333
2.9429
2.6795
2.2526
2.4369
2.0743
1.8957
1.1774
1.5911
0.5193
-0.58267
-1.5959
-1.0543
3.4664
16.56
0.67247
1.976
-4.9841
4.2156
-1.5837
6.5498
-0.77108
-1.3013
2.87
1.8847
-1.9019
-6.1267
-5.6331
-10.834
-3.0578
6.8293
11.055
10.14
-7.9197
4.575
-4.0008
-2.3199
2.0204
-0.12027
-0.21478
-0.41884
-1.0534
-2.4638
-6.0164
-1.308
-3.9387
-3.3957
-2.7218
-2.4484
0.60505
-0.61173
0.090731
0.4561
0.67302
1.5168
3.2788
-1.4155
-1.8023
0.19609
-0.62826
-0.57833
-0.26092
-0.65421
-0.76629
-0.55801
-0.30295
0.23908
1.0166
1.4266
0.49632
-1.2909
-0.91823
-1.5521
-1.2815
-1.4846
-2.2992
-4.9008
0.35552
-0.033699
-4.2034
-1.9165
1.0279
-0.86296
0.35682
5.1816
2.8118
1.9956
2.0303
1.6869
1.5136
1.039
1.1367
1.764
1.922
1.9889
1.86
1.7176
0.48197
0.87596
1.242
1.13
1.233
0.7425
0.20148
0.068
-0.046629
-0.24742
-0.5162
-1.3657
-1.1459
-1.5319
-1.6157
-1.52
-1.6369
-1.1609
-0.87967
-0.81374
-0.81436
-0.83449
-0.74142
-0.67157
0.38134
-0.993
0.26838
0.11921
0.095628
-0.0417
-0.18212
0.46288
0.28962
1.3142
0.74964
0.64282
0.63118
0.55381
0.48622
0.70819
0.4411
0.66408
0.50901
0.36483
0.057224
-0.057174
-0.10915
-0.36761
-0.3737
-0.34646
-0.31123
-0.11857
0.037687
-0.05688
-0.066549
-0.16888
-0.1175
0.060094
0.036983
0.074482
0.10841
0.055804
0.027012
0.073946
0.1427
0.11525
0.20359
0.28103
0.18833
0.2158
0.13642
0.16059
0.045533
-0.098942
-0.15817
-0.26467
-0.18426
0.098361
0.16516
0.26232
0.27187
0.21036
0.18591
0.16184
0.082188
0.035279
-0.0073059
0.060867
0.16618
0.075825
0.068649
0.042736
0.016095
0.0066237
0.01898
0.10112
0.15921
0.16094
0.23217
0.15356
0.096999
0.033042
0.022561
0.13596
0.08043
0.10478
0.094483
0.085758
0.040775
0.083684
0.099037
0.061826
0.11735
0.044888
0.043443
0.060692
0.054546
0.12536
0.20683
0.16223
0.16008
0.12284
0.13199
0.13366
0.11897
0.028912
0.057669
0.080028
0.053959
0.011441
0.015195
0.028604
0.06475
0.11308
0.1035
0.11846
0.016978
0.03252
0.030219
0.15572
0.2323
0.2028
0.23057
0.20501
0.10837
0.085251
0.013462
0.0044684
-0.024951
-0.039274
0.012084
0.040967
0.18628
0.234
0.18009
0.15079
0.10863
-0.094031
0.1276
-0.032543
0.012708
0.032068
0.053105
0.12866
0.13137
0.088591
0.096605
0.056291
0.021167
0.023893
-0.023563
0.070462
0.13373
0.082209
0.095512
0.072828
0.068492
0.028677
0.002495
0.027064
-0.01949
0.11718
0.069775
0.12453
0.094421
-0.016946
0.037434
0.084241
0.082284
0.10842
0.099436
0.078918
0.082013
0.12867
0.1849
0.19262
0.21179
0.10104
0.05243
0.027832
-0.019621
0.04388
0.07022
0.055271
0.067622
0.069248
0.14261
0.1657
0.15173
0.1259
-0.024512
0.067619
0.12764
0.1011
0.10614
0.0047639
0.041453
0.11873
0.068169
0.064483
-0.010702
0.074246
0.06231
0.039599
0.069694
0.065839
0.088336
0.18498
0.13884
0.092732
-0.032237
-0.0022909
0.037383
0.031665
0.058545
0.012789
0.070737
0.097637
0.089385
0.05036
-0.05461
-0.040731
0.046602
0.13707
0.18442
0.25234
0.41531
-0.61169
0.23462
0.24977
-0.38057
0.16505
0.22264
0.17538
0.23295
-0.16986
0.33712
-0.45088
0.45847
0.12165
0.33173
0.070162
0.084149
0.41007
-0.0049381
0.16163
0.020873
-0.068671
0.042607
-0.046052
-0.0011667
-0.05554
0.074498
0.067357
0.026558
0.025169
0.021822
0.10982
0.082521
0.12797
0.10271
0.072551
0.15447
0.077521
0.14321
0.045607
0.13469
0.13608
0.046369
0.11266
-0.09026
-0.0010346
0.041434
0.038269
