0.46363
0.41671
0.46973
0.46856
0.47354
0.43366
0.4695
0.46466
0.5063
0.46742
0.468
0.46427
0.41271
0.45571
0.50004
0.49493
0.50691
0.41693
0.45893
0.41972
0.46059
0.50904
0.46759
0.46357
0.47102
0.41998
0.50749
0.50126
0.46715
0.42271
0.4714
0.46041
0.46211
0.46483
0.47333
0.46106
0.48032
0.47681
0.44275
0.46255
0.45339
0.4545
0.46483
0.47526
0.47268
0.46465
0.50213
0.46665
0.4654
0.40479
0.44802
0.39382
0.41096
0.44927
0.46362
0.46663
0.46849
0.46904
0.46121
0.45778
0.46541
0.50034
0.39484
0.4587
0.45659
0.45267
0.46193
0.44925
0.39864
0.45259
0.4597
0.45731
0.45705
0.49242
0.46092
0.45309
0.45948
0.46205
0.46074
0.45595
0.46058
0.49457
0.45145
0.40126
0.44604
0.3975
0.45105
0.4448
0.44354
0.45219
0.41398
0.45187
0.4421
0.48642
0.45507
0.45599
0.42061
0.41664
0.46506
0.45887
0.4147
0.41676
0.45081
0.47411
0.46963
0.47439
0.4686
0.47251
0.4624
0.42446
0.45968
0.42375
0.47258
0.46977
0.46596
0.42695
0.46098
0.39739
0.45804
0.45284
0.44687
0.45779
0.46252
0.4674
0.45162
0.46053
0.45484
0.45008
0.41301
0.46448
0.46921
0.45891
0.42663
0.42104
0.44807
0.40587
0.46194
0.46139
0.45427
0.46768
0.51448
0.45845
0.49521
0.4523
0.44669
0.41315
0.46652
0.46668
0.46535
0.40966
0.46919
0.47226
0.45278
0.46117
0.41623
0.48944
0.46454
0.47422
0.50003
0.47237
0.47499
0.42643
0.46892
0.47707
0.46818
0.47366
0.47037
0.49677
0.46565
0.46294
0.47298
0.48287
0.46713
0.49179
0.46747
0.42244
0.46198
0.45716
0.46099
0.42976
0.46567
0.50482
0.4239
0.45974
0.46423
0.45386
0.45023
0.46276
0.47471
0.47558
0.42152
0.42884
0.43232
0.48154
0.45735
0.47776
0.47454
0.42325
0.43377
0.46631
0.41791
0.45574
0.46691
0.46878
0.46165
0.50811
0.47561
0.50729
0.45627
0.47164
0.46711
0.47877
0.43539
0.47221
0.46856
0.42802
0.46525
0.50958
0.46999
0.46814
0.51087
0.42821
0.51444
0.52191
0.42803
0.45958
0.46302
0.42044
0.52032
0.51023
0.47372
0.43257
0.41959
0.47206
0.4289
0.46647
0.42504
0.47071
0.46487
0.47824
0.47119
0.42389
0.4536
0.4198
0.46034
0.45566
0.4258
0.46171
0.47745
0.47581
0.47275
0.46305
0.46655
0.45905
0.49713
0.43171
0.43225
0.4748
0.4776
0.42512
0.47148
0.42147
0.45758
0.4721
0.47762
0.46462
0.47843
0.43299
0.47226
0.41481
0.42589
0.46533
0.50697
0.43574
0.48431
0.47318
0.51695
0.48326
0.47349
0.46433
0.47401
0.42858
0.4774
0.43479
0.43188
0.43074
0.46496
0.47418
0.50824
0.48413
0.47396
0.48792
0.48756
0.48576
0.47266
0.43631
0.48875
0.48083
0.52673
0.48585
0.4849
0.47993
0.43159
0.45904
0.43539
0.47598
0.48013
0.48047
0.4459
0.49465
0.44002
0.47062
0.48163
0.47955
0.47375
0.47922
0.47855
0.47074
0.48295
0.42976
0.4596
0.42052
0.47684
0.42584
0.48084
0.43404
0.47873
0.47473
0.45916
0.42652
0.43383
0.43397
0.43057
0.42476
0.49456
0.44983
0.45615
0.45956
0.4681
0.43343
0.48074
0.48106
0.48121
0.48438
0.44313
0.47018
0.43009
0.47341
0.469
0.43805
0.48318
0.47414
0.4645
0.47133
0.46599
0.47009
0.42682
0.48103
0.48055
0.47238
0.48427
0.43748
0.42853
0.47883
0.43718
0.48721
0.48699
0.4487
0.48662
0.47142
0.43829
0.4742
0.4668
0.42684
0.44654
0.49563
0.492
0.45231
0.47516
0.5079
0.48027
0.44233
0.44055
0.44493
0.45239
0.43949
0.43192
0.43185
0.51488
0.47128
0.44401
0.49231
0.48823
0.54322
0.49801
0.49027
0.49773
0.4847
0.48086
0.48993
0.44116
0.4419
0.48478
0.43856
0.48288
0.46547
0.4758
0.51629
0.50295
0.42853
0.43129
0.46786
0.46725
0.45848
0.47925
0.43385
0.4804
0.47943
0.4833
0.43391
0.42256
0.47052
0.46431
0.43361
0.4807
0.48339
0.48705
0.48897
0.46795
0.43482
0.49454
0.48779
0.50151
0.54669
0.54767
0.46244
0.49156
0.48062
0.50951
0.52034
0.47951
0.47203
0.48118
0.44579
0.50129
0.49526
0.48644
0.48501
0.48092
0.4896
0.53161
0.45
0.45028
0.4984
0.49064
0.46965
0.48063
0.48813
0.49584
0.4843
0.44948
0.48864
0.44639
0.48087
0.44824
0.47941
0.50142
0.50808
0.51718
0.54821
0.49745
0.45757
0.48607
0.47824
0.44673
0.53274
0.49089
0.53731
0.45118
0.48185
0.48779
0.49335
0.48451
0.48497
0.46236
0.49609
0.49971
0.44668
0.52777
0.48453
0.4605
0.43089
0.47746
0.47405
0.52361
0.47696
0.48162
0.48513
0.42995
0.48017
0.51924
0.52823
0.46291
0.49061
0.49571
0.49417
0.48368
0.47211
0.43223
0.5134
0.52312
0.4904
0.47936
0.47504
0.51656
0.48742
0.52636
0.44888
0.5406
0.49601
0.45213
0.49246
0.49923
0.49433
0.49362
0.48526
0.49303
0.51773
0.49484
0.48596
0.44363
0.51159
0.47877
0.4736
0.51412
0.52426
0.48132
0.44818
0.49508
0.48054
0.47965
0.49998
0.44506
0.48501
0.49273
0.4931
0.49054
0.48346
0.4829
0.48449
0.47155
0.51993
0.49207
0.49627
0.48907
0.44876
0.48777
0.51712
0.492
0.48994
0.49132
0.49901
0.50169
0.48905
0.49133
0.44973
0.52468
0.48329
0.48725
0.48816
0.49254
0.47549
0.44586
0.4759
0.43427
0.51489
0.48049
0.47167
0.44413
0.44861
0.48781
0.51979
0.47038
0.48332
0.52166
0.49655
0.48803
0.49344
0.4749
0.47886
0.48298
0.48687
0.52438
0.49677
0.54329
0.49621
0.44796
0.48368
0.47348
0.48
0.43389
0.48036
0.4701
0.52404
0.48666
0.48127
0.51688
0.49694
0.44083
0.45912
0.44005
0.48613
0.48968
0.49324
0.47043
0.43954
0.43822
0.47393
0.43517
0.48362
0.49012
0.48966
0.48691
0.48298
0.48555
0.52138
0.49272
0.49524
0.48726
0.44819
0.44607
0.49031
0.49343
0.47443
0.44123
0.48639
0.44927
0.48885
0.49359
0.48528
0.45105
0.47728
0.51782
0.4395
0.48021
0.53541
0.49952
0.43861
0.49702
0.49127
0.44192
0.49458
0.49629
0.50192
0.49961
0.50581
0.49572
0.5364
0.49295
0.53999
0.50249
0.54269
0.50338
0.50724
0.44707
0.4963
0.49626
0.45529
0.48131
0.50793
0.45928
0.5062
0.45354
0.45574
0.49487
0.44129
0.4868
0.46333
0.4835
0.50697
0.45762
0.46004
0.52459
0.48826
0.53032
0.5414
0.49447
0.45539
0.50089
0.48971
0.47337
0.53415
0.48806
0.49083
0.48319
0.5313
0.4905
0.4859
0.49778
0.48689
0.43415
0.45404
0.47955
0.49719
0.44703
0.50346
0.48913
0.44691
0.49586
0.49231
0.52767
0.48075
0.49368
0.4933
0.5184
0.48375
0.48768
0.42416
0.47781
0.44065
0.47384
0.47584
0.48055
0.47004
0.46581
0.47173
0.47689
0.42832
0.48306
0.4904
0.44397
0.48698
0.5186
0.47813
0.43675
0.43593
0.51724
0.48928
0.4866
0.49319
0.48925
0.43827
0.51093
0.44556
0.49843
0.50051
0.48783
0.53002
0.43602
0.43893
0.52309
0.4711
0.4731
0.49037
0.49547
0.48946
0.44749
0.5282
0.49281
0.47475
0.48333
0.48742
0.44248
0.49792
0.49327
0.4875
0.47694
0.48006
0.48125
0.47232
0.47625
0.49412
0.53662
0.47749
0.43902
0.48558
0.4395
0.48555
0.48706
0.47624
0.49194
0.53805
0.49037
0.48532
0.43728
0.47053
0.43459
0.48702
0.48825
0.43466
0.4964
0.49136
0.44745
0.4296
0.48134
0.52188
0.49109
0.493
0.44169
0.44639
0.49107
0.51521
0.46705
0.47377
0.43689
0.45344
0.49729
0.51423
0.49675
0.43997
0.49075
0.48001
0.49557
0.48613
0.45732
0.50047
0.53966
0.49256
0.49986
0.49382
0.48678
0.53889
0.49824
0.53245
0.49689
0.48116
0.52338
0.51887
0.44812
0.48833
0.45201
0.48805
0.49531
0.5002
0.49702
0.53144
0.45506
0.49606
0.4489
0.49061
0.50585
0.49445
0.44587
0.47965
0.48529
0.48995
0.49419
0.48294
0.49198
0.45225
0.48884
0.49313
0.49407
0.49244
0.49722
0.48186
0.49432
0.47995
0.48436
0.48124
0.43611
0.47589
0.4731
0.47996
0.48423
0.48588
0.47842
0.49028
0.49406
0.48254
0.44552
0.44224
0.45471
0.45186
0.49245
0.5353
0.49737
0.44211
0.48725
0.44019
0.49031
0.50017
0.53259
0.49174
0.45036
0.4933
0.48626
0.50325
0.46187
0.45932
0.45788
0.49529
0.48701
0.48572
0.44244
0.48805
0.53052
0.49519
0.50335
0.49926
0.44602
0.45343
0.49821
0.49958
0.50735
0.50947
0.46565
0.55341
0.51198
0.50569
0.53429
0.48898
0.53618
0.48507
0.50084
0.49926
0.48452
0.49666
0.49562
0.49367
0.5081
0.50306
0.54239
0.45361
0.50531
0.54045
0.4444
0.47849
0.47958
0.48246
0.48659
0.49474
0.46525
0.49377
0.52824
0.50419
0.49646
0.45665
0.49417
0.45964
0.5108
0.46365
0.50029
0.50267
0.52692
0.49643
0.49427
0.45732
0.49378
0.53954
0.45598
0.49178
0.51704
0.49805
0.53677
0.50433
0.54229
0.51232
0.45355
0.55244
0.50287
0.44663
0.4402
0.49617
0.49343
0.50467
0.50434
0.50904
0.49846
0.50967
0.48786
0.49288
0.48902
0.49524
0.52836
0.49674
0.48789
0.48753
0.43302
0.43486
0.46858
0.50321
0.50074
0.48729
0.45753
0.48698
0.48661
0.50321
0.49116
0.4487
0.49593
0.46326
0.51309
0.4875
0.4552
0.45914
0.53638
0.45491
0.45742
0.44678
0.4999
0.49972
0.52998
0.54542
0.49087
0.54244
0.53476
0.52617
0.52177
0.51154
0.50113
0.46552
0.46442
0.51088
0.52272
0.51809
0.52272
0.52044
0.46936
0.46181
0.46583
0.51503
0.55149
0.47398
0.5143
0.50516
0.51083
0.50161
0.45657
0.50818
0.50093
0.5049
0.55201
0.51584
0.51091
0.49802
0.49135
0.43744
0.4503
0.54548
0.46813
0.46049
0.50454
0.50015
0.49448
0.47394
0.51367
0.5148
0.51705
0.47654
0.50726
0.54213
0.49081
0.49304
0.48825
0.49702
0.44932
0.49445
0.50788
0.50954
0.46051
0.48672
0.50925
0.5043
0.52341
0.52541
0.52668
0.5253
0.46341
0.54505
0.47286
0.46156
0.47592
0.50488
0.51545
0.50216
0.46471
0.55102
0.547
0.51063
0.54942
0.54609
0.47972
0.53288
0.52721
0.47142
0.57273
0.52521
0.51649
0.47483
0.55296
0.51735
0.4827
0.47537
0.52283
0.46681
0.50714
0.46213
0.50574
0.47031
0.56226
0.47502
0.52244
0.51492
0.49317
0.45793
0.51692
0.46284
0.51397
0.4992
0.45843
0.48391
0.49141
0.49654
0.54038
0.5401
0.55663
0.46074
0.50423
0.46283
0.5079
0.46931
0.55024
0.50615
0.46652
0.5106
0.46535
0.49939
0.53932
0.51292
0.50996
0.49406
0.46158
0.52105
0.51076
0.52252
0.52489
0.45817
0.46226
0.46815
0.50736
0.50314
0.55672
0.50977
0.54051
0.45565
0.46407
0.49693
0.54841
0.52263
0.5177
0.51311
0.4732
0.5103
0.4616
0.50629
0.51473
0.55081
0.47281
0.5084
0.52697
0.55848
0.52516
0.52051
0.51451
0.54903
0.50886
0.5227
0.48172
0.52263
0.48248
0.53319
0.5282
0.55745
0.53024
0.53234
0.53595
0.5295
0.52214
0.4856
0.51978
0.52248
0.53122
0.47428
0.49162
0.57565
0.48692
0.52213
0.48223
0.5233
0.52853
0.4938
0.49927
0.53424
0.4796
0.48006
0.46813
0.46879
0.51166
0.52125
0.51885
0.51322
0.47363
0.51394
0.50195
0.50933
0.54872
0.4681
0.47329
0.47877
0.46681
0.50249
0.50488
0.46555
0.5064
0.49893
0.50531
0.51113
0.51333
0.55509
0.51345
0.54209
0.51267
0.4612
0.51052
0.5164
0.5081
0.52388
0.53109
0.53826
0.52713
0.53027
0.52674
0.5228
0.52681
0.47521
0.51499
0.52069
0.47199
0.53352
0.5178
0.55748
0.55861
0.56378
0.51881
0.48554
0.51759
0.53021
0.52934
0.57059
0.48528
0.53641
0.52594
0.49354
0.52924
0.49107
0.52833
0.5296
0.53379
0.52384
0.54204
0.49677
0.54005
0.5712
0.47884
0.48945
0.48608
0.53706
0.52121
0.57174
0.53065
0.52525
0.50287
0.47328
0.45713
0.51739
0.51959
0.52047
0.48337
0.52621
0.52897
0.57136
0.52303
0.53824
0.51349
0.53213
0.52379
0.55789
0.47699
0.52281
0.56536
0.48531
0.47335
0.48988
0.51523
0.5611
0.51654
0.5324
0.53017
0.5316
0.48048
0.51994
0.5258
0.48751
0.55727
0.48597
0.52292
0.51687
0.51753
0.47739
0.57496
0.53868
0.49922
0.58243
0.57066
0.47606
0.50561
0.51477
0.52615
0.52372
0.52189
0.48115
0.47335
0.51641
0.52449
0.49329
0.48558
0.54055
0.57569
0.53149
0.48878
0.56661
0.53009
0.53323
0.49423
0.54404
0.53537
0.53997
0.50142
0.53822
0.52748
0.57501
0.54199
0.53763
0.54366
0.52572
0.48722
0.52447
0.5298
0.48209
0.51679
0.54829
0.49802
0.50293
0.48756
0.47594
0.51583
0.52162
0.52614
0.56459
0.49423
0.52615
0.54889
0.4872
0.49698
0.56705
0.53193
0.67027
0.83228
0.81121
0.95652
0.93931
1.1318
1.1265
1.0529
1.0245
1.0224
0.94367
1.3175
1.1667
1.1845
1.3602
1.6926
2.1431
2.0854
1.6914
1.2986
1.0096
0.45599
-0.32569
-0.31529
-1.665
-3.5604
-5.9782
-5.7443
-4.3502
-4.7742
-4.0538
-3.5557
-3.7452
-4.8158
-6.4378
-6.9792
-6.6575
-5.6965
-3.9016
-2.7268
-0.91281
0.0014628
0.1097
0.093919
0.16868
0.14512
0.14581
0.27437
0.54429
1.0704
1.648
2.316
2.6459
2.5997
1.5903
0.09903
-1.1762
-1.8309
-2.2345
-2.6787
-2.5507
-1.7645
-0.86836
-0.001154
-0.028149
-0.025351
-0.021093
-0.013068
-0.013069
-0.039577
-0.060015
-0.045449
-0.028094
-0.0060842
-0.0025645
0.26172
0.9256
0.5727
-0.5566
-2.2233
-2.8066
-2.9405
-2.3373
-1.5839
-1.9998
-2.0335
-1.6392
-0.082027
-0.02197
0.052395
0.092549
0.11333
0.13069
0.16124
0.15682
0.20432
0.28729
0.77473
1.0504
1.2574
3.6748
5.2099
5.3673
5.4978
4.3083
4.2038
4.8574
4.6863
4.0273
2.9716
1.7796
1.4234
0.85917
0.23328
0.086445
0.16973
0.29509
0.44291
0.63072
0.74892
2.0446
3.8827
4.2528
4.559
4.1978
2.5452
1.8328
1.1028
0.31234
0.11259
-0.31004
-1.1145
-1.5576
-1.1711
-0.35608
-0.14648
-0.0037829
-0.00046273
-0.00054425
-0.055003
-0.024487
-0.022392
-0.021056
-0.030309
-0.04627
-0.029988
-0.0013776
0.011483
0.081536
1.1227
1.8809
1.7105
0.72328
0.082066
0.22265
0.50528
0.46826
-0.0086932
0.031247
0.1263
0.24724
0.33632
0.4675
0.51045
0.67789
0.72454
0.5276
0.4601
0.65603
0.60154
1.3809
2.5103
6.3746
10.209
11.981
11.946
9.8667
5.1941
6.5433
7.3355
7.9922
5.7938
4.0514
2.6714
1.6851
1.4224
0.75445
0.34641
0.38706
0.4099
0.50395
0.56149
1.617
2.7464
3.171
4.124
1.9103
0.75623
0.39757
0.42264
-0.16716
-1.1031
-1.7716
-1.9816
-1.8133
-1.2277
-0.60985
-0.16049
-0.078739
-0.00975
-0.00081322
-0.040644
-0.010379
-0.032689
-0.02912
-0.03883
-0.039563
-0.046967
-0.039791
-0.044629
-0.01132
-0.0063557
0.3544
1.328
0.9587
0.0086202
-0.97185
-1.1069
-1.2369
-0.86254
-0.22691
-0.053409
0.082162
0.2504
0.33439
0.36406
0.41463
0.42563
0.47009
0.66196
0.45886
0.72007
1.2156
2.8056
10.243
8.3723
6.5137
4.0306
3.7654
3.2097
4.1349
4.6622
3.5384
2.4241
1.4045
1.1159
0.023831
-0.28453
0.244
0.23772
0.13549
0.32233
0.3504
2.5309
2.9779
3.0351
2.7833
1.7742
0.2624
-1.3749
-2.5765
-3.1287
-3.3867
-3.6771
-3.5886
-4.0895
-4.1078
-3.0965
-1.5754
-0.67261
-0.093873
-0.11627
-0.0049663
-0.0059176
-0.078837
-0.032011
-0.03194
-0.02628
-0.030485
-0.024932
-0.032148
-0.014805
-0.071957
-0.4853
-0.92095
-1.2658
-1.946
-1.1905
-0.75201
-0.6347
-0.74693
-0.3355
-0.061329
0.11156
0.091437
0.21453
0.32841
0.41121
0.4505
0.50541
0.57428
0.48959
0.43051
0.62894
1.1722
11.047
9.4584
8.6251
6.8951
5.0188
3.5334
2.6707
3.2564
4.2778
4.9506
4.8099
2.8547
1.9884
0.62783
-0.15733
0.59178
0.57362
0.58279
0.57556
0.4897
0.7094
0.81939
1.2045
1.0661
1.0841
0.1519
-1.0064
-1.8034
-2.2607
-3.0264
-3.4053
-3.4702
-3.9621
-3.5535
-2.7501
-1.636
-0.50308
-0.13235
-0.18324
-0.0066238
-0.0019136
-0.053033
-0.061854
-0.040874
-0.02947
-0.010767
-0.016334
-0.023837
-0.01716
0.00076047
0.025968
0.028306
0.19296
1.5818
2.2515
1.9445
1.0506
0.55395
-0.14746
-0.058595
0.17983
0.27392
0.3463
0.5547
0.66847
0.70246
0.82897
0.81319
0.62055
0.63568
0.84232
1.3243
2.3707
4.7388
7.8388
9.6688
9.7339
8.6865
7.0782
5.8172
4.8394
3.8534
2.8578
2.5561
1.7647
0.48744
0.18202
-0.089102
0.17078
0.24763
0.25105
0.41428
0.35643
0.83108
1.3382
1.3214
1.6739
1.6324
1.2603
0.23366
-1.107
-2.7698
-3.6862
-3.6989
-3.6792
-3.886
-4.3472
-4.6891
-5.0792
-4.2224
-3.6015
-2.2578
-0.88715
-0.094517
-0.20911
-0.016953
-0.0039104
-0.077204
-0.068133
-0.068965
-0.05383
-0.053915
-0.051911
-0.065987
-0.020887
-0.0079786
-0.22114
-0.7429
-1.5301
-1.6089
-1.1396
-0.67379
-1.3195
-1.3131
-0.58817
-0.14092
0.038195
0.03594
0.19947
0.29717
0.41992
0.49424
0.54608
0.44382
0.47894
0.46048
0.53837
8.6597
8.457
7.6241
6.8142
5.8986
4.0806
2.567
1.818
2.7799
3.6942
3.3775
2.9211
0.98981
0.57191
-0.89242
-1.1816
-1.0805
-0.028194
0.37581
0.46938
0.40516
0.48208
0.3583
0.44082
0.48917
0.60974
0.3971
-0.12373
-0.84347
-1.1347
-1.7906
-2.0997
-2.0279
-2.2284
-2.2825
-1.6615
-0.95812
-0.34733
-0.026835
-0.0030527
-0.0047047
-0.0076844
-0.057762
-0.044403
-0.019291
0.012209
0.026597
0.0048927
-0.01705
-0.008899
0.0011345
0.026968
0.038093
0.20742
1.5192
2.4176
1.6044
0.83685
0.67608
-0.21271
-0.44191
-0.40621
-0.0451
0.095865
0.24507
0.36759
0.53772
0.7017
0.5884
0.5333
0.48834
0.63287
0.98059
1.7505
3.8342
6.7327
8.2857
8.2006
7.8205
5.7132
4.8273
4.088
3.2221
2.7565
2.2543
2.9309
4.0886
4.3152
3.3789
1.4389
0.77914
-0.0018418
-0.016469
-0.027284
-0.096589
-0.083548
-0.11681
-0.56529
-0.53711
-0.80484
-2.0814
-3.377
-4.4807
-5.5912
-5.5663
-5.3836
-5.8624
-6.0921
-5.8175
-6.6323
-5.8585
-4.3643
-2.4146
-0.79727
-0.11937
-0.19179
-0.0040316
-0.0040799
-0.15625
-0.020315
-0.037469
-0.035566
-0.043728
-0.036723
-0.014463
-0.0043959
0.020683
0.15233
0.31562
0.055548
-0.58261
-0.93802
-0.54812
0.14444
0.51707
0.46296
0.39351
0.48366
0.46084
0.52335
0.55716
0.57972
0.70276
0.7501
0.86721
0.76423
0.52798
0.58785
0.78028
1.231
2.2963
4.7765
8.2306
9.806
8.9723
7.4562
6.7658
5.8315
4.645
2.9112
1.9795
2.5413
1.091
0.88351
0.28433
-0.027297
0.40759
0.68379
0.52958
0.56251
0.71071
0.54913
0.59746
0.68023
0.62225
0.60922
0.24784
-0.50514
-1.6397
-3.1474
-4.3502
-4.7145
-4.441
-4.5893
-4.9233
-5.1658
-6.2946
-5.7485
-3.7496
-1.6905
-0.714
-0.12002
-0.11522
-0.0068913
-0.0029424
-0.18688
-0.051814
-0.04828
-0.035596
-0.032047
-0.035503
-0.013242
0.0038334
0.041973
0.45989
0.90457
0.25071
-0.29512
-0.35763
-0.15606
0.29486
1.2042
1.1972
0.54572
0.24138
0.21823
0.31563
0.41705
0.57056
0.73608
0.88549
0.84778
0.85743
0.79007
0.67492
0.80094
1.4157
2.5487
5.7567
9.142
11.107
10.874
9.7043
8.1089
6.1801
4.8161
3.8929
3.2169
3.1668
4.3977
5.7944
5.3948
4.0353
2.6314
1.4592
1.2317
0.89105
0.72501
0.87133
1.1958
1.8629
2.0185
1.8459
1.8176
1.6477
0.8087
-0.69071
-2.2197
-2.6773
-3.039
-3.2963
-3.5488
-3.9688
-4.3034
-4.9771
-4.2065
-3.3093
-2.0292
-0.69102
-0.1515
-0.15527
-0.0088383
-0.010334
-0.22373
-0.068182
-0.035282
-0.025729
-0.022483
-0.014496
-0.025084
-0.0165
0.0021703
0.015514
0.035401
0.038808
0.78554
2.7674
1.9371
1.7449
1.2776
1.0695
0.69948
0.61547
0.48233
0.3523
0.42781
0.48014
0.51102
0.58984
0.7522
0.662
0.60302
0.55036
0.80503
1.3375
3.361
6.8232
9.9104
10.724
10.759
9.4643
7.6145
6.5289
4.0821
2.4688
2.13
2.8643
3.7563
3.6768
3.1783
1.6334
0.56401
-0.71898
-1.4413
-0.99914
-0.32187
0.059386
0.28845
0.35055
0.36591
0.2884
0.26483
0.49858
0.038761
-0.80488
-1.1126
-1.6116
-2.8791
-3.0838
-3.5609
-4.0097
-3.1926
-3.5564
-3.1735
-2.201
-0.9941
-0.34239
-0.057247
-0.0082973
-0.0083073
-0.046985
-0.077751
-0.047814
-0.016667
0.0027633
-0.0044389
-0.01186
-0.0047197
0.0024197
0.006649
0.011581
0.028887
0.035767
0.94617
2.2562
1.4925
0.93431
0.45979
0.35083
0.8728
1.9607
1.6361
0.82835
0.54431
0.55954
0.482
0.33446
0.34817
0.43024
0.45583
0.66302
1.1348
3.2511
5.8551
6.8786
7.1902
6.0664
4.3506
3.349
2.963
2.7075
2.3481
1.1407
1.2439
2.3999
3.0609
2.3034
1.6072
0.4184
-0.76684
-1.3722
-0.99463
-0.25683
0.0060193
0.23274
0.40446
0.44638
0.54301
0.63113
0.55815
0.44291
0.40683
-0.84988
-1.6927
-2.1717
-2.5225
-3.0502
-3.0701
-3.8973
-3.6323
-2.6105
-1.262
-0.55906
-0.10015
-0.021805
-0.0069535
-0.0061505
-0.062919
-0.033393
-0.0066587
0.0016062
0.0017882
-0.0022957
-0.0026152
0.010419
0.023638
0.022153
0.067282
0.19278
0.66039
2.2938
2.4623
1.1831
0.63984
0.38807
0.36386
0.49698
0.54856
0.56602
0.6007
0.63503
0.81516
0.93531
0.83896
0.89871
0.97509
1.0009
1.4513
2.7963
5.5362
8.191
9.2487
8.3344
7.1046
5.7245
5.105
4.0922
2.9503
1.9263
2.7222
3.7561
4.5068
3.9622
2.1449
1.5058
0.26649
0.2997
0.19849
0.17643
0.065417
0.13254
0.13177
-0.25844
-0.48046
-0.87341
-1.6901
-3.0469
-4.4211
-5.5872
-5.8712
-5.5726
-5.2047
-5.7596
-5.8719
-6.7104
-6.3191
-4.2053
-2.577
-0.76045
-0.25141
-0.11377
-0.020172
-0.0047284
-0.009928
-0.086103
-0.08317
-0.059274
-0.058649
-0.047936
-0.060809
-0.025581
-0.03162
-0.0071086
0.00037611
0.0097791
0.19147
1.2756
0.83361
0.69559
0.30206
-0.074358
0.28149
0.5636
0.29729
0.21591
0.25955
0.32184
0.3474
0.44546
0.53364
0.47059
0.46584
0.48986
0.62331
1.0958
2.8548
5.8726
8.05
9.0755
9.079
7.3049
5.5277
4.3708
2.5684
1.8448
1.5345
2.367
3.5401
3.0179
1.736
0.47367
-0.83478
-1.4238
-1.974
-1.3719
-0.056561
0.31344
0.41386
0.26788
0.25733
0.069568
0.11089
0.0099148
-0.45373
-0.43701
-0.58809
-1.5357
-2.6153
-3.4652
-4.2385
-4.7214
-4.8553
-5.1938
-5.7523
-4.1817
-4.053
-3.7049
-2.4875
-0.90348
-0.39463
-0.025668
-0.012383
-0.015493
-0.00702
-0.041753
-0.027921
-0.021295
-0.020867
-0.030734
-0.017518
-0.010912
-0.0041324
0.0032278
0.023905
0.042334
0.061451
1.0867
2.1556
1.0596
0.68913
0.44916
0.39446
1.4271
2.7409
1.4017
0.72903
0.58617
0.58516
0.35095
0.35268
0.43654
0.51063
0.63431
0.69112
0.74672
0.62264
0.60779
0.86021
1.2015
2.8808
6.8136
9.8267
10.597
8.8745
7.2335
4.9896
4.8258
4.6802
3.1373
2.0196
2.519
3.8828
4.4667
3.8995
2.5043
1.1048
-0.041902
-0.24528
-0.4455
0.19714
0.37478
0.4021
0.46749
0.53364
0.51878
0.60291
0.58743
0.39792
0.059918
-0.26479
-1.0183
-2.2627
-3.9097
-3.9773
-4.9369
-5.1986
-4.8325
-5.0123
-4.5134
-5.2211
-4.6942
-3.4156
-1.8648
-0.58265
-0.14741
-0.16341
-0.0095354
-0.01601
-0.054655
-0.13433
-0.033387
-0.047652
-0.050102
-0.055834
-0.056364
-0.046719
-0.02042
-0.0066749
0.011098
0.036007
0.341
1.3613
1.118
0.60887
0.18751
0.16983
0.49268
1.9467
1.912
1.1746
0.5907
0.3123
0.26494
0.2887
0.43839
0.54761
0.6715
0.89415
0.70996
0.71081
0.7806
1.0284
1.5968
3.7093
7.9696
10.343
10.789
9.6179
9.1782
7.3888
5.9067
5.4933
4.8762
3.8184
4.2591
5.4338
6.5005
5.686
4.735
3.8051
2.0023
2.0546
1.9756
1.8172
1.6185
1.4308
0.86031
0.9366
0.92706
1.362
1.2656
0.79861
0.49363
0.12347
-0.81311
-1.9007
-2.4825
-3.0207
-3.5461
-3.7593
-4.0988
-4.1846
-3.8828
-3.9611
-3.4777
-2.2855
-1.291
-0.24635
-0.1018
-0.020305
-0.011546
-0.039637
-0.094173
-0.023614
-0.018576
0.0025927
0.008745
-0.0047011
-0.0060771
0.0010635
0.013553
0.032545
0.01214
0.034557
0.96902
1.3447
1.1918
0.45899
0.29579
0.47444
1.2382
2.204
1.4794
0.74147
0.62376
0.48405
0.3351
0.43495
0.55498
0.55635
0.78394
0.87387
0.77289
0.76882
0.87547
0.948
1.4818
4.507
7.5353
9.9918
9.9528
8.618
6.1643
4.8953
4.7888
4.4439
3.2322
2.8196
3.4897
4.4382
3.3943
3.2354
2.1364
0.35411
-0.54291
-0.97462
-0.96899
-0.11374
0.25614
0.44292
0.52835
0.38439
0.32448
0.37587
0.36621
-0.10205
-0.54887
-0.81551
-1.1459
-2.1714
-3.1781
-3.8667
-4.1525
-4.5398
-5.8959
-5.4251
-5.4131
-5.5584
-4.3104
-2.724
-1.0553
-0.42119
-0.11213
-0.021798
-0.0037946
-0.024477
-0.058637
-0.03426
-0.019597
-0.0070551
-0.011353
-0.022539
-0.039806
-0.017197
-0.0032597
0.006281
0.0094855
0.033713
0.41374
1.7268
1.2168
0.67755
0.47453
0.334
1.0261
2.253
1.4624
0.90336
0.56636
0.53519
0.50211
0.44314
0.5007
0.58022
0.71237
0.75003
0.85311
0.84029
0.91682
1.017
1.6193
3.7228
7.0971
9.1871
8.6933
6.8553
6.3226
5.772
5.4243
4.2258
2.65
2.7924
3.6482
4.1103
4.0532
3.7143
2.5671
0.91086
-0.37867
-0.75812
0.1299
0.47357
0.57454
0.5612
0.37834
0.26665
0.15384
0.12035
0.15751
-0.035919
-0.28078
-0.68419
-1.5889
-2.8218
-3.6181
-4.4353
-4.7622
-4.9414
-5.207
-6.0667
-6.1106
-6.442
-5.2548
-3.2679
-1.3625
-0.43994
-0.10817
-0.012328
-0.0092561
-0.11477
-0.061089
-0.063251
-0.034031
-0.0069205
-0.00084421
-0.0060617
-0.0066579
0.0060208
0.031881
0.030037
0.009193
0.074062
0.91899
2.0006
1.4625
1.0316
0.759
0.54916
1.651
2.8743
1.977
0.88004
0.76006
0.63119
0.48284
0.37408
0.47994
0.5778
0.76344
0.9685
0.88492
0.89372
0.746
1.0092
1.5959
4.7108
8.5972
10.14
10.192
8.5859
7.5346
5.5846
5.391
5.4343
3.9669
2.9322
3.0484
3.7738
3.9794
3.7627
2.7697
1.5017
0.3303
-0.41022
-0.61321
-0.23449
0.14043
0.46315
0.51244
0.43874
0.28729
0.38174
0.55034
0.065304
-0.46579
-0.62793
-0.34295
-1.3733
-2.6564
-3.1507
-3.6763
-4.2895
-4.5604
-4.7111
-4.4251
-4.4927
-4.2383
-2.8757
-1.2919
-0.37857
-0.10498
-0.07305
-0.0046226
-0.0081599
-0.11174
-0.040252
-0.020192
-0.0035823
0.0012434
-0.011983
-0.0076936
-0.00095019
0.001943
0.0075801
0.026784
0.04531
0.38246
1.7117
1.6952
0.88359
0.47816
0.47675
0.7725
2.0566
1.6238
0.96579
0.79436
0.68411
0.52393
0.49191
0.50233
0.47983
0.61978
0.70937
0.73663
0.75068
0.75211
0.87353
1.4157
3.4314
7.0729
8.1284
8.0252
6.3793
4.9768
4.3204
4.2196
3.7413
2.1
2.0946
3.005
3.8423
3.7612
3.2966
1.7887
0.28079
-0.46266
-0.61805
0.12544
0.22494
0.478
0.42771
0.2798
0.21202
0.27176
0.33576
0.3836
-0.016726
-0.35348
-0.90497
-1.821
-3.0252
-4.2918
-4.5829
-5.2985
-5.552
-5.2706
-5.9107
-5.824
-5.2814
-4.4578
-3.3188
-1.5962
-0.54606
-0.14575
-0.056386
-0.0061653
-0.058178
-0.071292
-0.044772
-0.018917
0.00016377
-0.00089377
-0.011468
-0.010978
0.009502
0.020835
0.019083
0.036799
0.24814
1.6712
2.2531
0.79029
-0.11361
0.16055
0.75281
-0.40918
-1.8071
-1.4447
-1.4988
-1.4495
-0.9896
-0.38051
-0.12429
0.076689
0.21617
0.26702
0.36263
0.40709
0.43581
0.43322
0.49656
0.58588
0.61848
0.64094
0.71963
0.74356
0.88204
1.453
2.2881
2.6173
2.8424
2.8158
4.7775
5.6395
5.1868
4.5169
3.6826
3.2172
2.6174
1.7296
0.88927
0.053155
-0.4743
-0.70925
-0.85799
-1.2873
-1.3142
-1.0486
-1.0609
-1.015
-0.89482
-0.66768
-0.54314
-0.44282
-0.31077
-0.25475
-0.1756
-0.055798
0.056235
0.11742
0.11308
0.15157
0.27397
0.39302
0.51322
0.61596
0.62014
0.56029
0.58487
0.29085
0.1185
0.083622
-0.0059576
0.0098422
0.026861
0.057608
-0.05976
-0.033689
0.081458
0.21214
0.32397
0.29645
0.34381
0.46859
0.44314
0.55141
0.6579
0.64812
0.71159
0.74348
0.74876
0.75838
0.74035
0.69507
0.6683
0.62458
0.64473
0.6484
0.65314
0.67328
0.6311
0.58982
0.62852
0.74636
0.76851
0.71975
0.5818
0.56376
0.50816
0.51129
0.54466
0.65792
0.72992
0.64479
0.63933
0.6711
0.63524
0.63163
0.65299
0.629
0.58334
0.63104
0.71246
0.69584
0.66762
0.68051
0.69671
0.70352
0.67999
0.68362
0.69989
0.70959
0.69991
0.70795
0.7386
0.7113
0.70513
0.70173
0.67156
0.70333
0.68765
0.70631
0.75541
0.6985
0.69126
0.69891
0.69983
0.69026
0.70401
0.72313
0.7248
0.71976
0.70402
0.72017
0.73054
0.76291
0.77126
0.7126
0.72942
0.78347
0.74515
0.77744
0.77297
0.74264
0.71378
0.70466
0.68272
0.75091
0.70331
0.7421
0.70611
0.71079
0.72417
0.72785
0.71974
0.77468
0.76758
0.72597
0.73648
0.77894
0.78814
0.74165
0.77588
0.68137
0.74944
0.73493
0.75131
0.75815
0.74225
0.72598
0.69888
0.72136
0.65876
0.70499
0.69168
0.75007
0.74588
0.75741
0.70699
0.76541
0.65383
0.70965
0.74577
0.75254
0.64235
0.72612
0.7434
0.73358
0.73389
0.76472
0.74952
0.70492
0.78937
0.69292
0.74507
0.77956
0.7504
0.75697
0.76997
0.74724
0.73889
0.74954
0.74494
0.76025
0.75315
0.74586
0.75638
0.73385
0.75465
0.73501
0.71404
0.70949
0.76312
0.71432
0.71356
0.70742
0.71063
0.71037
0.68663
0.73963
0.70984
0.71166
0.71212
0.71341
0.75789
0.6915
0.72423
0.72458
0.72022
0.69669
0.71312
0.69787
0.71404
0.72106
0.71747
0.72062
0.71277
0.6979
0.69194
0.70542
0.70596
0.70325
0.7017
0.69198
0.73132
0.6383
0.49738
0.4421
0.29214
0.18317
0.013688
-0.12943
-0.080042
-0.20309
-0.055079
-0.11148
-0.34909
-0.69102
-0.81951
-0.8787
-0.90794
-0.94141
-1.0697
-1.1851
-1.074
-1.0436
-1.3098
-1.3825
-1.3514
-1.2832
-0.72936
-0.22067
-0.057281
0.043035
0.060359
0.072278
0.06716
0.0025603
0.038185
0.050866
0.13936
0.061505
0.14118
0.35412
0.23208
0.1747
0.2833
0.34828
0.27506
0.27308
0.21837
0.9051
2.4035
5.4048
4.2005
3.67
3.1743
2.9024
1.9268
1.1884
0.63922
-0.64865
-0.79008
-0.2886
-0.60245
-0.63967
-0.48144
-0.32641
-0.045769
0.092935
0.23518
0.23408
0.045542
0.023054
-0.0113
-0.64559
-1.3422
-0.89935
-1.2586
-1.878
-1.741
-1.16
-1.2757
-1.8564
-1.8651
-1.1881
-0.88978
-1.5562
-1.1954
-0.66854
0.027369
0.27663
0.46242
0.6592
0.70791
0.63882
0.53988
0.74299
1.0554
1.5278
1.9293
2.1888
2.0403
1.8937
1.432
2.0288
-0.084757
-1.6048
-2.467
-2.5019
-1.8561
-1.9752
-1.8645
-1.755
-1.6964
-0.97113
-0.39932
-0.023483
-0.018265
-0.25068
-0.070372
-0.023397
-0.06318
-0.033691
-0.063023
-0.26292
-1.8664
-1.5092
-0.585
-1.7779
-2.7954
-3.5007
-3.864
-4.4304
-3.3714
-1.9187
-1.5048
-2.8138
-4.2927
-4.4623
-2.1712
-1.0453
-0.19971
0.13524
0.28795
0.38375
0.4121
0.31899
0.26653
0.098784
0.091866
0.16713
0.16979
0.23247
0.66967
3.2115
7.7254
5.2687
10.74
14.863
18.024
20.465
15.826
8.4179
5.199
3.1852
3.2593
5.1928
4.958
2.4563
2.0531
1.0648
0.54932
0.29474
0.24558
0.11347
0.12622
0.20913
0.25783
0.80334
1.0433
1.5809
5.4906
5.5355
6.4109
5.3539
3.995
2.6311
1.2767
0.88643
0.58208
-0.32268
-1.5755
-3.0781
-3.3381
-3.7096
-4.4215
-4.9726
-4.6894
-2.914
-1.068
-0.35934
-0.27963
-0.15505
-0.13129
-0.22675
-0.29482
-0.57136
-1.2244
-3.3699
-6.7745
-9.4698
-11.643
-13.167
-12.359
-13.921
-12.98
-7.1614
-4.0375
-1.8266
-2.2592
-5.1159
-7.8009
-9.7133
-10.886
-6.5545
-3.8673
-2.0824
-1.3499
-1.0984
-0.45725
-0.05633
0.11091
0.076098
0.08072
0.080873
0.092728
0.25408
1.0597
2.2462
3.7876
4.7152
4.8662
7.2755
10.544
14.641
16.556
14.657
10.853
8.3326
7.8646
8.5363
7.6051
5.9109
2.2781
0.78293
0.40087
0.22528
0.35063
0.39141
0.25978
0.22199
0.25982
0.21427
0.17485
0.67747
1.8667
1.6703
2.1207
2.3728
3.4974
5.0316
5.5043
4.0137
2.2959
1.8752
1.046
0.76642
-0.59951
-2.0416
-3.0513
-3.6008
-2.8682
-1.913
-0.57623
-0.37205
-0.40673
-0.129
-0.25486
-0.20029
-0.28301
-0.46791
-2.4041
-3.1909
-6.1377
-9.8453
-12.692
-14.261
-14.627
-14.236
-14.038
-11.801
-8.0881
-5.463
-3.8654
-3.6277
-2.7257
-5.1545
-6.7476
-4.223
-2.5254
-0.35001
-0.13682
-0.046554
-0.036423
0.013711
0.033833
0.023932
0.041674
0.031607
0.05128
0.10911
0.12745
1.0748
2.5507
4.4581
5.4096
7.8841
10.793
13.714
10.879
6.6141
3.2065
1.9795
1.8579
3.7131
3.2791
2.644
1.6527
0.88645
0.26635
0.19976
0.19568
0.18732
0.14377
0.14767
0.17897
0.19443
1.0546
2.3307
4.5526
3.7354
3.5482
2.6422
2.8032
4.1143
4.2193
3.1803
1.8816
1.4339
1.2005
0.028728
-1.2046
-2.327
-3.7284
-4.2973
-3.0235
-1.3123
-0.89647
-0.73761
-0.12899
-0.051527
-0.12484
-0.092009
-0.25914
-0.7847
-3.0123
-6.1394
-10.881
-14.636
-15.992
-16.223
-16.85
-15.92
-13.223
-9.6748
-7.953
-6.6415
-5.0659
-4.6077
-4.5371
-5.3938
-7.0936
-6.6702
-5.2563
-4.0448
-2.8235
-3.2003
-2.9269
-2.2362
-1.903
-1.3313
-0.77121
-0.46145
-0.37677
-0.16638
-0.13048
-0.081267
-0.056845
3.763e-05
0.027617
0.049437
0.043031
0.06664
0.055861
0.10638
0.11714
0.18492
0.15845
0.33328
0.47715
0.98197
1.0438
0.90322
0.96744
1.1018
1.6563
2.2854
3.1763
3.8127
4.0206
4.0169
3.8996
4.5737
4.9295
4.2639
3.9646
3.2614
2.0387
1.3678
0.75878
-0.20218
-0.84952
-1.2586
-1.7013
-2.2725
-2.7189
-2.9757
-2.9156
-2.9941
-3.137
-3.1152
-2.5808
-2.2477
-1.965
-1.4236
-1.0442
-0.82953
-0.49448
-0.24811
-0.049113
0.072257
0.16281
0.25059
0.3241
0.46496
0.64059
0.73646
0.87255
1.0216
1.1272
1.3105
1.2532
1.2742
1.1688
1.0942
0.98421
0.88096
0.58195
0.30528
0.060713
-0.24616
-0.46687
-0.62242
-0.6912
-0.63926
-0.52317
-0.48169
-0.40516
-0.25859
-0.10345
0.0094253
0.14536
0.29407
0.4302
0.62074
0.69591
0.87214
0.93897
1.0349
1.0989
1.0533
1.0343
0.95686
0.88161
0.75953
0.66226
0.55071
0.45078
0.37479
0.29368
0.25253
0.2405
0.28168
0.31308
0.33674
0.43361
0.47144
0.58682
0.58502
0.70704
0.73528
0.7253
0.77248
0.72864
0.71427
0.72129
0.67918
0.59577
0.5398
0.5415
0.52797
0.52577
0.49157
0.52393
0.57324
0.56689
0.58659
0.64669
0.64802
0.66547
0.6483
0.64597
0.6505
0.64447
0.63281
0.64036
0.61239
0.58873
0.55671
0.54743
0.55087
0.54297
0.53567
0.56817
0.57521
0.59564
0.60772
0.62828
0.62248
0.65321
0.65228
0.68145
0.70712
0.71651
0.71401
0.70153
0.71373
0.69553
0.65633
0.65186
0.65741
0.61434
0.63809
0.64428
0.62347
0.59396
0.64672
0.65548
0.67865
0.68017
0.69964
0.66224
0.69445
0.71932
0.72047
0.71341
0.71496
0.69595
0.70887
0.71889
0.74163
0.73476
0.72838
0.72117
0.71759
0.70674
0.70004
0.69996
0.73401
0.68032
0.7123
0.73506
0.73648
0.7308
0.71297
0.70844
0.71631
0.72698
0.7637
0.74012
0.71839
0.73299
0.7333
0.70344
0.73723
0.71026
0.73916
0.74479
0.7501
0.75171
0.73839
0.72404
0.74845
0.7577
0.73384
0.74205
0.73819
0.72647
0.7338
0.72729
0.71906
0.74614
0.73056
0.72153
0.75375
0.7357
0.76015
0.76318
0.75872
0.77537
0.77963
0.77633
0.75191
0.74807
0.7777
0.80763
0.78096
0.78746
0.8056
0.78037
0.7605
0.76808
0.76338
0.75171
0.72819
0.76043
0.73667
0.76848
0.79509
0.80307
0.8163
0.78078
0.81764
0.80481
0.81843
0.79132
0.79621
0.81962
0.76011
0.78758
0.85877
0.82728
0.84542
0.86422
0.80796
0.83294
0.8154
0.85852
0.83221
0.85769
0.8028
0.81775
0.85027
0.84178
0.80514
0.80359
0.83823
0.83635
0.77197
0.82321
0.83001
0.78789
0.8438
0.82474
0.84377
0.83492
0.84765
0.83955
0.84791
0.81586
0.84677
0.8222
0.77529
0.80833
0.83519
0.79812
0.79898
0.8283
0.83507
0.81422
0.83531
0.77907
0.82778
0.80412
0.75494
0.84059
0.81462
0.78777
0.81103
0.78656
0.76644
0.79536
0.80834
0.85063
0.86336
0.84568
0.80399
0.78355
0.82383
0.85202
0.8357
0.8165
0.7942
0.79636
0.83086
0.83242
0.78895
0.80717
0.84599
0.85378
0.82758
0.80587
0.85876
0.81068
0.84614
0.85082
0.8556
0.81288
0.85582
0.86586
0.83572
0.89257
0.84928
0.84152
0.88478
0.89189
0.8776
0.82397
0.85362
0.89069
0.87422
0.89688
0.9287
0.90313
0.85111
0.93052
0.8961
0.93531
0.84765
0.88514
0.88997
0.86742
0.87596
0.85774
0.93238
0.88041
0.83198
0.87138
0.87387
0.82842
0.84582
0.85163
0.92516
0.86499
0.94012
0.89578
0.8784
0.88507
0.92365
0.87286
0.82767
0.86079
0.90252
0.89322
0.88748
0.86086
0.85432
0.88909
0.8533
0.88638
0.83643
0.91053
0.89883
0.89164
0.91866
0.92318
0.85675
0.88749
0.88002
0.91724
0.84405
0.87903
0.9362
0.91159
0.88979
0.89265
0.8974
0.86108
0.88306
0.93658
0.89265
0.8866
0.89456
0.89604
0.85921
0.94089
0.89583
0.88638
0.89364
0.89021
0.92045
0.92641
0.87625
0.89017
0.86518
0.89064
0.87744
0.9106
0.87269
0.89812
0.88198
0.95117
0.89884
0.92184
0.93057
0.90603
0.91574
0.91349
0.89931
0.93012
0.90263
0.87962
0.89198
0.86947
0.85771
0.8444
0.84971
0.74709
0.60723
0.56624
0.57353
0.79001
0.85544
0.85098
0.86008
0.95303
1.0376
1.0085
1.1437
1.3034
1.2542
1.315
1.4196
1.4897
1.5426
1.7075
1.8525
1.7004
1.5277
1.6939
1.8577
1.8699
1.9536
2.037
1.973
1.893
3.4218
2.5361
1.5527
0.99028
-0.35691
-1.6938
-2.023
-2.2623
-1.0205
-0.63837
-0.62194
-0.74171
-1.5077
-1.9329
-1.981
-2.4513
-4.0333
-3.3211
-2.6626
-0.62412
0.17973
0.11668
0.11164
0.069422
0.091168
0.13365
0.43193
0.81323
1.5227
1.7043
1.9001
1.0441
-0.27364
-1.7946
-3.17
-2.8376
-3.0424
-3.6448
-2.7771
-2.2701
-1.7769
-1.389
-0.54921
-0.16463
-0.056855
-0.0033558
-0.003721
-0.01404
-0.003921
0.0036185
0.0046715
-0.0075076
0.0049828
0.018951
0.041042
0.04351
0.032563
0.038621
0.034273
0.70526
1.7571
1.5106
1.4138
1.0658
0.57921
0.4855
1.1472
0.19156
0.26419
0.21687
0.31311
0.42266
0.43703
0.76472
0.82185
0.97125
1.1959
1.2756
2.1742
4.7996
5.7401
6.9319
7.0571
6.479
4.343
3.8819
3.2567
2.7394
1.2985
0.89303
1.2175
1.4039
2.2939
1.9704
1.1259
-0.065141
-0.96685
-1.8842
-2.1656
-1.8177
-0.49506
0.16116
0.36841
0.30631
-0.32584
-0.85795
-1.0228
-1.0547
-1.2775
-2.1939
-1.9272
-2.5783
-4.0723
-5.0694
-6.0295
-6.5974
-2.6401
-1.4537
-0.58153
-0.23317
-0.10957
-0.018417
-0.0028752
-0.017152
-0.017346
-0.0054317
0.0012931
-0.0056262
-0.0084835
0.0006557
0.015703
0.032417
0.04639
0.024335
1.0228
0.76679
0.99636
0.96761
1.3655
1.0186
1.0688
1.0527
0.77436
0.99494
0.79865
0.92465
0.90059
0.91136
0.85208
0.69247
1.1998
1.1661
1.1608
1.2919
1.7614
2.6639
3.0875
1.9306
0.43841
-0.19101
-0.72706
-0.83335
-0.80678
-1.5539
-3.0581
-3.1145
-2.493
-1.1744
-1.2163
-2.1937
-2.3584
-3.8624
-5.1259
-6.2161
-5.6803
-3.4791
-1.0923
-0.35673
-0.13387
-0.18344
-0.36026
-0.96184
-1.6473
-2.0968
-2.5519
-3.0146
-2.709
-3.8706
-5.4432
-6.1976
-6.6564
-7.6748
-8.2761
-9.4117
-8.3373
-6.8854
-4.114
-2.1418
-1.0265
-0.43135
-0.13165
-0.075259
-0.011919
-0.049858
-0.023341
-0.022184
-0.04159
-0.052441
-0.042901
-0.019633
-0.00869
0.0059518
0.016132
0.0098263
0.43053
0.15931
0.53595
0.14195
-0.080342
-0.046456
0.091643
-0.23419
-0.50011
-0.42523
-0.032574
0.19733
0.30996
0.48009
0.58907
0.8479
1.0467
1.0612
1.2158
1.4738
1.2034
1.1352
1.1072
0.9364
0.54364
-0.053908
-0.70029
-1.3725
-1.773
-2.0726
-1.9435
-2.3423
-3.6772
-4.0563
-3.337
-3.1186
-4.4385
-4.4503
-4.1032
-4.4105
-5.5471
-5.9964
-5.3136
-3.3088
-1.2936
-0.38501
-0.23246
-0.44079
-1.1664
-2.557
-4.6612
-4.3087
-4.5519
-4.743
-4.6387
-6.2385
-7.3683
-7.9514
-8.3223
-9.7026
-10.475
-9.6202
-7.4098
-5.8397
-3.4321
-3.4745
-1.6405
-0.57104
-0.19803
-0.061872
-0.0053861
-0.062056
-0.030706
-0.011337
-0.017635
-0.029722
-0.047042
-0.034952
-0.0039362
0.017989
0.021818
0.052401
1.2071
0.50896
0.24884
-0.41082
-0.37709
-0.047509
-0.07645
-0.30753
-0.40793
0.16105
0.32445
0.024889
0.13565
0.46228
0.52138
0.60139
0.74755
0.99873
1.1022
1.2981
1.3491
1.445
1.4878
1.7251
2.1723
2.8427
2.6974
1.8361
1.0362
0.62029
0.13073
-0.21302
-0.65212
-1.5089
-2.9339
-3.561
-3.2288
-2.7426
-2.9528
-3.8108
-4.2218
-3.9186
-4.0588
-4.7832
-5.4753
-4.9261
-4.3343
-2.8735
-1.8313
-1.9359
-3.7741
-4.5358
-6.1574
-6.9901
-7.4607
-8.4178
-8.6668
-9.2947
-9.7774
-10.068
-9.8627
-10.21
-10.918
-10.613
-5.9431
-4.1038
-2.4823
-1.6475
-0.76543
-0.17109
-0.0075262
-0.0203
-0.016629
-0.014546
-0.016301
-0.0074189
-0.00033777
0.0066734
0.026399
0.033546
0.075533
0.067833
0.078906
0.040903
0.045794
0.12444
0.17356
1.2034
0.51741
0.19376
0.2103
-0.17275
-0.8747
-1.293
-1.498
-1.7455
-1.5682
-1.5605
-1.4898
-1.1859
-0.96155
-0.76746
-0.45211
-0.28194
-0.18313
-0.16691
-0.13628
-0.11703
-0.15856
-0.13532
-0.068062
-0.03546
-0.024326
0.03053
0.058034
-0.020628
-0.071811
-0.23138
-0.33745
-0.61321
-1.0331
-1.2946
-1.5202
-1.6569
-1.6013
-1.7718
-2.0215
-2.2452
-2.5099
-2.3195
-2.1966
-2.2014
-2.0651
-1.925
-1.6318
-1.546
-1.4118
-1.1937
-0.98732
-0.88103
-0.74858
-0.64907
-0.55785
-0.60009
-0.61606
-0.65059
-0.59352
-0.47832
-0.57656
-0.78148
-0.89304
-0.99507
-1.148
-1.2077
-1.1938
-1.2435
-1.3174
-1.2928
-1.2704
-1.3621
-1.3633
-1.2955
-1.2537
-1.2791
-1.2717
-1.2567
-1.2645
-1.2593
-1.1481
-1.1372
-1.0443
-0.89343
-0.77946
-0.76357
-0.76481
-0.72548
-0.75248
-0.73766
-0.78582
-0.84233
-0.89766
-0.90692
-0.88193
-0.91195
-0.96407
-0.99397
-0.97726
-1.0798
-1.0266
-1.0019
-1.058
-1.065
-1.0763
-1.0473
-1.0123
-1.0058
-0.99026
-0.92117
-0.91971
-0.92444
-0.89022
-0.8741
-0.85519
-0.89979
-0.89398
-0.87035
-0.89057
-0.90817
-0.87865
-0.90314
-0.91289
-0.91269
-0.89463
-0.90309
-0.91913
-0.92598
-0.90934
-0.92848
-0.93202
-0.91913
-0.94031
-0.93226
-0.94187
-0.97342
-0.93483
-0.90551
-0.9201
-0.93861
-0.97014
-0.87119
-0.88191
-0.87402
-0.87574
-0.87365
-0.84078
-0.84307
-0.88662
-0.86224
-0.8738
-0.90279
-0.88128
-0.87897
-0.8109
-0.83341
-0.83503
-0.84038
-0.8364
-0.86777
-0.82468
-0.86818
-0.86922
-0.87271
-0.87287
-0.9233
-0.90465
-0.93216
-0.94288
-0.91804
-0.9109
-0.87458
-0.88898
-0.8867
-0.88246
-0.88523
-0.94009
-0.87781
-0.88584
-0.86084
-0.892
-0.85745
-0.87641
-0.87136
-0.88244
-0.91014
-0.89382
-0.88924
-0.8937
-0.90039
-0.89341
-0.88595
-0.90132
-0.87576
-0.89083
-0.88962
-0.87194
-0.85422
-0.87462
-0.86417
-0.84151
-0.82068
-0.85855
-0.83563
-0.87558
-0.86946
-0.87144
-0.87407
-0.8727
-0.87086
-0.88679
-0.88408
-0.89826
-0.89993
-0.87299
-0.89782
-0.8948
-0.88872
-0.87095
-0.87059
-0.85837
-0.75492
-0.64228
-0.62047
-0.48023
-0.34893
-0.38229
-0.33507
-0.28403
-0.27144
-0.27162
-0.23759
-0.18576
-0.19689
-0.16259
-0.090173
-0.027983
0.084977
0.18712
0.23159
0.33797
0.41754
0.40752
0.44421
0.46
0.23176
0.24487
-0.55029
-1.6734
-1.7563
-2.3791
-4.4552
-5.9535
-5.1885
-5.7682
-6.7306
-6.0976
-5.168
-5.2919
-6.6339
-6.3514
-6.6184
-7.2765
-8.0601
-7.9768
-7.4049
-6.9396
-7.0556
-4.5646
-2.3483
-0.93376
-0.24868
-0.24052
-0.49288
-0.45249
-0.56168
-0.90414
-1.1586
-0.7275
-0.97306
-1.979
-3.2769
-4.2132
-4.348
-4.4412
-5.374
-6.2652
-5.4797
-4.4214
-2.6393
-1.3012
-0.81767
-0.47096
-0.041598
-0.0095294
-0.010242
-0.030947
-0.054474
-0.038704
-0.0019361
-0.0024681
-0.040721
-0.041768
-0.045132
-0.033432
-0.016435
-1.4025e-05
0.10175
0.076318
-0.25943
-1.196
-2.1281
-2.6319
-2.2419
-2.2741
-1.8179
-1.2075
-0.69846
-0.6046
-0.076822
-0.014309
0.048311
0.09779
0.13606
0.20494
0.2491
0.25746
0.46815
0.65834
1.2995
2.2796
2.9759
1.9207
1.8405
2.3723
2.0478
1.7647
1.1304
-0.41667
-0.97959
-1.2923
-1.7476
-2.814
-3.7796
-4.5762
-5.1334
-5.3692
-3.8069
-1.9509
-1.2432
-2.2123
-3.3112
-3.5731
-4.0183
-4.6792
-4.2082
-4.5657
-5.5808
-6.3756
-6.9955
-6.7004
-3.5175
-1.7093
-0.66268
-0.4728
-0.035938
-0.0028333
-0.0025639
-0.036923
-0.0034793
-0.0081822
-0.01029
-0.0020728
0.016818
0.028063
0.037099
0.062171
0.081064
0.085534
0.043704
0.072656
0.010002
0.06982
0.3357
0.11922
0.33021
0.21086
0.11373
0.21634
0.20601
0.1124
0.065043
0.1789
0.22266
0.39283
0.47031
0.59876
0.61079
0.87134
1.0414
0.34709
-0.62004
-1.7597
-2.4485
-3.3742
-3.3485
-3.382
-3.5719
-4.0984
-4.3836
-4.3525
-4.2068
-3.5565
-3.3156
-4.1167
-5.2226
-5.6285
-5.2519
-4.589
-3.7636
-2.1311
-1.1575
-1.4203
-2.0428
-2.6264
-2.7381
-2.6885
-2.7757
-3.169
-3.7304
-4.492
-5.1032
-5.7094
-5.3337
-5.0099
-5.0028
-2.3103
-1.5014
-0.94876
-0.50024
-0.18215
-0.027782
-0.012903
-0.0024347
-0.011765
-0.010052
0.0040103
0.0051172
-0.0006916
0.012679
0.052869
0.039607
0.03883
0.041266
0.13397
0.14944
0.3326
0.25828
0.05335
-0.22206
-0.027047
0.051221
0.0087032
-0.064608
-0.03674
-0.16577
-0.30786
-0.21909
-0.064761
0.059938
0.1569
0.28565
0.50794
0.53852
0.53926
0.92621
1.4548
0.23481
0.28164
0.26316
-0.51293
-1.4585
-1.2732
-1.5302
-1.5175
-1.2809
-1.9213
-2.5683
-2.8499
-3.7089
-4.4344
-4.7694
-5.0392
-4.4929
-3.8845
-1.4834
-0.49559
-0.29311
-0.47387
-1.0093
-1.5738
-1.7558
-1.7754
-3.1319
-4.3637
-4.4094
-5.1189
-5.0499
-2.8026
-1.5594
-0.79992
-0.38063
-0.2008
-0.0095773
-0.0011949
0.0021366
-0.0072543
-0.0027573
0.016152
0.012305
0.018965
0.048577
0.069894
0.055129
0.057595
0.09706
0.097662
0.034814
0.12285
0.095223
0.49737
0.40179
0.73638
0.38122
0.29212
0.18564
0.24664
0.31416
0.23387
0.23631
0.32147
0.44441
0.4403
0.72906
0.86288
0.99695
0.97221
1.4537
2.0028
1.6863
0.89409
0.22895
-0.50479
-0.82862
-0.76416
-0.54989
-1.046
-1.7371
-2.0207
-2.0538
-1.5018
-1.3098
-1.3716
-1.8895
-2.4497
-3.6821
-4.5462
-5.2759
-5.7323
-5.6127
-5.0483
-2.8801
-3.339
-3.2509
-3.3662
-4.0435
-4.1979
-5.1483
-6.3462
-6.8773
-7.113
-7.2102
-7.6841
-7.637
-4.247
-2.7731
-1.3365
-0.66118
-0.28926
-0.019712
-0.0048135
-0.010767
-0.0024959
-0.014327
-0.0041215
0.0039497
-0.004136
-0.015404
0.010425
0.032977
0.027466
0.018258
0.051693
0.029312
0.036176
0.058413
0.073462
0.48052
0.52553
0.35745
0.094565
0.15782
0.050594
-0.095253
-0.14554
-0.2697
-0.097604
0.017812
0.15692
0.19612
0.32587
0.38652
0.46719
0.40986
0.3308
0.17587
-0.55801
-1.6636
-2.6273
-3.7301
-3.7235
-2.9157
-3.6866
-4.272
-4.8994
-4.8852
-4.528
-4.3644
-4.1165
-4.2545
-4.5469
-5.0274
-6.446
-7.3092
-7.3088
-6.3082
-5.6474
-1
-1.3811
-2.4116
-3.249
-2.9787
-2.916
-3.3017
-3.75
-4.9918
-5.9587
-6.2649
-6.3075
-7.1627
-8.0638
-8.5155
-4.3918
-2.4451
-1.2737
-0.51942
-0.37114
-0.036618
-0.0060325
-0.0039172
-0.0021272
-0.0016458
-0.0024548
0.0098211
0.015294
0.014429
0.030484
0.031578
0.056233
0.12202
0.081124
0.04175
0.071173
0.077856
0.22376
0.12612
0.51534
0.57012
0.61196
0.48277
0.36189
0.25789
0.17915
0.22786
0.32281
0.41078
0.55629
0.75047
1.0208
0.91676
1.0124
1.2915
1.5063
1.256
-0.0070838
-0.9263
-1.5442
-1.6681
-1.247
-1.3539
-2.0991
-3.1493
-3.2343
-3.2112
-2.799
-2.3558
-2.2022
-2.7351
-3.2413
-4.0553
-5.1582
-6.3611
-6.8431
-5.4617
-1.6588
-2.5543
-3.1496
-3.1761
-2.8832
-2.987
-3.4549
-3.7249
-4.8756
-4.8549
-5.4042
-5.8039
-6.7388
-6.5886
-3.2965
-2.2132
-1.1275
-0.37896
-0.29425
-0.0068939
-0.0039318
-0.010499
-0.0011156
-0.015679
-0.0059848
0.011499
0.036324
0.037577
0.050109
0.052718
0.082707
0.10691
0.1154
0.071005
0.099795
0.49794
0.32435
0.30762
0.51907
0.5721
0.4972
0.33865
0.27857
0.13127
0.14045
0.22182
0.25025
0.36171
0.42723
0.55066
0.70039
0.86622
0.75599
1.0055
1.3342
0.94858
-0.18672
-0.50825
-1.3782
-1.7132
-1.3854
-1.8182
-2.5163
-2.861
-2.6658
-2.2252
-2.4766
-2.0803
-2.6649
-2.9062
-2.4793
-2.6626
-2.5214
-1.1895
-0.23751
-0.027918
-0.087049
-0.60088
-1.0102
-1.4409
-1.3419
-1.1281
-1.3156
-2.2571
-3.3663
-4.2817
-5.0783
-5.7754
-6.1975
-6.7456
-4.1781
-2.7972
-1.4347
-0.59289
-0.38122
-0.00468
-0.0037976
-0.0067941
-0.019077
-0.015033
-0.0039894
-0.0097018
-0.0065108
-0.0052308
0.02359
0.036157
0.032891
0.045911
0.059683
0.046739
0.041255
0.25263
0.070709
0.029108
0.12285
0.1996
0.33534
0.23487
0.12583
0.038273
-0.0073829
0.085473
0.14998
0.25198
0.37194
0.44187
0.63089
0.80757
0.8779
1.0694
1.2706
0.8383
-0.26776
-1.1379
-1.7136
-2.2571
-2.0975
-1.7944
-2.406
-2.6677
-2.4255
-3.2226
-3.4865
-3.0851
-2.4966
-3.0092
-3.3619
-2.8332
-2.9026
-2.1332
-0.76458
-0.21832
-0.17045
-0.44207
-1.0551
-1.4403
-1.406
-1.2308
-1.1054
-0.78284
-1.7194
-2.5814
-3.233
-3.9909
-4.7735
-4.917
-2.1526
-1.293
-0.57774
-0.19304
-0.14416
-0.0010801
-7.139e-06
0.0098618
0.009768
0.012784
0.012236
0.038938
0.061394
0.042363
0.062794
0.068988
0.066855
0.077236
0.074773
0.030497
0.03505
0.37647
0.054652
0.059183
0.21837
0.32122
0.38889
0.4056
0.25133
0.08193
-0.019777
0.004262
0.12088
0.24526
0.35005
0.47757
0.65931
0.85164
0.84368
1.1953
1.6182
1.6245
0.78397
0.26577
-1.2319
-1.8638
-1.5984
-1.6277
-1.6469
-2.7509
-3.243
-2.4927
-2.5021
-2.0912
-1.9447
-2.7178
-3.8221
-4.5993
-5.5139
-5.4114
-4.4521
-3.9618
-3.4221
-1.5596
-1.7806
-2.2479
-2.3798
-2.0352
-2.9586
-4.1147
-4.6896
-5.3694
-5.3393
-6.1562
-7.3682
-7.1743
-5.645
-4.0769
-2.0119
-0.74839
-0.45011
-0.029495
-0.0087015
-0.065602
-0.044281
-0.02263
-0.0066516
0.00019619
-0.0043173
-0.014288
0.0060636
0.010779
0.005927
0.022883
0.047023
0.049828
0.052187
0.02915
0.044151
0.13942
0.40971
0.11596
0.15511
0.15134
0.17061
0.05201
0.018036
0.089063
0.19811
0.25628
0.36217
0.48532
0.72325
0.95287
1.0641
1.2288
1.1695
0.81062
-0.36427
-0.92175
-1.9881
-2.171
-1.8586
-1.4808
-2.6022
-3.32
-2.9438
-3.3633
-3.2454
-2.8125
-2.6955
-2.915
-3.5574
-4.7437
-5.6968
-5.7983
-5.8243
-5.3807
-4.5235
-3.3253
-1.3923
-0.66963
-1.764
-1.6322
-1.7536
-2.0284
-2.2496
-3.1491
-4.1035
-4.7726
-5.1071
-5.616
-6.4137
-3.0284
-2.1145
-1.0801
-0.39602
-0.25345
-0.0088222
-0.0098894
-0.028684
-0.003839
-0.0081307
0.00048584
0.022603
0.016651
0.018606
0.044784
0.030138
0.014513
0.05145
0.062136
0.042931
0.038773
0.11534
0.082388
0.25905
0.3875
0.24448
0.19959
0.19605
0.12604
0.15002
0.15815
0.23552
0.35059
0.45437
0.55844
0.74045
0.93906
0.93153
1.1016
1.3571
1.3512
0.8535
-0.26358
-0.66652
-1.5997
-1.2878
-1.1646
-1.6468
-2.6529
-3.0557
-3.5413
-3.606
-3.0329
-3.0608
-3.3926
-3.9874
-4.5488
-5.6729
-6.7187
-6.539
-6.4679
-6.203
-5.4577
-2.9067
-0.98599
-0.71979
-1.7927
-1.5906
-1.4926
-2.0127
-3.0427
-4.2559
-4.6448
-5.1861
-4.9927
-4.9537
-2.8548
-1.1705
-0.52814
-0.24786
-0.19169
-0.0027474
-0.00067915
0.0090091
0.0060928
0.0012217
0.016399
0.018408
0.047725
0.049782
0.048758
0.070944
0.083032
0.10054
0.11333
0.054014
0.049653
0.17321
0.088938
0.81168
0.55184
0.36098
0.088299
0.18998
0.42013
0.58256
0.25014
0.32279
0.43287
0.58097
0.69924
0.95458
1.079
1.1758
1.1921
1.6163
2.0731
2.5045
1.8168
0.70145
0.29148
-0.88177
-0.77375
-0.35746
-1.3958
-2.1303
-2.6995
-1.9393
-1.7972
-2.0848
-1.7314
-2.1062
-2.5241
-3.4444
-4.4185
-5.3157
-5.0986
-3.9604
-2.8933
-1.2187
-0.39821
-0.10407
-0.15527
-0.42693
-0.49001
-0.68312
-1.596
-3.0337
-3.8498
-3.8802
-4.597
-5.6712
-6.1539
-4.2793
-3.8018
-1.4764
-0.59614
-0.3158
-0.022102
-0.0082792
-0.0074664
-0.0029273
-0.011173
0.0018052
0.037795
0.02783
0.033566
0.029506
0.034286
0.056779
0.077935
0.094796
0.025376
0.043646
0.091635
0.12247
0.6631
0.51042
0.11174
-0.087866
0.072695
0.27481
0.07522
-0.053636
-0.012031
0.1175
0.2267
0.3474
0.54409
0.75646
0.65779
0.71501
0.88168
0.77841
0.17662
-0.73097
-1.4384
-2.1808
-2.6327
-1.661
-2.0398
-3.1195
-3.2943
-3.7476
-4.6795
-4.1288
-3.3528
-3.1951
-3.4493
-3.8738
-4.7573
-6.4616
-7.1612
-7.1808
-6.3681
-5.6169
-2.9914
-1.2436
-0.68419
-1.2626
-2.0229
-3.3404
-4.3365
-5.3789
-6.1349
-6.3033
-6.6772
-6.7901
-7.1351
-3.9969
-2.533
-1.1798
-0.50268
-0.43436
-0.0067998
-0.0070601
-0.026486
-0.010309
-0.0079279
0.0028473
0.012367
0.02635
0.019353
0.037062
0.048247
0.050239
0.073528
0.082146
0.058272
0.013055
0.075222
0.24052
0.17906
0.27446
0.082306
-0.2326
-0.17462
-0.031649
-0.14719
-0.15176
-0.052507
0.11113
0.19469
0.33088
0.48496
0.70131
0.97471
0.95144
0.91985
1.362
1.116
0.44142
-0.30745
-0.79888
-1.4795
-1.7238
-1.2979
-2.0089
-2.8732
-3.4372
-3.1144
-3.141
-2.7673
-2.1999
-2.7466
-3.2507
-3.9674
-4.7533
-5.3071
-5.1981
-4.8321
-4.4855
-2.4313
-0.75903
-0.28742
-0.54484
-0.98622
-0.79148
-0.93281
-2.12
-2.852
-3.753
-4.1611
-5.9884
-6.3341
-3.0017
-2.0937
-1.1196
-0.56062
-0.34608
-0.0053992
-0.0047562
-0.01485
-0.01107
-0.019386
-0.0042073
0.0082022
0.0032479
0.024774
0.056604
0.041764
0.045518
0.088825
0.093246
0.06691
0.093509
0.08006
0.083566
0.83877
0.57466
0.41821
0.3072
0.29763
0.48953
0.31802
0.33968
0.46818
0.4881
0.51288
0.6677
0.69455
0.95194
1.1686
1.0867
1.2417
1.5847
1.3934
0.64127
0.099791
-0.80824
-1.3879
-1.1859
-1.4056
-2.1291
-2.712
-2.4077
-2.4175
-2.5636
-2.3092
-2.2136
-2.6615
-3.0481
-4.0966
-5.5386
-5.9246
-4.9317
-3.9828
-3.294
-1.9594
-0.64931
-0.23762
-0.4026
-1.0753
-1.1467
-1.9021
-3.2003
-4.5417
-4.649
-5.035
-5.5238
-5.9322
-3.7192
-1.92
-1.0184
-0.43118
-0.24797
-0.0096262
-0.003859
-0.0010662
-0.00057635
-0.0078391
0.0034646
0.043118
0.025967
0.015391
0.057914
0.073634
0.059203
0.061056
0.091446
0.042344
0.024117
0.12401
0.075557
0.52295
0.44691
0.31808
0.035228
0.068712
0.24913
0.2505
0.18437
0.26065
0.3469
0.42694
0.46402
0.6897
1.0143
1.1087
1.2381
1.9691
3.011
3.0762
1.8469
1.2568
0.72139
-0.74968
-1.0348
-0.26871
-0.41535
-1.5309
-2.8109
-2.6807
-2.3765
-2.2395
-1.9384
-2.2976
-2.835
-3.6795
-4.8114
-5.242
-5.3832
-5.2727
-4.3261
-2.2068
-0.71821
-0.44287
-0.73049
-1.0521
-0.88742
-1.366
-2.2335
-3.0279
-3.7908
-4.4647
-5.2062
-5.296
-2.9738
-1.9224
-1.0101
-0.49823
-0.3325
-0.00096423
-0.0037292
-0.0066595
-0.0027326
0.00098341
0.0057414
0.0079681
0.014149
0.040138
0.033986
0.047367
0.068097
0.06392
0.055514
0.08183
0.089245
0.10687
0.063821
0.79552
0.92104
1.2047
1.3266
1.094
0.92049
0.56197
0.48075
0.52029
0.61079
0.74026
0.76448
0.93876
1.1504
1.3424
1.4569
1.7779
2.3659
2.4491
1.8489
1.2678
0.033865
-0.83625
-1.1872
-0.41049
-0.71114
-1.7375
-1.8934
-1.9861
-1.5646
-1.4862
-1.5002
-1.9404
-2.109
-3.1334
-4.9546
-5.3881
-5.6309
-4.8861
-3.8748
-2.35
-0.87628
-0.52294
-1.2749
-0.96766
-0.82349
-1.9336
-3.101
-4.3685
-4.3664
-4.6922
-6.0662
-6.7695
-4.4934
-3.3059
-1.4119
-0.54515
-0.31825
-0.0044458
-0.0051202
-0.031774
-0.012743
-0.010918
-0.0028484
0.024474
0.029142
0.0065757
0.018457
0.032905
0.035592
0.036702
0.075097
0.046435
0.095545
0.077234
0.078281
1.4279
0.49309
0.56296
0.18257
0.081349
0.098496
0.00050125
-0.14615
-0.084246
0.044137
0.17318
0.27074
0.45142
0.61671
0.75621
0.88885
1.2862
1.7997
1.1046
0.61407
-0.083012
-1.4533
-2.1997
-1.8518
-1.8031
-2.9606
-3.6128
-4.0239
-4.2459
-3.4338
-3.5162
-4.0922
-4.3317
-4.4519
-5.2163
-6.224
-7.1184
-7.4878
-6.4085
-4.5699
-2.4526
-1.1329
-0.81705
-1.1248
-1.4817
-1.7991
-2.0887
-3.3783
-4.4995
-5.0717
-5.6311
-6.1526
-6.1752
-4.1113
-2.332
-0.73054
-0.40596
-0.23257
-0.004128
-0.0038556
-0.0019186
-0.005069
0.003599
0.008098
0.015267
0.035788
0.02609
0.020772
0.051713
0.067893
0.10338
0.08043
0.039039
0.061211
0.0096292
0.090258
1.545
0.45742
0.42896
0.19079
0.22332
0.31252
0.11358
0.1185
0.20541
0.2882
0.29812
0.39715
0.60613
0.77338
0.83775
0.95848
1.1588
1.6179
1.1432
0.11849
-0.76146
-1.8785
-2.1178
-1.5216
-2.3555
-3.3022
-3.8158
-4.5976
-4.9095
-4.1331
-3.6754
-3.7654
-4.0361
-4.71
-5.7652
-7.2524
-7.8432
-7.3885
-6.211
-5.784
-3.5427
-1.6794
-0.95101
-0.99663
-1.8434
-1.9395
-2.7124
-3.8212
-4.6124
-4.7216
-5.3646
-5.6294
-6.0184
-3.3013
-1.827
-0.88027
-0.33886
-0.22244
-0.0035292
-0.0031108
0.0023359
-0.00065859
-0.0030605
0.010892
0.023294
0.022777
0.043346
0.05404
0.052511
0.0481
0.11385
0.10118
0.045264
0.05222
0.011801
0.078756
0.55401
0.47032
0.43026
0.0963
-0.1515
-0.18975
-0.31754
-0.48915
-0.29339
-0.09003
-0.0026263
0.078675
0.20582
0.23914
0.19978
0.12148
0.070004
-0.54245
-1.597
-2.0499
-2.2349
-3.1309
-3.3397
-2.8743
-3.559
-4.6616
-5.0077
-4.9703
-4.4822
-4.3855
-4.1941
-4.4233
-4.667
-4.8872
-5.544
-6.5361
-7.259
-6.5746
-5.6614
-4.0751
-1.58
-2.1718
-2.245
-2.2559
-2.1203
-2.4884
-4.0741
-5.5803
-6.5655
-6.9641
-7.0846
-7.6621
-8.1892
-5.8456
-4.1779
-1.7437
-0.88374
-0.51906
-0.058976
-0.0048089
-0.0090293
-0.031295
-0.01181
-0.020376
-0.012145
-0.013333
-0.019012
0.0028935
0.0077931
0.019456
0.035188
0.050353
0.02823
0.050934
0.079689
0.048058
0.48151
0.57037
0.26626
0.05386
-0.039438
-0.14597
-0.2539
-0.23722
-0.11808
0.043043
0.11277
0.18375
0.32623
0.45585
0.4439
0.52996
0.83831
1.2602
0.69101
-0.42925
-1.0175
-2.0997
-2.9314
-2.7109
-1.8587
-1.8154
-3.1003
-4.0843
-3.6649
-2.9676
-2.3637
-2.047
-2.6969
-3.9126
-5.0352
-5.7641
-6.4322
-5.5615
-5.4826
-5.431
-4.0528
-1.8731
-0.75317
-1.7202
-2.215
-2.2181
-2.1132
-2.4823
-3.4451
-4.1477
-4.712
-5.3808
-5.8032
-6.098
-2.8216
-1.4006
-0.69492
-0.32057
-0.21983
-0.0044954
-0.0014084
0.0010386
0.0049651
0.00072049
0.015074
0.020813
0.01708
0.032527
0.049479
0.039289
0.035916
0.070729
0.059897
0.037154
0.06236
0.10544
0.083545
0.6968
0.40268
0.18004
0.12172
0.17444
0.065538
-0.058767
-0.0087026
0.12328
0.21025
0.31983
0.32003
0.49328
0.57321
0.54187
0.64466
0.6937
0.57387
-0.30199
-0.7538
-1.418
-2.3551
-3.0827
-2.6793
-2.8053
-3.7712
-4.5942
-4.4322
-4.4508
-4.4358
-4.0553
-4.0472
-4.4536
-5.2168
-6.4989
-7.2316
-7.8653
-7.5713
-6.2353
-5.2284
-2.9881
-1.3746
-2.8949
-2.7823
-2.5247
-2.5636
-3.7798
-5.1865
-6.3498
-7.0064
-7.604
-7.7898
-8.5379
-5.1584
-3.491
-1.6059
-0.64348
-0.38212
-0.0067162
-0.0099542
-0.031382
-0.017365
-0.027039
-0.0090193
0.0057824
0.015212
0.012151
0.0041846
0.020308
0.025759
0.049862
0.07212
0.02275
0.12106
0.064537
0.068847
0.2831
0.55152
0.44517
0.33352
0.22578
0.32925
0.20177
0.087057
0.12444
0.24128
0.30481
0.48649
0.70488
0.87027
0.98388
0.89734
1.1078
1.1834
0.97537
0.29114
-0.37857
-0.75742
-1.2173
-1.1941
-1.5113
-2.6101
-3.3339
-3.5852
-3.4206
-3.3197
-3.062
-2.7632
-2.6281
-3.2603
-4.8856
-6.4419
-6.6486
-6.0826
-5.1763
-4.3607
-2.7206
-3.1045
-3.4373
-3.3391
-3.2912
-3.9432
-4.518
-5.831
-6.4305
-6.8612
-6.3451
-7.583
-8.5674
-6.0157
-3.5632
-1.2754
-0.55811
-0.37834
-0.017941
-0.0093569
-0.0056484
-0.010591
-0.0012453
0.010687
0.010009
0.02842
0.037478
0.032334
0.04024
0.062148
0.094555
0.12413
0.1141
0.040981
0.14782
0.12028
0.27734
0.37302
0.066677
-0.15174
-0.13277
-0.0063801
0.069963
0.13897
0.23736
0.28698
0.3471
0.49872
0.57584
0.84687
0.85867
0.79895
1.2837
1.6121
1.0755
0.26735
-0.277
-1.2953
-2.1508
-1.9329
-2.0807
-2.9666
-3.814
-4.1949
-4.7894
-4.4106
-3.747
-2.9374
-3.3137
-4.8174
-6.3942
-7.2503
-6.3961
-5.1269
-4.3054
-4.5936
-3.3781
-1.513
-0.90763
-0.90473
-2.1202
-2.0074
-2.5481
-3.0886
-3.2669
-4.4016
-4.8844
-5.0337
-5.9831
-6.0516
-3.194
-1.6422
-0.74877
-0.26379
-0.24401
-0.002157
-0.0027505
-0.0045207
-0.00071537
-0.0073915
0.0084162
0.032746
0.013106
0.038657
0.056701
0.050208
0.060985
0.077749
0.11746
0.058698
0.1155
0.043191
0.14369
2.0714
0.56478
0.35589
0.13687
0.23835
0.3662
0.083238
-0.017298
0.11462
0.20841
0.23952
0.38552
0.53346
0.84118
0.95017
1.1231
1.2112
1.1965
0.32363
-0.85388
-1.2049
-1.679
-2.1748
-2.0011
-2.0378
-2.7045
-3.8261
-4.102
-4.212
-4.0256
-3.7343
-3.5971
-3.7629
-3.8438
-4.7855
-6.5071
-7.5402
-7.4878
-6.0797
-4.8008
-2.6377
-1.217
-0.98655
-1.1679
-2.3851
-2.5225
-3.0019
-3.9835
-4.7285
-4.7829
-5.3949
-6.337
-6.8863
-4.1388
-2.0399
-0.98651
-0.3379
-0.23764
-0.010436
-0.0011655
0.0011748
-0.003226
0.0039032
0.017171
0.019653
0.03362
0.019505
0.047072
0.059386
0.066686
0.071734
0.097177
0.050238
0.08344
0.13368
0.010409
1.6842
0.58633
0.41434
0.18776
0.19074
0.44064
0.2558
0.18365
0.32856
0.35124
0.46399
0.49043
0.60779
0.95193
1.1221
0.96355
1.5009
1.9603
1.2086
-0.023914
-0.7383
-1.9149
-2.6679
-2.3414
-1.5332
-2.507
-3.6465
-4.0729
-4.044
-3.5751
-3.1974
-3.2611
-3.9368
-5.0008
-5.808
-6.8201
-6.8018
-6.7879
-6.5158
-5.4713
-3.6984
-1.4639
-2.8339
-2.7064
-3.1682
-3.6572
-4.1571
-5.4669
-6.2507
-5.9476
-6.4327
-7.3169
-8.1465
-4.1904
-2.2508
-1.1283
-0.48399
-0.3791
-0.00055755
-0.01017
-0.005282
-0.01683
-0.02442
-0.0024508
0.0071685
1.8749e-05
-0.0010563
0.02394
0.027183
0.021914
0.04335
0.045541
0.029417
0.037579
0.49289
0.30102
0.063823
0.14533
0.32429
0.32109
0.39534
0.52924
0.51638
0.26513
0.13438
0.2275
0.31873
0.42341
0.44549
0.53366
0.84845
0.92646
1.1118
1.6231
2.1231
1.5239
0.30775
-0.52008
-0.99787
-1.71
-1.5365
-1.5469
-2.3979
-3.2093
-4.0582
-3.9811
-4.023
-3.3915
-3.0119
-2.9911
-4.0647
-5.0222
-6.2657
-3.79
-1.7009
-0.73913
-0.69136
-1.2714
-2.1151
-2.0984
-2.5222
-2.0679
-2.0669
-3.235
-4.5278
-5.0209
-4.7282
-5.5416
-6.1209
-6.1467
-3.3519
-1.7449
-1.1373
-0.53339
-0.23497
-0.0020862
-0.0034014
-0.0052773
-0.010307
-0.012368
0.0016406
0.0095193
0.0011626
0.0091602
0.043158
0.043283
0.046224
0.063591
0.090448
0.040193
0.029895
0.12669
0.22678
0.22417
0.40572
0.19179
0.33385
0.15851
-0.059188
-0.12266
-0.037272
0.032637
0.17698
0.27811
0.36953
0.43775
0.56447
0.58976
0.61253
0.71445
0.59332
0.10921
-0.82297
-1.6251
-2.3978
-3.0293
-2.3317
-2.488
-3.1765
-4.1465
-4.5437
-4.5158
-4.4813
-4.2293
-4.0869
-3.8957
-4.2474
-5.0492
-6.3654
-7.3581
-6.7777
-6.5337
-5.2575
-1.9945
-1.0391
-0.86292
-1.2281
-1.6982
-2.292
-4.5773
-5.5002
-6.227
-6.6675
-7.4104
-7.7361
-7.8897
-6.6041
-5.6201
-2.8571
-1.166
-0.61053
-0.036902
-0.0054692
-0.067977
-0.032609
-0.024162
-0.041334
-0.034046
-0.027487
-0.021001
-0.010405
-0.017127
-0.0093683
0.020292
0.042359
0.017014
0.04811
0.047357
0.047276
0.98127
0.45639
0.32743
0.0065906
-0.14538
0.084637
0.0020739
-0.13342
-0.21563
-0.17328
-0.019867
0.12875
0.21565
0.34948
0.46664
0.58108
0.69318
0.94826
0.84686
0.13227
-0.66028
-1.6424
-2.3831
-2.8667
-2.557
-2.5412
-3.6283
-4.7451
-5.4343
-5.1828
-4.3603
-3.9741
-4.9551
-5.5347
-5.9172
-6.4639
-6.8693
-7.3788
-7.4012
-7.1226
-6.1493
-4.3756
-3.767
-4.0555
-3.8144
-4.2437
-4.1311
-5.0594
-5.4628
-6.075
-6.5759
-6.7401
-6.5251
-6.711
-3.0929
-1.6636
-0.90762
-0.4541
-0.25676
-0.00017287
-0.0026023
-0.046652
-0.0087008
-0.019595
-0.0080849
-0.0045921
0.0091826
0.019062
0.0074324
0.014211
0.039511
0.071568
0.049215
0.048379
0.06553
0.0045189
0.085221
2.0297
0.38012
0.41348
0.54644
0.63326
0.46143
0.21341
0.25621
0.28656
0.34668
0.53176
0.61022
0.77748
0.96101
0.97096
1.0517
1.5365
1.6179
1.5874
0.82485
-0.23471
-1.2291
-2.1944
-1.8167
-1.1363
-2.0627
-3.4516
-3.794
-3.8699
-3.429
-2.5225
-2.5714
-3.0933
-3.9
-5.5535
-6.5177
-6.7824
-5.9222
-4.5394
-4.2522
-2.0799
-2.6306
-3.1007
-2.9966
-3.206
-3.3513
-3.7471
-4.8292
-5.0229
-6.0025
-6.6393
-7.2886
-7.6914
-4.5277
-2.8113
-1.4262
-0.58752
-0.3194
-0.02067
-0.0088289
-0.049232
-0.0049667
-0.0080058
-0.0010314
0.015146
0.0013387
-0.0065044
0.0074502
0.0048917
0.012843
0.038812
0.042029
0.028815
0.045246
0.099403
0.48436
0.30313
0.37064
0.043541
-0.056598
-0.075739
-0.16255
-0.39472
-0.36381
-0.18212
-0.0063173
0.15896
0.28185
0.45567
0.50019
0.58526
0.78552
0.97683
0.85489
-0.1509
-1.1447
-1.6005
-2.5477
-2.8814
-2.5087
-1.5438
-1.8886
-2.3945
-2.5157
-2.5776
-2.8446
-2.2912
-1.8338
-2.4317
-3.5304
-4.8455
-5.7722
-6.4075
-6.3848
-7.2955
-7.7117
-8.1733
-6.5681
-4.9726
-4.7284
-5.8662
-7.7563
-7.5909
-7.4213
-7.5049
-8.2223
-8.5077
-9.1246
-9.4431
-9.5446
-7.2739
-5.9829
-3.2467
-2.9824
-1.289
-0.46136
-0.22436
-0.069113
-0.026364
-0.087645
-0.026811
-0.0036033
0.024839
0.014033
0.0056657
0.030403
0.065933
0.07534
0.098965
0.081514
0.090201
0.10913
0.85189
0.96377
0.55087
0.62356
1.2097
0.89252
1.2011
1.1425
1.2312
1.2161
1.1576
1.4373
1.2018
1.0194
1.0408
0.98048
1.3149
1.7915
2.0206
1.8431
2.1257
2.9281
3.0302
2.7302
1.9553
2.3344
2.1621
0.83921
1.2212
1.1329
-0.36418
-0.41897
-0.53963
-0.38571
-0.83134
-0.48665
-0.30822
-0.66353
-1.4425
-2.8721
-4.5315
-5.5425
-6.07
-6.2827
-6.6625
-7.3616
-6.8629
-6.1417
-6.6742
-6.9884
-7.0142
-7.5158
-9.0147
-10.134
-11.06
-11.533
-10.992
-11.496
-11.936
-11.126
-11.597
-12.19
-10.294
-10.417
-7.9364
-5.9378
-4.4294
-2.1171
-0.86061
-0.39477
-0.046616
-0.11912
-0.088397
-0.067285
-0.048935
-0.031726
-0.026447
-0.034748
-0.02027
0.00028962
0.027034
0.060015
0.050227
0.10585
0.080714
0.33397
0.71827
0.27626
0.4174
0.62573
0.41973
0.59991
0.64668
0.7465
0.89537
0.71762
0.88617
0.85931
0.79945
1.0231
0.80044
1.2577
1.8075
2.2641
2.7107
3.3453
3.8724
3.8239
3.2138
2.9291
2.8456
2.1824
1.4486
1.767
0.59824
0.43261
0.46238
-0.0097685
-0.83391
-0.83228
-0.25451
-0.65734
-1.8134
-3.4411
-5.159
-6.485
-6.9354
-7.2694
-7.0181
-7.6578
-8.1699
-9.0824
-8.3956
-7.6354
-7.9262
-8.4288
-8.7707
-9.8414
-10.773
-11.262
-12.133
-12.217
-12.283
-11.76
-11.32
-10.98
-9.9658
-9.6041
-8.6371
-8.5912
-7.0424
-5.6049
-4.175
-1.4709
-0.56226
-0.17949
-0.16647
-0.17793
-0.15357
-0.12677
-0.12395
-0.091353
-0.12913
-0.093684
-0.063608
-0.025817
-0.010382
-0.030428
-0.039089
0.055926
0.23394
0.54912
0.65136
0.79962
0.77379
0.72362
0.66017
0.79001
0.7877
0.83901
0.80146
0.6559
0.74201
0.77957
0.85992
1.0786
1.2571
1.3872
1.4608
1.9562
3.3844
5.1201
5.4918
5.3646
4.7779
3.3115
2.8405
3.3429
2.3038
1.1755
0.99548
1.1317
0.36099
-0.2824
-0.89371
-0.85557
-1.3198
-2.8774
-4.2841
-5.3233
-6.6646
-7.3794
-7.5421
-7.3802
-7.9891
-8.7391
-10.031
-9.4046
-8.837
-8.4428
-9.1513
-9.5809
-10.635
-11.004
-11.848
-11.714
-11.573
-9.7123
-10.982
-11.235
-9.8891
-9.5353
-7.5273
-7.4888
-7.0256
-5.9148
-4.1187
-1.2502
-0.49007
-0.09165
-0.027901
-0.15423
-0.049348
-0.12508
-0.067601
-0.062625
-0.1025
-0.088093
-0.081285
-0.13629
-0.17164
-0.15536
-0.20876
-0.155
0.034475
0.14941
0.41835
0.78932
0.9753
0.83598
0.86449
0.9203
0.98182
0.85284
0.85887
0.92182
0.85661
0.84144
0.97343
0.76615
1.0068
1.0627
1.2559
2.0469
3.4249
3.8229
5.1362
5.4021
5.4426
5.4663
4.4999
3.107
2.4542
1.5005
1.4027
1.5882
1.6395
1.1103
0.36597
-0.15051
-0.86789
-2.1739
-3.6951
-4.2955
-5.5112
-6.5471
-7.3072
-7.3072
-7.8689
-8.5164
-8.5443
-8.204
-8.7029
-8.5624
-9.0602
-9.6464
-10.748
-11.589
-11.541
-11.81
-11.599
-11.055
-11.131
-11.715
-9.9269
-8.9875
-7.9382
-6.6953
-7.0927
-5.662
-3.8462
-0.66341
-0.37865
-0.032516
-0.19215
-0.13184
-0.064406
-0.078519
-0.02791
-0.050351
-0.099629
-0.054152
-0.020712
0.0062402
0.10723
0.048417
0.058277
0.62167
0.3941
0.83616
0.81482
1.1533
1.4835
1.6399
1.3261
1.175
0.95526
0.96951
1.0743
1.1377
1.0728
1.2392
1.1931
1.3349
1.3161
1.2082
1.2674
1.3593
1.3486
1.2475
1.2504
1.3217
1.3587
1.3444
1.4426
1.4656
1.4639
1.3065
1.2108
1.0533
0.71697
0.26943
-0.053234
-0.41818
-0.75033
-1.0555
-1.2402
-1.4333
-1.5019
-1.6203
-1.8523
-2.0024
-1.9977
-1.9789
-1.9227
-1.8033
-1.5143
-1.4694
-1.4676
-1.3599
-1.1845
-1.0275
-0.7964
-0.63963
-0.59274
-0.51914
-0.32863
-0.25319
-0.20255
-0.19762
-0.24327
-0.29649
-0.36035
-0.47597
-0.47311
-0.54256
-0.64713
-0.63142
-0.71993
-0.80484
-0.87021
-0.7164
-0.88296
-1.1157
-1.1759
-1.2032
-1.2778
-1.2354
-1.1664
-1.1308
-0.99763
-0.89505
-0.86601
-0.86259
-0.85632
-0.92444
-0.83959
-0.75688
-0.78777
-0.83648
-0.84146
-0.75812
-0.72692
-0.73539
-0.68735
-0.6579
-0.6974
-0.6771
-0.77776
-0.86929
-0.89425
-0.95057
-0.89879
-0.89136
-0.81112
-0.87311
-0.863
-0.86144
-0.84426
-0.86056
-0.87258
-0.77341
-0.79271
-0.76586
-0.75107
-0.71995
-0.71497
-0.72301
-0.73851
-0.74454
-0.76499
-0.74285
-0.72019
-0.7501
-0.73069
-0.75034
-0.77189
-0.78854
-0.76339
-0.77617
-0.77077
-0.75724
-0.75531
-0.70106
-0.71124
-0.6762
-0.66598
-0.59126
-0.67912
-0.64821
-0.54586
-0.55249
-0.6275
-0.6308
-0.62063
-0.60099
-0.58984
-0.61533
-0.54971
-0.62207
-0.65247
-0.63838
-0.63535
-0.70629
-0.73269
-0.66168
-0.69328
-0.72432
-0.7315
-0.71372
-0.71816
-0.71801
-0.72731
-0.71509
-0.71811
-0.71492
-0.72141
-0.7181
-0.72403
-0.70881
-0.68619
-0.70232
-0.61874
-0.57559
-0.66598
-0.57146
-0.56487
-0.56838
-0.58093
-0.5986
-0.6041
-0.61069
-0.58047
-0.61553
-0.60807
-0.55476
-0.67002
-0.5653
-0.60673
-0.66635
-0.63296
-0.67151
-0.64466
-0.64355
-0.70735
-0.68913
-0.69274
-0.74478
-0.6554
-0.65227
-0.69756
-0.66389
-0.676
-0.66283
-0.65749
-0.58114
-0.56199
-0.56523
-0.61488
-0.60279
-0.64365
-0.56022
-0.53007
-0.59593
-0.59975
-0.59406
-0.61223
-0.62035
-0.6298
-0.58966
-0.64219
-0.58234
-0.63954
-0.58324
-0.57346
-0.61985
-0.60843
-0.59514
-0.67329
-0.58676
-0.55491
-0.64162
-0.65208
-0.51231
-0.58334
-0.55316
-0.59019
-0.53215
-0.51334
-0.54756
-0.50475
-0.50898
-0.53477
-0.53658
-0.51497
-0.47751
-0.49144
-0.46255
-0.50433
-0.41664
-0.49881
-0.52034
-0.4768
-0.52506
-0.49227
-0.482
-0.50128
-0.49651
-0.54085
-0.54193
-0.51356
-0.4981
-0.56615
-0.57591
-0.53512
-0.55655
-0.53287
-0.49338
-0.52353
-0.48468
-0.46941
-0.49782
-0.45593
-0.50801
-0.49227
-0.44867
-0.46101
-0.46966
-0.48877
-0.4827
-0.4123
-0.46663
-0.43195
-0.48054
-0.45849
-0.45137
-0.4663
-0.45508
-0.45238
-0.46569
-0.52819
-0.52614
-0.50757
-0.54877
-0.46751
-0.41655
-0.45943
-0.52531
-0.55797
-0.44443
-0.45945
-0.52315
-0.5072
-0.48351
-0.43317
-0.4649
-0.40255
-0.34596
-0.37398
-0.3558
-0.33979
-0.32908
-0.32351
-0.29423
-0.41944
-0.40578
-0.37294
-0.36285
-0.40435
-0.43144
-0.40435
-0.36565
-0.42109
-0.43191
-0.36983
-0.42677
-0.39092
-0.36967
-0.36035
-0.26116
-0.27548
-0.17931
-0.11955
-0.10778
-0.029767
0.0034592
-0.025064
-0.073463
-0.051243
-0.10084
-0.22107
-0.23045
-0.30513
-0.34003
-0.49728
-0.59781
-0.57076
-0.52675
-0.55893
-0.54594
-0.53083
-0.50766
-0.52429
-0.58925
-0.56133
-0.54747
-0.53053
-0.48773
-0.41326
-0.35684
-0.30722
-0.23764
-0.27178
-0.2534
-0.15564
-0.10615
-0.16701
-0.20912
-0.15722
-0.2076
-0.091231
-0.16163
-0.23539
-0.214
-0.16223
-0.20108
-0.2663
-0.28855
-0.25669
-0.3074
-0.32716
-0.29663
-0.38784
-0.26641
-0.20096
-0.30552
-0.24606
-0.20176
-0.24623
-0.25797
-0.15168
-0.23889
-0.18799
-0.20255
-0.2283
-0.22709
-0.1788
-0.25379
-0.28253
-0.26674
-0.26527
-0.23905
-0.24539
-0.054869
0.026192
0.83348
0.3518
-0.28717
-0.29875
-0.26826
0.065699
0.2517
-0.31323
-0.70457
-0.85249
-0.94833
-0.98603
-1.1075
-1.1073
-1.0337
-0.96238
-0.70692
-0.618
-0.60331
-0.51064
-0.3396
-0.22064
-0.26695
-0.26356
-0.20059
-0.12809
-0.096701
-0.10596
-0.22082
-0.364
-0.35266
-0.37032
-0.50774
-0.51961
-0.6402
-0.70175
-0.66923
-0.69764
-0.7446
-0.84038
-0.75244
-0.79367
-0.64257
-0.59218
-0.49782
-0.33389
-0.26572
-0.19168
-0.16909
-0.13354
-0.079418
-0.057895
-0.10925
-0.063717
-0.12395
-0.17914
-0.15793
-0.16864
-0.089963
-0.19136
-0.24819
-0.20101
-0.12907
-0.17917
-0.20206
-0.19488
-0.2451
-0.23065
-0.29199
-0.28396
-0.27685
-0.30996
-0.21962
-0.26415
-0.36328
-0.33544
-0.36126
-0.40408
-0.44885
-0.46916
-0.43304
-0.50502
-0.45104
-0.35929
-0.3572
-0.42578
-0.43513
-0.34819
-0.28673
-0.33631
-0.35348
-0.25092
-0.34315
-0.2639
-0.35999
-0.43285
-0.44635
-0.46692
-0.44915
-0.41453
-0.45822
-0.40115
-0.40388
-0.3997
-0.40152
-0.47026
-0.453
-0.35145
-0.51436
-0.42751
-0.40498
-0.44902
-0.42457
-0.53316
-0.46808
-0.42491
-0.505
-0.48035
-0.51628
-0.53851
-0.50339
-0.50337
-0.48976
-0.35633
-0.33505
-0.32004
-0.31644
-0.29132
-0.31851
-0.21033
-0.26135
-0.18227
-0.30327
-0.30575
-0.22258
-0.35131
-0.32175
-0.38654
-0.36121
-0.45029
-0.44135
-0.44324
-0.38611
-0.39697
-0.39619
-0.40804
-0.4357
-0.30326
-0.3762
-0.39195
-0.31025
-0.23814
-0.38006
-0.30663
-0.52779
-0.53489
-0.40213
-0.50284
-0.52699
-0.58962
-0.42
-0.34907
-0.34865
-0.24064
-0.32623
-0.31232
-0.22476
-0.29933
-0.39676
-0.40456
-0.34941
-0.37824
-0.49851
-0.50478
-0.42158
-0.491
-0.47053
-0.48818
-0.41679
-0.28556
-0.31665
-0.40779
-0.38694
-0.37806
-0.3839
-0.38595
-0.35298
-0.35879
-0.34436
-0.39437
-0.37116
-0.40346
-0.40616
-0.42708
-0.33861
-0.4173
-0.39685
-0.40231
-0.3864
-0.38952
-0.38599
-0.40458
-0.38043
-0.43749
-0.42498
-0.39512
-0.3987
-0.3308
-0.37251
-0.40694
-0.40081
-0.40334
-0.44531
-0.38533
-0.34856
-0.38716
-0.3962
-0.31879
-0.37243
-0.32501
-0.34877
-0.34911
-0.33449
-0.3406
-0.34104
-0.30911
-0.3233
-0.31382
-0.32556
-0.31193
-0.28944
-0.33102
-0.32627
-0.36593
-0.35003
-0.32495
-0.3055
-0.39728
-0.31282
-0.33487
-0.35166
-0.36157
-0.34782
-0.33025
-0.3569
-0.41203
-0.35774
-0.44746
-0.40445
-0.49427
-0.50814
-0.50496
-0.60629
-0.61556
-0.47683
-0.57728
-0.5645
-0.48266
-0.54396
-0.48641
-0.50366
-0.56412
-0.48004
-0.51103
-0.51029
-0.51514
-0.51128
-0.51439
-0.54075
-0.53713
-0.5438
-0.56153
-0.58776
-0.51296
-0.5708
-0.50509
-0.49326
-0.48566
-0.53442
-0.45343
-0.47142
-0.4561
-0.46674
-0.47941
-0.4324
-0.427
-0.42705
-0.42437
-0.40714
-0.41118
-0.48567
-0.42333
-0.40283
-0.37194
-0.38386
-0.4077
-0.38534
-0.43592
-0.43035
-0.44127
-0.44962
-0.43665
-0.46291
-0.45506
-0.45159
-0.43583
-0.51899
-0.49739
-0.50046
-0.53294
-0.46393
-0.43797
-0.45101
-0.45547
-0.42362
-0.43434
-0.52175
-0.50774
-0.5374
-0.543
-0.55133
-0.53328
-0.54378
-0.53422
-0.54302
-0.55139
-0.54668
-0.54769
-0.55043
-0.50978
-0.50587
-0.5069
-0.52023
-0.5331
-0.59935
-0.52792
-0.59093
-0.53891
-0.55041
-0.56609
-0.62731
-0.59941
-0.54127
-0.56205
-0.54635
-0.55372
-0.59219
-0.59193
-0.60431
-0.58866
-0.55696
-0.63103
-0.54258
-0.5134
-0.58738
-0.53229
-0.60155
-0.63152
-0.72262
-0.85189
-0.98635
-0.99412
-1.2509
-1.4311
-1.7148
-2.0664
-1.9712
-2.1104
-2.1533
-2.0143
-2.0275
-2.0669
-2.046
-1.6219
-1.4109
-1.4427
-1.5632
-1.4599
-1.7323
-1.8235
-1.6618
-1.5891
-1.7249
-1.6655
-1.3363
-0.61294
-0.27923
-0.1228
-0.024273
-0.00057977
0.022781
0.014772
0.02538
0.021976
0.03492
0.088194
0.085316
0.13109
0.14303
0.07307
0.057036
0.19376
2.6514
3.3072
3.3944
1.2049
-0.68367
-1.0583
-0.61233
-0.12691
-0.65904
-1.5335
-1.6722
-1.8679
-2.4353
-1.6171
-1.1208
-0.67636
-0.43874
-0.2136
-0.081267
0.06826
0.17409
0.088762
-0.83473
-0.98467
-0.60635
0.21834
-0.15737
-1.4349
-1.6267
-1.7201
-2.1523
-1.7347
-0.89176
-1.0227
-2.385
-2.9219
-2.6478
-1.4102
-0.30489
0.034165
0.20089
0.35907
0.41135
0.56732
0.55296
0.31323
0.56267
1.2468
2.1804
3.0001
4.0101
3.5857
1.2877
-0.92472
-2.6278
-4.6573
-5.7426
-7.1093
-7.4001
-7.6012
-6.9387
-5.1173
-4.5527
-3.9704
-3.0274
-1.8066
-0.91322
-0.13862
-0.010177
-0.041634
-0.14551
-0.16744
-0.22696
-0.14452
-0.13302
-0.13741
-0.11726
-0.37501
-2.2056
-4.3325
-7.0883
-7.95
-6.9198
-7.2219
-6.8931
-5.052
-4.2817
-3.0179
-3.4809
-2.5265
-1.6584
-0.56556
-0.078596
-0.0032306
0.023302
0.054988
0.04796
0.053608
0.092519
0.092287
0.091352
0.1058
0.12133
0.14846
0.21674
0.43388
3.1261
3.1276
6.2848
9.2044
8.3833
9.0444
7.7042
5.2505
3.2768
2.0264
2.4436
3.7783
4.214
3.2249
1.592
0.32239
0.38398
0.59231
0.41736
0.33632
0.43175
0.78969
1.1247
2.2828
2.9341
3.7108
3.5106
2.8511
2.018
0.70597
-1.0063
-2.7395
-4.6729
-5.7016
-6.2189
-6.8098
-7.9101
-7.6812
-6.6265
-4.6185
-3.1004
-2.7889
-2.272
-0.86767
-0.3665
0
-0.050028
-0.02431
-0.060672
-0.085553
-0.079099
-0.10635
-0.064729
-0.074369
-0.073088
-0.073553
-0.016914
-0.558
-0.71457
-1.0415
-1.446
-1.3318
-1.5034
-1.5565
-1.1485
-1.2226
-0.84629
-0.51108
-0.22352
-0.05041
0.02333
0.017889
0.091663
0.086963
0.079664
0.090793
0.16704
0.22391
0.17437
0.20631
0.28502
0.59112
1.3328
2.6252
6.923
14.403
15.525
13.137
12.111
9.6935
7.1963
5.5002
3.9536
5.162
6.9541
8.0568
7.758
6.3242
4.9148
3.2654
1.8294
1.0785
1.3255
1.4269
1.5101
1.7427
1.8495
2.0369
2.4846
2.8161
2.3876
2.427
2.1276
1.528
0.68528
-0.30994
-1.7172
-2.7697
-3.3711
-4.2762
-5.0952
-4.3237
-3.1403
-2.1702
-1.3503
-0.47368
-0.047699
-0.048037
-0.0057757
-0.0016621
-0.024545
-0.022244
-0.0048714
0.039188
0.069945
0.046537
0.028038
0.033151
0.049636
0.03882
0.019622
0.07047
0.05139
0.86596
0.73435
1.2202
1.0258
0.22384
-0.0087374
0.39986
0.71165
0.64304
0.52222
0.73582
0.81661
0.63898
0.70765
0.53295
0.49772
0.62086
0.6661
0.66633
0.91643
1.048
1.3902
2.1236
4.4657
8.5372
9.6215
9.1205
7.5882
5.9007
4.6184
4.7835
5.4857
5.2053
5.9413
5.0649
4.0739
3.2207
2.7492
2.8754
2.675
1.7644
1.955
2.8026
2.3981
1.5596
1.0124
0.74502
0.6086
0.59528
0.87291
1.1416
1.8207
1.8523
1.5374
1.0123
0.12443
-0.22051
-0.20412
-0.34435
-0.67391
-1.4139
-2.1874
-2.0033
-1.5588
-0.63842
-0.41321
-0.1681
0.0017264
0.0034144
0.0028811
0.0032274
-2.0938e-05
-0.0047129
0.013605
0.060912
0.091947
0.15664
0.11616
0.14257
0.11357
0.075581
0.12745
0.49333
1.3624
3.3136
5.3633
3.7706
1.5261
0.10324
-0.35567
-0.64032
-0.46483
-0.20396
0.21766
0.34987
0.30368
0.35441
0.45233
0.67432
0.82561
0.81241
0.88447
0.93135
0.9678
1.091
1.0725
0.88531
0.63975
0.54674
0.50048
0.76077
0.69689
0.89002
1.0392
1.4055
1.859
2.5993
2.9501
3.1666
3.7406
4.5032
4.1345
3.6162
3.0387
2.2198
1.547
1.0719
0.76319
0.36275
0.00084121
-0.11611
-0.52267
-0.8101
-0.74513
-0.56447
-0.38925
-0.22288
-0.1107
-0.042273
0.066819
0.10107
0.17289
0.25263
0.34052
0.45812
0.51181
0.64749
0.80485
0.92377
0.99755
1.1761
1.2643
1.4016
1.4733
1.4611
1.5438
1.7367
1.7907
1.8024
1.6465
1.5365
1.4943
1.5718
1.4922
1.3237
1.2763
1.1835
1.1455
1.1125
1.1279
1.1122
1.0517
1.027
1.0074
0.93942
0.96144
0.97453
0.98461
1.0166
1.078
1.076
1.1061
1.1522
1.1186
1.1593
1.2024
1.2514
1.2629
1.3195
1.4047
1.3948
1.3897
1.4156
1.4651
1.3991
1.3656
1.3972
1.3857
1.4101
1.4018
1.3219
1.3718
1.4048
1.3379
1.4081
1.3717
1.3747
1.3497
1.3697
1.3494
1.339
1.3178
1.3832
1.3854
1.3545
1.4048
1.3822
1.3905
1.4335
1.3879
1.367
1.4077
1.3892
1.3572
1.3937
1.3878
1.3844
1.4551
1.5084
1.4899
1.4589
1.4986
1.4919
1.4647
1.5047
1.4948
1.4587
1.5326
1.4935
1.4716
1.4734
1.5672
1.5449
1.4846
1.4921
1.4935
1.5093
1.4438
1.4718
1.4267
1.456
1.4581
1.4099
1.4221
1.4357
1.457
1.3896
1.4457
1.4262
1.4448
1.3876
1.4251
1.4656
1.4275
1.4635
1.501
1.4566
1.5103
1.4848
1.507
1.4746
1.5109
1.4918
1.5027
1.51
1.5327
1.4908
1.476
1.4895
1.5033
1.539
1.5238
1.5032
1.5331
1.4552
1.5193
1.5005
1.4914
1.498
1.5338
1.4976
1.4838
1.5325
1.5382
1.4953
1.5259
1.5455
1.494
1.5044
1.5206
1.494
1.4948
1.5151
1.4901
1.43
1.4161
1.4596
1.4434
1.4575
1.504
1.5365
1.4703
1.4916
1.5395
1.4803
1.4903
1.5032
1.4708
1.4576
1.5038
1.5151
1.5286
1.5285
1.528
1.5276
1.457
1.4371
1.4693
1.4957
1.4891
1.45
1.4573
1.4321
1.4192
1.497
1.4705
1.4228
1.5062
1.4606
1.4902
1.442
1.5053
1.5368
1.4877
1.5281
1.5222
1.5167
1.51
1.5041
1.4967
1.5053
1.533
1.5098
1.506
1.5093
1.4912
1.5203
1.4778
1.5154
1.5352
1.5186
1.5009
1.4673
1.5189
1.5456
1.4968
1.5227
1.5499
1.5721
1.5105
1.3804
1.4256
1.391
1.3413
1.369
1.3465
1.3557
1.3602
1.4134
1.398
1.3529
1.3937
1.3204
1.2664
1.2154
1.1736
1.2431
1.2708
1.3087
1.2412
1.28
1.2083
1.3334
1.3601
1.462
1.4843
1.4046
1.3639
1.4098
1.4288
1.5414
1.6208
1.663
1.7181
1.644
1.6978
1.8068
2.0259
2.0785
2.0801
2.0737
1.9449
2.3268
1.9804
1.7342
1.2255
0.41915
0.32226
0.51589
0.23131
-0.34288
0.27237
0.64038
0.76601
-0.42004
0.039862
0.27612
1.1007
0.71812
0.57117
1.7341
1.1318
0.95038
0.66419
0.73573
1.1012
1.5948
2.3646
2.8607
3.7942
4.4489
5.8502
6.3865
6.0359
5.1644
3.8757
2.8129
2.9065
1.5013
1.1587
1.104
0.74544
0.6183
0.33455
0.010319
0.035958
0.013608
0.10487
0.041437
0.087316
0.12308
0.14944
0.1517
0.14139
0.12688
0.096625
0.097653
0.043066
0.87383
2.2077
3.6076
4.2832
2.9692
1.5885
0.40456
-0.14366
-0.19483
-0.12235
-0.017188
0.054774
0.071446
0.12682
0.13763
0.15365
0.27805
0.40759
0.40534
0.52691
0.67022
1.2783
2.6051
5.2319
7.051
5.5321
3.7878
3.9337
5.3853
6.7352
7.7766
7.1841
5.9871
4.3222
4.2659
3.8701
2.8361
1.7957
1.0605
0.39565
0.50082
1.0223
1.4768
2.7445
4.7426
5.3885
7.5211
6.1453
4.7109
2.3584
2.0991
1.9086
0.36896
-0.60326
-0.70991
-0.54842
-0.39858
-0.3026
-0.00064834
0.12483
0.00028673
-0.012706
-0.093562
-0.013895
0.0020846
0.035884
0.066302
0.033639
0.019675
0.013515
0.013578
0.015242
0.037344
0.014154
0.43885
0.39943
1.8736
1.9821
1.5621
0.99768
0.62207
0.57375
0.13889
0.19474
0.20132
0.36165
0.49855
0.47425
0.57373
0.65151
0.60198
0.75435
1.0854
1.9987
3.6181
5.6046
6.0491
4.6384
2.8329
2.1421
2.688
1.9221
1.1082
1.5384
2.2483
2.274
1.0103
0.67745
1.7542
0.86095
0.82189
-0.028926
0.53147
0.5347
0.47797
0.32364
0.25613
1.078
1.4649
0.89836
0.83844
1.3816
1.246
1.2752
0.7312
0.052758
-0.82583
-1.038
-1.3205
-1.1909
-0.65838
-0.24569
-0.00071601
-0.00011958
0.001396
0.011265
0.012914
0.008187
0.050478
0.054952
0.044772
0.065356
0.064922
0.06983
0.1127
0.045257
0.11421
0.067315
1.5067
0.63545
1.6563
1.3574
1.3139
1.0657
0.78074
0.78324
0.84348
0.89562
0.62413
0.47726
0.62271
0.7821
1.0163
1.181
1.3439
1.6068
2.3712
3.8704
4.2783
5.2256
3.5309
2.4238
1.4443
1.1158
0.66931
0.36541
0.84644
1.3458
0.72679
0.30168
-0.059339
0.30342
0.29905
-0.30531
0.25228
0.3486
0.18952
0.083407
0.081218
0.48359
1.0817
1.2334
0.98983
1.2502
1.3315
1.159
0.46166
-0.542
-1.2301
-1.9034
-2.5829
-2.5781
-1.7056
-1.6866
-1.5375
-0.62883
-0.21946
-0.091498
-0.00053369
-0.0095198
-0.0066734
0.0019099
0.015225
0.015955
0.027458
0.072973
0.050866
0.042535
0.057387
0.059801
0.088786
0.04049
0.094328
1.2056
1.1248
0.72838
0.82742
0.90852
0.98577
0.90298
0.60955
0.56422
0.57973
0.611
0.57209
0.64095
0.63014
0.72099
0.97593
1.3219
1.4268
1.7394
2.6328
4.18
4.9785
4.987
4.2403
3.4348
2.9728
1.6264
1.4541
2.2098
2.1604
2.9152
2.8936
1.902
1.5378
1.922
2.6673
1.3727
0.62864
0.95644
0.78953
0.32579
-0.0079041
-0.14603
0.24781
0.69637
0.54882
0.048179
0.035575
0.10635
0.10917
-0.19881
-0.86494
-1.188
-1.5939
-2.3391
-2.3032
-1.0402
-0.78473
-0.30978
-0.05317
0.041996
0.0043416
0.0012532
0.0056391
0.0029145
0.026979
0.031555
0.06149
0.054769
0.08847
0.089133
0.11004
0.1428
0.15649
0.099919
0.11002
0.098907
0.050321
0.40497
0.37859
1.9701
1.8469
1.7279
1.9105
1.4416
0.943
0.94858
0.84212
0.75717
0.70795
0.82507
0.69383
0.72267
1.1341
1.3614
1.6172
2.084
3.6112
5.96
7.1913
7.277
6.1739
4.686
3.7745
2.7786
2.6921
2.6501
2.7127
3.7032
4.3572
3.2012
2.0182
2.2953
2.2995
1.9878
1.4746
1.4266
2.1079
0.23874
0.093391
0.010999
0.58131
1.2046
1.488
1.0976
1.0432
1.5847
1.7096
1.6022
0.84696
-0.20568
-0.47485
-1.0088
-1.4307
-1.2442
-1.4226
-1.0683
-0.36068
-0.14992
-0.021276
-0.00041155
-0.017116
-0.00034283
0.024489
0.024329
0.023799
0.050412
0.088394
0.07922
0.060305
0.083275
0.089514
0.09643
0.093672
0.073712
0.10498
3.4249
0.37574
2.0165
2.2804
1.6934
1.1387
0.99572
0.78044
0.6762
0.72306
0.63584
0.72369
0.53654
0.67179
0.85634
0.93401
1.2429
1.692
1.7692
2.4815
4.015
4.968
5.7471
5.0292
4.7921
3.4735
2.7482
2.1244
2.1322
2.9802
3.0532
3.04
3.2654
2.3176
1.8012
1.7949
1.9849
1.2589
2.189
0.89771
0.62546
1.0005
0.70102
0.17355
-0.054941
-0.28354
-0.89867
-1.0881
-1.1943
-1.5911
-1.8431
-2.5497
-2.3515
-2.7061
-3.4749
-3.432
-2.6302
-2.0004
-0.69507
-0.28314
-0.085581
-0.00091428
-0.0014314
-0.00022385
0.0034134
0.015937
0.017203
0.014544
0.03609
0.057183
0.06269
0.066539
0.091002
0.11794
0.12128
0.12366
0.015928
0.12977
2.4261
0.73119
1.75
1.3724
1.036
1.0394
0.47533
0.45317
0.54979
0.57768
0.49382
0.54651
0.55953
0.79792
0.94469
1.0767
1.6299
1.7445
2.5664
3.8919
4.89
6.2355
5.9569
4.7578
3.4191
2.9603
1.5372
0.72487
0.75418
2.1562
3.0966
2.6557
2.3672
2.2405
1.2594
0.85155
1.0548
0.82218
-0.0099475
-0.03377
0.38426
0.28494
1.2179
1.2177
0.84213
0.2872
0.32176
0.58863
0.47051
-0.14376
-0.92236
-1.6564
-2.1668
-2.2389
-1.4278
-1.4467
-0.77757
-0.36063
-0.13874
-0.029226
-0.0024128
-0.0024779
-0.0043414
5.4047e-05
0.0064351
0.008918
0.038716
0.030534
0.042308
0.039667
0.038098
0.061365
0.054071
0.046273
0.047689
0.044681
0.59078
0.45148
0.6729
0.92196
0.90683
0.6289
0.39482
0.35404
0.54336
0.52319
0.59145
0.60384
0.65125
0.77124
0.81074
0.75391
1.2287
1.3406
2.3941
3.4685
4.236
4.8041
4.0084
3.1093
3.1086
2.1645
0.88602
0.37558
1.0909
1.6943
1.9424
1.6477
1.2457
1.5684
0.73575
-0.063411
-0.10371
0.030208
-0.23316
0.086871
0.089894
0.17341
0.11966
1.2524
0.79574
0.2072
0.65749
0.6433
0.37384
0.33281
-0.26699
-0.758
-1.1426
-1.7289
-2.1153
-1.5791
-1.6305
-1.5203
-0.34515
-0.14554
-0.053996
-0.0052621
-0.0090039
-0.0028904
0.0016879
-0.0015548
0.0055972
0.028208
0.04096
0.04964
0.0528
0.073888
0.091079
0.0575
0.043407
0.049869
0.8511
1.2142
0.79201
0.4375
0.50259
0.66052
0.56859
0.46655
0.46513
0.4128
0.48602
0.53302
0.49213
0.44196
0.58153
0.75071
0.75251
1.0813
1.5049
1.8962
2.4947
3.4725
4.0291
4.7384
4.3467
3.3253
2.9036
2.3089
1.2429
0.47898
1.3873
2.0757
3.1988
2.4041
2.1221
2.0053
1.7722
1.0849
1.0555
0.40299
0.19988
0.10874
-0.053953
0.35234
1.14
1.0923
0.51826
0.4672
1.0392
0.85525
0.23553
-0.18098
-0.37408
-0.63227
-1.4008
-2.128
-1.4473
-1.4726
-0.76728
-0.26523
-0.08383
-0.017597
-0.0016788
-0.0008528
0.0037179
0.012497
0.01294
0.0096761
0.024192
0.056821
0.08126
0.069684
0.010718
0.05715
0.030114
0.52653
0.35129
1.1508
1.4552
1.2207
0.90063
1.0215
1.0753
0.94773
0.68731
0.55664
0.49693
0.62067
0.67496
0.59016
0.55382
0.62811
0.52076
0.75599
0.93005
1.3949
1.5402
2.921
4.4269
4.8668
5.5565
4.5417
3.8475
3.3394
2.9939
1.6814
1.2408
2.284
2.1641
2.5149
2.6056
2.5337
2.3018
1.1483
0.96628
1.0422
0.49842
0.15264
0.065103
0.23336
0.753
1.5687
1.3112
0.95808
0.72121
0.61158
0.45733
0.25776
-0.13596
-0.86769
-1.0033
-1.6798
-2.1679
-1.2494
-1.0813
-0.7501
-0.35689
-0.099136
-0.050482
-0.00051568
-0.0033318
-0.0026284
0.025025
0.018849
0.024056
0.038199
0.07644
0.062659
0.034006
0.052522
0.068489
0.087372
1.1177
0.51093
2.397
2.1536
2.1758
2.3765
2.4678
1.9251
1.9107
1.7169
1.1828
0.77138
0.74536
0.89118
0.44196
0.43085
0.60038
0.91383
1.3927
1.6448
1.6103
2.4269
4.5403
6.4467
8.0186
9.2693
10.909
11.031
9.7293
7.0035
4.626
2.9554
3.1318
4.474
6.4252
7.0361
7.7548
7.5326
5.5151
2.7826
1.5831
1.5772
0.71007
0.61312
0.52502
0.65143
0.79927
0.97926
1.1617
1.6295
4.2028
7.3491
8.8229
9.3411
7.3251
6.5457
5.5691
4.6524
3.9426
2.5703
1.4951
1.2955
0.93524
0.75355
0.51922
0.54422
0.95648
0.91512
0.34521
0.33535
0.069137
0.037765
0.15406
0.13882
0.15679
0.31014
0.30869
0.33845
0.29985
0.20805
0.30269
3.0297
6.052
6.8803
6.601
4.6709
3.5717
2.1265
1.5836
0.72896
-0.23977
-0.2798
-0.030087
0.022249
0.016406
0.060606
0.10122
0.13734
0.15669
0.18752
0.28682
0.50933
0.65734
0.58731
0.68917
0.66224
0.8803
1.3031
2.0416
1.495
1.9655
-0.082108
-0.61738
-0.09957
-0.7174
-0.23397
0.21574
0.45575
0.36551
-0.4387
-1.7253
-0.95669
-0.75004
-0.45215
-0.14849
0.0077337
-0.00099121
-0.065073
-0.21922
-0.11452
-0.4211
-0.39449
-0.13533
-0.64474
-2.079
-2.7493
-3.9467
-4.9714
-4.7226
-4.0247
-4.2106
-5.0273
-5.5892
-4.3724
-2.5767
-1.957
-1.4717
-1.6604
-1.2846
-0.7044
-0.23379
-0.031275
-0.00095119
0.0098787
0.042096
0.084709
0.13936
0.12399
0.16394
0.19674
0.16872
0.1002
0.85011
1.8438
4.7131
6.84
7.6907
6.3446
5.2764
3.7104
2.1635
1.2348
1.6903
1.8425
1.6524
0.80667
0.44527
0.31699
0.17994
0.1189
0.1416
0.52508
0.3361
0.24897
0.33298
0.38413
0.42424
0.89155
2.3233
3.7708
5.3784
7.784
7.1861
6.3578
4.7783
2.5807
1.09
0.28742
0.21834
0.65201
1.2898
1.8284
2.6245
2.2952
0.052262
-1.9667
-2.9936
-2.5733
-1.3685
-0.59029
-0.08149
-0.11163
-0.25278
-0.69016
-1.273
-2.1536
-2.6124
-2.2502
-2.7392
-3.8364
-4.9109
-5.6649
-6.6939
-7.6235
-7.3283
-7.2896
-7.5348
-4.6076
-3.865
-3.1718
-3.2233
-2.0477
-0.98744
-0.16161
-0.0058112
-0.054822
-0.040658
0.0035475
0.05052
0.093746
0.11211
0.14467
0.16835
0.12453
0.075373
0.095398
0.078037
0.097806
0.020307
1.1333
1.616
2.3039
2.9248
2.338
1.7386
1.4742
1.3909
1.0957
0.69118
0.67729
0.80254
0.68615
0.77034
0.83113
0.90534
1.102
9.7316
11.045
9.8626
8.4918
6.4711
5.4376
4.283
3.2369
2.5023
2.8088
3.9723
3.7759
3.0892
3.6391
2.757
1.2199
-0.19392
-0.93011
-0.42786
0.192
-0.78348
-1.3104
-1.5145
-0.96372
-0.57189
-0.51997
-0.57261
-0.41955
-1.1069
-1.6736
-2.4633
-2.4311
-2.6481
-2.1212
-1.5492
-0.93994
-0.45331
-0.25807
-0.099387
-0.011404
0.00061668
0.0054745
0.018227
0.032379
0.056269
0.059227
0.092636
0.064951
0.063774
0.06063
0.023373
0.03961
0.063369
0.43913
1.4015
1.8634
0.98294
0.22668
0.20951
1.1735
2.1176
1.8523
1.2292
0.63808
0.48567
0.45166
0.36398
0.52023
0.39573
0.58475
0.60193
0.57105
1.7551
3.1606
4.5907
5.0456
4.2272
2.5199
1.7768
1.7998
1.7577
0.87634
-0.2507
-0.046868
1.1297
2.0921
1.6242
2.1055
1.3247
-0.69828
-2.1572
-2.5018
-0.96097
-0.38601
0.14067
0.24395
0.18181
0.14656
0.01468
0.20945
0.52415
1.1638
1.3273
1.7929
2.2174
1.2478
1.5296
1.276
0.49215
0.64449
0.78813
0.70779
0.31941
0.16393
0.052781
0.0024215
0.009643
0.022257
0.097228
0.036359
0.13438
0.12544
0.13446
0.12292
0.20571
0.18442
0.1707
0.1003
0.082765
0.13755
1.8964
2.7565
3.791
3.3005
2.3745
2.2033
3.3113
4.1966
0.90373
0.75031
0.58827
0.57386
0.67489
1.0118
1.2457
1.3464
1.2554
1.3147
1.9186
5.7783
8.7951
9.7254
9.0096
7.2847
6.1082
5.5638
4.1929
2.8428
2.1216
2.5172
2.8013
3.9008
4.1632
3.4659
2.2347
0.94468
0.19955
0.56104
0.3551
0.17296
-0.014579
0.1103
0.39654
0.1711
-0.21271
-0.45447
-0.64599
-1.129
-2.1263
-2.3261
-3.3925
-4.548
-4.7097
-4.7053
-2.3229
-1.5846
-1.0346
-0.41055
-0.19923
-0.044821
-0.015955
-0.0090722
-0.0081626
-0.0033698
0.013688
0.030065
0.042408
0.059251
0.075328
0.029856
0.048953
0.064969
2.5151
0.94874
1.5922
1.4162
1.1438
1.1523
1.916
2.7513
2.426
1.1371
1.0854
0.77738
0.64478
0.56563
0.52844
0.54611
0.42846
0.61067
0.82194
1.023
1.0492
1.0103
1.2795
3.2445
5.7055
6.977
6.5609
5.7027
3.4715
0.91521
0.72556
1.5216
2.1912
2.6026
1.8541
1.1273
-0.29647
-1.4255
-1.6225
-0.929
-0.48381
-0.35519
-0.017724
0.06545
-0.10441
-0.11633
0.35879
0.61063
0.46544
0.047348
-0.39981
-1.3036
-1.4807
-2.3522
-3.1199
-4.1199
-4.7027
-4.7968
-4.5808
-2.4337
-2.043
-0.0069511
-0.011889
-0.074985
-0.040816
-0.054563
-0.018261
-0.020271
-0.0060129
0.018233
0.027553
0.043567
0.05201
0.034156
0.040363
0.044803
0.10303
0.71404
1.0206
1.0161
0.8321
1.049
1.2005
2.6262
3.2265
2.3224
1.3462
1.1146
0.88793
0.435
0.52365
0.42971
0.50853
0.54257
0.59877
0.82246
2.7894
5.7092
7.122
6.2507
4.793
2.8254
3.0783
3.2534
2.074
2.0484
2.2649
2.2797
2.9607
3.3024
2.7253
2.3416
0.75582
-0.90483
-1.0419
-0.32349
0.19066
0.54537
0.14363
0.13048
0.070846
-0.099641
-0.05271
0.098546
-0.45535
-1.0149
-1.9164
-2.6659
-2.3697
-2.8693
-3.3563
-1.3208
-1.0293
-0.88119
-0.59373
-0.16504
-0.058134
-0.0016229
-0.0057263
-0.0059033
-0.00059489
0.0029611
0.006621
0.023634
0.038016
0.052594
0.048907
0.061165
0.085113
0.060318
0.07781
0.0071207
0.077488
1.691
2.2203
1.7694
1.7235
0.97331
0.56616
0.64202
0.37206
0.25418
0.1795
0.16767
0.23054
0.32251
0.47433
0.49695
0.62401
0.66736
0.70859
0.95276
1.9532
5.1323
6.115
6.878
6.4151
3.857
2.9202
3.212
3.2441
2.2436
1.3599
0.7418
1.3116
1.9318
2.4733
2.3838
0.85343
-0.53563
-1.1069
-0.076701
-0.063223
-0.49836
-0.79619
-0.81017
-0.92578
-1.2974
-1.9033
-2.8688
-2.8005
-3.9293
-4.444
-5.1189
-5.658
-5.5539
-5.742
-5.4712
-4.2909
-3.4105
-2.7267
-1.6835
-0.65111
-0.20593
-0.026915
-0.0067156
-0.014107
-0.025487
-0.00088449
-0.0037797
0.022588
0.042457
0.032956
0.015234
0.036396
0.050088
0.052672
0.045486
0.52438
0.51966
0.63398
1.0273
2.2336
3.4043
1.9537
1.1767
1.3184
1.0263
0.52954
0.46712
0.53712
0.69084
0.89607
1.0122
0.99953
1.0069
0.99865
1.1094
1.61
4.2082
7.7238
11.212
11.176
10.746
8.6331
6.9905
6.9483
5.5708
4.9557
4.8577
5.3023
6.9541
7.8424
7.0932
6.1902
4.8931
3.35
2.6649
0.43254
0.16321
0.14871
0.045982
0.11503
-0.17754
-0.88298
-1.4369
-1.8545
-2.6705
-3.759
-4.6706
-4.8927
-5.0723
-4.989
-5.5902
-5.421
-5.6724
-4.8425
-3.1405
-1.5383
-0.44658
-0.06404
-0.011348
-0.022133
-0.015076
-0.075612
-0.070231
-0.037194
-0.013796
-0.013601
-0.013221
-0.0026749
-0.010362
-0.016696
-0.0057767
-0.57047
-0.79333
-0.80022
-0.64501
-0.2522
0.29242
1.4167
1.3374
0.74965
0.58127
0.48864
0.38678
0.5574
0.49246
0.52541
0.57711
0.72394
0.89645
0.94853
0.84846
1.0866
1.248
3.0523
6.3956
7.6727
9.622
9.4413
7.8293
6.1241
5.6179
4.21
3.3367
3.4028
4.0612
5.8584
6.0334
5.9615
4.6251
3.0297
2.0721
1.3108
0.88398
0.83929
1.0659
1.6376
1.6752
1.2555
0.72161
0.49446
-0.37894
-1.4842
-2.3464
-3.3833
-3.6589
-3.7845
-3.8489
-3.3336
-3.4426
-3.5445
-3.3465
-2.1568
-1.0919
-0.3128
-0.22085
-0.071065
-0.010926
-0.010824
-0.13228
-0.05942
-0.0049362
0.021965
0.031025
0.013112
0.033926
0.047182
0.70414
1.6789
1.5729
1.3034
1.3369
1.2779
1.9425
3.7849
3.1523
2.0289
1.3717
0.98398
0.59278
0.53676
0.67675
0.6068
0.80661
0.94742
0.90728
0.86491
0.95559
1.1789
1.9134
4.4487
13.362
12.082
10.634
8.3308
6.6489
6.2755
7.6804
9.3522
10.168
9.7891
9.3175
7.2392
5.0752
4.4207
4.0311
2.7203
2.0576
1.2567
0.90974
0.72719
0.86481
0.97177
1.2254
0.62832
-0.020603
-0.55271
-1.5801
-2.4543
-3.758
-3.4564
-3.3394
-3.3022
-4.397
-4.4202
-4.1975
-5.2954
-0.12547
-0.10839
-0.018274
-0.12934
-0.09808
-0.10032
-0.038352
0.0071687
0.026048
0.02585
0.03211
0.027114
0.029291
0.056063
0.023638
0.088763
0.65212
1.9174
2.7018
2.1805
2.3883
2.042
2.7125
5.1577
4.0845
2.6728
1.7137
1.1735
1.084
0.88367
0.9725
0.92183
0.84649
1.0377
1.4867
4.3083
8.5897
11.697
13.643
12.716
11.057
9.3408
8.7525
7.0129
5.3892
5.5305
6.4286
7.9004
8.5083
8.2991
6.8706
4.6176
3.1558
3.2794
3.2849
1.9497
1.3085
0.97413
0.6473
0.30579
0.32012
0.24863
0.36413
-0.039226
-1.0844
-2.0008
-2.3011
-2.2408
-2.5515
-3.3407
-2.823
-2.1805
-2.3297
-2.0838
-1.1374
-0.35674
-0.053744
-0.062543
-0.0082478
-0.016583
-0.015706
-0.05604
-0.023846
0.013288
0.02641
0.025162
0.02519
0.016528
0.022651
0.030984
0.020552
0.023653
0.65914
2.2168
1.46
1.6595
1.5814
1.2817
2.3398
3.7362
3.2631
2.15
1.254
1.1053
0.92273
0.8809
0.85979
0.91592
1.0101
1.1987
1.1733
0.85269
1.0091
1.1032
1.8054
5.4111
10.078
13.097
14.783
13.353
12.573
9.8024
8.458
7.1254
7.3356
7.4986
6.5246
8.1293
8.408
7.6934
7.4856
6.1578
5.0481
4.2329
3.5706
2.8661
1.8416
1.2178
0.88032
0.58441
0.57795
0.69832
0.64341
0.68396
0.43874
-0.084439
-0.52426
-1.1948
-2.557
-2.979
-4.0233
-4.4055
-4.0179
-4.0408
-3.3479
-3.1125
-2.7758
-2.0087
-1.22
-0.46772
-0.032283
-0.016883
-0.017296
-0.016871
-0.11782
-0.048585
-0.0036196
-0.0032559
0.00016314
0.0037919
0.0073678
0.0086386
0.017254
0.020654
0.039527
0.03976
0.59485
1.4879
1.2975
1.5179
1.3274
1.2895
3.0979
4.9786
2.5051
1.5023
1.2433
1.2048
0.83216
0.77944
0.79656
0.738
0.82621
1.0647
1.016
0.99255
1.0065
1.0722
1.3647
3.3182
6.7001
11.375
12.46
12.662
10.816
9.4302
7.6558
5.5462
4.436
5.2685
6.4237
8.4654
8.5796
6.9444
5.6538
3.9846
3.163
2.4053
2.139
2.1105
1.2188
0.93886
0.57762
0.29877
0.25742
0.34503
0.28086
0.0088965
-0.41183
-1.159
-1.5486
-2.9689
-4.1932
-4.4286
-3.7644
-3.684
-4.2604
-4.8386
-4.9212
-5.5406
-4.2996
-2.7566
-1.4924
-0.54254
-0.15116
-0.015565
-0.036338
-0.015751
-0.0098718
-0.027144
-0.01441
-0.0011245
0.022086
0.022087
0.013633
0.0094199
0.0016583
0.022542
0.034225
0.060248
0.66561
1.3833
1.4546
1.2666
1.2864
1.2432
2.3613
5.5985
3.5803
2.2764
1.2538
1.1353
0.94962
0.86364
0.81434
0.85577
0.93045
1.3704
1.0952
0.99048
0.94494
1.0125
1.4723
2.9903
7.7374
11.814
13.339
12.603
10.702
8.2251
8.1102
7.4063
6.8648
6.355
6.1688
7.8365
9.3442
9.0569
8.0419
6.0697
4.3956
4.0249
3.9138
2.0909
1.5536
1.1688
0.79152
0.58845
0.42182
0.46537
0.21168
-0.021245
-0.57026
-0.94857
-1.5923
-2.3395
-3.0995
-3.3215
-3.5999
-3.9192
-3.6898
-4.4157
-4.213
-4.4159
-3.6371
-2.4579
-1.3725
-0.45102
-0.17179
-0.26506
-0.015452
-0.021572
-0.10018
-0.10934
-0.053799
-0.028875
-0.023136
-0.025317
-0.025011
-0.014271
-0.0054565
-0.0033903
0.022784
0.015864
0.35216
0.61657
0.71442
0.68146
0.96172
0.96935
1.0052
3.4132
2.2209
1.5683
0.92297
0.94678
0.81369
0.69694
0.97598
0.77736
0.82447
0.95431
0.88337
0.84224
0.80637
0.93796
1.6452
4.0519
6.8223
11.186
11.411
11.323
9.5467
8.7231
8.4657
6.8481
4.9415
5.2365
5.753
7.8553
8.6326
8.5316
8.8087
6.7842
4.9957
4.4334
3.9746
2.9492
2.5346
1.3149
0.74432
0.47191
0.45596
0.4274
0.65123
0.25232
-0.24932
-0.73476
-0.87779
-2.066
-2.9184
-3.468
-4.2342
-3.6118
-3.2092
-2.7933
-2.2404
-2.1114
-2.3647
-2.0933
-1.0451
-0.43827
-0.11851
-0.060429
-0.038924
-0.01603
-0.084732
-0.072647
-0.013342
0.010827
0.035634
0.027618
0.045638
0.029386
0.039011
0.015714
0.049123
0.038717
0.60819
1.1213
1.6289
1.1533
1.1376
1.21
2.0827
4.0446
3.3599
1.7865
1.4823
1.2808
1.1433
0.96052
0.72517
0.68895
0.70926
0.94935
0.96609
0.9045
1.0191
0.95495
1.6157
3.3552
5.6644
10.24
11.997
12.143
11.715
9.0601
7.6563
6.5769
5.7384
5.7163
6.0715
7.7132
8.4316
8.3989
6.766
5.2871
4.332
3.0621
2.3305
1.2179
0.72784
0.53402
0.31347
0.20753
0.19704
0.50104
0.91955
1.596
1.6427
1.808
1.4188
0.83084
0.16911
-1.1862
-1.1365
-1.1147
-0.8954
-0.96026
-2.0713
-3.2616
-4.1086
-4.4824
-4.9745
-4.7167
-4.4629
-4.2294
-4.4241
-4.624
-4.509
-4.4265
-4.5473
-3.5599
-2.1902
-1.085
-0.52065
-0.37411
-0.2307
-0.077393
0.040457
0.06369
0.13613
0.221
0.3005
0.37648
0.45664
0.61924
0.82487
0.85681
1.2142
1.7032
2.042
2.4471
2.6796
2.9796
3.3705
3.7799
3.9397
4.1516
3.9502
3.5964
3.3135
3.1888
3.1559
2.7284
2.2624
2.0201
1.6384
1.3701
1.1828
1.047
0.90695
0.8697
0.85181
0.8405
0.86522
0.79965
0.74911
0.78294
0.76788
0.73369
0.75743
0.89908
1.014
1.0189
0.95795
1.0404
1.1931
1.2174
1.3004
1.3007
1.3468
1.4055
1.3035
1.3551
1.3882
1.282
1.2176
1.2188
1.2866
1.314
1.2816
1.2334
1.2733
1.2399
1.2551
1.2148
1.1821
1.2127
1.1825
1.1355
1.1386
1.0375
1.1014
1.2302
1.3413
1.2634
1.243
1.2817
1.2992
1.3654
1.3556
1.3678
1.3625
1.3983
1.395
1.2932
1.3191
1.3004
1.2507
1.263
1.2791
1.236
1.2816
1.1826
1.2181
1.2326
1.244
1.2945
1.3245
1.3369
1.3125
1.3766
1.3159
1.3684
1.3498
1.3514
1.3106
1.3815
1.3566
1.3014
1.2846
1.2851
1.2713
1.317
1.3086
1.2994
1.3215
1.2858
1.2782
1.2929
1.2968
1.3356
1.2926
1.273
1.3077
1.3153
1.3034
1.2795
1.2601
1.2929
1.2534
1.2744
1.2751
1.275
1.283
1.3159
1.2632
1.3239
1.3049
1.2531
1.2938
1.249
1.2423
1.2731
1.2246
1.2176
1.2326
1.1825
1.2069
1.1713
1.1677
1.1653
1.1765
1.175
1.178
1.1781
1.2009
1.2135
1.1475
1.1133
1.1802
1.1279
1.1562
1.15
1.1519
1.1293
1.154
1.1543
1.1633
1.1556
1.1755
1.1363
1.1444
1.1308
1.1123
1.0871
1.1046
1.195
1.1201
1.1389
1.1575
1.0756
1.147
1.1201
1.0887
1.1313
1.1414
1.1248
1.1708
1.1628
1.189
1.1175
1.0917
1.1259
1.1021
1.1267
1.1404
1.1449
1.1049
1.1587
1.0811
1.1189
1.1517
1.0822
1.1349
1.1744
1.1728
1.1827
1.1335
1.1352
1.136
1.1229
1.1209
1.1476
1.1768
1.1622
1.1692
1.1614
1.1379
1.1598
1.1505
1.1873
1.163
1.221
1.1472
1.1367
1.1331
1.1214
1.245
1.3137
1.2092
1.3252
1.3657
1.3924
1.3584
1.4149
1.385
1.3063
1.2117
1.2804
1.32
1.2741
1.3244
1.3614
1.3787
1.2985
1.266
1.1998
1.123
1.1006
1.0976
1.0896
1.1011
1.084
1.1012
1.028
1.0175
1.0594
1.0451
1.0451
1.0771
1.1103
1.1012
1.1624
1.1854
1.1424
1.1586
1.1903
1.2054
1.2323
1.2213
1.1871
1.2857
1.2338
1.3387
1.3149
1.3038
1.1813
1.2212
1.2426
1.1735
1.1712
1.122
