3.2039
3.0645
2.7125
2.1985
1.5734
0.88783
0.19269
-0.46127
-1.207
-1.3564
-1.2367
-1.0469
-0.57275
-0.77652
-0.87677
-0.73404
-0.48769
-0.14739
0.20851
0.51454
0.97415
1.3824
1.4134
0.96321
0.18879
-0.64727
-1.3784
-2.0247
-2.5232
-2.7236
-2.6582
-2.3743
-1.8815
-1.0873
-0.084765
0.61004
0.93449
1.012
0.68141
0.12893
1.3064
1.7891
1.669
1.5336
-0.20694
-0.91191
-2.084
-2.843
-2.6112
-2.2438
-2.6623
-2.5208
-2.0975
-1.0315
1.2959
1.6433
1.4391
1.0549
-0.066499
0.068552
-0.53856
-0.029369
2.0732
3.3554
2.7157
3.5779
4.1059
4.4916
4.0194
2.9185
1.9447
1.2437
0.67763
-0.080126
-0.53119
-0.31962
0.49359
0.44837
-0.24456
-0.016697
-0.27914
-0.3491
-0.76397
-0.7935
-0.49131
0.0015843
0.46064
0.69008
0.9155
1.2914
1.6411
1.3459
0.36853
-0.7791
-1.4305
-1.7265
-2.0136
-2.192
-2.0914
-1.7848
-1.4816
-1.2199
-0.82031
-0.33203
-0.16746
-0.37914
-0.97382
-0.87382
0.42288
0.00075636
0.25254
3.0478
3.9505
3.5762
3.0914
3.2992
2.5968
1.8736
1.318
0.60842
1.3
1.6519
0.46406
-1.8213
-1.7928
-0.62564
-1.9958
-2.668
-2.417
-1.7337
-1.9195
-1.2878
-0.20327
1.472
3.6508
3.4924
2.4482
2.0627
1.8058
1.4469
1.3431
1.1815
0.69272
0.1728
-0.17281
-0.2258
-0.17792
0.034233
-0.09058
-0.095928
0.036694
0.039157
-0.0067842
-0.071259
0.08605
-0.013037
-0.18406
-0.31682
-0.26809
0.041614
0.52226
0.77258
0.42125
-0.26872
-0.74219
-0.93872
-1.0701
-1.1618
-1.2036
-1.269
-1.3371
-1.3186
-1.0949
-0.71691
-0.44614
-0.52062
-1.4425
-1.4332
-0.3428
-0.18755
0.4078
2.6951
4.1604
4.5977
5.3126
4.8455
2.1843
-0.40139
-2.7622
-4.2661
-6.4859
-6.6878
-6.275
-6.8634
-5.2982
-2.8691
-1.7775
-0.55342
1.0285
0.84365
-0.45983
-0.65904
0.19864
0.53414
1.0425
1.9796
2.0107
1.7994
1.8258
1.197
0.92955
0.74567
0.39643
-0.18482
-0.74327
-0.98746
-0.62276
-0.98
-0.39373
-0.49557
-0.4508
0.052779
0.011521
-0.083507
0.1118
0.26325
0.37566
0.47054
0.56642
0.57274
0.52935
0.70286
0.9619
0.70951
-0.031416
-0.77933
-1.1812
-1.4703
-1.7655
-1.8391
-1.7017
-1.383
-1.024
-0.71427
-0.36431
0.035168
0.18149
-0.083746
-0.22632
0.016741
0.2386
0.365
0.0035911
-0.15607
0.95311
0.18954
-0.10636
-0.77468
-1.4282
-1.962
-2.3928
-2.5862
-2.4656
-1.7785
-1.3891
-1.8467
-1.443
-0.39343
0.77072
-0.19821
-0.10362
-0.46966
-0.56214
-0.30431
0.017471
0.42382
0.85178
1.3992
1.2404
1.1086
2.2342
2.122
1.4862
1.3476
1.0633
0.69397
0.6536
0.84724
0.78692
0.40342
-0.10992
-0.35752
-0.44606
-0.34486
-0.54626
-0.99443
-0.87036
-0.31085
-0.37298
-0.42878
-0.26021
-0.18596
-0.15625
-0.11204
0.056433
0.38417
0.55366
0.56428
0.93591
1.3045
1.0201
0.44093
0.011692
-0.4184
-1.04
-1.5551
-1.7815
-1.7841
-1.6497
-1.4004
-1.1712
-0.80334
-0.31402
-0.22543
-0.4569
-0.3721
-0.070674
0.10318
0.22269
0.5173
1.0158
1.082
0.79174
-0.11143
-1.1261
-1.8017
-1.843
-2.2355
-1.6384
-1.17
-1.3457
-0.83381
-0.083473
0.40896
0.76497
0.44752
-0.32292
-1.3157
-1.7403
-1.4256
-0.59604
-0.15021
0.71356
0.60376
0.35521
1.2917
2.0543
2.3523
2.4336
1.7226
0.86045
0.31093
0.48797
0.12743
-0.10043
-0.23854
-0.51438
-0.70803
-0.60362
-0.17127
0.19594
0.32602
0.14962
-0.29654
-0.26992
-0.049108
0.17489
-0.40548
-0.41581
-0.27749
-0.25027
-0.22269
-0.16737
-0.024505
0.41931
0.97002
1.1027
0.71659
0.26945
-0.15147
-0.68117
-1.228
-1.5894
-1.7841
-1.7978
-1.6619
-1.4343
-1.0667
-0.5141
-0.12928
-0.15721
-0.34433
-0.17406
0.1224
0.23344
0.1943
-0.62663
0.25495
0.98314
1.948
2.9191
3.2452
2.8464
2.2175
1.6315
1.1957
0.79447
0.38847
-0.58771
-1.6866
-2.9428
-2.1539
-1.9437
-1.251
-0.76108
-0.72774
-0.71652
-0.49674
-0.25163
-0.114
0.27234
1.1796
1.6353
2.2217
2.4913
2.5148
2.5285
2.5666
2.4745
2.1885
1.8805
1.5304
0.94956
0.27911
0.051156
0.22675
0.24323
0.27294
0.034575
-0.26631
-0.15955
-0.16289
-0.29553
-0.46459
-0.28983
0.002667
0.053364
0.021297
0.04575
0.19315
0.40482
0.58071
0.48873
0.19519
-0.06153
-0.30138
-0.47838
-0.53926
-0.5109
-0.56102
-0.63681
-0.67217
-0.71546
-0.77391
-0.81463
-0.84949
-1.0618
-1.2322
-0.98983
-0.53481
-0.1503
-0.049503
0.23628
1.0087
2.4403
2.9888
2.4347
1.7397
0.57493
-0.33728
-1.2242
-1.8208
-1.6406
-1.8519
-1.836
-1.4962
-1.8022
-1.237
-0.66489
-1.2877
-2.1718
-2.3946
-2.551
-2.1878
-1.8653
-1.1765
-0.3968
0.68273
1.8788
2.4289
1.7009
1.5693
1.1584
0.73019
0.36318
-0.12469
-0.42345
-0.65111
-0.91359
-1.0274
-1.0338
-0.38097
-0.26683
-0.095666
0.036441
0.013257
0.014283
0.042898
-0.066874
-0.39172
-0.37098
-0.21032
-0.098843
-0.077796
-0.16552
-0.15534
0.061713
0.39275
0.57816
0.42423
0.20496
-0.051445
-0.49527
-0.93489
-1.2233
-1.3699
-1.4717
-1.511
-1.4149
-1.1328
-0.7812
-0.44255
-0.21837
-0.12677
0.046677
0.24871
0.48417
0.65252
0.19936
0.25986
0.47793
0.98496
1.2925
2.4946
2.854
2.8022
1.7212
0.75128
0.18092
-0.60003
-2.042
-2.8817
-5.2473
-3.9078
-3.0478
-1.9968
-0.89024
1.0205
1.7366
2.0282
1.5491
1.6314
1.7437
1.5103
0.82066
0.91121
0.23029
1.9678
1.4712
0.71084
0.36128
0.22522
-0.24144
-0.47282
-0.66829
-0.68628
-0.61071
-0.39848
-0.30756
0.071487
0.29505
0.38376
0.21476
-0.089298
-0.1304
-0.29956
-0.41871
-0.1504
-0.097483
-0.0091416
0.10177
0.19128
0.39663
0.6769
0.73504
0.39801
-0.076669
-0.45902
-0.72916
-0.98679
-1.278
-1.4674
-1.415
-1.1539
-0.8278
-0.49477
-0.11313
0.19384
0.20086
-0.090281
-0.20498
0.03562
0.28435
0.3066
0.55615
0.56135
0.18034
0.529
0.35418
0.8817
0.31068
-0.54406
-1.207
-1.5121
-1.6274
-1.5447
-1.563
-1.1234
0.20276
-0.77733
-0.9844
0.1613
1.843
3.2084
2.9043
2.6695
2.5098
2.264
1.7574
1.6687
1.5737
1.917
1.907
0.25027
0.26237
0.75348
1.526
1.0607
0.46247
0.02774
-0.29924
-0.61895
-0.7854
-0.5626
-0.46681
-0.25087
-0.18838
-0.19063
-0.1455
-0.023038
0.0035553
-0.13486
-0.25668
-0.11288
-0.0094383
-0.074764
-0.16883
-0.23484
-0.070321
0.3731
0.47184
0.31764
0.1553
-0.075826
-0.27082
-0.49462
-0.64816
-0.7495
-0.80696
-0.78999
-0.64459
-0.42898
-0.12661
0.051422
-0.25012
-0.52733
-0.64615
-0.66651
-0.41084
-0.064505
-0.091186
0.0399
-0.37774
0.42398
1.3205
2.5148
3.051
2.4921
2.5787
2.3209
1.5232
0.55665
-0.0768
0.053097
-0.30812
-0.92578
-1.2937
-0.16322
0.6881
1.3944
1.3278
1.2123
1.9162
1.5825
0.94059
0.39337
0.46217
1.0202
0.90935
0.66965
1.0716
1.0474
1.0696
0.85359
0.47638
0.39959
0.18388
-0.075903
-0.2869
-0.60154
-0.72287
-0.69944
-0.51078
-0.17289
0.11044
0.0013077
0.18266
0.12317
-0.2015
-0.23361
-0.27586
-0.23723
-0.24422
-0.20805
-0.1239
0.018723
0.16047
0.22035
0.36664
0.61454
0.94984
1.0763
0.97915
0.76568
0.38101
-0.11213
-0.57218
-0.97007
-1.3473
-1.6936
-1.9209
-1.9198
-1.6238
-1.171
-0.57604
0.00988
0.4932
0.23158
0.095937
0.69095
1.46
2.0795
2.9747
2.9362
2.7102
2.2562
1.1782
0.74279
0.21807
-0.48658
-0.67014
-2.5686
-3.8772
-2.0473
-0.65307
-0.16014
0.20212
-0.37226
-0.55364
-0.80242
-1.1195
-0.59177
-0.34452
0.044993
0.18369
-0.24593
0.38897
2.4504
2.122
1.4736
0.80017
0.18231
-0.25141
-0.57653
-0.59006
-0.49754
-0.37575
-0.24451
-0.13556
0.65656
0.79582
0.62002
0.24013
0.25706
-0.043038
-0.23854
-0.33822
-0.21533
0.056621
0.092106
0.074198
0.12392
0.2283
0.38044
0.35839
0.045936
-0.29279
-0.50686
-0.72906
-0.95609
-1.0084
-0.93587
-0.85323
-0.75832
-0.61007
-0.43495
-0.31489
-0.17601
-0.19093
-0.36249
-0.39315
-0.19161
0.060097
0.33169
-0.20653
0.41189
1.0134
1.1757
2.1818
2.6295
2.5525
2.2578
1.7524
1.0912
0.25908
-0.33505
-1.1957
-2.1035
-2.5155
-1.5336
-1.1107
-0.5817
0.82872
1.4146
1.8038
2.0063
1.8867
1.5632
1.1036
0.66374
0.11178
0.48678
0.90344
0.88805
0.7192
0.41551
0.26262
-0.15758
-0.26414
-0.53229
-0.83764
-1.1272
-1.3746
-1.5137
-1.2115
-0.51288
-0.34875
-0.10517
0.020862
-0.053478
-0.14199
-0.35656
-0.092445
-0.02731
0.021615
-0.01744
-0.078738
0.025057
0.29806
0.67075
0.94779
0.77327
0.33434
-0.19648
-0.65018
-0.9139
-1.0421
-1.0767
-1.0627
-1.0205
-0.90436
-0.6685
-0.41566
-0.17548
-0.11835
-0.41617
-0.62622
-0.59028
-0.22504
0.23819
0.42732
0.6087
0.59541
0.30245
0.23511
0.61964
0.16802
-0.33837
-0.62674
0.20851
-0.41737
-0.98221
-0.84161
-1.3214
-1.6757
-0.7469
-1.6074
-0.3599
-0.062984
0.12221
-0.32885
-0.022306
0.66949
1.4421
0.43202
0.27146
0.32626
0.05628
0.45117
1.2772
0.51803
1.444
-0.23228
-0.98999
-1.3857
-1.3937
-1.3047
-1.2363
-0.85738
-0.4689
-0.21705
0.14617
0.45831
0.84725
0.83586
0.52419
-0.091001
-0.20868
-0.33965
-0.33232
-0.24363
-0.12341
0.10778
0.13503
0.13039
0.17879
0.33911
0.63267
0.68909
0.25094
-0.20632
-0.46821
-0.64195
-0.81418
-0.8744
-0.89533
-0.89846
-0.82063
-0.6986
-0.56639
-0.38163
-0.18147
-0.30317
-0.60209
-0.59173
-0.26434
0.016045
0.39732
-0.2969
-0.51664
-0.15855
1.1406
2.2253
3.0711
3.3011
3.1916
2.9146
1.6277
0.52436
-0.02184
-1.1797
-3.5904
-3.7044
-3.5113
-2.6953
-1.3033
-0.28847
0.74864
1.3985
1.785
1.7027
0.89525
0.75328
0.71044
-0.052038
-0.34469
1.4236
0.55482
0.18254
-0.18246
0.22709
0.13046
-0.3541
-0.62683
-0.84379
-0.96964
-1.0777
-1.0959
-0.9172
-0.44704
-0.34018
-0.39787
-0.25853
-0.11669
0.24811
-0.17438
-0.35596
-0.072766
0.053461
0.16164
0.25494
0.31189
0.28735
0.34043
0.30781
0.45132
0.43807
0.45473
0.42194
0.20677
-0.11577
-0.32115
-0.42154
-0.42058
-0.38765
-0.44968
-0.60538
-0.66377
-0.72758
-0.59623
-0.58515
-0.40172
-0.17477
-0.05233
-0.10031
0.048074
-0.25136
0.39129
1.7111
2.524
2.9333
2.8758
2.6415
2.4014
1.36
0.18892
-1.0141
-2.18
-3.627
-3.7459
-4.2087
-3.2657
-2.3752
-1.9525
-1.2634
-0.51223
0.31394
0.84464
0.57144
0.40904
0.26236
0.37009
0.78593
1.299
0.82685
0.60486
0.3346
-0.28143
-0.39001
0.13082
0.52671
0.77377
0.9315
1.0095
1.1232
1.3939
1.6675
1.2947
1.0732
0.80612
0.37151
-0.49343
-0.68276
-0.46655
-0.35841
-0.13173
0.075923
0.2152
0.33363
0.69177
1.0926
0.7769
0.45684
0.055815
-0.39436
-0.90837
-1.2968
-1.3821
-1.2547
-1.0794
-0.88886
-0.68595
-0.46319
-0.12955
0.019808
-0.31787
-0.38628
-0.45642
-0.25236
0.037052
0.24987
-0.55586
0.56033
1.2731
1.5531
1.5796
1.095
0.26336
-0.54913
-1.2873
-1.9626
-1.9916
-2.1252
-2.6648
-2.9494
-2.6959
-0.87425
-0.68596
-0.572
-0.64141
-0.89202
-0.84005
-0.48532
-0.22282
-0.11629
0.1871
-0.27251
-0.060872
0.65179
1.5091
1.4148
0.69477
0.035225
-0.56767
-0.52862
-0.53712
-0.54126
-0.50585
-0.57002
-0.63067
-0.62745
0.042522
0.37509
0.68176
0.53591
0.16653
0.026036
0.00093332
0.064742
-0.1697
-0.087472
0.10684
0.090829
-0.047204
-0.13676
0.039141
0.35826
0.51908
0.41378
0.14793
-0.085989
-0.29871
-0.52485
-0.69908
-0.75499
-0.76896
-0.7688
-0.73767
-0.60487
-0.34555
-0.21649
-0.29862
-0.5457
-0.65504
-0.47687
-0.14692
0.099397
0.30761
0.43307
-0.6449
0.46879
0.63314
1.6603
1.9833
2.1124
2.0364
1.2559
1.1746
1.0099
1.089
0.12451
-0.96901
-1.1791
-1.4738
0.13613
0.19642
1.3505
1.5997
1.8478
1.683
1.1954
1.3667
1.3347
1.2697
0.66949
0.76524
1.3862
1.4726
0.67578
0.091619
-0.38507
-0.41962
-0.6692
-0.92191
-1.1413
-1.3124
-1.2308
-1.0014
-0.50136
-0.13192
0.10903
0.34843
-0.034566
-0.09346
-0.19342
-0.0079703
-0.099627
-0.075983
-0.085665
-0.11723
-0.070873
0.12859
0.30159
0.45754
0.75109
0.97407
0.76628
0.32703
-0.21907
-0.67433
-0.93472
-1.0249
-1.016
-0.96209
-0.92018
-0.8767
-0.79662
-0.59904
-0.38371
-0.33905
-0.35343
-0.20773
-0.10355
-0.12032
0.39183
0.51513
0.27927
0.92411
1.0255
1.2348
0.71975
0.61981
-0.45202
-0.44023
-0.7532
-0.66237
-1.727
-1.8579
-1.0223
-2.2322
-2.0609
-1.3791
0.24459
0.44159
0.16362
0.61374
0.5073
1.3829
1.2437
1.2299
0.52309
1.0154
0.86073
-0.30942
0.2295
0.4897
1.4201
0.055119
-0.099802
-0.036275
0.072948
0.022683
-0.23875
-0.52876
-0.63129
-0.60654
-0.6219
-0.45031
-0.25966
-0.038938
-0.13664
-0.35892
-0.20467
-0.10424
0.037525
0.05467
0.046475
0.13421
0.225
0.22314
0.29627
0.45888
0.64663
0.69187
0.33462
-0.12903
-0.45359
-0.62331
-0.80871
-0.92747
-0.87174
-0.75255
-0.6855
-0.61501
-0.42465
-0.28003
-0.22947
-0.24722
-0.30161
-0.3665
-0.12737
-0.57288
-0.47339
0.4404
0.56228
0.73732
1.256
1.278
0.95803
1.0883
0.13653
0.026699
-0.98293
-1.2577
-1.2832
-2.8328
-3.5146
-1.8948
-1.5564
-1.1793
-0.55003
-0.15758
0.52972
1.4516
1.209
1.5949
1.0087
1.7442
1.5858
0.38514
-0.034372
0.8591
0.014717
-0.57888
-0.93988
-0.75829
-0.31508
0.0014342
0.027089
-0.03155
0.078987
0.55113
0.54906
0.40781
0.25937
0.17729
0.012226
0.026875
-0.29532
-0.23856
-0.16094
-0.19129
-0.19804
-0.10393
0.01741
0.24582
0.43451
0.6906
0.89594
0.70469
0.14604
-0.36958
-0.71228
-0.96548
-1.1361
-1.2368
-1.219
-1.1414
-1.0651
-0.84981
-0.62196
-0.37883
-0.1713
-0.1051
-0.092047
0.29489
-0.62664
-0.009945
0.71318
1.6061
1.9999
1.7408
1.418
1.3106
0.33877
-0.79119
-1.4926
-1.6187
-2.5414
-2.4349
-3.3806
-3.164
-2.3072
-1.0058
-0.48798
-0.28848
-0.039983
0.22913
-0.048546
0.26151
0.94845
1.4378
1.1285
1.4617
0.89338
0.25394
1.0776
1.2403
0.38156
-0.58679
-1.1888
-1.307
-1.0894
-0.86586
-0.87473
-1.0311
-1.0273
-0.83452
-0.37733
-0.11952
0.14893
0.041405
-0.38139
-0.54027
-0.32506
-0.12662
0.073608
0.16465
0.21911
0.30205
0.4554
0.53623
0.49601
0.53186
0.5332
0.44768
0.31298
0.095523
-0.11852
-0.34754
-0.60482
-0.84097
-1.0109
-1.1838
-1.3188
-1.383
-1.3053
-0.94832
-0.56773
-0.20769
0.22235
0.44289
0.45247
-0.67642
0.18837
0.25662
1.8006
2.6084
2.7409
3.1544
3.1964
2.4232
1.6557
1.2013
-0.31884
-1.9074
-2.6472
-4.1272
-2.3875
-1.8901
0.74637
1.7508
2.3989
3.2254
3.547
3.542
3.7993
3.7072
2.2435
1.961
1.781
0.87219
1.3891
1.1547
0.83657
0.23085
-0.36959
-0.64343
-0.48094
-0.29532
-0.34937
-0.53604
-0.74111
-0.39829
-0.42875
-0.16669
0.25565
0.2021
-0.23974
-0.15192
-0.2183
-0.21463
-0.2063
-0.22068
-0.24684
-0.14935
0.042716
0.21399
0.32049
0.55266
0.80103
0.79879
0.47858
0.019266
-0.38871
-0.78333
-1.0857
-1.2362
-1.1975
-0.95376
-0.64421
-0.33868
-0.076913
0.17038
0.26789
0.25584
0.22369
0.15205
-0.056048
-0.21221
-0.24957
0.50101
0.13065
0.69467
1.5087
1.6754
1.2488
1.3827
0.66481
0.19229
-0.074407
0.059546
-0.69392
-0.50624
-0.25433
-0.71088
-0.6697
0.4101
0.84458
0.42828
0.044813
0.25745
-0.15322
0.18408
0.51832
0.7859
0.37159
0.86477
0.90137
-0.091371
1.084
0.4964
0.15052
-0.35391
-0.57596
-0.41811
-0.15583
-0.066153
-0.18865
-0.28571
-0.21325
-0.021293
0.076341
-0.25818
0.23662
-0.19839
-0.12561
-0.26612
-0.20123
-0.074752
-0.031388
0.038903
0.15299
0.28004
0.38904
0.4299
0.52115
0.69132
0.59969
0.19919
-0.21852
-0.46248
-0.69935
-0.94536
-1.073
-0.99777
-0.84361
-0.70541
-0.53957
-0.36765
-0.17999
-0.10834
-0.30496
-0.51173
-0.53323
-0.42025
-0.31314
-0.43067
-0.78919
0.23009
2.1592
3.0607
2.5029
1.5758
0.68137
-0.42499
-1.2408
-2.4584
-2.8691
-3.6121
-3.5864
-3.3763
-3.1462
-2.158
-0.28872
1.0054
0.39748
0.055988
-0.068601
-0.079211
0.25185
0.23064
0.62358
0.37925
0.77672
0.6074
-0.077794
-0.42927
0.89429
1.5847
0.65948
-0.34911
-0.20667
-0.43795
-0.56602
-0.47567
-0.51241
-0.44926
-0.3355
-0.26309
-0.064072
0.30128
0.63251
0.51381
0.32534
-0.16339
0.026165
-0.56992
-0.52667
-0.25505
-0.16271
-0.10161
-0.12719
-0.015921
0.30119
0.59946
0.46926
0.35296
0.36687
0.22235
-0.058121
-0.29333
-0.3964
-0.47406
-0.53843
-0.61468
-0.64048
-0.51311
-0.36905
-0.40318
-0.59512
-0.52809
-0.27623
-0.027492
0.20533
0.41656
-0.58766
-0.74054
0.94353
2.3023
3.7675
4.6421
4.9734
4.0565
3.9792
3.2273
1.5567
-0.060327
-1.1017
-2.9141
-4.1917
-3.9191
-3.5346
-2.5216
-1.6084
-1.3124
-1.2199
-1.2253
0.084752
0.15272
-0.15465
0.22588
0.97041
1.1683
1.6049
1.4012
0.87881
1.4853
1.0404
0.0996
-0.18038
-0.11464
0.30497
0.48085
0.5537
0.59528
0.63249
0.825
0.90535
1.2438
1.0861
0.75387
0.41834
-0.32505
-0.36899
-0.45308
-0.28091
-0.21439
-0.20444
-0.17727
-0.062803
0.12297
0.22873
0.28091
0.49545
0.78944
0.78345
0.16373
-0.52242
-0.93877
-1.1643
-1.3642
-1.4531
-1.2712
-0.95629
-0.63869
-0.35816
-0.025586
0.37526
0.57696
0.36944
-0.027367
-0.059984
0.13041
0.14089
-0.16458
-0.52251
0.19528
0.9875
1.1771
1.9711
1.3567
0.83589
0.023435
-0.12744
-0.61779
-1.0001
-1.7698
-1.8617
-2.5997
-2.172
-0.65569
1.0066
1.0361
1.3777
0.37616
0.22677
0.084394
0.43886
0.062699
-0.10408
-0.33615
0.32328
0.21931
0.8684
1.1563
1.3443
-0.044635
-0.65711
-0.79038
-0.67354
-0.43129
-0.30374
-0.34197
-0.24127
0.035619
0.42455
0.46497
0.36756
0.2293
0.052165
-0.33758
-0.36383
-0.059523
0.029467
0.023584
-0.051969
-0.038876
0.078164
0.20041
0.26619
0.45332
0.74125
0.80415
0.43191
-0.30357
-0.5715
-0.66671
-0.86431
-1.0216
-0.96847
-0.75586
-0.54194
-0.34243
-0.14227
0.10914
0.22373
0.0088588
-0.41543
-0.71279
-0.35926
-0.16656
-0.18528
0.24241
-0.047561
1.0392
1.3158
1.7595
0.68125
0.043867
-0.9668
-2.2026
-2.5684
-2.6301
-2.4971
-2.7042
-2.7395
-1.8626
-1.7008
0.52091
1.3705
2.1614
1.9457
2.6331
2.5838
2.4901
2.8499
2.6739
2.2204
1.4486
0.82535
0.91459
0.5516
0.75955
0.47815
-0.11435
-0.063912
0.017207
-0.083166
-0.28196
-0.41928
-0.45336
-0.41209
-0.35996
-0.21233
0.29248
0.35269
0.22406
0.058746
-0.25395
-0.087024
-0.067478
-0.078439
0.042476
0.24119
0.24094
0.22325
0.48088
0.7866
0.63448
0.099832
-0.32477
-0.57372
-0.83233
-1.1127
-1.2616
-1.2109
-1.0609
-0.91342
-0.81335
-0.52762
-0.1258
-0.074672
-0.41719
-0.71195
-0.64668
-0.38638
-0.17027
0.13072
0.39649
0.48698
0.37316
-0.16459
0.8498
1.4862
1.1758
0.72508
0.030226
-0.086165
-0.30827
-0.52595
0.53103
0.44522
0.043367
-1.9496
-0.55961
-0.77668
0.45358
0.5349
0.30771
0.5242
0.57972
0.93566
0.88358
1.0514
1.7846
1.1085
0.88313
-0.07308
1.4065
-0.028293
-0.50603
-0.72774
-1.1448
-0.91182
-0.94097
-0.86612
-0.72136
-0.53777
-0.25378
0.21611
0.62468
0.48947
0.37341
0.28765
0.055951
-0.10676
-0.47399
-0.138
-0.15167
-0.04417
-0.037255
-0.12015
-0.19051
0.078634
0.46597
0.55948
0.13107
-0.23618
-0.43532
-0.64619
-0.86516
-0.9697
-0.98907
-0.95528
-0.90027
-0.82084
-0.63768
-0.29457
-0.12841
-0.26312
-0.62304
-0.58406
-0.24798
0.078911
0.25576
0.32857
-0.20705
-0.13564
1.4518
2.686
3.2303
3.0875
2.923
1.8387
0.83042
0.020992
-0.71987
-1.0539
-2.316
-3.2719
-3.5894
-2.3519
-0.91599
1.0059
1.7351
2.0016
2.082
1.3497
1.0211
0.78737
0.86434
1.0838
0.82297
1.1695
1.5664
1.6872
1.2274
2.006
1.3746
0.74793
0.14231
-0.43266
-0.95157
-1.2165
-1.1156
-0.93222
-0.50518
-0.29215
-0.079999
0.049096
-0.050649
0.034535
0.072322
-0.032753
-0.0023725
0.049176
0.058227
0.003341
0.01029
0.090914
0.1792
0.20291
0.31726
0.57209
0.53665
0.26575
-0.13606
-0.47939
-0.68789
-0.84621
-0.95746
-0.94422
-0.77501
-0.56108
-0.39916
-0.24675
-0.060532
0.026042
-0.13144
-0.15099
-0.52302
-0.83934
-0.70232
1.0671
2.236
2.9223
2.2237
1.7444
2.0282
1.5187
0.72925
0.47318
0.02442
-0.6496
-2.2561
-2.2807
-2.3241
-1.5395
-0.41157
-0.7864
-1.4839
-1.162
-0.67619
-0.97722
-0.63184
0.41053
0.78515
0.74314
0.28298
0.53201
-0.14805
0.29748
1.7089
1.3142
1.5952
0.94698
0.52803
0.28181
0.16519
0.10049
-0.17731
-0.54604
-0.87165
-1.1115
-1.0175
-0.65912
-0.32311
-0.065597
0.11194
-0.11442
0.14359
0.14605
0.067433
0.061992
0.11094
0.18436
0.16776
0.14311
0.31517
0.50932
0.38706
-0.11317
-0.48507
-0.7522
-0.98282
-1.1933
-1.2655
-1.1529
-0.91079
-0.635
-0.3423
0.0023061
0.30618
0.34775
0.081913
-0.31013
-0.47008
-0.47585
-0.34123
-0.069982
0.22041
0.38492
0.48602
0.10727
0.19151
0.35221
0.41317
0.94011
0.31831
0.21146
1.0923
2.1034
2.4666
3.0567
2.1741
1.5013
1.0097
0.27422
0.098325
-0.40129
-0.88047
-0.95749
-1.5964
-0.96409
0.065305
0.55954
0.59211
0.83569
0.29405
0.70552
1.5317
1.8169
1.2253
0.80306
0.9317
0.34301
0.25326
-0.19916
-0.63856
-0.83158
-1.0146
-1.1476
-0.98222
-0.6307
0.0016924
0.048898
-0.14665
0.28457
0.47939
-0.034019
0.17499
-0.094147
-0.18118
-0.16886
-0.26426
-0.30957
-0.13769
0.15626
0.30363
0.2146
-0.012896
-0.21421
-0.38675
-0.54143
-0.70066
-0.74081
-0.66597
-0.56345
-0.41301
-0.22851
-0.030965
0.078783
-0.098689
-0.45722
-0.72042
-0.66838
-0.49487
-0.14402
0.021332
0.53499
0.50852
0.010799
-0.017228
-0.079911
0.26275
0.040989
-0.78305
-0.47598
-1.2589
-1.8406
-1.4385
-1.8782
-1.6154
-0.47163
-1.71
-1.4731
-2.5331
0.25274
0.7621
0.35635
0.094294
0.776
0.19138
0.44496
1.0828
0.87172
1.7611
2.1249
0.7977
0.99035
0.097346
2.0723
0.51218
0.10101
0.074332
0.2276
0.26278
0.24038
0.22736
0.30898
0.36454
0.30262
0.14396
0.075932
0.012296
-0.21052
-0.17752
-0.21118
-0.14446
-0.15852
-0.18538
-0.15574
0.012998
0.19065
0.17886
0.20241
0.57039
0.81723
0.60958
0.039964
-0.52857
-0.85692
-1.0484
-1.0589
-0.87953
-0.64724
-0.44925
-0.42293
-0.48676
-0.34442
-0.039736
-0.049674
-0.29853
-0.44185
-0.41357
-0.33839
-0.85026
-0.45804
0.50733
1.7699
2.1878
2.0149
1.1925
2.1149
0.48957
-0.3328
-0.62655
-0.84643
-2.144
-2.304
-3.1239
-2.57
-2.6065
-1.1913
-1.2915
-1.2041
-0.78026
0.74468
-0.13266
0.78751
1.343
1.4541
1.1327
1.7869
0.93902
0.91669
0.46746
1.3816
0.46785
0.3708
0.53688
0.79986
0.81481
0.51544
0.090425
-0.21616
-0.36345
-0.53849
-0.56158
-0.061765
-0.025939
-0.020981
-0.3442
-0.19826
-0.068103
0.042663
0.092289
0.11944
0.16769
0.17075
0.21454
0.36729
0.64992
0.661
0.28376
-0.25879
-0.57768
-0.79659
-0.99605
-1.1055
-1.0675
-0.94005
-0.77184
-0.59998
-0.33604
-0.035516
0.092018
-0.10513
-0.44789
-0.65247
-0.49535
-0.28923
-0.087228
0.2979
1.1139
1.0413
0.12244
0.03008
-0.74962
-1.6283
-2.9579
-3.4719
-3.9394
-4.0211
-2.7948
-2.7452
-2.1461
-1.2637
0.72994
0.96671
0.9408
1.5059
1.2063
1.1885
0.97797
1.3718
1.2096
1.2328
1.4102
0.29057
0.30296
0.78091
1.73
1.4991
1.0443
0.56033
0.34046
-0.093705
-0.30357
-0.42084
-0.60632
-0.70721
-0.68293
-0.50073
-0.25412
0.17821
0.44097
0.59161
0.26674
0.017098
-0.21254
-0.48298
-0.27151
-0.048645
0.11668
0.28925
0.40345
0.47189
0.65799
0.70105
0.32348
-0.20515
-0.64485
-0.9281
-1.0972
-1.1612
-1.1079
-0.95783
-0.74148
-0.49965
-0.29245
-0.087641
0.05889
-0.1139
-0.49724
-0.70206
-0.6398
-0.46591
-0.14586
0.19835
0.39518
0.66289
0.49907
0.60889
0.4846
0.21233
-0.10165
-0.21386
-1.2098
-1.7524
-1.7549
-1.8408
-1.7261
-1.3922
-1.8042
-0.11326
1.1541
2.5364
3.2607
3.8085
4.296
4.3251
3.3479
2.9678
2.4011
1.7571
0.99936
0.42751
-0.014072
1.3105
1.046
0.88775
0.374
0.094431
0.1382
-0.064151
-0.22317
-0.27855
-0.2674
-0.080014
-0.14346
0.067876
0.2711
0.29324
0.093969
0.16755
-0.11774
-0.13309
-0.057581
-0.091963
-0.029173
-0.050836
-0.11551
-0.16069
-0.092867
0.047078
0.12591
0.14186
0.1922
0.21757
0.10928
-0.07056
-0.28354
-0.42778
-0.55497
-0.68878
-0.76248
-0.82578
-0.82381
-0.80194
-0.78487
-0.67715
-0.42858
-0.10177
0.12735
0.1532
0.14846
0.28355
0.044677
-0.01536
0.26785
1.0167
1.7953
0.29721
-0.3466
1.5743
1.9944
2.6814
2.6033
3.356
3.0706
3.0532
2.5928
1.9214
2.8225
2.5128
1.1655
-1.2481
-0.94086
0.61058
0.0023404
0.27739
0.056845
0.70653
0.41784
0.81988
1.1787
0.46298
0.98519
0.63113
0.62705
0.82272
1.2107
1.4903
1.4666
1.1981
0.87541
0.72125
0.62055
0.4837
0.3582
-0.49204
-0.46821
-0.14172
-0.26001
-0.29748
-0.29219
-0.29171
-0.23786
-0.045771
0.13328
0.21423
0.36196
0.60975
0.86634
0.84735
0.47658
0.0086728
-0.38034
-0.63981
-0.84991
-0.98478
-0.96243
-0.83928
-0.75724
-0.60667
-0.38493
-0.22138
-0.13308
-0.29622
-0.58985
-0.72094
-0.61683
-0.33746
-0.022257
-0.38612
0.32689
1.4439
1.6649
1.4349
0.48474
-0.46054
-1.9666
-2.6895
-3.1548
-2.816
-2.5835
-3.195
-3.4857
-3.2192
0.18804
1.2039
1.2705
1.1103
0.80316
0.91911
0.79188
1.3365
1.3944
1.515
0.77739
-0.52227
-0.34936
0.36477
1.7568
0.70732
0.7181
-0.048357
-0.0085516
0.045773
-0.15664
-0.42688
-0.67299
-0.75505
-0.85224
-0.92612
-0.5114
-0.26912
0.041236
0.12174
0.18181
-0.26054
-0.10111
-0.24779
-0.34293
-0.25405
-0.11516
-0.0041889
-0.0052159
0.0087127
0.18002
0.42321
0.41743
0.30337
0.15994
-0.062893
-0.36445
-0.61803
-0.77654
-0.84186
-0.85907
-0.84625
-0.84003
-0.75412
-0.56958
-0.40544
-0.43724
-0.49
-0.3814
-0.18958
0.074536
0.32238
0.065597
-0.34608
0.56435
1.3374
2.532
3.1747
2.5841
2.1318
1.3968
0.82192
0.90909
0.37853
-0.1463
-1.2678
-2.2518
-1.6105
-0.65498
0.40876
1.4449
1.5517
1.2189
1.4612
1.3337
1.3967
1.6714
1.0933
1.1814
1.0742
1.3896
1.3544
0.85056
1.0301
0.57856
0.3128
0.30274
0.097345
-0.02456
-0.1037
-0.010085
0.15719
0.65459
0.81426
0.67363
0.25796
0.38494
0.093189
-0.25406
-0.40771
-0.40393
-0.40403
-0.22345
-0.10544
-0.011565
0.065177
0.1694
0.30899
0.33999
0.39583
0.67907
0.89319
0.61156
0.076901
-0.37373
-0.66391
-0.86909
-1.0163
-1.0702
-1.0363
-0.89913
-0.71416
-0.55826
-0.33893
0.006911
0.16031
0.051483
0.0093499
0.1122
0.0853
-0.30979
-0.32658
0.7165
1.3198
1.7135
1.489
1.1544
0.58457
-0.074492
-0.20393
-0.46151
-0.77337
-1.0509
-0.24821
-1.0659
-0.42772
-0.36944
0.45317
0.78487
0.75902
1.0655
1.3472
1.6705
2.1353
2.0223
2.0088
2.2277
2.4967
1.228
1.0737
0.23384
1.0339
0.53335
-0.39865
-0.57903
-0.22206
-0.16297
-0.45031
-0.69752
-0.81186
-0.8028
-0.69372
-0.31588
-0.00663
0.2636
0.30307
-0.12148
-0.77734
-0.53692
-0.25339
-0.37336
-0.42403
-0.2519
-0.093753
0.092602
0.46021
0.87772
1.0837
0.75987
-0.012927
-0.62873
-1.0025
-1.3052
-1.4985
-1.4618
-1.2138
-0.89878
-0.5544
-0.17095
0.22779
0.36972
0.12203
-0.34258
-0.65732
-0.55738
-0.2875
-0.067618
-0.13339
0.10216
0.41074
0.051829
-0.087448
0.7648
1.1102
0.33016
0.23258
-0.090264
-0.50675
-1.5188
-1.8044
-2.6683
-3.5378
-2.9068
-3.9425
-3.4077
-3.1075
-0.9435
-0.16008
0.096439
1.3391
1.8596
2.0217
1.8695
2.3064
1.8792
1.8598
2.2936
1.0751
0.98575
-0.26468
0.23007
-0.28212
-0.81317
-1.0977
-1.3009
-1.3702
-1.2411
-1.064
-0.86895
-0.4359
0.045072
0.034525
-0.23692
-0.033593
0.15788
-0.060045
-0.3506
-0.41412
-0.37171
-0.27191
-0.16957
-0.026724
0.14104
0.30559
0.43576
0.59817
0.84035
0.98355
0.80238
0.27109
-0.21751
-0.56398
-0.87695
-1.111
-1.1388
-1.0062
-0.88592
-0.77812
-0.60454
-0.35637
-0.12386
-0.18251
-0.34395
-0.57382
-1.003
-1.205
-0.96071
0.26076
1.9072
2.9064
3.1999
2.3831
2.5513
1.7707
0.73237
-1.0154
-1.7919
-3.0622
-4.079
-4.6755
-4.9247
-2.8992
-0.9933
-0.37125
-0.12792
-0.11538
0.96114
0.99841
1.338
1.3723
1.8756
1.4752
1.2292
0.16345
0.22183
1.5503
1.7766
1.5862
1.2434
0.29249
-0.41707
-0.39811
-0.30307
-0.22899
-0.042846
0.1235
0.22923
0.22288
0.95404
1.172
1.2568
1.2967
0.73517
-0.18786
-0.60845
-0.59393
-0.59889
-0.33623
0.10068
0.29952
0.39433
0.70034
1.0011
1.01
0.55783
-0.16943
-0.63755
-0.98847
-1.3059
-1.4437
-1.3617
-1.1437
-0.91159
-0.68961
-0.36815
0.11575
0.29868
0.07904
-0.35633
-0.51529
-0.26589
-0.10349
0.10126
0.35929
0.82315
-0.31625
0.091005
0.57131
1.0758
1.2631
1.5451
0.81839
0.052415
-0.4929
-0.76574
-0.97323
-1.2899
-1.7665
-2.9706
-3.969
-2.6938
-1.9216
-1.1885
-0.6567
-0.4968
-1.1055
-1.0187
-0.50228
0.23647
0.71215
0.74006
0.58192
0.19159
0.66074
0.77519
1.1331
1.2623
1.0386
0.50593
0.095721
-0.29964
-0.55394
-0.7892
-1.0804
-1.3616
-1.4434
-1.3267
-1.0848
-0.72361
-0.12492
0.1655
0.17204
0.14951
0.004142
-0.17631
-0.19767
-0.16293
-0.13061
-0.030173
0.15208
0.28297
0.4354
0.79412
1.0835
0.9743
0.33493
-0.213
-0.52999
-0.73632
-0.97823
-1.0754
-1.0175
-0.83743
-0.64105
-0.43571
-0.14064
0.20042
0.2479
-0.083045
-0.52142
-0.59226
-0.48697
-0.38685
-0.16377
0.19924
0.21585
-0.57326
0.64762
1.7568
2.3143
0.96916
-0.017104
-0.5792
-0.82118
-1.1026
-2.4225
-1.0425
0.037143
0.89468
1.55
2.3368
4.7842
5.4487
5.1921
3.7459
3.2374
2.5026
1.7643
0.4985
-0.71844
0.50352
0.11276
-0.11046
-0.20596
-0.29316
-0.33735
-0.43507
-0.24142
-0.14995
-0.27937
-0.39705
-0.21035
-0.25129
-0.18827
-0.16444
-0.11175
0.033297
0.20033
0.31972
0.37832
0.50503
0.71597
0.79414
0.49214
-0.010524
-0.45624
-0.73789
-1.0065
-1.2306
-1.2309
-1.0612
-0.89902
-0.70049
-0.45517
-0.18674
0.022029
0.024311
-0.24677
-0.49305
-0.51339
-0.35859
-0.18884
0.05405
0.31461
0.426
0.34936
0.17767
0.072071
0.078907
0.1331
0.19779
0.12432
0.16064
1.3677
0.97072
0.89695
0.27681
-0.34066
-0.82073
-0.98779
-1.2878
-1.0349
-0.86774
-1.6012
-2.0337
-1.9716
-1.0718
0.15007
-0.36568
-0.0070355
-0.065027
0.35609
0.88204
1.4069
1.7395
2.039
1.3101
0.32506
0.11552
0.18382
0.38302
0.33759
0.2894
0.30124
0.33117
0.31006
0.2405
0.2906
0.38758
0.20985
-0.063068
-0.030984
-0.16051
-0.26892
-0.35674
-0.36793
-0.25601
-0.099118
-0.013695
0.0026574
0.061818
0.18098
0.30237
0.44865
0.55321
0.71179
0.86714
0.66966
0.32808
0.1136
-0.077434
-0.29988
-0.457
-0.51851
-0.54558
-0.57994
-0.5724
-0.55212
-0.5721
-0.49862
-0.50674
-0.70539
-0.66672
-0.39968
-0.081103
-0.27462
0.39786
0.45611
1.2758
1.6769
1.5385
1.2177
0.86816
0.56356
0.086107
-0.71741
-0.75147
-1.4765
-2.5025
-2.9824
-2.3663
-1.1419
0.17697
0.53876
0.63479
0.94787
1.4636
1.9121
1.8989
1.5251
1.3971
0.31527
-0.38209
-0.23164
0.12317
0.98537
0.72071
0.87455
0.042794
0.023105
-0.003699
-0.14247
-0.36153
-0.56956
-0.64113
-0.67736
-0.66858
-0.5189
-0.28157
-0.015596
0.19031
0.23852
-0.38279
-0.085366
-0.26239
-0.34717
-0.26669
-0.070206
0.12406
0.23719
0.35291
0.56308
0.80122
0.84274
0.4821
-0.073292
-0.48795
-0.80595
-1.0896
-1.228
-1.1976
-1.0524
-0.89733
-0.7334
-0.55579
-0.29337
-0.076432
-0.12
-0.34102
-0.37513
-0.20756
0.10763
0.25913
-0.16777
-0.10845
0.94076
2.0318
2.4626
3.6641
4.2177
3.7627
3.542
2.084
1.129
-0.12479
-1.2502
-3.0883
-4.3025
-4.436
-3.7291
-3.5669
-2.326
-0.52658
0.050405
0.045953
0.3945
0.030655
0.71449
0.97537
1.2285
1.1604
1.5711
1.4015
1.1731
1.2347
1.2879
0.81067
0.52675
-0.034648
-0.322
-0.351
-0.28064
-0.16549
0.0059394
0.25644
0.47708
0.53744
0.47051
0.48466
-0.081057
-0.070293
-0.12694
-0.3533
-0.31823
-0.26793
-0.22376
-0.14631
-0.043379
0.02736
0.17657
0.36118
0.58691
0.77424
0.63884
0.18399
-0.21426
-0.40532
-0.60707
-0.80062
-0.86668
-0.78927
-0.69338
-0.56551
-0.31045
-0.046652
0.042932
-0.051662
-0.29654
-0.45219
-0.43374
-0.44697
-1.0928
0.038256
1.3157
1.8802
1.5996
1.2025
0.82197
-0.26984
-1.066
-2.1756
-2.8536
-2.6663
-2.8945
-2.9558
-1.8148
0.74859
1.8217
2.0628
1.9439
1.8455
1.5103
0.81467
0.75385
0.37637
0.43161
0.60065
0.13106
0.27364
1.0556
1.2564
1.1517
1.1356
0.5969
-0.22486
-0.91199
-1.2725
-1.79
-1.6255
-1.7477
-1.6654
-1.4644
-1.1109
-0.6055
-0.030388
0.38082
0.56695
0.34341
0.16195
-0.040623
-0.3113
-0.65428
-0.32167
-0.43015
-0.30254
-0.21594
-0.029324
0.15624
0.42212
0.64775
0.85473
0.9755
0.83746
0.37217
-0.24093
-0.83393
-1.2793
-1.5715
-1.7337
-1.7297
-1.5682
-1.3198
-0.89132
-0.38155
0.10465
0.39269
0.45614
0.47146
0.58235
0.64882
0.69434
0.36365
0.72489
0.98817
0.88962
1.254
1.4864
1.6058
1.4249
0.89984
0.03397
-0.81203
-1.8424
-2.6787
-2.9386
-3.1023
-3.4591
-2.5496
-1.6955
-0.52064
0.089663
0.62802
1.1479
1.505
1.5316
1.4194
1.1122
1.1539
1.2751
0.98705
0.33794
0.94556
0.54806
-0.0061668
-0.40517
-0.50774
-0.10748
0.074995
0.17558
0.226
0.32271
0.49986
0.67233
0.76966
0.56631
0.15751
-0.034824
-0.1767
-0.25703
-0.3481
-0.24627
-0.27537
-0.14488
-0.052004
0.049676
0.19081
0.36068
0.62711
0.84591
0.85537
0.60106
0.17473
-0.25317
-0.59264
-0.82139
-0.90151
-0.90401
-0.84327
-0.74141
-0.59613
-0.41422
-0.18727
-0.12178
-0.29613
-0.5288
-0.61609
-0.42027
-0.11272
0.17836
0.31585
0.2907
-0.22375
0.28266
0.72925
0.23209
0.10145
-0.14302
-0.74052
-1.5622
-1.4372
-1.0882
-1.6047
-2.0498
-1.5198
-2.5536
-3.2736
-2.5749
-0.59852
0.30212
0.62146
0.23622
-0.25188
-0.19899
0.67946
1.0239
0.39148
1.3124
1.943
0.85318
0.64278
1.0538
2.6131
2.1621
0.90572
0.25588
-0.030501
-0.13616
-0.29143
-0.39987
-0.41463
0.37404
0.32672
0.33972
0.12623
0.031578
0.084621
-0.13585
-0.31112
-0.30969
-0.30247
-0.31546
-0.26957
-0.077381
0.20252
0.33293
0.42377
0.72349
1.0138
0.88025
0.30725
-0.27003
-0.67406
-0.95529
-1.1317
-1.2016
-1.0849
-0.87314
-0.68511
-0.52459
-0.26333
0.043962
0.10371
-0.21517
-0.63162
-0.74775
-0.50914
-0.97185
0.099509
1.1889
1.7504
1.7353
0.60409
0.1623
-0.77053
-2.2246
-2.3101
-2.839
-3.3101
-3.7168
-3.9166
-3.4039
-1.7427
-1.1008
-0.7874
-0.63456
-0.02992
0.88252
0.93092
1.2764
2.6504
2.8165
2.7796
2.3545
1.9468
1.7994
1.1749
0.59628
0.35618
0.31686
0.71635
0.17945
0.2067
0.064133
0.085703
0.1905
0.18003
0.10983
-0.026283
-0.15467
-0.059176
-0.042185
0.12621
0.25672
0.28737
0.14106
0.17703
-0.088161
0.051612
0.22712
0.34154
0.30042
0.13957
0.074616
0.20412
0.4327
0.49838
0.26076
-0.17228
-0.51955
-0.74618
-0.85779
-0.94207
-1.0409
-1.0682
-1.0394
-0.94469
-0.78491
-0.55788
-0.33685
-0.24492
-0.29259
-0.29323
-0.10835
0.14228
0.31998
0.18121
-0.57637
-0.038738
-0.0041028
0.94632
1.6485
1.5982
1.4418
1.0887
0.64869
0.45147
-0.35785
-1.2702
-2.1044
-2.9708
-3.538
-2.7444
-2.6241
-1.2004
-0.93384
-0.71445
-0.09683
0.14732
0.23621
0.1833
-0.24012
-0.092812
0.3569
0.71454
0.77677
0.65495
0.59582
0.79823
0.91851
1.3502
1.2909
0.93368
0.54466
0.2099
0.07534
-0.0015809
-0.072419
-0.21085
-0.53029
-0.70736
-0.60477
-0.33342
0.046791
0.064859
-0.041081
0.019285
0.0010117
-0.053657
-0.092209
-0.0044707
0.19975
0.3251
0.36588
0.63817
1.0287
0.99798
0.40796
-0.22976
-0.65955
-1.0503
-1.4946
-1.7382
-1.7125
-1.458
-1.1265
-0.83769
-0.46343
0.00047799
0.22135
-0.0035774
-0.30883
-0.27386
-0.3851
-0.71181
-0.34801
0.15233
0.97732
0.9236
1.0105
0.80357
-0.16365
-0.8845
-1.7441
-2.2029
-1.4125
-1.5662
-1.6806
-1.8107
-2.0646
-1.8746
-0.40819
0.052241
0.65571
0.74161
0.5698
1.0907
1.666
2.5463
3.46
2.4494
2.4386
2.2456
1.3708
1.6609
2.0355
1.3799
0.57026
-0.30972
-0.77622
-1.1523
-1.6821
-2.1115
-2.3917
-2.4431
-1.5326
-0.83272
-0.72579
-0.45577
-0.43356
-0.37941
-0.37891
-0.47642
-0.34926
-0.38969
-0.36215
0.054993
0.3632
0.56122
0.64535
0.80229
1.0584
1.0316
0.51621
-0.10654
-0.60757
-1.071
-1.4143
-1.5305
-1.4565
-1.3174
-1.1358
-0.90751
-0.68709
-0.3772
-0.12171
-0.15407
-0.38405
-0.37372
-0.22157
0.10885
0.37844
0.46192
-0.12532
0.34283
0.23498
0.038781
0.46148
0.57029
-0.38568
0.037236
-0.85601
-1.1687
-1.0281
-0.29714
0.16137
-0.34962
-1.4336
-1.2361
-1.0192
-0.47988
0.39652
0.56947
0.42339
1.2394
0.42324
0.78848
1.311
2.198
1.9516
0.97803
0.66035
0.82708
0.9167
0.69783
0.75042
0.83731
0.49186
0.24634
0.013316
-0.24603
-0.46808
-0.47169
-0.74024
-0.50352
-0.0040396
0.065391
0.0031316
0.2929
0.43795
0.30247
0.024624
0.14828
0.12049
-0.0035126
-0.046555
0.054734
0.23488
0.35236
0.52006
0.88056
1.1121
0.67708
0.013795
-0.53496
-0.86054
-1.0537
-1.1781
-1.1644
-1.0657
-0.95978
-0.87761
-0.77671
-0.599
-0.42922
-0.45767
-0.85378
-0.87274
-0.43493
-0.293
-0.58263
-0.50657
0.187
2.3678
3.9847
4.9463
4.8714
4.0942
3.226
2.5925
1.1101
0.47319
-0.95011
-1.684
-2.9368
-4.2355
-3.6524
0.053936
0.77989
1.0062
0.44923
0.083786
0.41369
1.1027
1.1172
1.4711
1.0977
1.5087
1.1762
0.96854
1.6367
2.6716
1.3631
1.1129
0.43135
0.35231
0.24751
0.37982
0.12144
-0.31741
-0.44342
-0.34095
0.17726
0.26722
-0.21998
-0.26731
-0.021728
0.2315
0.064246
0.15515
-0.040569
0.097948
0.071574
0.089984
0.065845
0.027035
0.091549
0.34494
0.69972
0.99421
0.90745
0.36201
-0.30432
-0.79456
-1.1952
-1.5002
-1.6012
-1.532
-1.368
-1.1562
-0.8624
-0.4696
-0.16121
-0.13541
-0.41116
-0.73583
-0.77152
-0.44185
-0.076485
0.47548
-0.69742
0.32483
0.14156
0.26425
1.2227
2.2457
2.0307
1.5507
1.7677
1.7445
1.4665
1.5406
0.95552
0.077347
-1.8493
-1.3803
-2.7255
-2.8164
-2.0278
-1.5105
-1.6459
-1.1409
-0.2838
-0.04482
0.23913
0.60153
0.9783
1.3659
1.1101
1.0805
1.1543
1.2709
1.6998
1.4227
1.5536
1.4824
1.1587
0.75903
0.35138
-0.050254
0.12302
-0.022051
-0.28536
-0.14569
0.21233
0.31016
0.22333
-0.24207
0.067885
0.094929
0.080984
0.11532
0.095393
0.063884
0.35105
0.81298
0.85957
0.63477
0.1779
-0.26145
-0.61039
-0.9082
-1.1916
-1.3942
-1.4606
-1.3876
-1.3014
-1.1211
-0.73026
-0.47611
-0.62462
-0.76924
-0.86864
-0.56262
-0.066368
0.33896
-0.34678
0.41671
0.55227
0.82533
2.0825
3.4392
1.8924
2.1185
0.77743
-1.0624
-2.63
-3.2061
-4.4106
-5.1043
-5.7723
-4.7571
-5.2014
-3.598
-1.3447
-0.092156
-0.47185
1.4529
0.99473
0.66527
0.65739
1.283
1.2494
2.4733
2.184
2.3218
1.8244
2.1252
2.163
1.6426
0.80139
0.25494
-0.045113
-0.52418
-0.8548
-0.73129
-0.50384
-0.0098465
-0.24864
0.52704
0.55447
0.56586
0.67074
0.0016235
-0.50542
-0.40823
-0.11129
-0.094746
-0.10854
-0.058691
0.071677
0.27826
0.55829
0.84882
1.0273
1.0732
0.81466
0.29401
-0.29958
-0.82146
-1.2251
-1.488
-1.62
-1.6778
-1.7064
-1.6476
-1.3585
-0.92564
-0.56208
-0.19706
0.04637
-0.014009
0.015665
-0.16923
0.91471
0.66835
1.9081
2.5198
2.7297
2.9263
1.7994
0.87356
0.16246
0.15544
-0.38971
-0.46677
-1.4066
-1.9025
-0.53263
-1.5905
-0.042795
0.40485
0.53911
0.34379
-0.71487
-0.5043
0.23327
1.2708
1.4883
1.978
1.3269
1.3888
1.2959
-0.14264
-0.16551
-0.84282
-1.312
-1.6441
-1.6885
-1.3069
-0.82883
-0.5725
-0.4512
-0.20406
-0.077581
-0.10858
-0.23987
-0.28452
-0.34773
-0.46773
-0.17568
-0.14388
-0.096701
-0.051852
-0.087637
-0.097625
0.033012
0.22759
0.33192
0.57233
0.9476
1.1261
0.75509
0.23219
-0.087367
-0.41361
-0.77557
-1.0758
-1.2136
-1.2044
-1.1017
-0.948
-0.76782
-0.47204
-0.26156
-0.3511
-0.65025
-0.65735
-0.35079
-0.066184
0.18137
0.32745
0.7821
0.34308
0.57748
0.63931
-0.092676
0.26914
-0.98789
-2.0398
-2.8219
-3.2351
-3.5173
-3.215
-3.2174
-3.8565
-2.5621
-2.1697
-1.1259
-0.67377
-0.51888
0.48244
0.0051316
0.6039
1.1113
1.4221
1.4618
1.2804
0.84447
1.0856
2.2278
0.87951
-0.14763
-0.47506
-0.87291
-0.79671
-0.78172
-0.49369
-0.39741
-0.41912
-0.51684
-0.6324
-0.11528
0.55744
0.35925
-0.37184
-0.1068
0.36165
0.36907
0.46453
0.33526
0.51081
0.52902
0.4832
0.29364
0.1205
0.26951
0.65194
0.47675
0.021427
-0.44923
-0.69726
-0.88991
-0.99757
-1.0358
-1.0119
-0.92442
-0.82428
-0.76561
-0.64466
-0.3714
-0.21967
-0.59755
-0.91185
-0.99638
-0.69085
-0.29675
0.18917
0.38727
0.22057
-0.65579
-0.04664
0.80552
1.8844
2.124
3.3792
2.7617
3.0209
2.6426
2.2795
1.5565
0.46053
-1.3624
-2.1493
-1.5497
-1.1299
-1.039
-0.82207
-0.70774
0.41091
-0.045984
0.58539
0.10781
-0.44943
-0.22263
0.19115
0.82574
1.8012
2.4591
1.3065
0.89647
0.24478
0.57568
0.57004
0.39314
-0.038414
-0.45667
-0.73685
-0.076909
0.18704
0.26024
-0.12503
0.0069485
0.092176
-0.1334
-0.38823
-4.2634e-05
-0.11117
-0.06858
-0.10274
-0.20336
-0.23346
-0.13996
-0.00057205
0.17537
0.43691
0.84412
1.0181
0.68938
0.092214
-0.39705
-0.74846
-1.1079
-1.3246
-1.3822
-1.3082
-1.2541
-1.2463
-1.0957
-0.77633
-0.41449
-0.23979
-0.28117
-0.27948
-0.29813
-0.96729
0.38743
0.52917
0.34162
1.9699
2.7228
1.7959
1.471
0.6567
0.094125
-0.98631
-1.7624
-2.5438
-2.8052
-3.8226
-1.9304
-2.1282
-2.2792
0.53854
1.2436
1.2078
2.2204
2.5751
3.0415
2.8575
2.9339
2.7263
2.5378
1.8372
2.3048
0.91147
0.040208
0.32698
-0.074354
-0.38102
-0.6275
-0.6138
-0.4282
-0.47897
-0.60112
-0.54086
-0.28301
0.16268
0.27073
-0.0085214
0.26535
-0.10806
-0.045684
-0.22289
-0.43362
-0.39103
-0.13692
-0.0083341
0.13428
0.2803
0.51244
0.86639
1.1328
1.0341
0.5091
-0.19846
-0.71367
-1.1651
-1.5928
-1.7895
-1.659
-1.3773
-1.0782
-0.72477
-0.279
0.13357
0.26547
0.035853
-0.30142
-0.43926
-0.27858
-0.13248
0.11019
0.3923
0.47179
0.52762
0.20737
-0.23872
0.25748
1.0048
0.93884
-0.24913
0.064378
-0.10114
-0.034221
-0.29545
-0.84116
-1.8811
-1.9397
-1.3593
-1.3312
-0.96832
0.032394
0.55641
0.42698
0.51561
1.9236
1.8778
1.8293
1.2077
0.47084
0.74599
1.1025
1.1368
0.45089
-0.20453
-0.65221
-0.69329
-0.42663
-0.2971
-0.073834
0.0028891
0.022384
0.057073
0.20919
0.76205
0.33867
0.43552
0.46837
0.47651
0.56247
0.50155
0.40421
0.23624
0.36363
0.24215
0.082664
-0.061177
0.012867
0.21173
0.37824
0.57403
0.86627
0.94977
0.64436
0.13391
-0.38375
-0.88688
-1.3349
-1.7336
-1.9673
-2.0564
-1.9179
-1.6982
-1.3821
-0.95942
-0.51741
-0.14644
0.084527
0.38975
0.34562
-0.11261
0.16504
0.8427
1.0047
2.1249
2.7284
2.5058
2.5388
1.7546
0.74831
-0.21827
-1.3321
-2.5322
-2.9265
-4.1225
-4.0629
-4.3511
-2.0662
-0.49723
0.05942
0.25885
0.91418
0.83164
1.0817
1.291
1.383
1.5278
1.4362
0.81234
1.4583
1.2149
2.8692
1.5722
1.0602
0.73084
0.64307
0.59073
0.53196
0.19295
-0.2316
-0.61236
-0.85881
-0.044734
0.53108
0.077682
0.25019
-0.017797
-0.057675
0.027142
0.0040714
-0.069401
-0.16166
-0.19256
-0.25149
-0.11295
0.26213
0.76197
1.1959
1.0902
0.52248
-0.17217
-0.56467
-0.83802
-1.1509
-1.3362
-1.3294
-1.196
-1.0909
-0.80052
-0.4498
-0.18109
-0.1416
-0.47861
-0.85126
-0.88052
-0.53643
-0.18325
0.3869
-0.37839
-0.52379
1.3578
0.9167
2.3197
2.0516
2.4312
2.6439
3.018
2.3569
2.405
1.6259
0.60418
0.064891
-1.3363
-1.2147
-0.51874
-1.9009
-0.80581
-1.1338
0.13105
0.81
1.2214
0.77567
0.76232
0.79279
1.8166
2.7919
2.1181
1.4172
0.79912
-0.1087
-0.5108
-0.75699
-1.0436
-1.4467
-1.8278
-2.0374
-1.9471
-0.82967
0.082662
0.20429
-0.13938
0.20196
0.38572
0.089955
0.077459
-0.10173
-0.22035
-0.24718
-0.29474
-0.30458
-0.27902
-0.19753
-0.010485
0.31945
0.72837
0.92657
0.6477
0.36139
0.14808
-0.13153
-0.49207
-0.86766
-1.192
-1.3751
-1.4509
-1.4541
-1.3011
-0.92578
-0.56546
-0.48428
-0.45218
-0.043391
0.47423
0.7165
0.74981
0.28891
0.15788
1.0144
1.5764
2.4499
1.9013
1.081
0.25353
0.50429
0.22707
-0.035688
-0.31267
-0.32433
-0.70951
-0.85898
-0.24023
0.96622
1.186
1.7244
1.3035
1.2481
1.592
2.5016
2.316
2.3249
2.3394
2.7279
2.4593
1.857
1.4202
0.60497
0.34147
0.4665
0.19904
-0.26402
-0.49352
-0.49085
-0.52865
-0.50552
-0.34179
-0.003346
-0.0056968
-0.20313
0.018288
-0.077714
0.3911
0.24528
-0.16923
-0.2757
-0.28417
-0.19101
-0.21502
-0.17319
-0.059818
0.095414
0.25156
0.33899
0.46809
0.82416
0.96991
0.63066
0.051768
-0.40861
-0.64029
-0.8859
-1.1173
-1.1466
-1.0152
-0.83943
-0.64403
-0.45921
-0.2328
-0.0067298
-0.090463
-0.39189
-0.63023
-0.6118
-0.47835
-0.36088
0.2788
0.69525
0.44083
-0.047563
0.46818
0.66076
-0.55059
-1.2145
-2.1118
-2.4012
-2.7682
-2.5464
-1.8692
-1.254
-1.2074
-1.8822
-0.84078
-0.3814
0.80512
0.98317
0.56035
1.0087
0.89757
1.144
1.0977
1.4735
1.6228
0.88976
0.56789
1.0783
2.3543
1.3455
0.8555
0.94209
0.48871
0.25251
-0.52143
-1.2459
-1.4308
-1.5459
-1.5628
-1.3219
-0.36311
0.16885
0.31687
0.20661
0.24518
0.51493
0.15199
0.20787
-0.20455
-0.22987
0.047326
0.14958
0.26412
0.44084
0.73799
1.0305
1.0165
0.6828
0.31486
-0.06961
-0.46636
-0.79529
-1.0058
-1.129
-1.1642
-1.1006
-1.0224
-0.85822
-0.57766
-0.40787
-0.46259
-0.51378
-0.36407
-0.18177
0.084346
0.33339
0.31234
0.12793
-0.46965
0.27971
0.54719
0.86764
1.5641
1.6867
1.4255
1.2878
1.263
-0.24333
-1.0516
-1.4744
-2.7963
-3.5248
-3.5203
-2.7125
-1.8019
-1.266
-0.44784
0.058239
0.76466
1.5135
1.6729
0.80623
1.1351
1.1813
0.62068
0.95942
1.1339
0.61064
0.78826
0.10452
-0.60438
-0.3055
-0.12625
-0.067646
-0.027445
0.036612
0.10462
0.22817
0.49952
0.74647
0.59781
0.25404
0.1613
-0.12561
-0.77694
-0.45787
-0.50503
-0.46568
-0.34251
-0.12208
0.11054
0.32911
0.56747
0.80528
0.94161
0.93927
0.50268
0.12185
-0.17319
-0.4624
-0.71581
-0.83993
-0.86158
-0.8129
-0.76532
-0.69807
-0.60536
-0.5049
-0.50279
-0.65817
-0.90332
-0.61736
-0.23235
0.051685
0.20544
0.50855
-0.4852
0.23752
0.059934
0.69928
1.3603
1.5666
1.2382
0.95094
-0.26801
-0.66618
-1.1798
-1.4197
-2.4678
-3.1809
-5.0504
-3.164
-2.9096
-1.4524
-1.1067
-1.2094
-1.263
-1.0902
-1.4552
-0.78389
-0.54416
-0.28414
-0.023751
0.7301
1.125
2.4872
1.8824
2.0438
0.89872
0.6368
0.28716
0.28614
0.14954
-0.017041
-0.21475
-0.20249
0.46144
0.79989
0.88301
0.52282
0.24238
0.48553
-0.19711
-0.19994
-0.49174
-0.31829
-0.31681
-0.28544
-0.19937
0.03925
0.2698
0.37722
0.56105
0.91064
1.2201
1.0916
0.4808
-0.1117
-0.70376
-1.2414
-1.5449
-1.5979
-1.4807
-1.2942
-1.1397
-0.97826
-0.59415
-0.094162
0.22341
0.14421
-0.043236
0.01797
0.1612
0.47894
0.52915
0.48524
0.36874
0.62931
0.56064
0.25907
-0.35804
-0.4738
-1.7645
-1.8079
-2.381
-2.0587
-1.4279
-1.2855
-1.2862
-1.1207
-0.89485
0.26608
0.92046
1.46
1.9413
2.5498
2.1005
2.7565
2.3281
2.5576
2.3334
1.3305
1.2614
0.99599
0.78103
0.49231
0.18871
0.30215
-0.29525
-0.53093
-0.5731
-0.91409
-1.0253
-1.0972
-1.0731
-0.9106
-0.02658
0.41558
0.63561
0.44356
0.73284
0.75774
0.03089
0.14424
0.2518
-0.0071756
-0.027883
-0.085144
-0.076801
0.055891
0.32302
0.74557
0.96087
0.74017
0.3
-0.15805
-0.54478
-0.90889
-1.2102
-1.4633
-1.5432
-1.4382
-1.2206
-0.86462
-0.4115
-0.030714
-0.025622
-0.25482
-0.35205
-0.19684
-0.0058683
0.0061397
-0.10914
-0.69551
0.48631
0.26112
0.26355
1.247
1.57
1.1937
0.34416
-0.53323
-1.4997
-2.5491
-3.5533
-4.2116
-3.8767
-4.1847
-2.2704
-3.5059
-1.2882
0.6849
1.2108
1.2596
1.3022
1.3979
1.3218
1.2294
0.53669
1.9495
2.9101
2.6944
2.5301
1.3291
2.2175
1.4249
0.43594
0.45202
-0.57836
-1.0048
-1.2996
-1.5792
-1.8616
-0.46672
-0.31216
-0.10461
-0.30923
-0.049697
0.15204
0.26724
0.1875
0.58842
-0.17806
0.033984
-0.045748
-0.074322
0.042568
0.30992
0.56449
0.76528
1.1
1.2631
0.65409
-0.018231
-0.53843
-0.75014
-0.91635
-1.1219
-1.1724
-1.0355
-0.84469
-0.62104
-0.40308
-0.17477
0.016842
-0.15816
-0.5988
-0.55445
-0.29699
-0.3808
-0.69412
-0.30797
1.1236
1.827
2.0152
2.1725
1.8931
0.73787
-0.54712
-0.77979
-1.3502
-2.4471
-3.3049
-3.5181
-3.7922
-2.421
-2.3829
-0.37541
0.18713
0.69314
0.80637
0.61896
1.1582
2.1987
1.8629
1.2938
1.0559
1.7412
1.7419
1.8402
0.72414
2.4224
2.6854
3.0678
2.9906
2.9145
2.9862
2.4961
1.9651
1.4265
0.96088
1.0475
0.62646
-0.19177
-0.7028
-0.26747
0.62091
0.2604
-0.1806
-0.23499
-0.18965
-0.20866
0.18446
0.32459
0.26922
0.17395
0.33745
0.71003
0.75107
0.43131
-0.093621
-0.42288
-0.62661
-0.93115
-1.2239
-1.3488
-1.3657
-1.3175
-1.1659
-0.75998
-0.21092
0.09597
-0.078299
-0.29863
-0.35476
-0.1007
0.1163
0.12189
-0.36895
-0.53492
0.35177
0.56314
0.94308
2.162
3.023
3.5894
3.3009
3.15
2.0824
0.61925
-0.75928
-1.8769
-3.1364
-3.6766
-2.9378
-2.593
-1.6844
-0.46592
-0.14593
0.03804
0.049439
0.39154
-0.55217
-0.19997
0.32776
0.8586
1.0214
0.61882
1.4805
1.6308
0.90983
0.39805
-0.25614
-0.59451
-0.58442
-0.65996
-0.78347
0.016877
0.051413
0.045767
-0.078835
-0.46042
0.0014218
-0.15833
-0.29464
-0.1411
-0.23734
-0.176
-0.084143
-0.10645
-0.015079
0.11082
0.21428
0.30529
0.49663
0.77223
1.0318
0.94118
0.36581
-0.30762
-0.78334
-1.0962
-1.3667
-1.491
-1.3839
-1.2073
-0.94919
-0.62998
-0.21677
0.096793
0.15974
-0.089732
-0.47345
-0.67812
-0.53758
-0.41699
-1.0417
0.45954
0.68236
1.9107
2.3631
2.2796
1.6885
-0.12339
-1.6347
-1.9632
-2.4452
-2.9585
-2.3989
-2.0424
-2.3897
-0.57982
-1.0475
0.92735
1.6292
1.8297
1.5521
0.91355
1.4051
2.3993
2.373
2.3026
2.6327
2.4606
1.3713
1.3257
0.4829
0.73186
0.20216
-0.40119
-0.94403
-1.2922
-1.6681
-1.575
-1.709
-1.5722
-1.1899
-0.52117
-0.26212
0.31788
0.28865
0.26853
0.27531
0.25211
0.00038064
-0.20319
-0.31058
0.012682
0.025992
0.094813
0.023831
-0.0058726
0.083791
0.40615
0.70086
0.60458
0.23664
-0.20151
-0.53791
-0.76984
-0.92803
-0.99434
-1.0455
-1.1074
-1.08
-0.91187
-0.59747
-0.18508
-0.0021013
-0.20154
-0.37728
-0.25447
0.12094
0.27633
0.18015
0.49079
-0.45058
-0.43533
-0.13063
0.69553
1.4827
1.9239
1.3732
0.66079
0.51713
0.060172
0.08407
-0.60605
-1.3426
-0.97941
-1.6846
-2.0932
-2.1458
-1.4571
-1.3003
-1.4886
-1.9416
-1.6217
-0.80701
-0.34608
0.51116
0.70256
1.21
2.0415
1.6538
0.91658
0.77489
0.34886
0.28633
0.24927
-0.18397
-0.31207
-5.6724e-05
0.019308
-0.077325
-0.12018
0.074124
0.35469
0.68096
1.0994
0.9476
0.68995
0.84563
0.37982
-0.20945
-0.14277
0.13603
-0.018427
-0.025726
0.114
0.25159
0.40608
0.71428
1.053
0.91779
0.056623
-0.39497
-0.65043
-0.85256
-1.1239
-1.3313
-1.445
-1.4057
-1.2787
-1.0816
-0.7423
-0.36877
-0.24894
-0.52083
-0.87472
-0.50279
-0.10769
0.32619
0.58655
0.57117
0.34351
-0.71935
-0.37616
0.39948
0.80782
2.1735
2.6123
1.8231
3.8207
4.0038
3.3176
2.5331
1.654
0.9886
-0.88185
-3.3442
-1.8697
-1.7141
-1.8224
-1.1995
-1.5681
-1.5798
0.47704
-0.31353
-0.67434
-0.35516
1.0995
2.2567
2.3678
2.0779
2.9088
2.0891
1.9267
0.84643
0.11521
-0.034719
-0.16975
-0.30275
-0.35754
0.01885
1.0605
1.4415
1.6561
1.0817
0.8487
0.91963
0.61199
-0.42091
-0.50107
-0.27372
-0.34065
-0.40468
-0.24122
0.091753
0.4028
0.5846
0.93557
1.3656
1.4259
0.978
0.28608
-0.3491
-0.83321
-1.2722
-1.5219
-1.5623
-1.3931
-1.1753
-0.92203
-0.59429
-0.14298
0.088438
-0.039478
-0.30145
-0.49539
-0.47518
-0.34816
-0.23071
-0.15084
0.42683
0.27415
0.043869
0.60806
0.25708
-0.041473
-1.1274
-1.9915
-3.1251
-3.2171
-3.7263
-3.8594
-4.0651
-3.5395
-2.8481
-2.0453
-1.4372
-0.49374
-0.50229
0.021035
0.10455
0.54236
0.63047
1.1758
0.7459
0.66974
0.34522
1.2865
1.5135
1.7487
0.83274
0.48125
-0.67569
-0.42842
-0.37513
-0.84793
-0.91075
-0.89341
-0.80255
-0.66573
-0.38146
0.37063
0.41772
0.34083
0.17404
0.078189
-0.49904
0.15669
-0.12008
-0.35939
0.012094
0.20596
0.28442
0.38895
0.60071
0.79564
0.68675
0.16717
-0.33533
-0.54541
-0.63214
-0.81914
-0.99253
-0.98084
-0.88654
-0.74197
-0.59844
-0.37816
-0.18475
-0.16383
-0.4268
-0.70709
-0.68162
-0.37742
0.024086
0.29718
0.5144
0.10213
0.47182
1.4883
1.7395
1.3863
0.44684
-1.475
-2.5549
-3.2078
-3.2019
-2.9083
-2.8624
-2.2333
-2.6138
-2.4812
-1.2846
0.54776
0.66772
0.23352
-0.64898
-1.7185
-1.5755
-1.4075
-0.7776
-0.28792
-0.035027
0.66618
0.06314
0.58412
0.90292
1.5552
1.3187
0.74885
0.40732
0.45574
0.5549
0.53837
0.54922
0.45767
0.42283
0.5197
0.37486
0.57322
0.59952
0.58483
0.39642
-0.094368
-0.07116
0.18313
0.22043
0.047393
-0.12839
-0.18396
-0.010821
0.16002
0.28908
0.592
1.1037
1.1181
0.40811
-0.29679
-0.80273
-1.1186
-1.3694
-1.5239
-1.5537
-1.4386
-1.2672
-1.1072
-0.81717
-0.4083
-0.12518
-0.35221
-0.72001
-0.70029
-0.50061
-1.1308
-0.068484
-0.011497
0.3134
0.74547
2.4583
3.021
2.7741
2.3992
1.862
0.92482
-0.06604
-0.22399
-0.90002
-2.6928
-1.3139
-2.5584
-1.7193
-0.67098
0.80156
0.60662
0.56707
0.98942
1.2763
1.261
1.4091
1.9435
1.338
0.71773
1.9317
1.2826
1.0448
0.61413
0.03527
-1.0319
-0.85113
-0.97359
-1.0625
-1.2454
-1.4631
-1.4897
-1.3421
-0.78078
-0.07314
-0.047742
-0.31325
0.091858
-0.10134
-0.48618
0.0057072
-0.30483
-0.29585
-0.23873
-0.16365
-0.040376
0.16469
0.57964
1.0664
1.2884
0.69928
-0.039152
-0.57478
-0.83534
-1.1184
-1.399
-1.5177
-1.3692
-1.1619
-0.89053
-0.49156
-0.0053698
0.22911
-0.04899
-0.69946
-0.85909
-0.67445
-0.35901
-0.12839
0.017775
0.24181
-0.68458
0.26106
1.8334
2.8463
3.8648
3.2476
3.077
2.9444
2.0073
1.2839
0.32039
-0.67162
-2.2702
-3.7887
-2.6084
-0.63499
0.72232
1.2147
1.5982
1.0219
1.6497
1.8987
1.3784
1.1753
0.58453
-0.0023408
-0.32577
0.4419
2.3804
0.99628
0.91828
0.61525
0.57136
0.23029
0.43629
0.32763
0.21936
0.38314
0.48995
0.60128
0.90272
1.0518
0.83168
0.3206
0.67252
0.60776
0.58561
0.2214
0.26065
-0.070839
-0.050248
0.08067
0.017048
-0.051359
0.037047
0.29458
0.41495
0.51792
0.84006
0.85493
0.66363
0.56221
0.42033
0.35741
0.30835
0.18562
-0.040219
-0.33123
-0.61033
-0.96078
-1.3385
-1.5051
-1.485
-1.5668
-1.3933
-1.067
-0.66101
0.41384
0.30187
0.82186
1.1511
1.0021
0.65456
-0.52903
-1.5152
-2.3784
-3.0704
-3.7264
-4.9622
-5.08
-5.0004
-4.2913
-3.1974
-1.9706
-0.4618
0.17154
0.52057
0.34716
0.88823
1.4576
1.7017
1.2567
0.46337
0.70859
0.37437
0.20352
1.1678
1.6488
2.1691
1.6317
1.0119
0.49316
0.06318
-0.17588
-0.6349
-1.287
-1.861
-2.2547
-2.474
-2.3699
-1.1581
0.019983
0.06835
0.18454
0.098473
-0.0010806
-0.19015
-0.15332
-0.15285
-0.093225
-0.0028078
0.070283
0.23407
0.67337
1.2421
1.3591
0.73037
-0.050515
-0.58818
-1.0148
-1.4437
-1.7021
-1.6601
-1.4246
-1.1719
-0.94309
-0.61197
-0.17233
0.032089
-0.26747
-0.75354
-0.86127
-0.71198
-0.45211
-0.092109
0.24427
0.25711
0.0077261
0.070056
1.0252
1.5731
2.4046
2.5057
2.0598
1.652
1.2687
-0.039335
-1.3382
-2.001
-1.8024
-2.0049
-1.6539
-0.4367
0.77956
1.3817
2.263
2.4857
2.6102
2.6213
2.103
0.59759
0.069136
0.35404
1.4574
1.1501
1.0026
0.67328
0.24759
0.056753
-0.3749
-0.46859
-0.30221
-0.44145
-0.65741
-0.92856
-0.83499
-0.78212
-0.47442
-0.77581
-0.6593
-0.346
0.12601
0.12992
-0.13469
0.025927
0.24973
0.15604
0.094209
0.047424
-0.017563
0.04254
0.36762
0.53667
0.47844
0.17419
-0.20981
-0.57131
-0.87792
-1.1548
-1.3267
-1.3458
-1.268
-1.1128
-0.88651
-0.61233
-0.31117
-0.30555
-0.43906
-0.62047
-0.53212
-0.21694
0.15377
0.28529
0.24301
0.0039631
0.18073
-0.40608
0.088078
-0.39741
-0.68674
-0.29675
0.10854
-0.28827
-1.0602
-1.5536
-2.0008
-3.3009
-3.3898
-3.0197
-1.9323
-0.96563
0.71699
0.98854
1.7518
2.6033
2.8398
2.5243
2.1836
1.8521
1.3295
-0.0055333
0.095851
0.2143
0.62189
0.38904
-0.2251
-0.90535
-1.1327
-1.1301
-0.57436
0.27494
0.72733
0.88575
1.0136
0.70055
0.76112
0.8121
0.62325
-0.043396
-0.34888
-0.53797
-0.45015
-0.50574
-0.36883
-0.23005
-0.18455
-0.01454
0.26962
0.41075
0.55345
0.93322
1.3443
1.1272
0.26202
-0.448
-0.82988
-1.1473
-1.4492
-1.5928
-1.5491
-1.4063
-1.2069
-0.99246
-0.58907
-0.16607
-0.097443
-0.57357
-1.0297
-0.90903
-0.57803
-0.27593
-0.15011
-0.26177
0.42306
0.97221
1.6699
2.0203
2.2238
2.6964
3.1662
2.8575
2.6976
2.6584
2.2858
1.4668
0.019507
-0.68423
1.4722
1.4084
1.4679
1.141
1.0123
1.2132
1.2491
0.9407
1.0383
0.85437
0.049217
-0.60756
-0.88678
1.253
3.1205
2.1164
2.4669
2.2236
2.1995
1.4489
0.54243
0.33104
0.2019
-0.023279
-0.26775
-0.18101
0.084715
0.94159
0.49912
0.40733
0.80075
0.55544
0.36433
-0.54925
-0.93193
-0.50801
-0.23051
-0.096366
-0.018651
0.071904
0.32922
0.47117
0.51375
0.75279
1.0011
0.8245
0.26288
-0.37762
-0.8165
-1.0882
-1.2187
-1.2419
-1.1761
-0.98938
-0.70872
-0.60852
-0.4316
-0.078183
0.028261
-0.30161
-0.64084
-0.5954
-0.34247
-0.00068766
-0.25379
-0.37891
0.97617
1.44
1.7886
2.3575
2.2157
1.3414
1.1503
0.4733
-0.32435
-1.4768
-2.5005
-3.0609
-4.0935
-3.4594
-0.94687
-0.70524
0.14693
1.2091
1.072
0.94705
1.5956
1.5121
1.2449
1.1462
1.5863
1.3157
0.89598
1.5873
2.007
1.1174
0.79686
0.1202
-0.4723
-0.74113
-0.72093
-0.53524
-0.33843
0.15866
0.34149
-0.049872
0.12095
0.31424
0.14746
0.062649
-0.064096
-0.29492
-0.038477
0.027586
0.12466
0.11534
0.10027
0.13062
0.14614
0.19886
0.23157
0.33946
0.63145
0.79378
0.55626
0.036572
-0.3994
-0.67431
-0.89457
-1.0709
-1.0536
-0.94812
-0.88608
-0.79111
-0.63151
-0.37132
-0.017839
0.086478
0.0064563
-0.10316
0.37269
-0.01059
-0.22527
-0.41581
0.052159
0.61723
1.4305
1.6376
0.36035
-0.17305
-0.7052
-0.98716
-1.2753
-1.6081
-1.5795
-3.8528
-3.8969
-4.5969
-2.8471
-1.1405
0.21016
0.38773
0.056975
1.1547
1.9119
2.6015
2.6883
2.4707
2.0109
0.31334
0.69326
-0.2898
0.47141
0.42642
0.43099
0.17438
0.68117
1.2999
1.764
1.8311
1.6033
1.3656
1.2666
1.0852
1.118
0.53118
0.21063
0.0098431
-0.1665
-0.51564
-0.26985
-0.25515
-0.16451
-0.11182
-0.044234
0.10287
0.37363
0.61314
0.75773
0.66067
0.28839
-0.24685
-0.701
-1.0366
-1.2599
-1.3271
-1.2378
-1.1318
-0.96376
-0.74536
-0.5053
-0.28971
-0.15722
-0.19645
-0.31543
-0.34984
-0.23323
-0.043069
0.23012
0.35837
0.15975
0.031008
0.79653
0.77973
0.62647
0.77475
0.92245
0.81804
0.92662
0.58433
0.80823
0.24909
0.36221
0.19776
-0.09374
-0.066436
0.50789
-0.026092
-0.23199
0.027957
0.39776
0.79028
1.2242
1.071
0.92643
0.7771
1.544
1.7556
1.6963
1.1225
1.1271
0.42731
-0.41135
-0.27251
-0.16866
-0.42251
-0.79152
-1.2006
-1.5028
-1.0247
-0.73841
-0.48214
-0.42356
-0.54827
-0.1296
-0.27011
-0.31187
0.058283
-0.066787
-0.18341
-0.13637
-0.10191
-0.019649
0.075049
0.17702
0.26168
0.34617
0.49847
0.76165
0.79215
0.39347
-0.11324
-0.58844
-1.0003
-1.2592
-1.2943
-1.217
-1.1299
-1.0413
-0.89252
-0.63647
-0.31779
-0.038109
0.047421
0.026516
0.059531
-0.080971
-0.12392
-0.62255
0.083694
0.75456
1.5405
2.92
2.7283
3.0094
2.9513
2.1681
0.86858
0.7009
0.14127
-0.83164
-2.3015
-3.5466
-3.1984
-2.5628
-0.2428
1.4901
1.6523
2.5113
2.6851
2.6157
2.8845
3.8823
3.2248
2.3976
1.653
1.263
0.81458
0.98464
1.4616
0.75048
-0.25683
-0.87314
-0.90527
-0.39678
0.030381
0.13722
-0.077943
0.23454
0.7813
0.91277
0.71754
0.57411
0.33261
0.075116
-0.45649
-0.46831
-0.28402
0.0017038
0.023911
-0.00090707
-0.05239
-0.0059235
0.16401
0.29508
0.45228
0.76248
1.0779
1.0133
0.50069
-0.12349
-0.58455
-0.92752
-1.2568
-1.3874
-1.287
-1.0589
-0.79914
-0.53822
-0.19317
0.16675
0.26243
-0.017413
-0.41466
-1.3516
-0.58996
0.13149
0.77254
1.6645
2.6667
2.5519
2.074
1.5604
1.2155
0.60182
-0.22283
-1.1903
-1.7817
-3.0682
-2.4303
-2.6754
-2.2748
-1.3349
0.39477
0.3166
0.50154
1.0981
2.0001
2.546
2.78
2.65
2.3446
1.2392
0.7249
0.14715
-0.06191
-0.25771
0.88092
0.50157
-0.13411
0.18962
0.50339
0.40902
0.31533
0.14046
-0.030809
-0.26114
-0.47235
-0.59107
-0.77413
-0.62435
0.27642
0.23246
-0.10061
0.33324
0.25021
0.10876
0.29293
0.37554
0.37976
0.31898
0.28277
0.55058
0.90853
0.86673
0.41483
-0.13954
-0.65996
-1.1326
-1.4352
-1.5925
-1.6031
-1.5208
-1.3471
-1.0751
-0.72382
-0.22243
0.1262
0.10248
-0.066116
-0.079173
0.027885
0.26816
-0.38044
0.063215
1.1837
1.0908
1.1855
1.9235
2.6038
2.5701
2.1714
2.1633
1.68
0.38455
-0.73433
-1.9845
-3.2264
-2.779
-2.3444
-3.0408
-2.5711
-1.7072
-1.1109
-0.6818
0.085367
0.82704
0.83068
0.28162
-0.51748
0.36617
1.0241
1.0275
1.6082
1.5155
0.74505
0.2429
-0.12767
-0.59113
-0.98502
-1.4667
-1.7243
-2.137
-2.4331
-1.1278
-1.072
-0.95121
-0.12612
0.020317
-0.16743
0.12217
-0.0061514
-0.22523
-0.093273
0.032027
0.0021885
-0.065924
-0.042087
0.015187
0.033879
0.11495
0.35668
0.705
0.84474
0.53931
-0.094471
-0.60395
-0.87762
-1.1605
-1.4019
-1.391
-1.2106
-0.98152
-0.70805
-0.36173
-0.012269
0.16571
-0.009003
-0.39813
-0.69963
-0.58807
-0.6089
-0.21559
-0.15542
0.2158
0.94246
1.0982
0.77049
1.242
0.60707
-0.069048
-0.74169
-0.71889
-1.2126
-1.1586
-1.0629
0.27157
0.22606
0.39813
1.8874
1.9982
0.95832
0.44261
-1.1528
-2.032
-2.505
-2.4295
-2.7293
-2.265
-1.6074
-0.92636
0.028529
1.0507
2.5661
2.317
1.2057
0.41309
0.28305
-0.078141
-0.37352
-0.59415
-0.72168
-0.85432
-0.85405
-0.77813
0.1834
0.053415
0.059133
-0.0015863
-0.21663
-0.37025
-0.060961
-0.3407
-0.47709
-0.44469
-0.27824
-0.14272
-0.0055031
0.17544
0.46227
0.8412
0.75048
0.3072
-0.040108
-0.28456
-0.54738
-0.81955
-0.97348
-0.99571
-0.97074
-0.90012
-0.77865
-0.58622
-0.36304
-0.24435
-0.48771
-0.63703
-0.38643
-0.0081739
0.13016
0.30885
0.19096
0.42291
1.0464
2.1498
2.6103
2.7473
1.8337
1.5571
1.0564
-0.13143
-1.0854
-1.5458
-2.3182
-3.2819
-3.2001
-2.392
-1.2247
-0.83149
-0.34881
-0.93247
-2.0151
-2.1602
-2.6694
-3.1005
-2.7342
-2.0573
-1.3519
-1.0888
0.23367
0.63833
1.1742
0.93343
0.67356
0.026368
-0.80837
-0.84443
-0.56502
-0.12146
0.15119
0.32798
0.62844
0.51073
0.88002
0.92611
1.0991
0.69245
0.084781
0.17119
-0.39011
-0.08924
-0.02551
-0.0077376
-0.079366
-0.090761
0.024472
0.22879
0.4261
0.62094
0.80976
0.86002
0.57524
0.1114
-0.27076
-0.4432
-0.58028
-0.74494
-0.82914
-0.84926
-0.83513
-0.82475
-0.73446
-0.57088
-0.46049
-0.52181
-0.73229
-0.71248
-1.7063
-1.6774
0.014797
1.5113
3.5893
4.4162
4.1642
4.5075
3.4192
2.9341
1.8005
0.74835
-1.3197
-3.6427
-4.0333
-2.8174
-1.3187
-0.53304
0.86544
0.66178
0.33168
0.59556
-0.14355
0.38476
0.24241
0.13246
-0.70434
-0.70988
0.50808
1.2727
1.4152
1.4661
1.4065
1.5619
1.0871
0.60491
0.21961
0.072911
-0.19771
-0.53256
-0.76481
-0.92908
-0.89981
-0.05496
-0.1386
-0.3252
-0.195
0.39532
0.083731
-0.025976
-0.17017
-0.23417
-0.30805
-0.14982
0.10828
0.2712
0.37467
0.48262
0.75124
0.93902
0.60186
0.020401
-0.49479
-0.74921
-0.93769
-1.1727
-1.2357
-1.143
-0.94985
-0.70942
-0.46405
-0.22704
-0.041916
-0.13991
-0.52986
-0.75433
-0.70372
-0.40418
0.030233
0.1578
-0.47088
0.9071
1.327
1.1338
2.4806
2.4062
2.0001
2.269
1.1615
0.53544
-0.080036
-0.90614
-1.0768
-2.2779
-2.582
-1.6116
-1.8241
-1.7137
-0.42781
-0.70514
-0.32559
0.33161
-0.19097
0.26509
0.35732
0.41381
0.87791
0.7942
1.1916
0.89239
0.66455
-0.10802
-0.91
-0.93729
-1.2365
-1.4245
-1.3145
-1.2073
-1.0225
-0.79145
-0.5152
-0.071211
0.16035
0.38068
0.27268
0.12296
0.039721
0.29647
0.0027267
0.020566
0.17084
0.1616
0.075984
0.01578
0.085908
0.24086
0.38492
0.59225
0.78029
0.7832
0.46144
-0.039236
-0.4948
-0.7796
-0.99007
-1.1675
-1.3282
-1.363
-1.311
-1.2394
-1.1124
-0.83027
-0.59809
-0.44814
-0.43113
-0.4068
0.17726
0.059132
0.26265
0.79461
0.91005
1.5007
0.60557
-0.53341
-1.4702
-1.638
-1.8687
-2.4445
-2.8439
-3.2403
-2.4682
-1.9408
-0.73551
0.46141
0.13807
0.70597
-0.36521
-0.72201
-0.568
0.15305
0.34441
0.13197
0.10363
0.16034
0.47928
1.0874
1.8169
2.155
1.3932
1.3143
0.90549
0.70271
0.41907
0.40418
0.29349
0.41066
0.39603
0.42244
0.28264
0.85739
1.4145
1.5052
1.178
0.78967
0.56212
0.085693
-0.49865
-0.7468
-0.72296
-0.23949
-0.022811
0.14004
0.29015
0.42456
0.76585
0.97404
0.75606
0.12469
-0.43555
-0.78738
-1.1336
-1.402
-1.4153
-1.2526
-1.0643
-0.76739
-0.40459
-0.1348
0.087673
-0.018912
-0.33035
-0.56307
-0.47222
-0.23646
-0.023214
0.19732
-0.31319
0.20295
0.65441
0.84407
1.1704
2.0749
2.487
1.8717
2.1469
1.2789
0.83343
0.14163
-1.3293
-2.4535
-3.6771
-3.6382
-3.8807
-2.4183
-1.1664
0.27983
1.0177
1.5096
2.7178
2.4389
2.6357
2.0472
1.1124
0.80842
0.5701
-0.019334
-0.26178
0.67002
0.085549
-0.18467
-0.27509
-0.54001
-0.59516
-0.79554
-0.98231
-1.1261
-1.1065
-0.90161
-0.43535
-0.402
-0.17463
0.30977
0.3865
0.31519
0.18022
0.023333
0.154
0.080438
0.024901
-0.018934
0.031236
0.196
0.32542
0.39766
0.78258
1.1613
0.86131
0.2147
-0.29102
-0.47945
-0.70068
-0.92244
-1.0606
-1.0992
-1.0549
-0.9861
-0.93051
-0.76132
-0.39847
-0.40012
-0.85332
-1.0497
-0.87815
-0.60028
-0.59851
0.36658
0.5466
0.73336
1.5368
1.4508
1.1092
0.13388
-0.97961
-2.1476
-2.4944
-3.3591
-3.8262
-4.0703
-3.7948
-1.5287
-1.2426
-0.27567
0.91194
1.0547
1.2547
1.0998
1.0633
0.88371
0.93235
0.22858
-0.10094
0.19665
0.95435
2.3468
1.2493
1.0248
0.74765
0.45369
0.18806
-0.35339
-1.037
-1.7942
-1.7604
-1.5599
-1.3281
-0.58889
-0.057706
0.39537
0.11078
0.4937
0.61302
0.63728
0.51205
0.040687
-0.26381
-0.31661
0.025447
0.022759
0.01463
0.011891
0.34474
0.8585
0.70045
0.54876
0.34554
0.22811
0.010721
-0.41618
-0.78915
-1.0614
-1.2655
-1.3525
-1.3285
-1.2375
-0.89695
-0.71115
-0.96504
-0.85897
-0.71225
-0.42742
-0.14396
0.22381
0.457
-0.28984
0.55672
0.75977
2.2168
2.8411
2.4971
2.2275
1.2383
-0.1313
-1.2505
-2.1553
-2.3386
-3.0517
-4.2429
-4.9437
-3.4713
-2.1021
0.0040613
0.55738
0.55276
0.74998
0.35461
0.31467
0.79239
1.1208
1.3606
0.65163
0.38751
0.37021
0.99358
1.4582
0.88082
0.12867
-0.39657
-0.65225
-0.43576
-0.14354
0.050497
-0.07759
-0.3022
-0.47655
-0.3558
-0.33997
0.12277
0.033039
-0.21763
-0.29582
-0.047219
0.14391
0.40091
0.47088
0.49013
0.43517
0.35928
0.33225
0.38929
0.53989
0.89878
1.0172
0.75173
0.18854
-0.39946
-0.81764
-1.1123
-1.3457
-1.4851
-1.4753
-1.3797
-1.2089
-0.98741
-0.66608
-0.32227
-0.35834
-0.56056
-0.74942
-0.69353
-0.42654
-0.076747
-0.11272
-0.13915
0.00031149
1.1325
1.1068
1.3893
1.1937
0.92589
0.55782
0.16638
-0.26051
-0.64759
-1.0058
-1.594
-1.6626
-1.9525
-1.6826
-0.72057
-1.008
-0.58912
0.35709
1.1174
1.5725
1.9847
2.3146
2.639
2.3267
2.7498
3.2236
2.4007
1.9311
1.4585
1.1273
1.0392
1.5926
1.2943
1.2808
1.4526
1.542
1.4593
1.1007
1.437
1.1024
0.67425
0.39537
0.16145
0.22043
0.11473
-0.015576
-0.059848
0.10979
0.11221
-0.0091255
-0.1641
-0.20662
-0.13471
0.1079
0.31366
0.56355
1.0075
1.2351
1.0748
0.43431
-0.1797
-0.82273
-1.406
-1.7818
-1.9144
-1.7907
-1.4918
-1.1039
-0.70564
-0.19961
0.23086
0.32061
0.19238
-0.15336
-0.24748
-0.24243
-0.065183
0.017181
-0.34016
-0.12479
0.27076
0.69904
1.7374
2.3037
3.1714
2.834
2.2613
1.0656
0.11781
0.044588
-0.25001
-0.4974
-2.0612
-1.7205
-1.5079
-0.6178
1.0561
2.3684
3.4069
3.0508
2.9994
2.8748
2.9777
3.991
4.1684
3.7671
2.3236
2.2221
1.1437
0.65446
0.030486
-0.14664
-0.63787
-0.8613
-0.76951
-0.50819
-0.36829
0.34188
0.58
0.5791
0.64448
0.5726
0.18842
-0.0071011
-0.33707
-0.14028
-0.12463
-0.055648
-0.005133
0.036508
0.099604
0.20783
0.34287
0.43322
0.50482
0.61238
0.79104
0.74757
0.43118
-0.024648
-0.42823
-0.75833
-1.0088
-1.1876
-1.2024
-1.1039
-0.90117
-0.67021
-0.386
-0.077855
0.072007
-0.076885
-0.35085
-0.58961
-0.60409
-0.38595
-0.11407
0.10411
0.14989
0.33462
0.45333
0.90836
0.19323
0.37365
0.18917
-0.2618
-1.5646
-2.3527
-2.7868
-2.9568
-3.4898
-3.7133
-2.9764
-1.9696
-1.5802
-0.82501
-0.66261
0.69186
0.8846
0.52824
-0.15593
-0.029028
0.08092
-0.26436
0.65084
1.2062
2.1863
2.4624
1.6207
1.4889
1.4271
1.0226
-0.23933
-0.83485
-1.1132
-1.3333
-1.4633
-1.4666
-0.39016
-0.55168
-0.086958
0.24632
0.15499
0.54322
0.6728
0.34493
-0.11806
0.12713
0.03839
-0.078837
-0.17349
-0.13348
0.090835
0.32529
0.53304
0.82474
1.0429
0.86466
0.43365
-0.078943
-0.48974
-0.79855
-0.98306
-0.99695
-0.97831
-0.90901
-0.80025
-0.69668
-0.51457
-0.2671
-0.19102
-0.38473
-0.53408
-0.54813
-0.40583
-0.13269
0.13888
0.2824
-0.95202
-0.059209
0.3698
0.90439
1.4422
3.1789
3.0201
3.5515
2.6566
1.7275
0.62087
-0.64867
-1.6995
-3.0173
-4.3045
-3.3636
-3.2716
-2.2825
-1.032
0.53071
0.14793
0.90747
0.43207
0.76434
0.90139
0.91171
1.0098
0.88364
0.83121
0.70175
1.4854
1.7483
1.5699
0.40143
-0.10939
-0.25931
-0.72376
-0.62664
-0.89179
-1.285
-1.3656
-1.3532
-1.2935
-0.99285
-0.22837
-0.12768
-0.041275
-0.36027
0.13855
0.26762
0.02272
0.22355
0.033953
0.02637
0.18354
0.064823
-0.024743
-0.021356
0.10737
0.27428
0.41303
0.59264
0.95539
1.0444
0.51734
-0.20955
-0.73115
-1.045
-1.303
-1.4765
-1.5461
-1.5318
-1.452
-1.3055
-1.0148
-0.567
-0.11553
-0.0109
-0.098623
-0.087085
-0.13802
-0.078545
0.21213
-0.48742
-0.58272
0.41913
0.3651
0.21857
0.43181
-0.45979
-0.91
-1.154
-1.2751
-1.2841
-1.4303
-1.4663
-1.3881
-1.7107
-1.4706
1.4387
1.3868
1.6046
1.8867
1.392
1.7319
1.8879
1.8849
1.7567
1.2677
0.71169
0.93837
0.27275
0.38645
1.7797
0.98095
0.47356
1.0407
1.1154
1.0388
1.1665
1.0113
0.7743
0.62005
0.65936
0.92497
0.39898
0.76928
0.53534
0.48381
0.059421
0.34623
-0.10719
-0.2012
-0.0048035
-0.029507
0.14576
0.33585
0.51075
0.79736
1.179
1.0981
0.35621
-0.35803
-0.87457
-1.1734
-1.3812
-1.5232
-1.5318
-1.4061
-1.1567
-0.9559
-0.62933
-0.2376
-0.076716
-0.42696
-0.91519
-0.96108
-0.80875
-0.50691
-0.29149
-0.61639
-0.12661
1.1015
2.3916
2.9118
3.3797
3.2336
1.9708
0.68033
-0.96286
-1.9203
-3.5931
-3.8956
-4.4621
-4.2853
-3.4049
-1.7671
-1.0453
-0.71326
-0.057261
0.38875
0.3605
0.52971
0.29706
0.50556
0.12394
1.1862
0.70833
1.6152
1.6123
1.9757
1.9286
2.3415
2.1553
2.1858
2.0285
1.2401
-0.018103
-0.85263
-0.98842
-0.87497
-1.0653
-0.17454
0.12139
0.52053
0.97758
1.0426
0.57634
0.49269
0.3308
-0.24001
-0.78524
-0.74668
-0.40563
-0.32204
-0.37534
-0.46028
-0.41541
-0.34171
-0.19513
-0.013144
0.18562
0.30628
0.3135
0.22366
0.038365
-0.19907
-0.43963
-0.65668
-0.82087
-0.89885
-0.87119
-0.74622
-0.53826
-0.31955
-0.16835
-0.11026
-0.11424
-0.21651
-0.50378
-0.76112
0.61813
0.68275
0.85325
1.1717
1.4711
0.77585
1.466
1.1724
0.5062
-0.051426
-1.3454
-2.0099
-3.0747
-4.338
-3.4533
-4.2943
-3.9107
-2.0564
-0.4629
-0.21608
1.4594
1.3288
1.4101
1.6823
1.3626
1.4298
0.44076
-0.49121
-0.085524
-0.17775
0.43476
1.6882
1.8078
1.1681
0.97955
0.43194
0.27106
0.1527
0.0048991
-0.0060952
0.038099
0.14142
0.25603
0.29492
0.32651
0.38343
0.4628
0.41964
0.28032
0.23578
0.26838
0.10869
0.05092
0.16813
0.16128
0.054161
0.0099656
-0.059104
-0.00074728
0.14534
0.33677
0.43551
0.36452
0.1655
-0.19614
-0.5237
-0.89341
-1.1455
-1.3366
-1.3491
-1.1431
-0.84351
-0.4333
-0.043219
0.28605
0.38752
0.24862
0.014743
-0.24693
-0.42097
-0.60194
-0.47548
-0.12686
0.37784
0.65239
-0.51476
0.3298
0.8863
1.3488
2.0688
2.3162
1.3608
0.086457
-1.2233
-2.9159
-3.8895
-4.4666
-5.199
-5.8235
-6.9492
-4.8024
-5.3461
-3.8203
-2.1092
-0.96328
-0.8043
-0.30418
0.22407
0.64801
1.6509
2.1211
2.2829
2.4597
2.6044
2.6205
0.80317
1.0043
0.33867
-0.14248
-1.2713
-1.8518
-2.0972
-2.2664
-2.2634
-1.8158
-1.0044
-0.13307
0.86434
0.95993
0.91417
1.0676
1.0853
0.9144
0.32818
0.040784
-0.28538
-0.60913
-0.56914
-0.27589
-0.27535
-0.30189
-0.19905
0.027102
0.26736
0.63026
1.1214
1.4524
1.1167
0.23958
-0.39214
-1.2421
-1.7113
-2.0091
-2.0977
-1.8933
-1.4826
-1.1066
-0.79997
-0.25787
0.26424
0.37441
-0.021899
-0.3898
-0.37258
-0.59025
-0.49253
-0.46925
-0.36961
-0.20636
-0.069408
0.0088768
0.053911
0.11736
0.21037
0.32761
0.4669
0.59808
0.66516
0.62352
0.48363
0.29903
0.082183
-0.1209
-0.27681
-0.37719
-0.40756
-0.3444
-0.20709
-0.044952
0.12565
0.26177
0.33714
0.36365
0.34325
0.29203
0.21408
0.13884
0.067977
-0.0028496
-0.04141
-0.045316
-0.026778
0.011524
0.037622
0.043413
0.068715
0.097467
0.11084
0.10899
0.079772
0.026847
-0.041615
-0.10971
-0.1546
-0.18924
-0.20829
-0.20889
-0.20383
-0.18594
-0.14798
-0.11338
-0.088101
-0.075543
-0.072197
-0.076055
-0.08153
-0.069929
-0.047012
-0.015061
0.024736
0.061549
0.083089
0.097456
0.10245
0.10884
0.11652
0.12387
0.12712
0.11234
0.078033
0.038029
0.0024501
-0.021303
-0.035071
-0.052026
-0.07195
-0.086672
-0.097737
-0.084432
-0.064476
-0.037695
-0.01208
0.0056488
0.013767
0.015109
0.018854
0.026211
0.030361
0.027997
0.020275
0.0084607
-0.0031593
-0.00060408
0.00079164
0.0012965
0.000475
5.7682e-05
-0.0041848
-0.014362
-0.029766
-0.037337
-0.039065
-0.038577
-0.040325
-0.045797
-0.057203
-0.061033
-0.055869
-0.04496
-0.026003
-0.0025347
0.014112
0.022417
0.025979
0.034545
0.040615
0.03952
0.034
0.022314
0.0075744
-0.0011321
-0.0067914
-0.010166
-0.010678
-0.014732
-0.03068
-0.050311
-0.066135
-0.072536
-0.06697
-0.057056
-0.045432
-0.034536
-0.021833
-0.011669
-0.0057064
0.0041661
0.014387
0.027899
0.033927
0.033995
0.030984
0.028654
0.029333
0.025612
0.020476
0.016503
0.010405
-0.0016325
-0.011416
-0.017779
-0.020322
-0.017344
-0.017165
-0.025091
-0.035578
-0.041856
-0.04237
-0.039588
-0.031141
-0.023314
-0.018328
-0.015557
-0.0096476
-0.0082395
-0.0023861
0.0030009
0.0093878
0.01155
0.01064
0.0053189
0.0013307
2.2614e-05
0.0032477
0.0023513
0.0025321
-0.0055683
-0.014274
-0.017528
-0.017898
-0.020273
-0.015578
-0.013467
-0.014907
-0.019122
-0.020269
-0.017311
-0.0088477
-0.0070009
-0.0066265
-0.013097
-0.016022
-0.013379
-0.013648
-0.015231
-0.015462
-0.019436
-0.021584
-0.025036
-0.027247
-0.028682
-0.028806
-0.030058
-0.032753
-0.029907
-0.022558
-0.011668
-0.0018918
0.0076416
0.01182
0.0090608
0.0055615
0.0045073
0.0019795
-0.00084688
-0.0041284
-0.0058849
-0.0066401
-0.0044569
-0.0053794
-0.0069525
-0.0065575
-0.0027638
-0.0047082
-0.011526
-0.019075
-0.019458
-0.0146
-0.0082815
-0.0039006
-0.0012642
0.00011263
-0.0018855
-0.0078865
-0.011986
-0.014932
-0.014119
-0.015466
-0.020123
-0.027156
-0.029651
-0.027374
-0.025771
-0.021148
-0.019233
-0.016165
-0.0090839
-0.00066621
0.0075718
0.013763
0.019077
0.022353
0.024147
0.02292
0.016687
0.016143
0.017743
0.01405
0.005851
-0.0064677
-0.016786
-0.02498
-0.03149
-0.041181
-0.046814
-0.049713
-0.047404
-0.039718
-0.030787
-0.016837
-0.0052385
0.0013104
0.0071001
0.008785
0.0079366
0.0088447
0.011878
0.011227
0.012679
0.0075766
0.0043667
0.001886
-0.001072
-0.0057854
-0.010569
-0.014512
-0.016876
-0.019613
-0.026739
-0.027711
-0.023135
-0.024465
-0.035997
-0.05409
-0.068297
-0.072885
-0.064678
-0.045845
-0.018659
0.0085926
0.029172
0.047624
0.064945
0.085699
0.10218
0.10101
0.081958
0.053522
0.021322
-0.00615
-0.023325
-0.032799
-0.040228
-0.050792
-0.067541
-0.079876
-0.077962
-0.075317
-0.073799
-0.075266
-0.081577
-0.09459
-0.11616
