1.5244
2.8148
3.5865
3.9124
3.8656
3.5192
2.9461
2.2194
1.3696
0.58441
-0.10988
-0.57144
-0.60307
-0.69355
-0.49505
-0.26845
-0.059205
0.14213
0.32988
0.39318
0.39173
0.20406
-0.16678
-0.54864
-0.82902
-0.91837
-0.81536
-0.56486
-0.2116
0.14581
0.40085
0.55537
0.52431
0.31214
0.0078504
-0.38504
-0.90583
-1.3111
-1.8962
-1.4634
-1.5237
-1.1022
-0.71093
-0.43877
-0.14293
0.045199
-0.20353
-0.43213
-0.55388
-0.70249
-1.5412
-1.4655
-1.4989
-0.66265
-0.24337
0.58145
1.081
1.3751
1.3414
1.1195
0.59279
0.2905
0.13925
-0.48094
-1.6362
-1.6647
-1.6858
-0.99091
-0.31022
0.33113
1.2102
1.9473
2.2079
2.5785
2.7115
2.6583
2.3828
1.567
0.53326
-0.026363
-0.39847
-0.63702
-0.8615
-0.51351
0.056284
0.51994
0.69728
0.80489
0.67244
0.45705
0.32045
0.31969
0.0091067
-0.15853
-0.19743
-0.068099
0.17016
0.44602
0.8281
1.0801
1.0369
0.72554
0.29739
-0.23804
-0.65316
-1.1487
-2.3515
-1.9987
-1.9947
-2.1926
-1.9118
-0.78631
0.32671
1.213
1.8882
2.0572
2.0058
1.1979
0.35725
-0.066599
-2.0395
-2.2228
-1.9894
-1.5651
-0.04457
1.3949
2.1829
2.7739
3.089
2.9189
2.571
1.5792
0.46393
-0.56021
-2.509
-2.4017
-1.4606
-0.8744
0.24214
0.96229
1.6909
2.3256
2.8146
3.0768
3.0135
2.5056
1.6853
0.95369
0.1756
-0.4523
-0.97395
-1.2208
-1.1193
-0.89257
-0.50918
-0.017034
0.38525
0.67191
0.72223
0.6315
0.51817
0.54111
0.18183
-0.11504
-0.39173
-0.55108
-0.51791
-0.36411
0.056145
0.50726
0.86978
1.0969
0.98282
0.76173
0.52618
0.063202
-0.48531
-1.0383
-1.5629
-2.4324
-2.7095
-2.1852
-1.3957
-0.30394
0.36314
0.82244
0.8384
0.95062
0.89048
0.60089
0.076404
-0.55933
-2.1121
-2.7038
-2.2105
-1.5105
-0.84257
-0.19647
0.005105
0.12074
0.10259
0.24889
0.23795
-0.03042
-0.63185
-1.0043
-1.9989
-1.1936
-0.60007
-0.23091
0.52403
1.2071
1.7918
2.1246
2.3561
2.3865
2.2568
1.8285
1.2064
0.4947
-0.23401
-0.51376
-0.80173
-0.88353
-0.57291
-0.23056
0.15914
0.50445
0.76031
0.80902
0.62419
0.30191
-0.092804
-0.32144
-0.68381
-0.85901
-0.66265
-0.24993
0.21357
0.6398
1.0852
1.4284
1.6164
1.4225
0.96575
0.41238
-0.15988
-0.752
-1.4262
-1.7359
-1.732
-2.0327
-1.7016
-1.2263
-0.12395
0.26917
0.72399
0.82684
0.87269
0.85191
0.56504
0.33208
-0.063947
-0.46149
-1.0366
-1.9666
-2.4826
-2.1059
-1.4715
-1.5128
-1.0733
-0.80403
-0.33166
-0.026115
0.048841
0.17655
0.0063871
-0.22457
-0.73013
-1.4052
-1.9351
-1.7315
-1.8458
-1.533
-1.1202
-0.582
0.13619
0.78956
1.4287
1.9882
2.4258
2.6597
2.7069
2.4946
1.9539
1.1324
0.42423
-0.033865
-0.537
-0.75931
-0.67161
-0.40963
-0.12464
0.15977
0.37849
0.56452
0.69515
0.60765
0.39437
0.029638
-0.23304
-0.59688
-0.69015
-0.5459
-0.24238
0.08393
0.40739
0.66009
0.87696
1.0784
1.1175
0.92553
0.67013
0.26086
-0.18217
-0.82465
-1.1132
-1.4768
-1.7797
-2.2444
-1.9518
-1.575
-1.1701
-0.44917
-0.04476
0.26755
0.42498
0.517
0.5966
0.36896
-0.036854
-0.799
-2.0327
-2.199
-1.6242
-1.2798
-0.77064
-0.1126
0.10498
0.35382
0.46386
0.48397
0.3796
-0.08336
-0.73641
-1.4553
-2.1201
-1.7791
-1.7821
-1.7658
-1.6227
-0.87797
-0.39873
0.29582
0.93942
1.4069
1.8648
2.1537
2.2056
2.0478
1.6436
1.0354
0.40181
-0.23321
-0.67207
-0.63051
-0.94511
-0.88782
-0.84331
-0.67882
-0.31697
0.099127
0.40962
0.57044
0.76813
0.82984
0.67619
0.55204
0.38889
0.26084
0.15133
0.058657
0.078747
0.27325
0.55664
0.8962
1.0669
1.0779
0.93428
0.40914
-0.20598
-0.64401
-1.1876
-1.5361
-1.8845
-2.406
-2.0026
-1.7405
-1.3056
-0.42377
0.64563
1.2467
1.7044
1.7558
1.9759
1.9129
1.5008
1.0777
0.44394
-0.49138
-1.2711
-2.5887
-3.3216
-3.3329
-3.2611
-3.369
-3.1354
-2.8563
-2.0845
-1.7943
-1.4873
-1.0167
-0.92736
-1.1622
-1.4984
-1.6014
-1.0175
-0.17439
0.68821
1.5316
2.28
2.8174
3.1503
3.0225
2.861
2.5072
1.7657
1.0779
0.43213
-0.17896
-0.40029
-0.65857
-0.82228
-0.88838
-0.86644
-0.70812
-0.33851
0.063122
0.38098
0.61539
0.82367
0.81473
0.51959
0.1422
-0.21484
-0.46986
-0.70416
-0.82512
-0.79081
-0.44194
0.021404
0.45144
0.7793
0.89938
0.79086
0.30805
-0.39139
-0.90421
-1.2402
-1.4951
-1.8988
-1.799
-1.5458
-1.1687
-0.59923
-0.088305
0.19754
0.41384
0.49407
0.2773
0.20551
0.1927
0.31797
0.19616
-0.07617
0.20597
-0.24211
-0.90643
-1.2845
-1.806
-2.1954
-2.4088
-2.5841
-2.6812
-2.3403
-1.9578
-1.386
-1.1264
-0.91876
-0.80427
-1.2267
-1.5796
-1.5882
-1.4713
-1.0876
-0.6927
-0.059013
0.71912
1.5175
2.1801
2.6583
2.7047
2.515
2.0371
1.4744
0.85274
0.33358
-0.12926
-0.557
-0.90762
-1.0288
-0.95427
-0.70354
-0.38462
-0.030798
0.24533
0.36853
0.61526
0.59225
0.55176
0.55006
0.48523
0.31694
0.12664
0.020332
0.099136
0.33729
0.58831
0.81716
0.85097
0.68334
0.4851
-0.079562
-0.49411
-0.85861
-1.2827
-1.738
-1.9713
-2.0085
-1.7599
-1.398
-1.1275
-0.93062
-0.34687
-0.33362
-0.3065
-0.13473
0.054692
-0.19398
-0.56686
-0.85139
-0.55016
-1.6699
-2.7727
-2.8451
-2.6974
-2.3602
-1.6988
-1.5826
-1.0986
-0.52307
-0.12941
-0.065247
0.070662
0.051185
-0.2564
-1.7517
-2.0775
-1.4451
-1.1113
-0.51343
0.19311
0.84761
1.552
2.1281
2.5546
2.763
2.6813
2.2844
1.7316
1.1636
0.58616
-0.077652
-0.6453
-0.86145
-1.0627
-1.0516
-0.73044
-0.3865
0.044423
0.45442
0.74281
0.83689
0.74326
0.65436
0.51852
0.24268
0.057288
-0.04364
-0.092341
0.014788
0.21221
0.4286
0.71609
0.93949
1.008
0.85056
0.51863
0.12158
-0.37066
-0.98314
-1.4105
-1.6702
-2.0201
-2.2786
-2.1046
-1.5503
-0.197
0.74269
1.6672
2.4608
2.7511
3.0786
2.745
2.2313
1.5345
0.53356
-0.19277
-1.2558
-1.9904
-2.3956
-2.026
-2.896
-2.9188
-2.7329
-2.474
-1.9625
-1.9246
-1.6985
-1.6351
-1.6711
-1.4436
-1.9534
-2.135
-2.1322
-1.5887
-1.4738
-0.47635
0.51215
1.3347
1.939
2.3393
2.5197
2.4308
2.1047
1.6175
0.96245
0.36105
-0.2086
-0.45755
-0.78815
-0.94823
-0.98264
-0.98203
-0.73256
-0.43431
-0.097978
0.13654
0.20548
0.34214
0.47761
0.47593
0.14976
-0.039278
-0.1496
-0.16482
-0.081024
0.11148
0.39515
0.63703
0.88675
0.98607
0.96259
0.96592
0.75111
0.24544
-0.3438
-0.64373
-1.2028
-1.5763
-1.9888
-2.1423
-1.9278
-1.6473
-0.7242
0.26708
1.0636
1.8182
2.1299
2.3329
1.8825
1.3164
0.44478
-0.2817
-1.2612
-1.9618
-2.8568
-3.4085
-3.1456
-2.7827
-2.3719
-1.7737
-1.4433
-1.0963
-1.1489
-0.89847
-0.7695
-0.79956
-1.0331
-1.3215
-1.7099
-1.743
-1.3479
-0.7654
-0.11613
0.60324
1.3655
1.9257
2.3869
2.6267
2.5917
2.2801
1.7979
1.2577
0.70011
0.075533
-0.32149
-0.72834
-1.0085
-1.0852
-0.92579
-0.74101
-0.34373
0.072991
0.3639
0.55574
0.67281
0.74649
0.45644
0.082298
-0.25311
-0.44626
-0.59199
-0.56616
-0.3494
0.0072365
0.467
0.90786
1.1738
1.2241
0.99242
0.39982
-0.44789
-1.0912
-1.5378
-1.8605
-2.2123
-1.9881
-2.1946
-1.4631
-0.46957
0.4122
1.6691
1.9241
2.1499
1.6164
0.93302
0.15218
-0.70848
-1.6783
-2.7033
-3.5535
-4.423
-4.1058
-3.645
-2.7924
-1.4311
-0.76221
0.11186
0.29419
0.456
0.45913
0.18509
-0.29828
-1.1225
-1.8503
-2.3027
-2.3908
-2.3182
-1.5742
-0.7703
0.18555
1.0055
1.683
2.2119
2.5294
2.6236
2.475
1.9774
1.5104
0.95503
0.50955
-0.15954
-0.4456
-0.85978
-0.99583
-1.0383
-0.83642
-0.44757
-0.058002
0.26133
0.43115
0.44201
0.35052
0.32969
0.15254
0.028395
-0.023714
-0.0070784
0.12894
0.40515
0.81089
1.1331
1.3796
1.4433
1.2853
0.96649
0.50839
-0.011637
-0.75738
-1.1833
-1.6296
-1.9805
-2.1803
-2.0269
-2.0773
-1.788
-1.0087
-0.12326
0.527
0.83873
1.2279
1.1334
0.79408
0.6237
-0.010955
-0.54668
-1.1428
-1.9465
-2.7577
-2.8756
-2.623
-2.3465
-2.1778
-2.0099
-1.5558
-1.4314
-1.1807
-0.82366
-0.81875
-0.81877
-1.0553
-1.5399
-1.5672
-1.5253
-1.3233
-0.7981
-0.31434
0.25006
0.94698
1.5927
2.0869
2.3706
2.4237
2.1812
1.8486
1.3213
0.85452
0.23337
-0.32903
-0.70049
-1.0289
-1.0184
-0.73165
-0.3699
-0.050793
0.30314
0.6255
0.73772
0.71997
0.65907
0.50294
0.24239
-0.018948
-0.10526
0.019977
0.16218
0.41603
0.70628
0.99593
1.2359
1.3024
1.1276
0.73825
0.30703
-0.22543
-0.81655
-1.2827
-1.6253
-1.9756
-2.1966
-2.3609
-2.3098
-1.7967
-0.60319
0.49813
1.4114
2.1187
2.491
2.614
2.032
1.5131
0.90555
-0.059797
-0.7058
-1.2659
-2.151
-2.5595
-1.7958
-1.3924
-0.98576
-0.62888
-0.51466
-0.50689
-0.80346
-0.6992
-0.70074
-0.93854
-1.0588
-1.3499
-2.1387
-2.2784
-1.8615
-1.5599
-1.0366
-0.2969
0.45963
1.364
2.0201
2.4846
2.687
2.6072
2.2042
1.709
1.0749
0.41099
-0.26365
-0.6366
-0.88654
-0.99783
-0.93597
-0.66056
-0.38817
-0.058622
0.3304
0.57334
0.6774
0.64903
0.64921
0.52347
0.37718
0.27097
0.19282
0.21389
0.25854
0.36935
0.59044
0.85028
1.0714
1.1014
0.91751
0.53365
0.16402
-0.4405
-0.95167
-1.3537
-1.6608
-1.9702
-2.2645
-2.1388
-1.6461
-0.59794
0.33223
1.3603
2.2075
2.6034
2.2629
1.8248
1.2481
0.52972
-0.54639
-1.6775
-3.7091
-4.1076
-3.9671
-3.3879
-2.7766
-1.8732
-1.1511
-0.70727
-0.4804
0.063785
0.29982
0.2639
-0.2691
-0.99194
-2.0514
-1.7167
-1.5946
-1.371
-0.56525
0.16348
0.87509
1.5257
2.0584
2.4399
2.5929
2.4814
2.0785
1.5432
0.95806
0.22411
-0.27438
-0.66768
-0.7232
-0.99503
-1.0702
-0.97018
-0.65848
-0.25514
0.11579
0.43378
0.66577
0.72565
0.79046
0.34848
-0.045767
-0.36488
-0.54966
-0.56908
-0.42405
-0.20699
0.095899
0.42687
0.70348
0.97512
1.122
1.0382
0.76359
0.080803
-0.36824
-0.7559
-1.1504
-1.4456
-1.843
-1.675
-2.036
-1.758
-0.75826
-0.22203
0.80283
1.2281
1.3096
0.87784
0.38166
0.099235
-0.59587
-1.3241
-2.5649
-3.1676
-3.4827
-2.9014
-2.0627
-1.6573
-0.69429
-0.50102
-0.32818
-0.38365
-0.23464
-0.13613
-0.48087
-0.84683
-1.5407
-1.7068
-1.4893
-1.6521
-1.3662
-1.0402
-0.52953
0.19663
0.87397
1.4598
1.9396
2.2824
2.4774
2.4064
1.9883
1.3822
0.72492
0.057216
-0.44862
-0.97357
-1.1026
-0.94687
-0.79438
-0.59669
-0.33308
-0.10613
0.026641
0.064471
0.18282
0.35584
0.21149
0.17045
0.13341
0.15607
0.22138
0.4179
0.62069
0.75446
0.94065
0.93493
0.90689
0.65116
0.34859
-0.092606
-0.78152
-1.1779
-1.5977
-1.8977
-1.9519
-1.8024
-1.685
-1.3802
-0.83789
-0.021304
0.69714
1.2345
1.093
0.84675
0.72948
0.42694
-0.19154
-0.77615
-1.3742
-2.0339
-3.3056
-3.1328
-2.6392
-1.7859
-1.0834
-0.47313
-0.33787
0.098543
0.53362
0.55393
0.25568
-0.031004
-0.65349
-1.1491
-1.8066
-1.4177
-1.2839
-0.80735
-0.12713
0.56397
1.2228
1.74
2.0945
2.2527
2.1498
1.896
1.3864
0.99167
0.37837
-0.34205
-0.74911
-0.99254
-1.0334
-0.94244
-0.75733
-0.47212
-0.096146
0.28084
0.56551
0.68318
0.8345
0.83143
0.58075
0.16452
-0.16895
-0.42813
-0.57941
-0.5796
-0.46567
-0.19859
0.17151
0.50696
0.76468
0.85054
0.81721
0.40473
-0.19056
-0.7647
-1.2223
-1.5637
-1.8759
-2.1381
-2.1532
-1.6235
-1.402
-1.0207
0.048003
0.74117
1.4151
1.6652
1.8793
1.7274
1.3194
0.50022
-0.26572
-1.3544
-1.8059
-2.1093
-2.5525
-2.349
-1.6787
-1.4369
-0.99406
-0.82323
-0.4878
-0.48537
-0.59122
-1.0116
-1.3686
-1.8488
-1.7656
-1.414
-1.1329
-0.56388
0.16549
0.97513
1.5964
2.1117
2.5111
2.616
2.4614
1.9923
1.3981
0.89137
0.39182
-0.014155
-0.67688
-0.87598
-0.92372
-0.78233
-0.59925
-0.23255
0.091435
0.38771
0.59967
0.72299
0.76179
0.61287
0.25759
-0.20254
-0.63686
-0.76566
-0.78542
-0.5212
-0.11639
0.34923
0.77296
1.1927
1.4676
1.5415
1.3583
0.86483
0.16623
-0.47793
-1.1781
-1.6622
-2.0635
-2.3503
-2.2651
-1.9814
-1.4965
-0.39821
0.2181
1.1504
2.0865
2.2981
2.2427
2.1331
1.446
0.75617
-0.33441
-1.0639
-1.408
-2.3672
-1.9864
-3.2944
-4.2646
-2.6095
-1.1418
-0.25709
0.68669
1.43
1.6301
1.794
1.5703
1.6642
1.2269
0.27925
-0.2893
-2.4626
-2.4377
-1.1783
-0.77203
-0.30802
0.24277
0.75174
1.1832
1.5568
1.7398
1.7911
1.6993
1.4339
0.9269
0.36937
-0.20224
-0.6443
-0.85952
-0.78202
-0.47321
-0.10234
0.26428
0.50999
0.69489
0.74256
0.60674
0.28712
-0.10625
-0.44139
-0.64937
-0.82114
-0.68669
-0.3241
0.12057
0.51196
0.80065
1.0231
1.1592
1.1258
0.87996
0.51648
0.17931
-0.21245
-0.70174
-1.1317
-1.4749
-1.7166
-2.0445
-1.6924
-0.45216
0.13266
1.1892
1.9293
2.3555
2.5616
2.4752
1.7506
0.86072
0.056901
-1.1799
-2.6402
-3.6137
-3.9639
-3.2443
-2.2379
-0.46347
0.72511
1.7481
2.5113
2.8429
2.7366
2.5297
1.9699
0.75116
-0.62235
-1.6622
-2.3922
-1.7648
-0.43811
0.34139
1.3032
1.9065
2.3237
2.5107
2.5048
2.2286
1.7075
1.1431
0.52716
-0.12874
-0.5897
-0.85158
-0.95036
-1.0858
-0.78615
-0.62915
-0.28547
0.094446
0.42372
0.61126
0.70362
0.66871
0.43577
0.087943
-0.27548
-0.46859
-0.62398
-0.57221
-0.34267
0.061371
0.50875
0.95828
1.2335
1.2928
1.0617
0.55282
-0.087181
-0.77464
-1.2152
-1.4622
-1.8574
-1.7688
-1.7514
-1.4574
-0.56348
0.27551
0.91039
1.749
2.0388
1.9751
1.7064
1.3633
0.65758
-0.12693
-0.73643
-1.3815
-2.2506
-2.0296
-2.005
-1.9791
-1.6555
-1.1114
-1.0354
-0.95828
-0.92749
-1.0342
-1.4037
-1.5609
-1.5903
-1.9468
-2.0694
-1.7271
-1.9737
-1.6406
-1.1327
-0.48476
0.26462
0.96554
1.5356
1.8902
2.046
1.9886
1.8156
1.481
0.96593
0.37294
-0.29118
-0.87523
-1.1598
-1.0965
-0.8407
-0.49984
-0.10101
0.20316
0.42157
0.58219
0.61091
0.52429
0.25454
-0.15605
-0.40859
-0.5273
-0.49028
-0.30025
0.015793
0.43199
0.85114
1.2021
1.4287
1.3908
1.0518
0.50122
-0.16527
-0.90469
-1.2453
-1.5332
-1.7337
-2.0032
-1.9339
-1.5864
-1.0467
-0.099064
0.64356
1.2431
1.874
2.1538
2.0102
1.55
1.0098
-0.076042
-0.85768
-2.0541
-2.647
-2.6846
-3.2566
-2.3214
-1.7119
-1.4514
-1.1315
-1.2545
-1.6159
-2.053
-2.5221
-3.1576
-3.2295
-3.7469
-3.6276
-3.1331
-2.8708
-1.3232
-0.55976
-0.028596
0.72687
1.3082
1.737
2.0128
2.0673
1.7878
1.4411
0.89213
0.43685
0.046701
-0.42075
-0.81483
-1.0265
-0.96691
-0.74759
-0.45071
-0.082703
0.28011
0.57128
0.75273
0.79034
0.68208
0.38991
0.11617
-0.26747
-0.69437
-0.90317
-0.82799
-0.58196
-0.22688
0.18724
0.51088
0.84008
1.077
1.1797
1.1321
0.85466
0.54786
-0.10245
-0.81232
-1.2726
-1.8576
-2.1897
-2.215
-2.0874
-1.7975
-1.0708
-0.038694
0.58781
1.4946
1.8966
2.0717
1.7385
0.92687
0.084122
-1.3463
-2.15
-2.8876
-4.0572
-4.1101
-4.0784
-3.8
-3.4811
-2.5975
-2.0779
-1.6301
-1.4514
-1.5276
-1.4653
-1.6966
-1.5518
-1.8158
-2.4331
-1.7296
-1.7089
-1.2392
-0.57159
0.10403
0.77188
1.2716
1.6126
1.7554
1.7712
1.5801
1.2583
0.72602
0.043923
-0.23244
-0.78897
-1.0784
-1.1651
-1.0124
-0.69864
-0.31146
0.065108
0.40561
0.64431
0.76316
0.73502
0.52159
0.11972
-0.36506
-0.52432
-0.7097
-0.59645
-0.22659
0.2558
0.72849
1.1716
1.4169
1.5204
1.6238
1.5212
1.3462
1.0514
0.66285
0.3507
-0.29125
-0.78156
-1.1737
-1.7983
-1.6658
-2.3722
-1.8286
-1.2281
-0.71534
-0.28186
0.12216
0.47565
0.86043
0.57358
0.27146
-0.32646
-0.53868
-1.1432
-1.6313
-2.739
-2.1654
-2.3309
-1.6869
-0.91314
-0.10915
0.6075
1.0621
0.88005
0.87986
0.61703
0.52947
-0.22357
-1.1389
-1.7739
-1.9732
-2.0831
-1.4577
-1.2072
-0.59545
0.068918
0.75456
1.3841
1.9833
2.4653
2.75
2.7542
2.4782
1.961
1.3937
0.58782
-0.16051
-0.78232
-1.0068
-1.0911
-1.0446
-0.8194
-0.41722
-0.0066064
0.32329
0.44166
0.34283
0.20291
0.27621
0.19212
-0.041135
-0.20356
-0.26985
-0.21589
-0.049752
0.22514
0.57889
0.8823
0.99676
0.88655
0.55727
0.19391
-0.1684
-0.69814
-1.2961
-1.7941
-2.017
-2.0181
-1.6766
-1.3522
-1.3633
-1.1048
-0.60503
0.087974
0.47472
0.42786
0.55804
0.5707
0.32851
-0.096885
-0.35779
-0.73228
-0.89977
-1.9446
-3.0604
-3.3304
-2.8318
-1.9898
-1.3332
-0.86357
-0.20559
0.10776
0.19481
0.090737
-0.14517
-0.56877
-1.0367
-1.901
-2.2119
-2.087
-1.3407
-0.59313
0.29764
1.1445
1.8562
2.4605
2.8855
2.9779
2.7478
2.2674
1.6632
1.0312
0.35586
-0.28943
-0.77427
-1.1814
-1.2415
-1.1515
-0.97956
-0.61285
-0.12029
0.27963
0.56094
0.72149
0.78744
0.69766
0.46391
0.13796
-0.24461
-0.45371
-0.74883
-0.80672
-0.64083
-0.35163
0.014702
0.27812
0.48696
0.69427
0.87556
0.92962
0.80254
0.50728
0.094371
-0.34457
-0.99477
-1.3785
-1.5796
-1.9492
-2.0873
-1.9012
-1.2961
-0.01193
0.99189
1.2158
1.6019
1.6463
1.6114
1.1954
0.43518
-0.29601
-0.89951
-1.8086
-2.434
-2.35
-2.7298
-1.705
-1.3797
-1.2018
-0.50064
-0.15711
0.1113
0.0098067
-0.21715
-0.38666
-0.67159
-1.2937
-1.9618
-2.2232
-2.6226
-1.4946
-0.78998
0.1954
1.0588
1.7993
2.3413
2.6393
2.6329
2.328
1.7591
1.0457
0.24801
-0.34914
-0.82212
-1.0689
-1.0616
-0.78207
-0.471
-0.12995
0.26297
0.51913
0.67045
0.73599
0.70801
0.54064
0.26305
-0.11633
-0.50663
-0.46922
-0.49826
-0.33736
0.011113
0.36614
0.76748
0.9967
1.1309
1.2263
1.1284
0.90478
0.52285
0.031638
-0.55123
-0.87342
-1.506
-1.7722
-2.0096
-2.1313
-1.8454
-1.3577
-0.66906
0.18907
1.3651
2.2266
1.8172
1.2244
0.56703
-0.38924
-1.2498
-2.3785
-3.7483
-4.0946
-4.6451
-3.9396
-2.9795
-1.8026
-0.50595
0.047768
-0.16087
0.016519
0.12179
-0.12965
-0.34611
-1.0199
-1.656
-1.6995
-2.1416
-1.5793
-1.2212
-0.97334
-0.25114
0.45482
1.1128
1.7132
2.2084
2.4784
2.4764
2.2689
1.7806
1.146
0.28849
-0.55719
-0.99148
-1.3181
-0.94195
-0.60629
-0.17657
0.24345
0.51168
0.64899
0.60161
0.4063
0.075905
-0.32382
-0.6292
-0.57407
-0.50343
-0.24568
0.2002
0.62269
0.97497
1.2727
1.3935
1.4429
1.3263
1.0777
0.77144
0.37771
-0.014456
-0.40176
-1.042
-1.3985
-1.7768
-2.0122
-2.0432
-1.9769
-1.4659
-0.58533
-0.044324
0.33205
0.66351
0.59186
0.46092
0.031286
-0.53144
-0.77456
-1.3734
-1.9536
-3.3998
-2.9315
-1.6641
-0.48736
0.28119
0.92118
1.3621
1.4175
1.4155
1.0566
0.60105
0.085604
-0.91241
-2.0153
-3.121
-2.1315
-1.4854
-1.0769
-0.33692
0.36385
1.134
1.8185
2.3946
2.7616
2.881
2.7314
2.3451
1.7656
1.0624
0.45238
-0.057598
-0.58623
-0.73989
-0.84875
-0.83541
-0.63864
-0.27521
0.13374
0.47451
0.60187
0.55038
0.3453
0.29419
0.14868
0.016949
-0.033574
-0.058118
0.0091416
0.13824
0.46645
0.83086
1.1892
1.3287
1.21
0.91109
0.50201
0.14584
-0.40376
-0.79268
-1.3296
-1.6199
-1.8549
-1.9619
-1.4187
-0.8815
-0.65886
0.051912
0.4798
0.1505
0.21308
-0.11936
-0.26173
-0.52186
-1.0134
-1.3385
-1.6318
-1.6945
-1.7511
-2.029
-2.623
-2.3615
-1.5722
-0.95828
0.14703
0.6627
1.2651
1.4267
1.4322
1.1038
0.58264
-0.28779
-1.4477
-2.113
-2.7861
-2.2732
-0.65973
0.4414
1.3317
2.03
2.4931
2.7081
2.7058
2.3152
1.7173
1.0427
0.33175
-0.21166
-0.82748
-1.0107
-0.94632
-0.9215
-0.79205
-0.51405
-0.16559
0.19099
0.51509
0.72264
0.84726
0.80051
0.4946
0.16599
-0.17748
-0.64391
-0.90856
-0.90863
-0.72967
-0.28666
0.10335
0.47877
0.76897
1.0099
1.1822
1.1285
0.89989
0.5365
-0.11238
-0.72365
-0.99846
-1.9616
-2.3561
-1.7266
-0.9565
-0.24586
0.45705
1.2015
2.0038
2.3619
2.3027
2.104
1.4153
0.61718
-0.77843
-2.2992
-2.7082
-2.7024
-3.2599
-2.7284
-2.06
-1.1659
-0.20351
0.39842
0.88943
1.3233
1.1801
0.77163
0.1024
-0.3846
-1.1265
-1.863
-2.3762
-1.867
-1.7608
-1.5238
-1.1249
-0.55474
0.1043
0.71594
1.2396
1.6998
2.0508
2.2182
2.165
1.9205
1.4563
0.85854
0.30499
-0.33276
-0.74421
-0.88387
-0.82978
-0.61012
-0.2902
0.03808
0.29085
0.36401
0.29949
0.18106
0.028493
0.0077762
-0.20733
-0.31671
-0.27921
-0.0097254
0.3372
0.71842
0.99556
1.2267
1.3683
1.3463
1.2113
0.91459
0.4811
-0.013621
-0.77698
-1.2126
-1.5964
-1.9195
-2.0671
-1.9886
-1.8962
-1.5733
-0.93652
-0.00096331
0.69741
1.563
2.5222
1.8765
1.3881
0.47864
-0.28831
-1.0768
-2.1368
-3.2403
-4.1429
-4.2206
-3.6509
-2.655
-1.6884
-0.41572
0.39124
-0.040766
0.19844
-0.070832
-0.11079
-0.5758
-1.4192
-2.0643
-2.2599
-1.9266
-1.7857
-1.2413
-0.70313
0.094199
0.96883
1.6076
2.3468
2.7114
2.817
2.6362
2.2116
1.6466
1.0619
0.44227
-0.30616
-0.65712
-1.0149
-1.1039
-1.0738
-0.9345
-0.42376
-0.089743
0.26261
0.46571
0.51303
0.48601
0.40866
0.30376
0.25408
0.042555
-0.05435
-0.065039
0.087051
0.35393
0.65256
0.91177
1.1003
1.1251
1.0074
0.80472
0.48935
0.098147
-0.32609
-0.92902
-1.2579
-1.662
-1.9581
-2.173
-2.3132
-1.8076
-0.77828
0.28929
1.2597
2.0651
2.4954
2.6519
2.4229
1.8835
1.3304
-0.020464
-0.81329
-2.0496
-3.3774
-2.8424
-3.6713
-4.4764
-3.6552
-2.5137
-1.5274
-0.59212
0.079443
0.5963
0.80428
0.58506
0.6148
-0.17425
-0.86424
-0.86526
-2.381
-2.2192
-0.49566
0.60853
1.5423
2.3026
2.8208
3.0812
2.989
2.695
2.0887
1.3526
0.57428
-0.09984
-0.75265
-1.0073
-1.0344
-1.0245
-0.75719
-0.41638
-0.0029667
0.3953
0.6381
0.78464
0.81901
0.64828
0.28489
-0.11266
-0.58867
-0.72598
-0.8629
-0.679
-0.31595
0.13128
0.58489
1.0133
1.3081
1.4508
1.3397
0.96272
0.40631
-0.25388
-0.7923
-1.3359
-1.6941
-1.8453
-1.9121
-1.6373
-0.55471
0.51847
1.4456
1.9496
2.6034
2.606
2.3475
1.7737
1.3069
0.12382
-0.93871
-1.678
-2.5687
-3.0483
-3.3457
-2.9786
-1.4951
-0.50994
0.60583
0.99983
1.3708
1.5163
1.5448
1.0269
0.64134
0.22086
-0.92263
-1.7718
-2.4915
-1.824
-0.83172
-0.60082
-0.080225
0.45284
1.0009
1.5068
1.9084
2.168
2.2495
2.0584
1.6054
1.0628
0.33365
-0.21558
-0.60739
-0.74951
-0.5886
-0.26446
0.078146
0.36505
0.57108
0.65582
0.54836
0.29694
-0.053772
-0.3844
-0.53359
-0.58015
-0.55727
-0.34933
-0.063397
0.23437
0.45371
0.64386
0.7621
0.80966
0.74738
0.63286
0.43341
0.11461
-0.23552
-0.68946
-1.1885
-1.601
-1.8743
-1.935
-1.9464
-1.8983
-1.7434
-1.1759
-0.56731
-0.34373
-0.1825
-0.31714
-0.41506
-0.9143
-1.2076
-2.0664
-2.4189
-2.8929
-2.5068
-1.1829
0.15316
1.5652
2.5284
2.952
3.2659
3.1344
2.7885
1.8407
0.86227
-0.63181
-1.6021
-2.4435
-2.1298
-1.3939
-1.1923
-0.82944
-0.37886
0.12243
0.80302
1.3889
1.8699
2.1703
2.3176
2.2221
1.8146
1.2256
0.54391
-0.10261
-0.75807
-1.0867
-1.0669
-0.79086
-0.34064
0.02184
0.34303
0.56678
0.66561
0.54226
0.2461
-0.12515
-0.37874
-0.64039
-0.64707
-0.38116
0.061003
0.51606
0.92949
1.1979
1.346
1.3563
1.1878
0.88827
0.52867
0.10949
-0.27494
-0.78931
-1.1498
-1.328
-1.557
-1.7459
-1.8215
-1.7376
-1.6403
-0.93684
-0.27996
0.30549
1.1784
1.5226
1.6851
1.6105
1.3619
0.71729
-0.33725
-1.6081
-2.9448
-3.0287
-2.7117
-1.7235
-0.98522
-0.19808
0.66441
0.92894
1.1907
1.2421
0.94842
0.26334
-0.72346
-1.7803
-2.484
-1.9863
-1.7941
-1.2692
-0.61805
0.032079
0.64361
1.1247
1.6684
2.1018
2.3393
2.4097
2.0766
1.5617
0.95987
0.47048
-0.11761
-0.41658
-0.61566
-0.82625
-0.88869
-0.88557
-0.59005
-0.24161
0.14603
0.50652
0.73296
0.81897
0.72474
0.41716
0.040576
-0.1937
-0.32083
-0.41998
-0.36764
-0.20835
0.093299
0.45639
0.8245
1.0879
1.1262
0.87574
0.33221
-0.42961
-0.90013
-1.3555
-1.6342
-1.8727
-2.0309
-1.7633
-1.3143
-0.56592
0.4537
1.5448
2.7469
3.2899
3.4489
3.5219
3.0196
2.1497
0.94209
-0.14145
-1.327
-2.0287
-2.7792
-3.8419
-4.4858
-3.6264
-2.5734
-1.9354
-1.1891
-0.54036
-0.50262
-0.41126
-0.54523
-0.3149
-0.48959
-0.82523
-1.4294
-2.4223
-2.2855
-0.82462
0.14319
1.0212
1.7605
2.2821
2.6154
2.719
2.6115
2.342
1.7736
0.97837
0.24195
-0.63389
-1.0298
-1.1159
-1.0814
-0.95424
-0.63622
-0.22798
0.19648
0.5032
0.70425
0.80051
0.74047
0.5088
0.14051
-0.21998
-0.47745
-0.71735
-0.67877
-0.48509
-0.17199
0.15956
0.44108
0.62901
0.79672
0.95533
1.0278
0.97829
0.83103
0.55676
0.1349
-0.44465
-0.85861
-1.1976
-1.5665
-1.9252
-1.9797
-1.6841
-0.94074
-0.43835
0.14855
0.31119
0.2922
0.20993
-0.13635
-0.487
-1.3252
-2.2174
-3.7829
-4.3765
-3.9542
-1.6277
0.33668
1.7295
2.9873
3.6278
3.9971
4.1242
3.6852
2.9023
1.2927
-0.50016
-2.3545
-2.8851
-2.7158
-1.5167
-1.2215
-0.86192
-0.33128
0.19635
0.71514
1.2024
1.63
1.9465
2.0039
1.7965
1.4503
0.93047
0.50047
0.11704
-0.1573
-0.49873
-0.66119
-0.7887
-0.78718
-0.75364
-0.53967
-0.30043
-0.098753
-0.031193
-0.068816
-0.03455
0.017557
0.014622
0.070772
0.13545
0.19185
0.29188
0.35801
0.4441
0.56594
0.69286
0.81642
0.76475
0.61416
0.40964
0.048421
-0.36562
-0.76485
-1.1042
-1.3652
-1.5989
-1.5901
-1.9415
-1.4408
-0.83461
-0.20415
0.15582
0.50995
0.54339
0.26978
-0.07168
-0.39098
-0.72153
-1.1726
-1.7011
-2.1365
-2.6958
-2.6639
-2.2747
-1.7697
-1.268
-0.7001
-0.41367
-0.22392
-0.0011053
0.12301
-0.030835
-0.25626
-0.72039
-1.2404
-1.8969
-1.9551
-1.3962
-0.76172
-0.011315
0.80592
1.3433
1.8355
2.1452
2.2433
2.1352
1.8823
1.216
0.51008
-0.17072
-0.42439
-0.93173
-1.0696
-1.1677
-1.0867
-0.96093
-0.5497
-0.13026
0.29151
0.68451
0.9604
1.105
1.086
0.84778
0.42362
-0.10866
-0.3866
-0.59146
-0.76437
-0.56566
-0.20301
0.14539
0.50048
0.7998
0.93602
1.0605
1.0724
0.9187
0.57625
0.20513
-0.20159
-0.79336
-1.3517
-1.6393
-1.9059
-1.9283
-1.3001
-0.83232
-0.45615
-0.19527
0.13143
0.6627
0.58655
0.28151
-0.16307
-0.51927
-0.98859
-1.3778
-2.125
-2.417
-2.3693
-1.4779
-0.73403
0.022883
0.96272
1.7066
1.683
1.6367
1.5665
1.317
0.74778
-0.084457
-1.3646
-2.2091
-2.6177
-1.5032
-1.0292
-1.0633
-0.37406
0.27867
0.8714
1.3958
1.841
2.1305
2.233
2.0573
1.7005
1.135
0.57152
0.26326
-0.41234
-1.1113
-0.62801
-0.31058
-0.0078896
0.28744
0.55337
0.71241
0.69292
0.58284
0.27902
0.061429
-0.19795
-0.426
-0.52783
-0.3556
-0.033752
0.29915
0.55805
0.80869
0.98145
1.0533
1.0054
0.89186
0.61466
0.42267
-0.021983
-0.58998
-1.1353
-1.6184
-2.0226
-2.2951
-2.2843
-2.202
-1.9938
-1.0132
0.16024
1.1273
1.831
2.3792
2.2039
1.8414
1.4123
0.9805
0.19841
-0.46059
-1.019
-2.2734
-2.5084
-2.077
-2.1442
-2.1979
-2.1712
-2.0821
-2.2509
-2.1432
-1.9351
-1.6294
-1.7786
-1.6959
-1.7307
-2.1405
-1.9363
-2.0857
-1.8963
-1.2157
-0.63205
0.11109
0.90666
1.6074
2.2191
2.5547
2.4942
2.2596
1.8196
1.1355
0.3074
-0.32128
-0.58626
-0.87479
-1.1111
-0.9582
-0.60366
-0.21236
0.18807
0.5063
0.69376
0.75284
0.67132
0.38783
-0.077043
-0.52907
-0.85738
-0.93128
-0.80705
-0.48258
-0.05684
0.38856
0.71804
1.0109
1.1581
1.2108
1.1338
0.87779
0.55907
0.31766
-0.23101
-0.69977
-0.92266
-1.4397
-1.539
-1.2572
-0.45763
0.21931
0.39883
0.94825
1.4007
1.3927
1.0793
0.35376
-0.71285
-1.6968
-2.4109
-3.9134
-4.3444
-4.3666
-3.7
-2.5338
-1.4885
-0.15435
0.71367
1.1253
1.3012
1.1471
0.87109
0.34631
-0.32708
-1.6055
-2.1552
-2.5338
-2.3217
-1.5614
-1.2312
-0.99237
-0.6166
0.043209
0.77807
1.5786
2.3716
2.9209
3.2215
3.1921
2.9808
2.4829
1.7606
0.96344
0.15107
-0.55677
-0.84463
-0.71782
-0.46741
-0.10936
0.18577
0.27488
0.24905
0.092004
-0.1014
-0.10967
-0.16845
-0.21864
-0.28916
-0.14553
0.12507
0.3522
0.56092
0.67977
0.71141
0.67996
0.59828
0.44316
0.25239
0.12622
-0.22712
-0.67985
-1.2122
-1.4859
-1.7448
-1.8684
-1.9872
-1.535
-1.6913
-0.92698
0.12639
1.0799
2.1509
2.9826
3.2431
3.1429
2.6187
2.235
1.4668
0.19193
-1.3412
-2.7218
-3.9978
-4.0476
-3.6133
-2.9127
-1.687
-0.70608
-0.00076342
0.58694
0.88011
1.145
0.80783
0.05122
-0.63215
-1.2478
-1.4784
-1.7193
-1.6109
-1.5774
-1.225
-0.84149
-0.3443
0.19066
0.71975
1.2158
1.632
1.9219
2.0523
1.9145
1.5588
1.0635
0.34444
-0.3435
-0.79483
-1.0179
-1.0203
-0.75378
-0.34305
0.11389
0.51453
0.75883
0.85315
0.72768
0.39666
0.031022
-0.37546
-0.45023
-0.60343
-0.51343
-0.18401
0.14372
0.43877
0.62062
0.73376
0.79831
0.83834
0.7567
0.62493
0.48839
0.2754
0.094559
-0.42871
-0.85186
-1.09
-1.4617
-1.7235
-1.9289
-1.9296
-1.4097
-0.79881
-0.008592
0.46842
0.80824
1.2208
1.1564
0.31668
-1.152
-0.89891
-0.65544
-0.32748
-0.097969
0.14769
0.56517
0.73
0.76166
0.39069
0.20774
-0.23373
-0.9554
-1.9504
-2.2632
-0.8417
-0.067737
0.69629
1.2424
1.595
1.7956
1.7302
1.3578
0.81125
0.21439
-0.50539
-0.72665
-0.9123
-0.71386
-0.33029
0.094742
0.51706
0.79372
0.95841
0.92479
0.65935
0.24306
-0.21366
-0.64604
-0.92402
-0.9379
-0.66873
-0.21209
0.24102
0.64404
0.99896
1.2192
1.339
1.2896
1.1134
0.85289
0.51483
0.038501
-0.45379
-0.92075
-1.325
-1.7378
-2.0563
-2.1467
-1.9668
-1.5404
-1.1913
-0.88462
-0.13594
0.49113
1.0821
1.4902
1.8404
2.2799
2.4435
2.2277
1.8248
1.237
0.46043
-0.25057
-1.203
-1.8002
-1.9524
-2.5547
-2.4166
-2.8121
-2.6846
-2.3672
-2.2753
-2.3933
-2.4179
-2.4381
-2.3736
-2.1018
-1.9601
-1.729
-1.7249
-1.7704
-1.178
-0.74307
0.22066
0.98064
1.8137
2.4792
3.0015
3.2774
3.2396
2.9052
2.2579
1.4894
0.62521
-0.046088
-0.44458
-0.60116
-0.97723
-1.142
-1.0021
-0.73404
-0.37873
-0.0014693
0.33358
0.64069
0.86104
0.95891
0.84117
0.45645
0.083472
-0.2239
-0.50168
-0.65574
-0.54813
-0.25613
0.047967
0.34321
0.60627
0.85159
1.011
1.0092
0.84619
0.51209
0.2303
-0.19727
-0.65694
-1.1824
-1.5498
-2.1839
-2.2878
-1.4999
-0.74619
-0.14489
0.5242
0.88779
1.6841
1.5991
1.4347
0.90257
0.19704
-0.92271
-2.4048
-3.6096
-4.3873
-3.8158
-2.696
-1.5295
-0.20122
0.9094
2.1208
2.3051
2.5853
2.3454
1.7927
0.77154
-0.42767
-1.449
-2.521
-2.2291
-1.6285
-1.1985
-0.98765
-0.51472
0.14439
0.73776
1.4124
2.0055
2.4515
2.6761
2.6481
2.2797
1.7353
1.1419
0.48964
-0.086284
-0.79266
-1.0004
-1.0676
-0.95972
-0.62974
-0.27417
0.06118
0.29573
0.35291
0.29219
0.13093
0.099323
-0.052943
-0.24715
-0.26451
-0.20139
-0.039186
0.27335
0.5567
0.86853
1.0771
1.1674
1.1087
0.91211
0.59194
0.27839
-0.25886
-0.66722
-0.99213
-1.2965
-1.8451
-1.602
-1.4445
-1.7622
-1.4662
-0.98325
-0.1467
0.40965
0.569
0.3675
-0.12533
-0.14821
-0.28745
-0.39458
-0.78037
-0.47954
-1.049
-1.481
-0.038293
-0.54423
-0.71768
-1.1508
-1.7049
-2.2442
-2.6374
-2.4943
-2.5724
-2.5641
-2.6091
-2.4271
-2.3854
-1.9143
-1.1568
-2.1841
-1.6691
-0.83136
-0.064495
0.75475
1.4917
2.0816
2.4564
2.6094
2.4518
2.0147
1.3784
0.70675
0.13137
-0.48131
-0.72171
-0.8961
-1.0705
-0.92495
-0.58035
-0.17968
0.1819
0.49817
0.71668
0.81031
0.76112
0.57954
0.2642
-0.088313
-0.27783
-0.42901
-0.47669
-0.20961
0.1812
0.53174
0.79634
0.99485
1.1115
1.1102
0.9925
0.79634
0.51065
0.12771
-0.29281
-0.72354
-1.2414
-1.4203
-1.8045
-1.4616
-1.0604
-0.87968
-0.24229
0.30225
0.35335
0.79469
0.89683
0.62714
0.11462
-0.79984
-1.3458
-2.1225
-2.6685
-2.0397
-1.9513
-1.9231
-1.3516
-1.0557
-0.86468
-0.22302
-0.17784
-0.3568
-0.68866
-1.1751
-1.2156
-1.7129
-1.7183
-1.5437
-1.6631
-1.6393
-1.3651
-1.015
-0.52692
-0.097621
0.56801
1.1056
1.5513
1.8367
1.9835
1.8499
1.4596
0.93358
0.40758
-0.17005
-0.63083
-0.98774
-1.1909
-1.2361
-0.89574
-0.58225
-0.18872
0.19649
0.52007
0.65378
0.60557
0.4665
0.22785
-0.048816
-0.30996
-0.48774
-0.52964
-0.42476
-0.19999
0.18931
0.53748
0.84568
1.0327
1.0956
0.9593
0.71466
0.3338
-0.097029
-0.50501
-0.88384
-1.2431
-1.575
-1.9705
-1.7932
-1.9742
-1.7382
-1.1188
-0.3987
0.51253
1.0484
1.3643
1.5847
1.397
1.1654
0.6653
-0.020904
-1.3741
-2.12
-1.6229
-1.902
-1.7554
-1.4875
-1.0535
-1.0106
-0.88867
-0.8012
-0.97927
-0.99433
-1.1757
-1.306
-1.7363
-1.3485
-0.4658
-1.4459
-1.331
-1.1088
-0.56742
-0.033886
0.53143
0.92354
1.3701
1.7709
2.0515
2.1037
1.7134
1.19
0.5703
-0.097633
-0.54122
-0.86078
-0.92931
-1.0434
-0.97704
-0.84863
-0.43592
-0.00020618
0.41038
0.71669
0.91305
0.95226
0.93643
0.64373
0.35862
0.073763
-0.10644
-0.17758
-0.12433
0.018454
0.25963
0.54266
0.77141
0.91946
0.91879
0.74016
0.46611
0.011557
-0.38178
-0.7371
-1.1469
-1.4639
-1.6592
-1.7701
-2.0713
-1.0762
0.05612
1.2863
2.0781
2.5614
2.6654
2.1325
1.4711
0.97454
0.081873
-0.68357
-1.6993
-2.9927
-4.1483
-4.1314
-4.1197
-4.2788
-3.746
-1.6322
0.22573
1.6726
3.1132
4.2231
4.5861
4.4906
3.6587
2.1697
0.44497
-1.3172
-2.3697
-2.9364
-1.9303
-0.10019
0.97654
1.8752
2.515
2.8527
2.8914
2.6426
2.2263
1.4941
0.69927
-0.09369
-0.52686
-0.80135
-0.93212
-0.90287
-0.6079
-0.24697
0.13618
0.46068
0.69115
0.86055
0.88012
0.69104
0.34244
-0.14382
-0.57752
-0.6681
-0.76169
-0.67101
-0.32747
0.081375
0.50799
0.83499
1.0788
1.2201
1.1877
1.0217
0.73612
0.40181
0.07879
-0.20342
-0.73612
-1.2624
-1.4851
-1.9819
-1.7501
-1.4435
-1.0521
-0.77777
-0.076008
0.2991
0.8665
1.1144
1.2582
1.1347
0.64972
0.26038
-0.42728
-1.2962
-1.3253
-1.6094
-1.3525
-2.1255
-2.1902
-2.3126
-2.0867
-2.0638
-1.8829
-1.8033
-1.7385
-1.5149
-1.7061
-1.6754
-1.5834
-1.4261
-1.0053
-1.4231
-0.93397
-0.27522
0.18941
0.71811
1.2627
2.033
2.5778
2.8437
2.7712
2.3854
1.7888
1.2661
0.81782
0.27464
-0.29415
-0.69623
-0.98601
-0.94506
-0.62571
-0.024984
0.34187
0.55868
0.63125
0.54475
0.3419
0.22792
-0.0080996
-0.2608
-0.45584
-0.43755
-0.26465
-0.0072044
0.38288
0.74444
0.9724
1.0241
0.91046
0.63177
0.30044
-0.011913
-0.43137
-0.8076
-1.1096
-1.3155
-1.4543
-1.5294
-1.5116
-0.91837
-0.56848
0.16286
0.7522
1.4142
1.7992
1.596
1.6901
1.3374
0.74415
0.012853
-0.72575
-2.0372
-2.2005
-1.7391
-1.4596
-0.83919
-0.10622
0.69468
1.0273
1.1429
1.5914
1.4305
0.88306
0.054598
-0.77344
-1.7743
-1.715
-1.7277
-1.4984
-1.0272
0.076743
1.158
1.8476
2.5181
3.0187
3.1782
2.8483
2.2665
1.5761
0.75861
0.033812
-0.44057
-0.7209
-0.82043
-0.7236
-0.62012
-0.6219
-0.31613
0.049366
0.42874
0.66943
0.79291
0.83349
0.82425
0.60972
0.25149
-0.19103
-0.57988
-0.76881
-0.74391
-0.47412
0.0078319
0.47567
0.92252
1.157
1.321
1.4385
1.3982
1.1619
0.83851
0.44442
0.05705
-0.36516
-0.86714
-1.3918
-1.6264
-2.0619
-2.094
-1.806
-1.0884
-0.51924
-0.048978
0.04764
0.33268
0.51169
0.38448
-0.079847
-0.5849
-1.9884
-2.7052
-3.1115
-2.6388
-1.1305
0.054037
0.98362
1.5345
1.8538
2.2603
2.1868
1.6583
0.83918
-0.15481
-1.5643
-1.9684
-2.2576
-2.124
-1.5527
-1.5103
-1.0863
-0.89525
-0.29959
0.34201
0.73841
1.1772
1.5531
1.883
2.1007
2.0046
1.5271
0.9491
0.22966
-0.37216
-0.67687
-0.78961
-0.46937
-0.11947
0.041804
0.30141
0.41144
0.43179
0.29236
0.013534
-0.16267
-0.51182
-0.84738
-0.84315
-0.61516
-0.30815
0.09029
0.4714
0.74541
0.93653
1.0572
1.0626
0.91312
0.66666
0.42796
-0.12271
-0.62712
-0.93844
-1.2433
-1.5562
-1.9081
-1.9695
-1.5243
-1.3089
-0.86329
0.035192
1.0289
1.6215
2.3184
2.7177
2.2402
1.7651
1.3243
0.49095
-0.16985
-0.89901
-1.5444
-2.5133
-2.6731
-2.2197
-1.7279
-1.4866
-0.94044
-0.79656
-1.0575
-0.83325
-0.61385
-0.67445
-0.8616
-1.565
-1.7295
-1.6785
-1.3646
-0.78122
-0.083493
0.65768
1.1152
1.8608
2.3346
2.594
2.5588
2.2025
1.4896
0.8276
0.51377
0.038343
-0.44682
-0.72095
-0.8924
-0.93423
-0.98313
-0.43681
-0.11056
0.2647
0.52846
0.75815
0.91706
0.93575
0.65488
0.29298
0.040718
-0.1885
-0.3853
-0.39825
-0.17588
0.20299
0.53571
0.72428
0.81498
0.88901
0.88197
0.75373
0.48559
0.31427
0.18242
-0.058416
-0.4883
-1.023
-1.4165
-1.8195
-2.0167
-1.8626
-1.0929
-0.22349
0.58905
1.2286
2.027
2.5012
2.7613
2.4094
1.6915
0.79986
0.19742
-0.82425
-1.2058
-1.4433
-1.949
-2.4624
-2.8424
-2.9713
-2.7319
-2.6944
-2.6787
-2.8416
-2.6145
-2.2504
-2.0047
-1.7503
-1.3575
-1.5426
-1.9755
-1.8299
-1.4715
-1.1593
-0.43915
0.45726
1.0125
1.5774
2.0884
2.3216
2.35
2.4461
1.9681
1.3461
0.71832
0.15768
-0.33607
-0.74727
-0.54367
-0.27295
-0.14749
0.15587
0.44969
0.59379
0.70934
0.71179
0.53245
0.34633
0.04489
-0.28494
-0.69702
-0.90365
-0.77559
-0.50464
-0.15222
0.13025
0.43214
0.61477
0.80153
0.94279
0.90675
0.81986
0.52222
0.11828
-0.50879
-0.90289
-1.2337
-1.5753
-1.9637
-1.6503
-2.0826
-2.0682
-1.5339
-0.53622
0.85092
1.793
2.3338
2.9135
3.1646
3.4561
2.9751
1.5364
0.48626
0.81206
0.36307
0.34817
0.44909
0.75645
1.0722
0.86457
0.65223
0.63706
0.31872
-0.17961
-1.3511
-2.3939
-2.2758
-1.4637
-1.1123
-0.90904
-0.46883
0.1129
0.74952
1.3504
1.958
2.4318
2.6683
2.6019
2.2626
1.7803
1.109
0.5028
0.058895
-0.33296
-0.72136
-1.0316
-1.1893
-1.1359
-0.81558
-0.47294
-0.11491
0.19866
0.35957
0.32343
0.31578
0.52116
0.3975
0.31945
0.31896
0.39459
0.50461
0.65528
0.84776
1.0539
1.2379
1.3115
1.1482
0.79754
0.39016
-0.0034424
-0.60843
-0.94607
-1.2932
-1.566
-1.8513
-2.0421
-2.1827
-1.8145
-1.2426
-0.1084
0.60515
0.448
0.81655
0.87425
0.43742
0.32978
0.10668
-0.17106
-0.49672
-0.99341
-1.5222
-2.2758
-1.5706
-0.59964
-0.39485
-0.4784
0.1079
-0.042298
-0.37508
-0.065693
-0.14533
-0.39937
-0.77816
-1.7423
-2.1239
-2.5274
-1.3461
-0.58965
0.15427
1.0595
1.7854
2.0999
2.2323
2.3296
2.1157
1.6826
1.0725
0.32837
0.13037
-0.38745
-0.64625
-0.75954
-0.82732
-0.69686
-0.67137
-0.60196
-0.30034
0.080498
0.40775
0.65092
0.78384
0.78679
0.6319
0.34427
0.049736
-0.23858
-0.48099
-0.54231
-0.37641
-0.023779
0.43664
0.93496
1.3449
1.5049
1.3604
0.91349
0.30588
-0.24973
-0.80719
-1.3441
-2.0075
-2.3332
-1.9067
-1.6115
-1.2267
-0.1806
0.69664
1.3306
1.5105
1.7951
1.8333
1.5337
0.92079
0.32032
-0.44858
-1.0703
-1.5168
-2.8391
-2.8352
-3.3193
-2.8459
-1.9911
-0.66604
0.8388
1.7447
2.3485
2.7303
2.938
2.6804
1.7736
0.6407
-0.62184
-1.1879
-2.3461
-1.747
-0.94862
0.1758
0.94917
1.5521
2.0373
2.3178
2.3846
2.2018
1.7181
1.2272
0.69819
0.028664
-0.48172
-0.85922
-0.91791
-0.88964
-0.71977
-0.4041
-0.020807
0.3259
0.62074
0.80985
0.8723
0.7109
0.49586
0.019968
-0.43366
-0.87573
-1.0016
-0.87412
-0.6483
-0.34234
-0.0065389
0.26245
0.55739
0.77306
0.89436
0.8527
0.69196
0.27563
-0.14327
-0.57497
-0.87463
-1.3068
-1.5852
-1.8098
-1.8117
-1.7631
-1.1459
-0.50791
0.20462
0.67978
1.189
1.0118
0.71056
0.45112
-0.11634
-0.62465
-1.4022
-2.5128
-2.7723
-2.7126
-1.6371
-0.77853
0.11609
0.75955
1.2324
1.0859
1.0979
0.99158
0.49632
-0.1487
-1.1014
-1.7082
-1.6818
-1.9284
-1.5973
-1.2821
-0.94616
-0.5433
0.25017
0.79754
1.2416
1.6088
1.8222
1.8896
1.8729
1.5832
0.94228
0.18143
-0.2755
-0.68089
-1.0371
-0.98732
-0.52027
-0.30333
-0.033398
0.31936
0.55209
0.62746
0.51837
0.36981
0.35589
0.044589
-0.26049
-0.51881
-0.428
-0.16191
0.1953
0.53131
0.7858
1.0682
1.2375
1.2173
0.96486
0.58473
0.056358
-0.74125
-1.2725
-1.7099
-1.9509
-2.0661
-2.0872
-2.2017
-1.3651
-1.0452
-0.53115
-0.080034
1.1574
2.1506
2.3772
2.4984
2.1596
1.9712
1.197
0.38285
-0.75475
-1.2525
-1.9448
-2.2153
-1.976
-1.3027
-0.03695
0.50501
0.55364
0.72875
0.57607
0.5463
-0.035357
-0.60495
-1.2516
-1.5894
-1.9195
-1.0294
-0.73362
-0.16979
0.66068
1.4253
2.0434
2.6177
2.9858
3.0489
2.85
2.2447
1.5551
0.86172
0.51198
-0.089013
-0.63853
-0.93327
-0.86826
-0.8102
-0.57395
-0.15573
0.2843
0.59053
0.75766
0.79223
0.77785
0.58065
0.22302
-0.16163
-0.42934
-0.59428
-0.62303
-0.45677
-0.18786
0.21091
0.65938
0.99165
1.1314
1.0744
0.82313
0.33425
-0.18542
-0.60093
-0.99396
-1.2978
-1.6865
-1.8804
-1.462
-1.1631
-0.89176
0.18308
0.75991
1.3555
1.9382
1.7264
1.4886
0.88638
0.18151
-0.60863
-1.2276
-1.9494
-2.425
-2.6329
-2.9187
-1.6882
-1.4161
-0.73318
-0.35881
-0.57367
-0.48487
-0.65938
-0.73364
-0.88376
-0.87501
-1.2514
-1.5635
-1.7439
-1.9019
-1.2906
-1.0519
-0.42072
0.20002
0.66512
1.2226
1.6765
1.9906
2.1118
2.0512
1.7183
1.0066
0.13386
-0.38602
-0.99995
-1.1751
-1.104
-0.80955
-0.51461
0.025759
0.46966
0.78803
0.93242
0.88153
0.6799
0.34214
-0.091933
-0.34289
-0.46325
-0.51124
-0.22619
0.20375
0.65404
1.0863
1.3468
1.446
1.4048
1.25
0.94376
0.58826
0.18303
-0.1846
-0.71867
-1.3444
-1.6388
-1.948
-2.016
-1.915
-1.6285
-1.376
-0.98876
-0.17047
0.96456
1.0048
1.2194
1.1655
1.1231
0.99128
0.73084
-0.26533
-0.87838
-1.69
-1.4963
-1.101
-0.40381
0.58168
1.2994
0.96316
1.2696
1.2506
1.1954
0.82255
0.073755
-1.1523
-1.6845
-2.3211
-1.97
-1.8053
-1.5135
-1.1208
-0.55572
0.061371
0.76706
1.5881
2.2297
2.687
2.8889
2.7244
2.3949
1.6695
1.0112
0.34559
-0.16912
-0.67218
-0.98782
-1.1153
-0.97358
-0.51723
-0.093683
0.34365
0.67938
0.87778
0.99547
1.0088
0.86508
0.58754
0.22402
-0.2294
-0.52647
-0.59922
-0.53425
-0.19919
0.27654
0.79554
1.2257
1.4767
1.4477
1.1572
0.59712
-0.026272
-0.78977
-1.3794
-1.8531
-2.2478
-2.3619
-2.641
-1.8773
-0.92969
0.11058
0.93619
1.4396
2.0328
1.9724
1.9177
1.5887
1.1177
0.75264
0.21432
-0.61361
-1.4709
-2.0944
-2.2838
-1.7246
-0.64821
0.37174
1.4099
1.9019
2.4693
2.6087
2.5046
2.4383
1.7216
0.82233
-0.067541
-1.7693
-2.0743
-1.981
-1.1298
-0.60428
0.016026
0.65686
1.1973
1.6221
1.9533
2.1382
2.1034
2.0729
1.5831
0.57853
-0.093517
-0.63055
-0.63381
-0.69061
-0.45571
-0.1431
0.22036
0.52881
0.7331
0.75164
0.58855
0.33481
0.045611
-0.20966
-0.57865
-0.66113
-0.57951
-0.23933
6.718e-05
0.22086
0.46335
0.63676
0.77449
0.84682
0.81373
0.69973
0.53686
0.19034
-0.30873
-0.67896
-1.1002
-1.3745
-1.777
-1.9763
-1.9095
-1.4912
-1.2266
-0.12062
0.30109
1.1838
1.7612
2.0018
1.9752
1.7521
1.065
0.39168
-0.17892
-0.50838
-1.1728
-1.5761
-2.057
-1.7214
-2.0644
-1.7171
-1.7802
-1.821
-1.8035
-1.8091
-1.8033
-1.4406
-1.1074
-1.2954
-1.4571
-1.1665
-0.93362
-0.3716
0.07337
0.53208
1.0004
1.4498
1.7791
1.9787
2.1163
1.8813
1.2614
0.47116
0.12248
-0.32435
-0.7426
-0.86527
-0.91923
-0.87722
-0.66491
-0.28297
0.12946
0.53919
0.81685
0.92558
0.84305
0.8251
0.54485
0.28686
0.074987
-0.065017
-0.15997
-0.20862
-0.044248
0.33778
0.64471
0.93878
1.0572
0.90207
0.50364
0.15037
-0.4701
-0.91453
-1.2952
-1.6726
-1.8881
-2.1855
-2.0866
-1.5956
-0.81457
0.09359
0.92346
1.2701
1.666
1.6814
1.8845
1.8981
1.5624
0.87983
-0.02231
-0.82698
-1.5527
-2.0891
-2.2117
-2.1507
-1.9099
-1.3479
-0.45451
0.18914
1.0453
1.4284
1.4086
1.0766
0.67427
0.23622
-0.9987
-1.6688
-2.397
-2.0662
-1.4575
-0.68595
-0.050665
0.64285
1.262
1.7246
1.9771
2.0138
1.8274
1.2406
0.40687
-0.037505
-0.73843
-0.66667
-1.0297
-1.3359
-1.2907
-0.96852
-0.56362
-0.062752
0.41063
0.79464
1.0412
1.1589
1.1397
0.86014
0.30543
-0.29247
-0.87487
-1.0084
-0.99478
-0.66154
-0.16146
0.43248
0.98497
1.3531
1.5722
1.6391
1.554
1.3001
0.94931
0.55331
0.05121
-0.31588
-0.91611
-1.2533
-1.7712
-1.8672
-1.7983
-1.9525
-1.5124
-0.37103
0.16568
0.67309
1.171
1.3668
1.3386
0.86218
0.21502
-0.55414
-1.8803
-2.5789
-3.2453
-3.9828
-3.3416
-2.2572
-1.7684
-0.95537
-0.12074
0.46264
0.91663
1.0385
1.0286
0.58749
-0.35028
-0.81195
-1.3089
-1.6683
-1.3458
-0.93928
-0.27634
0.34715
1.0628
1.6476
2.4655
2.5506
2.5844
2.3435
1.8488
1.4108
0.8478
0.23409
-0.44437
-0.87149
-0.87195
-0.72696
-0.35775
0.075513
0.5942
0.49709
0.72331
0.68547
0.48549
0.19855
-0.10014
-0.44128
-0.67362
-0.83323
-0.71686
-0.44986
-0.06231
0.31144
0.62091
0.85882
1.012
0.99309
0.8057
0.50112
0.16895
-0.18638
-0.52452
-0.98662
-1.3993
-1.6453
-1.7284
-1.8191
-1.8587
-0.85182
-0.42042
-0.022965
0.56348
1.1153
1.3234
1.4208
1.3946
1.0696
0.39202
-0.37516
-0.89383
-1.3051
-1.5736
-0.94927
-1.568
-1.67
-1.0009
-0.37031
0.052583
0.51403
0.81206
0.79212
0.57419
0.30617
0.15116
-0.23531
-0.75046
-1.0309
-1.6752
-1.5769
-0.87879
-0.36958
0.49328
1.184
1.9203
2.4679
2.7876
2.722
2.321
1.7284
1.0569
0.38203
-0.28106
-0.722
-1.0807
-1.2941
-1.0061
-0.80264
-0.37056
0.05771
0.49584
0.79538
0.94482
1.0011
0.84
0.51889
0.065941
-0.22282
-0.52563
-0.64098
-0.48759
-0.30431
0.014109
0.32719
0.64239
0.89209
1.0641
1.0614
0.76967
0.32935
-0.18966
-0.50402
-1.0132
-1.4085
-1.6272
-1.7618
-1.9002
-1.7668
-1.186
-0.65787
0.098412
1.223
1.6293
1.939
2.1278
1.7839
1.2414
0.6368
0.056493
-0.8741
-2.0281
-2.4986
-2.5754
-2.335
-3.063
-1.7599
-1.9582
-1.723
-1.6033
-1.8355
-1.8366
-1.9129
-2.1457
-2.5248
-2.7592
-2.3594
-1.8661
-1.683
-1.6846
-0.031206
0.286
1.1081
1.7853
2.3333
2.6487
2.6495
2.3562
1.9492
1.3971
0.94093
0.35635
-0.30933
-0.53194
-0.94434
-0.95006
-0.86479
-0.59109
-0.16013
0.218
0.52505
0.68561
0.8036
0.80795
0.62768
0.3036
-0.077724
-0.47733
-0.56043
-0.62855
-0.49172
-0.19496
0.13228
0.45546
0.74279
0.90973
1.0445
1.0501
0.86656
0.56407
0.17941
-0.26764
-0.62271
-1.2259
-1.5112
-1.8974
-2.0251
-1.9127
-1.7981
-1.4419
-0.40063
0.18247
0.86482
1.2012
0.82729
0.52381
-0.30606
-1.1189
-1.709
-2.5126
-3.0801
-3.3406
-3.5742
-2.7182
-1.6437
-1.0673
-0.24877
0.076733
0.079402
0.25268
-0.086338
-0.26287
-0.51985
-1.1021
-1.4265
-1.5226
-1.4364
-0.9908
-0.89717
-0.21366
0.016701
0.79977
1.2035
1.8941
2.0772
2.042
1.7518
1.2415
0.86278
0.35442
-0.11177
-0.72802
-1.1138
-1.2074
-1.522
-1.0836
-0.87374
-0.17022
0.13814
0.49845
0.71276
0.78668
0.78136
0.66468
0.40751
0.26468
0.11751
-0.064138
-0.041168
0.07194
0.27704
0.48228
0.69628
0.83313
0.92825
0.89923
0.77282
0.49279
0.1495
-0.13384
-0.48801
-0.90556
-1.244
-1.5631
-1.8581
-1.7504
-1.7621
-1.377
-1.3031
-0.53712
-0.087536
0.13223
0.1585
0.32706
0.23987
0.23819
0.074545
-0.2055
-0.47478
-0.5598
-1.0475
-1.495
-2.0254
-1.3867
-1.1555
-0.93154
-0.68402
-0.39584
-0.35076
-0.20255
-0.52425
-0.7011
-0.96451
-1.3549
-1.8836
-2.1527
-1.8589
-0.96681
-0.047178
0.96171
1.5505
2.1333
2.4945
2.5574
2.3008
2.0213
1.4087
0.74617
0.12321
-0.27431
-0.60302
-0.75147
-0.70192
-0.4957
-0.45344
0.020122
0.37596
0.65079
0.84105
0.91924
0.86244
0.65822
0.24548
-0.037668
-0.18705
-0.56986
-0.6098
-0.43644
-0.12248
0.23472
0.55052
0.80409
1.0222
1.0317
0.80434
0.37111
-0.11063
-0.43475
-0.93937
-1.4555
-1.6448
-2.2675
-1.7707
-1.5712
-1.2577
-0.372
0.55455
0.85457
0.95154
0.54498
0.27581
0.14138
-0.51795
-1.1461
-1.8875
-2.238
-1.8982
-2.5486
-2.1036
-1.1363
0.16796
-0.31065
-0.63119
-0.79379
-0.7697
-1.0391
-1.7685
-2.187
-2.5612
-2.4916
-2.7265
-2.9468
-2.5271
-1.8746
-0.49599
-0.4004
0.38373
1.3683
2.1548
2.6339
2.9856
3.1878
3.0865
2.9274
2.3341
1.4076
0.52817
0.16773
0.073026
-0.39298
-0.75102
-0.69157
-0.3567
-0.12578
0.16361
0.44968
0.61144
0.57011
0.41416
0.2856
0.20438
-0.18472
-0.47455
-0.63438
-0.63065
-0.46424
-0.20385
0.1208
0.50057
0.81194
1.0028
1.0457
0.96495
0.77733
0.40337
-0.23868
-0.67894
-1.1071
-1.5798
-2.0013
-2.2319
-2.4928
-1.9901
-1.4949
-0.79903
0.19998
0.88108
1.5807
1.6799
1.5981
1.5817
1.0155
0.25657
-0.52437
-1.1659
-2.2926
-2.1114
-1.924
-2.7192
-1.6041
-0.99509
-0.28566
-0.069963
0.27134
0.41823
0.42746
0.35845
-0.011379
-0.45635
-1.6172
-1.6342
-1.9248
-2.3966
-0.97897
-0.40978
0.35036
0.99484
1.5243
1.9254
2.3981
2.2165
1.7265
1.0962
0.16957
-0.238
-0.70702
-0.96167
-1.1753
-1.0627
-0.77901
-0.40151
0.054135
0.47861
0.81812
1.0505
1.1427
1.0098
0.68083
0.20715
-0.22489
-0.53982
-0.68024
-0.50034
-0.13271
0.27264
0.69776
1.0015
1.2063
1.314
1.3155
1.1969
0.97467
0.66085
0.32622
-0.11409
-0.55064
-0.9161
-1.5639
-2.0632
-1.6907
-1.5392
-0.74494
-0.10372
0.87791
1.5666
1.4864
1.7154
1.7117
1.4273
0.56801
-0.32046
-1.4118
-2.4745
-2.5876
-3.1705
-2.2444
-1.9689
-1.2849
-1.0082
-0.9902
-0.34497
-0.0029933
0.076446
-0.063401
-0.04576
-0.33974
-1.0566
-1.2106
-1.5569
-1.1303
-1.246
-0.93242
-0.8514
-0.43156
0.19557
0.91829
1.3925
1.9303
2.281
2.3692
2.0163
1.5892
0.97131
0.45134
-0.044182
-0.45812
-0.91321
-0.89359
-0.79025
-0.58694
-0.38389
0.046488
0.47109
0.74821
0.86161
0.8884
0.87037
0.7544
0.60939
0.40508
0.19594
0.042682
0.033794
0.14564
0.33789
0.61863
0.77474
0.65405
0.37113
-0.0053452
-0.39309
-0.79703
-1.1495
-1.3703
-1.6142
-1.5936
-1.5076
-1.3605
-0.58439
-0.35784
0.16787
0.7145
1.4438
2.0675
2.2872
2.1398
1.7005
0.93226
0.16936
-0.52074
-0.93899
-1.706
-2.0944
-3.5439
-3.0236
-2.3806
-1.5013
-0.92417
-0.61807
-0.51688
-0.59581
-0.75973
-0.65482
-0.70214
-0.59567
-1.1822
-1.648
-2.1093
-1.4801
-1.4276
-1.0694
-0.64689
-0.025097
0.51936
0.92265
1.2907
1.519
1.5613
1.4795
1.1967
0.77095
0.27909
-0.38375
-0.9167
-1.044
-0.99421
-0.69793
-0.29774
0.10832
0.54806
0.84643
1.0656
1.1386
1.0365
0.72524
0.24673
-0.084643
-0.23485
-0.4646
-0.46099
-0.3473
-0.043385
0.25459
0.51367
0.70086
0.89186
0.97651
0.94583
0.79172
0.53116
0.3058
0.023135
-0.55046
-0.9813
-1.5589
-1.9408
-2.1826
-2.3509
-1.7066
-1.3245
-0.82495
-0.31882
0.58343
0.69521
0.85097
1.3504
1.3145
0.92139
0.32142
-0.35678
-0.8
-1.3209
-1.3871
-1.9435
-1.7243
-1.4677
-1.0776
-1.2693
-0.88673
-0.49136
-0.58718
-0.79223
-1.1678
-1.414
-1.6328
-1.869
-1.9247
-1.8638
-1.1637
-0.34658
0.25886
0.98865
1.6832
2.3109
2.7767
2.8756
2.6525
2.4307
1.8866
1.3733
0.7201
0.088337
-0.23052
-0.45466
-0.77212
-0.69886
-0.44657
-0.011638
0.36322
0.64002
0.75059
0.85771
0.81612
0.60763
0.22503
-0.13339
-0.56519
-0.85793
-0.89138
-0.7319
-0.42542
-0.082379
0.20438
0.40743
0.54205
0.6886
0.72867
0.67398
0.532
0.34771
-0.078819
-0.51274
-0.92077
-1.2389
-1.508
-1.6924
-2.2094
-1.8985
-1.3727
-0.57035
0.21646
1.0487
1.4191
1.3782
1.1317
0.66099
0.21016
0.0059011
-0.89936
-1.5594
-2.0684
-1.4145
-1.2153
-0.60257
0.0077064
0.38755
0.46488
0.36035
0.24815
0.019725
-0.06978
-0.31512
-1.0282
-1.0533
-1.1647
-1.0587
-1.4032
-0.86726
-0.65841
-0.13082
0.57101
1.4177
1.8454
2.0803
2.1766
2.0566
1.8056
1.3841
0.72357
0.20956
-0.39822
-0.63028
-1.1056
-1.0325
-0.86105
-0.46762
-0.38158
-0.10652
0.12948
0.24187
0.19698
0.23824
0.33487
0.34816
0.33674
0.35856
0.3093
0.37851
0.57771
0.68703
0.81749
0.90588
0.86663
0.6998
0.43746
0.18481
-0.1209
-0.61993
-0.88144
-1.1576
-1.4802
-1.5687
-1.817
-1.9139
-1.5853
-0.4224
0.49914
1.2976
1.2441
1.4002
1.3831
1.2153
1.2014
0.67857
0.39406
-0.15112
-0.84378
-1.2756
-2.0305
-1.5002
-1.1688
-0.84783
-0.88151
-0.34651
-0.090986
0.14266
0.37758
0.2718
0.21611
-0.35294
-1.2152
-2.038
-2.8205
-2.1243
-1.3921
-0.37463
0.57694
1.0899
1.7176
2.2091
2.5026
2.441
2.0324
1.4061
0.66651
0.20513
-0.22735
-0.57427
-0.81551
-0.74379
-0.78394
-0.74397
-0.21733
0.24288
0.60465
0.84905
1.0002
1.0519
0.95875
0.66682
0.27477
-0.20564
-0.59834
-0.86083
-0.74295
-0.36866
0.099705
0.56796
0.98858
1.2296
1.363
1.3463
1.1921
0.94462
0.60769
0.090691
-0.45337
-0.88638
-1.1442
-1.0051
-1.5777
-2.2266
-2.2375
-2.0652
-1.2631
-0.63757
0.18714
0.60183
0.90991
1.1447
1.2592
1.4087
1.1143
0.53728
-0.26065
-0.73656
-1.0026
-1.1053
-0.90723
-1.1361
-1.0751
-1.3286
-1.4176
-1.4529
-1.5013
-1.4811
-1.6541
-1.6724
-1.183
-1.2743
-1.8457
-1.648
-1.3716
-1.3054
-0.57969
0.042741
0.67932
1.3592
1.9379
2.3353
2.4904
2.4176
2.1161
1.4634
0.63349
0.18121
-0.46516
-0.98692
-0.80478
-0.63743
-0.23304
0.18687
0.46991
0.65379
0.68285
0.61363
0.47043
0.30622
0.25324
-0.18747
-0.39223
-0.39645
-0.23144
0.071022
0.34811
0.52183
0.61851
0.75221
0.78125
0.73361
0.64133
0.42404
0.087875
-0.50508
-0.83847
-1.2294
-1.5488
-2.0158
-2.2674
-2.007
-1.8875
-1.1966
-0.43752
0.56549
0.9945
1.4895
1.7959
1.7824
1.7277
1.3449
0.5308
-1.2071
-1.9333
-3.2461
-3.5402
-3.014
-2.1459
-1.4106
-0.87239
0.0228
0.7373
1.2008
1.608
1.4585
0.70133
-0.28702
-0.69955
-1.7262
-1.7147
-1.5581
-1.23
-1.0572
-0.35674
0.18468
1.3136
2.0809
2.3509
2.4221
2.2437
1.9403
1.2571
0.44696
-0.43319
-0.71586
-1.1048
-1.3006
-1.3061
-1.2023
-0.58442
-0.31456
-0.1323
0.25673
0.58637
0.82506
0.99825
1.0268
0.86094
0.61965
0.29124
-0.18469
-0.73547
-1.008
-1.0295
-0.84299
-0.51041
-0.071368
0.31503
0.59868
0.69397
0.57799
0.33855
0.033774
-0.38736
-0.87969
-1.2499
-1.4405
-1.7745
-1.7499
-1.3547
-0.65639
-0.21003
-0.13227
0.12467
-0.26573
-0.41322
-0.3983
-0.63801
-1.2012
-1.6948
-2.1559
-2.4182
-1.7442
-2.2502
-2.3978
-2.7013
-2.5794
-2.0176
-2.0798
-1.6391
-1.2996
-1.3294
-1.4095
-1.1778
-0.83852
-0.70242
-0.62301
-1.5479
-1.4956
-1.2844
-0.6806
-0.12799
0.19089
0.78202
1.3686
1.9045
2.2991
2.5092
2.4697
2.0804
1.7519
1.2357
0.53215
-0.054682
-0.4883
-0.64564
-0.51593
-0.044924
0.34376
0.61668
0.79001
0.86189
0.74167
0.46569
0.056794
-0.14212
-0.49512
-0.62408
-0.53655
-0.20923
0.24919
0.63146
0.91235
1.1042
1.2248
1.2658
1.1518
0.98365
0.66955
0.34613
-0.29398
-0.79387
-1.1579
-1.4682
-1.786
-1.9875
-2.039
-2.218
-1.8844
-0.8693
0.16601
1.4033
1.8552
2.2246
2.2383
2.0286
1.5591
0.36698
-0.77245
-1.7297
-2.846
-3.0653
-2.1663
-1.6806
-1.4154
-1.029
-1.1057
-0.83688
-0.91542
-1.0054
-1.4557
-2.0152
-2.1931
-2.2609
-2.1805
-1.3556
-0.80613
-0.74913
-0.34542
0.043636
0.50183
1.0272
1.4721
1.9391
2.1611
2.2516
1.9601
1.5079
0.99052
0.5273
0.14101
-0.13564
-0.59796
-0.99272
-1.0764
-0.93301
-0.59444
-0.13953
0.22251
0.57727
0.83003
0.86965
0.93868
0.71952
0.45636
0.29532
0.20659
0.23131
0.39818
0.58747
0.77431
0.9705
1.1524
1.2678
1.1165
0.68551
0.19269
-0.52713
-1.04
-1.4285
-1.6682
-2.1444
-2.2665
-2.1186
-1.7066
-0.44791
0.36839
1.6888
2.4286
2.8921
3.2359
3.1252
2.7631
2.1273
1.4
0.21888
-1.2735
-2.6676
-3.2661
-3.0186
-2.2607
-0.7432
0.26277
1.4117
2.4401
3.0384
3.4132
3.3777
2.9391
1.9716
0.16504
-1.1862
-1.7505
-1.8901
-1.5735
-1.361
-0.85003
-0.1541
0.6042
1.5548
2.1289
2.5317
2.7809
2.8049
2.3841
1.9947
1.5179
0.79449
-0.091178
-0.7267
-1.0506
-1.0718
-0.82379
-0.33207
-0.017325
0.37052
0.61935
0.81292
0.89275
0.80859
0.5403
0.072729
-0.28257
-0.44643
-0.66062
-0.61444
-0.3893
-0.11553
0.22948
0.48472
0.68973
0.92751
1.0576
1.0557
0.93114
0.68901
0.49236
0.17573
-0.58787
-1.0896
-1.3989
-1.8098
-2.0645
-1.9216
-1.6183
-1.5461
-0.79152
-0.085576
0.7486
1.4497
1.806
1.8228
1.4668
1.1246
0.37378
-0.55096
-1.2389
-2.3485
-2.2166
-1.522
-0.4302
0.5096
1.5526
2.2468
2.6068
2.575
2.2171
1.5225
0.5201
-0.37855
-0.94278
-1.7468
-1.2745
-0.64649
-0.61857
-0.16084
0.10891
0.46636
1.1345
1.6226
2.0272
2.2838
2.4433
2.4015
2.314
1.6877
1.0411
0.75422
0.078238
-0.45388
-1.0491
-1.2319
-1.042
-0.75082
-0.35296
0.0417
0.38962
0.62667
0.73062
0.66595
0.5491
0.2515
-0.097529
-0.46261
-0.60107
-0.58025
-0.34888
0.017056
0.36464
0.70484
0.99172
1.1298
1.0905
0.8621
0.5413
0.040322
-0.4599
-0.93529
-1.3223
-1.576
-1.7344
-1.6213
-2.0691
-1.5236
-1.0296
-0.25723
0.44011
0.97928
1.3122
1.3935
1.3987
1.2178
0.74495
0.22686
-0.44258
-1.0674
-1.9931
-2.2116
-2.5149
-2.1139
-1.3899
-0.33886
0.48594
1.0981
1.5866
1.749
1.6617
1.4508
0.64427
-0.24049
-0.97536
-1.9766
-2.1564
-1.7493
-0.86662
0.27989
0.94621
1.5354
1.9762
2.2728
2.3558
2.0655
1.3156
0.75941
0.2898
-0.40001
-0.74282
-0.96102
-0.96807
-0.79771
-0.685
-0.31601
0.091122
0.50576
0.85401
1.0726
1.1794
1.1099
0.80311
0.26984
-0.13097
-0.58284
-1.0066
-1.1191
-0.82928
-0.31378
0.20012
0.69324
1.1399
1.4239
1.4853
1.2257
0.6953
-0.0027223
-0.45484
-1.1006
-1.6783
-1.8918
-2.1009
-1.8789
-0.89145
0.25225
1.2566
1.9674
2.3715
2.1183
2.0646
1.9549
1.5253
0.71427
0.11977
-1.218
-2.6729
-2.1557
-2.3858
-2.8318
-3.452
-3.878
-4.0458
-4.1369
-3.5885
-3.1884
-2.9674
-2.6237
-2.1276
-2.1816
-1.8299
-0.9511
-1.8203
-1.9427
-1.8357
-1.1835
-0.19549
0.58294
1.2959
1.8693
2.3351
2.6345
2.7414
2.609
2.1201
1.3727
0.46715
-0.19442
-0.6408
-0.8033
-0.76705
-0.66744
-0.29808
0.11645
0.4585
0.70525
0.7828
0.72062
0.54074
0.27408
-0.046129
-0.34408
-0.54737
-0.57073
-0.45226
-0.11948
0.23166
0.53974
0.78141
0.97348
1.0341
0.98525
0.82668
0.55871
0.21327
-0.15815
-0.63123
-1.0066
-1.3968
-1.7021
-1.9682
-1.9415
-1.764
-1.0517
-0.29782
0.37361
1.3538
2.0325
2.3078
2.4918
2.1306
1.8654
1.223
0.11289
-0.8551
-2.0218
-1.9737
-1.3131
-0.78045
-0.17693
0.65307
1.0099
1.1693
1.3078
1.0665
0.80419
0.36446
-0.39624
-1.0988
-1.7903
-1.421
-1.1225
-0.9846
-0.74966
-0.10793
0.532
1.2799
1.5229
1.8479
1.9826
2.1434
1.8404
1.2373
0.59151
-0.029187
-0.51608
-1.1073
-1.3732
-1.2158
-1.0025
-0.61568
-0.43934
0.13119
0.58052
0.96084
1.19
1.253
1.1271
0.78661
0.22952
-0.34989
-0.71425
-0.79749
-0.65343
-0.30844
0.10386
0.56333
1.0134
1.3886
1.6835
1.7339
1.4941
0.99631
0.33062
-0.32636
-0.87939
-1.3745
-1.8663
-2.0881
-2.2058
-1.7059
-0.9546
-0.046604
1.3723
2.1754
2.489
2.41
1.8743
1.2241
0.32158
-0.35985
-1.4103
-3.0282
-4.3537
-5.1751
-5.0769
-3.7138
-0.84734
0.72016
1.9219
2.8113
3.3878
3.8137
3.8165
3.3722
2.1256
0.24834
-1.3496
-2.698
-2.8706
-2.2508
-1.2441
-0.88187
-0.21257
0.50887
1.3961
2.1107
2.5999
2.8636
3.0265
2.7463
2.1407
1.4044
0.64026
-0.16324
-0.74178
-0.95989
-1.0665
-0.9787
-0.58056
-0.20397
0.21428
0.6106
0.85799
0.96969
0.95654
0.75157
0.33987
0.010002
-0.23202
-0.59303
-0.75303
-0.68273
-0.44474
-0.12898
0.17141
0.47619
0.70829
0.86285
0.95039
0.85811
0.66553
0.50736
0.15071
-0.35542
-0.67727
-1.6993
-1.9881
-1.8303
-1.0045
0.019989
1.311
2.4216
3.1324
3.0148
2.7947
2.2422
1.2626
-0.0048653
-1.6416
-3.5941
-4.6529
-5.0426
-4.349
-3.2767
-1.136
0.55745
1.7105
2.3378
3.0272
3.2014
2.9236
2.3281
1.3438
0.17765
-1.2073
-2.0287
-2.4546
-1.903
-0.98549
-0.56401
-0.030783
0.62668
1.8135
2.3179
2.63
2.7641
2.6379
2.2657
1.5787
0.76643
0.037009
-0.26302
-0.96766
-1.4267
-1.4623
-1.0942
-0.39911
-0.30747
0.042262
0.376
0.59975
0.63406
0.49703
0.36628
0.33017
0.12669
-0.0099312
-0.063799
0.049052
0.33134
0.66826
0.96481
1.2231
1.4374
1.5085
1.3733
1.0872
0.70156
0.26226
-0.26739
-0.7701
-1.2415
-1.6188
-1.5994
-2.138
-2.0705
-1.7309
-1.1404
-0.12915
0.51317
0.94667
1.1145
1.1442
1.039
0.66942
0.12693
-0.48785
-1.2134
-2.0052
-2.1286
-2.4429
-2.2115
-1.638
-1.4393
-1.1787
-1.0157
-0.91487
-0.80293
-0.78056
-1.0701
-0.91879
-1.1353
-1.2711
-1.4647
-1.4759
-1.2346
-0.71078
-0.10997
0.43245
1.0298
1.6042
2.1404
2.4293
2.4503
2.5029
1.8618
1.2558
0.86326
0.36013
-0.2027
-0.46671
-0.63678
-0.76477
-0.61597
-0.33378
0.0066169
0.30648
0.54503
0.69144
0.77128
0.74765
0.52854
0.17806
-0.15214
-0.33542
-0.42835
-0.4159
-0.091506
0.26431
0.57644
0.77086
0.91151
1.0518
1.1495
1.0994
0.89685
0.62495
0.39971
-0.028881
-0.50948
-0.91692
-1.2625
-1.8026
-2.1074
-1.7726
-1.2349
-0.46942
0.0053561
0.58541
0.54634
0.80249
0.60705
0.24673
-0.49505
-1.1201
-1.8192
-2.2162
-2.6101
-2.1789
-3.5151
-3.8645
-2.8016
-1.6385
-0.73585
0.54384
1.1585
1.6353
1.6162
1.7708
1.6419
1.325
0.65949
-0.028717
-1.9965
-1.9442
-1.2048
-1.171
-0.5715
0.16019
0.60768
1.0772
1.5786
2.0056
2.273
2.3241
2.3149
1.819
1.0036
0.37201
-0.23068
-0.63998
-0.69668
-0.78794
-0.92594
-0.73668
-0.40861
-0.087823
0.13556
0.24214
0.23902
0.20478
0.29501
0.3935
0.35214
0.26977
0.28368
0.32689
0.4649
0.63116
0.85151
1.0302
1.075
0.92313
0.59017
0.16729
-0.30149
-0.76961
-1.3357
-1.6967
-1.945
-2.0427
-1.9124
-1.776
-0.92371
0.097274
0.96545
1.7404
2.2576
2.35
2.2435
1.9754
1.2522
0.29098
-0.95882
-1.8864
-2.7445
-3.551
-4.0085
-4.5412
-4.5124
-3.6612
-3.1177
-3.5064
-3.5447
-3.4809
-3.5365
-3.5814
-3.7025
-3.4956
-3.6066
-3.836
-3.8111
-3.0449
-1.9667
-0.49283
0.538
0.60881
1.2616
1.9203
2.3194
2.4774
2.2629
1.8721
1.1912
0.54423
0.11651
-0.32524
-0.92186
-0.92203
-0.78435
-0.92362
-0.59397
-0.12123
0.29925
0.66433
0.90671
0.98736
0.89734
0.58617
0.26882
-0.15297
-0.52465
-0.80684
-0.75747
-0.47516
-0.17713
0.15224
0.47286
0.76699
0.9762
1.1043
1.0762
0.90169
0.6665
0.22132
-0.22864
-0.76148
-0.62885
-0.87217
-2.384
-2.47
-2.2386
-1.9258
-1.583
-1.053
-0.79552
-0.24123
0.2294
0.34926
0.41149
0.67653
0.65731
-0.39374
-2.1666
-2.123
-2.3246
-2.3878
-2.1969
-1.6888
-1.2507
-0.48734
-0.10581
0.010926
0.22332
0.37576
-0.08099
-0.56461
-1.3125
-1.7797
-1.9721
-1.6869
-1.2851
-0.70277
-0.19477
0.34448
0.93758
1.5482
2.0541
2.4197
2.5945
2.5444
2.0587
1.3527
0.77193
0.39218
-0.1478
-0.56747
-0.8482
-0.79152
-0.47578
-0.078713
0.3075
0.60892
0.72612
0.67761
0.43668
0.066882
0.038572
-0.22521
-0.27419
-0.22774
-0.0097198
0.26148
0.51823
0.77384
0.99597
1.1696
1.2336
1.1454
0.83586
0.42486
0.12888
-0.44804
-0.79672
-1.1832
-1.5753
-2.0361
-2.2186
-2.3642
-1.9719
-1.3394
-0.083628
1.2748
2.0375
2.64
2.9042
3.0624
2.8518
2.5061
1.7134
0.45435
-0.33208
-1.599
-2.0506
-2.9473
-2.9629
-2.8135
-2.842
-2.4844
-2.1201
-1.6181
-1.2304
-0.87783
-0.7816
-0.86704
-0.65858
-0.98695
-1.1071
-1.6281
-1.2834
-0.83781
-0.31311
0.3412
1.087
1.5804
1.908
2.0351
1.9283
1.59
1.1904
0.74303
0.25169
-0.19383
-0.61829
-1.0445
-1.1556
-0.97663
-0.55056
-0.18731
0.22728
0.6075
0.92714
1.1231
1.1427
0.99188
0.73286
0.41304
-0.091786
-0.42341
-0.47453
-0.31119
0.0037314
0.42858
0.85521
1.2242
1.3998
1.2463
0.81522
0.26094
-0.30755
-0.8261
-1.3502
-1.764
-1.8583
-1.6907
-1.6679
-1.3126
-0.86335
-0.2315
0.33655
0.16954
0.30445
0.51961
0.60888
0.56931
0.37585
-0.1399
-0.16965
-0.37146
-0.77729
-1.1202
-0.5727
-0.33904
-0.44162
-0.75615
-0.56461
-0.67905
-0.96517
-1.3309
-1.6786
-1.9897
-2.0367
-2.2133
-2.2879
-2.2062
-1.6062
-1.5457
-1.2939
-0.71026
-0.070686
0.53355
1.4835
1.8737
2.2677
2.7151
2.8457
2.759
2.379
1.8604
1.0729
0.44533
-0.15752
-0.43772
-0.40198
-0.23256
0.14562
0.095472
0.37623
0.6232
0.58183
0.37121
0.18684
0.030217
-0.23403
-0.47205
-0.66325
-0.63216
-0.34672
0.049834
0.44184
0.72145
0.86071
0.92523
0.81631
0.60197
0.38309
0.08724
-0.3743
-0.85869
-1.3124
-1.6713
-1.8855
-2.0131
-1.9105
-2.0962
-1.7074
-0.69163
0.60601
1.937
3.2653
3.8039
3.8647
3.9544
3.3406
2.3761
1.2652
0.029044
-1.4041
-3.4086
-3.6912
-4.794
-3.7426
-2.8758
-1.9125
-1.5257
-0.92354
-0.187
-0.020474
0.20861
0.33237
0.15435
-0.31708
-1.1551
-1.53
-2.2355
-0.99348
-0.7316
-0.17918
0.77873
1.5218
2.1426
2.5549
2.7059
2.5661
2.1158
1.5583
0.73106
-0.0535
-0.50483
-1.1162
-1.4404
-1.4047
-0.87054
-0.57276
-0.068868
0.43925
0.75952
0.95374
1.089
1.1035
0.93886
0.57296
0.25547
-0.25069
-0.62621
-0.7539
-0.62852
-0.27128
0.05601
0.3836
0.55945
0.80677
0.99158
1.0777
1.0539
0.92143
0.73116
0.23598
-0.13038
-0.51663
-0.88657
-1.7518
-1.897
-1.7301
-1.3278
-0.38662
0.63022
1.294
1.9933
2.0278
2.0344
1.874
1.4512
0.82894
-0.079181
-1.1445
-2.094
-1.4438
-0.93116
-0.1684
0.25024
0.25407
0.33806
-0.0049747
-0.025242
-0.13996
-0.32893
-0.58433
-1.2183
-1.7755
-2.2613
-1.4433
-1.3688
-0.94475
-0.50955
-0.057253
0.41536
0.99787
1.5344
2.0097
2.3925
2.4846
2.2182
1.8967
1.3903
0.65393
0.33762
0.019924
-0.2611
-0.51995
-0.66603
-0.66147
-0.50917
-0.21558
0.22584
0.60224
0.79131
0.78052
0.72849
0.93507
0.76944
0.59194
0.46276
0.3496
0.28015
0.21523
0.25349
0.35626
0.57301
0.7471
0.76993
0.59596
0.41428
0.18934
-0.39709
-0.82629
-1.1211
-1.3593
-1.7265
-2.0219
-1.8491
-2.2965
-2.1839
-1.1759
-0.27361
0.35828
1.348
2.0048
2.445
2.46
2.0025
1.3549
0.52561
-0.56712
-1.4732
-2.9894
-3.8093
-3.8756
-3.9582
-3.6657
-2.9034
-2.4463
-1.9654
-1.7031
-1.6581
-1.4177
-1.198
-1.1263
-0.98593
-1.0632
-1.5333
-1.6739
-1.6633
-1.4948
-1.1789
-0.46664
0.24774
0.90982
1.5132
2.0189
2.3472
2.4988
2.3189
1.9443
1.1432
0.27061
-0.52037
-1.0111
-1.1652
-0.92426
-0.58662
-0.11385
0.38212
0.76221
0.99339
1.0041
0.81124
0.50182
0.22247
-0.26002
-0.6014
-0.69671
-0.52017
-0.14493
0.32316
0.71638
1.0688
1.282
1.3567
1.2644
1.0459
0.75533
0.4309
-0.12712
-0.49693
-0.86769
-1.2852
-1.6616
-1.9492
-1.9016
-1.7345
-1.5552
-1.2973
-0.50466
0.21195
0.67836
0.83328
0.84119
0.63113
0.41026
-0.0076246
-0.57331
-0.92105
-1.2653
-1.159
-1.5027
-2.656
-3.1353
-3.374
-3.5966
-3.7288
-3.625
-3.4899
-3.0826
-2.7859
-2.2999
-1.6037
-1.09
-0.43216
-0.7855
-1.3858
-1.0426
-0.42878
0.44618
0.82166
1.3839
1.7974
2.1235
2.3024
2.3695
2.1017
1.6609
1.104
0.58011
0.19957
-0.17948
-0.44018
-0.43339
-0.73315
-0.3896
-0.050923
0.30825
0.58785
0.7872
0.90506
0.87291
0.54336
0.24873
0.0010152
-0.48527
-0.8053
-0.81896
-0.58945
-0.21995
0.18705
0.53546
0.83198
1.0757
1.1844
1.0946
0.81258
0.56399
0.16966
-0.47855
-0.89165
-1.0993
-1.3787
-1.8153
-1.9353
-1.7891
-2.1056
-1.8393
-0.85913
-0.021284
1.2337
1.978
2.4265
2.6242
2.5041
2.1586
1.5544
0.72205
0.05368
-0.88339
-1.8856
-2.1311
-1.6711
-1.5849
0.0084164
1.1362
2.0956
2.7171
2.9687
2.7907
2.7044
2.3573
1.6406
0.66121
-0.18239
-1.3272
-1.6816
-1.6854
-0.53824
0.38996
1.1561
1.7393
2.1071
2.2186
2.4015
2.2105
1.6892
1.0528
0.3893
-0.40958
-0.86967
-1.1715
-1.2574
-0.95672
-0.59021
-0.13688
0.28125
0.64796
0.91023
1.0595
1.003
0.73099
0.29254
-0.23079
-0.58691
-0.86052
-0.96363
-0.82745
-0.54316
-0.18481
0.17823
0.55145
0.86929
1.0997
1.2105
1.1945
1.0788
0.94042
0.74453
0.32839
-0.13088
-0.67116
-1.1508
-1.5591
-1.748
-2.398
-1.8579
-1.053
-0.053348
1.012
2.0553
2.6265
2.9006
2.9495
2.7621
2.3339
1.5757
0.59979
-0.57578
-2.0933
-2.055
-2.0791
-3.4016
-3.8002
-2.8298
-2.0243
-0.94936
0.094544
0.90567
1.4136
1.5317
1.611
1.0051
0.21129
-0.27235
-1.2399
-2.7736
-2.1847
-0.79554
0.38271
1.1699
1.7807
2.1344
2.3266
2.2719
1.9898
1.1967
0.56142
-0.02752
-0.65809
-1.0375
-1.1239
-1.018
-0.63911
-0.61043
-0.21395
0.18392
0.57856
0.82152
0.95356
0.93554
0.73202
0.32561
-0.11755
-0.39278
-0.65693
-0.69568
-0.52453
-0.18796
0.16582
0.42961
0.66717
0.78469
0.86819
0.85773
0.77607
0.62617
0.47896
0.27551
-0.18746
-0.57554
-0.94826
-1.2671
-1.6298
-1.8737
-1.7374
-1.9813
-1.6316
-0.84616
-0.032153
0.81745
1.4661
1.9014
1.8668
1.8416
2.1741
2.0779
1.4786
0.75916
0.020094
-0.7061
-1.0264
-0.82059
-0.5899
-0.69864
-0.84562
-0.98441
-1.4475
-1.4048
-1.2194
-1.6036
-2.1012
-2.2997
-2.3362
-2.1118
-2.0037
-1.5566
-1.2741
-1.5289
-1.2704
-0.86837
-0.73314
-0.18462
0.46531
0.7946
1.2956
1.7578
2.0255
2.0888
1.9342
1.5104
1.0587
0.44333
0.11534
-0.24162
-0.70593
-0.83932
-0.83354
-0.80835
-0.30217
0.1452
0.5642
0.90226
1.1266
1.2082
1.0635
0.77784
0.42328
0.0088703
-0.24395
-0.47745
-0.46409
-0.27082
0.045948
0.35945
0.74582
1.1088
1.2845
1.1945
0.81775
0.30065
-0.2114
-0.7636
-1.1793
-1.6926
-1.9122
-2.0584
-2.0269
-1.5205
-0.74332
0.4631
1.1778
1.8658
2.2796
2.2149
2.045
1.8891
1.3138
0.87533
0.29115
-0.13502
-0.9352
-1.1862
-0.17167
-0.6303
-1.3742
-1.5346
-2.0022
-2.5755
-2.7598
-2.8347
-3.09
-2.8862
-2.6847
-2.4926
-2.4605
-2.1547
-1.166
-1.8249
-1.2041
-0.46523
0.30017
1.1427
2.1921
2.5838
2.8224
2.8562
2.6723
2.0502
1.3828
0.40807
-0.1523
-0.78645
-1.1731
-1.3865
-1.1056
-0.65254
-0.021835
0.21657
0.63591
0.93437
1.128
1.0931
0.90292
0.49689
0.14533
-0.097861
-0.4704
-0.6309
-0.4652
-0.18282
0.18277
0.51793
0.75911
0.88749
0.97422
0.90878
0.75113
0.56812
0.40505
0.089353
-0.55125
-0.94218
-1.379
-1.7789
-1.8288
-2.0968
-2.1149
-1.7249
-1.4606
-0.60009
-0.1863
0.48346
0.60933
0.50988
0.35987
-0.18899
-0.70965
-1.1866
-1.3743
-1.7133
-1.8988
-2.5859
-3.2999
-3.3834
-3.8413
-3.8071
-3.9659
-3.8448
-3.5669
-3.4501
-2.9751
-2.7608
-2.1191
-1.6793
-1.4756
-1.4212
-0.776
-0.32946
0.1997
0.82463
1.28
1.4095
1.4627
1.5763
1.5246
1.2813
1.3388
1.2367
1.3084
1.5188
1.7814
1.7831
1.8374
1.6968
1.2074
0.63593
0.31487
0.13817
-0.13035
-0.40331
-0.60887
-0.85339
-1.0189
-1.091
-1.085
-1.0918
-1.0666
-1.0005
-0.90866
-0.78121
-0.64037
-0.50442
-0.38533
-0.28643
-0.20419
-0.13196
-0.10272
-0.18341
-0.30068
-0.40961
-0.49781
-0.58046
-0.59982
-0.5864
-0.46518
0.13243
0.2662
0.62177
0.93679
1.1837
1.2714
1.5503
1.4955
1.4207
1.1636
0.56565
0.17338
-0.44759
-0.88215
-0.74865
-1.0593
-0.84711
-0.52849
-0.43481
0.20838
0.86857
1.218
1.4889
1.2334
0.55482
-0.11813
-1.0167
-1.6221
-1.7645
-1.9464
-1.9569
-1.9257
-2.0469
-1.7101
-1.582
-1.1715
-0.73304
-0.28846
0.21743
0.75212
1.3458
1.8503
2.2279
2.3028
2.0629
1.5443
0.8982
0.24757
-0.25017
-0.61871
-0.81252
-0.87272
-0.85884
-0.66639
-0.37622
-0.0039615
0.34529
0.62477
0.82596
0.93202
0.92889
0.83275
0.61595
0.4593
0.36803
0.21825
0.30635
0.63459
0.97602
1.315
1.6062
1.7349
1.7356
1.6111
1.4101
1.1397
0.72804
0.35216
-0.19018
-0.8387
-1.1771
-1.6236
-1.9822
-2.3604
-2.2168
-1.3576
-1.7836
-1.4598
-1.0237
-0.40039
-0.21181
-0.3147
-0.58189
-0.79217
-1.0196
-1.1483
-1.3107
-1.5367
-1.4003
-1.4676
-2.495
-2.6772
-3.4039
-3.2452
-2.2566
-1.3144
-0.43366
0.26384
0.76259
1.1817
1.138
1.0569
0.81151
0.46699
-0.13776
-1.4056
-2.249
-1.8573
-0.93043
-0.60814
-0.16883
0.26405
0.66268
1.0413
1.6858
2.3044
2.6819
2.8764
2.6369
2.1572
1.7199
1.1623
0.53222
-0.022818
-0.37461
-0.75735
-0.99053
-0.95339
-0.61824
-0.32854
0.028174
0.34733
0.56296
0.58773
0.59243
0.39594
0.18104
-0.20087
-0.69239
-1.3888
-1.4527
-1.3487
-0.93777
-0.20748
0.51947
1.1423
1.609
1.9376
2.173
2.1742
2.0541
1.5697
0.86437
0.042777
-0.35571
-0.82424
-1.1128
-1.2782
-1.4529
-1.4864
-1.4528
-1.3611
-1.2778
-1.1549
-1.0666
-0.9786
-0.93715
-0.8696
-0.75714
-0.58142
-0.4225
-0.19092
0.070774
0.35935
0.63306
0.86479
1.026
1.1229
1.1492
1.1879
1.163
1.1494
1.0922
0.97986
0.81328
0.63094
0.40018
0.19235
-0.016308
-0.19883
-0.35609
-0.46595
-0.55516
-0.58782
-0.58949
-0.52558
-0.44129
-0.38348
-0.31681
-0.25284
-0.20096
-0.14113
-0.10865
-0.043149
0.068977
0.16484
0.23
0.27135
0.30515
0.34115
0.35614
0.32879
0.28828
0.20962
0.097504
-0.004091
-0.066835
-0.089542
-0.057978
-0.037361
-0.011038
0.0033119
0.0086813
0.0020691
-0.01327
-0.021841
-0.033752
-0.056737
-0.057391
-0.03503
0.0049864
0.05689
0.10241
0.12098
0.12046
0.089893
0.060572
0.037853
0.021159
0.020769
0.030591
0.0445
0.060296
0.06321
0.066967
0.073918
0.058897
0.026944
0.00073143
-0.020457
-0.021158
-0.0189
-0.0161
-0.0076423
0.0029729
0.029184
0.056134
0.071356
0.07861
0.089324
0.09107
0.088158
0.081266
0.073741
0.060979
0.053375
0.058944
0.055438
0.056969
0.059984
0.070077
0.06304
0.051209
0.043001
0.026695
0.015485
0.013201
0.0077424
-0.0015406
-0.007924
-0.00031042
0.018169
0.034886
0.040467
0.048611
0.054542
0.066515
0.073891
0.070202
0.069105
0.070207
0.070073
0.05852
0.035363
0.020481
0.014778
0.010272
0.0005872
-0.012288
-0.0096995
0.00084323
0.010285
0.014306
0.014394
0.022089
0.039354
0.044661
0.042637
0.042026
0.04139
0.053171
0.059332
0.053228
0.044116
0.038769
0.0366
0.037632
0.033188
0.027009
0.02187
0.023796
0.029352
0.032263
0.029234
0.037173
0.046581
0.051932
0.048071
0.044719
0.046793
0.062655
0.071964
0.068982
0.05524
0.047349
0.039626
0.039015
0.029345
0.018822
0.016955
0.022521
0.032832
0.031514
0.038299
0.060042
0.077631
0.075081
0.051882
0.037606
0.033742
0.046818
0.042417
0.024615
0.019679
0.022228
0.037463
0.034808
0.026757
0.029515
0.032169
0.034508
0.030578
0.027853
0.037047
0.04572
0.05178
0.049384
0.048808
0.049101
0.050344
0.052714
0.044914
0.031986
0.022206
0.019707
0.023584
0.02245
0.020747
0.021672
0.03107
0.03276
0.028562
0.022859
0.019358
0.025854
0.027166
0.017969
0.010315
0.012286
0.034056
0.040421
0.038552
0.038168
0.034128
0.034949
0.04014
0.038713
0.030657
0.036355
0.041647
0.050305
0.049024
0.047614
0.049912
0.045739
0.039637
0.027068
0.010976
0.0088782
0.010391
0.015925
0.015542
0.019263
0.018985
0.035633
0.041827
0.039661
0.033896
0.030777
0.030075
0.032071
0.02808
0.02644
0.029989
0.041265
0.048166
0.047725
0.046677
0.049574
0.051581
0.053942
0.047875
0.033881
0.027601
0.027023
0.031265
0.027736
0.021869
0.0097486
0.011334
0.012496
0.0093934
0.00022073
0.0035921
0.017392
0.026664
0.028036
0.032547
0.037049
0.051758
0.056921
0.052795
0.046106
0.056687
0.05242
0.043855
0.031038
0.028093
0.019061
0.014795
0.022674
0.019595
0.0034352
0.00027027
0.0031665
0.0087694
0.01937
0.027702
0.020406
0.024248
0.032789
0.034423
0.027226
0.034571
0.051273
0.05467
0.051968
0.049037
0.046884
0.046513
0.04893
0.055141
0.066149
