0.60889
-0.68772
-0.63573
2.8361
0.70145
3.5439
7.4488
0.17476
0.24548
0.20655
0.1518
0.35878
-0.67245
0.16017
0.10566
-0.19827
-0.14515
0.39927
0.17245
0.049389
-0.022912
-0.27176
-0.47423
-0.18977
-0.17556
-0.27033
0.91276
-0.57375
-0.27345
0.49609
0.30761
0.21609
-0.028969
0.56165
0.25804
-0.0022284
0.22969
-0.44018
-1.0061
-0.70655
-0.61382
0.51434
-1.8563
0.71933
-0.6728
-1.066
-25.81
5.9185
-1.0285
3.8653
19.232
12.579
-1.885
6.4597
1.8536
8.5656
8.3517
15.279
-1.6039
6.3597
6.3827
-1.9085
-0.30439
-2.4732
-4.649
5.6527
0.066216
-2.8437
-2.9155
-0.76447
6.1663
-0.71685
5.6767
-1.13
-2.7952
6.0092
5.8584
-0.28961
-5.3851
1.0959
-0.30001
-0.33154
-0.054209
0.083475
-0.11366
0.49555
-0.13557
0.29224
0.4633
0.39571
-0.31588
-0.17747
-0.27782
-0.074749
0.72912
1.3482
1.8258
-0.63871
-2.99
1.7304
1.2645
0.32041
-0.058095
-0.19359
0.89955
-1.1385
-1.5822
-0.71128
-1.1693
-1.9713
-0.36494
-2.2624
-0.97536
4.3353
-14.003
15.408
-12.494
-12.489
16.14
7.9162
-9.3399
10.348
5.2116
16.782
-3.7208
-3.1117
12.565
-6.7954
-6.8978
2.4298
11.513
-8.1247
3.6294
0.54625
0.87339
-2.2307
-0.42851
-3.51
-3.476
1.9175
4.2509
4.2808
-1.8412
3.0589
4.258
-0.58892
-4.7439
-0.20381
0.14431
-0.14583
0.18839
-0.25735
-0.042736
-0.18947
0.02079
0.050083
-0.19576
0.25684
0.36281
-0.69354
0.6946
-0.4972
-0.60239
0.40309
-0.13188
0.56222
0.89784
1.1179
-3.8723
0.91366
-0.5031
-0.37775
0.43499
0.14288
0.83277
0.58437
0.31438
0.066779
-1.0026
-0.28661
-0.43802
-1.718
1.4825
-17.66
-13.101
12.912
8.5248
8.3822
5.7068
14.159
14.13
20.614
20.665
-5.6589
-7.9606
16.076
4.6691
-4.412
2.7603
1.8615
3.1129
-0.96639
3.497
1.8177
1.9964
-2.6787
0.051631
-2.2924
-2.8503
4.3023
-3.3775
6.1467
-1.4842
2.8022
1.188
-0.92874
1.8035
0.23734
-0.073048
0.17245
0.13249
0.011532
0.56612
0.18831
-0.66791
-0.34286
-0.028341
-0.15912
0.070972
0.15486
-0.42396
-0.27409
0.39836
-0.074141
-0.11011
-0.023396
-0.38079
0.73293
0.86418
0.8075
-2.7254
1.3921
1.7809
0.43268
-0.02353
0.028447
0.48918
0.35835
-0.10293
-1.1851
-0.52384
-0.55305
-0.05489
0.0036507
0.18688
0.080897
0.00095173
-16.977
3.5685
22.657
22.544
-5.0495
12.039
-7.5678
13.081
12.922
4.8715
21.671
-12.542
-9.9868
17.769
17.986
-9.861
7.636
-0.88412
-1.1008
-0.43311
0.024723
3.6242
-2.4587
-1.185
-0.831
0.035255
-0.86104
-0.43941
-4.0369
-0.030826
1.4984
0.90138
1.2424
1.7976
1.7851
-1.4356
0.81935
0.32399
0.76512
0.65502
-0.33793
0.22045
-0.038109
-0.42803
-0.50673
0.12424
0.16789
0.045015
0.31182
0.31871
-0.17358
-0.20327
-0.15453
-0.52712
0.45305
-0.013804
-0.53912
1.2132
0.12905
0.37928
-1.1448
1.6773
0.85294
0.53707
-0.07067
0.23173
-0.3449
0.52034
-0.014843
-0.14879
-0.43959
-0.78445
-0.5975
-0.73586
-0.66721
0.62634
-2.1879
-0.6202
-0.29269
1.609
1.1952
1.0858
-1.4183
-0.30621
-2.9266
-3.1392
5.3101
4.2072
1.1074
1.2029
-4.4227
10.708
11.481
-1.323
-1.3594
1.8561
-0.81886
-0.79889
-1.3158
-1.0315
-0.68133
0.41338
-0.88296
-1.2283
-2.8069
-1.2797
-0.51042
1.5012
1.6374
2.5217
6.2866
-10.632
7.0787
-5.9253
-6.0252
0.4524
-0.052488
-0.23869
0.14776
-0.034148
0.0063234
0.37368
-0.053366
-0.33099
0.17017
0.24335
0.0079581
0.15486
0.33448
-0.19185
0.00050606
-0.52009
0.078449
1.391
-1.0046
-0.5424
2.4587
0.73512
0.27412
0.029978
-0.076864
0.65206
0.66528
0.2528
0.084883
-0.40894
-0.29498
-0.90245
-0.84792
0.061285
-1.4765
-1.4682
1.2142
-0.095426
1.4288
-9.7516
-17.966
-3.9951
-16.016
12.818
9.3085
27.136
-1.063
9.2003
-3.563
21.245
-0.03271
22.511
-14.783
-14.544
-1.6553
-2.2659
0.82485
-0.28992
-0.69881
-0.66558
0.35453
-0.52744
-6.048
0.72006
0.70686
0.14185
4.1338
5.8867
6.0463
6.0528
-1.7679
0.86574
-3.0159
-4.2183
-4.2852
0.53513
0.33151
-0.15943
0.33182
-0.077575
-0.002366
0.30353
-0.49324
0.048725
0.16867
-0.56212
0.16471
-0.20184
0.47344
0.4312
-0.35618
-0.36564
-0.35074
-0.27682
-2.0547
-1.8175
0.72562
0.20611
0.30501
-1.125
-1.0907
0.46257
0.68935
-0.092219
0.3567
0.08026
-1.0429
-0.97935
-0.56881
-0.44795
1.3425
1.4954
-0.32925
0.19875
0.87821
-21.286
-21.311
-21.969
-4.7791
-4.878
10.059
15.998
4.9622
10.122
3.7151
3.4957
18.415
10.631
17.537
-5.7509
-2.4033
1.6931
1.4179
1.1155
-0.82523
-0.25713
0.050989
0.21159
-0.40662
-0.91016
-2.5135
-6.1431
1.322
1.5011
-0.59653
-0.34522
1.6866
2.5776
2.547
-0.21581
0.37486
0.10712
-0.037401
0.10428
-0.35708
0.4448
0.13965
0.22181
-0.44145
-0.15909
-0.55236
-0.465
0.025591
-0.32038
0.20897
0.10496
-0.358
-0.4644
-0.3172
-0.10667
1.4092
-1.7759
1.8718
1.8021
0.67349
0.18985
0.0095336
0.25696
0.24862
0.20955
-0.052072
-0.078532
-0.33535
-0.48246
-0.60921
-0.9278
-0.89818
-1.6457
-1.4643
-0.60849
-0.14575
-0.22188
-24.829
-11.725
-11.873
-16.49
-9.1978
16.392
16.934
16.855
9.3759
-9.1243
26.709
26.768
-3.8266
15.03
-5.7584
7.3297
1.6219
-0.11664
1.5183
-0.78744
-0.24993
-0.35301
-0.44168
-0.57302
-1.9225
-0.7439
-0.69682
1.3971
1.5961
0.54355
3.9463
4.1185
1.3355
1.2316
-1.3943
0.071199
0.21746
0.20362
-0.25798
-0.083777
0.12866
0.40104
0.020576
-0.023679
0.02853
-0.071232
-0.39052
0.26892
0.3214
-0.34828
-0.017447
-0.083836
0.28714
-0.18842
0.0062081
1.4656
0.56686
0.090877
1.1592
0.070929
0.14664
0.36777
-0.20401
0.24956
0.29604
-0.18988
-0.10131
-0.59633
-0.79916
-0.97327
-0.73583
-0.50609
0.30018
0.33871
-1.6104
4.8187
-5.3502
5.1188
17.024
-23.259
8.6142
19.087
-6.7275
9.2675
-2.7382
2.4449
1.2116
1.1429
-3.1993
-2.5602
12.931
-9.2291
-9.1387
1.0915
-5.4952
-0.84339
0.88906
-0.35682
-0.42116
-1.408
-3.3904
1.0215
1.1893
0.89629
1.9052
1.9037
8.607
0.85238
0.80543
-0.62179
-5.622
-0.27787
0.39465
-0.097135
-0.08003
0.18254
0.24882
0.078766
0.06713
-0.48808
0.066223
-0.17228
0.63657
-0.27963
-0.46549
-0.11899
-0.51057
-0.041871
-0.31154
0.28317
1.8662
-0.90622
-1.8965
-1.9898
2.0342
0.59316
0.24869
0.62257
-0.29319
-0.27156
0.18296
0.74501
-0.11587
-0.16925
-0.23545
-0.58273
-0.624
0.45425
-0.83255
-2.8833
1.6791
-1.672
-19.684
-19.508
-11.565
13.562
-26.204
6.2602
6.2676
-12.163
20.228
-6.5855
0.581
-0.80711
-1.0497
15.84
15.926
-11.764
-1.092
0.23149
0.0032838
-0.38877
0.24462
-0.56426
-0.29448
-0.14945
0.51051
-2.5721
-3.6031
-0.28851
-0.15508
-0.27404
0.69799
6.135
2.4275
2.405
-1.3925
1.5007
-6.5085
-0.33776
-0.003299
-0.033511
-0.070089
0.19235
0.28673
-0.09195
-0.17914
-0.29497
-0.13383
0.16662
0.39689
0.072776
0.1887
0.18461
0.065791
-0.66032
-0.02918
0.38417
-0.33281
-2.4098
0.72641
0.88685
0.46861
-0.74577
0.58643
0.62023
0.28597
0.55804
0.23227
-0.52455
-1.1356
-1.3044
-1.2131
-0.15985
-0.87604
-1.0045
-0.76332
-0.29874
3.2009
-25.321
-7.4316
11.471
-19.534
12.596
4.3132
18.193
-1.3688
5.1002
1.5564
21.821
1.2396
1.2957
30.232
-15.375
-13.515
27.596
27.516
0.90579
-0.24094
-0.40389
-0.056424
-0.90997
-0.45324
-0.39881
0.097688
-2.6807
-3.7334
-0.0067536
2.2914
-2.1308
5.1138
-0.8591
1.2196
-3.0708
-3.219
-4.0431
-0.73019
0.13136
-0.14033
-0.033212
0.0013529
0.07902
-0.12043
-0.40433
0.001512
0.04717
0.13633
0.17074
0.77347
0.31094
0.21119
-0.27221
-0.17518
0.18993
0.10899
1.3637
-0.20786
1.6036
0.55474
0.55749
0.42193
-0.20241
0.0097586
-0.16213
0.22552
-0.025876
-0.62923
-0.50114
-0.87701
-1.1257
-1.0351
0.53999
-1.7577
-0.953
-0.022132
1.4599
-19.218
11.655
-1.1426
-1.6317
-11.225
-11.191
10.032
-0.12871
0.94094
19.124
-5.9569
3.6704
-0.45275
-5.6883
-1.1875
-1.2621
0.35472
0.18025
-0.37325
-0.52309
-0.31065
-0.038791
-0.095841
0.13094
-0.42002
-4.107
-1.6504
1.1009
2.1893
-0.77111
3.792
4.2534
-0.035179
0.9744
5.869
0.71269
-0.22063
-0.26054
0.288
-0.54757
0.64844
-0.3589
0.36357
-0.062018
-0.046406
0.035791
-0.1528
-0.24877
-0.039536
0.36521
-0.15865
0.75589
-0.13752
-0.27304
-0.13247
1.1473
-0.40551
0.72902
0.77921
1.3429
1.0186
-1.1963
0.54781
0.59336
0.33907
-0.22664
0.31164
-0.34024
-1.0448
-0.49863
-0.75286
-1.2004
-0.96375
-1.6398
-1.1965
0.84783
1.0976
-6.7911
13.973
-4.0373
5.9558
8.7747
-10.877
15.927
15.886
8.5135
24.01
6.3179
20.318
0.040201
3.8324
0.45605
4.4612
-6.4301
-0.66018
-0.9916
-0.79591
-0.63581
0.17942
0.075782
0.080582
-0.45895
-2.817
-0.57061
0.54967
-0.041324
0.090163
2.3325
3.9683
1.9072
0.73321
-0.39928
-0.0067877
-6.4267
-0.17387
0.4864
-0.014507
-0.45437
0.29797
0.29519
-0.17456
-0.26773
0.26316
-0.42538
-0.42483
0.21305
-0.45695
0.39505
-0.36644
-0.058398
-0.77003
0.017684
0.4257
1.2537
-0.96777
1.1501
0.98638
0.57318
0.49587
-0.87123
0.78128
0.89436
0.95074
0.016164
-0.45798
-0.86857
0.025648
-0.24283
-1.6102
0.32403
0.61422
-0.82119
-1.0066
-14.283
-15.534
-15.666
-11.807
6.7184
-2.2912
20.69
-15.198
-15.21
19.957
2.1577
-6.1202
16.968
-17.677
-9.5475
3.6321
1.5839
0.00033846
-0.29924
0.13817
-0.66658
0.41938
-0.22889
0.0020063
-0.035005
-1.1039
-2.6942
-2.1874
2.0154
-1.874
4.3913
4.4005
5.0094
2.8044
-0.54824
-5.5245
0.12817
0.17883
0.091518
0.043662
-0.093003
-0.0061361
0.26087
-0.47343
-0.51417
-0.014522
-0.03876
-0.28495
-0.21556
0.26907
0.10054
-0.035406
-0.50595
-0.2224
0.10985
-0.47041
-0.28105
-2.0549
2.0528
0.72868
0.79035
0.8178
-0.14705
-1.0136
0.033059
-0.034827
-0.053791
0.38719
-0.075007
-0.59914
-0.92924
-0.44882
-0.2895
0.28369
-0.68128
-0.072642
-0.2258
5.8069
-20.658
-16.285
4.4022
-25.089
16.599
-5.6283
-9.209
20.691
12.768
19.679
-11.751
20.5
-1.2017
-1.8716
-1.2623
-0.37049
-0.37814
0.060736
-0.15129
-0.70239
0.10548
-0.41475
0.19529
0.15162
-0.62617
-2.1491
-4.4669
2.2984
-2.0409
-1.8487
2.5014
1.2304
-4.9718
-5.044
-3.495
-0.3129
-0.17307
-0.060497
-0.099422
0.17317
0.10155
-0.056987
-0.24173
-0.093461
0.010523
-0.22704
0.20422
-0.15836
-0.24854
-0.52692
0.45083
-0.10156
0.24267
-0.17979
0.45284
-1.8292
-1.3807
1.7767
0.087995
0.071599
-0.51953
0.80335
-0.090489
-0.056877
-0.10125
-1.5567
0.63348
-2.0119
-0.32069
0.11238
0.17432
0.097428
0.123
0.35036
0.63771
-1.444
-22.487
1.2376
6.0533
5.9242
-3.9021
7.4083
-13.416
28.962
28.866
0.74422
2.0068
26.67
-2.8757
-2.3975
16.774
9.1866
6.0759
4.8968
0.30556
-0.51892
-0.27095
-0.28521
-0.00053358
-1.4127
-1.5031
-3.1579
-0.32127
3.3803
-0.58511
-0.49368
4.2739
-1.0784
-1.4187
0.99254
-4.5486
-4.6089
-0.35531
0.10051
0.076884
0.15134
0.15303
-0.12432
-0.19343
-0.50477
0.13666
0.23823
0.43303
-0.16027
-0.15058
0.33256
0.21856
-0.11965
-0.29643
-0.36271
1.0206
-1.5381
-1.412
-0.012908
0.79386
0.55825
0.26345
0.24334
-0.0092887
0.20769
0.084819
0.072703
-0.091324
-0.66927
-0.61861
-1.0747
-0.66491
-0.55714
-1.5593
-0.64024
-1.7598
-0.17617
3.8552
3.8756
-14.065
-8.5732
8.6288
-3.8687
3.801
0.18562
22.582
-6.9188
-1.2953
-1.3912
22.194
-10.317
-10.718
-3.4373
0.71037
-0.37001
-0.8227
-0.8221
-0.53773
-0.71606
0.17313
-0.34437
-0.42124
-0.14111
-2.0301
1.9732
0.8646
4.06
-0.492
5.7852
2.9958
-0.80997
0.60969
1.82
-0.054495
-0.041056
0.26224
-0.066918
0.57158
-0.088015
-0.12648
-0.55597
0.6539
-0.3683
0.16912
0.13573
-0.37128
0.23885
-0.20426
0.042354
-0.54102
-0.27412
0.24937
-0.15451
-0.05947
0.20298
0.94999
2.4789
-1.2122
0.86981
0.010881
-0.021108
0.047041
0.27704
-0.14109
-0.3746
-0.75053
-0.67567
-1.0246
0.066891
-2.2352
-0.37036
0.22669
-0.68096
6.1502
-17.408
11.041
3.0169
-22.438
17.227
18.939
-14.473
19.731
10.351
0.90666
4.42
16.062
-7.5557
8.1079
0.84418
2.2566
-1.252
-5.559
3.0282
1.1498
0.60339
0.58914
-0.21517
-0.67005
0.63294
-0.37839
-0.10626
0.75088
-0.77756
-2.739
-0.49966
1.6475
0.70594
-5.9797
-0.45163
-1.8047
-0.56136
0.32011
-0.21405
-0.092317
0.17519
0.29273
-0.26972
0.15956
-0.11086
0.2193
-0.3197
-0.07969
-0.024332
0.032604
-0.081716
-0.43439
-0.35008
0.2496
-0.30438
-0.22779
-0.10213
0.94189
1.3215
-0.63756
-1.0113
0.7458
0.43152
0.23389
-0.07565
-0.13014
0.39082
-0.30306
0.11778
-0.83682
-0.67578
-0.39707
-1.5344
-0.83807
-0.49367
-0.27764
3.4059
-19.37
-18.109
10.08
-18.845
25.749
-1.9899
31.335
-2.199
19.593
-7.3854
27.756
0.64253
0.41782
15.744
-0.436
-3.6502
-1.4017
10.316
5.9078
1.1298
0.50097
0.6394
0.27726
0.25528
-0.28564
-3.7342
1.987
1.5519
-1.0676
4.611
5.4108
0.31195
-0.16972
3.6613
-7.1277
-0.33868
-0.02041
-0.094595
-0.18766
0.095944
0.51722
-0.5916
-0.007411
-0.14712
0.12074
-0.24142
-0.063363
0.75594
0.30391
-0.082402
0.050594
-0.70269
-0.71605
-0.10756
-0.16186
0.50782
0.34722
0.95403
0.92614
-0.69107
0.37009
0.065922
0.89577
0.045111
0.015658
-0.24033
-0.42069
-1.1489
-0.74831
-0.4357
-0.19914
1.3341
-1.0516
-1.9848
-6.2392
-19.111
18.087
-4.8171
11.614
11.668
17.424
-2.6662
14.493
15.694
3.2415
2.6413
26.463
2.5537
13.387
7.3866
-3.3834
16.551
-0.10322
-0.12951
-1.7209
-1.2756
-0.91825
-1.0074
-0.65929
-0.148
-0.50801
1.0935
-0.65607
2.4403
0.097325
1.4703
1.5577
-0.23643
1.2784
-0.55355
-0.14628
0.70198
0.24783
0.18979
0.0011129
-0.1405
0.12789
-0.064026
-0.23454
-0.22882
-0.057977
-0.18114
-0.1801
0.26306
-0.069183
-0.34263
-0.083421
0.64635
0.62323
-0.069168
0.0050281
-0.12901
0.55258
1.8276
0.13332
0.87947
0.26975
-0.03344
0.25021
-0.17581
-0.257
-0.11604
-0.65009
-0.65053
-0.68768
-0.14366
-0.78988
1.6354
-1.0136
-2.0377
-1.8895
5.8652
-15.921
3.7605
1.2607
16.216
1.3038
-0.49702
3.7331
9.7935
4.0233
11.446
19.074
7.0627
-19.487
12.174
-8.7971
10.061
-1.4592
-0.40515
-0.84867
-0.81309
-2.3936
-1.2478
-0.85118
-0.052896
-1.9784
-0.95773
-0.619
1.6274
1.7849
1.7685
4.7688
-7.6957
-0.12368
-0.59363
0.054049
-0.20044
0.14352
0.053749
0.018318
-0.26418
0.44497
-0.12387
0.039652
-0.1437
0.1318
0.12521
0.29441
-0.27528
-0.32804
0.18398
-0.15771
0.2666
-0.010866
-0.056288
0.3251
0.33789
0.79656
-1.3594
-1.304
0.87542
0.89948
0.54293
0.37257
-0.36644
-0.35861
0.35294
-0.1819
-0.20993
-0.39736
-0.86644
0.2364
-2.2578
-0.42916
-1.4981
-2.7666
4.5532
4.6856
-19.481
7.8686
-3.0612
-8.4371
-5.4852
24.35
-17.127
16.752
-9.4397
-9.6743
6.2199
23.691
-16.698
17.114
17.278
-8.9812
-6.0328
1.6098
-1.1513
-1.6101
-1.7819
-1.4358
-0.58589
-0.28247
0.14029
-0.14201
-1.1687
-3.3178
0.64262
1.7551
2.2529
-4.9013
0.21599
-0.45152
-0.49607
0.034078
-0.24739
-0.083995
0.21637
-0.11184
0.41484
0.39948
-0.27989
-0.25262
-0.11804
-0.049167
0.1787
0.23829
-0.041494
-0.097443
-0.33071
-0.079597
-0.37575
-0.04598
-0.18878
-0.12594
0.063607
0.59626
2.7231
-2.3098
1.7229
1.7421
1.5537
0.42506
0.41666
-0.49981
0.78545
1.0492
-0.62938
0.61503
-0.74894
-1.0132
-0.52062
-0.71772
0.17923
0.40622
-1.1783
5.083
-26.493
11.691
20.122
20.071
6.496
1.0789
27.037
17.197
-3.6953
6.0653
23.457
-0.2081
-8.0006
19.452
-2.6933
5.265
-4.5418
1.0544
0.71833
0.2585
-1.1729
-0.91849
-0.054109
0.03968
0.0046078
-0.045705
0.24224
-0.51944
-1.3789
-1.2292
-1.6523
0.90757
5.7469
3.3958
7.3166
-5.5196
-5.6347
1.145
0.44777
0.43929
-0.1166
-0.10614
0.12209
0.67959
-0.73718
0.11978
0.030789
0.24292
0.23389
-0.40768
-0.11772
0.054864
0.29912
0.068783
-0.31831
-0.20816
1.0019
0.93058
-1.316
-1.3826
0.95769
0.68866
0.045395
-0.010279
0.017797
0.4517
-0.075624
-0.34156
-0.26254
-0.70453
-0.78834
-0.73756
-0.39867
-1.4199
-1.1505
2.2291
-0.38362
-1.5392
-24.413
-24.438
-2.6961
-2.7909
5.0302
28.694
28.701
14.502
4.6408
15.813
-0.91021
5.9562
24.592
4.9111
16.609
11.463
-12.915
6.55
1.8216
-1.2252
-1.541
-0.58043
0.30021
-0.098711
0.029875
-0.28234
-1.1445
-0.14964
-2.5871
1.9983
2.0281
3.137
5.5583
-2.1606
-2.4003
-6.1034
-0.87181
0.34245
-0.49523
-0.15837
0.061774
-0.036081
-0.062745
-0.089234
-0.15252
-0.25412
0.25
0.32077
0.33104
-0.23196
0.55692
0.2215
-0.45607
-0.5257
-0.14784
0.42532
-0.012658
-0.11288
0.41193
0.43981
-0.54004
-2.5953
0.32297
0.69586
-0.15515
0.40741
-0.23536
0.39002
0.30401
-0.31582
-0.65116
-0.81073
-0.97367
-0.78586
-0.53339
-1.0135
0.5793
-0.47805
-2.0495
-15.509
-9.2986
3.6816
11.47
-12.487
28.146
12.514
6.9843
12.236
-2.4628
6.4298
25.617
-8.3221
11.149
2.3957
6.84
14.189
7.9283
-3.1644
0.57274
-1.0873
-0.24033
-0.21888
0.047037
0.13036
0.2372
-3.3066
-0.75243
-2.5459
3.8465
2.4983
3.4908
-0.30775
-1.1
0.70162
0.2734
-0.077016
-0.24245
-0.12351
0.016207
0.10903
0.27942
0.065773
-0.29352
0.26805
-0.14924
-0.089101
-0.12554
-0.35854
-0.57257
0.64237
-0.60231
-0.047322
0.27489
0.037624
-0.050572
0.32425
0.47589
1.2711
2.2471
-2.0288
0.62315
1.9288
0.5427
0.061016
-0.45031
-0.25517
0.63709
-0.51545
0.10963
-0.75064
-0.52444
-0.79332
0.65295
-0.5637
-0.68459
-1.6604
6.1299
13.173
-13.715
12.81
23.336
25.156
-12.955
2.7294
5.5309
0.029886
8.0103
-2.8128
-7.5306
-8.5616
6.4931
5.4912
-8.2987
-1.01
-0.39858
-0.41447
-0.24806
-0.45271
-0.33682
0.28411
-0.0019002
-0.19156
0.33664
-0.52623
-3.2126
-0.38943
-1.512
5.6727
-0.73683
6.8856
-1.9468
0.59426
0.21016
-0.20324
-0.15435
-0.17345
0.55663
-0.47289
-0.41874
0.1135
0.2443
-0.22965
-0.19652
0.21187
-0.073353
-0.065449
-0.13153
-0.56367
0.13256
-0.2202
-0.13196
0.29988
0.57859
1.8366
1.0696
-2.3526
1.2748
1.7626
-0.037404
0.01401
0.45879
-0.21627
0.35929
0.10972
-0.27166
-0.74477
-1.5245
-0.79087
-0.71224
-0.48733
0.55735
-1.6902
0.846
0.27627
-0.29413
-2.956
-27.316
10.986
9.6665
3.2774
-1.358
2.3606
4.0605
-5.9624
1.1599
5.3178
-0.2532
20.313
8.5813
-12.071
1.4915
-0.40267
-1.7355
-0.8345
0.25044
0.0016356
-0.14842
0.26144
-0.54318
-1.5183
-0.88586
1.6469
1.2175
2.9961
4.1339
6.852
1.4418
-5.1547
-0.67702
0.12565
0.35407
0.019216
-0.17435
-0.038179
-0.0045835
0.19756
0.44724
0.60958
0.1913
0.4129
-0.0065124
-0.72357
0.87427
-0.14217
0.31589
-0.033612
-0.38087
-0.19693
0.14858
2.8042
-0.86874
0.98714
0.85849
0.045824
0.51085
0.076301
0.30359
0.33763
0.24483
-0.38416
-0.019275
-0.23068
-0.60584
-0.72842
-0.61294
-0.33358
-2.5728
2.5079
-0.20289
3.147
-13.679
-23.127
-23.254
12.489
-12.472
-12.474
17.576
4.2068
13.664
2.2167
11.605
11.539
22.438
-8.8191
-1.593
-0.41866
-0.29371
-5.9718
8.1167
0.37755
-0.17473
-0.1225
0.21497
-1.5086
-2.1434
-3.25
-3.1442
0.61039
-0.11318
4.1949
1.1484
5.0292
4.956
-1.509
-2.8641
-0.62772
-0.31477
-0.0036072
-0.27051
0.13806
-0.062644
0.038083
-0.35927
0.16384
-0.49751
0.12786
0.040608
-0.40387
-0.41282
0.24552
0.20753
0.095045
-0.028471
-0.53411
0.14623
-0.077118
0.084104
0.74135
-1.523
-1.4263
1.5232
1.3763
0.42324
0.95271
-0.85864
0.44881
-0.041724
0.30632
-0.19762
-0.64085
-0.7567
-1.7484
-1.6789
1.751
-1.367
-24.298
1.8059
1.8136
11.816
23.701
-2.6682
5.3231
5.3112
1.8436
-0.79786
14.036
-0.035789
15.98
16.071
0.027653
21.409
-3.0406
2.7195
8.3649
-1.3664
0.30081
-0.29083
-0.6885
-0.46177
-0.12151
-0.96598
-0.47905
0.031222
-0.065465
-1.3077
-1.3996
-2.1181
-0.84861
3.012
3.3813
-0.47227
1.9183
-1.3565
-1.0737
-0.23215
0.1914
0.16388
0.045476
-0.28592
0.11392
0.036173
-0.14697
-0.30725
-0.66649
-0.54644
0.60021
0.09529
0.25643
-0.20602
0.10719
0.19028
-0.1021
-0.052255
0.56451
1.1719
1.6923
-1.0091
1.214
0.98792
0.93155
0.18891
-0.17363
0.20004
0.59143
0.30352
0.010988
-0.47144
-0.75037
-0.8506
-0.76685
-0.56772
0.86179
-1.5431
-1.2843
0.39042
-0.14159
-0.021435
5.9982
-3.8282
12.753
-12.491
-3.9667
15.531
-16.615
0.12794
-0.28652
28.058
3.2914
11.021
-18.605
19.534
-2.8447
1.7386
1.0142
-0.38195
0.0042595
0.13656
-0.060422
-0.099675
-0.34467
-0.31089
0.1136
-1.4095
-2.3586
-2.8518
1.8712
-0.48279
2.9003
0.1041
13.106
-3.912
1.697
4.3254
-6.5814
0.042048
-0.17563
-0.22112
0.0078544
-0.1211
0.050492
0.0099981
-0.21924
-0.014102
-0.46891
0.55049
0.54445
0.055859
-0.03497
0.11859
-0.044238
-0.024802
-0.069284
0.58972
1.1903
0.5814
-0.88348
1.5497
0.69199
0.068463
-0.2444
0.16721
0.21018
0.39553
-0.17332
-0.066213
-0.26473
-0.89103
-1.0519
-0.75532
-1.1283
0.43318
-1.84
1.0414
2.3414
-2.8794
9.3174
9.3008
-19.262
2.3906
7.9262
-1.8553
9.1138
6.924
3.4457
-3.2541
7.6552
-9.2826
13.838
2.8612
-14.892
3.7177
-6.8026
-3.6835
5.5258
-1.1479
0.40552
-0.35184
-0.13441
-1.5961
1.6983
-1.1179
-1.2093
0.96922
0.87162
3.3706
3.9242
0.70906
-0.65967
0.75431
-1.5051
0.040195
0.15715
-0.2935
0.042455
0.024241
0.07426
-0.30676
0.092565
0.079302
0.58538
-0.4682
-0.23791
-0.01841
-0.05194
-0.098359
0.22282
-0.54586
0.21252
0.17108
-0.02108
-0.15785
0.43682
0.55162
2.7673
-1.0005
1.8895
0.35657
0.32475
0.48968
0.21661
0.019514
-0.40615
-0.50812
-0.54861
-0.59266
-0.5649
0.66304
-1.8361
2.6156
-0.21765
3.2726
-1.5275
10.249
-25.444
17.44
-8.2824
-12.51
9.1851
25.092
-4.5449
3.6588
9.9109
22.064
6.396
-7.6205
6.9536
11.694
-1.8982
8.9871
-6.7458
-0.98792
-0.77752
-0.18693
1.3259
0.076597
0.17381
-0.23981
-0.90709
-0.80156
-2.0844
-2.3995
3.0249
2.1276
-5.0671
-0.45311
-0.27021
-0.33754
-0.025256
-0.29438
0.14534
0.010528
-0.082761
-0.035389
0.06294
0.47798
-0.23021
0.26038
-0.14431
-0.014311
-0.035644
-0.40905
-0.14156
0.023888
0.058859
-0.1324
0.02466
0.32233
0.5268
1.0469
-1.0901
-2.2777
-0.05462
-0.056137
0.073166
-0.23715
0.35166
-0.41289
0.34206
-0.24037
-0.29041
-0.88015
-0.74468
-0.62828
-0.5648
-0.13043
-0.93344
-0.92124
-1.7726
-21.759
20.438
-4.3842
5.9987
-3.7768
12.329
4.8343
0.70723
26.9
1.2424
-2.1392
13.122
8.5502
8.6463
-13.855
9.3559
4.4326
0.20526
-1.2321
-1.1782
0.092781
0.68266
-0.12686
0.0030862
-0.26597
-1.064
-3.0004
-2.5057
2.02
2.1871
-0.033185
2.7012
2.5676
2.4938
-3.4502
-4.0121
-0.35227
-0.39503
0.34187
0.071673
0.017745
0.13859
-0.089205
0.16905
-0.067016
-0.095956
0.051766
-0.058437
-0.13359
-0.11203
-0.11278
0.061422
-0.13655
0.17785
0.34965
0.7064
1.5217
0.031656
1.4745
1.4167
0.46477
0.075218
0.057045
-0.25417
0.018131
-0.049804
-0.20995
-0.014936
-0.48679
-0.94316
-0.71864
-0.9011
-0.56147
0.4162
-1.5798
-1.1057
-0.46292
1.1064
3.6536
7.7012
-6.7461
1.5529
12.328
-9.5416
8.0783
-3.6348
7.917
-6.977
4.8262
-8.2809
17.295
3.8015
1.4749
-1.5075
-0.47616
-0.93673
-0.23892
-0.75558
-0.17371
-0.23251
-0.69409
-0.71155
-2.3743
-1.5796
-1.4142
1.9368
0.12851
5.2945
3.0846
-5.3692
-5.4775
0.40687
1.126
-0.2895
0.12479
0.094278
-0.24067
-0.17539
0.24076
0.027189
-0.12573
-0.073313
0.38148
-0.33133
0.27835
-0.24038
0.44252
0.084494
-0.15972
-0.3177
-0.42933
-0.3335
-0.94137
-0.69762
0.84752
1.6043
0.18105
0.074646
-0.019935
0.40205
0.23351
0.29425
-0.083719
-0.26013
-0.50038
-0.72858
-0.96136
-1.2534
1.1411
-1.4534
2.2153
-0.41114
3.3424
-8.0059
13.211
-4.2942
-4.3718
-5.4268
5.279
30.408
-5.9146
-6.2973
3.2791
-2.4909
1.0754
16.253
10.959
-12.435
4.2756
4.3154
-4.5495
-3.0255
-1.579
-1.8133
-0.91484
-0.75699
0.055726
-0.14083
-0.014757
0.25265
-2.863
-0.85407
4.5826
3.2624
-3.0214
-3.0516
1.9437
-0.070213
-0.21716
0.25345
0.22577
-0.29637
0.19997
0.19758
-0.13451
-0.089035
-0.040694
-0.23043
0.5952
-0.087749
0.06721
-0.33403
0.54035
-0.13043
-0.26595
-0.49525
-0.14822
0.08362
0.09364
-0.10977
0.027364
1.1066
-0.27192
-0.8595
1.2329
0.34656
0.0066765
0.38151
-0.33217
0.4171
0.58323
0.46316
-0.042385
-0.29857
-0.64413
-0.85275
-0.52126
-0.6965
-0.236
-0.38053
-1.0687
-0.10649
-21.637
8.1329
2.6368
-2.4393
20
1.7253
0.10811
3.6214
3.4725
3.5477
12.604
-0.40152
-1.1521
5.0029
4.95
6.8125
-3.0207
-0.81963
-0.37757
-0.27272
-1.6578
0.076654
-0.050976
-0.090411
0.074711
0.064565
-0.83885
0.24458
-0.97981
1.8481
1.9136
2.0133
-4.0869
-0.83853
-0.91769
-4.0999
-0.15764
0.015403
0.012045
-0.036866
0.35926
0.077628
0.53826
-0.5864
0.24336
0.24753
-0.13636
0.21618
-0.73461
-0.72966
0.22953
0.25672
0.23471
-0.34919
0.18856
0.43938
-1.0374
-0.31833
0.27929
0.42376
0.37296
-0.1046
-0.36003
0.069472
0.30023
0.44313
0.27937
-0.60638
-0.19376
-0.66814
-0.6897
-0.77722
-0.29939
0.66076
-0.67317
-1.2509
0.23999
-23.183
-1.3081
-8.4934
-8.647
22.286
-8.6328
2.2341
-17.101
17.833
17.699
13.812
1.7696
20.581
-7.8154
-7.6146
2.1028
3.0602
-0.25157
0.28988
-0.62795
-0.25303
-0.2333
0.64076
-1.2756
-1.2445
-1.3434
-3.7897
2.0392
2.4061
3.6483
-4.4242
3.4081
-4.9876
-5.1024
-5.374
0.27982
-0.59982
-0.21474
0.02498
-0.017748
-0.2276
0.43873
0.31218
-0.20341
-0.39287
0.12235
-0.475
0.17911
0.28487
-0.074831
0.044735
-0.085702
0.3858
-0.062017
-0.13309
-0.15288
0.035597
-0.046212
0.38818
1.8695
-1.214
-1.3586
1.7603
0.26854
-0.72339
0.30775
-0.14045
-0.31036
0.91003
-0.38202
-0.51655
-0.84895
-0.45797
-2.1523
-1.3785
-0.4749
-0.24153
-1.3178
6.1778
6.0752
-17.89
4.8078
2.8127
23.875
23.79
-3.2571
2.0844
27.591
-5.4524
2.3191
2.5701
3.6275
2.5818
16.865
0.996
2.1079
1.6765
-0.083619
-0.10963
-0.49065
-0.40088
-0.03611
0.098551
0.016516
-2.6416
-1.7407
-0.10168
1.6961
12.49
-7.6057
-7.643
11.669
-5.0549
5.4009
5.2468
0.59586
-0.40314
0.017688
-0.01081
0.015515
-0.044399
-0.060897
-0.18823
0.4512
0.42281
0.71829
-0.13299
-0.72522
-0.018067
-0.28753
-0.33922
-0.41042
0.22914
0.0062585
2.3303
-0.87471
-1.0264
-0.24566
1.0552
0.1878
-0.35509
-0.34081
0.10227
0.43182
0.27787
0.17554
-0.50402
-0.42778
-0.44166
-1.8773
-1.771
-0.90311
-0.56652
-0.07612
0.13727
1.5387
-9.3191
15.748
-1.8768
-5.3809
7.7147
7.6708
6.0589
4.792
26.466
26.36
8.6643
13.597
4.1661
0.30059
9.021
-9.6147
5.9902
-7.8979
-1.5951
-1.8546
-0.62843
-0.6203
-0.93257
-0.80704
-1.305
-3.8326
-0.11445
-0.2339
0.45478
0.59101
2.7887
6.6466
1.6808
-4.2458
1.9822
1.8326
-0.37074
0.4223
-0.42431
0.4829
0.45128
0.15375
-0.00030901
-0.15795
-0.12416
0.019555
0.37548
-0.16019
0.23695
0.0052855
-0.27934
-0.38702
-0.18993
-0.5222
-0.17067
-0.25144
-0.17566
0.14413
1.2546
0.67192
0.65876
0.59964
0.13828
0.1954
0.16772
-0.79295
0.76847
0.1754
-0.017037
0.15233
-0.56872
-0.87602
-1.2051
-2.7622
1.8926
2.9689
-22.509
3.8504
-7.2271
14.969
-19.81
-19.818
22.16
-7.8668
18.123
-2.4532
-2.5099
-1.7891
21.143
5.9989
-10.628
13.529
0.13869
-6.4984
10.205
-2.5801
-3.0006
-1.8583
-1.3919
-0.01914
0.18849
-0.23224
-0.087053
-0.12497
-0.77272
-6.1022
2.9087
0.36066
1.3495
7.0129
7.0131
0.24828
-0.92769
-0.2208
-0.36176
-0.90846
-1.0875
0.0042309
-0.53435
0.48252
0.074595
-0.1948
-0.13022
0.27372
0.29064
0.54754
-0.29286
-0.0048781
-0.080183
-0.35281
0.13788
-0.15979
-0.34914
0.58242
2.3962
-1.022
-1.3111
-1.0839
0.68612
-0.35686
-0.4231
0.15626
0.23802
0.092711
0.20767
0.10554
-0.6919
-0.98248
-0.92436
-0.54981
-0.68843
-0.12707
0.89442
-0.87495
-0.18292
-0.13557
-0.49116
-27.881
15.951
3.7021
16.209
16.184
15.646
-17.762
25.179
24.978
18.766
9.2772
5.2449
4.1358
-10.323
17.365
1.9464
-0.46325
5.2791
0.86387
-1.4538
-0.43708
-0.52368
-0.33262
-0.45778
-0.38247
-0.093902
0.63839
0.048667
0.071584
-1.6842
-1.7162
0.14651
2.8534
1.6509
1.5532
2.1967
0.047501
-0.27182
0.093378
-0.19198
-0.21923
0.42634
-0.13156
0.053566
-0.087014
-0.033325
-0.22045
0.29209
-0.43414
0.21572
0.20268
-0.333
-0.11006
-0.013017
0.15498
-0.34093
-0.015324
0.49827
0.72635
1.8315
-2.7573
0.57141
1.2204
-1.0414
0.063135
-0.14084
0.51533
0.44723
0.32168
0.15059
-0.27533
-0.65551
-0.71593
-0.79718
-0.38913
-0.35132
1.1505
-1.5584
-0.95654
-0.81183
2.7515
-25.472
8.5258
15.747
21.394
-7.6512
-7.9481
9.1793
-1.803
14.844
5.3345
-0.066527
0.12596
-0.90073
-0.57472
-1.0903
0.85199
-2.6885
1.4432
4.0705
-2.3759
-2.5349
-4.6275
-0.53939
0.36098
-0.29364
0.11248
-0.23112
-0.21727
0.38621
-0.12207
0.076249
-0.0060603
-0.33899
-0.33315
0.30932
-0.65992
0.37591
0.08003
0.26728
0.27074
-0.5629
-0.18658
-0.56929
-0.014049
0.040643
0.26536
0.38383
0.68469
0.40717
1.311
-0.70354
-0.81097
0.15998
0.85618
0.48718
-0.041762
-0.21648
-0.42086
-0.36442
-0.64735
-0.84145
-0.54941
-0.71176
-0.64377
0.081525
0.03
0.79721
0.43011
-1.1432
-1.7559
4.3256
-10.166
7.8373
1.5591
-17.519
13.422
13.177
20.941
-0.28774
12.508
-4.9279
-4.7011
2.3174
16.815
5.9235
9.5272
9.2878
0.010841
0.49683
-7.8048
-1.2277
-1.0628
-0.61484
0.35062
-0.18676
-0.74696
-1.4328
-2.4006
0.41437
0.52285
1.9789
10.251
10.215
-2.4036
-1.5047
1.4486
-0.32978
-0.072463
-0.1632
-0.061434
-0.0014713
-0.18681
0.56813
-0.33187
0.12106
-0.54321
0.1743
-0.46571
0.54016
0.055605
0.058321
-0.049902
-0.11813
-0.0086469
0.30318
-0.12738
-0.17122
-0.10284
-0.11613
1.4396
-0.75637
-1.1205
-1.2304
1.1365
0.32398
-0.23133
0.071601
0.14566
0.32687
0.23878
-0.24051
-0.26268
-0.59039
-0.70513
-0.93434
-0.061637
-0.92533
-0.44095
0.6431
2.3047
2.5832
-18.01
22.277
8.1715
-1.9189
18.41
1.1797
4.0954
21.491
-6.0819
14.765
-10.623
12.524
-2.0379
-2.096
8.6551
0.0073481
-0.43822
-1.1992
-0.45998
-0.38148
-0.26601
-0.14278
-0.083935
-0.09437
1.8483
-0.81284
-2.081
-0.45965
-1.1672
2.8684
3.2737
4.3372
4.6266
-0.13988
1.6123
-0.70647
-0.70105
0.15458
-0.26468
0.22585
0.2732
-0.27694
0.2137
-0.38777
-0.02913
0.22565
-0.24742
0.19537
-0.62026
0.33551
0.086504
-0.26414
-0.17092
0.11275
0.10061
1.6229
-1.5654
0.47757
1.3452
-0.20144
0.015954
0.39766
0.11397
0.48273
-0.10929
0.064987
-0.10637
-0.40864
-0.67744
-0.99401
-0.66845
-0.61393
-0.88903
-0.72739
-1.7598
-8.9148
-23.966
-24.036
10.951
2.9043
7.6154
-1.5927
-1.5924
2.5991
30.218
15.471
21.073
20.992
8.3817
7.6236
8.8895
16.799
-8.0744
-6.1909
2.7093
-0.32334
-0.63511
-0.13049
-1.1513
-0.47306
-0.41748
0.42694
-1.0449
-1.2131
-1.3831
0.55114
1.592
6.2206
1.5365
-4.9244
-2.4713
-0.37668
0.42121
-0.25911
-0.27089
-0.38344
-0.055337
-0.11185
0.069267
0.0098772
-0.15376
0.22112
0.04162
-0.3192
-0.32354
0.20075
0.42825
-0.40876
-0.5104
0.13227
-0.028815
-0.30298
-0.047259
0.12328
0.39137
0.89783
1.0839
-1.0221
-0.41017
1.3496
0.40606
0.075486
0.099572
0.20951
0.23595
0.17383
-0.27256
-0.53874
-0.78067
-0.34177
0.46604
0.72816
-0.761
2.6468
-23.917
8.1489
8.886
-5.7073
9.748
7.5566
4.0643
14.45
7.214
-6.5639
-6.5738
8.1491
2.0486
-8.0071
13.798
13.889
16.422
-0.66824
0.61991
-0.55816
-0.82534
-0.096058
-0.7931
-0.39636
-0.14615
-0.23831
-0.2654
-0.0049842
-0.94562
1.4231
1.6778
-0.74646
0.1058
0.22808
3.5066
-0.64234
-3.1177
-1.8488
-3.2242
-1.0258
-0.14541
-0.081946
0.17739
-0.087611
0.055562
-0.002978
-0.24077
0.17428
-0.27801
-0.26035
0.099685
0.32548
-0.6673
-0.12193
-0.21691
-0.30474
-0.030684
0.11062
-0.1765
0.58712
0.84815
0.7728
0.54165
0.066711
-0.10185
0.88161
-0.44952
-0.54264
-0.28979
0.1939
-0.64985
-0.72114
-0.75824
-0.76895
-0.54178
-0.72197
-1.051
-2.1236
-0.64811
4.5491
-24.89
13.135
12.979
-9.3299
1.7072
-4.7749
10.254
10.17
-2.7363
12.299
6.2323
-3.2911
-3.1952
1.13
1.4597
4.9756
0.49932
-0.26542
-1.425
-1.7977
-0.73314
-0.21174
-0.36883
0.58856
0.51063
-0.85277
-5.2029
-1.4834
2.261
2.4406
2.3583
3.9914
3.5066
-6.4072
-6.5458
-1.7258
1.1599
-0.10905
-0.64541
-0.64377
0.32158
0.13901
0.30257
-0.39962
-0.43693
-0.27799
0.3243
0.039076
0.36767
-0.25164
0.30014
0.11549
0.065019
-0.13356
0.17734
0.40412
0.72373
-0.80466
2.1906
0.59022
0.61777
-0.25721
-0.41224
0.28778
-0.078823
0.24225
0.19797
0.34565
-0.41214
-0.34765
-0.55647
-0.64932
-0.72016
-0.037729
-0.64291
0.70629
0.9979
0.23889
0.44361
16.885
-9.5195
10.746
-8.4312
3.104
-6.659
-6.697
23.985
1.5163
5.8315
23.24
-1.352
-1.173
20.774
-16.769
12.826
-0.44965
8.886
8.5935
2.9536
0.24178
-1.4688
-0.86397
-1.6955
-1.4855
-6.9138
1.9413
0.78456
2.9178
8.6061
-0.72164
0.29917
0.12139
-0.72376
-0.36315
-0.18389
-0.10153
-0.17476
-0.048811
0.058141
-0.11827
0.17319
-0.24869
-0.19237
0.45103
-0.11619
-0.32341
0.18306
-0.2355
-0.12749
0.11099
0.25599
0.25114
-0.37963
-0.30261
-0.048983
0.31241
1.6576
1.6538
-2.0678
-0.40039
0.5126
0.56396
-0.013
-0.17346
0.42945
-0.082492
-0.10327
-0.27619
-0.25895
-0.55386
-0.87889
-0.46563
-0.87277
-1.6228
-0.24162
-26.523
12.792
8.4838
8.5041
2.0295
0.95643
3.4074
24.291
-3.522
21.885
6.4052
6.3553
4.7285
0.20909
1.3908
-11.495
22.15
22.004
1.5562
2.8537
4.8406
-0.57798
-0.69554
-0.045754
-0.23912
-0.34722
-0.45746
-1.9225
-2.1706
0.81017
2.2434
2.3661
-0.88366
1.7831
-0.43232
1.9484
3.9484
5.0664
7.181
-1.7953
0.48359
0.16886
0.03675
-0.21769
-0.05232
0.118
0.072881
-0.45021
0.054492
0.10335
-0.20036
0.070829
0.48048
-0.079743
-0.29576
-0.23424
-0.01932
0.1361
1.2132
-0.96517
0.13824
0.62047
0.56487
-0.020522
0.2762
0.45822
-0.32766
-0.14553
-0.074419
-0.29104
-0.58987
-0.2178
-0.69089
-0.34173
-0.61272
0.050768
0.44753
0.22544
-0.68727
3.8436
-17.909
8.7059
-3.7168
6.7753
21.144
-7.8189
-7.8266
19.586
-10.144
16.794
8.8504
-3.7835
14.399
17.472
8.324
3.6974
-0.56923
7.853
-0.32867
-2.4431
0.036633
-0.3571
-1.8269
-5.1036
-0.55755
-0.95924
1.9326
2.2158
3.4268
-0.99852
-0.12287
-0.19144
0.91231
-3.7921
-0.312
-0.016694
-0.10616
-0.1114
0.10272
-0.38192
0.39146
-0.013859
-0.27897
0.11012
-0.29066
-0.061494
-0.028453
-0.19775
0.26597
0.13342
0.078857
-0.75239
0.019801
0.18664
0.0017141
-0.4679
0.39263
0.9949
2.5859
2.1218
0.91126
0.701
0.77206
-0.38057
0.45742
-0.60694
0.43947
0.7708
-0.52737
-0.42923
-0.72094
-0.60245
-0.93515
-1.1263
-0.95924
-0.86885
3.2313
-17.856
12.687
7.108
5.1337
-11.629
16.183
16.227
18.51
-0.21848
-12.973
-13.008
32.807
-17.889
37.047
3.2082
5.353
5.4497
-7.5463
3.6512
-6.7601
-0.83858
-1.7768
-1.5567
-2.0673
-0.18612
0.31573
-3.3021
-1.6893
-0.41634
1.6233
2.0416
-1.1661
4.6006
4.5864
5.3398
3.1629
-2.4648
-0.73149
-1.5911
0.6668
-0.25686
-0.11135
-0.21352
0.080581
-0.15122
0.53142
0.24786
-0.72608
0.17093
-0.6265
-0.66057
-0.18939
-0.17439
-0.15038
-0.17385
0.12548
1.5245
-1.1582
0.76358
1.6894
0.15121
0.14715
0.32144
0.30969
-0.26941
0.22728
0.23934
0.045467
-0.36781
-0.45055
-0.7132
-0.7724
-0.54612
0.27824
-0.8374
-0.7045
-0.21404
3.0424
3.0207
-23.005
21.503
-8.9632
-2.7549
8.986
13.98
-8.1198
24.667
1.6232
3.0261
3.0871
22.338
3.0488
16.799
-7.203
-5.4384
-0.20718
-0.72236
-1.5572
0.52277
-0.28251
-1.0053
-1.2596
-1.3422
-2.506
-0.27061
-0.57666
3.3428
3.2608
3.2888
1.1154
1.518
3.1943
0.47441
3.9161
-1.2312
0.032519
-0.41931
-0.056983
-0.19305
-0.49334
0.41283
-0.45992
-0.39292
0.12524
0.096445
0.26027
0.061122
0.067598
-0.069119
-0.13898
-0.37065
0.43487
-0.05706
-0.17119
-0.094771
2.3783
2.7164
-0.90657
-1.5539
-0.22472
0.37526
0.26988
-0.66487
-0.70086
0.56427
0.65637
0.4121
-0.25595
-0.27973
-0.58827
-0.11277
-0.6237
-2.5491
-2.0566
1.1899
5.3032
2.9704
2.6241
2.4527
-6.4647
11.491
15.168
13.264
-6.8117
-7.0241
-8.7359
2.3394
24.109
2.7139
12.292
12.345
2.0298
2.1414
-15.531
-3.3962
-3.4212
1.9499
-2.3789
-2.0595
-2.1428
-1.1194
-3.3038
-3.456
-0.64622
-1.6467
7.0831
0.52471
-0.52838
-0.43134
1.2551
7.3969
0.48728
-4.6578
-0.37882
-0.34855
-0.35491
0.7139
-0.083527
-0.061224
0.0029381
0.026682
-0.19056
0.17796
-0.046646
0.52636
0.21655
0.03314
-0.27479
0.48017
-0.49261
0.1284
-0.12875
0.0042457
0.5731
-0.70761
-0.43222
-2.0557
0.76869
0.97347
-0.089332
0.56951
-0.32145
-0.0051503
0.35873
0.55689
0.38095
-0.38246
-0.39794
-0.65154
-0.31926
-1.2328
0.94728
-0.64505
-0.34746
-1.0398
2.5205
-18.708
17.787
5.9642
5.8977
13.622
4.5229
14.858
24.402
10.389
10.468
-13.537
4.6764
2.0484
2.2409
-0.11096
3.2187
-0.71457
1.0438
0.21134
0.40146
-1.0355
-0.49351
-0.14078
-1.9547
-1.9466
-3.0674
-0.92693
3.8181
-0.27838
-0.23861
2.0281
2.4323
3.0431
-4.9069
4.3851
-1.2361
0.11776
0.21834
-0.042002
-0.17287
0.29311
-0.44833
0.34299
-0.47366
-0.39132
-0.10999
-0.18463
0.25132
0.4434
-0.062723
-0.14306
-0.083792
-0.42813
0.010758
1.6542
2.0969
-1.3173
1.925
0.60315
-0.17081
-0.18994
-0.16716
0.4099
0.64521
0.42301
0.18615
-0.39061
-0.63828
-0.75314
0.059544
0.12765
-1.3657
-1.3501
0.027677
-1.0382
-0.67025
-23.15
9.0044
12.529
-17.987
8.4474
30.74
-6.677
24.633
-5.938
8.9804
-3.0634
6.4068
-9.1107
9.1049
16.563
14.695
5.744
1.1873
-4.6102
-1.6859
0.11036
-1.0382
-0.85648
-0.16817
-4.7584
-1.2797
-1.2227
5.9373
3.4502
-2.8161
5.8761
2.1921
7.3977
3.7602
-11.826
-11.823
-2.6884
0.34152
-0.10518
-0.016995
-0.088272
-0.19185
0.30989
-0.35633
-0.45929
-0.41922
-0.28457
0.12304
0.055743
0.17401
-0.15153
-0.10811
-0.1432
-0.043823
-0.078711
-0.14587
0.13983
0.8898
1.4142
0.54693
0.26795
0.6083
0.6505
0.16211
0.45022
0.61474
0.27079
-0.86337
-1.114
-0.69973
0.51026
0.59901
-1.1502
-0.74685
0.40466
4.9504
5.1309
-20.709
8.3469
-8.9261
-4.5173
-4.5935
2.6505
18.396
-6.1807
-6.3484
6.894
28.658
0.63876
11.915
-12.927
-12.645
16.46
-8.7161
23.724
11.398
10.98
2.9618
-2.7879
-0.5168
-1.2632
-0.96212
-2.2415
-3.4715
6.0137
6.1921
1.1158
6.4501
6.5089
0.23178
-0.22041
-0.28228
0.081113
-0.14022
0.33546
-0.19653
0.25095
0.28616
-0.29117
0.0099909
-0.55716
0.22892
-0.081159
-0.024925
0.21547
-0.31614
0.15659
0.088842
-0.61564
-0.049614
-0.32247
-0.26758
-0.31524
-0.12932
-1.7758
-0.22545
-0.43575
1.4064
0.25989
-0.039031
-0.16015
0.28394
0.37732
0.19165
0.14865
-0.11531
-0.23076
-0.45301
-0.59182
-0.66626
-0.68181
-1.345
-1.1111
1.7251
-0.99894
0.6651
6.3894
2.714
7.1818
-5.6672
4.6884
25.364
-7.8481
24.061
24.062
2.109
11.991
5.6042
3.9765
2.7652
-15.519
8.5057
-1.3066
0.13114
-0.1642
-1.2911
0.40555
-0.15174
-0.30383
-0.31769
0.27284
-1.4845
-1.5116
2.6288
2.7967
0.2759
1.3746
-1.1117
3.8283
7.3659
-10.619
-1.972
0.32168
0.27682
0.45231
-0.58721
-0.31461
-0.28741
-0.15968
-0.236
-0.063204
0.29443
-0.0038981
-0.037167
-0.10429
-0.62934
0.91877
-0.17106
-0.13104
-0.10089
0.41844
-0.48877
-2.6743
1.139
0.94655
1.9755
0.23047
0.10679
-0.27162
0.15436
0.12459
0.43353
-0.60547
-1.2369
-0.60728
-0.84182
-0.24203
-0.23747
-0.87696
-0.60164
0.5607
-0.95226
0.21994
2.7178
-25.785
5.7577
20.831
6.6968
0.29778
28.065
-7.7867
4.0983
21.323
-12.997
15.831
12.071
-7.703
4.9108
-7.3952
-3.8707
1.761
0.95713
1.8072
-0.51961
-0.47817
-0.37768
-1.2037
-6.9952
-1.1186
1.0449
3.5251
6.3452
-5.7131
1.4992
8.072
0.78113
2.7069
4.1521
1.9274
0.45192
0.00015086
-0.11947
-0.26509
0.17929
0.044639
0.0048879
-0.10347
0.096894
-0.02705
0.4242
-0.30705
-0.19068
0.32303
0.33529
-0.37716
-0.50896
-0.27043
0.32563
-0.19519
0.2126
1.2098
1.3512
-0.19005
-0.40825
1.2018
0.34179
0.057163
0.24537
0.13854
-0.45265
-0.60528
-0.54591
-0.64811
-0.26551
-0.49231
-0.61293
-0.47871
-1.5397
6.3922
2.7719
10.753
-10.024
-11.161
-2.0188
16.493
-6.1209
-4.1575
10.757
-2.1527
3.8779
11.723
-0.40029
-6.2233
-8.9501
10.757
4.0585
-0.41444
0.18322
0.94176
-2.9753
0.66945
1.2923
-0.85609
-0.88312
-0.50646
-0.29363
-1.757
-4.7348
-0.30495
-0.32444
2.9312
3.2865
3.7729
0.26453
-4.3358
-1.8573
0.13994
0.0096997
-0.16311
-0.066437
0.14742
-0.011091
-0.084177
-0.1739
-0.0022259
0.19239
0.22822
0.2101
-0.077288
-0.07521
-0.33381
-0.1468
-0.02055
-0.34641
0.015095
0.38769
1.6104
2.3036
-0.8148
-1.826
1.7331
1.0355
0.4815
0.44812
-0.38577
0.056539
0.6359
0.62425
-0.6384
-0.46603
-0.85322
-1.0238
-0.64412
-0.4667
0.60753
-1.0562
1.4248
-0.13713
-0.7313
6.7652
-21.513
16.371
-6.0871
-4.4423
2.404
-3.9552
24.017
0.72966
5.8316
-1.8014
18.334
-1.8413
7.6514
-14.183
-0.06924
-1.6379
-1.5851
-1.7004
0.011472
-0.04946
-0.35171
-0.27878
-0.54201
-1.7612
-1.9057
3.2691
-1.1545
-0.58881
5.5337
1.8659
2.6198
1.2002
3.9766
-1.3812
-1.9731
-0.076922
0.059994
-0.037936
-0.057868
0.01201
0.011285
-0.11008
-0.074493
-0.19275
0.11228
-0.030133
0.33109
0.32091
-0.43865
-0.016461
-0.095498
0.22928
0.078717
-0.088113
-0.13169
0.52809
0.2728
-0.54199
0.2113
-0.028825
-0.4001
1.8096
0.8071
0.14927
-0.38868
-0.71022
-0.6615
-0.25357
-1.0685
-0.80875
-1.4941
1.0734
-0.55746
-0.6135
5.8676
-20.421
10.909
-21.409
2.0575
10.4
10.412
21.354
5.7949
9.8934
13.689
13.651
17.197
-11.786
19.734
-0.53661
1.5592
-1.6138
-10.091
13.226
0.63832
0.26324
1.3392
0.18258
-0.94456
-0.35503
-0.29615
-0.81555
-2.7127
-1.1679
-0.194
-1.7488
1.2268
5.7286
-6.3625
-0.62983
-0.14883
-0.27243
0.21264
0.12679
-0.14419
-0.45504
0.23872
-0.43195
0.23019
0.034057
0.56229
-0.25391
0.48605
-0.35624
-0.45633
0.045738
-0.17862
0.00073198
-0.23912
-0.25057
0.33578
0.74744
-0.27506
-1.898
1.5825
0.70937
0.74428
-0.93242
0.5496
0.62706
0.25583
0.50819
0.091955
-0.40514
-0.4507
-0.64928
-1.0215
-0.48097
-0.94041
-0.6706
0.91997
-0.47531
-13.993
-12.817
-12.856
14.825
-12.516
1.0625
12.73
6.9153
6.8064
22.003
9.325
7.2427
12.003
-8.1465
-8.3603
3.3548
-0.86568
-1.4183
2.1301
-0.77411
-1.0242
-0.84574
-0.2996
-0.40431
-0.95158
-3.6818
-2.4298
3.3294
3.5719
4.4872
-3.4072
3.421
3.4448
-0.37975
-0.52909
-0.10816
-1.4157
-1.3878
0.52843
-0.44481
-0.074226
0.086535
-0.033413
0.17435
0.011551
-0.025124
0.068979
0.089559
-0.31731
0.6161
0.63625
-0.45355
-0.2134
-0.30399
-0.17003
-0.092363
1.6665
-1.6624
1.407
1.0303
0.35949
0.35555
0.75639
0.8907
0.84214
-0.36228
0.44745
-0.47414
-1.0952
-1.1728
-0.5386
-0.73704
-0.55884
-0.66883
-0.44411
0.1286
-1.1417
6.0865
-7.153
-7.345
19.113
19.818
3.4169
1.4186
-0.71221
4.7162
0.56387
0.99378
0.94754
2.4928
4.1338
-10.508
0.07062
-2.3831
-2.4089
4.2582
-1.2019
1.5039
-0.31702
-0.22418
-0.36125
-0.2084
-0.15819
0.21297
-0.096812
-2.4417
3.8512
-2.5811
8.0899
-7.4081
-7.4863
-1.9345
1.5796
-0.46002
-0.10209
-0.32694
-0.34156
-0.14897
-0.36752
0.14078
0.23725
-0.42425
0.17701
-0.11591
0.24366
0.04207
0.055693
-0.030702
0.020427
-0.18257
-0.083338
-0.12357
0.25235
-0.17108
-0.32805
-0.13018
0.86534
0.85353
1.8786
-2.8506
1.3247
1.2854
1.173
0.27339
-0.6325
0.1395
0.20395
0.12024
0.027339
-0.34827
-0.79299
-0.99146
-0.62882
-0.95438
0.14494
-1.3293
3.4172
8.9321
8.9073
-6.2929
-5.6472
-6.2457
9.4819
6.5968
3.2792
5.8813
-4.3846
2.023
3.954
9.9238
20.292
14.416
-3.0041
-8.0635
10.296
6.1165
1.8461
2.1523
-0.43593
-0.38489
0.054835
-1.3911
-1.4043
-2.4595
-1.4486
-0.89912
1.829
1.8717
3.7535
3.6956
6.228
0.34992
4.7403
2.0999
-12.165
3.0459
-0.39405
-0.45685
-0.48958
-0.41091
0.25217
-0.068721
0.055261
0.26461
0.12672
0.053242
0.091647
-0.093479
-0.54066
0.025681
-0.1163
-0.11194
0.018835
0.7665
1.0301
0.26611
-1.1007
0.66434
0.62451
0.71661
-0.43895
-0.00054657
0.24293
0.13061
-0.048948
-0.30353
-0.48775
-0.34049
-0.60616
-0.65405
-0.5426
-0.060056
1.4913
-0.059015
-0.54908
5.3215
-9.2028
-22.797
12.08
-19.082
5.0529
3.0153
9.2047
3.476
-1.8992
20.851
-1.544
19.984
14.961
-0.42286
7.509
-3.1479
6.2949
6.3414
1.067
0.067242
-1.0046
-0.40652
-0.11255
-0.19052
-1.3171
-1.3746
-2.2049
-1.8069
1.18
0.79536
2.0382
2.6953
6.6307
2.0226
-2.0558
2.0907
-0.59733
-0.022168
-0.37412
0.01345
-0.14917
-0.1344
-0.02929
-0.040905
-0.062916
0.11333
0.050957
0.10923
-0.52764
-0.28004
0.24146
-0.099406
-0.5359
-0.26492
0.059773
-0.18127
0.51135
0.13001
-0.047156
-1.0638
-0.060534
0.68236
-0.25456
0.79174
-0.83455
0.356
0.023419
0.069631
-0.59677
-1.1196
-0.84034
-0.64265
0.13069
-1.7381
-0.12289
0.54733
-0.043139
-0.38161
-12.055
-18.878
15.715
2.031
7.845
-0.16085
21.277
22.876
8.4068
0.90576
5.8818
12.553
18.234
3.0741
17.571
-5.1828
14.983
2.7315
2.9775
-0.85672
1.0598
-0.48297
-0.78183
-0.2779
-0.30177
-0.99868
-4.6334
-1.08
2.2175
0.50903
-5.4373
3.1422
1.3474
0.63608
3.3669
0.12392
2.5269
-0.30814
-0.17406
-0.44953
0.15427
-0.28383
0.14341
0.44356
-0.18844
0.17201
-0.038561
-0.19201
0.0031102
-0.038918
0.23879
-0.21488
-0.083767
-0.56073
0.2886
-0.16187
-0.3222
-0.1415
0.76499
0.87714
1.6911
-1.3888
0.41601
0.83702
-0.31401
0.30606
0.19299
-0.025417
0.25414
-0.0099681
-0.5728
-0.83021
-0.95187
-0.84443
-0.46308
-0.52867
1.4577
-1.6377
0.52327
-0.24378
-0.89386
7.6926
14.97
-8.5347
13.124
-14.447
3.4464
4.4054
-4.3823
9.5007
-10.187
11.801
-0.0021007
4.4938
-0.18757
-2.8073
-1.7066
0.4676
-1.1152
-0.74475
1.2595
-0.8664
-0.15097
-0.14634
-0.68518
-1.2412
-2.0419
-1.3109
2.8094
-0.0012486
0.96237
4.9861
1.0733
3.4672
-7.7263
7.6164
-12.06
-0.71068
-0.01178
-0.09875
0.1418
-0.12778
-0.32678
0.39287
0.41809
-0.32113
0.24956
0.03299
0.064974
-0.41223
0.48728
-0.71657
-0.1183
-0.057686
-0.20871
0.13226
0.99397
1.7688
-0.91252
-1.0002
0.99252
0.25463
0.1701
-0.18448
0.10677
0.18792
-0.090337
-0.053032
-0.42002
-0.83581
-0.71741
-0.65261
-0.46157
-0.61287
-0.21142
-0.23731
-1.5212
6.4588
-21.037
24.409
-15.47
1.5589
25.99
8.217
3.041
16.897
2.1568
7.1396
2.2456
-1.3662
-6.0608
14.178
-6.2786
8.1836
-2.8706
-5.6073
-0.010004
-1.1604
0.74176
-2.0028
-0.84055
-0.43958
-0.65932
-7.2019
2.5384
-0.82287
3.8568
2.1352
0.1191
4.5043
6.5454
-4.0146
3.9176
-3.4395
-2.9473
-0.10048
-0.067283
-0.24849
-0.007578
0.25086
-0.075045
0.038145
0.1907
0.090034
-0.13648
0.23417
0.26836
0.52736
0.059747
-0.4843
0.059997
-0.04419
-0.34792
-0.15366
0.3712
2.4473
-1.2049
-2.4886
1.7066
0.052576
0.74066
-0.046541
-0.32576
0.029587
-0.031402
-0.44518
-0.58245
-0.71401
-0.47571
-1.5131
-1.8482
1.2942
-1.9836
-1.654
1.0433
-27.904
-16.414
9.4178
-10.244
-11.79
1.2824
1.1438
22.769
3.2144
8.0424
24.036
7.7355
7.9084
-1.5431
5.6835
21.57
-10.882
0.64344
-5.9523
1.8981
6.3226
-5.8997
-5.5039
-2.2009
-1.0814
-4.1511
-1.3081
-0.46616
1.0997
-1.0781
0.9524
1.0272
2.6132
3.0688
2.8784
2.7816
-2.5644
-6.0002
-1.4906
0.19037
-0.043887
0.11631
0.013871
-0.16847
0.13597
0.068101
0.19075
0.11685
0.27855
0.14418
0.042682
0.54979
-0.057406
-0.28004
-0.21963
0.46803
0.90068
-1.1772
-3.1444
1.7679
0.45819
0.52686
0.60438
0.34134
0.17924
0.47997
-0.048534
0.043923
-0.22838
-0.53969
-0.73404
-0.5876
-0.65151
-1.2862
-0.38849
-0.7936
-0.35576
-1.5317
-19.078
-0.29495
10.516
-12.214
-12.372
-4.6574
7.5104
-15.283
20.351
18.734
-0.33855
-3.0113
-2.9506
4.7605
-19.707
18.273
-7.6269
3.3653
-5.0678
-3.5582
0.25884
-0.82335
-0.70397
-0.24218
-0.038486
-3.815
-3.8883
0.027624
-4.5462
5.8828
6.905
4.5938
-9.1245
3.5232
0.86996
-0.58351
0.40812
0.086243
-0.014326
-0.044985
-0.15536
0.02693
0.04936
-0.28229
-0.085542
0.15854
0.090081
-0.27665
0.21137
0.19784
-0.12254
-0.070217
0.0027847
-0.066588
-0.34849
-0.26083
0.013773
0.60563
1.8233
0.56219
0.35653
1.9439
0.42887
0.3452
0.33477
-0.4782
0.17354
0.57764
0.36454
-0.1155
-0.4307
-0.713
-0.72792
-0.88974
-0.86094
-1.4228
-0.99943
3.9852
-6.0494
19.9
-8.8842
18.971
-5.9993
11.784
11.783
0.42718
-1.7488
4.4961
0.53527
-0.74013
5.4244
5.7033
5.5747
14.721
-0.66405
-8.6464
2.3864
-1.3113
-0.10502
1.6922
1.9943
-0.92642
0.66611
-2.3727
-1.831
-1.9319
-0.66346
0.54334
2.7081
-0.083021
-0.11417
-0.80702
10.042
0.72192
-5.3622
-1.9043
0.09109
0.05184
-0.11886
-0.078906
-0.088936
-0.2017
-0.25811
-0.15317
-0.18666
-0.05442
-0.10859
0.63151
0.182
0.1826
0.60897
-0.22839
-0.67403
-0.23019
0.53974
1.32
0.22491
0.17375
0.27262
0.56969
0.47121
0.55628
-0.22183
0.069319
0.24004
-0.58774
-0.79599
-0.14522
-0.39672
-0.52157
-0.25825
-0.12929
0.90918
-0.71984
2.5756
-0.28932
1.8178
-1.9518
-26.989
-7.0424
-5.4833
9.6855
14.431
5.8634
1.7234
-10.722
1.9334
22.485
0.36145
-5.6316
11.577
15.869
15.871
3.5197
-2.3362
-1.5567
-1.9082
0.27143
-0.90268
-0.49663
-0.17183
-0.094269
-0.36288
-0.18617
-1.6431
-1.5955
-1.4332
1.1505
2.1061
-1.2361
4.6373
2.1966
-11.702
-11.757
-1.5294
-0.5304
-0.040941
0.058643
0.13245
-0.16223
0.15621
0.043553
-0.20743
-0.17485
-0.53568
-0.059985
0.3098
0.24246
0.27307
-0.37502
0.17057
-0.34094
-0.1448
-0.27193
0.81204
1.7037
-1.7677
-1.5355
0.76477
0.43311
1.7136
-0.44294
-0.40029
0.15638
0.82802
0.079442
-0.16843
-0.47485
-0.65444
-0.56331
-0.12254
-2.3363
-2.1848
-1.8226
0.41042
0.64929
1.25
3.8135
-27.964
9.7303
-19.771
-5.0122
9.3164
-13.023
8.7816
28.364
-1.3527
-2.8319
14.506
10.555
30.329
-14.013
-11.813
35.301
-2.0148
-1.8834
1.6639
1.1868
-2.2554
-0.42502
-1.3215
-3.4125
-1.1546
0.59067
-0.9886
3.0498
-0.44502
4.6787
6.3238
0.1808
-8.388
-8.4298
3.186
-0.76848
0.19068
-0.13718
-0.2034
0.41783
0.37669
0.034123
-0.16798
-0.022292
0.23353
0.2308
-0.39957
-0.25975
0.28137
0.04098
-0.51985
-0.96637
0.68632
-0.28004
-0.10475
0.52438
1.1809
-1.2672
-0.84578
0.36477
0.59676
0.10246
-0.18014
-0.18631
-0.12818
0.4893
0.31369
0.109
-0.53229
-0.77518
-0.72551
-0.78879
-0.48721
-0.40329
0.10945
-0.38428
-0.6319
-1.2776
-7.7591
17.718
23.254
8.2379
-1.9841
4.6362
9.6694
5.5787
5.9462
27.571
2.7803
-1.0988
-6.735
8.8911
5.8188
7.867
8.16
2.5114
-3.3811
4.5534
-0.31228
0.45349
-0.82859
-0.22364
-0.39871
1.5653
-5.2661
0.25399
4.0858
-0.94051
9.7338
-2.2524
0.28853
3.6468
4.6172
-13.204
-1.9029
-0.21366
-0.18583
-0.38474
0.40514
-0.58962
0.40773
0.1142
-0.22965
0.14084
-0.19917
0.59255
-0.61736
0.15502
0.0075712
-0.074624
-0.087758
-0.22425
1.3966
0.73459
-0.18989
0.60922
0.6964
-0.36966
1.0877
-0.77485
-0.74957
0.076051
0.20205
0.083948
-0.15748
-0.52882
-0.63692
-0.68201
-0.9376
1.5884
-1.724
-0.36808
0.35483
0.24201
1.042
-2.3072
17.432
24.628
24.581
-9.9615
13.265
-1.7696
10.987
10.831
0.53955
22.269
-10.769
10.002
5.106
-16.501
24.194
6.7624
1.292
0.45529
-1.163
-1.0564
-0.15975
-0.96358
-1.6761
-2.2531
-2.2091
-1.391
2.83
5.2797
5.3236
4.2723
6.7695
-11.075
-11.166
3.5654
0.98737
-0.86531
-0.19438
-0.31676
-0.24303
-0.078858
-0.0619
-0.22686
0.12429
0.25987
0.33527
-0.4074
0.28465
0.20393
-0.1225
-0.20263
0.055049
-0.11618
-0.39819
-0.22014
0.1838
1.4426
-0.61046
-0.56518
0.22925
1.7884
0.35641
0.34221
0.56342
0.51944
-0.91088
0.19151
0.0049132
-0.14546
-0.44064
-0.67749
-0.4515
-0.49762
0.14919
-1.8883
-1.5946
-24.537
8.3118
-10.205
9.986
9.9571
2.703
22.802
-6.0934
10.888
10.782
0.47299
12.648
20.347
7.4383
-2.7393
8.4572
1.642
0.66034
0.21999
-0.90657
1.166
0.39487
-1.8431
-0.49399
-0.41035
-0.6474
-0.067181
-2.799
-1.2234
0.76218
0.62526
3.5505
1.6918
1.6643
2.8054
2.3566
-0.34541
0.87994
0.0074331
-0.21049
-0.2663
-0.13906
0.26635
-0.2013
0.23
-0.15849
-0.089122
0.020495
-0.59934
0.11744
0.28353
0.012182
-0.37416
0.13148
-0.36923
-0.20697
0.12617
1.1216
-1.0843
-2.4508
1.8986
0.2198
0.53548
0.059136
-0.6279
-0.56533
0.24449
0.76741
-0.043044
-0.20473
-0.36281
-1.2252
-0.59512
-0.40217
-1.158
-0.87602
-0.69194
0.44453
-6.4036
-6.2496
-24.496
-12.026
11.387
11.282
0.87092
8.1766
8.3533
7.9666
1.0722
12.461
7.4337
7.6612
-5.7392
6.0452
7.5696
6.5004
6.2669
-6.4927
4.7319
-0.13855
4.0613
-1.3962
-0.52407
-0.075213
-1.9745
1.262
-4.5482
-1.1682
-1.9469
3.5953
-1.1699
2.2495
6.6218
-8.1919
9.5071
-11.76
-11.75
-0.6369
0.046901
-0.071366
-0.26037
0.086453
-0.011054
0.052486
0.017474
0.0679
-0.093213
0.19849
-0.0091375
0.054873
-0.073681
0.057824
-0.00084437
0.13927
-0.14428
-0.33662
-0.35522
0.19045
-2.0683
-1.3195
-1.3665
-0.32372
-0.30198
0.2883
0.52048
0.82859
-0.54313
-0.77307
-0.46233
-0.21875
0.13944
-0.31651
-0.21724
0.065781
-1.6414
-10.704
-10.614
17.598
-11.837
5.225
-1.8161
-1.7296
8.2839
-19.771
25.144
9.8212
4.9259
5.0282
-6.9103
1.1758
7.0517
-8.4991
6.551
-3.2538
8.9077
7.9493
1.3637
-3.0283
-0.068322
-0.30955
-0.33379
0.17084
0.007085
-1.0516
-2.0276
-2.2866
-0.50099
6.1453
2.8036
4.9144
4.322
4.2327
2.5045
0.60441
-0.13516
0.11596
-0.073092
-0.044004
-0.20397
0.048744
-0.52984
-0.377
0.24315
-0.086023
0.46968
0.49543
-0.11015
-0.37634
-0.43502
0.2269
0.007737
-0.17186
-0.013404
0.37003
2.5072
-2.6066
1.3683
1.1459
1.0803
0.47069
-0.62867
0.73534
0.83602
0.32216
0.31067
0.067164
0.2441
-1.6033
-1.6951
-0.2173
-0.53979
-0.0083188
-1.2913
-1.113
-0.023114
-0.73841
6.1967
-0.8495
-0.94955
-19.289
16.5
-2.7338
4.3058
-9.3557
4.3726
-3.6876
11.802
-15.331
-15.15
9.7991
4.2545
-1.8151
0.49009
-1.8876
-0.43847
-0.22058
0.47288
-0.7415
0.45473
-0.21804
-1.2425
-2.8098
-2.7506
5.5684
1.6139
1.5383
2.3834
0.74489
0.72492
-2.1448
1.8308
4.6485
0.55931
-1.0843
0.15967
-0.14667
0.22542
-0.24437
-0.25754
-0.2443
-0.12455
-0.16318
0.17159
0.067354
-0.063421
0.21535
-0.4383
-0.48347
0.37872
-0.21712
-0.11364
2.3681
0.21802
2.4623
2.3638
0.63613
0.46397
0.38364
-0.81072
-0.7721
0.29045
0.17339
-0.31398
-0.5141
-1.0783
-1.1571
-0.61261
-0.43322
-0.26193
-0.014076
-1.1055
3.4709
9.6511
9.6278
24.368
-24.698
12.368
0.11285
0.56271
0.54038
9.9405
20.143
14.426
-7.3813
6.8717
6.4861
-0.9891
5.1757
5.2898
16.163
4.4328
1.4237
-0.02037
-0.45924
3.6903
-0.32577
-1.5305
-0.75833
-0.5529
0.15129
3.2836
3.383
-1.0677
2.9599
2.7901
2.7906
2.6385
5.7592
-1.6556
-2.4355
0.55372
-0.37726
0.109
0.04104
0.1123
0.08918
0.40066
-0.33096
-0.21266
0.36426
-0.029859
-0.041112
0.20363
0.21138
-0.64797
-0.69998
0.58448
-0.17656
-0.3814
-0.34427
0.11706
1.7704
-0.85662
-2.8537
0.93292
1.0613
0.74552
0.61962
-0.55998
0.64141
0.61407
0.44184
-0.25989
-0.56448
-0.96372
-0.91689
-0.96349
-1.5233
1.516
1.6357
-0.90898
1.4581
-13.569
-27.747
-27.805
10.109
-22.824
17.424
-1.8885
5.6982
-5.4869
-0.2654
23.799
11.214
13.736
-2.8563
-2.6281
-12.148
10.722
-4.3118
2.3294
-0.16513
-0.25752
2.2871
-1.876
-0.67088
-0.33765
-2.1288
-2.165
0.036912
0.19958
-1.8971
3.1207
-1.6157
2.7177
6.7984
4.2328
-3.5436
-2.98
0.95311
0.1737
0.16456
0.04566
-0.32804
0.23258
-0.47099
-0.063691
-0.070884
-0.56045
0.18946
-0.10873
-0.099942
0.53027
-0.17353
-0.26495
-0.20937
-0.52029
-0.022622
-0.048439
-0.029641
-1.0396
0.33673
0.13753
0.79565
-0.33126
0.27232
0.045505
0.20841
0.37331
-0.081803
-0.24794
-0.34846
-0.41281
-0.62547
-0.84229
-0.83299
-0.49657
-0.14066
0.72908
-1.7276
-0.046295
-27.196
6.5215
18.34
4.2652
13.399
-10.709
-16.171
17.723
6.4934
13.174
7.0289
1.1413
1.1328
0.94181
-11.903
18.218
12.106
-2.7654
-2.7854
3.0647
-1.5179
-1.3087
0.34726
-0.60538
-2.7874
-1.0013
-0.13656
0.29316
0.48111
-3.5383
6.3777
3.5551
3.515
-5.0391
-5.1744
-1.0004
-0.34494
0.062003
0.028701
0.24627
0.19767
0.13043
-0.070172
-0.11229
0.21829
-0.33586
0.20007
-0.22452
0.15057
0.5122
-0.42768
-0.084145
0.031362
-0.18393
-0.17733
-0.3847
-0.1911
0.034585
1.4842
-1.8542
-0.69368
2.3454
2.221
0.48154
-0.032349
0.29471
0.06439
-0.31358
-0.68407
-1.028
-0.79897
-0.71964
0.53308
-1.7346
-0.42653
0.52194
4.3934
13.492
13.428
-6.5666
-6.9048
29.984
-6.9502
-6.9044
17.728
3.982
-1.8296
18.579
18.627
6.4139
12.367
12.019
6.1498
-13.815
-6.5719
-1.3079
-1.8342
-1.6632
-0.62515
-0.81645
-0.64437
-0.29983
-0.19626
-0.32131
-0.19441
-2.9201
5.1214
1.9781
-1.4396
-1.4777
0.4104
-10.891
0.6953
-0.046087
-0.02973
-0.095729
-0.026655
-0.094635
-0.25723
-0.21958
0.3816
0.09614
0.062231
0.13749
-0.16948
0.39039
0.0027174
-0.28616
-0.39487
-0.020439
-0.18754
-0.057051
-0.086083
0.11294
0.48056
0.99718
-0.030403
0.10139
0.25135
1.0002
-0.10486
0.1009
0.25848
0.41883
0.0060346
-0.15373
-0.47459
-0.67022
-0.74764
-0.63665
-0.81415
0.91374
-1.0748
-0.75632
1.185
5.8937
-18.613
-3.8337
-3.0648
-3.3718
-1.2211
-6.4196
-6.38
6.49
0.48674
-2.6856
-8.0585
2.7673
0.5632
0.65834
5.3835
-2.833
-0.48043
-0.75104
0.33852
0.071584
-0.18046
-0.68285
-0.2512
0.17811
-0.67812
-2.4881
-2.2356
1.9428
2.0993
0.065761
1.7505
4.342
2.5401
4.2585
4.0884
-7.9838
3.4131
-0.75924
0.14052
-0.40299
-0.29365
0.050419
0.60113
-0.83265
0.24232
0.17443
0.27092
0.16884
0.22726
0.1609
0.17492
-0.045784
-0.12085
0.058477
-0.11993
-0.2708
-0.37002
0.33063
0.86814
1.8233
0.59642
0.22303
0.75283
-0.20989
0.36655
0.59894
0.066358
0.1868
-0.71125
-0.75239
-0.66919
-0.73
-0.20366
-1.0136
-0.6226
0.19022
3.5354
-18.366
-0.86772
-1.0878
-1.2045
2.3897
9.176
-13.834
29.151
10.024
10.203
-7.8862
19.441
6.0135
6.2576
18.329
1.2138
-3.312
-3.333
6.4163
0.76713
-2.8647
-1.9818
0.89231
1.0784
0.32436
-0.89946
-0.40698
-5.0224
0.19812
2.7242
-1.1108
-0.98808
3.2326
12.196
-1.2833
-1.5052
0.83043
-0.98752
-0.39042
0.15196
-0.4942
-0.30055
-0.034598
-0.014321
-0.095819
-0.61931
0.56362
-0.41275
0.27646
0.24167
0.46165
-0.29939
-0.18038
0.3872
-0.1748
-0.18743
-0.15436
-0.033843
0.14342
1.7448
-0.52041
-1.7575
0.58514
0.17928
0.020962
0.22785
-0.21605
0.31808
0.23113
0.15979
0.14036
-0.43449
-0.59891
-0.55996
-0.56135
-0.50604
-0.37975
-25.282
19.278
-4.211
-4.1005
12.165
18.952
0.38579
-20.952
-21.126
3.7316
14.177
4.8975
-9.9119
13.12
-3.9733
-5.3548
14.395
-3.0428
-3.0795
10.899
-1.5923
-2.4144
-0.31299
0.037918
-0.38371
-0.12812
0.10269
-0.76609
-0.7929
-2.138
0.82878
-2.4154
1.2307
-0.68753
8.2422
3.485
7.3357
7.2194
-10.758
-2.9293
0.27367
-0.060211
-0.1355
-0.522
0.029809
0.0086185
0.012191
0.029675
0.089611
0.17718
-0.077857
-0.37385
-0.016741
-0.081866
-0.12347
-0.0092321
-0.089356
0.31033
1.7879
2.1323
0.11358
1.5745
0.67981
0.7576
0.73785
0.10371
-0.55026
0.24535
0.53538
-0.044571
-0.2314
-0.69696
-0.71343
-0.41167
-0.30308
-1.7948
-0.0014491
-0.069376
0.24204
-26.426
7.2581
11.199
-15.801
-15.883
-10.761
12.715
2.9934
1.5608
14.017
13.883
-1.4994
0.19869
-8.2174
17.05
-3.8986
17.79
0.53714
-1.1866
-0.39947
-0.4084
-1.0573
-0.69383
-0.5681
0.62132
0.39119
-4.2469
-0.48184
5.1328
-0.16341
4.2855
2.1953
3.9373
2.9783
2.8123
2.7579
0.59866
0.82007
-0.35482
-0.23146
-0.2702
-0.48581
0.20284
0.099194
-0.11263
0.053323
-0.22668
0.41228
-0.90369
0.66195
0.57386
0.0033646
-0.099702
-0.11061
-0.062085
-0.067133
-0.31774
0.02154
0.69878
2.1783
2.2663
-0.49858
0.74099
1.0659
-0.4754
-0.45517
-0.50244
0.42768
0.66756
0.068556
-0.14609
-0.35213
-0.64741
-0.5421
-2.1735
0.71622
-1.3945
-1.0368
-18.489
17.929
2.1244
-20.202
17.555
-12.08
25.82
-4.5605
21.288
-9.0015
0.44127
13.467
-1.7836
6.6949
6.8638
-1.5016
6.6051
-12.994
13.047
12.724
4.3403
2.067
0.10986
-0.042579
0.13638
-0.30872
-0.66282
0.42887
0.37295
-2.833
5.1194
-3.7689
0.25476
0.42487
4.8616
4.0953
3.3967
-7.7521
0.54972
0.46751
0.27506
-0.45438
0.11477
0.084399
0.0065253
0.51725
0.46833
-0.75953
-0.77716
0.20659
0.13067
0.13575
-0.41063
-0.021861
-0.094257
-0.031692
0.071624
-0.28906
0.11497
0.19117
-1.1503
-1.389
0.24132
1.2307
0.26757
0.33748
0.034043
0.083171
0.15499
-0.077811
-0.61242
-0.83637
-0.57567
-0.97795
-0.24132
-1.7115
1.4059
1.1457
4.7842
4.9007
-21.202
-1.3796
-8.8307
11.846
11.779
-0.048736
-10.466
21.721
0.48105
-7.1711
-7.3648
4.4105
20.193
-0.47718
12.239
12.385
7.5414
4.1638
0.083713
-3.2997
-3.5968
-1.2192
-0.72076
-1.1517
-0.6238
-4.5749
6.1652
-5.4265
2.8547
3.2133
5.8939
-2.5771
1.0652
5.7445
-16.457
0.67958
0.67748
-1.2119
-0.60108
0.089556
-0.42502
0.0022539
0.079963
0.3503
-0.32314
0.055963
0.01174
-0.012151
-0.062789
0.076948
0.0064204
-0.16843
-0.25386
-0.19782
-0.24268
-0.28078
-0.22121
0.81441
-1.3944
-0.38416
-0.43454
1.0933
0.60635
-0.30867
0.48447
0.36944
0.38949
0.10538
-0.059379
-0.20934
-0.39636
-0.59127
-0.26273
-0.21148
-0.95262
5.5874
-24.128
-23.901
17.184
1.3558
18.335
-16.915
14.186
6.6544
4.3002
11.035
12.787
10.45
-8.4777
-12.034
21.428
21.695
-7.4254
6.346
4.3204
3.8788
3.446
1.018
-0.6121
-1.6575
-0.67861
0.037111
-0.042122
-0.77438
-5.1871
2.4983
2.5743
2.5345
-1.6246
1.4975
-0.078719
-0.097369
1.5941
1.1613
-0.68507
-0.70436
0.65087
-0.24206
0.21725
-0.46759
-0.059324
0.015222
-0.047984
0.10312
0.19878
0.31332
-0.11667
-0.020875
-0.12711
-0.11285
-0.16487
-0.0413
-0.11222
0.032229
0.89068
2.7788
-2.1649
3.0224
0.24809
0.71544
-0.73001
-0.68612
0.1759
0.52738
0.30536
-0.071812
-0.34837
-1.3488
-0.75538
-0.72551
-0.38671
-2.0206
0.31559
-0.76889
-0.90471
1.7181
-26.916
14.211
-2.6621
-13.942
14.802
-7.2637
12.691
16.437
0.31868
10.884
10.775
-5.5184
4.7875
6.3421
-1.0594
13.661
-1.1506
4.7916
4.5146
-0.28699
0.42278
-0.34491
-1.1597
0.11152
-0.50136
-0.63842
-2.3361
1.5658
0.24204
2.7498
3.3747
2.9196
-8.7354
7.0461
0.41796
0.32904
-3.4137
0.18222
0.24915
-0.17496
-0.14674
-0.13038
0.18815
-0.01795
-0.059344
-0.17885
0.14258
0.00028048
0.31663
0.41081
0.39177
-0.1302
-0.17219
-0.14113
-0.15865
-0.21172
0.40653
1.1302
0.37799
-1.8693
1.3675
0.94964
-0.14966
0.13987
0.66908
0.13998
-0.14313
-0.3053
-0.72212
-0.68614
-0.53074
0.018732
0.69825
-1.5302
-2.0435
5.3397
12.542
-5.5343
2.9757
-16.095
-16.175
31.739
-17.246
28.426
2.8984
4.5076
4.513
-1.4852
14.624
-5.9444
-2.7571
18.763
18.872
18.68
1.8799
-4.5499
0.17223
-5.8408
-3.9513
-0.82122
-1.4712
-1.3762
-0.70953
-0.74238
-4.3141
-4.3389
1.6273
0.30488
4.695
-3.4387
8.5007
8.4586
-1.7803
-0.22079
-14.88
4.7438
4.7806
0.5194
-0.2339
0.16238
-0.0514
-0.42854
-0.1466
0.21785
-0.012767
0.71493
0.040896
-0.030215
-0.34028
-0.056727
-0.54028
-0.51357
-0.31697
1.2616
-0.11254
-1.3076
-0.79995
-1.0767
0.7331
0.75948
0.018015
-0.70488
-0.18786
-0.15843
0.67146
-0.71352
-0.26436
-0.75571
-0.451
-0.84765
-0.52894
-0.62462
-0.214
0.33425
0.51123
4.34
-19.537
14.387
14.304
-12.999
-1.0125
19.35
-17.667
5.2684
22.366
-14.481
9.327
9.3275
-9.8982
2.4701
-6.3972
5.0509
-9.7392
12.273
-8.4654
-0.77814
-2.51
0.96578
0.025921
-0.47041
0.037559
-0.64574
-2.037
-1.3793
-1.6883
-0.35353
5.1124
-0.36058
5.7929
5.8799
9.6787
-8.319
-0.7201
-0.4701
-0.086768
-0.50553
-0.041749
-0.080852
0.11396
-0.21077
0.17996
-0.03509
-0.090969
0.30267
0.28161
0.17999
0.30252
-0.25322
-0.76725
0.45897
0.41214
-0.31997
0.05185
-0.0017573
0.29282
-2.6261
1.3447
0.61247
0.77697
0.90522
-0.78871
0.71246
-0.011728
1.3613
0.060072
0.47858
-0.52676
-0.81725
-0.56927
-0.68979
-0.092818
-1.1565
-0.75653
5.8317
15.026
11.506
11.085
11.032
21.005
3.8177
18.999
-15.824
18.38
10.528
16.951
4.9105
-10.973
6.9562
-13.079
12.646
1.8498
-2.4556
-4.1276
-1.6685
-0.091328
0.054743
-0.15016
0.39229
0.31771
-1.3203
-4.1837
-2.1344
2.0119
1.2499
1.8928
2.0945
0.99673
0.92708
4.3854
3.4433
-5.5418
-6.5704
0.57546
0.1567
-0.40085
0.23115
-0.080823
0.29427
-0.2044
-0.087058
-0.067864
-0.065018
0.021413
-0.58206
0.55949
-0.0093714
0.29826
-0.32081
-0.50819
-0.048403
1.1866
1.6065
-1.4135
0.88342
1.6962
0.64043
0.061617
-0.3708
-0.35924
0.46692
0.50858
0.090887
-0.4078
-0.74663
-0.82937
-0.73267
0.21406
-1.228
-0.60983
-0.94699
-2.53
-0.1398
1.0049
-27.768
14.213
5.9416
8.8312
8.8081
23.211
17.057
-5.6358
-0.79568
-0.9698
-1.1578
8.3334
1.6657
-8.7612
-6.3971
-6.2846
3.9596
-1.2538
-5.2432
-5.6619
0.18938
1.4026
-1.2001
-1.4154
0.12763
0.099914
-0.90907
-0.83523
-2.4103
0.18213
2.4867
1.0716
0.71714
1.9474
1.949
-3.9216
0.57118
0.50876
-0.12431
0.07421
-0.072419
-0.074569
-0.095531
-0.40694
-0.11388
-0.17749
0.082888
-0.045408
0.26773
0.23446
-0.39997
0.36209
-0.20539
-0.37806
-0.3863
0.17184
1.0413
0.7888
-1.3812
0.88055
0.67484
1.0378
0.15257
0.34691
0.10405
0.14488
0.031332
0.23421
0.063592
-0.79488
-0.99081
-0.55372
-0.61558
0.31908
-1.7892
-1.5962
0.53571
1.1317
5.4171
-16.744
-16.788
14.983
11.241
-13.642
-4.9791
-4.9519
-3.0086
-6.588
11.272
-3.4255
-3.5093
-6.0589
7.2138
13.146
7.4373
7.6918
0.85219
-1.9407
-3.7715
1.4256
-0.87112
-0.42301
0.02045
0.60592
-0.72538
0.7807
2.4898
1.5861
-0.88029
0.77686
0.27843
0.24131
3.6857
-15.041
4.8416
0.68089
0.66103
-0.49541
-0.022781
0.081491
0.33692
-0.43589
0.16547
-0.1795
0.14209
-0.084639
-0.511
-0.040443
0.53801
0.074319
0.03859
-0.0574
-0.16571
-0.15624
-0.33522
-0.31804
1.5038
-0.32283
-2.6148
1.1593
1.6941
0.28113
-0.040124
0.030779
-0.10457
0.21796
0.17299
0.051278
-0.0354
-0.53666
-0.62922
-0.71433
-0.55144
-0.52914
-0.43267
-1.5656
-1.2643
2.4731
0.13178
-24.32
11.763
11.625
-11.688
9.9594
-17.948
17.095
-4.0518
-4.2198
3.8182
2.3823
-2.0927
-1.9684
1.2563
-7.7073
16.257
0.71276
0.61703
15.419
5.6927
0.75745
-0.63712
-0.56026
-0.72235
-0.32356
-0.14681
0.137
1.8192
1.9261
0.20283
5.4887
3.4174
-5.9744
3.7976
-0.012263
-0.34516
-0.18639
-0.12992
-0.13728
0.43594
-0.47688
-0.24054
0.58149
-0.7135
-0.65808
-0.075354
-0.33355
0.41394
0.22833
0.30537
-0.65274
0.47466
-0.12191
-0.20411
-0.22134
-0.30984
-0.22588
0.76199
1.0066
-0.99427
0.31511
0.1565
0.1079
-0.036502
0.45285
0.18345
0.43914
0.41211
0.30082
-0.053449
-0.23629
-0.60941
-0.81421
-0.89113
-0.86686
-0.35363
1.1912
0.15195
0.44465
-0.65751
16.313
0.51792
0.38517
7.2857
-4.0667
2.6921
17.536
17.46
-1.8175
10.559
12.836
10.947
-16.394
-16.279
15.698
4.5327
15.401
8.7998
8.8661
-0.72777
2.9349
-0.59814
-0.94029
-0.53525
-0.30537
-6.2783
1.365
2.922
4.1039
3.6267
-0.53885
4.117
7.5915
7.431
-8.4378
-1.4888
-0.5005
1.0407
-0.24615
-0.33867
0.12675
-0.15115
-0.36124
-0.74737
-0.64882
0.15497
-0.075502
0.25804
-0.24685
-0.11525
-0.12058
-0.16884
-0.59994
-0.20236
-0.19768
-0.050467
-0.17183
1.2818
1.4841
-1.5597
0.11983
0.47078
0.78299
-0.26966
-0.17669
0.25952
-0.31019
0.26496
0.36914
-0.0035385
-0.48107
-0.79445
-0.67483
-0.64423
-0.27572
-0.055579
-0.269
-0.51261
-0.42502
-0.29799
-25.997
13.067
2.2825
-17.861
-17.896
8.2891
-4.6182
15.762
11.083
10.999
-8.974
-8.3394
-16.863
28.48
28.719
-14.822
25.523
2.4711
0.36438
-2.6061
-3.0154
-5.8281
2.5977
-0.21223
-0.57217
-1.6646
-0.27201
-1.1593
-0.59382
-3.5225
1.2599
-0.4084
-1.2507
-2.6988
4.1231
0.55191
0.94279
7.0488
-6.0141
7.5433
-0.78798
0.0050383
-0.38623
0.20701
0.31482
0.069245
0.10711
-0.19029
-0.36214
0.28993
0.08225
-0.049741
0.43376
-0.21397
-0.20828
0.071741
0.42369
-0.15585
-0.063096
-0.23349
0.54953
0.98917
0.51922
0.65046
-1.5361
0.93363
0.75031
0.75605
-0.37581
0.65388
0.29556
-0.060841
-0.69232
-0.89758
-0.52012
-0.29406
-1.4034
-0.14959
-0.87929
0.61699
2.0183
-1.7271
22.29
-11.541
10.331
-15.104
7.8384
-6.6467
17.843
0.074992
1.7382
-1.5582
29.435
0.18509
17.133
-4.8405
4.7891
0.72072
-14.914
-1.8406
-0.31381
-5.1479
-2.324
-0.29741
-3.3139
-2.4966
-1.437
-0.79329
-4.6602
0.39687
3.3185
3.2859
4.2398
1.8834
1.9715
0.2969
8.3758
0.15031
-12.385
0.061332
-0.40496
0.2297
-0.15752
0.053875
0.14507
-0.074264
-0.17236
-0.063505
0.030817
0.33979
0.064315
0.085287
-0.019116
-0.35669
-0.084956
-0.039754
-0.17639
-0.11305
0.2432
2.22
-0.4187
-3.4573
-0.27238
0.79302
0.020656
0.96841
0.20598
-0.32103
0.080408
0.62936
-0.06914
-0.22344
-0.23182
-1.6763
-0.74935
-1.0445
0.0083395
-2.0605
0.52369
2.8666
-16.826
0.090937
-3.8588
-0.2803
2.1819
14.023
15.926
1.3318
-3.6308
13.955
6.559
4.0266
3.563
18.188
12.501
-13.103
0.13792
-0.72671
-1.9214
0.22127
-0.26429
-0.14272
-0.31381
-0.91502
-1.5984
-3.2034
0.28492
-3.1741
2.9805
3.0003
0.40205
1.6401
0.15008
0.46426
-0.70699
-0.89701
0.13593
0.97591
1.7171
0.79967
1.0714
1.1217
-3.005
-0.76674
0.76273
1.2406
-0.04728
-0.13945
0.011697
-0.063417
-0.16775
-0.19324
-0.26774
-0.32553
-0.40447
-0.40204
-0.38183
-0.42757
-0.36999
-0.16114
-0.28281
0.18009
0.026336
-0.07649
0.084779
-0.12738
0.0050584
-0.0089897
-0.18615
-0.14785
0.11257
0.033639
-0.8359
0.2574
0.51738
-0.30816
0.012765
0.48388
-3.9472
-5.6299
-4.7628
4.6538
-5.7115
2.5802
-6.8939
-1.7527
11.079
-19.84
23.32
-10.963
20.554
5.7865
18.578
12.745
-16.463
18.643
-8.4241
-5.0293
9.0244
7.2476
3.8645
2.3927
-0.95743
-1.5992
-0.70268
-0.784
-0.22218
-0.93451
1.06
-0.079978
-0.14614
-0.14552
-0.29724
-0.54318
1.9194
-0.14124
0.14615
1.3353
-0.63702
-0.96722
0.15687
0.16607
-0.12946
-0.11243
-0.18972
0.013814
-0.33447
-0.19013
0.092282
0.02508
-0.09807
0.15316
-0.37171
0.35242
-0.3661
0.14182
-0.11047
0.0129
0.078549
-0.37177
-0.27064
0.15037
0.88363
1.5934
-1.0124
-1.1902
1.6336
0.63894
-0.065794
-0.064811
0.25058
-0.42335
0.063085
0.23701
0.26527
-0.67672
-1.337
0.14148
-0.73726
0.039751
0.1593
-2.5464
0.93032
-0.43108
3.0259
-1.9494
-28.432
14.303
16.284
16.345
5.1648
18.647
-2.6438
-0.10036
-0.28493
12.207
-5.3402
5.5137
-4.0338
15.163
-10.091
16.456
-13.932
-25.128
-25.584
-0.71897
-2.1657
-2.4644
0.12744
-0.72552
-0.48921
-0.027102
-1.7409
-1.2905
1.0334
-0.57036
2.5587
-0.94949
-0.92152
5.3214
2.513
-1.4325
1.5126
3.971
1.9405
-2.3175
0.38189
0.27914
0.19703
0.14019
0.16922
-0.38002
0.13407
0.31075
0.32123
-0.4636
0.63862
-0.15107
-0.23648
0.29984
-0.11995
-0.77474
-1.8488
-1.822
1.726
0.28021
1.4281
-2.135
-2.3572
-1.0661
2.4734
0.79464
1.0903
1.0265
-0.74814
0.25465
0.053003
0.64335
-0.086168
0.42459
0.0069145
-0.32343
-0.45242
-0.18122
-0.0081889
0.14145
-0.49891
-0.19849
-0.21786
0.025593
-0.32861
-0.2391
-0.31609
-0.283
-0.014809
0.4351
-0.019718
0.21756
0.24606
0.23495
-0.052879
0.31397
0.12129
0.12195
0.18921
0.034125
-0.11643
0.24565
-0.032083
0.2435
0.04143
0.42853
-0.031721
-0.076062
0.075385
-0.30483
-0.29781
0.16419
-0.45769
0.23723
0.011291
-0.07365
-0.18135
-0.1577
-0.15146
-0.031294
0.0002338
-0.18075
0.20022
0.21083
-0.056214
-0.15015
0.04966
0.14804
0.43883
-0.26269
0.001896
-0.0057643
0.041532
0.089213
-0.18926
-0.0079782
-0.18595
-0.17997
0.053834
0.16804
-0.0028041
0.0518
-0.046724
-0.000431
-0.018249
-0.031154
-0.030638
-0.13875
0.087846
0.019467
0.051526
0.02354
0.016996
-0.11543
0.019872
-0.072456
-0.094715
-0.093175
0.025
-0.071669
0.11512
0.008425
0.021898
-0.046214
-0.033918
0.019773
0.080187
0.078048
0.035307
-0.026395
-0.031387
-0.0024396
0.0043375
-0.0055075
-0.014721
0.0075491
0.010351
0.012887
-0.029757
0.046499
-0.023155
0.039523
0.0037334
0.0086664
-0.049417
-0.016089
0.052812
0.052704
0.096907
0.0070011
0.030484
0.032308
0.033859
-0.068417
-0.02447
-0.040722
0.01252
0.014686
-0.044137
-0.027808
0.022823
-0.0080471
-0.0036281
-0.04186
-0.0048881
-0.0053441
0.040527
0.043078
-0.0078735
0.059205
0.029905
-0.033219
-0.040319
0.03347
-0.030716
-0.019307
-0.053346
-0.053274
-0.0059671
0.012313
-0.0063153
0.0082669
0.0083057
-0.015471
0.03844
-0.0085073
-0.024391
-0.024654
-0.008618
-0.017784
-0.00456
0.028427
0.027459
-0.044045
0.019851
0.029848
-0.0067791
-0.0057568
-0.0035204
-0.01533
-0.016278
-0.024923
-0.025215
-0.015268
-0.0033312
0.015012
-0.00174
-0.007351
-0.016158
0.032327
-0.045745
-0.0038542
0.00033674
-0.033829
-0.0059858
0.024097
-0.010633
-0.012967
0.033312
-0.04356
0.048012
0.026886
0.026487
0.042792
-0.0011169
0.004425
0.017765
-0.014895
-0.01786
-0.02279
-0.0055149
-0.0029672
0.01001
0.045226
0.0050428
-0.018222
-0.017273
0.0098349
-0.0071237
0.083715
-0.022418
-0.022474
0.0082863
-0.0036997
0.018514
0.013711
0.013545
0.037501
-0.045082
0.010996
0.017789
0.019309
0.00040242
-0.015945
0.02671
0.00020725
-0.0040746
-0.052451
-0.002396
-0.010956
-0.0024928
-0.0033546
-0.012405
-0.014416
0.0062516
-0.00091875
0.00031051
-0.022373
-0.013243
-0.0030561
0.023432
0.023913
0.0076185
0.01805
-0.0066699
0.013787
0.013796
-0.019444
0.029745
0.020419
-0.012162
-0.010852
0.01175
-0.019894
-0.0030457
-0.0069117
-0.0076461
-0.02174
-0.03629
0.0056515
0.0098089
0.010976
-0.0029513
0.0077588
-0.024512
-0.0093288
-0.010647
-0.013507
0.053667
0.006997
0.01372
0.018633
-0.012002
0.012296
-0.0072415
0.036346
0.036181
-0.00016875
-0.0086299
-0.03991
0.013196
0.011067
0.017673
-0.022617
-0.0098399
-0.014812
-0.016745
-0.013949
0.0023635
-0.026714
-0.020256
-0.01836
-0.0095522
0.018549
-0.015415
-0.002173
-0.002692
0.011293
-0.0089137
-0.037943
-0.0058472
-0.0054106
-0.0065857
0.011261
0.08538
0.062074
0.061642
0.0098607
-0.11418
-0.078174
0.018502
0.016308
-0.06088
0.04844
0.049954
-0.06199
-0.061142
0.0061013
-0.02151
-0.016053
-0.00029689
0.01405
0.022056
-0.0029151
-0.016762
0.0062717
0.010435
0.0016912
0.060885
0.0054615
0.013525
