0.080653
-4.701
-4.6901
-2.7598
-3.0426
3.7773
1.3609
-0.048391
0.015222
0.012206
-0.054433
0.036235
-0.083985
0.15647
0.15382
0.0023457
-0.0427
0.080705
0.0272
-0.026949
-0.026814
-0.04547
-0.071112
0.10388
0.054146
-0.022936
-0.34194
0.19743
0.17965
0.011175
0.010653
-0.022314
0.064955
-0.018378
-0.06465
-0.063511
0.0032706
-0.17851
0.13112
-0.022906
-0.023112
0.12111
0.070956
0.010561
-0.22902
-5.2824
-8.3583
5.5111
6.5862
5.889
9.6914
-4.558
3.4443
-4.5689
-5.5282
1.5997
4.8989
-5.4863
-2.1777
-0.85839
-0.70495
1.5396
0.3478
-0.45393
-0.59202
0.26725
-3.0195
-7.1809
-7.1881
4.6488
7.2511
-5.3683
-0.052874
-0.68517
2.1269
-2.0681
-2.2023
-0.75609
-0.30968
-0.016106
-0.066536
0.080507
-0.022311
-0.050392
0.084692
0.025938
0.010807
-0.0017269
-0.031646
-0.18453
-0.01788
-0.36949
-0.35157
0.20236
0.13494
0.039724
0.058648
0.31884
0.059384
0.15281
-0.12883
-0.049443
-0.094076
0.019123
-0.038299
0.096891
0.029141
-0.0042653
0.020069
-0.022515
-0.013032
0.099564
0.0053904
-7.5342
-5.3331
2.7563
-13.075
-13.336
13.584
5.5398
-2.4951
-4.9
4.2959
-2.293
-2.8312
-2.9771
-6.4148
11.68
11.471
0.2356
-0.032695
0.85174
1.0384
-0.64089
-0.61465
-1.0902
-0.1304
-0.44173
-0.41904
-2.1781
0.55819
-0.67488
-1.7089
-0.7593
-0.45457
0.55601
-1.4079
0.013042
-0.076732
-0.060205
-0.042633
-0.059354
0.067336
-0.051124
-0.037289
-0.037534
0.017581
-0.045151
0.16631
0.08424
-0.061824
0.081566
0.084973
0.024238
-0.22189
-0.27652
-0.29025
-0.3108
0.7283
0.29559
-0.23629
-0.2351
-0.0037783
0.14417
-0.067578
-0.049177
-0.048336
-0.077797
0.042327
-0.064312
-0.16894
0.02856
0.045724
-6.4029
-4.1085
0.0096768
-11.872
-11.774
7.7266
7.1948
4.0594
14.964
14.944
-0.83202
-1.1031
-1.7517
5.6665
-3.3548
2.6817
5.9924
-1.6419
0.79223
-0.0184
-0.1955
-0.13284
0.27293
0.52889
-0.89644
-3.9441
4.6959
-3.3887
4.3269
0.41386
-4.1234
1.8237
1.2702
-1.825
-0.057935
-0.084161
0.0011547
0.00042076
-0.10516
-0.038591
0.030987
0.032722
-0.024761
0.097941
-0.10857
0.016378
-0.050168
0.30889
-0.0046352
0.0047651
-0.13303
-0.1336
-0.30965
-0.00029819
-0.083717
-0.26589
0.087019
0.10303
0.19475
-0.38313
-0.0191
0.051476
0.05978
-0.05328
-0.050479
-0.12336
0.098171
-0.058757
-0.057533
-0.18904
0.16266
0.16206
-0.31122
-0.022735
0.13667
0.21714
-4.4071
-4.2124
14.595
-1.4914
4.4311
0.076172
0.06077
0.77184
-1.7595
-0.95751
-0.07416
4.968
5.0556
-6.4058
-1.0153
1.0604
1.042
0.056699
0.018346
0.46989
-0.59478
-0.71136
-0.72383
0.2874
-0.2328
-0.05352
-1.073
2.2115
3.6546
-2.7873
-5.8475
1.7058
1.6715
-0.48018
-0.080336
-0.058743
-0.037859
-0.044184
-0.030357
-0.0045817
0.10257
-0.054119
-0.051785
-0.016776
0.058221
0.0162
-0.036268
-0.035446
0.0060268
-0.009779
-0.06717
0.042867
-0.12994
0.065881
-0.0041934
-0.53764
0.50143
0.49951
0.19573
-0.12081
-0.11933
-0.011615
0.048538
0.014444
0.018304
0.0032593
-0.094242
0.062036
-0.064326
0.045078
-0.017527
-0.17033
-0.17017
-0.020807
0.21337
-0.81231
-0.8247
-0.035356
4.7598
4.761
5.1202
-0.47314
-4.2192
-4.1488
0.60728
-3.8479
5.4307
5.4379
-1.9266
1.5275
1.8806
-0.084758
-0.11434
0.32411
-0.16847
0.0029137
-0.19592
-0.091537
-0.1025
0.061264
-0.45804
-1.7972
-2.9275
0.037827
2.7439
3.327
3.3217
-1.5314
-3.1465
-2.7094
3.8799
-0.91675
-0.8729
-0.011847
0.0072066
-0.0068233
-0.00705
-0.13638
-0.13603
0.10162
0.096433
-0.039772
-0.039807
-0.039389
0.091076
-0.074659
0.010679
0.096337
0.017742
-0.0053546
-0.048298
-0.22402
0.5117
0.48552
-0.0006475
-0.10847
-0.092607
0.053285
0.13076
-0.14466
-0.069818
-0.0082046
-0.0084158
0.0056301
0.034679
0.032821
0.026523
-0.17072
0.082931
0.072607
0.026021
-0.22596
-0.93469
-1.2583
-13.1
-2.6921
-3.353
0.44552
6.3487
3.9473
0.43903
-1.6698
-0.79978
-0.30475
1.7726
4.827
3.7958
3.8391
-0.29148
-0.098824
-0.047349
0.52497
-0.11678
-0.11747
0.22588
-0.15287
-1.1541
-5.1501
-5.1488
-0.36019
-0.53947
0.40587
0.38521
-3.1914
-1.5912
-0.54373
-0.021635
-1.4769
-1.4554
-0.089849
-0.12972
-0.028463
-0.078081
-0.021531
-0.021627
0.088406
-0.11749
0.04152
0.028521
-0.16692
0.097835
-0.078957
0.0099647
0.0093492
0.055687
0.074615
0.068866
0.021839
0.057554
-0.01506
0.16913
-0.071608
-0.011449
0.076157
0.097529
0.015652
-0.06633
0.023685
-0.035446
-0.03427
-0.022159
0.077179
0.0039446
0.090868
-0.21846
-0.24948
0.13236
-0.15473
-2.4668
-6.3576
-6.2261
-1.745
8.9046
8.9252
3.0973
3.6612
-0.90317
-1.0883
-2.8489
-2.9281
3.8477
1.4856
5.8343
12.316
-0.65714
0.13962
0.14701
0.21435
-0.27266
-0.086536
-0.061169
-0.058653
-0.4014
-0.21853
-4.4258
2.4573
2.1843
2.1699
1.9858
0.59791
0.36311
0.72228
0.72904
-2.6351
-1.5215
-0.066124
-0.016014
-0.068687
-0.038785
-0.059468
0.033533
0.035127
-0.010496
-0.086441
0.030614
0.026706
-0.0092628
0.16328
-0.031794
0.02375
0.014441
0.087889
-0.043485
-0.11721
-0.27632
0.24128
-0.14682
-0.14932
0.0064651
-0.045732
-0.07058
0.080917
0.05651
0.056618
0.078162
-0.063269
-0.041666
-0.061631
-0.062224
0.080711
0.053693
0.091588
0.096829
-0.1373
0.33494
-0.51739
-5.8018
-3.9031
-4.0735
-0.93922
-2.2434
9.4253
7.0102
7.3704
-0.75568
0.35076
3.2286
2.9802
-2.6234
4.1484
-16.444
4.2197
0.25519
0.12233
-0.42357
0.21132
0.015651
-0.39545
-0.39374
0.10638
-0.22265
1.7644
-0.20917
0.70592
0.71387
2.3092
1.7536
-2.452
-0.62116
-0.62706
-3.0522
0.018318
-0.025871
-0.024632
-0.052966
-0.052007
-0.093631
0.041971
0.0058731
0.0051339
-0.0095022
0.021265
-0.12401
0.077605
0.079765
0.030212
-0.058729
-0.068404
0.047948
-0.065425
-0.064976
-0.31191
0.17957
0.051455
-0.0095448
-0.094824
-0.096269
-0.060363
0.1101
-0.015978
-0.014012
0.032423
-0.10346
0.063217
0.058789
0.058782
0.00062941
-0.078001
-0.096504
0.12489
-0.34551
-1.5269
2.3407
-0.47908
-6.4907
3.3081
-0.77486
9.0489
2.7209
-1.6453
-1.1017
-0.34955
-0.72947
-0.7606
-3.3453
-0.17135
9.4981
-9.4672
-9.3732
-7.8617
2.5341
-0.086225
-0.098529
-0.0067451
-0.0067432
-0.14151
-2.099
0.93365
0.92212
1.9677
1.242
0.84391
-0.1462
0.057182
0.06184
0.43183
-0.2388
-0.09939
0.054432
-0.12362
-0.011517
-0.062925
-0.0096203
0.053078
0.052888
-0.1305
-0.0094197
-0.005725
0.10558
0.0017611
0.16597
0.014061
0.058776
-0.11519
0.042215
-0.026878
-0.082424
1.2647
-0.75287
-0.74409
0.21036
-0.16976
-0.00075678
-0.020965
0.1402
0.13878
0.10274
-0.078044
0.028176
-0.0071682
0.023405
0.035592
-0.035819
-0.025311
0.14642
0.014505
0.065597
1.2237
-2.4867
-2.683
-11.851
-4.1136
-1.1054
5.7273
5.7298
-2.7012
3.0966
3.4348
-1.6066
-5.6745
-5.6531
2.6875
3.2984
-0.99203
-1.0469
-1.1595
-0.057511
-0.054167
-0.076766
-0.0096596
-0.012626
-0.10787
0.9566
-1.1785
-1.4613
-0.99954
-0.99866
-0.48135
2.5112
-0.54536
1.2889
1.3024
-1.9764
-0.97261
-0.53108
-0.15715
0.092356
0.092408
-0.062532
-0.036236
-0.025174
0.033807
0.03466
-0.079517
-0.0044075
-4.8171e-06
0.049197
0.073279
-0.0034083
0.047042
-0.057461
0.12921
-0.070545
-0.10688
0.17021
-0.13314
0.13736
0.1295
-0.05112
0.026674
0.0091081
0.0096427
0.007409
-0.018692
0.081769
-0.037424
0.0039622
0.0035399
-0.055075
-0.0036485
0.043855
0.14964
0.14049
-0.094089
-0.67027
-6.0214
-8.9149
-4.6069
-0.062481
0.22206
8.2964
1.9521
2.8748
2.8035
-3.163
0.71815
1.2147
1.1867
9.5212
-3.6566
-14.302
5.4354
5.784
0.10895
0.25041
-0.087062
-0.065476
-0.0054049
-0.15394
-0.15396
-0.3989
0.77183
-4.2103
2.0137
2.549
3.1522
-1.8956
0.94681
-1.4852
-0.96649
-0.93929
-1.2355
0.091962
-0.15616
0.020036
-0.025306
-0.072773
-0.010077
-0.0022378
-0.09747
0.073196
-0.023932
0.031648
0.031606
-0.01728
0.015149
0.014778
0.022539
-0.12526
0.14452
-0.06138
-0.24182
-0.0019022
-0.12252
-0.1159
-0.11446
-0.073328
0.069109
0.041326
0.06433
-0.063397
-0.0014818
0.010853
-0.022888
-0.049568
0.0043233
0.002938
-0.22265
0.24097
0.19301
-0.27295
-0.55465
-9.6674
-3.1645
-1.6622
-5.8774
6.2261
6.082
2.8458
2.8886
1.3871
-0.18545
-0.48617
0.5729
-2.3378
-4.0438
0.1927
0.18038
-0.2612
0.12961
0.088228
-0.057844
-0.061201
-0.017302
-0.038865
-0.072922
0.12511
-1.2208
-2.1173
3.178
0.90865
1.9962
2.295
0.17043
1.1004
-2.2959
0.3189
-0.025565
-0.0011943
-0.0032425
-0.046986
0.030318
-0.066617
-0.022359
-0.032268
0.00011043
0.18547
0.18575
-0.14361
-0.057761
0.075712
0.054342
-0.019295
0.0077187
-0.21003
-0.10516
-0.093674
0.04034
0.81562
-0.057406
0.057465
-0.12815
-0.13545
0.19611
-0.024442
-0.023803
0.036479
0.063605
-0.035026
-0.0098377
0.017607
-0.061509
0.053045
-0.025726
0.31555
-0.15409
-0.21645
0.29921
-0.97506
0.8779
-0.99264
-3.1728
-0.92771
6.2164
0.5314
-2.0911
-2.0139
11.553
-1.2012
-2.4706
2.0137
-4.1787
-3.6396
8.767
-10.397
8.4507
-0.10785
-0.11763
-0.044523
-0.0076114
-0.019981
-0.068986
-0.087771
0.15568
-0.78389
1.1181
0.88954
3.3171
3.3149
3.708
-1.9958
-1.6876
-2.6652
-1.4973
-0.63159
-1.1867
0.015777
-0.052231
-0.06098
-0.0018374
-0.10321
-0.014099
0.063352
0.065806
0.13548
-0.06351
-0.12502
0.038929
0.14169
-0.088945
0.10037
0.06652
0.0073921
0.11446
-0.23704
0.54435
1.3513
-0.10862
-0.12461
-0.036541
-0.025879
-0.029894
0.071096
0.071355
-0.057448
-0.035116
-0.051807
0.026475
0.011248
0.047942
-0.041514
0.15583
0.16094
0.66981
-0.44656
2.2209
-9.5351
-9.4564
-8.0686
1.1671
4.0135
5.6884
4.8528
4.8004
5.9891
-2.282
-1.1663
4.5105
2.3769
-15.034
8.6151
0.47138
0.036286
0.079913
-0.061611
-0.026225
-0.042201
-0.011753
0.21324
0.21334
-0.25132
-0.44886
-1.3105
2.2201
2.618
-0.12618
-0.12905
-2.3769
4.3448
0.97811
-1.6406
0.1455
-0.044189
-0.037902
-0.037944
0.0089124
-0.04755
-0.040852
-0.049754
-0.046159
0.10418
0.027988
-0.10414
0.10992
-0.06025
0.029366
0.014741
0.069121
-0.045862
0.09786
-0.0071867
-0.0057907
-2.2694
-0.11694
-0.027639
-0.023075
-0.072945
0.16026
0.11801
0.018146
0.0066493
0.0045892
0.011149
0.0052123
0.009785
0.016718
-0.029962
0.0012444
-0.0028526
0.058189
0.3937
-0.19748
-4.0554
-2.8952
-9.7404
-5.2377
4.4418
2.594
4.8733
3.5447
2.6098
6.2888
1.1131
2.1732
-0.044174
1.1448
-3.4487
5.0444
-1.0395
-0.10788
0.10351
0.11089
0.053034
-0.058157
-0.0547
0.2375
0.23629
-0.7998
-1.6327
-0.42728
3.704
-0.0068125
-0.016374
0.13529
1.3621
-5.6731
-5.7293
-0.1587
0.13601
-0.087383
-0.050548
-0.049624
0.00038537
-0.080492
-0.009121
-0.07
-0.018367
-0.018335
-0.029131
0.087568
0.047519
-0.036991
0.08723
-0.076091
-0.17636
0.24968
0.0040608
0.32697
1.4494
-1.9166
0.16785
-0.024153
-0.023473
0.18999
-0.014535
0.058025
-0.021222
-0.023354
0.18355
-0.069334
0.1062
-0.042353
-0.025099
-0.016328
0.058165
-0.020958
0.2726
0.27877
-0.049375
-12.374
3.9212
3.7204
3.7992
7.0229
4.7893
1.6735
-0.51464
-0.73937
-1.7103
3.1736
1.4782
-2.2519
-0.3573
4.6069
2.1708
-1.0047
0.53478
0.39929
-0.076946
-0.0095945
-0.044357
-0.14146
0.07168
0.083397
-4.2789
0.9168
1.1195
4.3425
4.3427
0.33153
-1.392
-2.5404
0.39288
-1.1295
-1.1584
-0.0052283
-0.059212
-0.066537
-0.058618
-0.057977
-0.04678
0.011763
-0.10649
0.045505
0.047437
0.020331
0.035313
-0.12574
0.076756
0.032545
-0.028083
-0.027668
-0.06162
-0.18838
-0.23598
-0.28047
0.25798
-0.044224
-0.099524
0.12294
0.12249
-0.067885
-0.033755
0.02264
0.015394
0.075461
0.034133
0.12879
-0.11821
0.099144
-0.2018
0.35665
-0.050689
-0.035198
-0.80964
-0.70945
-0.70194
-16.036
2.5889
-5.0985
6.7562
2.8947
3.1019
1.5386
-4.7323
0.14598
0.15113
3.9828
-2.9199
-6.806
-0.43627
0.050176
-0.037042
0.095608
0.093219
-0.032737
-0.04872
-0.0058959
-0.026508
-0.85211
0.533
-0.55538
0.37813
1.2793
1.1309
4.5415
-1.431
-0.60062
-2.0704
1.1593
-0.24809
0.041429
0.070181
-0.063526
-0.10188
-0.08767
-1.1779e-05
0.0089441
-0.14455
0.014775
0.0066223
-0.080071
0.086898
0.094794
-0.033037
0.042431
0.0042774
0.1042
-0.012143
-0.036772
-0.062031
-0.097608
-0.075424
-0.0669
-0.10277
0.86743
0.016494
0.0095156
0.023787
-0.0026702
0.04368
0.019455
-0.071437
0.013492
0.10665
0.018654
-0.21935
0.069951
0.11176
0.34265
-0.072468
-3.3954
2.5069
-2.5739
-6.2104
5.0549
0.51144
4.2689
0.38496
4.2212
-4.8137
4.7865
0.25473
4.553
-4.855
0.84673
7.6956
-9.3041
-2.6903
-9.674
9.6476
0.2878
0.1291
0.10195
0.031393
-0.054708
-0.053232
-0.055204
-0.19257
0.37161
-0.42529
0.4948
0.57273
2.1355
1.4089
-1.2237
0.16845
-0.58964
-0.23385
-0.020951
-0.021025
-0.05184
-0.013813
0.032513
-0.020366
0.040922
-0.0087994
0.086991
-0.056201
-0.028361
0.1334
0.019609
-0.016026
0.071599
0.016025
0.012044
0.011976
-0.18188
0.18027
-0.16033
-0.032019
0.38112
-0.27308
-0.055899
-0.17304
0.021819
0.0033148
-0.0011395
0.061191
0.09551
0.052704
-0.044775
0.031785
-0.035281
0.03463
0.12199
0.15856
-1.0314
2.051
-5.5788
-3.3309
4.2264
-0.95991
-2.4485
4.2153
1.5712
1.0996
7.4203
-1.638
4.5141
-3.5737
3.8724
6.8287
-4.999
-13.727
3.2382
2.1035
-0.80638
0.27731
0.36935
-0.069781
0.013567
-0.040879
-0.051215
-1.4972
2.045
2.1942
2.0928
0.13082
-1.0522
-2.8122
1.0936
-1.9506
-0.19654
-0.021342
-0.1027
-0.044048
-0.020504
-0.044851
0.055178
-0.13288
-0.021663
0.0073205
0.056218
-0.10268
-0.09503
0.027058
0.029176
0.026958
0.0092935
0.10685
0.11337
-0.37904
0.2835
-0.031853
-0.095356
0.10235
0.10132
0.15723
-0.021222
0.040629
-0.12364
0.039335
0.032963
0.03292
-0.0408
0.041991
-0.031009
-0.094147
0.061012
0.10207
0.13017
-0.49641
3.3255
-11.935
-3.2058
0.017115
5.0748
5.1759
1.0935
2.9615
7.3277
0.28436
-3.0752
-1.3436
3.9279
-2.551
7.0022
2.8226
-9.1206
-2.9234
0.72596
-1.1597
0.098201
0.01146
0.15317
-0.12387
-0.13565
-0.030765
0.010469
0.54902
-0.33731
1.7885
1.4007
4.0108
4.0146
-0.33898
-2.371
-0.031022
-0.023335
0.01888
-0.035925
-0.035913
-0.079464
-0.011589
0.017651
-0.00053412
-0.10149
-0.10169
0.01182
-0.041697
-0.034791
0.018797
0.013968
0.14741
-0.0092104
-0.082813
-0.087021
-0.0030034
0.23111
-0.16224
-0.10145
-0.13905
0.016589
0.030946
0.0052874
0.050482
0.041476
0.077464
-0.0067742
0.10923
-0.01514
0.053224
0.053685
-0.27083
0.38239
0.39537
-0.19244
0.12963
0.12532
-1.1133
-15.741
-1.7071
-10.089
5.0849
4.407
0.48865
5.8002
5.9607
-0.49444
-0.35144
5.0518
-4.2327
-5.319
0.79289
-9.2968
-2.7498
-7.0394
-0.63962
-0.63169
0.29169
-0.40847
-0.53227
-0.15732
-0.10638
0.90906
-2.5247
1.8566
-1.0642
-1.0603
2.9628
3.1804
-2.2197
0.082435
-0.20261
-0.020339
0.010225
-0.089278
-0.0029023
-0.0023573
-0.091736
-0.0071653
0.1605
0.025214
0.027932
0.093697
0.093571
0.022948
0.19623
0.19518
0.0022803
-0.036674
-0.079427
-0.012899
-0.21309
0.0034077
-0.11373
-0.047906
-0.39617
-0.40708
-0.020589
-0.12844
0.081954
0.037338
-0.033368
-0.032993
0.052782
0.039941
-0.083841
0.10671
0.038545
-0.16472
0.15623
0.025604
0.13262
-0.55449
-3.571
-3.5857
-2.2168
3.6354
-7.6536
1.0486
6.1091
1.6812
-0.56421
4.9975
-1.9523
-1.7469
-1.7351
3.2081
-3.1112
2.1858
2.3641
-8.887
2.2789
0.39081
-0.21816
-0.19104
0.24009
-0.04079
-0.009719
0.0090845
-0.081286
-0.035992
-0.18048
1.0937
3.8996
-4.0782
4.2767
-1.999
0.55754
-0.41999
-0.42507
0.068247
-0.042577
-0.026231
-0.022511
-0.024822
0.077644
0.081923
-0.0051737
-0.078085
-0.069133
-0.067991
0.010311
0.045592
0.026057
0.025821
0.034056
-0.013156
0.00061633
-0.17641
0.11069
0.11121
-0.22929
0.087272
-0.059257
0.58688
0.37794
0.3995
-0.12447
0.043302
0.043178
0.041522
0.043384
-0.006188
0.05708
-0.010209
0.065908
0.065472
0.15043
0.031713
0.076075
0.084804
0.0049803
-4.9592
-9.7818
-3.2572
9.6521
9.7668
2.1501
0.58281
0.60318
-0.58599
2.9633
-3.0592
1.7301
-2.4746
3.2416
4.2806
0.17093
-11.518
-3.5326
8.2207
0.070754
0.042953
0.28029
0.50368
0.079642
-0.097437
-0.097643
-0.01004
0.31919
-0.06439
-0.12429
-0.1258
3.4927
2.0732
1.9235
-5.2556
2.3227
-2.1385
-2.1388
0.27205
0.081824
0.085369
-0.0893
0.057064
-0.065156
0.25276
-0.18345
0.024567
0.085287
0.0056597
0.0046737
-0.095322
0.11834
-0.064232
0.041096
-0.022763
0.020408
0.11054
0.0013859
0.36335
-1.181
-1.169
-0.050172
-0.025908
0.059013
0.015042
0.014585
0.031428
-0.03441
0.011005
-0.0013301
0.023875
0.047176
0.047332
0.006218
-0.064646
-0.054346
0.29305
-0.037092
-0.27986
-15.229
-15.31
-1.1162
-1.1083
5.5512
5.4197
5.645
-3.9034
7.6899
5.7747
-1.9571
-3.8516
3.0535
-0.84373
6.7096
3.2963
-8.8004
2.3393
-0.63925
-0.32942
0.22195
-0.50763
0.038945
-0.028688
0.00085545
-0.24098
-1.0111
0.023041
-2.6627
1.7454
1.7429
0.19132
1.6947
-5.1226
-2.3343
-1.9619
0.046134
0.050479
-0.0091524
-0.044121
-0.052795
-0.071658
-0.019992
-0.019487
-0.062266
-0.023808
0.09522
-0.015614
-0.016327
-0.041704
-0.0095957
0.036126
0.043743
0.041759
-0.064273
0.055582
-0.0026071
0.10231
0.15145
-0.10018
0.38885
-0.14403
0.026884
-0.062689
-0.023525
0.058889
-0.024891
0.031775
0.013653
0.0073385
-0.02836
0.0065912
0.024172
-0.012853
-0.15484
0.097619
0.1456
0.18522
-0.63178
-2.9826
-8.1323
-0.73911
2.8435
1.5834
9.0306
-0.60908
0.81708
-2.6729
4.2361
0.11415
-0.27044
-3.4031
2.1022
-6.2435
-2.6995
-1.8152
7.6008
-0.86142
0.16831
0.1262
0.13318
-0.061662
-0.094685
-0.084172
0.25624
-0.19102
2.3186
2.3871
1.1944
-0.0002043
0.48344
-2.5047
-2.6024
0.041227
-0.11344
-0.033349
0.0080616
-0.058571
-0.048077
-0.067671
-0.021105
0.028479
-0.07096
-0.0057877
-0.015893
0.029574
-0.034777
0.17194
-0.042219
0.06911
-0.016949
0.075059
-0.017311
0.025398
-0.09367
0.12733
0.080771
-0.015735
0.098559
-1.9469
0.1603
-0.033486
-0.1006
0.052495
0.079169
0.030865
-0.020989
-0.018103
-0.078519
7.9559e-05
0.032421
0.018391
0.016327
0.085159
-0.063526
-0.83883
-2.6499
1.2453
-6.4962
7.1279
3.3897
10.147
-0.60057
3.6084
0.022268
-5.0596
0.14371
1.9734
2.1849
-2.5305
-5.244
-2.0244
-8.4715
-1.7926
0.15977
-0.0059894
0.25091
-0.14042
-0.10204
-0.0036306
-0.06464
-0.025848
0.27441
0.19473
-2.0394
1.8674
2.1647
0.60684
0.99171
-3.698
-0.58957
0.17068
0.041939
-0.082201
0.017952
0.0035548
0.11509
-0.01741
-0.05012
0.010921
0.026631
-0.0072083
-0.1162
-0.022697
0.015028
0.029808
0.1023
-0.027165
0.081985
-0.013926
-0.15425
-0.096287
-0.03927
0.0050711
0.30867
0.7677
0.20324
-0.074769
-0.016351
-0.014104
0.15208
-0.0086943
-0.022223
0.01589
-0.083351
0.048881
0.0082152
0.031574
0.025873
0.019269
0.12553
-0.099426
0.31556
-0.090065
-0.58633
-2.0223
-9.1173
4.2409
6.404
0.94912
0.43371
-3.2856
0.9547
-1.209
-4.2211
9.5747
1.8552
1.133
-18.803
11.828
-1.9085
0.22841
-0.049923
-0.25507
0.048226
-0.0076911
-0.027471
0.060852
-0.31448
-0.19809
1.2999
3.8846
0.9483
0.77484
1.572
-1.3031
-0.0032682
-4.4567
0.55696
-0.63662
0.11315
-0.060452
0.0080656
-0.056623
-0.056192
-0.023496
0.21352
0.14282
-0.0024939
0.048557
0.093334
0.099618
-0.0395
-0.012143
0.035456
-0.022719
-0.027266
-0.090348
0.10011
-0.38683
0.99625
0.033792
0.030222
-0.031571
0.037192
0.032649
0.01151
0.021163
0.084979
-0.065397
-0.0020348
-0.0023264
0.10751
-0.029646
0.10737
-0.26333
-0.046495
0.1744
0.12518
-1.1023
-2.0402
-10.92
-11.141
2.9965
6.7455
6.7496
3.4333
6.8345
-1.1022
-1.1893
-0.91816
-0.98144
4.3236
-3.2426
-3.3967
-0.93113
-0.93721
-10.692
3.7871
-0.1464
0.13366
0.090999
0.17107
-0.8978
-2.0172
-0.43515
-0.3879
1.8483
0.97938
1.2154
2.7782
-0.92889
-0.90051
0.37228
-0.27932
0.10259
-0.10455
-0.035012
-0.058025
0.010506
-0.094912
0.10718
-0.066975
0.15513
-0.11517
0.067735
-0.083207
0.090152
0.094996
-0.06823
0.018354
-0.054533
-0.056506
0.037214
-0.009034
0.075311
0.025861
-0.01594
1.0218
-0.83878
-0.17449
-0.18671
-0.10808
0.10534
0.032768
-0.013527
0.098355
0.095482
0.009245
-0.10314
-0.10386
0.2945
0.3075
-0.098842
-0.24141
-4.7294
-10.212
-10.21
6.3968
5.6818
7.9513
-4.0703
-4.0332
4.9358
0.23034
-2.9564
4.1343
3.6313
3.7342
-3.4766
5.5179
-3.5275
-9.5418
7.9327
-1.1053
0.12646
0.11033
0.11282
0.20031
-0.44246
0.063182
-0.05781
-0.18812
-0.1885
-1.3715
-1.157
0.3383
0.69511
1.1206
3.646
-1.6483
0.37645
0.35849
0.034532
0.10022
-0.052807
-0.052185
-0.0086008
-0.048441
-0.016994
-0.080852
0.063165
0.015796
-0.0089797
-0.011109
0.021273
0.045483
0.007179
0.11059
-0.065992
0.0034173
-0.088391
-0.088595
0.077484
-0.063435
-0.075348
-0.59162
0.1524
-0.10007
-0.10453
0.011695
0.1839
-0.048865
0.020829
-0.089777
0.0047547
0.046972
-0.020239
0.041637
-0.015859
0.0072381
-0.25018
0.12217
0.11925
0.097042
-0.27193
-0.38123
-0.12529
-5.3416
-3.1263
-0.3233
-1.0129
3.477
-7.8951
-7.5773
0.67386
3.0827
0.50504
6.8605
-2.4522
-1.441
1.3721
-0.046809
0.55912
0.077146
-0.025413
-0.01292
0.043083
0.021023
0.06023
0.060022
-0.38046
-1.3358
-1.122
-2.5162
3.098
4.056
-2.6889
-0.45995
4.1169
-2.9832
1.6994
-0.53328
-0.82925
0.024943
0.016812
-0.10505
0.018503
-0.093861
0.091002
0.045168
-0.074155
0.055362
-0.16633
0.064219
0.064698
-0.060868
-0.061305
-0.078745
0.027245
-0.067958
-0.050256
0.040625
-0.027316
0.14823
-0.0029269
-0.03822
0.059302
-0.048586
0.033083
0.11221
0.025399
0.0016734
0.032961
-0.09057
-0.14378
0.11094
0.11179
0.024372
-0.12776
0.24121
-0.12246
0.64299
-1.6342
3.8001
0.31763
-4.4408
1.7306
0.59133
5.9398
3.5391
-3.1285
8.4791
-1.4636
-2.8387
4.805
-5.03
0.24678
10.289
-6.4256
3.2841
-22.432
15.575
0.4012
0.15556
-0.43726
0.22729
0.052002
-0.52153
-0.46674
0.40708
0.32888
0.33176
-1.0032
-1.1831
-0.59947
-2.7352
-0.41872
-0.67514
-0.14548
-0.12225
-0.070582
0.063319
-0.066668
-0.05605
0.091396
0.0014093
0.07196
-0.060466
0.12382
-0.058246
-0.054007
0.2273
0.22676
-0.18292
0.042918
0.072584
-0.012636
-0.014153
-0.092008
-0.24263
0.24259
-0.087358
-0.16491
0.41988
-0.092577
0.078362
-0.082944
0.021893
0.022892
0.0084037
-0.042721
0.063188
0.049364
0.051115
0.13103
-0.095556
0.23372
0.12616
-0.045265
-0.87582
-9.7915
-6.6039
0.88843
6.5905
5.3507
3.3635
-4.7112
15.171
-5.3818
-1.03
2.1919
4.0146
-4.9247
7.0312
0.25185
0.3646
-10.797
3.3732
-0.96896
0.20716
0.015135
0.11558
-0.051914
0.052181
0.014692
-0.071202
0.12292
-0.22436
-3.2472
1.4042
0.14078
2.1886
-2.0377
-0.95094
-0.20384
0.17544
-0.0035067
-0.074782
0.06718
-0.18991
0.048204
0.019577
0.29256
0.072169
-0.036241
-0.071639
0.049592
0.047747
-0.0086977
-0.078949
0.047049
0.054613
-0.014459
-0.17658
0.05021
0.05018
0.054738
-0.014452
0.24929
-0.25636
0.1269
0.12684
0.0041721
0.023008
0.076333
0.030346
-0.033219
0.030838
-0.0023763
-0.0181
0.010286
0.046589
0.020461
-0.23621
0.09738
0.014712
-0.34214
1.5632
7.7944
6.0487
-1.9353
7.2234
2.6942
2.8931
-3.7531
-0.086417
-1.8002
-2.2589
8.2227
-5.0958
-5.1712
-6.7629
3.6897
-0.34932
0.42824
0.006886
0.0081317
0.14784
-0.21743
0.11278
0.00094234
-0.14299
-0.72989
-0.32443
-1.2561
0.68898
0.68786
3.2735
0.92704
-0.099082
-0.094677
-2.952
-0.74687
0.27381
-0.013216
-0.15532
0.11951
0.11947
0.013252
-0.094414
0.071378
0.038368
-0.080306
0.13149
0.0057207
0.0069844
0.0093364
0.075179
-0.11178
-0.36184
-0.028952
-0.033739
0.0045198
-0.062962
-0.46402
0.31968
0.32177
-0.22645
-0.05658
0.072506
0.070484
-0.045664
-0.047173
0.088032
-0.004939
0.052293
0.020194
-0.054992
0.11435
-0.16638
0.26544
-0.060211
0.041495
-0.26568
-1.191
1.2537
-2.1963
2.2569
2.5241
2.3906
3.5526
6.1156
-3.004
-2.8081
-0.17097
-3.2484
-3.5581
-4.152
-15.819
-0.20481
-0.44236
-0.049063
0.054407
-0.32943
0.2026
0.0020177
0.0030688
-0.023998
-1.1973
2.0891
-0.060026
-0.054832
0.65454
1.9037
-1.3429
1.2088
-1.5408
-1.5312
0.46712
-0.37953
-0.074014
-0.052461
-0.051818
-0.044822
-0.070112
-0.062636
0.080502
0.0012592
0.0023043
0.12828
-0.19884
0.13607
-0.024754
-0.034104
0.13923
-0.03492
0.028686
0.031664
0.016496
0.22758
0.15516
-0.038918
0.020604
-0.025345
-0.026149
0.14695
0.03311
-0.052156
0.013117
-0.087557
0.097905
-0.12001
0.036858
0.070897
-0.14484
-0.1235
0.26532
0.1107
-0.51147
-1.6326
-0.61437
-0.54251
-4.5788
-4.5643
-1.839
3.9757
7.4315
-14.813
-14.625
8.2417
-3.9123
-0.29186
-6.4697
4.9072
-2.272
0.73383
0.7027
-7.0071
6.5348
-0.52326
-0.12637
0.14843
0.14885
-0.083593
-0.28531
0.04097
-0.78214
-0.62928
0.15837
-0.57299
3.6899
-5.9026
-5.9202
0.16505
0.19523
-0.020548
-0.066391
-0.065781
-0.0087058
-0.022638
0.025674
0.053236
0.032017
0.032366
-0.038379
0.035708
0.028395
0.1336
-0.032743
0.026457
-0.030958
0.10747
0.063014
-0.0025925
-0.39389
-0.39501
0.3059
-0.093187
0.01513
0.094048
-0.1008
-0.088571
-0.016173
-0.021623
0.10058
0.12803
-0.072627
-0.040911
-0.038005
0.086353
-0.00034211
-0.02588
0.096353
0.035046
-0.0038736
0.085457
0.21791
0.24008
-0.1503
-8.3147
0.27719
10.081
7.0454
5.1532
1.6677
2.6899
-4.721
-0.052149
-0.050469
5.8447
5.4386
-6.2497
-9.1339
-9.1438
11.382
-1.6298
0.7874
-0.37356
-0.37536
0.30723
-0.011813
0.016945
-0.083082
0.80967
0.80949
-1.8391
1.2686
-0.37014
1.3712
1.3559
3.8592
-3.2342
0.33536
0.33472
0.024792
-0.01838
-0.078677
-0.015425
-0.015439
-0.02085
-0.053252
0.091979
-0.019855
-0.027917
0.062252
0.037777
-0.092553
0.033745
0.035505
0.063169
-0.12189
-0.12217
0.06274
0.20141
-0.12603
0.15701
-0.059754
0.10059
0.020639
0.021703
0.0057973
0.034991
-0.017783
0.018521
-0.015119
-0.012732
-0.030515
-0.010113
0.068341
0.045722
-0.01036
-0.098521
0.33869
-0.10059
-0.10793
-0.60072
-5.6363
-12.223
-1.3404
-1.3609
6.1257
9.1323
-0.64024
1.16
-4.0284
-4.062
3.3506
0.088396
0.086339
-3.971
-4.033
3.5454
-6.3798
-0.099615
0.00049929
0.02625
0.14951
-0.0078757
0.05128
-0.88359
-0.88174
-2.5605
2.0876
2.7969
2.2047
-3.6914
1.294
-0.34408
-1.7843
-1.7942
0.43593
-0.68996
0.051242
-0.011888
0.045918
0.045779
-0.056596
0.038285
0.012843
0.04815
-0.021061
0.11767
-0.14398
0.12898
-0.00011258
0.045062
0.047403
0.0025094
-0.086184
0.042896
-0.078216
-0.078496
0.088285
0.0075328
0.0077541
0.1127
-0.12909
-0.22431
0.094602
-0.067543
0.094148
0.11018
0.043197
-0.10272
-0.16837
0.046205
0.087808
0.087555
-0.38911
-0.08549
0.071403
-0.17984
-0.64242
-1.3872
-6.8137
-6.7302
4.9589
3.5711
4.9961
0.5082
0.65002
-0.40193
-3.0314
-0.46839
-1.4437
-2.4581
-2.4507
10.574
-4.8179
-0.0014211
-13.578
0.39207
-0.3459
0.39775
0.17901
-0.060039
0.00029063
0.04477
-0.56192
-0.56189
0.26368
-1.0172
1.1572
1.185
0.62833
3.5085
3.503
-6.1462
-2.9802
2.4065
2.4068
0.1146
-0.097239
0.048268
0.048254
0.021047
0.0048505
0.059179
-0.028254
0.01342
0.013097
0.025033
-0.018026
0.15351
-0.12588
-0.27432
-0.27314
0.37954
0.10704
-0.12016
0.065403
0.9886
1.0116
-0.14343
-0.053955
-0.046372
0.023082
0.024188
0.15935
0.069703
0.011488
-0.075254
0.0095363
0.037557
-0.079315
0.052218
0.065609
0.20405
-0.010973
-0.11222
-0.1153
-2.6329
0.86055
1.1177
-4.642
-3.6107
7.4653
7.5877
-1.3577
5.8247
3.9485
3.7118
-2.2678
3.482
-1.3003
-2.9381
7.1485
-10.475
2.906
-10.631
0.20809
0.14987
0.20096
0.19708
-0.01639
-0.21786
0.37198
0.64858
0.02009
0.81631
3.9471
3.9434
-1.7799
-1.5231
1.123
1.2691
-0.0044994
-0.021336
-0.15762
0.025956
0.038628
0.03863
0.032823
0.030025
0.08519
-0.059911
-0.0024771
-0.076692
0.13111
-0.016375
0.037404
0.065645
-0.016647
-0.013092
0.048075
0.050844
0.024783
0.02453
-0.076199
0.051879
0.029874
0.23877
0.23866
-0.044094
0.10046
-0.010111
-0.011285
0.020657
-0.17501
0.042863
0.010937
0.0026214
0.073528
0.074179
0.63463
-0.23086
0.44978
-0.65226
-4.051
-8.2584
-8.0552
-1.3661
8.9803
8.8522
4.3605
-3.921
6.9005
3.4945
3.5528
-2.7991
3.7734
0.83822
3.6678
-1.3551
-11.066
-0.016612
2.5874
-1.0333
-1.0565
0.21154
0.22845
-0.14269
-0.024164
0.14946
0.08388
0.083518
-0.087576
-5.4797
1.7435
2.3714
0.45377
3.2511
3.1999
-2.7367
-4.921
-2.3471
-2.3398
-1.392
0.35015
0.019764
-0.02312
-0.066562
0.059732
0.057601
0.057212
-0.025456
0.0034799
-0.0010484
0.0097649
0.062322
0.062072
-0.028858
-0.010058
-0.059522
-0.25722
0.45486
-0.035056
0.48805
0.53692
-0.51855
-0.039237
0.016625
0.023135
0.0034772
-0.00058747
0.21564
-0.089049
-0.0080916
0.039
0.040522
0.0066988
-0.0088658
-0.2199
0.32035
0.50294
-0.40178
-0.27163
-0.27167
4.0349
-11.76
-2.4403
0.075764
3.5939
3.7525
7.8294
1.6602
-0.60676
-0.69306
1.2699
3.3398
3.3444
3.1975
-4.895
-1.3861
-0.045059
0.62588
-1.0324
0.65764
-0.11664
0.18688
-0.099487
-0.097806
0.075354
0.15672
-0.12509
-0.18981
0.06581
0.064591
-0.99814
1.8067
2.4328
0.76772
1.3046
1.3157
0.056056
0.026839
-0.088453
0.0084864
-0.10439
-0.10496
-0.011829
0.022761
-0.06676
0.0097223
0.018762
-0.0087754
-0.0025665
0.066993
0.07358
-0.013018
0.058571
0.013145
-0.00087854
-0.024891
0.0092909
-0.067701
0.26067
-0.054161
0.10665
-0.92625
-0.10982
0.0094058
0.29382
-0.11673
0.2226
0.01832
0.00048314
0.033012
0.033704
-0.052378
0.0085155
0.14575
-0.054044
0.024005
-0.1757
0.34828
-0.019895
-0.29737
-0.31855
-2.8604
-12.322
3.2575
7.8844
10.507
-3.7345
-3.6144
-2.0723
1.1624
-1.9693
-20.848
0.1834
-0.15729
0.095382
0.026099
-0.36109
0.59914
-0.51317
0.65177
1.068
0.28271
-2.0056
0.99286
0.012557
0.053118
0.023509
-0.022814
-0.079157
-0.081239
-0.10026
0.027649
0.054148
0.016688
-0.0066883
-0.0041117
-0.0052363
0.10826
-0.089779
0.054215
-0.072104
-0.070923
0.11865
-0.055942
0.088274
-0.055575
-0.014909
-0.0146
0.11648
-0.072904
0.049304
-0.15966
0.61557
0.62989
0.23631
-0.14404
-0.013322
0.061681
-0.051907
-0.053393
0.089413
0.053563
-0.039341
-0.027333
0.050854
0.10205
0.0068911
0.021951
-0.099575
-0.010798
-0.028197
-1.2068
-2.8824
-1.1943
-0.36794
0.53356
0.87471
-2.2988
-2.3586
11.208
-0.65599
2.3407
-0.94239
-0.85272
-0.3792
1.3016
-0.34039
3.8482
4.1067
-4.0972
-3.5669
-1.9658
0.16448
0.16001
0.12722
0.013446
-0.14957
0.017146
-0.37074
-0.45315
1.1502
0.93108
-2.4184
-0.87019
-0.93788
-0.7368
-0.76384
-0.34038
0.11796
-0.0023704
0.0036638
-0.011505
-0.12944
0.0098715
0.024153
-0.053867
0.035937
0.033778
-0.030721
0.072503
-0.038967
0.11512
0.073902
-0.038781
-0.038561
0.013189
-0.065586
-0.27586
-0.27601
0.067301
-0.2414
0.25267
0.82631
-0.72795
-0.71391
-0.22974
-0.022894
0.069084
0.078517
0.078181
0.042995
-0.077075
-0.012636
0.031898
0.020147
0.020781
-0.0046784
0.015362
0.15376
0.19206
0.20486
-6.9766
-0.285
-5.0726
2.4882
3.8002
0.83333
-0.63239
1.1709
3.2708
1.8116
-0.51627
6.1574
0.81551
-7.3406
-5.1689
-5.8245
4.6952
-0.015811
-0.013518
0.3828
-0.11704
-0.019161
0.11258
0.11261
0.0043141
-0.043657
0.2532
0.35811
0.028934
-0.31192
0.25238
1.2175
5.2655
-4.7696
0.32318
-0.22467
-0.43463
0.049411
0.046519
0.20062
-0.0241
0.14557
0.15002
-0.036768
0.010619
-0.031382
-0.00021706
0.056053
0.020012
-0.0641
-0.053952
-0.044026
0.054332
-0.1394
0.095951
0.025154
0.018527
-0.11555
0.15943
0.14574
-0.11313
-0.018933
0.037143
-0.022121
0.029458
-0.052881
0.014277
0.019665
0.033616
0.033715
-0.0046066
0.087272
-0.021309
0.039649
0.58216
-0.35057
0.12816
-1.3434
-9.5633
-9.4421
-3.0795
0.28791
-3.8027
7.9467
7.9376
1.6954
5.9091
-3.6561
0.89497
0.51622
3.5582
-2.2646
1.8995
-0.48633
-0.59246
-7.945
1.0678
0.050707
0.046059
0.0024571
0.035843
0.018958
-0.076736
-0.11638
-0.4205
0.4025
1.1184
0.84504
-0.55623
3.0271
-4.1451
-2.3861
0.51953
-0.60897
0.14045
0.031561
0.030571
0.00028143
0.0019749
-0.11056
0.049346
0.04889
-0.066147
0.0092129
0.25271
-0.1923
-0.19229
0.19017
-0.0087691
0.13683
0.13866
-0.035199
-0.0552
-0.20297
-0.0007009
0.033919
0.033926
0.14203
-0.028925
0.0004905
-0.14356
0.019278
-0.049297
-0.042882
0.12837
0.12818
-0.10814
0.032333
0.032995
0.032803
-0.21881
0.17638
0.38234
0.38384
-0.38115
-2.6551
-10.124
2.4503
6.7955
7.0415
0.9706
1.1461
4.5155
-1.9344
0.54331
-3.7227
-3.7318
1.5437
-3.1569
-5.0306
0.9189
0.96834
-2.0243
-1.1696
-0.38486
0.27695
0.2768
-0.18193
-0.075278
0.041879
-0.055764
-0.056921
-0.14912
0.095191
1.4464
2.7237
2.7276
4.1787
1.9838
0.65884
-0.23808
0.11641
-3.6258
2.2696
-0.38066
0.22232
0.036864
0.058738
-0.13842
-0.020918
0.024783
0.023858
-0.014407
-0.0019109
-0.13691
0.10284
0.070473
0.0049601
0.063904
-0.010248
-0.34879
0.4153
0.083752
-0.068145
-0.08743
0.087878
0.030472
0.086371
0.0076103
-0.10331
0.0021153
-0.01283
0.080634
0.078636
0.12494
-0.035132
0.014359
0.024082
0.024387
0.024059
0.069844
0.047256
-0.004073
0.16129
-1.348
-2.2799
-5.0329
-0.494
-0.35596
-2.1929
2.7107
3.6061
4.3184
4.3584
3.8115
0.68938
0.91867
-1.7613
-1.7338
2.2359
2.2511
-12.66
0.11667
0.14128
0.27342
0.30685
-0.030093
0.021369
-0.017258
-0.15859
-0.15927
-0.19879
0.69482
1.1706
2.0195
2.0241
-0.61971
-1.2713
-2.195
-1.2632
-1.2049
1.2083
-0.3686
0.067938
-0.13595
-0.13356
0.090483
0.052317
0.053205
-0.020647
-0.021831
0.015907
0.059969
0.011425
0.0073495
-0.010554
0.055113
-0.030678
-0.13355
-0.18007
0.2301
0.046948
0.051201
0.23077
0.1889
0.010471
-0.10841
0.079958
0.095
-0.023853
0.14067
-0.013378
-0.01333
-0.034788
0.015297
0.07718
-0.042716
-0.042876
0.018452
-0.02148
-0.037473
0.63131
0.64249
0.71778
0.19653
-0.44235
-6.2617
2.5398
7.3931
-0.08947
3.4824
3.5721
-0.64589
-4.6468
2.2786
5.2441
-0.85734
-0.84728
10.409
-4.3479
-9.6006
-11.285
7.5062
7.6883
0.22834
-0.076398
0.073955
-0.16909
-0.91744
-0.92488
-6.0516
2.6283
0.76939
1.2272
-1.6531
-2.6089
0.31885
0.32004
-0.42716
-0.034698
-0.05352
-0.033204
-0.032075
-0.0040609
0.047941
-0.043038
0.021384
0.027959
0.026386
0.10176
0.066459
-0.014417
0.054966
0.033255
0.15588
0.0037922
-0.043051
-0.044131
0.10376
-0.048261
-0.069748
0.055444
0.086091
0.090051
-0.10856
0.10225
-0.030388
-0.083135
0.13745
-0.077038
-0.10507
0.06776
0.040313
0.039637
0.044356
-0.02573
0.10352
0.027749
-0.14931
-0.42864
0.5342
-7.9739
3.0997
6.5912
6.5419
7.5267
-1.9079
4.3538
0.43798
-5.9279
4.4806
1.8546
1.802
-0.18489
-2.9663
2.3271
-1.6849
-5.6837
-5.7171
-6.9668
1.3932
-0.29463
-0.11324
0.089992
-0.22382
0.045596
-0.24626
-0.24666
0.12804
-0.25868
1.5636
-0.034362
-0.049763
0.34653
1.3613
-0.57332
2.1071
-1.5854
-1.2484
-0.67253
-0.0057363
0.15159
-0.03196
-0.033827
-0.0077994
0.00084204
-0.023886
0.017139
-0.084707
0.006959
0.064031
0.10415
0.15761
-0.098282
0.013916
0.011534
0.11138
0.053631
-0.050514
-0.065859
-0.052644
0.13672
-0.00017934
-0.0024235
-0.068287
-0.080919
-0.073118
0.076384
0.027302
-0.057398
0.0012424
0.035348
0.016041
-0.0021652
0.059861
-0.039906
0.2611
0.21957
-0.070583
-0.13768
-2.4361
-9.0607
-0.84403
-5.3569
4.5006
6.0217
2.766
2.7516
0.41609
1.365
4.2345
0.27772
0.26215
1.0049
0.81062
-0.18842
0.39546
0.62929
5.0195
0.085287
0.21898
0.10944
-0.4808
0.084427
-1.3129
-1.094
0.49162
1.694
1.6904
-0.93279
-2.684
-2.6284
-2.6274
1.0595
2.477
0.35845
0.10789
0.029351
0.028086
-0.032925
-0.033416
-0.13211
0.054408
-0.097218
0.02237
0.092204
0.023119
-0.018816
0.08045
0.0063836
0.0031055
0.092986
0.11979
-0.13038
-0.043787
-0.191
-0.21717
0.029376
0.018328
-0.10984
-0.0526
-0.15223
0.005088
0.012725
0.24344
-0.068542
0.16329
-0.043432
-0.082696
0.093314
-0.030257
0.069667
-0.0078768
0.0020331
0.18573
-0.10534
0.046067
-3.1062
-3.9541
0.067699
0.82849
6.6256
2.3085
4.2433
4.1408
-2.6483
-0.45828
-3.249
-3.2179
7.8272
3.2023
3.8981
1.4625
-10.27
-10.168
-0.19092
0.44075
0.021155
-0.45798
-0.54646
-0.5572
-0.0025651
-0.60668
-0.74668
-6.1001
-0.62003
5.5605
3.0802
4.0181
1.8768
1.7743
1.7647
-0.86961
1.1486
1.5912
-1.0085
-0.012763
0.1066
-0.022799
-0.0044153
0.082205
0.15247
-0.09966
0.091825
0.090759
0.11456
-0.068071
-0.0070644
0.1407
0.070487
0.070441
-0.048204
0.15575
0.056293
-0.036137
-0.03226
0.10372
-0.13969
0.014407
-0.068938
-0.038824
-0.039302
0.045321
0.13616
0.022186
0.006773
0.038015
-0.032062
-0.06219
0.068497
0.041655
-0.17506
0.49395
-0.25587
0.38022
0.35057
0.34316
-5.5577
1.9416
-0.1967
-1.0582
5.7313
5.2964
-5.4456
5.9975
-6.3086
-4.9137
-1.7917
4.3759
8.356
2.2933
-4.7576
-6.5461
0.23062
0.23556
0.17977
-0.010698
0.27114
-0.25422
-0.53633
-0.54591
-0.97255
3.101
-1.3233
-2.7642
2.5633
2.5567
-2.1779
-1.1045
0.81433
1.5392
-2.6942
-0.75068
0.071508
-0.071615
0.087275
0.064621
-0.029483
0.051519
-0.068113
-0.071294
-0.047896
0.054449
0.11103
0.021252
0.11944
-0.066455
-0.066214
-0.025281
-0.055069
0.064286
-0.0014112
-0.088477
-0.1262
-0.084836
1.0302
-0.62969
-0.46134
-0.0014365
-0.17646
-0.10175
-0.053823
0.12848
-0.0068564
-0.0060954
0.067097
0.019373
0.037018
-0.022765
0.35372
-0.24788
-0.26245
0.090901
-4.9043
-11.284
-12.835
-12.824
4.3019
6.025
7.1624
2.8029
-0.62657
-0.59696
3.8468
-4.0281
3.0926
-2.1654
9.1989
3.6316
-12.579
-12.545
10.278
-1.1845
0.93234
-0.01012
-0.35858
-0.38629
0.11145
-0.048705
-2.3865
-2.4127
-2.8255
3.8135
7.6018
0.67445
-2.4885
-2.4781
0.87293
-1.9617
0.71009
-2.451
-0.053872
-0.010133
-0.019886
-0.014627
0.03036
-0.073448
0.023937
0.023939
-0.053959
-0.0059632
-0.01061
0.021203
0.046634
0.029672
-0.055232
-0.094068
0.029454
-0.016633
0.15331
-0.12223
0.071287
0.25685
0.23061
0.0040902
0.0046181
0.11845
0.27393
-0.1288
-0.091817
0.20478
-0.067822
-0.049225
-0.04797
-0.0077518
0.049562
0.033015
-0.19733
0.374
0.23074
-0.13004
-0.13216
-0.1723
3.7104
-14.417
3.9056
-6.866
-6.8417
1.7786
7.88
-1.1595
-5.0123
1.969
1.4924
0.6629
5.4148
3.72
3.6846
-0.64011
0.35193
0.56209
-0.31183
-0.13627
-0.12732
-0.24529
0.1369
-0.094278
-0.46945
-0.4718
-3.5076
1.4537
1.5469
-2.5142
-2.5071
0.46352
0.36024
2.1224
-4.5121
-0.2953
0.23199
-0.022607
-0.009953
0.029026
-0.072229
-0.050957
-0.035762
0.063435
-0.069442
-0.073867
0.012729
-0.039259
0.093694
-0.083094
-0.10207
-0.10111
0.079383
-0.027828
-0.094492
0.49469
0.53289
-1.3446
-0.051077
0.038833
-0.046582
-0.049187
0.12586
0.060791
-0.048961
-0.01692
-0.014995
0.068364
0.02616
0.020652
-0.14667
-0.14195
0.1732
0.050925
0.032914
-0.30465
-0.30727
-10.611
0.054632
-5.9275
-4.1873
6.7782
17.029
-3.2093
13.712
5.0398
-1.5234
-3.0088
4.2719
-0.83399
2.8674
3.2842
2.4851
-7.1619
-0.26887
0.12241
0.060055
-0.42581
-0.14638
-0.15093
-1.4641
-3.7261
-1.7626
-1.7601
4.8162
-5.2037
2.1923
0.70973
-0.61162
4.5532
1.2408
-2.717
-2.798
0.02773
0.034599
0.063421
-0.033339
-0.033526
-0.051748
0.0063353
-0.13768
-0.019123
-0.024829
0.087342
-0.039868
0.045595
0.038
0.0003131
0.13644
-0.03713
-0.12792
-0.12875
-0.068243
-0.060694
0.063977
-0.34998
0.20743
-0.06471
-0.002246
-0.002516
0.1062
0.032012
0.0057706
0.0098526
-0.053807
0.10604
-0.044566
0.15276
0.1501
0.03736
0.35087
-0.35515
-4.3095
-4.3364
-6.9212
2.3192
-10.191
4.2519
4.2844
4.0567
7.5521
-2.9229
-2.8591
-3.5786
1.3653
-1.1964
6.3608
-2.3164
-2.4744
6.5329
-7.4789
-1.3616
0.19408
0.23184
0.50438
-0.062132
0.057662
0.26752
0.24796
0.33723
2.5791
3.8506
3.7867
1.8549
0.83042
0.8157
-2.547
0.33724
0.33387
-0.0031683
0.03159
-0.014769
-0.044181
0.087739
0.089789
-0.013948
-0.050381
-0.20256
0.083119
0.04625
0.044921
0.049626
-0.095052
0.090024
0.089399
-0.078513
0.08122
-0.026325
-0.20317
-0.20121
0.32923
-0.4054
-0.010726
0.016723
-0.22493
0.13543
-0.084279
0.059495
-0.055994
-0.055425
0.033061
0.019161
-0.0088525
0.045224
0.045145
0.070791
0.0082121
-0.084667
-0.021082
-0.011931
0.23638
0.069639
-1.5987
3.1814
-3.0787
3.7775
5.2011
-1.7672
12.542
1.0965
0.51107
0.32663
1.322
-0.65401
3.1895
-0.073225
-10.198
4.2071
1.6068
-0.52084
0.0064639
-0.0021059
0.067948
-0.13455
-0.072102
0.014817
-0.0081935
-0.1829
-3.2035
-0.21181
7.2078
7.2058
-2.9469
-2.5855
1.4611
-0.86056
0.77312
-1.744
0.28163
-0.0032996
-0.0012593
0.038066
-0.055814
-0.018769
-0.038289
-0.03836
-0.036505
0.096588
0.024538
0.0026891
0.03419
0.034355
-0.25367
-0.049556
-0.069523
-0.11801
0.066268
0.12074
1.0656
-1.3702
-0.54068
-0.54785
0.011447
-0.19946
0.049659
0.020375
0.10438
-0.028137
0.069751
0.054313
0.0064574
0.0046607
-0.020653
0.031156
0.046806
0.0057203
0.11923
0.13207
0.59698
-0.80767
-3.2379
-13.481
-5.2668
-2.7745
3.8481
-3.4566
8.036
-4.867
4.3382
0.17561
2.7405
0.43791
-1.2013
-6.9919
-1.4575
13.276
-0.60205
0.4627
-0.066464
0.012284
-0.17117
0.12671
-0.46029
-0.84348
-6.779
0.56097
2.7452
4.2245
-1.9176
-0.29224
1.5613
-0.14579
-4.6094
2.2748
-0.0060416
-0.0010714
0.15267
0.022463
0.0092292
0.040062
-0.10989
-0.013377
-0.012493
-0.017104
-0.015859
0.11149
0.041248
-0.093269
0.069864
-0.054638
0.12724
-0.03183
0.017831
0.19667
-0.15844
-0.02225
-0.0036023
-0.0029978
-0.083389
0.06241
0.16893
-0.014651
0.0054679
0.015409
0.10015
-0.037336
0.028677
0.0065398
-0.0024659
0.10133
-0.051958
-0.047967
0.24326
-0.15762
-0.34886
-2.1013
-12.017
5.6058
-3.3742
-7.226
11.934
10.43
-2.1814
4.5288
0.6445
2.8943
-3.0394
-0.74863
-0.70411
3.9972
-7.5376
2.9366
-1.1113
-14.725
-0.83989
-0.17065
0.016755
-0.065044
0.0055201
-0.20378
0.092479
-0.25068
-0.1776
-0.13017
3.1071
4.7537
-1.6603
3.1277
-2.0473
0.42233
0.69966
-1.069
-1.8724
0.045988
0.00063727
0.018528
-0.096287
-0.0012974
0.056552
-0.11204
0.10575
-0.045681
0.021143
0.029268
0.0026047
-0.0013725
0.06811
0.02359
-0.087143
0.13709
0.029053
-0.17759
0.1796
0.19741
-0.080714
0.41328
-0.064929
-0.021953
-0.12336
0.071536
0.069641
0.091607
0.12817
0.048601
-0.088636
-0.011732
0.032181
-0.01069
0.032875
-0.053611
0.036144
0.25953
-0.07537
0.14507
0.0046218
-1.2027
-0.23187
-2.261
-7.4836
3.071
9.1561
5.1732
-8.1035
3.1247
0.87212
3.622
1.9841
-2.4069
-9.2722
-2.1514
3.366
-0.075973
0.070333
-0.11607
-0.10191
-0.36895
0.11191
0.12815
0.042753
-0.42563
-0.54391
-1.2663
7.1369
-0.015159
0.78565
0.51374
-0.73366
-0.92343
-1.0704
-0.66063
-2.8057
-0.37806
0.032287
0.048761
0.074568
-0.04317
-0.058176
-0.058838
-0.026704
0.096423
-0.11649
0.14092
-0.07808
0.067546
0.0060311
0.3356
0.096678
0.096532
-0.3914
0.076589
-0.04721
0.0034462
0.13497
0.52803
0.5628
-0.14612
0.13224
0.20508
0.080944
0.062512
-0.062627
0.068326
-0.013032
-0.031505
0.073233
-0.00083263
-0.040504
-0.024995
0.57752
-0.1976
-0.38404
-4.0133
-8.1224
-4.5913
0.87095
-5.1888
5.8039
5.8838
0.63808
6.8097
2.4588
0.54248
0.43012
-0.37792
-0.99615
8.2401
-1.6595
-3.7504
-13.37
11.167
-0.7929
-0.10274
-0.089598
0.42828
-0.099668
0.24893
-0.77179
-0.77219
0.29318
-5.3645
-0.036207
6.8797
-2.5045
0.66444
-1.1954
-0.90592
-0.025849
-0.12469
-0.067234
0.073448
-0.086237
0.033968
-0.031584
0.079428
-0.12976
0.062181
-0.039816
0.01537
-0.0058878
0.06353
0.0086596
0.012571
0.38651
-0.39839
-0.034391
-0.29332
0.11993
0.0091844
-0.043808
0.22819
-0.41935
0.0029984
-0.26875
0.057987
0.0038478
0.0074544
0.010608
0.032725
-0.025156
0.010484
-0.02406
0.0041196
0.0040479
-0.04585
0.0043076
-0.11833
0.18752
0.26643
0.080876
4.0679
-12.053
-11.835
8.5137
-10.528
7.1703
-5.3225
0.21517
0.28109
4.7149
-2.4504
5.4219
-1.0417
-4.0137
0.66098
-0.81658
-0.19341
-0.18069
0.2422
-0.30803
-0.44293
0.029439
-0.21773
-0.2094
-1.3029
-7.3032
-0.50714
7.3999
7.3995
-1.3468
0.093344
3.0375
-1.396
0.11591
0.12786
-0.10027
-0.080461
-0.082003
0.020863
-0.032566
0.08089
-0.0066557
-0.078033
-0.054818
0.23222
-0.20947
0.1099
0.056913
-0.0065632
0.040813
0.07042
-0.016448
0.071162
0.010922
-0.1442
-0.086806
-0.064964
-0.36313
0.22822
-0.058283
0.063934
0.10515
0.046022
0.039848
0.043671
0.037372
0.07384
-0.037992
-0.14207
-0.14332
0.073294
-0.031664
-0.071879
0.014714
0.014643
0.32613
-0.99033
-1.888
-7.0843
-7.1314
1.6723
2.2829
10.833
0.39753
-3.521
-6.0716
2.5044
-2.059
-2.0738
-2.6481
1.5537
-1.0747
-0.41474
-2.6163
-2.5919
-6.5791
-4.3028
-0.16597
-0.048512
-0.072497
0.055188
0.0027535
0.0024222
-0.22145
3.0223
3.216
-1.1303
1.4812
-3.0377
1.3843
1.3484
-0.85709
0.4081
-0.30504
0.01892
-0.047111
-0.046765
-0.019292
-0.042886
-0.022775
0.087815
-0.094626
0.05911
0.062602
0.14597
0.0026671
0.0019489
0.02766
0.17698
-0.079354
-0.031659
-0.032193
-0.094355
0.013533
0.0094199
-0.43499
-0.0017077
-0.069091
0.40157
0.7884
0.0043249
0.04332
0.031099
0.18076
-0.0085889
0.12798
0.067749
0.065476
-0.0033372
-0.013655
-0.081794
-0.08167
0.10601
-0.01277
0.3586
-1.1605
-1.8726
3.1501
3.2254
-0.54126
-3.4496
6.5292
8.6194
-2.8948
1.2289
-2.9144
0.93391
-2.0575
0.046997
3.5835
2.7746
-5.9783
-11.984
7.2135
-0.44735
0.5212
0.044081
0.097136
-0.095905
0.13485
-0.039129
-0.30414
-0.29799
-0.74463
-4.3874
1.1718
3.1917
3.1734
0.022709
-2.1628
2.7284
-1.0178
3.3001
-1.0757
-2.9972
0.02585
-0.07577
-0.074322
-0.046935
-0.10258
0.03456
0.062268
-0.010549
-0.07784
-0.06475
-0.065067
0.029416
0.031567
-0.02825
-0.23457
-0.14219
-0.33258
-0.11921
-0.065434
-0.056991
0.11051
-0.17002
0.0078223
-0.031229
-0.015268
-0.040674
0.094401
0.06184
0.043562
0.044208
0.0060669
0.033247
0.14
0.020556
0.055154
0.027144
0.007538
0.059258
0.748
0.72296
-1.2997
-1.45
-9.7518
1.0681
1.1617
-0.35562
4.4873
1.9383
0.58817
3.6734
7.0259
-4.7413
-1.2275
4.012
-3.692
-3.0038
0.023254
-4.3243
6.4443
0.47374
0.31048
-0.032173
-0.049727
0.048353
0.0058627
0.23149
0.24566
-0.58848
-0.44642
1.503
1.3871
-1.1665
-0.42847
1.7886
-4.9155
1.0912
0.11442
-0.16399
0.028453
-0.0047536
0.0011589
-0.077072
-0.086895
0.023135
-0.0077861
-0.040801
0.19396
0.0085511
0.10521
-0.037639
0.031662
-0.064009
0.0064794
0.059103
-0.091164
-0.065352
-0.026053
0.12836
-0.020074
1.0565
-1.2373
0.032075
0.00204
0.022564
0.32457
0.25383
-0.096061
0.034241
0.086778
0.066154
-0.0261
0.073314
0.067705
0.035689
-0.079541
0.11079
0.35403
-0.039834
-0.59733
3.5019
-11.065
1.7074
-5.087
2.637
5.4763
4.9297
2.3435
5.2754
-3.7716
1.8422
0.9771
5.513
-0.14239
1.5586
-9.3385
4.3636
-0.44066
5.0951
-0.97004
0.042644
-0.23798
-0.063089
0.035436
-0.11448
-1.6824
-5.0233
-0.15092
1.3248
3.0497
0.65364
-3.6487
3.3358
-3.2724
1.066
-2.1915
-0.091434
0.0085101
0.05493
-0.071991
0.0082086
-0.098329
0.012441
0.010695
-0.023693
-0.019378
0.050093
-0.060236
0.039816
0.026639
0.078348
-0.00076192
0.027349
-0.13237
0.053113
-0.068783
-0.20857
0.26485
0.047187
0.075815
-0.038171
-0.75853
0.069399
-0.19021
-0.050442
0.2266
-0.050592
0.083146
-0.062667
0.027773
-0.042332
-0.04963
-0.014615
0.066471
0.078109
0.074557
0.00035813
0.037045
1.5374
-1.1144
-1.0578
-1.7031
2.9801
2.6777
2.854
0.76251
4.9671
-7.1243
2.6389
-4.8341
1.0513
1.5301
-2.1421
-1.7066
-3.8443
-6.8271
-1.4554
0.27173
-0.098151
0.055824
0.062299
-0.19347
0.039449
-0.10997
-0.31687
0.25794
-3.5396
2.0211
3.123
4.4974
-1.1677
0.38825
4.3476
-3.0662
-1.5012
0.98983
-2.0694
-0.27507
0.061724
0.027261
0.0398
-0.063893
-0.062493
0.014544
-0.02804
0.13927
-0.068469
-0.084745
0.03146
0.10109
0.052095
0.013477
0.066081
-0.34494
0.17415
-0.050309
-0.022035
0.093418
0.16642
0.049788
-0.28443
-0.035252
-0.056961
0.12854
-0.080247
0.11526
0.032393
-0.00053659
0.053702
0.0097054
0.043888
0.026011
0.065733
-0.054306
0.22095
0.060484
-0.9039
-2.6474
-8.4523
6.032
-3.4875
-2.695
7.0239
8.4543
6.1188
2.524
3.0598
1.8373
-1.7172
-3.93
-2.4894
5.45
-3.2149
4.0426
-14.742
3.1673
-0.2701
0.11607
-0.14483
0.021753
0.02848
-0.083916
0.25541
-9.5119
5.1844
1.7958
3.0441
-1.37
-0.25604
-0.144
1.1187
-1.7279
6.9193
-3.9088
-0.53385
-0.024599
-0.019872
-0.035055
0.0020209
-0.013979
-0.0052392
0.078349
0.1335
0.0083008
0.050191
-0.040044
-0.038296
0.17327
0.14391
-0.21734
-0.042857
-0.1362
-0.11232
0.29439
-0.029022
0.56076
1.0088
-2.0923
0.0083446
-0.016576
0.034089
-0.038855
0.0052244
0.035713
0.042209
-0.017978
0.018694
0.018758
0.099263
-0.10152
-0.12704
0.29743
-0.6603
-0.68508
-3.6536
-7.2914
-3.7622
6.3877
4.9124
2.4168
5.1552
5.1644
-2.3063
-4.7197
4.2981
2.2619
-2.479
-2.5097
4.4965
-2.7753
2.3987
-18.045
8.8633
-2.2378
0.35232
1.0031
-1.038
-1.1628
0.41037
-0.55493
-1.865
-5.8714
-0.34178
2.175
-1.3765
-7.8498
-7.8443
3.744
2.3997
-1.7784
-1.7684
0.52099
-1.6474
0.31392
-0.028751
-0.048398
0.0454
0.045196
-0.052187
0.045059
0.12074
0.10244
-0.051132
0.11963
0.004457
0.037092
0.12387
-0.28183
-0.1601
-0.010242
-0.0037978
-0.0038307
0.17512
-0.99422
0.34679
0.1304
-0.098786
-0.099258
0.018677
-0.066106
0.074429
0.07258
0.0087236
0.025497
0.058402
0.058517
0.090261
0.059489
0.34824
0.13448
-0.12925
-0.13274
-0.71669
-5.9618
-7.3338
-0.13515
-4.7985
-4.6581
3.1707
3.6964
6.5567
0.81833
5.7688
0.83127
-1.7797
-1.7793
0.92296
0.41723
-3.6021
0.60066
2.6943
4.1292
-0.1159
-0.031137
-0.14541
-0.056008
-0.16329
-5.7352
2.8545
2.9088
2.6579
2.5089
-4.2047
1.7829
0.0043278
-2.2498
1.3581
0.33521
-0.29871
0.15524
-0.0038099
0.054695
0.055019
-0.19287
-0.013843
0.11529
-0.10897
0.037585
0.089825
0.041394
-0.081974
-0.032765
-0.031378
0.1622
-0.14963
0.11272
-0.12076
0.012689
-0.039665
0.34374
0.12212
0.092202
0.38837
0.38833
0.40391
-0.12144
0.11259
0.11166
0.011462
-0.043871
-0.067307
0.081595
-0.067702
-0.053643
-0.013671
0.035689
0.044123
0.063127
-0.93788
-0.94419
-1.3338
-10.727
6.0182
-3.0857
7.6835
7.1855
5.7745
5.6105
-4.6599
-8.2795
0.49441
-1.0734
-3.3927
4.2754
4.3147
-4.2421
-2.2462
-10.437
-2.7071
0.55881
0.41905
-0.045679
-0.3977
-0.37354
0.32642
0.31053
-0.11357
-0.71896
3.4239
0.46171
4.5332
1.5823
1.0446
1.0496
1.6034
-0.39745
-0.87607
-2.1311
0.99808
-0.77353
0.072484
-0.038843
-0.05899
-0.059001
-0.1395
-0.086753
-0.082507
0.28281
-0.26189
-0.068888
0.06103
-0.020563
-0.018309
0.10624
0.046061
-0.31502
-0.18349
-0.051139
0.17811
0.3248
0.32644
0.21172
0.11136
-0.09685
0.017819
-0.045618
0.0049672
0.070221
-0.0069306
-0.0099699
-0.0045512
0.072156
0.049194
0.11098
0.10903
0.27503
-0.29268
0.67243
-0.58428
-1.4752
4.1796
-9.8188
-3.2776
-1.4805
3.4633
5.096
5.8819
-1.1483
-3.2261
0.57432
-2.6928
3.8728
0.93434
-3.1616
6.9117
6.8212
-2.5728
-4.5381
-0.79589
-0.78291
0.17388
0.099622
0.16269
0.044667
0.044713
0.1325
-0.20415
-0.017274
0.044215
0.055876
3.5925
1.3758
-2.6234
2.2922
1.4685
-4.1378
-4.2759
0.38479
-0.022583
0.015666
-0.045896
-0.044227
-0.11809
0.081204
0.074248
-0.040136
-0.040528
-0.047566
0.00088332
0.14022
0.13881
0.15586
-0.036285
-0.08393
-0.1017
-0.044497
0.19326
0.13291
1.1822
1.1686
-2.809
0.15579
-0.10131
0.24791
0.21167
0.20041
-0.085166
0.1014
0.077993
0.029713
0.03008
0.025832
-0.015554
0.25526
-0.17872
-0.14271
-0.3358
0.12512
0.4297
-0.62813
-1.3273
-13.291
-6.3962
0.090165
-3.5559
4.2997
1.5022
-13.281
12.912
4.2824
-1.7885
-2.3617
0.55915
6.9746
0.16971
-10.529
6.754
-0.86613
-0.33513
0.20485
-0.0021937
0.0097314
0.13521
-0.846
-2.8069
-4.669
1.8057
1.4869
5.5177
0.20077
-3.3237
-0.96034
3.331
-4.2531
-4.3442
-0.37603
0.1102
0.05307
-0.016135
0.0012638
0.061461
0.0579
0.037853
-0.14279
-0.12983
0.15807
0.15965
-0.23699
0.05316
0.13728
0.18129
-0.099507
0.1008
-0.072461
-0.11711
-0.50589
-0.17244
0.054973
-0.49662
-0.19825
0.11067
0.088049
0.069321
-0.1769
-0.0011165
-0.0025885
0.058265
-0.014121
0.0027657
0.012648
0.012728
-0.065981
0.04619
0.11158
-0.076358
0.39452
0.27238
0.13004
-1.474
6.5747
-0.35273
-1.7703
7.3375
2.4386
5.4169
-0.16832
1.5918
-2.6283
5.3584
0.79647
0.27624
-2.7008
-0.82353
-3.3193
3.7683
0.40934
0.52555
0.39406
0.07845
-0.13882
-0.11149
-0.03662
-0.015057
-0.074099
-0.52297
-2.6131
3.9992
2.481
1.2429
0.52688
3.444
-6.948
1.5508
1.3599
-2.6141
-0.12682
0.12447
-0.018882
-0.093146
0.093702
-0.153
0.063595
0.0059938
-0.067079
0.15056
-0.02191
0.36766
-0.22448
0.069279
-0.074352
0.069326
-0.2732
0.20873
0.1224
-0.20038
-0.21603
-0.064602
-0.026051
-0.17814
0.32892
-0.095691
-0.10411
-0.025171
0.067691
-0.072108
0.0041356
0.061908
-0.082757
0.15952
-0.04864
0.28529
0.19235
0.19032
-0.040989
-0.82475
0.020979
-5.8452
-0.45755
6.7837
6.6756
7.7138
5.5803
-6.0011
-3.3403
-3.3722
0.44653
2.7087
0.86092
6.2438
-3.4508
-0.72586
-3.1783
3.6865
-0.0029118
-0.22556
0.20674
0.18777
-0.11466
-0.59202
0.34379
0.79406
0.8006
2.236
-1.2328
0.52814
0.47867
0.20214
0.93592
-2.9025
-2.9207
-0.6263
0.14783
-0.08478
-0.078093
-0.077039
-0.027683
0.029572
-0.0055075
0.067203
0.037544
0.038121
0.069442
0.010721
0.012518
0.051189
0.20469
0.042598
-0.071643
-0.034976
0.2022
-0.078139
0.061287
-0.094679
1.1926
1.1952
-0.47431
0.39882
-0.091305
0.10058
0.16379
0.16429
-0.12626
0.14196
0.063801
0.050064
0.049844
0.0021496
0.23455
0.54452
0.15222
-1.1235
-1.1293
-12.204
2.9486
-3.2806
-4.7589
-4.9454
9.8321
4.2794
0.37805
0.74767
0.54744
-2.2643
-3.404
4.8218
3.3441
-7.516
4.2086
-8.7293
-0.5739
-0.56935
0.1248
0.35551
-0.44191
-0.24537
-0.0013699
-0.0008473
-0.10692
0.5764
-0.62344
0.37327
5.874
4.6617
-2.3168
1.9171
1.9104
-4.5129
2.9003
-0.091176
0.14783
0.056065
-0.058312
-0.058343
-0.021303
0.044194
-0.027806
0.21062
-0.1806
-0.17971
0.078318
0.0024451
-0.10845
0.20307
0.027827
0.12479
0.0050131
-0.084295
-0.05567
0.041218
0.14342
0.94868
-1.3409
0.40506
0.019702
0.11118
-0.0030086
-0.103
-0.11207
0.15195
-0.015374
-0.040699
0.076301
0.035029
-0.055954
0.14234
0.11268
-0.14279
0.026983
-0.11978
-1.0264
-1.5413
-1.4922
-16.911
-3.4167
2.4984
2.4455
8.7772
-2.3506
0.28343
3.3542
-1.1158
-0.16533
-1.6291
-1.6948
-6.165
-15.379
12.521
0.0079402
0.14765
-0.54902
0.65718
0.48512
0.14636
0.21712
-0.084202
-0.17286
-0.66186
-1.6211
0.54888
2.7013
2.8245
-3.7693
0.21538
-0.97289
0.60704
-3.0659
0.49077
-2.1536
-2.3307
0.042426
-0.037732
0.096072
0.0018191
-0.034322
0.054507
0.026952
-0.0077509
-0.0078076
-0.02803
0.045415
0.027138
0.0933
0.091838
0.25436
0.25427
0.038356
0.051471
-0.060822
-0.054795
0.15416
0.26266
-2.3322
-2.2741
0.15458
0.15861
0.063921
0.048281
0.097216
0.031602
0.027009
0.045143
0.047217
0.22917
0.12685
0.11663
0.2369
-0.73727
-3.042
-2.947
4.0572
-3.0998
2.5402
5.0477
5.0463
6.6289
0.70787
1.4831
2.6492
3.0367
2.9704
-3.9843
1.5227
-3.4841
-4.8159
0.25867
-5.5172
2.2824
1.5546
0.98811
-0.36933
-0.2179
-0.11251
0.25676
-0.24873
-0.24836
0.081395
-0.39263
-4.5254
-0.33105
6.5601
2.3162
2.4101
1.5892
1.5894
-0.38934
0.075348
0.014529
0.072275
-0.019722
0.0085317
-0.022482
0.15064
0.06139
0.052759
-0.030048
0.017601
-0.071809
0.10831
0.21676
-0.075599
-0.072725
0.068049
0.13582
-0.080266
0.13421
0.13449
0.35878
-0.11892
0.33045
0.31341
0.15411
-0.18866
-0.14696
0.18183
0.18765
0.04364
-0.044679
0.12261
0.12703
-0.039527
-0.043223
0.1006
-0.0033895
0.40535
-0.29482
-0.3013
0.042466
-0.69755
-3.8263
-5.4198
-5.4202
2.4115
0.0027851
5.7071
3.8035
0.088494
1.2624
4.1753
-4.33
-6.5996
-6.6274
0.058041
-0.58529
-1.2921
-1.0939
-1.2005
-0.071797
-0.040116
0.2857
0.016691
-0.26855
0.29831
-1.6991
0.4197
0.46177
5.4506
0.37589
-0.2632
-0.42509
1.6126
1.6106
-1.6274
-1.1106
1.5774
0.73975
0.016135
0.075766
-0.047267
0.042833
0.021291
0.021323
-0.030983
-0.035866
0.062021
0.093285
0.089053
-0.0055483
-0.00051378
0.058643
0.060673
0.16752
0.073716
-0.033254
0.94606
-0.62462
0.5894
0.54906
0.097603
-0.063807
-0.0028886
-0.10777
-0.1198
0.097335
0.11775
-0.056413
0.038024
-0.052323
-0.054595
0.08644
0.069102
0.066466
0.4697
-0.23055
1.4096
0.70059
0.54327
-1.4156
2.7081
-3.5584
5.2923
-1.2493
-1.2484
3.9671
7.7013
2.9381
-0.73352
-1.0001
-1.1231
-7.9356
-1.0016
-1.0305
0.16856
0.93503
0.61141
0.69301
0.69507
0.28014
-0.28321
0.38427
0.09877
0.51417
4.1253
0.68304
0.67563
1.7811
3.1588
-1.2998
-1.9403
-1.9301
0.0050535
-0.372
-0.91334
0.21188
-0.067336
0.033739
0.022032
0.022942
0.030574
0.069012
0.035154
-0.080087
0.13921
0.0076197
0.007893
0.11202
0.016591
0.24386
0.25036
-0.035681
-0.021009
-0.38721
-0.28551
-0.28913
0.72917
0.32383
-1.1344
0.3615
0.37049
0.036689
0.26631
-0.016973
0.072748
0.1015
0.10689
0.047655
0.01336
-0.0088148
0.032012
0.032334
-0.060869
0.64107
0.61407
-0.17347
-2.8032
-7.9461
-2.6308
-2.5681
0.32119
-2.2069
-3.0526
-0.36906
1.8723
-2.36
-0.93349
1.2443
0.33329
-1.6133
-8.3787
-8.394
16.326
0.1424
-0.80756
0.39641
0.58986
0.58867
0.20506
-0.026605
0.047543
-0.52695
-3.0335
-2.9889
-4.9561
4.8469
0.33588
-2.0702
2.0092
0.66089
3.7815
-1.6616
-5.2559
-1.6148
-0.015743
0.072291
0.07399
0.066595
0.037493
0.061845
-0.0098347
-0.028006
-0.028124
-0.12929
0.0024915
0.053493
0.051581
0.20436
-0.015493
-0.018351
0.25876
-0.12865
0.17804
-0.011784
-0.012204
-0.21412
-0.003977
-0.029915
0.29525
-0.24463
0.14513
-0.064364
0.068156
0.098593
0.098874
0.098136
0.072914
-0.025912
0.0024138
0.026857
0.027492
0.086609
-0.066464
0.44435
-0.65051
-0.55301
-7.4293
-6.9905
3.926
0.63464
0.36236
7.3131
4.2782
-4.0867
3.7779
0.83263
0.7065
-2.5903
-2.5981
0.026266
-5.4717
-4.9087
6.4328
-0.72745
-0.77796
1.3732
-1.0726
0.10277
-0.1165
-0.05264
-2.0688
0.7688
4.0737
-1.1175
-1.1143
1.4477
0.69579
-0.00049036
0.0075172
-2.4714
0.42799
0.13713
0.018702
-0.021523
-0.021321
0.10591
0.024082
0.016522
0.0096394
0.0097166
0.043109
0.0063729
0.1505
-0.10266
0.061173
0.16926
0.015662
0.00073359
-0.043091
0.057657
-0.057144
0.022627
0.043406
0.042624
0.26415
-0.74596
-0.37781
0.41641
0.40811
0.0081771
-0.00075612
-0.03937
0.10314
0.01742
0.012078
-0.056464
0.044128
-0.10236
0.67561
-0.44333
-0.70612
-1.4172
4.197
-1.0126
-1.0669
-4.881
-1.0105
-0.11917
7.9374
7.937
-3.5194
0.87734
-0.29615
1.5132
1.5159
0.39582
6.9469
-8.0937
-5.2202
-12.912
-1.6365
-0.1376
0.2234
0.15303
-0.032432
-0.16393
0.18847
0.031396
-0.37228
-0.37042
0.55311
-0.74235
3.0253
-0.74316
-2.4706
-2.4667
-0.60098
-3.2892
0.1713
0.049884
0.048975
-0.060387
0.04214
-0.060685
0.0043446
0.0062066
0.018285
-0.035314
0.04883
0.019518
-0.020821
0.092746
0.1495
-0.010015
0.14342
-0.10328
-0.087998
0.037878
0.25676
0.25739
0.067752
-0.10075
0.22463
0.11416
0.04408
0.1261
-0.061426
0.029149
0.1012
-0.028888
0.044056
0.1168
0.0048883
-0.014886
-0.015689
-0.0073162
-0.0028175
0.39708
-0.032835
-0.030699
0.33478
-0.65502
-2.7452
-3.0369
4.3614
-0.041812
-0.45461
0.29983
0.21458
-1.9275
0.27614
-2.5495
1.9302
-6.0477
1.1657
1.1658
2.9239
-1.4587
-0.1154
0.45004
0.10931
-0.10459
-0.14021
0.065625
0.16866
0.047107
-3.4601
0.45703
1.1554
1.7736
1.7704
-1.6884
2.454
-0.11716
-2.5618
2.3683
2.3491
-0.40072
0.030569
-0.1728
0.16142
-0.0017408
-0.028922
0.027054
0.10883
-0.0091604
-0.0029336
-0.029288
0.022397
0.19076
0.030217
0.056614
-0.054749
0.14109
0.064756
0.047826
0.041419
-0.040275
0.1243
0.088545
0.25245
0.43035
0.016444
-0.046722
0.17978
0.084823
0.078446
0.027382
0.036621
0.044388
-0.068436
0.014991
0.035053
0.036328
0.11093
-0.043982
-0.042756
-0.07502
-1.3077
-1.307
-8.4559
-2.2965
-2.2881
-0.0034365
6.423
-3.1592
1.7746
2.9494
-0.32067
-6.6649
2.1942
0.94692
0.90612
-3.0893
-4.1071
-3.6834
-3.7613
4.9239
-2.6074
-0.58209
-0.31017
0.1985
0.21294
0.05571
0.0528
-3.0624
-1.9808
2.3191
3.0859
0.7097
0.72033
0.10908
1.2087
-2.6293
-1.5535
-1.2579
0.081966
0.019608
0.018598
-0.056297
-0.022061
0.090371
0.090521
-0.050761
-0.10973
0.20478
-0.067232
0.03206
-0.028782
0.1515
0.012699
-0.073712
0.12386
0.060714
0.060709
0.22549
0.063798
0.063099
0.27982
-0.33093
-0.55605
0.11127
0.20257
-0.067053
0.20858
-0.13027
-0.018367
0.10571
0.10562
0.088164
-0.023623
0.10187
0.042789
0.04253
0.048241
-0.13534
-10.476
2.7072
1.3958
1.3729
2.0296
6.4606
-0.73472
-3.1908
-2.9979
1.2188
-0.03655
0.24454
1.0395
3.7737
-2.4579
-1.5961
-5.3517
-3.5111
-3.5797
7.7277
0.3196
0.060486
-0.079477
0.061957
0.050626
0.1661
0.015602
-0.0080148
-0.001115
0.41113
1.6363
-0.79921
-4.5789
2.8543
3.2445
-3.1005
1.5844
1.5159
-2.0767
0.15062
0.09929
0.040179
0.039839
-0.03252
-0.028024
0.0030396
0.097341
0.089948
0.035671
0.035893
0.0064255
-0.049317
-0.025438
0.10029
0.10034
-0.087907
0.19276
0.051562
0.2848
0.31696
-0.32385
0.23558
0.019073
-0.034271
-0.034378
0.17808
-0.19438
0.044204
0.13762
0.050973
0.12341
0.022291
-0.01303
0.16273
0.16716
-0.27829
0.36742
-0.20878
-0.20856
-11.982
-2.9024
4.2568
-3.4591
-3.6444
1.5499
4.4751
1.2891
-1.129
4.238
4.0618
-1.4069
0.53183
-0.00262
-0.029668
-0.075961
0.69617
0.36996
0.19881
-0.31091
-0.30851
-0.065255
0.29249
-1.255
0.8413
0.83307
-7.604
4.2639
3.0139
-1.4751
3.7215
4.0061
-0.77536
1.2481
1.2191
-0.31037
0.069759
0.014331
0.088352
-0.03946
-0.042229
0.034639
-0.062214
0.099512
-0.035608
0.011764
-0.003186
0.23851
-0.10224
0.16558
0.1009
0.067551
-0.02967
0.0074635
0.0073888
0.043201
-0.092303
-0.059009
0.23061
0.1292
0.19604
0.31461
0.64271
0.34592
-0.11273
-0.10911
-0.080257
0.18645
0.10537
-0.010727
-0.011623
0.020116
-0.032807
0.055396
-0.41186
0.65547
-0.22484
-0.23624
-3.7286
0.76043
-1.0345
-0.30214
2.8992
0.82714
-4.2765
5.1261
-0.80671
-2.4827
-3.6661
0.049807
-3.3146
-3.1722
-3.3116
3.8554
-3.102
-8.1515
13.363
13.383
0.41339
0.60394
0.28101
-0.21698
-0.2115
-0.039966
0.23668
-0.40604
-0.40909
-4.5862
4.864
1.5686
1.5511
1.5472
0.38522
-2.3999
1.2598
-0.54574
-0.19328
-0.18823
-0.10845
-0.096486
0.078981
0.078384
0.023532
0.12241
0.22488
-0.1229
-0.12131
0.045785
0.14932
0.14966
0.056233
0.12898
0.018672
-0.31669
-0.31698
0.24549
-0.018069
0.45667
-0.75719
-0.70874
-0.0086135
0.030061
0.14648
0.15672
0.01005
0.14355
-0.075865
0.065989
-0.026841
-0.026772
0.13412
-0.031331
0.062304
-0.24242
0.60376
0.35535
-1.9765
-1.9837
-4.6973
-3.0293
-1.7347
4.5118
4.4853
5.3035
-3.0748
2.3085
3.088
-3.3322
-3.1555
1.2381
0.0080289
-5.3446
0.61245
0.75645
3.6148
-1.7394
5.7711
-3.4689
-3.4438
0.24094
0.065684
0.33376
0.088782
-0.89898
3.2153
-0.96648
1.2412
-0.58674
2.6527
1.3378
-3.9464
1.0634
-4.5324
0.10464
0.11286
-0.027189
-0.11903
0.025943
-0.0041709
0.0005926
0.0028724
0.08862
-0.019448
0.010258
0.049225
0.049894
-0.0017826
0.052613
0.076585
-0.0096198
-0.0085996
0.053281
0.10717
0.10754
0.071783
0.26165
-0.19021
-0.50957
-0.50447
0.58717
0.049318
-0.21626
0.18512
0.14125
0.14181
-0.11231
0.23546
0.023085
0.070078
0.069756
0.036252
0.29542
-0.1611
0.54952
-15.707
-15.304
0.70683
-2.1671
6.3595
5.6859
-2.8044
5.6489
-2.2618
2.8253
-1.0727
3.1861
-3.571
-12.897
2.4134
2.0773
0.44435
-2.392
1.4931
1.2839
1.3623
0.060495
-0.17154
-0.10877
0.15073
-0.10114
-0.10173
-0.97572
-5.6384
3.5836
3.5364
0.26674
-2.8967
3.1044
0.57981
0.58021
-0.60965
0.36374
-0.059776
-0.070238
0.17048
-0.0082067
0.002872
-0.10599
0.084805
0.085063
0.00094341
0.029369
0.13397
-0.061662
0.16314
0.043315
0.044496
-0.17237
0.057468
0.089421
0.040788
0.040327
0.15525
0.72511
-1.1749
0.77533
0.071063
0.16546
-0.14573
-0.14653
0.086284
-0.015992
0.0075662
0.063079
0.062389
-0.072375
0.051307
0.094933
0.087499
-0.29728
0.09896
-0.33648
0.5337
-1.9372
-11.927
6.0875
0.86415
-4.6951
8.6321
1.1482
-0.53933
6.6722
-2.5205
-0.22633
-0.43722
-3.4032
2.5003
-2.636
0.77662
-2.9447
-1.4755
-0.15886
-0.18196
0.4567
0.35607
-0.1577
0.021795
-0.098536
-0.28424
0.016802
-0.045515
2.3236
1.8475
2.8729
1.8769
0.44542
-2.4313
1.0556
-0.72057
-0.7208
0.38057
-0.023662
0.089539
0.072333
-0.044452
-0.044922
-0.017008
-0.02546
0.046904
0.085819
0.017566
-0.024012
0.17838
0.25934
0.26346
0.53778
-0.062346
-0.041589
-0.041894
0.028204
0.16798
0.33993
-0.003712
-0.20448
0.14484
0.24037
-0.0686
0.013942
0.10864
-0.015262
0.12231
0.052836
0.0082373
0.067794
0.10065
0.35309
0.27621
0.87049
-0.42667
-2.7011
0.69404
-5.161
-1.5783
3.1364
3.3875
9.5615
0.9927
-1.2249
-2.1649
2.6613
2.5544
-1.3112
-1.8032
-3.4599
-0.43982
1.7048
1.5546
4.6145
-8.7762
-0.46839
-0.27665
-0.50435
-0.91118
0.033994
0.049591
0.047592
-0.13538
0.272
-4.6724
-1.7889
2.7859
3.3189
1.084
-1.5653
0.050609
0.025461
-1.911
-1.6937
-3.0792
0.39706
0.44056
0.054401
0.0036618
0.10554
0.044763
-0.093588
0.12205
-0.010573
-0.0091449
0.26934
-0.0014359
-0.0014455
-0.099479
0.034857
-0.22154
-0.21942
0.43403
0.2535
0.37877
-0.75569
-0.30881
-0.27962
-0.01682
0.0099879
0.023702
-0.12466
0.026969
0.025338
0.11905
-0.088403
0.051581
0.045239
0.054453
0.028928
0.10494
0.016288
-0.16401
0.3574
0.23497
0.047433
-8.4471
1.4731
1.4557
-1.033
-0.68062
5.0474
4.1076
-3.1602
5.963
-1.8638
2.5478
2.3984
-3.3185
-2.1965
-2.2251
-3.5381
-10.757
9.5426
-0.75718
0.02038
-0.32406
-0.016698
0.16643
0.06208
-0.050449
-0.26039
-0.074156
-0.40723
2.1491
0.30716
-0.1612
1.9471
1.3632
1.0443
1.6534
-1.6046
0.3664
0.0044694
-0.049516
-0.066912
0.05349
-0.025047
0.066513
-0.031152
0.051938
0.0357
-0.065958
0.12244
0.12353
0.10024
0.0097922
0.099655
-0.2563
-0.027298
-0.028942
-0.044055
0.18958
0.0075285
0.7126
-0.25483
-0.9225
0.086065
0.14651
0.16039
-0.37461
0.28443
0.13119
0.22753
0.076177
0.011485
0.093724
0.090735
0.076745
-0.01205
0.078661
-0.079082
0.27513
-0.67531
-0.64219
4.6822
-1.4925
-1.4723
5.2443
2.5931
3.7543
0.41798
0.029499
-2.1811
3.4279
-1.2114
-1.3196
-4.0353
-4.8089
11.329
-2.2448
0.030674
-0.3049
-0.24969
-0.19133
-0.1043
0.13276
-0.38139
-0.3845
-0.33237
-2.9071
1.7299
2.1171
4.4703
-1.3763
0.47188
0.97529
0.97158
1.787
0.19847
-0.92444
-3.2126
0.034113
0.11448
-0.05886
0.063122
-0.023381
0.083491
0.031464
-0.060833
-0.03684
0.34139
0.34024
-0.32061
0.14335
0.032858
0.077673
0.12487
0.31473
0.20053
2.016
2.0538
-3.7868
0.2319
0.41931
0.18141
0.12261
-0.12561
-0.13168
0.060435
0.099093
-0.043964
-0.061038
-0.060862
0.16885
0.053617
0.32634
-0.29322
0.090036
-0.19579
-1.0823
0.12201
-1.3742
-13.711
2.8089
-1.8891
7.3359
7.3654
3.103
3.6491
1.2172
-2.9354
-2.9269
-1.2029
3.9125
-0.82262
-3.6787
-4.933
-4.8815
1.1323
-0.65507
-0.33112
-0.37944
0.12963
0.02626
-0.43176
0.054484
-0.14279
-0.14241
-0.62585
1.2798
-0.56006
3.1117
2.8596
0.46466
-1.7978
-0.72633
-0.72713
0.48795
0.064986
0.070613
0.045586
0.040665
-0.02833
0.059432
0.059172
-0.025549
-0.029224
-0.013
0.092516
-0.025069
0.098594
0.098418
0.053821
-0.09797
-0.17397
-0.05905
-0.05682
0.21127
0.24176
1.0054
-0.58234
0.14813
0.14121
0.1715
0.039884
0.16615
-0.029215
-0.029817
0.12239
0.081587
0.048415
-0.066851
-0.067669
0.073816
0.091255
0.35367
-0.23321
-0.22229
0.26825
0.46691
-2.9976
-4.7513
-4.6618
4.9144
-0.32736
3.0674
0.17624
0.14978
0.41607
0.58014
0.29443
-0.13094
-0.10328
-1.4236
2.6266
-2.2882
-8.0084
-8.0377
-5.0513
-7.7956
0.090663
0.3527
-0.33719
0.00099038
0.16374
0.063768
-5.047
2.3678
3.1409
0.25059
-0.55159
-2.1263
-1.1386
-1.1383
-1.121
-2.3232
0.21529
0.084235
0.086507
-0.013677
0.078484
0.10722
-0.0066305
0.020957
0.0070322
-0.049277
0.10313
0.038835
-0.17629
-0.013255
0.14938
0.095375
0.0019743
0.00056483
0.044477
-0.2821
0.26171
-0.13226
0.40252
0.26647
-1.6617
0.52885
0.20068
0.18647
-0.087882
0.033393
-0.073559
0.09394
0.095312
0.10769
0.076716
0.032769
0.070844
0.071004
0.057447
0.13923
-0.019985
-0.57195
-0.57235
1.14
-1.0447
-7.047
-0.63585
-0.70871
-3.1072
3.8231
0.4545
6.182
1.1134
1.1479
-4.3149
-5.3362
0.8221
0.83544
4.3206
-6.4546
-2.8974
-3.6627
-3.6837
0.48845
0.22006
-0.074877
0.25652
0.25475
-0.31331
-3.8192
0.27543
1.9252
1.1494
1.1323
1.8163
0.009889
-0.045635
-2.4902
0.16821
-0.22428
0.19927
0.036424
-0.030339
-0.030492
0.12457
-0.088574
-0.021733
0.2871
-0.30605
-0.31375
-0.016593
-0.13931
0.12912
0.099597
0.066749
0.016571
0.004842
0.0097614
0.0092223
0.10004
-0.10026
-0.034515
0.22777
0.27451
-0.5902
0.2214
-0.043644
-0.043647
0.011485
0.14194
0.017776
0.12685
0.034486
0.036805
0.0056987
0.024565
0.089556
-0.033831
-0.031616
-0.02988
0.15047
0.36797
0.68792
0.68881
-0.56723
2.6994
1.2963
1.2966
6.0037
-1.7737
4.7478
4.6623
4.6459
-2.4541
-2.1003
-1.6
-0.33139
-3.7622
-3.8177
2.1831
1.2201
-7.4868
2.6569
2.7357
-0.11849
0.86736
0.054604
-0.13891
-0.71093
-0.71015
-5.4522
4.754
0.30305
1.589
3.0551
-1.1859
0.13155
1.8749
1.7927
-4.4347
0.27737
0.16715
0.22768
0.0040252
0.0039308
0.081163
0.015295
-0.083101
-0.11532
-0.12132
-0.021273
0.0025902
0.045487
-0.10452
0.075587
-0.031358
-0.031497
-0.07445
0.062652
0.062802
0.037271
-0.078191
0.12032
0.14046
-1.1057
0.18594
0.089982
0.019149
-0.27566
-0.28062
0.018744
-0.21749
0.064442
0.03069
0.074058
0.076182
0.073915
0.055086
0.036784
0.22073
0.42988
0.15588
-0.20541
-0.41399
-0.41455
-14.085
2.0946
-1.6534
-0.8144
-0.68133
9.8624
-0.24555
7.941
1.7674
1.7334
-0.78597
-1.8636
2.3599
-1.4793
-1.3647
-2.692
-3.1963
-2.3001
-3.1808
-0.39089
-0.3894
-0.48315
0.24688
-0.167
-0.32942
-0.066323
-0.27311
-0.019844
-0.32711
-1.4718
3.6786
2.4982
3.0418
-1.8056
0.94743
1.533
-1.6897
1.2727
0.029153
-0.69763
0.78579
0.13464
-0.058777
0.075904
0.11784
0.086215
0.087095
-0.013999
-0.017292
-0.033215
0.012547
0.14765
0.19862
-0.046531
0.014739
0.28501
0.27432
-0.050947
-0.049087
-0.02983
0.42512
0.099109
0.40276
0.4029
-0.67299
0.24814
0.12452
0.2271
-0.19612
0.18129
0.14513
0.12048
0.080558
0.069851
0.10059
0.17405
-0.082667
0.066378
-0.030068
-0.068483
-1.881
0.27884
3.7026
-3.393
-2.0161
7.095
1.4014
1.0293
4.0154
-2.1102
-0.53989
-1.0448
-1.1712
0.48199
-0.92389
-3.5975
-2.4048
-2.6168
-19.564
7.9877
0.2636
-0.99394
-0.071838
-0.19633
-1.1967
-0.53268
-0.0022122
0.15192
-0.85903
-0.66426
3.2262
-2.6154
0.96736
-0.7284
0.82599
-2.6866
2.5044
-0.81537
-3.5586
0.12659
0.03999
0.094398
-0.048589
0.05151
0.094708
-0.012269
-0.024366
-0.024846
0.060996
0.10506
0.12648
0.085306
0.092668
0.37735
-0.25248
0.10693
-0.15633
0.14073
0.11458
1.4869
0.39235
-2.5285
-0.55991
0.16391
0.00046417
0.2867
0.10546
-0.22504
-0.019024
0.31246
-0.024473
0.072254
0.2259
-0.30041
0.052312
0.045574
0.14806
-0.63217
0.30938
-1.8726
-10.23
-6.1501
0.32966
4.0982
4.399
4.1488
6.2818
-1.5501
0.54963
-3.0016
1.1153
-5.2562
0.84537
-3.2028
-1.3271
-7.4938
-2.5255
-1.1382
0.072482
-1.1911
-0.39034
0.01619
0.29944
-0.15753
-0.41365
-0.91813
1.0887
-5.322
0.72512
0.056921
-0.39837
1.3525
2.6871
0.091146
0.87692
2.1169
0.89645
-1.7709
-2.1982
-0.4117
0.045268
0.1299
-0.7589
-0.16038
0.12583
0.29896
-0.0062706
-0.028305
0.052551
0.066619
0.049968
0.049908
-0.016049
0.025155
0.015752
0.024115
0.068442
-0.012662
-0.033181
0.023461
0.011347
0.079867
-0.015768
-0.027088
0.069504
0.03052
0.062229
0.0052904
0.016273
0.013941
0.096188
0.1101
-0.11457
0.11439
0.17581
-0.028331
0.018988
-0.052334
-0.95332
-3.0326
-5.5877
4.2722
-0.24975
-0.6767
2.238
3.4354
-4.9476
8.1979
1.3418
3.5552
2.6298
0.17077
2.6934
1.0262
-4.6624
-4.0865
-4.652
-6.5641
1.0553
5.3207
-3.6649
0.33023
-0.38994
-0.058699
0.38599
-0.35256
-0.0022007
-0.26218
0.24094
0.13479
0.069716
0.15761
-0.053023
0.12498
0.4677
-0.17153
-0.55221
0.53573
-0.057631
-0.11923
0.14631
0.14642
-0.051619
0.068283
-0.0052275
0.069658
-0.078064
-0.039417
0.024031
0.023705
0.038128
0.10049
0.030208
-0.029001
0.06233
0.10892
-0.028054
0.048393
-0.31193
0.1784
0.18047
0.0093923
0.091648
0.95314
0.94642
-0.52776
0.80521
0.27932
0.10977
0.10876
0.11037
-0.12028
0.032748
0.047076
0.046116
0.091064
-0.083221
0.26271
0.1269
0.36383
0.35327
-0.51222
0.25435
-0.56175
1.2583
-1.236
-19.406
4.5271
2.3859
2.6016
6.5505
9.0386
4.3074
2.6555
2.6591
-2.4369
-0.99831
1.5022
1.2262
2.7359
-0.75735
2.3107
-11.484
2.6884
2.0488
0.094909
-0.50695
0.048871
0.071985
0.1351
0.12853
-1.4836
-0.75088
-0.89029
3.9407
3.5682
1.3042
0.69259
0.70852
2.1288
-0.70587
-0.54644
-0.42356
-1.1543
-0.81363
0.47355
0.13258
0.082438
0.082806
0.089657
0.17334
-0.1635
-0.14374
0.16883
0.17235
-0.12468
0.18032
-0.089898
-0.09445
0.16117
0.045997
-0.084678
0.31831
0.29984
0.071995
0.0606
0.45845
0.38564
0.47073
-0.37556
3.0734
-1.5
0.54549
0.53944
-0.23332
0.022095
0.10728
0.12466
-0.05068
0.23146
0.061809
-0.01041
-0.031819
0.0094742
0.09625
0.15359
-0.068978
0.031102
0.030985
0.14087
0.020527
-0.027511
0.016767
0.017064
0.1003
0.15953
-0.059946
0.049459
0.048553
0.068818
-0.035218
0.10444
-0.051343
-0.051113
0.029876
-0.0012112
-0.038805
0.023988
-0.015937
0.12607
0.083955
0.13479
0.057365
0.057333
0.058301
0.05697
0.01409
0.078259
-0.012531
0.082749
0.11386
0.066187
-0.06246
-0.062648
0.017164
0.072733
0.080141
-0.072905
0.065835
0.065555
0.025565
0.0072252
-0.028496
0.038563
0.14152
-0.016976
0.0057136
0.0055848
0.022872
0.061179
0.030075
0.016063
-0.041445
-0.041959
0.045782
0.12946
0.072967
0.017004
0.04289
0.024497
0.0021253
-0.020972
-0.021014
0.017438
0.033812
0.065469
0.038223
-0.014813
0.028595
-0.0044552
0.058571
0.063211
-0.024741
-0.02481
0.044444
0.025822
0.084257
0.036554
-0.049006
0.048924
0.04241
0.081439
0.011877
0.011845
0.038667
0.058316
0.014491
-0.021051
-0.021055
0.021353
0.035525
0.044586
0.030847
0.00031528
0.035222
0.067319
0.050837
-0.0055548
0.036598
0.080074
0.042222
0.050022
0.0024448
0.0024519
0.025191
0.080131
0.075074
0.02355
0.02351
0.012728
0.065306
0.027853
0.016019
0.015947
0.0065021
0.058524
0.074412
-0.0069024
-0.0069101
0.013536
0.07998
0.087183
-0.0059176
-0.0059433
0.043246
0.088934
0.045073
-0.0088823
-0.0088026
0.016724
0.064621
0.065825
-0.030306
-0.030206
0.036716
0.066164
0.037984
-0.03529
-0.035311
0.072301
0.067304
0.044088
-0.0077145
-0.0076795
0.050899
0.043709
0.022216
0.0078535
0.0078615
0.013926
0.088542
0.045535
-0.021979
-0.021977
0.079597
0.079689
0.066039
0.0068038
0.0068213
0.051448
0.08786
0.037641
-0.0074104
-0.0073794
0.058784
0.068506
0.078623
-0.014242
-0.014236
0.064475
0.080163
0.0019985
-0.036637
-0.036639
0.059721
0.071806
0.10404
-0.013087
-0.013059
0.060318
0.07337
0.074258
0.014168
0.051059
0.087625
0.036041
-0.02887
-0.028864
0.065963
0.082463
0.066425
-0.015139
-0.015115
0.059127
0.051096
0.040327
-0.02282
-0.022832
0.073278
0.080274
0.066947
0.00063927
0.00065781
0.068198
0.03638
0.074274
0.0010551
0.0010242
0.030089
0.043422
0.038714
-0.065012
-0.065016
0.049596
0.066754
0.073164
-0.02946
-0.029428
0.0653
0.057956
0.02997
-0.013329
-0.013328
0.050251
0.079994
0.073048
-0.027234
-0.027212
0.07345
0.082271
0.0066384
-0.0067211
-0.0067352
0.050276
0.0759
0.067082
-0.022008
-0.022011
0.067249
0.050278
0.07423
-0.036311
-0.036299
0.014731
0.064567
0.029436
-0.014039
-0.014059
0.059012
0.052649
0.080267
-0.0080998
-0.00809
0.04393
0.083463
0.0306
-0.0067536
-0.0067428
0.022703
0.081504
0.052498
-0.0054124
-0.0053769
0.065835
0.031049
0.057561
-0.006752
-0.0067519
0.037197
0.058315
0.037228
-0.036776
-0.036777
0.044607
0.080998
0.058963
-0.030624
-0.030624
0.01394
0.075257
0.02277
-0.014902
-0.014897
0.074276
0.073508
0.049673
0.0065853
0.0065663
0.036047
0.068172
0.041319
0.016239
0.01628
0.044216
-0.019625
0.013326
0.0014008
0.0014321
0.012265
0.091815
0.091732
-0.053875
-0.053855
0.031387
0.058435
0.058421
0.029334
-0.014563
0.014708
0.044736
0.044996
0.0069286
0.0069277
0.044103
0.068583
0.074036
0.029455
