-0.019765
-0.061458
-0.0092573
0.21934
0.21152
0.052088
0.64244
0.059392
0.00328
0.55493
0.43757
0.39909
0.2816
0.54775
0.88965
0.56959
0.60472
0.88011
0.92938
0.68469
0.7536
1.0832
1.0387
0.78314
1.2384
2.0886
2.9338
3.5554
3.0993
3.6266
3.5316
3.5573
2.9427
3.031
1.9104
0.98695
0.72495
0.30509
0.12252
0
0
0.011237
0
0
0
0
0.0039692
0.011152
0.005703
0
0
0.63061
0.17892
1.0792
1.4653
1.2932
1.3464
1.2683
1.0917
1.0375
0.70112
0.35965
0.33154
0.14195
-0.024884
0.026072
0.038762
0.032621
0.037074
0.087836
0.084655
0.13781
0.42667
0.5091
0.29993
0.41549
0.99721
0.63467
0.43114
0.32098
0.32201
0.25141
0.33235
0.33021
0.23082
-0.20505
0.11516
0.28816
-0.0020795
0.033168
0.26931
0.32989
0.91768
1.1636
1.9064
2.3133
2.0344
1.4365
2.0875
3.4971
4.1497
3.6998
2.6076
1.665
1.1274
0.80801
0.23518
0.069977
0
0
0.013246
0
0
0.00037064
0.00065042
0.00084037
0
0.00052643
0.0018725
0.23342
0.16399
0.81558
1.3737
1.0964
1.1339
0.86982
0.86253
0.65987
0.32638
0.11475
0.058213
0.0024494
0.046272
0.019322
-0.03008
-0.015917
-0.0057793
0.0021918
0.038658
0.026565
0.10518
0.19651
0.44336
0.28091
1.0565
1.0063
0.65856
0.52031
0.25978
0.70335
0.83236
0.7471
0.68482
0.66549
0.86332
0.94525
0.67196
0.88311
1.2436
0.38209
0.23751
0.26798
0.51206
0.75105
1.2215
2.0001
2.3603
1.8777
1.4189
2.6715
3.2984
3.1087
2.8725
3.6359
3.427
2.8748
2.0207
1.1851
0
0.021182
0.0019222
0
0
0.000236
0
0.010685
0.011613
0.0064536
6.5333e-05
0.0064509
0.0040219
0
0.0021152
0.4056
0.10853
0.82624
1.2667
0.9921
0.8058
0.55442
0.29253
0.12333
0.017207
0.032137
-0.036002
-0.045396
-0.027036
-0.030991
-0.017047
-0.013994
0.011884
0.0032545
-0.025392
0.01787
0.067995
-0.053835
-0.1923
-0.48611
-0.60316
-0.46994
-0.36683
-0.42901
-0.3719
-0.46644
-0.049705
0.13764
-0.15565
-0.070565
0.27614
0.27149
0.51868
0.39791
0.30434
0.43137
0.72328
1.0147
1.7875
2.3227
1.9723
1.426
1.8897
3.094
3.2227
2.6932
2.6919
3.5751
1.0868
0.59095
0.24494
0
0
0.0029819
0.01352
0.015434
0
0.0013819
0
0.0054559
0.00037007
0.0017843
0.0022253
0.0022446
0.0070143
0
0
0.078334
0.49693
0.85527
1.1294
1.1283
1.1376
1.004
1.1736
0.71707
0.46506
0.29962
0.15497
0.0068565
0.048454
0.046644
0.00019583
-0.011688
-0.0012373
-0.0052689
-0.0077999
0.0027045
0.010775
0.025307
0.10512
0.18359
-0.021525
0.56026
0.52128
0.36808
0.27839
0.12539
0.39381
0.81111
0.47385
-0.088633
0.55734
0.74745
0.57052
0.4126
0.89359
0.72957
0.64999
0.67775
0.64131
0.37151
0.44282
0.729
1.0499
1.7473
2.4625
2.5583
2.535
3.4867
3.8572
3.2676
3.3743
3.9454
3.8689
3.2107
2.2501
1.2426
0.99097
0.5275
0.098171
0
0
0.030798
0.006406
0
0
0
0
0.0043858
0.0072521
0
0.0054269
0.49737
0.24457
0.77653
1.0609
1.0017
0.85093
0.83376
0.83805
0.85166
0.56207
0.35033
0.1988
0.08995
-0.011098
0.036442
0.024537
-0.0052119
-0.0088567
-0.00047559
-0.00085799
0.001701
0.016042
0.056642
0.10727
0.1949
0.39359
0.49031
0.25589
0.23513
0.78737
0.80837
0.4653
0.41743
0.28792
0.55081
0.66174
0.51705
0.23254
0.75048
0.71946
0.34301
0.36726
0.75398
0.67649
0.49435
0.37761
0.33702
0.51012
0.89895
1.3908
1.8477
1.6501
2.4398
3.1676
3.0172
2.7787
3.1101
3.5107
3.0045
2.0825
1.1949
0.82436
0.51013
0.13378
0
0
0.025109
0.0099323
0
0
0
0
0.004629
0
0.0013732
0
0
0
0
0
0.069001
0.39113
0.59832
0.97518
1.0492
0.74876
0.43078
0.3203
0.15713
0.0099999
0.023443
0.010932
-0.0029366
-0.0057611
-0.0077058
-0.0076323
-0.011146
0.00016906
0.01498
0.057244
0.16104
0.31557
0.50687
0.5181
0.77227
0.97484
0.89338
0.71685
0.55986
0.75044
0.98153
0.88088
0.62346
0.62959
1.1543
0.85034
0.71901
0.94651
1.1828
1.128
0.95253
0.84337
0.81221
0.41597
1.2808
1.195
0.91824
0.28477
0.80382
1.541
1.1709
1.4912
2.0746
1.7894
1.7993
1.2368
0.73867
0.48598
0.23211
0.10427
0.00056569
0
0.0042705
0.0027614
0.0042795
0
0.0014366
0.0053582
0.0045234
0.0022208
0.0028879
0
0.0026375
0.00068115
0
0
0.12244
0.081632
0.43596
0.78835
0.85934
0.69509
0.45648
0.20423
0.097148
0.024873
0.030718
0.017019
-0.0064934
-0.017538
-0.013803
-0.004708
-0.0087608
-0.0043754
-0.0022607
0.017564
0.071072
0.21791
0.45587
0.50167
0.46822
0.55202
0.91967
0.81958
0.64802
0.51383
0.50856
0.7553
0.83929
0.70019
0.39768
0.80794
0.89611
0.66762
0.61653
1.0392
1.0571
0.81804
0.53866
0.63513
1.0762
1.3071
1.7658
2.0752
3.2369
3.674
3.211
3.2656
4.0092
3.7635
3.5174
3.0771
2.136
1.2737
0.93149
0.52801
0.21754
0.0021754
0
0.042521
0.0012607
0.033742
0.0032028
0.013862
0.003012
0.013095
0.0028327
0.0081862
0.0044822
0.011831
0.012291
0
0.0049156
0.14607
0.13824
0.90805
1.0344
0.789
0.69406
0.51478
0.37953
0.22141
0.1955
0.086939
0.055027
0.023834
0.022285
0.027342
0.029423
0.039476
0.069805
0.17007
0.41983
0.71524
1.0107
1.4671
1.2029
1.5088
1.6872
1.293
1.0756
1.1241
1.32
1.3242
1.1484
1.0214
1.3674
1.4887
1.0789
1.0574
1.4559
1.3756
1.1662
0.47181
0.80884
0.91681
1.0025
1.6212
2.0837
1.9035
1.4652
2.0982
2.625
2.2252
1.9388
2.349
2.6346
2.3133
1.5096
1.2541
0.65027
0.20948
0.076115
0.001017
0.0018511
0.0055052
0.0019112
0.011758
0.0096983
0
0.0095858
0.012301
0.012745
0.0043439
0.010528
0.011336
0.0035442
0.0037488
0.0019048
0.19902
0.036333
0.6273
0.75985
0.82581
0.77044
0.70459
1.0135
0.8653
0.08931
0.078253
0.045937
0.013359
0.012302
0.011637
0.0068974
0.022724
0.043059
0.065487
0.24256
0.48301
0.64414
0.8962
0.67361
1.0578
1.4002
1.001
0.70011
0.6643
0.55567
0.81299
0.72912
0.65677
0.67979
0.78244
0.74616
0.45194
0.61257
1.0561
0.85078
0.21895
0.24106
0.53124
0.68355
1.0611
1.1832
1.1167
0.84542
1.1032
1.5712
1.7746
1.5781
1.8026
2.0521
2.0753
1.9682
1.4831
0.79517
0.49523
0.22554
0.096222
0
0
0.0094369
0.0032871
0
0
0.0024319
0.0083746
0.00091978
0.0050009
0.0021642
0.0084124
0.0027863
0
0.00012748
0.0027342
0.22457
0.051004
0.40784
1.1597
0.89166
0.85197
0.51887
0.2018
0.097233
0.084571
0.097649
0.053485
0.023504
0.018144
0.023009
0.025145
0.035478
0.06488
0.14103
0.31367
0.58874
1.0925
1.3155
1.3039
1.38
1.6222
1.285
1.2904
1.1639
1.1853
1.4276
1.2468
1.1685
1.0222
1.343
1.4231
1.0713
0.79305
1.0098
0.79654
0.51625
0.77771
0.55742
0.37782
0.35983
0.89057
1.7299
1.3733
2.1179
2.5069
2.4892
2.5121
2.766
2.8053
2.7087
1.4631
0.88653
0.56085
0.24101
0.043186
0.0034039
0
0
0.0058733
0.0099949
0
0.010065
0.00095657
0
0
0.00082188
0.0046603
0.0020648
0
0
0.004422
0.2311
0.095602
0.55475
1.2299
1.1588
0.92144
0.84187
0.58221
0.42151
0.23399
0.13387
0.089783
0.011547
0.026961
0.018581
0.018718
0.031922
0.046137
0.081735
0.17281
0.46452
0.87142
1.3365
1.7254
1.6633
2.2347
1.9095
1.4712
1.2019
1.3276
1.5013
1.6373
1.3292
1.3067
1.3492
1.419
1.4342
1.1931
0.8353
0.60566
0.57504
0.58147
0.97967
1.3541
1.318
1.8281
2.3202
2.3596
3.2462
3.6157
4.23
3.1207
3.8225
3.3391
3.3748
3.2854
2.6592
1.3188
0.84105
0.38246
0.15808
0
0
0
0.010106
0.0081057
0.011537
0.0030433
0.010995
0.011532
0.0084461
0.008668
0.0053764
0.0143
0.0042108
0.0010998
0.004807
0.16922
0.085956
0.70931
1.2956
1.0165
0.71325
0.40451
0.36035
0.25404
0.12707
0.071394
0.028109
0.025091
0.018158
0.013734
0.030315
0.037496
0.053125
0.090834
0.3214
0.67068
0.96058
1.2719
1.3749
1.9074
1.6929
1.2104
0.96031
1.0113
1.3338
1.3539
1.1639
1.178
1.1886
1.3224
1.0166
1.0061
1.2629
1.3416
1.4532
0.2994
0.48782
0.65593
0.92888
1.1479
1.6305
1.7435
1.3949
1.6397
2.206
1.9102
2.1378
2.4101
2.3638
2.2706
2.0556
1.7227
0.9235
0.68438
0.33379
0.11808
0.0046876
0
0.066557
0
0
0.0072306
0.0044827
0.0011532
0.0063773
0.00091567
0.0065621
0.0052876
0.0021039
0.0042685
0
0.00026054
0.080674
0.052052
0.6312
0.47541
0.70507
0.89999
0.45277
0.087555
0.13212
0.17842
0.1204
0.047848
0.022365
0.0094145
0.010454
0.011074
0.015145
0.047144
0.055754
0.10189
0.31516
0.66263
0.92668
1.2566
1.2539
1.9013
1.9078
1.48
0.87831
0.7528
1.0563
1.2394
1.1758
0.99234
0.6537
1.2006
0.91563
0.71863
0.77572
1.006
0.79591
0.64022
0.72792
0.43553
0.59697
0.97845
1.1024
1.0658
0.85768
1.4893
1.8422
1.4913
1.4168
1.4814
1.5301
1.3998
0.90488
0.63087
0.40122
0.22626
0.033999
0
0
0.00345
0
0.0027568
0.0057841
0.00074765
0.0045277
0.0019158
0
0.0032948
0.0046749
0.003416
0.0027835
0
0
0.070711
0.058909
0.37866
0.98334
0.75943
0.50511
0.32091
0.29595
0.24316
0.14424
0.10428
0.04061
0.030992
0.042894
0.024868
0.033001
0.06426
0.081339
0.20505
0.40187
0.8327
1.2589
1.5633
1.6223
1.8663
1.7242
1.2912
1.2147
1.0205
1.3216
1.3696
1.0687
1.0826
0.96651
1.0766
0.94408
0.68827
0.86045
1.0362
0.93015
0.9416
0.26689
0.46192
0.68818
0.75262
1.0644
1.3568
1.1587
1.7144
2.5441
2.0982
1.7337
2.1586
2.5943
2.6312
2.2484
1.5427
0.81474
0.48456
0.23794
0.084327
0
0
0.0083705
0.00081895
0.0044077
0.0043352
0.0071853
0.0031034
0.0054296
0.0069636
0
0.015586
0.0077789
0.0039205
0.00053812
0.0011036
0.17365
0.052258
0.75875
1.056
1.2329
0.74534
0.31523
0.32079
0.25522
0.11295
0.091238
0.055447
0.026434
0.01619
0.028489
0.025115
0.056488
0.065308
0.16161
0.415
0.62736
1.1869
1.497
1.4124
1.4179
1.7551
1.0355
1.0044
0.80699
1.2497
1.4447
1.21
0.65715
1.1175
1.4304
0.68361
0.60653
0.12594
0.36177
0.36262
0.20695
0.52003
0.65815
1.0393
1.5228
1.4536
1.4514
1.6544
2.0473
1.7097
1.6793
2.256
2.329
2.1785
2.0841
1.3387
0.82223
0.55173
0.29341
0.071663
0.0013523
0
0.086109
0.011082
0.0053595
0.0038808
0.001699
0.0050675
0.0014759
0.00086562
0.00053311
0.00059753
0.0054989
0.0003811
0.00070318
0.001215
0.15531
0.04757
0.54139
0.81132
0.80297
0.56716
0.28812
0.098051
0.13179
0.089414
0.078916
0.027957
0.012476
0.011188
0.010026
0.014844
0.038791
0.058425
0.12825
0.32517
0.67955
1.0603
1.4651
1.642
2.008
2.0674
1.4059
1.1875
1.2625
1.346
1.3541
1.2102
1.3464
1.4246
1.6665
1.4482
1.1259
1.4395
1.4093
1.5166
1.1053
0.5684
0.77828
1.2555
2.0296
1.9633
1.9106
1.5224
1.945
2.6017
2.6149
2.5619
2.8794
2.7354
2.6606
1.5009
1.1846
0.54287
0.14308
0.071236
0.0040671
0.0017515
0.0087616
0.017903
0.006076
0.013243
0.0097287
0.012231
0.0096184
0.0106
0.0045198
0.012051
0.016647
0.0031196
0.00085378
0.002886
0.17519
0.080622
0.5744
1.0254
1.0004
0.77527
0.46127
0.20806
0.13357
0.1052
0.077818
0.024638
0.014475
0.010059
0.0089124
0.025296
0.031244
0.053962
0.076722
0.30907
0.64007
0.99782
1.2785
1.4687
2.1733
1.7062
1.347
1.1071
0.9546
1.1733
1.5656
1.1499
1.162
1.3485
1.1453
1.0717
1.0508
1.0794
1.1205
1.2189
1.0729
0.83411
0.56909
0.49977
0.39114
0.71511
1.2994
1.5991
1.3668
1.2689
2.0719
2.4884
2.8321
3.3145
3.0908
1.9846
1.2717
0.76275
0.28497
0.11358
0.0031145
0
0.032434
0
0.027249
0.0041655
0.0032569
0.0057986
0.0096715
0.0083018
0.0061322
0.0056767
0.012647
0.0095946
0.00081774
0.0057774
0.18669
0.067584
0.61748
0.79469
0.9544
0.91706
0.8325
1.0671
0.80475
0.36777
0.22688
0.41137
0.23996
0.12743
0.055902
0.034714
0.027477
0.026701
0.0077815
0.018847
0.043908
0.097732
0.16552
1.5438
1.9228
1.9703
1.7448
1.3879
1.5661
1.3611
1.8086
1.5514
1.2996
1.375
1.3356
1.4281
1.3531
1.2494
1.2258
1.6233
1.1506
0.7317
0.58071
0.60267
0.5087
0.65201
0.93663
1.4493
1.4125
1.4629
1.7225
1.9881
1.704
2.214
2.2513
2.2479
2.6917
2.3969
2.4504
1.2502
0
0
0.0044154
0
0.021553
0.0036062
0
0.010288
0.0051691
0.0028453
0.0040842
0.010055
0.0084049
0.0042833
0.00069664
0.003216
0.20491
0.16134
0.58833
0.83229
0.97016
1.1886
0.86237
1.0098
0.89005
0.37911
0.11647
0.28455
0.22139
0.1058
0.053361
0.020141
0.035989
0.056975
0.13879
0.32314
0.7514
1.0811
1.7299
1.821
1.874
1.8754
1.7551
1.5691
1.6801
1.6382
1.5014
1.7013
1.4022
1.0244
1.818
1.5981
1.3038
1.0954
1.5361
1.3972
1.1535
0.82134
0.53339
0.60161
0.58723
1.0042
1.6098
1.8804
2.1435
2.2447
1.9579
2.4545
3.081
3.1943
3.1142
1.8451
1.1926
0.63676
0.18745
0.10425
0.012312
0.0052296
0.018585
0.013782
0.0029637
0.019569
0.0036885
0.0042568
0.0025865
0.015106
0.0031568
0.0064341
0.016436
0.0039393
1.4628e-05
0.009136
0.18823
0.054555
0.58356
0.76993
1.0401
0.94273
0.82242
0.94945
0.87812
0.56483
0.2006
0.21323
0.28035
0.15768
0.1014
0.046738
0.022323
0.0084497
0.18846
0.51413
0.81104
1.2544
1.7573
2.0511
1.9864
1.8849
1.895
1.6166
1.7564
1.6235
1.6479
1.8976
1.3764
1.705
1.3824
1.4803
1.3893
1.2085
1.6573
1.7654
1.2363
0.92856
0.78683
0.6622
0.48614
0.80328
1.0385
1.4633
3.178
3.4703
3.9474
4.1184
3.6337
3.8771
3.6301
3.5064
2.1627
1.2443
0.71269
0.25361
0.16096
0.0024805
0.0044751
0.05457
0.01285
0.0097075
0.014812
0.0037858
0.0087165
0.0053986
0.010557
0
0.0095202
0.0022571
0.0054734
0
0.0063588
0.20157
0.11188
0.68199
0.88136
1.0152
0.95644
0.80483
0.95875
0.75792
0.35091
0.17566
0.31876
0.24531
0.014052
0.012548
0.008013
0.070648
0.086167
0.20509
0.42559
0.74242
1.2922
1.5372
1.8353
2.1383
2.0527
1.5632
1.3682
1.6332
1.7129
1.3986
1.4961
1.1966
1.6938
1.7662
1.3182
1.102
1.5163
1.2874
1.5325
1.2724
0.91358
0.5616
0.58886
0.44107
0.74176
1.2787
1.4686
1.773
1.4734
1.6063
2.3641
2.3448
2.1763
2.6156
2.5477
2.9454
1.0536
0.73056
0.27593
0.10252
0.0073763
0.0045128
0.020717
0.013491
0.0069141
0.014699
0.0064691
0.0088694
0.0065496
0.003465
0.007961
0.0063269
0.009079
0.00026775
0
0.0023564
0.013773
0.033653
0.62014
0.62299
0.63389
0.96633
0.85394
0.87545
0.74903
0.51903
0.21244
0.26655
0.29155
0.16239
0.080184
0.028504
0.060187
0.10377
0.24802
0.49146
0.77638
1.3144
1.6202
1.6199
1.9343
1.7794
1.3998
1.2034
1.0347
1.3666
1.2636
1.2031
1.2867
1.0033
1.1909
1.0448
0.72764
1.0586
1.1073
1.2165
0.83787
0.71333
0.64695
0.24411
0.31165
0.49009
0.81085
1.2132
1.0442
0.87424
1.2369
1.9741
2.3365
1.6962
2.1983
2.2977
2.5911
2.5848
2.1555
1.5894
0.89751
0.54031
0.27344
0.085024
0.0013066
0.0061758
0.0086921
0.013642
0.010138
0.0049335
0.016622
0
0.0122
0.014606
0.0040994
9.7731e-05
0.0045004
0.037095
0.080629
0.81157
1.3178
1.0786
1.1308
1.2137
1.0832
1.1158
0.79197
0.40619
0.21167
0.3176
0.18146
0.096742
0.059308
0.023923
0.035597
0.050997
0.049132
0.10672
0.13264
0.30269
0.70336
1.0273
1.7059
1.7424
2.1084
2.6197
2.2043
1.8271
1.7594
1.7507
1.6825
1.7151
1.7343
1.2433
1.4662
1.4015
1.1028
1.1807
1.498
1.2962
0.29597
0.34351
0.40013
0.83228
1.2952
0.99064
0.92618
1.0383
1.4208
1.8825
1.4799
1.6612
1.8439
1.8834
2.0146
2.0197
0.97376
0.55381
0.28388
0.1161
0.03492
0
0.00065753
0
0.017447
0.0059915
0.0014383
0.0087062
0.0024793
0
0.0030418
0.0016767
0.010778
0.0031677
0.00067279
0.00084451
0.0056626
0.24925
0.047023
0.58831
1.1643
0.9841
1.0087
0.44184
0.42624
0.16544
0.047131
0.053036
0.046931
0.0072644
0.0094051
0
0.0022735
0
0.023193
0.072501
0.17279
0.36001
0.6851
1.0605
1.4828
1.4823
1.9957
1.8984
1.3227
1.2844
1.1119
1.5161
1.6277
1.2015
1.235
1.4822
1.502
1.4498
1.1333
1.3729
1.4922
1.7069
1.2535
0.93442
1.0007
0.52984
0.49059
0.76366
1.1905
1.7776
1.7335
1.2394
1.1022
1.9411
2.4681
1.9314
2.0131
2.4834
2.5224
2.567
0.51163
0.23749
0.083597
0
0.0010125
0.014212
0.00054518
0.017104
0.014825
0.0051728
0.01078
0.0030285
0.0081506
0.00093754
0.012699
0.011653
0.0054835
0
0
0.034596
0.11257
0.45304
0.84989
1.174
1.122
1.2932
1.1344
1.0738
0.66556
0.39773
0.30793
0.21384
0.027606
0.016248
0.018118
0.03929
0.074117
0.11985
0.3764
0.66847
0.99331
1.3682
1.4201
1.8628
2.0096
1.4887
1.3567
1.1296
1.2403
1.6033
1.3679
1.1417
1.3923
1.4808
1.2339
1.163
1.1183
1.4944
1.6933
1.0015
0.81811
0.7405
0.42392
0.48013
0.75418
1.1382
1.4599
1.6603
1.3275
1.2603
1.8521
2.4551
2.2516
1.8933
2.2003
2.3697
2.3019
2.2115
1.2702
0.72978
0.47485
0.22022
0.080154
0
0.0047141
0.0090608
0.0067529
0
0.0049085
0.0060904
0.0017517
0.0054415
0
0.00021266
0
0.0068614
0.041382
0.43894
0.8062
0.9747
0.77122
0.88344
0.9178
0.83166
0.47246
0.18872
0.28113
0.32468
0.16188
0.05493
0.038928
0.028113
0.01985
0.031537
0.058871
0.093996
0.099678
0.23198
0.46637
0.81315
1.2537
1.3959
1.3244
1.2305
1.1106
1.4602
1.1898
0.81047
1.3677
1.1707
1.401
1.5793
1.6571
1.5049
1.8363
1.3689
1.0805
0.73419
0.55776
0.35477
0.59071
1.3888
1.6341
1.5211
0.83318
1.7062
2.4385
2.5588
2.2711
2.5553
2.8407
2.8909
2.4566
2.6471
1.8372
0.92587
0.4982
0.24897
0.082544
0.0054048
0.0034165
0.014287
0.0091234
0.00724
0.005146
0.0028998
0.0074249
0.0051511
0.0057157
6.46e-05
0.0028387
0.11717
0.085987
0.49907
0.74571
0.809
1.0153
0.98622
0.8402
0.79784
0.52687
0.28528
0.24719
0.19035
0.091443
0.061931
0.029228
0.0068909
0.020412
0.014306
0.022227
0.058633
0.066679
0.15052
0.37928
0.73763
1.2731
1.3764
1.7301
2.269
1.7264
1.6009
1.3137
1.4087
1.3833
1.5569
1.4922
0.67703
1.5353
1.7563
1.338
0.99619
1.4076
0.63384
0.34509
0.35761
0.63437
0.68425
1.1184
1.6389
1.6533
1.164
1.0323
2.01
2.0465
1.8692
1.7734
2.0515
1.7781
1.7058
1.0945
0.53192
0.31458
0.10735
0.047179
0.00090519
0.00084984
0.0032333
0.0069223
0.0025754
0.0043129
0.0019915
0.0052011
0.0049565
0
0.00044445
0.006011
0.0040449
0.0034068
0.00047765
0
0.10542
0.045343
0.51184
0.68541
0.8093
0.78599
0.80023
0.75523
0.19209
0.05336
0.065942
0.030313
0.0046813
0.004273
0.008266
0.012872
0.030456
0.067118
0.12234
0.24933
0.49839
0.92409
1.0704
1.1734
1.3858
1.6006
1.2688
0.87415
1.0474
0.87768
1.0526
1.0354
0.5964
0.87388
1.2787
0.81315
0.94602
0.94622
0.83053
1.2364
0.8491
0.60914
0.41261
0.52287
0.39358
0.59687
0.92511
1.1484
1.2731
1.4919
1.0793
1.7658
2.067
1.9067
1.821
2.2062
2.4167
2.542
0.28126
0.096419
0.0034474
0
0.036729
0.011802
0.011168
0
0.0045333
0.0022691
0.0043262
0.0060629
0.0043705
0.0048168
0.0037248
0.004292
0
0.00069289
0.0786
0.086723
0.49159
0.90257
1.0765
1.0058
1.091
1.0302
0.83013
0.63334
0.39631
0.18753
0.29032
0.15475
0.11262
0.045945
0.027082
0.025511
0.031015
0.061673
0.099213
0.12674
0.28906
0.48068
0.81371
1.3264
1.6602
2.0095
2.2105
1.9721
1.6894
1.4414
1.4027
1.7399
1.5852
0.85149
1.204
1.102
1.2688
1.3196
1.1217
0.84388
0.659
0.53125
0.44559
0.83649
1.3839
1.6795
1.8209
1.52
1.4776
2.1926
2.1638
2.0054
2.2253
2.4582
2.5511
2.7875
2.3546
1.7233
0.73041
0.42751
0.21032
0.076335
0.0048424
0.0035013
0.018714
0.012291
0.023431
0.01268
0.0086
0.0020665
0.0083167
0.0066295
0.0054942
0.0071271
0.0026625
0.0052833
0.045141
0.61085
0.94685
0.82353
1.0521
0.99696
1.1207
0.87105
0.60139
0.30049
0.17372
0.19323
0.141
0.042417
0.013366
0.01187
9.5445e-05
0.0083037
0.016319
0.036342
0.049203
0.11224
0.38041
0.62122
1.0941
1.3341
1.3715
1.917
1.5628
1.2043
1.1285
1.1244
1.035
1.3911
1.0464
0.78658
1.4512
1.3607
0.98695
1.1195
1.0329
1.0269
1.0519
0.38767
0.46866
0.68849
0.92025
1.1811
1.6207
1.4375
1.3667
1.8417
1.9029
2.0323
2.1145
2.3367
2.5347
2.293
1.4877
1.0653
0.55591
0.24527
0.072273
0
0.0049211
0
0.0028876
0.014438
0.0067626
0.0060613
0.001941
0.012372
0.01086
0.0076105
0.0054573
0.0054922
0
0.0061595
0.00018176
0.090409
0.07223
0.70783
0.96872
0.84335
0.85939
0.81209
1.006
0.9466
0.49581
0.014766
0.014628
0.0014537
-0.00022117
0.0015664
0.0063064
0.01259
0.044162
0.10158
0.26674
0.49673
0.82484
1.0259
1.3304
1.483
1.7176
1.4332
1.2484
1.1226
1.3021
1.4433
1.2698
0.9741
1.3127
1.5188
1.1885
1.1837
1.1439
1.1694
1.3376
1.4339
0.96752
0.72943
0.57131
0.45458
0.63902
0.90276
1.5743
1.8541
1.5079
1.1675
1.2554
2.0917
1.9312
2.0809
1.5149
0.90495
0.65158
0.16057
0.040936
0
0
0.0074031
0.0054469
0.014799
0.01671
0.0075707
0.00037421
0.0062548
0.0086847
0.0054971
0.00049554
0.015709
0.0053573
0.004051
0.0014415
0.0048596
0.024474
0.65901
1.1827
0.92911
1.0163
0.93119
0.97985
0.94651
0.50557
0.30656
0.3315
0.24441
0.15197
0.098485
0.032539
0.016265
0.020935
0.017221
0.03269
0.059505
0.10612
0.15522
1.3225
1.831
2.0748
1.4318
1.4125
1.4257
1.329
1.4482
1.4341
1.4143
0.97511
1.4426
1.123
1.166
0.75584
1.0146
0.97288
1.1227
0.81877
0.58839
0.45993
0.3591
0.61096
1.022
1.6449
1.4698
1.1215
1.0534
1.724
2.0472
1.9809
1.9337
1.9236
2.3441
2.165
2.0288
1.3776
0.66762
0.44156
0.14052
0.056047
0.0024275
0
0.015444
0.0024301
0.0021063
0.0087519
0.0025868
0.0037354
0.012787
0
0
0.0033182
0.06821
0.066546
0.54299
0.72221
0.82755
0.82149
0.76018
0.86618
0.8009
0.45425
0.27801
0.29252
0.24436
0.12839
0.078526
0.025923
0.020307
0.012153
0.02098
0.028173
0.057171
0.11245
0.23562
0.44975
0.78487
1.0802
1.3337
1.3456
1.9492
1.7469
1.3612
1.4672
1.1062
1.2068
1.1603
1.197
1.0879
1.0393
1.1805
1.4572
0.94192
0.70207
0.65331
0.50048
0.53827
0.83138
0.92354
1.4532
1.8818
1.3028
1.2717
1.9018
2.19
2.2997
2.2483
2.1436
2.5902
2.492
2.2895
1.3807
0.97542
0.45428
0.26165
0.095685
0
0.0068109
0.013622
0
0.01795
0.016077
0.0019811
0.012952
0.0071044
0.00050638
0.0050808
0.0036723
0.005966
0.00042474
0.0022223
0.0033679
0.044317
0.08759
0.58122
1.0085
0.68064
0.69947
0.36271
0.17957
0.26024
0.14812
0.12398
0.048594
0.019114
0.033328
0.024171
0.024019
0.074647
0.079627
0.21648
0.45769
0.83948
1.2246
1.479
1.7743
1.8829
1.9882
1.7091
1.3629
1.5622
1.4981
1.7258
1.3666
1.1777
1.605
1.6248
1.4549
1.2897
1.3393
1.8342
1.5483
1.3545
1.0699
0.69522
0.56998
0.64925
1.1883
0.88427
1.2743
1.55
1.6198
1.3713
1.6276
2.0191
2.0726
1.722
1.2322
0.51678
0.4367
0.20848
0.029465
0.0021523
0.00031692
0.0077888
0.0069134
0.0026458
0.0028344
0.0094481
0.0014354
0.0028625
0.0019969
0.0050477
0.013912
0.00082892
0
0
0
0.43372
0.05809
0.61066
1.1027
0.8638
0.8408
0.74416
1.0037
0.68225
0.33159
0.18571
0.33366
0.23037
0.13813
0.084038
0.025552
0.052643
0.079034
0.21661
0.47652
0.75057
1.1882
1.2596
1.4808
1.906
1.5063
1.3076
1.1156
1.2067
1.401
1.4818
0.95099
1.1869
1.6636
1.2548
1.1765
1.0537
1.218
1.3637
1.4282
1.1677
0.70028
0.87642
0.61373
0.5404
0.80458
0.97722
1.4117
1.5381
1.4556
1.4049
2.043
2.0785
2.1411
2.1161
2.3593
2.692
2.6651
2.3043
1.484
0.80963
0.56038
0.28931
0.06515
0.0044807
0.0060716
0
0.0080912
0.0024778
0.0023212
0.0030758
0.0065086
0.0088031
0.0026344
0.0011105
0.0017561
0.061718
0.060009
0.70489
0.97834
0.93818
0.88967
0.86006
0.95308
0.8664
0.4342
0.30864
0.26703
0.1844
0.12689
0.055296
0.026298
0.011256
0.023259
0.010801
0.011675
0.042581
0.063337
0.14779
0.37294
0.71296
1.203
1.3264
1.6101
1.766
2.0044
1.436
1.4949
1.2946
1.4485
1.6815
1.1128
1.0885
1.5871
1.6701
1.3159
1.2533
0.85591
0.6335
0.46663
0.52879
0.62062
0.81163
1.0826
1.3855
1.35
1.3273
1.3976
1.971
1.8548
1.7367
2.0668
2.1496
2.187
1.8378
1.2887
0.65789
0.43885
0.1874
0.073659
0
0.0061245
0.0051116
0.0060424
0.0093217
0.0031946
0.0015596
0.010225
0.0013957
0.0019126
0.0015706
0.0070107
0.011065
0.0073729
0
0
0.013002
0.055091
0.52834
0.753
0.78155
0.78303
0.64623
0.33314
0.31154
0.27318
0.14373
0.086792
0.06155
0.025549
0.046394
0.074739
0.096963
0.168
0.37068
0.6697
0.81889
1.4069
1.3964
1.4163
1.7146
2.197
1.4894
1.3741
1.2623
1.4614
1.6335
1.5685
1.029
1.3384
1.3514
1.0306
1.0765
1.3454
1.2101
1.2083
1.1361
0.69577
0.58413
0.33587
0.35428
0.59473
0.82427
1.2347
1.7087
1.3141
1.147
1.3478
2.0714
2.0922
1.5297
1.9872
2.4308
2.156
0.31653
0.11456
0.0021115
0.0088859
0.0057032
0.0045071
0.0056928
0.0096644
0.0048371
0.00403
0.0019277
0.0028439
0.0045623
0.0032312
0.0048596
0.0030976
0
0.0028061
0.17132
0.10982
0.63439
0.81557
0.93747
0.85453
0.69201
0.76971
0.82246
0.42739
0.2029
0.30994
0.2705
0.1674
0.11791
0.056365
0.0039437
0.01647
0.064539
0.082375
0.075561
0.082129
0.1362
0.39689
0.85864
1.1192
1.0877
1.2004
1.6482
1.7154
1.4985
1.3783
1.6935
1.7373
1.978
2.323
1.5815
1.3162
1.8339
1.9084
1.297
0.87878
0.64383
0.63883
0.5243
0.81981
1.5297
1.5027
1.5191
1.4472
1.4289
1.967
2.3987
2.1895
2.2347
2.4497
2.9046
2.5225
2.6401
1.6776
1.0778
0.80351
0.35345
0.076983
0.0013782
0
0.022614
0.0095487
0.0071961
0.015025
0.0061321
0.005023
0.0065987
0.0060288
0.013036
0.00207
0.0043768
0.00044192
0
0.0044377
0.19122
0.038858
0.6146
0.84279
0.91054
0.7533
0.74481
0.90816
0.5599
0.039706
0.049753
0.025783
-0.00077673
-0.0018338
0.004805
0.007501
0.017
0.060238
0.15871
0.23089
0.42937
0.73059
0.9635
1.0712
1.0604
1.1008
1.0711
0.95201
0.94545
0.8084
0.63406
1.0457
0.5048
0.43648
0.091991
0.21107
-0.11713
-0.10731
0.46408
0.21754
0.084716
0.07262
0.26893
0.28067
0.24792
0.32128
0.64545
0.76372
1.1293
1.2179
1.0853
1.2718
1.6372
1.585
1.5288
1.8043
2.239
1.9141
1.8249
1.3658
0.6235
0.5686
0.0066992
0.011376
0
0.014242
0.0086847
0
0.0070757
2.461e-05
0.0025749
0.0063319
0.0091953
0.0071897
0
0.01109
0.4202
0.22543
0.73472
1.2954
1.0778
1.0032
1.2253
1.0945
0.87161
0.56827
0.33662
0.17512
0.26237
0.11554
0.087476
0.028092
0.018101
0.018362
0.0055605
0.0098451
0.039499
0.041325
0.10841
0.29008
0.57698
0.96712
1.3303
1.567
1.2943
1.8621
1.5776
1.2517
1.3702
1.0736
1.1198
1.4083
0.98923
1.1079
0.94775
1.1082
0.87881
0.7747
0.63294
0.54151
0.58102
0.67489
1.3668
1.721
1.68
1.2382
1.1927
2.0213
2.5301
1.8751
2.048
2.2619
2.2569
2.3551
2.0815
1.3635
0.84657
0.45317
0.19787
0.037446
0
0.0039332
0.023456
0.0094099
0.0021387
0.0062817
0.012766
0.0092229
0.0034028
0.00093901
0.0039697
0.0089002
0
0.0012576
0
0.0070193
0.016849
0.0047538
0.62764
0.68673
0.68057
0.74166
0.70153
1.0083
0.90688
0.47165
0.36874
0.29696
0.19238
0.13652
0.077326
0.046157
0.018661
0.018538
0.028319
0.042173
0.095863
0.10815
0.24502
0.52958
0.793
1.2724
1.2426
0.90078
0.53883
0.5079
0.4329
0.46374
0.37127
0.4798
0.4132
0.40134
0.47242
0.27284
0.16787
0.45581
0.66461
0.37761
0.21024
0.31542
0.32192
0.27651
0.39328
0.82664
1.1766
0.98733
0.67627
0.95475
1.5726
1.691
1.3416
1.7517
2.117
2.0682
2.027
2.0039
1.2524
0.55871
0.57632
0.21261
0.059143
0.0022475
0.0083401
0.0049836
0.0052786
0.010289
0.0039466
0.0039631
0.0018491
0.011184
0.0051035
0
0.0040819
0.28108
0.055211
0.69006
1.1919
0.95724
1.2342
1.2398
1.5777
1.0319
0.99489
0.56723
0.24387
0.17571
0.10612
0.0085612
0.12459
0.17912
0.79813
1.4689
1.3866
1.5633
1.811
1.8706
1.1967
1.119
1.5026
1.6893
1.3956
1.2933
1.6733
1.4469
1.2838
1.2066
1.4306
1.6619
1.5865
1.8298
1.7187
1.2394
1.1066
1.4402
1.3148
0.95085
1.326
1.6765
1.8136
1.5205
1.9058
2.3713
2.1091
2.3051
2.1942
1.3104
0.81467
0.54561
0.25432
0.071962
0
0.0025082
0.00050444
0.0089809
0.021171
0.0021606
0.025618
0.0080641
0.0094011
0.0066079
0.010847
0.009452
0.010417
0
0.0015381
0.0043028
0.017028
0.017737
0.34732
0.398
0.57227
0.78068
0.87301
1.028
0.90374
0.38705
0.48459
0.45483
0.27085
0.16228
0.098759
0.081409
0.070712
0.10582
0.18824
0.39605
0.68055
0.94234
1.3412
1.5667
1.6132
1.6618
1.1937
0.97399
1.6629
1.6541
1.2201
1.1227
1.0656
1.0825
0.83076
0.73747
0.83308
0.79913
1.1373
0.69792
0.49367
0.5166
0.27562
0.23836
0.16284
0.26582
0.45419
0.51969
0.76016
0.72775
1.0599
1.6758
2.1294
1.7722
2.2711
2.5133
2.158
2.6014
2.5448
1.7534
1.0914
0.84511
0.32217
0.11928
0.0073096
7.7791e-05
0.010953
0.0057944
0.0098233
0.012579
0.00067038
0.024177
0.010599
0.00038527
0.0041552
0
0.019404
0.029065
0.1678
0.52125
0.8774
0.72526
1.0137
1.0952
1.1345
0.89622
0.681
0.47618
0.25732
0.12242
0.1154
0.11802
0.093426
0.064991
0.038152
0.054787
0.077478
0.093493
0.22772
0.47686
0.84039
1.2095
1.4884
2.0151
2.0401
1.9095
1.5351
1.6851
1.8906
2.0557
1.9951
1.5781
1.4809
1.7005
1.1395
1.061
1.2105
1.2684
1.5724
1.1673
1.0168
0.4557
0.91618
0.87353
0.87847
0.81389
1.2309
1.9515
2.2996
1.8737
1.1197
1.784
2.2087
1.9297
1.9684
1.5244
0.99877
0.47219
0.19901
0.075238
0.00030836
0.0015421
0
0.0048603
0.017131
0.0010764
0.0073418
0.0065065
0.013053
0.0046179
0.0041569
0.0079319
0.0090115
0.0041828
0
0
0.0069963
0.058203
0.3075
0.43289
0.76863
0.91608
1.127
1.0165
1.0267
0.86783
0.59964
0.48569
0.32773
0.10349
0.059026
0.039538
0.033779
0.094151
0.13047
0.2509
0.49346
0.75084
1.2083
1.624
1.7239
1.8722
1.8172
1.2859
1.208
1.8855
1.698
1.3843
1.5205
1.2729
1.486
1.1161
0.76719
1.2253
1.477
1.0823
1.0752
1.0105
0.84522
0.42517
0.27769
0.30014
0.50772
0.52614
0.61455
0.90351
1.0288
1.2925
1.5779
1.1338
1.2257
1.7272
1.5989
1.6422
1.9336
2.0388
1.3057
0.95603
0.58978
0.24599
0.058099
0.0029673
0.019268
0.0054253
0.0087645
0.019597
0.006692
0.0038677
0.0099902
0.0055054
0.0058128
0.0043099
0
0.043959
0.093118
0.40499
0.74533
0.99751
1.142
1.2377
1.3869
1.2399
0.89169
0.7732
0.50728
0.23316
0.10963
0.096886
0.10315
0.018829
0.026352
0.026009
0.032415
0.047396
0.066862
0.2205
0.47934
0.78234
1.0281
1.2355
1.4218
1.8215
1.4599
1.153
1.5137
1.6143
1.4049
1.2375
1.0539
1.1981
1.1266
0.80464
0.82017
1.1681
1.2777
0.75074
0.26724
0.26371
0.25393
0.27145
0.40288
0.62181
0.55736
0.98091
1.0996
1.592
2.1175
2.0871
1.8117
1.8868
1.8201
2.1077
1.8825
1.2404
0.91996
0.56888
0.23551
0.087931
0.004571
0.0063479
0.011136
6.2078e-05
0.017276
0.0009356
0.0071912
0.004073
0.0055186
0.0052608
0.006436
0.0010693
0.0084794
0.0077826
0
0
0.003968
0.2339
0.1898
0.55551
0.58535
0.7913
0.90014
0.79241
0.5563
0.27636
0.25001
0.074032
0.028477
0.030876
0.03198
0.062388
0.03928
0.059755
0.089834
0.23483
0.55788
0.76515
1.0557
1.2177
1.4177
1.8443
1.5609
1.2014
1.5216
1.6153
1.5844
1.3898
1.1084
1.2666
1.2115
0.73752
0.68071
1.1308
1.1732
0.89013
0.79997
0.99273
0.67851
0.40996
0.29338
0.24749
0.39771
0.52044
1.0381
1.6312
1.4876
1.3149
1.0722
1.4629
1.5285
1.5466
1.8145
1.191
0.70907
0.49895
0.20239
0.032086
0.0018369
0
0.0080323
0.0030003
0.0037751
0.00793
0.0058823
0.0089431
0.0032922
0.0026552
0.002756
0.0052659
0.0038108
0
0.0023751
0.0039626
0.13727
0.048985
0.27466
0.58299
0.7024
0.90638
1.0427
1.1545
1.0321
0.63885
0.55644
0.49798
0.20518
0.080781
0.027905
0.039192
0.022979
0.11066
0.19151
0.4024
0.80331
1.2313
1.5756
1.5512
1.8758
1.5083
1.262
1.6432
1.5762
1.5081
1.4233
1.286
1.5908
1.3841
0.9152
0.85734
1.36
1.2989
1.1107
1.191
0.93964
0.73689
0.55181
0.4487
0.3009
0.57801
0.6999
0.81872
0.82188
1.343
2.0574
1.9701
1.6422
1.4699
2.0229
2.2123
1.9024
2.0551
2.5795
1.5213
1.0972
0.74758
0.19231
0.021344
0.0081307
0
0.011
0.0018754
0.0085943
0.01251
0.0054093
0.00024864
0.0057301
0
0
0
0.0056477
0.0051705
0.33076
0.4425
0.56927
0.81206
0.9036
1.0544
0.99939
0.71531
0.47577
0.43303
0.26593
0.11525
0.049331
0.043666
0.020085
0.019489
0.02484
0.021175
0.038106
0.053233
0.13573
0.24391
0.49089
0.59021
0.96992
1.2046
1.4113
1.1423
0.82225
1.1924
1.2897
1.304
1.1272
0.66079
0.86443
1.1078
0.84219
0.90106
0.49761
0.71226
0.35474
0.38248
0.33667
0.24716
0.23974
0.43049
0.4311
0.55468
0.81217
1.3457
1.7165
1.883
1.4156
1.6436
1.9032
1.8548
2.0379
1.3188
1.0061
0.66284
0.35848
0.10776
0.006734
0.0025253
0.087883
0.0091177
0.010007
0.020364
0.013477
0.0092676
0.0056288
0.0027144
0.01589
0.0068125
0.012057
0.012475
0.0011133
0
0.1923
0.21901
0.38
0.64106
0.91147
1.0819
1.3028
1.2257
0.21737
0.11266
0.070411
0.032087
0.035204
0.05355
0.034151
0.0015731
0.018217
0.041151
0.04849
0.12726
0.42905
0.64123
0.90603
1.0348
1.2286
1.3028
0.88896
0.8036
1.353
1.2457
1.1087
1.1286
0.77333
0.80323
0.95047
0.68225
0.60339
0.85316
0.98248
1.0679
0.53283
0.55296
0.50287
0.26092
0.1845
0.45569
0.85858
1.0504
1.335
1.0205
1.7221
2.703
2.7337
1.7165
1.8883
2.4263
2.8377
2.2686
2.3417
1.929
1.2726
0.88132
0.45637
0.10924
0
0.012958
0.043041
0.014641
0.015113
0.016277
0.013685
0.015133
0.013634
0.0070139
0
0.0040642
0.31445
0.051664
0.36402
0.39765
0.73697
0.89531
0.88166
1.0204
1.0363
0.81832
0.65347
0.48938
0.28057
0.1061
0.095803
0.046292
0.0038579
0.025939
0.01309
-0.018127
-0.015333
0.0082969
0.038528
0.081643
0.15824
0.45194
0.62088
0.7688
1.0525
0.89592
0.76717
0.47932
1.1318
1.2736
0.79186
0.78143
0.32831
0.31667
0.6673
0.44875
0.11725
0.34935
0.27749
0.1213
0.046019
0.25858
0.5586
0.60074
0.70315
0.88173
1.0157
1.7807
2.3194
1.6281
2.1764
2.4907
2.6429
2.3993
2.6069
2.0169
1.0478
0.85452
0.51706
0.076739
0.0049301
0.0095988
0.088923
0.0041325
0.0050969
0.0051862
0.0080267
0.0022201
0.0013522
0.014978
0.0087425
0.016225
0
0.0026045
0.0059764
0.00068996
0.27639
0.01001
0.28773
0.37191
0.60348
0.9187
0.99049
1.0812
0.98766
0.7712
0.67421
0.11753
0.075259
0.080502
0.097027
0.064047
0.08817
0.09514
0.1051
0.4448
0.65653
0.9653
1.2375
1.4168
1.6791
1.7934
1.2003
1.5587
1.6816
1.6391
1.5394
1.2784
1.139
1.1504
1.0206
0.51367
0.87468
1.3509
1.1416
1.0953
0.97251
0.49793
0.46035
0.27551
0.28578
0.54109
0.79117
0.90618
0.9568
1.0265
1.7829
2.5752
2.3182
2.0142
2.1404
2.8999
2.9544
2.7457
2.687
2.0478
1.4575
1.1574
0.72234
0.29365
0.012478
0.010426
0.0144
0.0047689
0.020663
0
0.022407
0.0064512
0.013074
0.026476
0.013867
0.0071684
0
0.16718
0.42812
0.65991
0.88626
1.3367
1.203
1.3204
1.3674
0.9888
1.0134
0.82082
0.38645
0.21628
0.08739
0.049373
0.014481
0.023396
0.012532
-0.0032724
-0.0078942
0.0006613
-0.0081723
-0.0094736
0.039755
0.19354
0.28187
0.44841
0.78907
0.97153
1.0534
0.8344
0.85391
0.99763
0.64109
0.029868
0.32807
0.11756
0.20386
0.26691
0.32074
0.46412
0.10106
0.33561
0.12387
0.10428
0.098168
0.21366
0.69965
0.54827
0.663
0.93732
1.4044
1.9993
2.2497
1.7944
1.4035
2.0683
2.5845
2.0728
2.2275
1.6107
1.0475
0.88101
0.40249
0.16263
0.0040289
0.005726
0.0082398
0.00025314
0.011902
0.0091882
0.0047786
0.0066786
0.0095258
0.0087672
0.0060487
0.0096312
0.0091422
0
0
0.0020453
0.54786
0.47978
0.5582
1.1025
1.1996
1.1132
0.90884
0.6455
0.41659
0.18451
0.21164
0.17836
0.1477
0.10166
0.086466
0.073775
0.11009
0.091773
0.16543
0.40158
0.70069
0.73591
0.93853
1.4055
1.4431
1.3239
1.0976
1.3417
1.4035
1.2291
1.1307
0.90048
0.89867
0.94874
0.67279
0.3587
0.76864
0.92852
0.59064
0.81974
0.23738
0.35058
0.57864
0.63865
0.89862
0.74818
1.1146
2.0701
2.786
2.1353
1.6881
1.973
2.5637
2.7889
2.4038
1.6904
1.083
0.85308
0.62718
0.22607
0.016253
0.0062725
0.073857
0.012184
0.011639
0.0067812
0.034204
0
0.010135
0.0027489
0.011061
0.023029
0.0023369
0.0091363
0.0029395
0.009636
0.18724
0.16386
0.61649
0.97016
0.87056
1.0735
1.2887
1.4936
1.1337
0.99034
0.93816
0.14332
0.075675
0.080768
0.065212
0.039675
0.032168
0.037236
0.073077
0.30868
0.57429
0.77303
1.093
1.3584
1.4837
1.2183
1.1701
1.1555
1.6437
1.3916
1.2609
1.1962
1.0694
1.0462
1.1881
0.93678
0.70101
0.76415
1.0463
0.74507
0.68206
0.51022
0.36018
0.20269
0.21034
0.5438
0.78779
0.81631
0.92636
1.2494
1.6537
2.267
3.4493
3.5869
3.0756
2.4582
1.6102
1.334
0.75647
0.2252
0.0053031
0.00050877
0.02361
0.013488
0.012251
0.0066933
0.0119
0.0093928
0.013968
0.011713
0.0051754
0.010901
0.033798
0.0019264
0.0058068
0.0043095
0.57244
0.12137
0.29076
0.73744
0.96175
0.92784
1.0604
1.127
1.3375
1.0162
0.64609
0.57858
0.28851
0.15866
0.096568
0.043794
0.051332
0.038042
0.020986
-0.0034316
0.014538
0.046195
0.058885
0.32352
0.50803
0.6995
0.65017
0.5461
1.0927
1.0163
1.1359
0.72823
0.41338
0.63111
0.46638
0.29581
0.48319
0.7237
0.44357
0.50255
0.59825
0.21284
0.21582
0.2095
0.10941
0.26287
0.36362
0.65501
0.64857
0.63667
1.3117
1.4074
0.79363
0.15944
1.0189
1.3092
0.90214
1.2613
1.5617
0.92603
0.61483
0.50041
0.18556
0.058752
0.0048872
0.0021134
0.010839
0.00044959
0.0051864
0.0032733
0.0041908
0.0042781
0.0048396
0.0035174
0.0034248
0.0014494
0.014508
0.017867
0.11638
0.33608
0.61802
0.85586
0.93764
0.83169
0.89804
0.78997
0.59136
0.39144
0.23931
0.10408
0.057337
0.020075
0.027365
0.046353
0.030692
0.021815
0.021395
0.02964
0.0021261
0.030181
0.3414
0.44749
0.49843
0.82967
1.0406
1.11
0.73102
0.94724
1.01
0.78147
0.63397
0.35591
0.46572
0.68126
0.54497
0.047893
0.25975
0.69484
0.33814
0.2223
0.16422
0.3389
0.48216
0.64975
0.87226
0.75887
1.2208
2.1145
2.4015
1.9941
1.3062
1.908
2.5227
2.4765
2.4676
1.9233
1.2884
0.81302
0.54143
0.226
0.0088951
0.0062234
0.018071
0.0022408
0.018865
0.009746
0.01331
0.0266
0.0085404
0.0048879
0.012706
0.013875
0.01863
0.0076134
0
0.010037
0.71101
0.11408
0.46209
0.70909
1.0396
0.87829
1.0877
1.2293
0.42023
0.21591
0.10628
0.084849
0.044836
0.047835
0.040197
0.034562
0.018234
0.051331
0.11635
0.22386
0.52475
0.81432
0.84335
1.2654
1.6404
1.622
1.1582
1.2797
1.8144
1.4593
1.3492
1.2316
0.81809
1.2526
1.2411
0.83297
0.88248
1.0027
1.0034
0.94811
0.75685
0.66226
0.55006
0.28539
0.32955
0.49023
0.90128
0.99393
0.83122
1.2791
1.4881
2.0097
1.4769
1.0762
1.6619
1.9365
1.9669
2.044
0.42192
0.10025
0.012202
0.0087484
0.0070133
0.023294
0
0.011783
0.0096988
0.013737
0.002663
0.0063147
0.0088047
0.0069161
0.010648
0
0.00030734
0.0035309
0.15858
0.01502
0.23985
0.39955
0.7031
0.79947
0.8415
1.0487
0.91612
0.91002
0.75892
0.40432
0.29214
0.17975
0.090974
0.092941
0.057892
0.024516
0.014313
0.016009
0.0041602
0.026083
0.082411
0.45362
0.73645
0.83154
0.8456
0.73621
0.6153
1.2346
1.0687
0.7206
0.44699
0.70706
0.61467
0.32931
0.54173
0.41878
0.56186
0.65295
0.81015
0.53056
0.29633
0.23008
0.25511
0.51843
0.69295
0.54354
0.90099
1.163
1.5452
1.9975
1.5419
1.1125
1.9685
2.0252
1.7415
1.7408
2.153
1.4953
0.91109
0.70485
0.29339
0.056475
0.0024771
0.0049015
0.0064139
0.0018566
0.0093832
0.006751
0.034036
0
0.0080455
0.0095659
0.0042527
0.0046377
0.0053516
0.0065452
0.0016177
0
0.6697
0.61078
0.59273
0.69175
1.1369
1.1459
0.92909
0.49805
0.36499
0.16555
0.096265
0.080522
0.055106
0.050636
0.058066
0.032984
0.047707
0.083045
0.072612
0.24472
0.58573
0.71965
1.053
1.1436
1.5713
1.456
1.1468
0.90443
0.95475
0.79765
0.64822
0.36306
0.13738
0.43765
0.41105
0.026628
0.19257
0.2796
0.45597
0.17395
0.18137
0.20073
0.071484
0.07026
0.087339
0.24546
0.32346
0.57363
0.56227
0.71874
1.3663
1.7973
1.917
1.7966
1.418
1.1441
0.90512
0.70979
0.40527
0.16009
0.005264
0
0.014212
0.0087147
0.0091157
0.006373
0.0052392
0.022647
0.0017904
0.0044986
0.0062303
0.015024
0.029666
0.0092299
0.0069795
0.011728
0.46436
0.16266
0.4539
0.58881
0.98747
1.0165
1.0796
1.1554
1.222
0.91881
0.77652
0.51196
0.24096
0.15937
0.1061
0.040979
0.022022
0.014364
0.0073954
-0.0071519
-0.005381
0.021325
0.076745
0.16404
0.56914
0.5052
0.58829
0.88116
1.452
0.96684
0.73009
0.63203
0.1752
0.36233
0.57742
0.55362
0.8791
0.54288
0.75519
0.5926
0.29307
0.37667
0.14813
0.095367
0.26119
0.68759
0.44194
0.51886
0.87439
1.1506
1.7231
2.175
1.3813
1.0395
2.0219
2.2695
1.7874
1.8926
1.4793
0.9438
0.76492
0.38071
0.14408
0
0.0033191
0.0054517
0.0094053
0.0057069
0.011524
0.0083608
0.0051944
0.0080384
0.012856
0.002933
0.0062817
0.0091068
0
0.0012178
0.48218
0.46058
0.35938
0.9182
1.1348
1.195
0.94797
0.82904
0.48292
0.26876
0.11555
0.12998
0.13065
0.079664
0.05356
0.038595
0.028059
0.077655
0.096343
0.16149
0.38001
0.78935
1.0321
1.1614
1.4707
1.7871
1.6193
1.1869
1.7094
1.64
1.3747
1.2846
0.97482
0.886
1.2903
0.87259
0.58006
1.0408
0.7817
0.52113
0.69166
0.56661
0.43256
0.27651
0.21122
0.27674
0.42434
0.4229
0.54351
1.1654
0.65078
0.031773
0.4741
1.2054
1.071
0.78379
0.46748
0.35165
0.14562
0.072502
0.013144
0.00060774
0.0014908
0.0026494
1.4871e-05
0.0014526
0.0010582
0.0013084
0.00036317
0.0023138
0.0036662
0.001384
0.0023109
0.0062047
0.0025498
0.0034805
0.0029523
0.0065762
0
0.18421
0.26865
0.47539
0.58127
0.64843
0.84902
0.84921
0.70521
0.46104
0.35542
0.22906
0.084526
0.036383
0.023604
0.0054395
-0.003556
-0.011683
0.0016538
0.13767
0.2478
0.39096
0.48308
0.61383
0.84041
0.61981
0.43682
0.6469
0.96235
0.66954
0.54618
0.26864
0.31642
0.2356
-0.010908
-0.0057294
0.22622
0.4119
0.29876
-0.15172
0.050889
0.21241
0.078056
-0.035431
0.034955
0.17665
0.2064
0.40496
0.28793
0.4134
1.0247
1.3263
0.99894
0.29849
0.56706
1.1187
1.2634
0.99188
1.2903
1.035
0.65298
0.47054
0.19159
0.050243
0.00027022
0.0051374
0.016282
0.0021688
0.010736
0.00019316
0.0062722
0.0061168
0.0091292
0.0061046
0.0017487
0
0.34259
0.088285
0.27497
0.47279
0.96979
0.82865
1.2224
1.2448
1.1403
0.82537
0.64626
0.55156
0.21024
0.12417
0.11229
0.111
0.061143
0.026623
0.0080596
0.025275
0.035272
0.050873
0.096318
0.29348
0.65817
0.90493
1.1902
1.6761
1.9459
2.0679
1.3279
1.7653
1.7916
1.5724
1.5849
1.5163
1.2816
1.3954
0.82724
0.81182
1.065
0.80005
0.6506
0.45973
0.30984
0.29467
0.37449
0.5895
0.58969
0.87453
0.75319
1.159
2.0145
2.1459
1.9317
2.4155
2.2995
2.2691
2.421
1.9809
1.7741
1.1831
0.61558
0.32273
0.087211
0.0048271
0.0046457
0.0017898
0.0086391
0.0033922
0.0041686
0.012745
0.0062418
0.006413
0.0060774
0.015431
0.0024314
0.017148
0.0010819
0
0.00052401
0.013888
0
0.29195
0.46361
0.80674
0.90124
1.0491
1.0473
0.59835
0.42863
0.22819
0.14001
0.08285
0.089046
0.063549
0.054347
0.062133
0.074783
0.10352
0.25779
0.54896
0.82858
1.182
1.2406
1.6132
1.7918
1.6756
1.4428
1.4492
1.5506
1.282
1.3075
1.2846
1.1237
0.87231
0.756
0.80506
0.28673
0.77908
0.69141
0.23286
0.54715
0.20052
0.11112
0.080725
0.12236
0.21939
0.19147
0.41769
0.48567
0.47317
0.46014
0.037279
0.40846
0.91625
0.66648
0.49237
0.70709
0.48892
0.29411
0.12621
0.037176
0.00225
0.0026225
0.014142
0.0020807
0.0018306
0.0038897
0.0075632
0
0.0055699
0.0031432
0.0038011
0.0080689
0.0010221
0.0041372
0.0027516
0
0.16287
0.060112
0.30502
0.47745
0.76671
0.90442
1.0858
1.204
0.93005
0.74747
0.87908
0.37448
0.22018
0.095375
0.073146
0.019928
0.018728
0.01906
0.041014
0.064576
0.24051
0.46897
0.66885
0.90103
1.2928
1.5336
1.5716
1.0987
1.0567
1.4928
1.437
1.214
1.3111
0.80732
1.0308
0.81405
0.6992
0.74434
0.48688
0.84598
0.57014
0.34168
0.35052
0.22929
0.088219
0.14473
0.19377
0.45759
0.6439
0.36284
0.6076
1.2442
2.0216
1.8495
1.1377
1.9648
1.8574
1.571
1.923
1.9165
1.2007
0.75255
0.5426
0.19958
0.041818
0
0.0078181
0.0011601
0.0023239
0.0099767
0.0073593
0.0076678
0.0028584
0.006165
0.0035562
0.0028081
0.0019323
0.0074039
0
0.22405
0.37244
0.56552
0.79999
0.93165
1.1357
1.1731
0.88567
0.90629
0.492
0.34368
0.16031
0.12633
0.098331
0.094841
0.045326
0.023439
0.057745
0.063571
0.0627
0.11147
0.35182
0.60856
0.85851
1.2621
1.5071
1.9041
1.5505
1.1816
1.5674
1.3715
1.3382
1.0241
0.75906
0.84665
0.69207
0.41921
0.50956
0.34902
0.45363
0.67278
0.2078
0.46092
0.31857
0.17558
0.36204
0.38025
0.61337
0.62504
0.90255
1.5853
2.1649
1.4584
1.2466
1.9336
2.0401
2.1462
1.912
1.5217
1.0998
0.66574
0.44794
0.25896
0.0048451
0.0055634
0.018835
0.0026839
0.018838
0.0041769
0.0052615
0.015924
0
0.0051416
0.0052192
0.019432
0.021729
0.020532
0.0087204
0.010145
0.66953
0.11065
0.41029
0.73157
0.91985
0.96815
1.2443
1.281
1.1549
1.0079
0.7949
0.56285
0.20574
0.15081
0.11282
0.025224
0.028817
0.038397
0.032361
0.081642
0.46168
0.81633
0.97073
0.98418
1.3935
1.4083
1.1007
0.94003
1.3617
1.0697
0.87227
0.71994
0.48266
0.67487
0.53634
0.27194
0.23529
0.38607
0.47922
0.39007
0.03285
0.11494
0.1442
0.035569
-0.0038043
0.19472
0.29026
0.50736
0.46883
0.57162
1.0747
1.7876
1.3833
0.72835
1.1029
1.8372
2.1154
1.637
1.8943
1.4144
0.011619
0
0.022262
3.2916e-05
0.002062
0.016369
0.0082017
0.014491
0.013562
0
0.0066362
0.0047285
0.02444
0.015054
0
0.0084766
0.22079
0.2021
0.55716
0.89798
1.1158
1.3199
1.5177
1.2496
1.0017
1.1362
0.84169
0.55894
0.27599
0.11219
0.063394
0.075822
0.058742
0.046054
0.026228
0.027097
0.03969
0.041763
0.10423
0.36881
0.92502
1.1053
1.3837
1.6522
1.9817
2.0373
1.8822
1.4439
2.0621
1.9534
1.7693
1.7677
1.0783
1.2333
1.159
1.0102
1.139
0.80166
0.4916
0.32804
0.18255
0.26319
0.39532
0.772
0.48069
0.68154
1.2124
1.9029
1.9795
1.2059
0.86726
1.6232
1.9005
1.5732
1.5177
1.1702
0.68578
0.44117
0.2508
0.071186
0.0044181
0.0037166
0.016105
0.0054623
0.0027881
0.01253
0.0044477
0.0023156
0.0080226
0.0041379
0.0082968
0.0051175
0.0093776
0.0088807
0
0.002415
0.0067938
0.013699
0.44309
0.39395
0.78781
0.98039
0.92053
1.0712
1.0083
0.89812
0.80025
0.47105
0.25701
0.14958
0.12754
0.057996
0.034406
0.049797
0.094993
0.2938
0.69236
0.93832
1.0018
1.3207
1.7274
1.4365
1.2483
1.4785
1.6101
1.1885
1.1268
0.73109
0.84553
0.59462
0.35961
0.53311
0.25258
0.58752
0.31312
0.20984
0.3473
0.23766
0.18887
-0.01166
0.10799
0.19014
0.30619
0.36294
0.49828
0.79776
1.2196
1.2688
1.056
0.48657
1.0671
1.1543
1.3809
1.3704
1.5536
1.1315
0.71131
0.45149
0.22439
0.04137
0
0.0013167
0.0083945
0.0021803
0.0060505
0.0040643
0.00019735
0.0020296
0.0042532
0.00041913
0
0.0031997
0.028342
-0.0044326
0.12542
0.25699
0.40411
0.71647
0.66831
0.7398
0.86557
0.60917
0.42624
0.31279
0.15312
0.03429
0.030114
0.077132
0.037045
0.018347
0.0088398
-0.0031215
0.0042053
0.03286
0.10651
0.29734
0.6034
0.93577
1.0764
1.2309
1.9322
1.7433
1.2448
1.4616
1.8981
1.771
1.6417
1.1354
1.0763
0.95656
1.0517
0.44714
0.70406
1.1976
0.92489
0.65089
0.59036
0.44363
0.5406
0.17256
0.14625
0.45589
0.55121
1.1926
2.0203
1.7585
0.94061
1.1441
1.5571
1.9931
1.807
1.2319
0.90566
0.4557
0.19828
0.02881
0.00089693
0.0038033
9.6949e-05
0.0078306
0.00080216
0.0031709
0.0085175
0.00255
0.0037126
0.0076313
0.0035983
0.012038
0.0019719
0.0011754
0.00051619
0.0073225
0.077422
0.014523
0.29941
0.57808
0.83231
1.1046
1.0477
1.1769
1.1828
0.90635
0.86541
0.52869
0.28504
0.11442
0.1185
0.10453
0.078795
0.028005
0.023252
0.022864
0.014662
0.040866
0.091847
0.28271
0.60008
0.73812
1.1004
1.4307
1.7326
2.0639
1.7923
1.482
0.73904
0.81268
0.75772
0.63163
0.38444
0.48097
0.83967
0.32881
0.34061
0.18214
0.2073
0.076971
0.058608
0.19581
0.29648
0.57038
0.33171
0.60689
1.192
1.6745
1.8708
1.0923
1.431
2.0246
2.3403
1.8472
1.9885
1.5203
0.96317
0.73176
0.53603
0.17581
0.0017692
0.0021741
0.015438
0.022336
0.00094059
0.002568
0.026682
0.0088341
0.0060834
0.013259
0.0097801
0.0023152
0.008663
0
0.0090358
0
0.29818
0.082643
0.67129
0.82521
0.92779
1.1326
1.3718
1.4936
1.0666
0.97253
0.87255
0.41348
0.043475
0.034261
0.046276
0.016231
0.039898
0.047727
0.073355
0.3163
0.82534
1.0379
1.4269
1.8641
2.3066
2.1812
1.6367
1.6187
2.0237
1.7486
1.5345
1.2924
1.3649
1.1959
0.86696
0.65314
0.78646
1.1306
0.73477
0.43384
0.70035
0.25505
0.12039
0.15733
0.15101
0.27991
0.51322
0.60714
0.48056
0.76938
1.2288
1.6857
1.228
0.89961
1.115
1.5092
1.1413
1.3525
1.7031
1.1439
0.78738
0.36488
0.183
0.037009
0
0.0025946
0.0082506
0.00014039
0.0025923
0.0018426
0.0093321
0.0011268
0.00083799
0.0017414
0.0042861
0.0075899
0.44671
0.023843
0.22707
0.54205
0.7337
0.88335
1.0985
1.2874
1.3483
1.2538
1.058
0.7017
0.42201
0.16752
0.12577
0.12274
0.087115
0.020326
0.024744
0.037842
0.049994
0.07592
0.19677
0.39756
0.91198
1.6204
1.796
1.657
2.5356
2.2558
1.802
2.0285
2.4309
2.4848
2.1246
1.9359
1.3077
1.3833
1.2178
0.8928
0.87265
0.95291
1.1328
0.89474
0.16202
0.23515
0.50348
0.44066
0.51082
0.55198
0.9009
1.7958
1.999
1.1388
1.0704
1.5161
2.1503
1.5627
1.546
1.347
0.7692
0.53725
0.24537
0.041718
0.0028099
0.001016
0.0085375
0.0061162
0.0063367
0.00074089
0.0089186
0.0011509
0.00093357
0.0059049
0.0030033
0.014489
0
0.0047765
0.0051159
0
0.25833
0.032333
0.39587
0.63976
0.71109
1.1974
1.1568
1.1375
1.1409
0.92191
0.88965
0.50323
0.065279
0.043201
0.055399
0.044923
0.060773
0.055405
0.10646
0.32939
0.63204
1.0264
1.4453
1.659
2.1852
1.9641
1.4442
1.8073
1.9525
1.6798
1.755
1.2227
1.1696
1.2116
0.94547
0.49643
0.63778
1.0246
0.60461
0.56701
0.44983
0.42119
0.22092
0.11362
0.18779
0.22037
0.46553
0.5997
0.50633
0.92113
1.4878
1.4395
1.1686
1.1723
1.4791
1.8418
1.6934
1.9199
1.8143
1.0756
0.8475
0.56595
0.33248
0.07136
0.0030742
0.003806
0.012001
0.021534
0.0035578
0.0082669
0.0052636
0.019612
0.0031955
0.0020507
0.0033765
0.0067395
0.72678
0.14264
0.53187
0.6226
0.76576
0.92177
1.1178
1.4505
1.116
0.99576
0.83027
0.60505
0.26792
0.13403
0.1328
0.10561
0.030315
0.013604
0.0093164
0.009172
0.021106
0.016469
0.068509
0.28839
0.68526
0.678
1.1245
1.3954
1.7651
1.6794
1.547
1.4587
1.3367
0.95683
0.75646
0.74971
0.53188
0.37985
0.68896
0.66684
0.15014
0.21695
0.16953
0.013245
0.074735
0.1486
0.43522
0.51338
0.45103
0.80622
1.4347
1.6983
1.2437
0.50158
1.3569
2.0651
1.7677
1.458
1.7413
1.4418
0.72666
0.59918
0.31147
0.071027
0.0061962
5.0109e-05
0.012934
0.0020962
0.006725
0.001817
0.0043798
0.001301
0.0015473
0.0067134
0.0016018
0.015457
0.00027396
0.0020877
0.0026086
0.0011426
0.0090435
0.00092824
0.22282
0.61731
0.91674
1.0593
1.1855
0.83148
0.53641
0.32474
0.19113
0.10081
0.10022
0.017799
0.026008
0.030448
0.028603
0.062186
0.071485
0.10782
0.40906
0.81909
1.0776
1.7555
1.8365
2.4347
2.3097
1.854
1.804
2.1883
2.1576
2.0931
1.6909
1.3932
1.2438
1.017
0.65245
0.59572
0.84178
0.51056
0.6578
0.27457
0.069741
0.14207
0.071324
0.044131
0.11524
0.13808
0.54915
0.43169
0.38142
1.0163
1.7158
1.2982
1.2742
1.8853
1.4874
1.1329
0.80816
0.54163
0.1387
0.0033712
0.001203
0.020096
0.027527
0.013997
0.0069736
0.011387
0.01308
0.012866
0.0031316
0.014034
0.0073248
0.013943
0.013036
0.0025191
0
0.13131
0.39688
0.53151
0.84933
1.2644
1.265
1.4492
1.5173
1.1887
1.2142
0.77426
0.41425
0.26571
0.12065
0.10081
0.1492
0.060602
0.019461
0.004758
0.017535
0.023824
0.027313
0.071543
0.26215
0.77776
1.1052
1.2181
1.1343
1.8163
2.1413
1.5889
1.4523
1.3208
0.67797
1.0526
0.74707
0.61269
1.0271
0.84798
0.33432
0.58661
0.35446
0.12024
0.063919
0.13232
0.24344
0.63436
0.71757
0.49145
0.97969
1.5957
1.8956
1.1017
0.83371
1.5827
1.9688
1.7926
1.6225
1.7585
1.3094
0.67141
0.56366
0.23574
0.051337
0.002404
0
0.0020171
0.0015828
0.0030826
0.005705
0.010968
0.0032464
0.0031143
0.0069258
0.0012812
0.0049435
0.0048818
0.0033757
0.0048505
0.0015856
0.37827
0.020832
0.37623
0.49836
0.81261
0.99782
0.89688
0.52779
0.39808
0.2064
0.10945
0.10044
0.099401
0.062794
0.054575
0.029591
0.033653
0.04277
0.089051
0.25327
0.68706
1.012
1.102
1.7238
1.9336
1.8548
1.4641
1.9764
2.0142
1.9791
1.796
1.4774
1.0642
0.95895
0.79443
0.36776
0.37717
0.67713
0.53175
0.28174
0.37342
0.14486
0.049776
0.050042
0.086929
0.18534
0.25148
0.47886
1.1815
0.93272
0.50512
0.69971
1.2526
1.5204
0.9377
1.0322
0.67544
0.38435
0.19208
0.075339
0.00070401
0.0038502
0.0028647
0.0011878
0.0068973
0.0025417
0.0017307
0.0015115
0.0057549
0.0077524
0.0013839
0.01116
0.013787
0.0081319
0.0063028
0.0082488
0.024692
0.12533
0.44033
0.75685
0.87134
1.0864
1.1657
1.2526
1.2015
0.91509
0.84562
0.55173
0.30768
0.15194
0.092815
0.036371
0.047456
0.039417
0.018756
-0.0027395
0.012055
0.23917
0.49994
0.7204
1.1674
1.6678
1.5938
1.2863
1.2886
1.8348
1.9256
1.6782
1.3161
1.2567
1.4923
0.86382
0.59656
0.83057
0.92644
0.62647
0.51842
0.3956
0.24846
0.24365
0.067563
0.11985
0.30527
0.54974
0.34381
0.58443
1.0643
1.6925
1.5228
0.74661
1.0998
1.7865
2.0264
1.949
1.8897
1.9891
1.2167
0.65308
0.64397
0.27063
0.060112
0.0012517
0
0.015678
0.0013935
0.0018914
0.00055295
0.0032718
0.010042
0.0020213
0.0035395
0.0024618
0.0029532
0.0096353
0.0022196
0.0079337
0.011914
0.064316
0.57808
0.5636
0.67304
0.71137
0.75282
0.81598
0.55301
0.36771
0.17612
0.082947
0.059252
0.030953
0.022188
0.004996
-0.010163
-0.0012465
0.0087289
-0.0016685
0.091245
0.19462
0.4174
0.81307
1.1532
1.6631
1.9314
1.8471
1.7635
1.7989
2.2557
1.9134
1.775
1.2139
1.1952
0.85707
0.58559
0.64987
0.3237
0.57979
0.32098
-0.00038029
0.21917
0.013376
0.098501
0.25347
-0.053386
0.42408
0.459
0.3722
1.0468
1.773
1.4841
0.6002
0.90199
1.4368
1.3827
1.4936
0.84417
0.576
0.30474
0.14441
0.040374
0.00036225
0.0010372
0.0047548
0.00079833
0.00032974
0.00093147
0.003325
0.0033252
0.004202
0.00096356
0.0078454
0.0019337
0.020617
0.01879
0.0031615
0
0.014198
0.01189
0.48254
0.60641
0.90361
0.90613
1.0048
1.2048
1.0429
0.9897
0.97074
0.48617
0.26977
0.12757
0.07729
0.026687
0.027786
0.038679
0.054887
0.15105
0.54255
0.77647
0.81621
1.3758
1.7252
1.5497
1.3838
1.4552
1.7593
1.7985
1.4246
1.1441
0.91135
0.82153
0.54661
0.31659
0.32302
0.55055
0.34673
0.076998
0.24542
0.028408
0.050382
-0.062453
-0.011825
0.09401
0.094157
0.15565
0.21434
0.32806
0.6978
1.1871
0.86409
0.14917
0.43185
0.81229
0.93947
0.78138
0.81251
0.027521
0.00084467
0.00097361
0.0040713
0.0022489
0.0026814
0.0010362
0.0026519
0.0013044
0.0018957
0.0013824
0.0034951
0.0074487
0.010413
0
0.0043067
0.0039985
0.19625
0.055983
0.31113
0.62348
1.0575
1.1232
1.0685
1.4895
1.2289
0.83972
0.71435
0.53191
0.2617
0.092865
0.066338
0.099764
0.0055368
0.0070927
0.00044443
0.0039904
0.014855
0.021838
0.080416
0.38507
1.7496
1.8787
1.7998
1.4925
1.6693
2.048
2.2139
2.1207
1.7583
1.4202
1.4757
1.3257
0.99565
1.224
0.91432
0.94411
0.86507
0.65632
0.4677
0.28173
0.33006
0.3815
0.60658
0.49241
0.67398
0.92223
1.1083
1.5493
1.0139
1.1876
1.3486
1.2627
1.3337
1.3679
1.347
0.7895
0.50671
0.26459
0.097085
0.016972
0.001133
0.0020347
0.00039823
0.00019696
0.0020331
0.00041337
0.0048686
0.00097165
0.0014161
0.0019774
0.0041888
0.0035192
0.011602
0.0097675
0.0045268
0.0048443
0.0014202
0
0.25461
0.4963
0.79783
0.85689
0.93791
0.5377
0.34303
0.22052
0.10756
0.074432
0.058778
0.043147
0.059739
0.050797
0.086009
0.093585
0.30385
0.62505
1.0643
1.4593
1.6467
2.1388
2.4194
2.5469
1.8801
1.8678
2.4787
2.1977
1.7353
1.5096
1.2981
1.0543
0.82603
0.459
0.72889
1.0301
0.65656
0.071726
0.4166
0.38209
0.15143
-0.021074
0.096363
0.20676
0.25097
0.31552
0.41004
0.44109
0.87536
1.1475
0.9217
0.46181
0.2782
0.050853
0.26761
0.30741
0.10305
0.0095789
-0.0010957
-0.00019027
-0.0012631
-0.0029304
-0.00087803
-0.0039605
-0.0010135
-0.0038772
-0.00096104
-0.001785
-0.0095683
-0.0010426
-0.0003424
0.00026357
0.00035923
0.0017723
0.00083912
0.087963
0.013771
0.202
0.41318
0.52055
0.78919
0.92032
1.2005
0.84858
0.66676
0.80169
0.47901
0.19075
0.094331
0.063183
0.039339
0.048533
0.01249
0.010687
0.0083246
0.18219
0.43289
0.67039
1.1295
1.2974
1.9129
1.9351
1.5922
1.6558
2.1095
2.0281
1.6909
1.55
0.91974
1.0144
0.72381
0.54522
0.48809
0.31253
0.57186
0.04242
0.041892
-0.053033
0.0032699
-0.10411
-0.10009
-0.052981
0.017549
0.10973
0.060821
0.10937
0.65289
0.78868
1.0347
0.39798
0.25022
0.68195
0.96278
0.57368
0.67148
0.57043
0.32619
0.17888
0.052544
0.0048422
0.0013098
0.0011672
0.00026223
0.00077631
0.00073022
0.0010785
0.001414
0.0016677
0.00014554
0.001651
0
0.00071454
0.0071847
0.014973
0.24519
0.50671
0.72718
0.81151
1.0117
1.1432
1.1063
0.96192
0.88266
0.56405
0.28218
0.10493
0.092656
0.12759
0.088539
0.068772
0.03452
0.05154
0.080633
0.094403
0.21309
0.56396
1.0157
1.345
1.8609
2.505
2.6108
2.4266
2.1243
2.3422
2.2034
2.0533
1.9456
1.575
1.3906
1.3439
0.82358
0.51847
0.6596
0.56399
0.23323
0.14262
0.14221
0.17796
0.28856
0.33384
0.45573
0.38977
0.91062
1.5423
1.6305
1.1088
1.6113
1.9141
1.8965
1.9116
2.0481
1.3784
0.78058
0.50531
0.3001
0.095114
0.007223
0.002665
0.021556
0.0082986
0.0014209
0.0042549
0.0020656
0.0081017
0.0063229
0.0027723
0.011831
0.012379
0.010774
0.017466
0.0028402
0.01055
0.26996
0.11902
0.53484
0.9259
1.0889
1.2602
1.4275
1.5105
1.1378
1.0359
0.12864
0.055156
0.026695
0.021254
0.019321
0.0060391
0.014703
0.030831
0.084841
0.39794
0.8089
1.3605
1.9549
2.2587
2.9519
2.6579
2.2385
2.2984
2.6556
2.6369
2.3541
2.2711
1.9275
1.7307
1.5385
1.0594
1.3982
1.226
1.2327
1.1839
0.68533
0.82877
0.52198
0.19404
0.15307
0.4563
0.70663
0.58568
0.54097
0.90159
1.1723
1.6547
1.5233
0.47858
1.1567
1.4951
1.6708
1.3994
1.5144
1.0588
0.58647
0.4057
0.15945
0.025139
0.00060685
0.0014718
0.0031649
-0.00060814
0.0016358
0.0050212
0.0026163
0.00018624
0.0033251
0.0074174
0.0097036
0
0.010916
0.0054242
0.018208
0.23463
0.35671
0.80503
1.1926
1.0988
1.0121
1.283
1.1898
0.90398
0.6782
0.3189
0.23493
0.10709
0.060777
0.036519
0.013701
0.013374
0.0063563
0.0017691
0.022618
0.073977
0.27088
0.54953
0.96839
1.385
1.5318
2.1843
2.0005
1.8755
1.5101
2.1939
2.1724
1.9006
1.7019
1.2029
1.1956
0.92205
0.60838
0.75214
0.72621
0.82453
0.55576
0.19492
0.23002
0.41417
0.47885
0.69474
0.8623
0.8336
1.491
1.6051
0.63481
1.0468
1.7801
1.7276
2.0852
1.8532
1.2315
0.73621
0.47592
0.18214
0.035605
0
0.0030062
0.0034128
0.00015894
0.0020456
0.0024318
0.0042497
0.0012426
0.0035563
0.0067462
0.0081684
0.011017
0.0077622
0.0067568
0
0.00058899
0.0077154
0.0017932
0.22192
0.43375
0.66757
1.0276
0.87859
1.1317
1.2016
0.93779
0.90933
0.4314
0.22325
0.087126
0.060477
0.041156
0.050283
0.046674
0.052765
0.26755
0.65097
1.2129
1.2481
1.6743
2.0188
1.8816
1.5993
1.3818
1.8616
2.2243
2.0048
1.6023
1.3618
1.4086
1.2087
1.0912
0.62319
0.77178
0.89151
0.45212
0.22785
0.28801
0.19464
0.048443
0.01012
0.085065
0.20692
0.20565
0.23924
0.52237
0.65952
1.0623
0.81462
0.69253
0.81069
1.0248
1.3516
1.2896
1.1072
0.71399
0.51087
0.25439
0.16406
0.033317
0
0
0.0026821
0
0
0.0011815
0
0
0.010192
0.0075673
0
0
0
0.31121
0.49468
0.96557
1.1195
1.4605
1.4886
1.6152
1.33
1.3103
1.1998
0.54795
0.31896
0.1021
0.055297
0.045271
0.031064
0.0147
0.0095402
0.0090456
0.019371
0.02622
0.071888
0.3455
0.85745
1.1552
1.3513
1.7379
2.6724
2.2683
1.6689
1.5384
2.0021
1.8418
1.6626
1.7041
1.1848
1.2128
0.95423
0.77308
0.47401
0.46511
0.23856
0.09365
0.074127
0.071089
0.28025
0.30637
0.383
0.37621
0.58285
0.97081
0.44418
-0.13484
0.28581
0.6082
0.83258
0.63659
0.69216
0.5614
0.32572
0.16071
0.029453
8.5911e-05
-0.0018354
0
-0.00074727
-0.0032978
-0.0037226
0
0.0024796
0.00052279
-5.4554e-06
-0.00068927
0.0004653
0.0031996
0.0032897
0
0.0062554
0.00053911
0.0091515
0.0094036
0.33129
0.33596
0.53111
0.90135
1.059
1.1169
1.1179
1.0498
0.19916
0.17968
0.101
0.063174
0.062376
0.072461
0.073124
0.11858
0.17639
0.52383
1.137
1.2383
1.7196
2.4217
2.2592
2.0911
1.8606
1.8795
2.0981
2.1717
2.1329
1.6778
1.2676
1.1271
0.77928
0.58068
0.58414
0.29528
0.66419
0.54676
-0.11969
0.10889
0.030534
0.037756
-0.032458
-0.0078798
0.0030976
0.14021
0.23601
0.13427
0.65278
0.73305
0.28206
0.62261
0.55306
0.42386
0.36373
0.25693
0.11472
0.034786
0.00051224
0
-0.00017393
-0.0031365
-0.00081521
0
0.00029238
0.0040996
0.0020246
0.0013659
0.0034649
0.0069229
0.0029942
0.0070748
0.011251
0
0.29905
0.089671
0.35458
0.65329
0.85701
1.0263
1.189
1.1735
1.19
1.0638
0.93689
0.41813
0.26571
0.1104
0.076688
0.048626
0.024663
0.018591
0.00064972
-0.00097379
0.012064
0.017981
0.065139
0.29981
0.68867
0.82073
1.3396
1.6728
1.905
1.8726
1.6315
1.6593
2.0775
1.9332
1.8481
1.2894
0.91612
1.0962
0.64943
0.79567
0.35086
0.30464
0.078781
0.045594
-0.014415
-0.033515
-0.016566
-0.013714
0.19417
0.31487
0.49158
1.1212
0.9266
0.2515
0.7229
1.2355
1.0287
0.74033
0.87282
0.70793
0.35984
0.24921
0.075333
0.00797
0
0
-0.00076877
-0.00040118
0.00018925
1.2306e-05
0.00022949
0.0015525
0.0010286
0.00039651
0.00051098
0.0012903
0.0050926
0.0033483
0
0.0067487
0.01076
0.0031853
0.2432
0.52059
0.69735
0.92744
1.0456
1.0688
1.2296
0.2288
0.16296
0.10963
0.047399
0.03065
0.035369
0.017697
0.029101
0.051128
0.067894
0.31777
0.72932
0.93654
1.3378
1.4884
1.8971
1.8693
1.533
1.4258
1.7955
1.7311
1.5621
1.3273
0.90186
0.80725
0.50779
0.36425
0.062102
0.2947
0.27038
0.0067506
-0.30031
-0.02862
-0.059802
-0.095104
-0.097801
-0.06153
-0.11169
0.049166
0.074578
0.11801
0.45686
1.0704
0.83059
0.15347
0.69102
1.3775
1.4516
1.0359
1.1827
1.1254
0.57689
0.40173
0.23113
0.055145
0
0
0.0015932
0.00083658
0.00092653
-0.00077012
0.0043587
0.0066791
0.012691
0.012018
0.0020151
0
0.40592
0.16811
0.32014
0.37127
0.86312
1.1135
1.0234
1.0737
1.0527
0.9693
0.88059
0.36232
0.27804
0.12808
0.085714
0.045589
0.022272
0.0089676
-0.0016007
0.0010351
0.017862
0.024222
0.066212
0.24277
0.65913
1.0466
1.2245
2.0577
1.9931
1.9037
1.6655
1.7684
1.6638
1.5342
1.4127
1.3532
1.0658
1.0191
0.59221
0.34552
0.409
0.53644
0.38088
0.39422
-0.067826
0.036767
0.0035464
-0.048736
0.0034725
0.022917
0.19746
0.96744
0.6115
-0.057787
0.098027
0.8252
1.0368
0.70506
0.53123
0.67127
0.28822
0.19103
0.046432
-0.00092185
-0.0014463
0
-0.0048075
-0.0041194
-0.0011097
-0.0020926
-0.0020414
-0.00040649
-0.00021347
-0.00051016
-0.0018076
0.0011983
0.0054628
0.00012018
0.0088738
0
0.26029
0.0045579
0.27179
0.46667
0.85072
0.87922
0.9046
1.2515
1.1335
1.1814
0.96491
0.55387
0.2528
0.17635
0.11224
0.11652
0.064816
0.034321
0.028895
0.034144
0.049345
0.05788
0.12433
0.52932
0.97583
1.3935
1.7334
2.14
2.1471
2.1214
2.588
2.1133
1.6253
1.0595
0.69615
0.39805
0.27708
0.38779
0.17005
0.10161
-0.095226
-0.19562
-0.09461
-0.11426
-0.081381
-0.091463
-0.098241
0.086564
0.078669
0.28522
0.48183
0.8689
0.81348
0.761
0.54474
1.0655
1.3728
0.94077
1.0935
0.76258
0.45435
0.34558
0.15148
0.02491
0
0
0.00022217
-0.00023721
0.00027076
-2.1539e-05
0.0014124
0.0030492
0.0018738
0.003931
0.0021434
0.0042828
0.0088906
0.010325
0
0.0027952
0.1469
0.27788
0.38381
0.48598
1.0647
1.2388
1.4597
1.2652
1.2928
1.1588
0.87858
0.55076
0.29625
0.18091
0.12397
0.041183
0.029686
0.02959
0.0089694
0.04809
0.38567
0.82452
1.2287
1.4231
1.625
1.7594
1.6884
1.4665
2.1211
2.0821
1.5041
1.6245
1.215
1.1013
1.0977
0.53367
0.4565
0.66406
0.57627
0.26455
0.18395
0.12403
-0.025343
-0.033906
-0.053785
-0.023306
0.14625
0.054828
0.12332
0.41052
0.50557
1.0247
1.0191
0.3058
0.44051
0.30625
0.43457
0.55633
0.35035
0.1054
0.051638
-0.059364
-0.064018
-0.028444
-0.0034154
-0.0035258
-0.015174
-0.0091845
-0.0052926
-0.0012576
-0.0032403
-0.0016692
-0.0015449
-0.00060509
0.0018224
0.002481
0.0097319
0.0025879
0.010893
0.0051812
0.0070874
0.0037555
0.30088
0.48179
0.61716
0.7079
0.7965
0.97935
0.93791
0.9199
0.6267
0.36744
0.20691
0.11086
0.048936
0.055518
0.044162
0.012365
0.3604
0.80891
1.1795
1.5628
2.1308
2.5405
3.1349
2.653
2.3951
2.2396
2.6977
2.388
2.2242
1.5595
1.3146
0.87262
0.54272
0.6544
0.41428
0.5038
0.22326
-0.069725
0.1133
-0.16702
-0.12701
-0.04696
-0.082956
-0.043737
-0.10014
0.026562
-0.0074101
0.18034
0.39268
0.68035
0.37337
0.1612
0.63577
0.74172
0.85583
0.64222
0.70529
0.45506
0.29486
0.17012
0.016241
0.00073143
-0.00066934
-0.00049081
-0.0027686
-0.0013779
-0.0010675
-0.00029869
-0.00059438
0.00025963
1.2662e-06
-0.0012024
0
0.0031218
0
0.004098
0
0.0027081
0.21119
0.038177
0.29114
0.55945
0.84065
0.99019
1.1228
1.1445
1.1809
0.89721
0.7867
0.49008
0.27256
0.066304
0.041369
0.014509
0.016771
0.036398
0.039129
0.20739
0.58235
0.97243
1.4116
2.1466
2.229
1.9769
1.9201
2.1996
1.9637
2.0404
1.7203
1.2824
1.1979
0.98326
0.55453
0.45615
0.36705
0.32293
0.13958
-0.013415
-0.13519
-0.1492
-0.16095
-0.081199
-0.050566
-0.089582
-0.052019
-0.011818
0.092089
0.23387
0.4798
0.63218
0.27284
0.52023
0.65848
0.7778
0.97808
1.1279
0.82516
0.50572
0.32452
0.17521
0.048044
0.017385
0
0
-0.00033505
-0.00066687
-0.0012295
0.0014369
0.0015193
0.00054155
0.0011887
0.00021181
0.0063819
0.011044
0
0.0093979
0.008492
0.0038355
0.46595
0.085439
0.52001
0.54608
0.8305
1.1589
1.1841
1.4948
1.478
1.1518
1.0422
0.52767
0.24332
0.11086
0.13545
0.12532
0.036818
0.014035
0.020252
0.023512
0.042302
0.050364
0.11649
0.45377
0.72476
0.96956
1.3127
1.9134
2.409
2.2044
1.793
1.8913
2.0409
2.1382
1.7528
1.34
0.98538
0.88189
0.62943
0.36526
0.2509
0.34106
0.47727
-0.10255
-0.053989
0.03797
-0.048368
-0.082735
-0.073882
0.0027323
0.081729
0.19575
0.27499
0.4237
0.89982
1.1176
0.92687
0.5064
0.97867
1.3914
0.74482
0.35439
0.26758
0.10912
0.003571
0.0020554
0.0074888
0.00070435
0.0023667
0.0029036
0.0041864
0.0056328
0.00097957
0.015266
0.00144
0.026974
0
0.010957
0.0029462
0.0013702
0.016424
0.028586
0.41103
0.75333
1.0196
1.2201
1.2744
1.2726
1.627
1.3888
1.0819
0.76045
0.40462
0.20634
0.14174
0.13178
0.080015
0.056352
0.044974
0.034836
0.034118
0.05712
0.13128
0.42387
1.6604
1.6769
1.884
1.9073
1.8847
1.9358
2.0837
2.0944
1.5497
1.2773
0.98011
0.51741
0.31493
0.30336
0.32111
0.2732
0.18532
-0.094952
-0.13115
-0.015955
-0.11435
-0.080551
-0.064894
0.059414
0.18927
0.17768
0.50616
0.74028
0.92985
0.64493
0.66951
1.0367
1.2392
1.4395
1.3383
1.3465
1.0291
0.55249
0.30498
0.19412
0.064693
0.0099017
0
0.00026798
-6.5723e-05
-0.0002072
-0.0034784
0
0.00075638
0.013981
0.0035991
0.0018682
0.26106
0.27997
0.57022
1.0134
1.5223
1.9678
2.0654
2.1434
1.8767
1.1088
1.0498
0.86258
0.44454
0.28707
0.18372
0.11487
0.14033
0.12711
0.041668
0.00065123
-0.00097076
0.00038387
0.00082613
0.0033618
0.010467
0.013616
0.028006
0.040394
0.054377
0.047811
0.060506
0.14553
0.23416
0.41451
0.63123
0.68964
1.0049
1.2506
1.6867
1.6707
1.544
1.6652
1.5041
1.6284
1.4172
1.3384
1.0783
0.8525
0.65435
0.55141
0.38347
0.28876
0.22146
0.17312
0.16484
0.18353
0.18904
0.15034
0.12543
0.11175
0.090256
0.09646
0.05664
0.022208
0.0254
0.00075179
0.0051306
0
0.0088788
0.00082146
0
0.00035302
0
0
0.00095999
0.0043035
0.012919
0.005947
0.021923
0.028657
0.020493
0
0.012357
0.019854
0.014112
0.039167
0.67673
1.7308
2.1084
2.0399
1.7158
2.2172
2.8428
2.5827
2.5687
1.8021
1.3914
0.64355
0.28816
0.16376
0.16958
0.013287
0.024136
0.013609
0.015787
0.012758
0.038768
0.12832
0.31432
0.65322
0.98326
1.2971
1.7238
1.6649
1.7997
1.1121
1.2559
1.5843
1.0545
1.1569
0.78345
0.50043
0.56169
0.35136
0.10319
-0.29401
0.11273
0.19111
-0.088737
-0.060469
-0.027264
-0.019082
-0.034437
-0.0073582
0.018602
0.033426
0.080852
0.2897
0.58055
0.44755
0.52589
0.9636
1.5098
1.0599
1.1798
1.7046
1.9681
1.5068
1.039
0.6775
0.38238
0.013777
-0.016122
-0.018724
-0.0023297
0
-0.0044898
-0.0046252
-0.0043667
-0.0016605
-0.0025522
-0.0060837
-0.0043874
-0.0027804
-0.0022083
0.0004622
0.0006124
0
0.0001079
0.10256
0.032006
0.046155
0.41255
0.69548
0.74311
0.791
1.1175
0.91387
0.88709
0.57595
0.24194
0.16304
0.1073
0.063314
0.046877
0
0.010454
0.010103
0.010488
0.036395
0.06711
0.17247
0.44353
1.0319
1.4136
1.8818
2.7173
3.028
2.5823
2.6781
2.1589
3.0204
2.9468
2.267
2.3094
1.6117
1.5161
1.6289
0.97313
0.91567
0.53182
0.61224
0.23351
-0.091312
-0.08021
-0.048882
-0.045543
-0.040174
-0.026801
0.01257
0.070779
-0.022791
0.27268
0.61187
0.65915
0.3732
1.1625
1.8584
1.7369
1.569
2.2565
2.4024
2.5699
2.2099
2.0085
1.9169
1.6392
1.2841
0.99808
0.7746
0.46654
0.38668
0.11358
0.048081
-0.0074937
-0.02712
-0.030302
-0.035508
-0.037795
-0.030188
-0.020351
-0.014101
0.010396
0.041405
0.065353
0.12248
0.20391
0.36112
0.41646
0.48623
0.66494
0.68226
0.76394
0.86071
0.83538
0.85794
0.88846
0.75303
0.68685
0.67358
0.53521
0.50185
0.43693
0.36697
0.34464
0.25607
0.24162
0.22926
0.22153
0.18708
0.19986
0.1947
0.27046
0.31058
0.30722
0.3119
0.37439
0.38276
0.42563
0.49651
0.48684
0.57522
0.55312
0.52492
0.61157
0.56564
0.55584
0.45634
0.44747
0.47566
0.47467
0.39102
0.41302
0.36681
0.37602
0.37527
0.3494
0.36356
0.33991
0.36623
0.43036
0.38281
0.40739
0.45033
0.41191
0.48168
0.45188
0.44946
0.42741
0.45891
0.4316
0.4215
0.47115
0.44791
0.41005
0.44121
0.4117
0.4024
0.45027
0.41461
0.38903
0.42812
0.38926
0.43659
0.41243
0.40436
0.44323
0.40827
0.45917
0.4296
0.46702
0.44597
0.44603
0.45233
0.42661
0.46651
0.46048
0.48923
0.48264
0.43233
0.46021
0.45305
0.41915
0.45066
0.42094
0.42559
0.41083
0.40926
0.39893
0.41677
0.37551
0.42158
0.37356
0.44561
0.45153
0.42462
0.44311
0.41926
0.45304
0.42635
0.43826
0.4229
0.40646
0.4017
0.4386
0.37709
0.44311
0.39188
0.37977
0.41648
0.40677
0.37622
0.39858
0.38415
0.41371
0.35751
0.40589
0.42117
0.38649
0.40697
0.35091
0.41461
0.39312
0.38964
0.42963
0.38517
0.403
0.42877
0.38029
0.42986
0.39692
0.37854
0.39787
0.37015
0.36355
0.39249
0.37921
0.3893
0.37562
0.38506
0.36736
0.37733
0.41108
0.35473
0.4144
0.38608
0.36459
0.40718
0.4108
0.38167
0.4043
0.3796
0.39885
0.40342
0.3918
0.41632
0.39545
0.36461
0.40844
0.36777
0.40033
0.36966
0.38193
0.39355
0.36675
0.42379
0.3857
0.42209
0.38332
0.40411
0.40729
0.41824
0.36581
0.42254
0.38674
0.40596
0.38481
0.38848
0.37595
0.3692
0.35171
0.41038
0.36727
0.38691
0.35902
0.36018
0.3932
0.35567
0.40662
0.37944
0.38554
0.39397
0.39047
0.39956
0.37551
0.37479
0.35971
0.34567
0.3969
0.38269
0.35727
0.38371
0.36778
0.39303
0.39756
0.36173
0.35716
0.40733
0.361
0.41186
0.38579
0.39911
0.40216
0.40435
0.39575
0.36272
0.42553
0.3498
0.39008
0.34491
0.38823
0.40487
0.3542
0.3694
0.37373
0.35147
0.4005
0.38639
0.36958
0.39352
0.40927
0.35057
0.38729
0.37995
0.42404
0.38435
0.38968
0.41438
0.38235
0.42925
0.36429
0.41606
0.38247
0.3962
0.38306
0.41569
0.37195
0.40877
0.35794
0.39895
0.37174
0.38702
0.37002
0.41899
0.38522
0.41632
0.3788
0.41288
0.3719
0.39546
0.44249
0.37466
0.41544
0.37205
0.42473
0.37763
0.37741
0.40155
0.3883
0.42058
0.40591
0.36096
0.3731
0.37295
0.36233
0.37125
0.34779
0.36926
0.36912
0.3493
0.37799
0.36989
0.37349
0.39157
0.38947
0.41346
0.36456
0.39677
0.4038
0.38103
0.3997
0.37456
0.37611
0.4081
0.38616
