0.050254
-0.0083422
-0.04791
-0.044632
0.023697
0.060672
0.37853
-0.13185
-0.094983
-0.038074
-0.038082
0.039149
0.086231
0.02041
0.026315
0.026406
-0.0031786
-0.027594
0.010324
0.0036191
0.041711
0.041736
-0.00044976
-0.10175
-0.17494
0.047966
0.10566
0.16504
0.16967
0.025722
0.047718
0.047815
0.00037275
-0.064285
-0.058484
-0.042153
-0.042198
0.033007
0.028687
-0.0040504
0.15855
0.15837
0.18532
-0.036272
0.13259
0.24816
-0.065535
-0.49216
-0.58399
-0.61097
-0.24886
-0.016119
-0.011324
-0.42222
-0.11644
-0.79472
0.22139
0.15672
3.3097
0.6628
0.1037
0.10411
-0.024044
-0.13402
0.012263
-0.080383
-0.28521
-0.35262
-0.3515
-0.33631
0.15011
0.043001
0.046388
0.22082
0.21612
0.23738
0.41858
0.31676
0.31675
-0.15761
-0.017778
-0.045662
-0.039838
-0.0045482
-0.0015404
-0.038435
-0.041303
-0.075284
-0.042696
-0.0014764
-0.053744
-0.066905
0.040638
-0.028753
0.077826
0.2801
0.48447
0.23678
0.23746
-0.51256
-0.34996
-0.014409
0.17955
0.068305
0.068361
0.12076
0.0036165
0.14816
0.14827
0.20818
0.031321
0.076887
-0.024859
-0.025001
0.76646
-1.4586
-0.16865
-0.32704
-0.94678
-0.40833
-0.29243
-0.6514
-0.39976
-0.038168
0.74758
0.70491
2.8253
-0.073864
1.2697
0.13788
0.13761
0.0018266
-0.11662
0.0036888
0.089185
0.070261
0.07005
-0.15766
-0.43186
-0.30197
0.040507
0.15971
0.1628
0.2333
0.26076
0.1883
-0.071828
-0.071803
-0.089217
-0.085938
-0.033596
-0.0083279
-0.0083224
0.032886
0.016797
0.015993
-0.0028359
-0.0055169
-0.0055923
-0.050407
-0.042517
-0.062689
-0.12238
-0.036363
0.0008074
0.087771
0.26206
0.36904
-0.16365
-0.31682
-0.029654
0.01042
0.023826
0.039086
-0.051635
-0.065291
-0.020193
0.013736
0.03971
0.039574
0.24245
0.004534
0.0045291
0.36178
0.36326
-1.0268
-0.011875
-0.58959
-0.61813
-0.61602
-0.34442
-0.92688
0.70018
-0.027238
-0.42176
-0.42343
-0.89502
-0.69207
-0.030309
0.55309
0.33062
0.056665
0.057059
-0.032923
0.01621
0.035109
-0.015917
-0.013033
-0.10105
-0.32821
-0.30027
-0.29901
-0.20306
0.14524
0.087624
0.29916
0.15366
-0.11582
-0.042367
-0.12297
-0.11671
-0.080781
0.0084552
0.0085272
0.038383
-0.00032158
0.017186
0.017226
0.016364
-0.020798
-0.0050122
-0.067909
-0.10641
-0.073438
0.014396
-0.0043853
-0.0041792
-0.0089089
0.074931
0.25152
0.31313
0.021988
-0.38226
0.089148
0.089032
0.10976
-0.10549
0.010845
0.010761
0.04085
-0.035354
-0.02273
0.062961
0.062949
0.080541
-0.00086436
0.044941
-0.0035851
-0.88282
0.47383
-1.4713
-1.4803
-0.58091
-0.40212
0.20197
-0.40967
-0.40464
0.049498
-0.70833
0.50608
-1.1893
-0.43879
-0.43816
1.4334
0.64466
0.061266
0.061383
0.041828
-0.057499
0.023381
0.023267
0.015897
0.01558
0.04213
-0.038895
-0.17097
-0.30403
-0.25616
-0.11093
-0.094937
0.44435
0.14099
0.14116
-0.15642
-0.075967
-0.068537
-0.035774
-0.035766
0.03113
0.025883
0.01192
-0.011936
-0.011888
-0.034297
-0.049685
-0.034909
0.021077
0.021226
0.0097444
-0.049921
-0.099897
-0.10515
-0.010632
0.09286
0.12322
0.41696
0.082167
0.081935
-0.35241
-0.11448
0.023474
0.040482
0.016282
0.0043603
-0.044318
-0.0052372
0.0056235
0.0072976
-0.006913
-0.017509
0.027476
0.15016
0.15003
0.16137
0.032097
0.54461
0.54553
-0.60217
-0.38733
-0.38879
-0.6858
0.2834
0.29065
-0.094929
-0.66893
-0.22843
-0.12787
-0.12678
1.3004
0.33793
0.32105
-0.046781
-0.046852
0.086982
-0.022726
-0.0048641
-0.050544
-0.0079066
0.058059
0.057981
-0.050962
-0.10374
-0.24577
-0.26987
-0.07759
-0.036022
-0.03295
0.13736
0.57914
-0.036734
0.078834
0.079302
-0.1308
-0.039378
-0.060011
-0.084459
-0.047603
-0.047661
-0.0020185
0.012805
0.033148
0.00033572
0.0026236
-0.083237
-0.083274
-0.038853
-0.0088857
-0.027326
-0.10222
0.057771
0.11025
0.40195
0.40282
-0.40349
-0.21457
-0.037688
0.04367
0.0050969
-0.084697
-0.046639
0.0029971
0.0029657
0.023115
0.0096234
-0.016448
-0.0069154
0.031096
0.17928
0.14484
-0.02498
0.1428
0.16089
0.30638
0.35224
-1.1496
0.21695
-1.3106
-0.69104
-0.74162
-0.41283
-0.22358
-0.10104
-0.75913
0.024121
-0.68912
0.062003
0.062128
-0.053875
0.024063
0.070285
0.013611
-0.034632
-0.0347
-0.079999
0.0414
0.0060961
-0.29126
-0.29115
-0.3144
-0.14987
-0.021464
-0.020634
-0.0031232
0.39489
0.37732
0.30506
0.17449
0.17558
-0.10314
-0.12201
-0.10693
-0.088753
-0.043206
-0.0016156
-0.0015869
0.020969
0.0019298
-0.0014608
0.033427
-0.033221
-0.045521
-0.036424
-0.036453
0.0049854
-0.023323
-0.10012
-0.049387
0.28283
-0.27459
-0.27441
-0.29621
0.024259
0.097349
0.097654
0.11424
-0.091522
-0.055193
0.025583
0.025534
0.035815
-0.0039468
-0.013843
-0.011267
0.067637
0.06783
0.28036
0.1086
0.051533
0.14967
0.34489
-0.56801
-0.75895
-0.7591
-0.36479
-0.51196
-0.51151
0.26748
-0.05612
-0.058056
-0.46752
-0.63472
-0.63187
0.71092
0.2935
-0.29741
-0.29735
0.031001
-0.034159
-0.10336
-0.0447
-0.0447
0.043967
0.046003
-0.036565
-0.047147
-0.28866
-0.36533
-0.18619
-0.094653
-0.067551
-0.030986
-0.031441
0.294
0.29294
0.26176
-0.10217
-0.085601
-0.12078
-0.062893
-0.00067848
-0.00068656
0.030589
0.057834
0.001583
0.0016466
0.032963
-0.015707
-0.073451
-0.021877
0.010373
-0.037196
-0.054812
0.011599
0.06805
0.29088
-0.19486
-0.19451
-0.23085
-0.030642
0.038686
0.022744
0.010815
0.010812
-0.013644
-0.0053802
0.0098908
-0.00072778
-0.00074974
-0.015362
0.0051069
0.20704
0.207
0.037179
0.1126
0.12599
-0.0084101
0.82957
0.82952
-0.58012
-0.075728
-0.90418
-1.3898
0.13266
0.0087072
0.024052
-0.12259
-0.12455
-0.58695
-0.091145
3.0345
1.1405
0.12181
0.10909
-0.016684
-0.071977
-0.12278
0.050236
0.050222
0.0088274
0.0089897
-0.025388
-0.25331
-0.25478
-0.17311
-0.17262
0.0042955
0.1112
0.37528
0.37629
0.39233
-0.090515
-0.080704
-0.08066
-0.064899
-0.053371
-0.038477
0.022028
0.020582
0.020603
0.013314
0.0064895
0.012527
-0.012895
-0.020962
-0.0529
-0.086629
0.0024436
-0.0099869
0.074675
0.075195
0.11351
0.30758
-0.0080898
-0.22519
-0.06153
-0.061769
-0.014371
0.010271
-0.01004
-0.010047
0.0066373
0.012182
-0.01445
-0.0089098
-0.0088988
-0.0029288
0.015662
0.1263
0.079415
0.10847
0.034091
0.91322
-0.58733
-0.83542
0.093262
-0.96117
-0.48616
-0.092336
-0.98214
0.13986
0.15065
-0.17161
-0.8164
0.061688
-0.22505
0.085103
0.41249
1.4635
1.4446
0.4905
-0.089734
-0.084745
0.056458
0.055574
0.013594
-0.10675
-0.30189
-0.25908
-0.16927
-0.16916
-0.12282
-0.062012
0.32756
0.34478
0.28192
0.093981
-0.064618
-0.072745
-0.079403
-0.079249
-0.080338
-0.034347
0.045833
0.062062
0.0098264
0.0098104
-0.015324
0.024794
-0.0049162
-0.018371
-0.09986
-0.099656
-0.078813
0.016053
0.11857
0.11872
0.44167
0.095823
-0.43983
-0.14803
0.062149
0.062127
0.079751
0.0075762
-0.032748
-0.085494
-0.007833
-0.0078457
0.015636
-0.022924
-0.060653
-0.060661
0.031995
0.24007
-0.00148
0.19178
0.1915
0.69263
-0.17551
-1.0394
-0.074066
-0.073563
-0.69883
-0.2213
-0.91796
-0.045034
-0.050953
-0.050757
0.17695
-0.70251
-0.26407
0.20403
0.20364
0.92702
0.067206
-0.025568
0.11023
-0.14722
-0.010428
0.053903
0.07103
0.07907
0.079237
-0.014147
-0.24338
-0.23961
-0.24664
-0.14481
-0.080242
0.10633
0.34193
0.2371
0.18602
0.18618
0.080245
-0.15933
-0.10924
-0.051096
-0.051082
-0.029194
0.015397
0.057457
0.0074129
-0.0083354
-0.0081716
0.034463
-0.066493
-0.06659
-0.014235
0.011985
-0.048315
-0.084596
-0.08433
0.020111
0.19465
-0.26275
-0.20243
0.0381
0.04616
0.027798
-0.053027
-0.042736
-0.0014536
-0.0014543
0.026661
0.036127
-0.040693
-0.024598
-0.011404
0.1607
0.21766
0.044221
0.0079265
0.0075952
0.437
0.36049
-0.037958
-0.84857
-0.84917
-1.0806
-0.43774
-0.025921
-0.030405
0.034777
-0.51034
-0.39098
0.021513
0.056105
0.051995
0.96211
-0.20354
3.2093
0.019426
0.0080073
0.062309
-0.12273
-0.056615
0.045977
0.064718
0.1127
-0.0012581
-0.0013076
-0.21094
-0.30257
-0.14323
-0.12086
-0.030034
-0.022538
0.33391
0.23471
0.15257
0.15257
-0.11191
-0.12761
-0.051368
-0.035241
-0.0077198
0.035054
0.055545
-0.010098
-0.011017
0.02142
0.0018875
-0.021739
-0.028601
-0.092993
-0.09539
0.014935
-0.014066
0.012765
0.096325
0.22773
-0.20905
-0.19576
-0.032213
0.033715
0.033815
0.035987
-0.0098167
-0.02031
-0.019464
0.0065762
0.005218
-0.0048156
-0.02147
0.00086102
0.054101
0.21621
0.035305
0.13882
0.03244
0.066333
0.97869
-1.4058
0.0041418
-0.93346
-0.2235
-0.22336
-0.67293
-0.6213
0.0093733
-0.098509
0.12192
0.09886
-0.56219
0.61759
-0.20179
-0.20278
-0.071868
0.017042
0.014529
-0.0074321
-0.051078
-0.051109
0.011516
0.042421
0.054837
0.060743
-0.22956
-0.20473
-0.20431
-0.16203
0.10677
0.20623
0.1701
0.35467
-0.090112
-0.076296
-0.076095
-0.11558
-0.029604
-0.059052
-0.0077677
0.002826
0.0063183
0.00079648
-0.0051146
-0.0051462
0.006939
-0.022009
-0.0037321
0.002021
-0.11201
0.0056163
0.0025984
0.013296
0.27389
0.28437
-0.18797
-0.27835
-0.043858
0.054696
0.099601
-0.078944
-0.024004
-0.02401
-0.026228
-0.011882
0.081738
0.0065896
-0.048224
-0.012517
0.092497
0.21936
0.063121
0.099736
0.093917
0.10771
0.94208
-0.9791
-0.20684
-0.89317
-0.4474
-0.62391
-1.055
0.1005
0.102
-0.3073
-0.37274
-0.51816
0.1261
-0.43555
0.096615
0.25435
0.12972
-0.20162
-0.067612
-0.004537
-0.0045587
-0.024897
0.0048174
0.039118
0.072731
0.043798
-0.18047
-0.30148
-0.21855
-0.21725
-0.1736
-0.012374
0.10214
0.30318
0.36339
0.23617
0.018018
-0.12242
-0.091974
-0.085982
-0.050471
-0.050688
0.0041756
0.059843
0.060063
0.0077853
0.0026246
0.013707
0.010803
-0.024083
-0.052441
1.5246e-05
-0.033954
-0.054488
0.057037
0.057359
0.17444
0.3627
-0.35557
-0.12444
-0.12464
0.06808
0.015752
-0.13969
-0.068911
-0.069004
-0.013469
-0.013444
-0.056913
-0.037675
0.13985
0.18705
0.077392
0.12844
0.12849
0.17501
0.92338
-0.25405
-0.79205
-0.79419
-0.64109
-0.66227
-1.1015
-0.019407
-0.35217
-0.3525
0.12026
-0.10952
-0.65619
0.36167
-0.017243
-0.27975
-0.052036
-0.0080206
0.049745
0.015919
-0.048204
-0.071767
0.016262
0.054399
0.072496
0.07248
0.051695
-0.12371
-0.26922
-0.21658
-0.20375
-0.089394
-0.017438
0.13333
0.30698
0.11054
-0.081334
-0.086443
-0.11599
-0.069293
-0.069269
-0.053391
0.013756
0.057326
0.017309
0.017408
-0.0056387
-0.01561
-0.015646
-0.037706
-0.03127
0.003436
-0.011908
0.033978
-0.0081215
-0.013708
0.11467
0.18316
-0.45793
-0.26488
0.029949
0.029963
0.13573
0.045727
-0.028666
-0.091244
-0.083677
-0.083724
0.038378
0.072768
0.033946
-0.035579
-0.078204
0.2122
0.19569
0.080644
0.18301
0.038287
0.53866
0.62719
0.089776
0.09516
-0.82177
-0.818
-0.65768
-0.14451
-0.1442
0.85487
-0.35224
-0.19092
-0.052991
0.18524
0.18474
-0.32611
0.044987
0.019054
0.0056984
0.0057121
-0.0338
0.034702
0.054572
-0.0010264
-0.0010311
-0.0029966
-0.037723
-0.34194
-0.18568
-0.1395
-0.13812
0.22721
0.44276
0.12484
0.12356
-0.086489
-0.12851
-0.086956
-0.076508
-0.07645
-0.057051
0.0062549
0.060183
0.029112
0.0028958
0.0032646
-0.026573
0.0085023
-0.041899
-0.07261
-0.11327
0.0064218
-0.0090017
0.016862
0.27302
0.27321
0.29039
-0.25608
-0.037766
0.10472
0.10472
0.05569
-0.083711
-0.014935
-0.02746
-0.027502
0.12059
-0.043317
-0.040574
-0.016552
-0.023016
-0.02302
0.13744
0.078756
0.184
0.18379
0.13806
-1.1155
0.097015
-0.87502
-0.87783
-0.76735
-0.64437
-0.1178
-0.55436
-0.55591
0.31486
-0.27208
-0.33014
-0.42935
-0.43042
-0.20533
-0.20229
-0.22613
0.098642
-0.044716
-0.044691
-0.080547
0.016996
0.032042
-0.14814
-0.14789
-0.34053
-0.2385
-0.078742
0.0078027
0.0097809
0.37464
0.32647
0.12362
0.13608
-0.08866
-0.088477
-0.11764
-0.078235
-0.051434
-0.019239
-0.019239
0.072728
0.028132
-0.013947
0.011498
0.011496
0.038088
0.0013782
-0.0088648
-0.033786
-0.01626
0.003368
0.052254
0.14466
0.32936
-0.063289
-0.063118
-0.18707
-0.079111
0.015672
0.01903
0.019055
-0.0070659
-0.028135
0.0035245
0.008522
0.0085238
-0.0063555
-0.014056
0.042555
0.22454
0.2246
0.023485
0.19154
0.02215
0.089323
0.93969
0.93905
-0.059982
-0.37925
-0.37965
-0.69951
0.0054001
-0.45107
0.23384
-0.1898
-0.6051
-0.60642
-0.58341
1.8964
-0.43369
-0.093535
0.045158
0.086361
0.017479
-0.043021
-0.1161
0.0048284
0.0048218
0.055408
0.061094
-0.1734
-0.3177
-0.19144
-0.21294
-0.0087634
0.19642
0.19715
0.32959
0.19819
0.098009
0.098263
-0.13243
-0.11228
-0.079754
-0.01194
-0.011943
0.033256
0.06179
0.016652
0.0066225
0.0066875
-0.0012495
-0.025464
-0.060512
-0.001708
-0.001723
-0.033017
-0.079084
-0.094827
0.02335
0.023416
-0.027604
0.053984
0.13014
0.027954
-0.10564
0.030045
0.007848
0.0078703
-0.031851
0.0061699
0.024045
0.024036
-0.033973
-0.016954
0.26772
0.26755
0.082617
0.061193
0.075975
0.96879
-0.66834
-0.67229
-0.88093
-0.055069
-0.74775
-0.74645
-0.26849
-0.62606
-0.0029125
0.02706
-0.52308
-0.52329
0.11193
-0.25399
0.5153
0.52243
1.8646
1.7511
-0.12406
0.069797
0.069782
0.04347
-0.0026446
-0.094607
0.013226
0.013222
0.054458
0.060971
0.059787
-0.17257
-0.17235
-0.28002
-0.18797
0.53073
0.28094
-0.035546
-0.12581
-0.12571
-0.10459
-0.064499
-0.046446
0.023986
0.06129
0.020941
-0.018649
-0.0024458
0.030342
0.0067898
-0.010173
-0.040537
-0.01221
-0.012082
-0.062126
-0.12519
-0.0035427
0.027194
-0.040892
0.034195
0.12774
0.2867
0.062867
-0.25903
-0.097429
-0.0090109
0.027778
-0.03637
-0.036362
-0.038783
-0.037501
0.025894
-0.014297
0.010803
0.17188
0.17199
0.034143
0.13736
0.083225
0.91047
-0.083456
-1.6256
0.38297
-1.3757
-0.48841
-0.62993
0.30773
0.31668
-0.19299
-0.156
0.079253
-0.076826
-0.75684
0.3852
1.1517
2.6886
-0.26718
-0.0035651
-0.024874
-0.023878
0.073978
-0.022356
-0.12302
-0.0050565
0.010198
-0.19419
-0.28531
-0.13554
-0.13863
-0.034718
0.17146
0.28305
0.16334
0.088709
0.060295
-0.14336
-0.11923
-0.058407
-0.051373
-0.03571
0.019346
0.075711
0.029596
-0.0048875
0.039163
0.01239
-0.051575
-0.013371
-0.0083128
-0.042549
-0.065368
-0.065175
-0.0968
0.0077043
-0.016972
0.014124
0.084404
0.0845
0.21965
-0.18487
0.019754
-0.017531
-0.028695
0.01858
0.010217
0.010206
0.0035072
-0.0076477
-0.00266
0.085961
0.16914
0.055345
0.20907
-0.013955
0.46159
0.31561
-0.93575
-0.27028
-1.0088
-0.43437
-0.66224
-0.2125
-0.35048
0.13192
0.26847
-0.44617
-0.39156
0.23297
-0.54994
0.27963
0.39184
-0.30231
-0.097194
0.0012652
0.042398
0.033285
0.002151
0.0020399
-0.025529
-0.02552
0.042993
0.037242
-0.18688
-0.17205
-0.067162
0.064863
0.1682
0.10758
0.063936
-0.1218
-0.10287
-0.053807
-0.024462
-0.02445
0.014581
0.043616
0.035211
0.0032143
-2.4655e-05
-0.00081683
0.0044949
-0.0083833
-0.035387
-0.029921
-0.055843
-0.10189
-0.069398
0.024486
0.024575
-0.015728
0.015769
-0.23011
-0.2068
-0.0071703
0.012028
0.039999
-0.02105
-0.016174
-0.018618
0.013542
-0.017903
-0.012474
-0.0064166
0.06335
0.063341
0.2225
0.069952
0.19535
0.11247
0.1625
0.1622
0.61984
-1.1766
-0.25508
-0.86438
-0.42685
-0.46205
-0.70355
-0.61391
0.10393
-0.11021
-0.43941
0.31011
-0.39593
-0.39594
0.95449
2.4592
0.87914
-0.3558
-0.081512
-0.081663
0.14238
0.020269
-0.051995
0.097561
0.054065
-0.080505
-0.1904
-0.16471
-0.15546
-0.018846
-0.017766
0.43741
0.056895
-0.056356
-0.10632
-0.12354
-0.08623
-0.050406
-0.034133
-0.034135
-0.016215
0.069956
0.047941
0.011486
-0.0059697
0.017768
-0.011251
-0.042512
-0.044583
-0.044657
-0.045067
-0.079176
-0.077129
0.031055
-0.023289
0.056559
0.21105
0.29821
-0.10906
-0.10872
-0.21536
-0.076119
0.019158
0.032121
-0.011634
-0.011594
0.0081729
-0.0095095
-0.024966
0.0021541
0.20106
0.20085
0.022812
0.17722
0.25976
0.031563
0.96135
0.96164
-0.82396
-0.3653
-0.49958
-0.80363
-0.80375
-0.1026
-0.86409
0.098143
-0.37103
-0.37384
-0.45523
0.36279
-0.73209
1.4404
1.4376
0.49663
-0.14418
0.063833
-0.061832
-0.061889
0.069535
-0.022486
-0.014529
0.026506
0.02651
-0.0031662
-0.050656
-0.24018
-0.063533
0.13131
0.43302
0.11205
-0.048036
-0.098112
-0.098012
-0.093351
-0.094942
-0.070597
-0.024407
-0.0040233
0.051191
0.051277
0.047817
-0.010882
0.0054783
0.006148
-0.019251
-0.032969
-0.011601
-0.011409
-0.045752
-0.097703
-0.063852
0.017366
0.020388
0.020327
-0.041887
0.041818
0.45225
-0.16672
-0.42074
-0.080609
0.035871
0.0058725
0.0058943
-0.10919
-0.060148
0.020956
0.034044
0.060065
0.00017122
-0.059748
-0.022027
0.074375
0.21225
0.21225
0.11861
0.88943
-0.41194
-1.4196
-0.1411
-0.14064
-0.44195
-0.62864
-0.44159
-0.4448
0.17291
-0.57384
0.18727
-0.5297
-0.53183
0.77167
1.0215
3.0683
-1.024
0.039391
-0.029786
0.072789
0.015987
0.0010501
-0.096367
-0.014636
-0.014666
0.07218
0.070981
-0.0021178
-0.11638
-0.11677
-0.23441
-0.30446
0.047627
0.10267
0.43411
0.16376
-0.027674
-0.084001
-0.11067
-0.11053
-0.091114
-0.041921
-0.037905
0.053495
0.013827
-0.0081934
0.012109
0.032972
0.033071
0.010592
-0.018707
-0.082435
-0.09641
0.032778
-0.026637
0.004757
0.085106
0.16272
-0.37341
-0.37383
-0.1742
0.0057834
0.062435
-0.024855
-0.024847
-0.037006
-0.030163
0.022887
0.026555
-0.03358
-0.033881
0.0053295
0.19447
0.19391
0.19397
0.032744
0.21889
0.66649
-0.22234
-0.4491
-0.56796
-0.85504
-0.99954
0.15688
0.15863
-0.52576
-0.25395
0.095716
-0.58156
-0.58209
-0.27347
0.137
1.0939
1.0977
2.8958
-1.1138
-0.0041865
0.089025
0.0462
-0.11333
-0.028189
-0.028221
0.044563
0.10717
0.012868
-0.2075
-0.21625
-0.038545
-0.038234
0.44783
0.077529
0.08627
-0.080463
-0.080477
-0.11132
-0.069988
-0.069879
-0.019209
0.025369
0.079396
0.044152
0.044098
-0.0061107
0.03632
0.010319
0.015744
0.015751
-0.020716
-0.028283
-0.035202
-0.097121
-0.09689
-0.097874
0.032969
0.0086391
0.0088005
0.060755
0.30696
0.24894
-0.22422
0.00080568
0.044484
0.044652
0.045177
-0.033505
-0.033525
0.018404
-0.00029959
-0.021307
-0.02278
0.010413
0.074689
0.0050437
0.0050657
0.14299
0.078812
0.50189
-1.0106
-0.15501
-0.8431
-0.81836
0.35616
0.35459
-0.42639
-0.099052
0.15567
-0.43643
-0.43667
0.098757
-0.6322
0.3799
2.8982
0.23536
-0.18556
-0.18495
-0.058222
-0.0019957
-0.0019694
0.021711
0.059887
0.059911
0.053099
0.049578
-0.22441
-0.2241
-0.20613
-0.088589
-0.0069032
0.38326
0.38484
0.15417
0.039437
-0.10301
-0.09549
-0.095365
-0.075188
-0.004355
0.04907
0.049567
0.0070292
0.0070821
-0.0020984
0.027167
-0.04395
-0.044021
-0.052977
0.0078857
-0.043758
-0.077578
-0.077493
-0.060945
0.021354
-0.0085935
0.073329
0.072957
0.33298
0.32821
-0.31842
-0.3271
0.012036
0.064585
-0.058166
-0.064741
-0.032731
0.016239
0.045289
0.056395
-0.080078
-0.033406
0.0014074
0.080075
0.17381
0.094986
0.065125
-1.0795
-0.23548
-0.91281
-0.62778
-1.1129
0.38181
0.0060239
0.21483
-0.32843
-0.71102
0.15312
-0.1501
0.10043
0.92464
2.2633
-0.17356
0.0044086
0.0045254
-0.012841
0.031925
0.019626
-0.013533
-0.076408
0.051828
0.076049
0.076027
0.044405
0.014083
-0.07751
-0.22392
-0.22571
-0.076451
0.079834
0.25631
-0.081513
-0.11671
-0.10253
-0.064291
-0.015136
-0.0083559
0.063422
0.045891
0.0025171
-0.019074
0.027871
0.014118
-0.047722
-0.047742
-0.058387
-0.026973
-0.01595
-0.090672
-0.09018
0.019195
0.016798
-0.032596
0.040125
0.21787
0.48666
-0.15921
-0.3928
-0.070914
0.03355
0.023622
0.020904
-0.038827
-0.041161
-0.0056389
0.021224
0.006778
0.031621
-0.043663
-0.013564
0.035207
0.22126
0.15664
0.099152
0.13655
0.0567
0.7826
-0.60496
-0.80299
-0.060002
-0.17321
0.36695
-0.069298
-0.44936
0.30546
0.10127
0.22494
0.22877
2.7622
0.53867
-0.068975
-0.13378
0.10739
-0.013571
-0.0028212
-0.089115
0.021346
0.083444
0.060395
0.054995
-0.032365
-0.31177
-0.24472
-0.19155
-0.058066
-0.064148
0.21212
0.41416
0.31682
-0.047736
-0.10471
-0.11864
-0.082531
-0.067036
-0.061791
-0.061816
-0.020537
0.041141
0.048217
-0.018494
0.013089
-0.029956
-0.027938
-0.023017
-0.069004
-0.091184
-0.020451
-0.035613
-0.035587
0.023323
0.14272
-0.38859
-0.38844
-0.12733
0.017411
0.037865
-0.020916
-0.032061
-0.012218
0.019461
0.021607
-0.008199
-0.0081932
-0.027872
-0.01375
0.17411
0.17412
0.15509
0.049165
0.22654
0.0090349
0.70973
-0.65135
-0.65392
-1.3928
0.41362
0.41457
-0.62201
-0.034617
-0.029463
-0.17181
-0.45769
-0.45864
0.21434
-0.65186
0.56472
1.1609
1.157
2.747
0.050855
0.0023922
0.0024437
0.077876
0.056299
0.056257
-0.21611
-0.27903
-0.27899
-0.20004
-0.18908
0.026982
0.17412
0.33238
0.27138
0.063581
-0.0596
-0.091292
-0.095428
-0.050339
-0.058753
-0.030795
0.067557
0.046514
0.046506
0.010385
-0.012842
-0.021478
-0.015736
-0.015748
-0.03883
-0.017065
-0.04074
-0.078137
-0.10177
-0.10176
0.033823
0.034095
0.1123
0.40356
0.0064257
-0.29644
-0.12459
-0.0061383
-0.0061283
0.085886
-0.011424
-0.015592
0.014493
0.029091
0.00081179
0.18323
0.17782
-0.0032221
-0.0034532
0.062569
0.82206
-0.46202
-0.47611
-0.37688
-1.455
-0.070002
-1.1333
-0.13362
-0.0039949
-0.004751
-0.33468
0.13849
-0.37352
-0.056293
0.11194
-0.54941
0.54726
0.77478
-0.4916
-0.021277
-0.035273
0.040112
0.01168
0.013938
0.013863
-0.10062
-0.0309
0.032637
0.10685
0.027777
0.011064
-0.082521
-0.21669
-0.15189
-0.15169
0.053189
0.039089
0.17275
0.052211
-0.050814
-0.094373
-0.095328
-0.095189
-0.051792
-0.039631
-0.019782
0.034747
0.024996
0.006411
-0.054826
-0.058595
-0.023544
-0.023476
-0.013379
-0.074358
0.030951
-0.026917
-0.0017252
-0.0016431
0.084528
0.31561
0.26747
-0.28184
-0.17838
-0.013685
0.018475
-0.0013029
-0.010223
-0.010269
-0.021373
-0.0037842
0.0075387
0.0037274
-0.021693
-0.017097
-0.0073177
0.067244
0.23488
0.061061
0.061355
0.042525
0.04247
0.91538
0.91434
-1.4076
-0.11088
-0.68475
-0.93315
-1.5595
0.8122
-0.066113
-0.37478
-0.50718
-0.50565
0.68066
0.5868
0.58892
-0.28738
0.057386
0.00060405
0.012378
-0.010005
-0.060517
-0.029252
0.050503
0.065325
0.065301
0.014619
-0.057983
-0.26339
-0.26407
-0.20588
-0.010701
-0.078903
0.53756
0.07293
0.073421
0.14906
-0.091872
-0.12148
-0.12113
-0.068539
-0.026505
0.0075479
0.055018
0.054939
0.056592
-0.0020124
0.021794
0.0094122
-0.012575
-0.035018
-0.087518
-0.087371
0.019653
-0.022968
-0.0052654
0.070007
0.069735
0.31235
-0.15148
-0.21653
-0.011839
-0.011843
0.020828
-0.024576
-0.038334
-0.017178
-0.017218
0.0058186
0.0046481
-0.01746
-0.012453
-0.012362
0.047302
0.1628
0.12371
0.1241
0.13925
0.96883
-1.186
-1.1872
-0.42957
-0.97704
-0.58694
-0.43208
-0.43229
-0.33664
0.26695
-0.49604
-0.4523
-0.45368
0.08918
0.87181
-0.19642
3.5007
3.4921
-0.11536
-0.14997
0.0074281
-0.026441
-0.064805
-0.06484
0.02541
0.064841
-0.047451
-0.21962
-0.18287
-0.2043
-0.055696
0.02105
0.36392
0.27016
0.0087155
-0.057406
-0.13322
-0.062521
-0.062487
-0.041604
-0.0066631
0.060648
0.060677
0.056417
0.037153
-0.013053
0.02842
0.014853
0.012681
-0.034411
-0.034413
-0.041564
-0.012699
-0.082328
-0.11443
-0.11386
0.032209
0.032103
0.032143
0.032173
0.15732
-0.055699
-0.34411
-0.088825
0.0046742
-0.014457
-0.014494
0.0099675
-0.0019386
-0.018738
-0.01571
-0.015717
0.12483
0.12487
0.14122
0.10836
0.22827
0.72693
-0.82714
-0.43313
-0.2961
-0.61499
-0.61412
0.26115
-1.2731
0.092721
-0.48592
-0.48293
-0.65307
0.15493
-0.17207
0.075058
0.072722
2.2004
1.3486
-0.36194
-0.012968
-0.013027
0.045167
-0.00052523
0.0010277
-0.018661
-0.018655
0.06563
0.065395
0.029118
-0.16673
-0.26513
-0.13438
0.2333
-0.050546
0.0065937
-0.11802
-0.08032
-0.063292
-0.056418
-0.019724
0.059061
0.059329
0.081901
-0.015531
-0.031938
-0.0052831
-0.0064683
-0.063836
-0.063848
-0.087962
-0.087771
-0.057192
-0.024636
0.014876
-0.021921
0.018648
0.018284
0.11401
0.42359
0.12709
-0.36241
-0.15255
-0.15245
0.039581
0.0070941
-0.050717
-0.012215
0.01176
0.0070084
-0.017066
-0.024316
0.019468
0.019476
0.13843
0.03359
0.25412
-0.0069101
0.064201
-1.2062
-0.091489
-0.6885
-0.20201
-0.52782
-0.014701
-0.25532
0.18253
0.17991
-0.16836
-0.21559
1.5924
1.6808
1.6811
-0.15841
0.084792
-0.060718
0.044088
-0.0092158
-0.0022671
-0.030586
-0.030603
0.00021196
0.045166
0.044976
0.037019
-0.060116
-0.22643
-0.15867
-0.15809
-0.11176
0.13945
0.47731
0.20273
0.20327
-0.01488
-0.083151
-0.038906
0.032413
0.040105
0.048018
-0.0078276
-0.0077796
0.016743
-0.0020533
-0.023128
-0.024598
-0.070763
-0.11104
-0.11076
-0.01839
0.023118
-0.029744
0.038291
0.1045
0.10448
0.1065
-0.29743
-0.10585
-0.020073
-0.020043
0.0097821
0.012698
-0.024781
-0.014006
-0.024105
-0.024102
0.012449
0.013995
-0.0097833
-0.0097967
0.0064953
0.11994
0.16525
0.1863
0.18632
0.051562
0.65542
0.0885
-0.3258
-0.6584
-0.72534
-0.54093
-0.15979
-0.15468
-0.043944
0.12266
0.31876
0.31817
3.2809
-0.78277
-0.78359
-0.0072283
-0.00049655
0.0057957
0.0057883
-0.046821
0.015886
0.074017
0.033651
0.033603
-0.055343
-0.11642
-0.21747
-0.099529
-0.099142
-0.026204
0.080093
0.27601
0.17908
-0.072705
-0.072355
-0.095533
-0.098219
-0.06115
-0.061021
-0.047586
-0.035809
0.0047425
0.049858
0.0089552
-0.011281
0.049581
-0.0024204
-0.011696
-0.044175
-0.034537
-0.012235
-0.03967
-0.098497
0.026929
0.24006
0.20737
-0.15026
-0.19628
-0.0058863
0.025227
0.013878
-0.028742
0.0080342
0.0080249
0.012024
0.010668
-0.001147
-0.027879
-0.0087421
-0.0045652
0.067195
0.058754
0.14222
0.14208
0.060879
0.4413
0.46745
-0.97359
-0.13521
-0.13367
-1.0645
-0.94917
1.0125
-1.9263
-1.9262
0.45544
-0.072686
-0.49199
-0.38272
0.10196
0.56325
2.8932
2.888
-0.33514
-0.082491
0.052469
0.041676
-0.020524
0.0033163
0.0032196
-0.050516
-0.0030231
0.0020388
-0.045699
-0.10116
0.030991
0.31013
0.13543
0.13557
-0.023183
-0.085623
-0.076848
-0.054493
-0.054389
-0.047665
-0.035764
0.013868
0.060819
0.038417
0.0071499
-0.010682
0.019603
0.034994
-0.017163
-0.050465
-0.027796
-0.010809
-0.022157
-0.080297
-0.11029
0.0051454
0.0052491
-0.018401
0.0084867
0.19561
0.20438
-0.078715
-0.16965
-0.018217
0.002996
0.010269
-0.0016076
-0.057225
-0.010783
-0.010813
0.0017056
0.00232
0.0031673
-0.012954
-0.027284
-0.0096401
0.065787
0.19644
0.10665
0.24426
0.24632
-1.3811
-0.75874
-0.77756
-0.77897
0.11589
0.18516
-0.54161
0.16057
0.1602
-0.46184
0.63247
3.1852
0.13385
0.13309
-0.16819
0.10513
0.0093087
-0.02413
-0.024515
-0.033409
-0.06766
0.042467
0.050354
0.085221
0.043745
0.043633
-0.0059996
-0.11412
-0.18631
-0.058347
0.22348
0.22284
-0.071961
-0.069794
-0.091699
-0.061143
-0.061014
-0.036884
-0.036903
0.017691
0.026342
0.055703
0.015354
-0.0048171
0.019205
-0.028157
-0.0088611
-0.0088475
-0.098101
0.0027227
0.0090562
-0.020845
-0.020632
0.23965
-0.0097836
-0.0098188
-0.18323
0.0038478
0.017465
0.012987
-0.012544
-0.012547
-0.043118
-0.0036714
0.024125
-0.00063742
-0.017213
-0.010871
-0.0097902
0.024815
0.087788
0.10861
0.17379
-0.034305
-0.034225
0.80894
-0.74494
0.023109
-1.3851
-1.3885
0.031855
-1.2008
0.52186
-0.5415
0.45375
0.023123
-0.3407
-0.34126
-0.47694
-0.21417
1.1407
2.5843
0.036592
-0.0036631
0.0096307
-0.037217
0.0037827
0.033908
0.041374
0.0094505
-0.095832
-0.28501
-0.28479
-0.15618
-0.044832
0.019643
0.046474
0.5206
0.11918
0.11934
-0.14416
-0.04076
-0.032215
-0.051141
-0.050962
-0.054802
0.01991
0.033564
0.021331
0.0097964
0.014236
-0.023269
-0.0098381
-0.0098314
0.0025569
-0.034099
-0.047469
-0.091543
-0.03969
0.036238
0.01352
-0.040182
0.033804
0.091543
0.091139
0.35938
0.066998
-0.32412
-0.14062
0.0014071
0.0085412
0.0074491
-0.005161
-0.020107
-0.030688
-0.009071
0.02987
0.029794
0.039246
0.039137
0.25979
0.052584
-0.53099
-1.0578
-1.0542
-0.33005
-0.86658
-0.3348
-0.17147
-0.17153
0.26674
-0.02734
-0.56994
0.11624
-0.24583
-0.24388
0.11707
0.37501
3.4944
3.4799
-1.3376
0.30983
-0.10363
0.022063
0.0076292
0.0077052
0.022039
0.050381
0.050873
0.050279
-0.079795
-0.29027
-0.23774
-0.22361
0.021779
0.020872
0.14001
0.49637
-0.1401
-0.13993
-0.096021
-0.034986
-0.068343
-0.068323
0.052111
0.014351
0.014601
0.0070501
-0.067535
-0.029426
-0.029609
-0.037862
-0.02133
-0.078463
0.012439
0.012698
0.021987
-0.041877
0.044259
0.092859
0.32534
0.32537
0.094607
-0.17484
0.048941
0.10246
0.10249
-0.032351
-0.062714
-0.052628
-0.026256
0.019034
-0.022884
-0.034376
0.0090923
0.18242
0.18239
0.1087
0.24407
0.09276
0.093048
0.40182
0.5898
-1.0113
-0.31245
-1.0067
-1.0026
-0.58698
-0.61604
-0.20869
-0.39467
0.027842
-0.61688
-0.2148
-0.036069
-0.0095593
0.79549
0.32339
3.5226
-0.031727
0.027913
-0.021243
-0.021237
-0.012527
0.019754
0.00099208
0.00089859
-0.13444
-0.28406
-0.16056
-0.022994
-0.021681
0.058507
0.31494
0.45217
0.037256
-0.043298
-0.043239
-0.018816
-0.075545
-0.084225
-0.024041
-0.024054
0.024243
0.071742
0.032718
0.008263
-0.013289
0.010424
-0.042043
-0.020963
-0.015211
0.01625
0.016316
-0.10166
-0.072027
0.020202
0.020282
-0.011056
0.070347
0.10909
0.25723
-0.19899
-0.017712
0.040157
0.036332
0.036607
-0.039619
-0.082904
-0.035706
0.015493
0.0075822
-0.0022252
0.047566
0.25226
0.080277
0.35163
0.35155
0.75112
-0.97647
-0.46535
-1.1135
-0.79201
-0.78953
-0.3883
-0.33785
0.1001
0.32203
0.31934
-0.3288
-0.3889
0.26861
0.26833
0.3185
3.4713
0.0091833
-0.12864
-0.026841
-0.027101
0.028922
-0.0022102
0.0075967
-0.022904
-0.0070866
0.0090813
0.0090623
-0.22691
-0.23161
-0.32796
-0.16077
-0.042029
-0.041047
-0.079242
0.43333
0.014434
0.13016
0.13067
-0.014333
-0.027155
-0.093263
-0.056327
0.04461
0.030402
0.0017902
-0.00055221
-0.00057333
0.014099
0.0099492
-0.016995
-0.082644
-0.082366
0.021633
0.026083
0.02622
-0.03635
0.12123
0.3153
-0.10094
-0.10074
-0.076125
0.047219
0.0080066
-0.0028774
-0.0029094
-0.033148
-0.044437
-0.003899
-0.0041702
-0.024713
-0.024575
0.077977
0.19835
0.19823
0.084033
0.16766
0.15712
0.16209
0.94145
0.93986
-0.92742
-0.16797
-1.0133
-0.41008
-0.63926
-0.23818
-0.98114
0.29796
-0.65844
-0.074364
-0.097227
0.18292
0.20232
0.20171
2.3543
0.13884
0.031369
0.031445
0.0028501
-0.0010361
0.0046195
-0.013047
0.01557
0.015555
0.019177
0.037327
-0.0013635
-0.0071087
-0.12068
-0.12059
-0.12642
-0.18461
-0.043793
-0.050619
0.25758
-0.063812
-0.054913
-0.047973
-0.060167
-0.0035278
0.059658
0.059629
0.041118
0.020997
-0.006074
-0.0066624
0.0088305
0.0088144
-0.05267
-0.0179
-0.024764
-0.024576
-0.062644
-0.060819
0.02167
-0.051219
-0.05108
0.055155
0.40069
-0.16879
-0.29368
-0.29386
0.083333
-0.011162
-0.080221
-0.080257
-0.04599
0.0042665
0.016322
0.013931
-0.0040652
-0.0039916
-0.023245
-0.018324
0.20936
0.21367
0.2137
0.17985
0.13006
1.0106
-0.55385
-0.56077
-0.33418
-1.0692
0.44627
-0.34216
-0.0043353
0.34375
2.3949
1.4139
0.025588
-0.0086044
0.0024419
0.037272
0.037254
0.026082
0.039913
-0.21057
-0.1004
0.15767
0.39478
0.22315
-0.051531
-0.057011
-0.056937
-0.043048
-0.042929
-0.036108
0.020526
0.031796
0.031794
0.019444
0.014984
-0.0077614
0.008309
-0.041572
-0.041578
-0.032738
0.0039725
-0.0073013
-0.0089891
-0.062641
-0.062552
-0.083273
0.016844
0.02496
-0.041941
0.024972
0.025158
0.10576
0.28207
0.03877
-0.24533
-0.093797
-0.093818
0.016104
0.022725
-0.0054499
-0.031253
-0.022202
-0.022252
-0.016137
0.0018276
0.0061081
-0.02245
-0.014325
0.011061
0.17584
0.11435
0.19743
0.017963
-0.082949
-0.86294
-0.86212
-0.10353
-1.1563
-0.79589
-0.49982
-0.096965
-0.36046
0.25896
-0.027745
-0.69709
-0.69539
-0.18387
-0.056735
0.73807
1.0491
1.0588
2.6988
0.211
-0.092866
0.033709
0.033659
0.017446
0.029274
0.025523
-0.0063885
-0.25374
-0.16791
-0.081272
-0.055037
0.18214
0.41656
0.18263
-0.031504
-0.047633
-0.022713
-0.049695
-0.047503
-0.062958
0.0082727
0.0082358
0.039323
0.027066
-0.0012921
0.0025011
-0.0042301
-0.0067017
-0.035629
-0.024991
-0.011765
-0.0080191
-0.0078168
-0.069889
0.027516
-0.00525
-0.018275
0.041788
0.079832
0.20951
0.15366
-0.20663
-0.20755
-0.1556
0.03695
0.032398
-0.065829
-0.065882
-0.070089
-0.040653
0.0067269
0.02627
-0.010894
-0.01089
0.0077324
0.18296
0.22865
0.05244
0.43885
-1.3077
-0.018184
-1.4105
-0.36801
-0.36719
-0.24996
-0.21607
0.12927
-0.44949
-0.36934
-0.069205
-0.22224
0.51252
0.69754
2.9309
0.069504
-0.020053
0.034964
0.034893
0.003629
0.0072092
-0.021503
-0.036252
0.016729
0.016737
0.054549
0.031763
0.018134
-0.043377
-0.16349
-0.17606
-0.26684
0.0079191
0.076467
0.28773
-0.063587
-0.079782
-0.079814
-0.01877
-0.04427
-0.036813
0.0071139
0.0071497
0.046288
0.021623
0.0053202
-0.0039379
0.0066733
0.0011794
0.0013235
-0.10027
-0.034682
0.035737
-0.029253
0.065565
0.065739
0.11894
0.20528
-0.14935
-0.14934
-0.012809
0.0087224
0.0069761
-0.0075374
-0.012075
-0.01555
-0.0042158
0.021171
0.022176
-0.0074235
-0.0012578
0.014128
0.01659
0.20667
0.13514
0.0043659
0.38243
0.29907
-0.93804
-0.93673
-0.38044
-0.50018
-0.35579
-0.1677
-0.16842
-0.19706
-0.10461
-0.34725
-0.14837
-0.1507
-0.16617
-0.5639
2.0573
2.0523
0.16871
-0.38628
-0.015445
0.017248
0.017239
0.011209
0.020405
0.02759
0.041321
-0.0067315
-0.0066974
-0.097444
-0.17193
-0.041473
-0.06802
0.3294
0.37414
-0.022489
-0.16936
-0.03318
-0.033844
-0.033778
-0.032323
-0.044839
-0.020424
0.016984
0.017011
0.031487
-4.3882e-05
0.0050446
0.011582
-0.016676
-0.047521
-0.047593
-0.044988
-0.044933
-0.076967
-0.027675
0.040067
-0.0076559
-0.028455
0.055696
0.055495
0.19425
0.2188
-0.10972
-0.24344
-0.051789
0.0022332
-0.016946
-0.016968
-0.030216
0.010856
0.003126
-0.0040032
0.057201
0.15938
0.13822
0.13818
0.13362
0.086673
0.95581
-0.6116
-0.55854
-0.68376
-0.68477
-0.80586
-0.072551
0.029495
0.13147
-0.13521
-0.13514
-0.44022
0.1141
-0.19792
0.43115
0.42999
2.2436
-0.22652
0.016487
-0.057142
-0.057151
-0.011749
0.016132
-0.037475
-0.012375
-0.012368
0.036939
0.039578
-0.19158
-0.31364
-0.15607
-0.15532
-0.11298
-0.019683
-0.021882
0.24036
0.43913
0.18618
-0.073356
-0.054715
-0.030781
-0.048112
-0.063412
-0.017123
0.02267
0.0227
0.036551
0.015373
-0.01428
-0.036128
-0.011276
0.0033818
0.0034775
-0.056984
0.012526
-0.0076632
-0.012828
0.072508
0.11635
0.067214
-0.010592
-0.079874
-0.038277
0.0053982
0.0083749
-0.013794
-0.011628
-0.011631
-0.032926
-0.0052127
0.020605
0.019802
0.022982
0.022939
-0.017273
0.12108
0.12103
0.15345
0.20621
-0.028145
0.86698
-0.59556
-0.59835
-0.38243
-0.026222
-0.49851
-0.43188
-0.4313
0.25623
0.055086
-0.11746
-0.29315
-0.29514
0.70115
0.69779
2.2217
-0.17038
-0.06655
0.021654
0.021682
0.0015192
0.011643
-0.00097704
0.015179
0.015167
0.031829
0.0053365
-0.04642
-0.29407
-0.22125
-0.013175
-0.092498
0.16062
0.3305
0.33143
0.33304
-0.16353
-0.045726
0.005594
0.0057406
-0.03661
-0.053116
0.0019256
0.038261
0.038237
0.020393
-0.007777
-0.0083439
0.018355
-0.0060473
-0.011759
-0.0013774
-0.039232
0.0015045
-0.02017
0.028269
0.028224
0.26566
0.073952
-0.30394
-0.099727
0.0017735
0.029084
0.031242
-0.045895
-0.038126
-0.038182
-0.044721
0.0032823
0.0091916
-0.015852
-0.015834
-0.011112
0.15682
0.22993
0.054345
0.054117
0.22556
0.13908
-0.18663
-0.71439
-0.99675
-0.85734
-0.8362
-0.24629
-0.24972
-0.18106
0.26597
0.11653
-0.58082
0.082889
0.080254
-0.33025
0.32192
0.47019
0.84811
2.9473
2.9373
-0.77145
-0.09853
0.012035
0.046972
0.025065
0.025116
0.015734
-0.26896
-0.26471
-0.12775
0.10277
0.3818
0.18635
0.18464
0.047789
-0.048991
-0.061781
-0.036725
-0.03665
-0.046073
-0.03416
0.018773
0.047538
0.037151
0.037156
-0.018103
-0.0181
-0.038262
-0.033792
0.0043561
-0.062264
-0.062189
0.0028553
0.0029228
0.049808
0.049969
-0.01694
0.054102
0.1624
0.16237
0.25181
-0.19784
-0.14166
-0.025299
0.028757
0.008442
-0.013635
-0.034276
0.0014974
0.0014746
0.00041515
0.0021951
-0.0037581
-0.0037455
0.079378
0.12015
0.39953
0.82563
-0.29513
-0.98041
-0.98119
-0.33589
-0.69812
-0.1343
-0.13117
0.057318
-0.5048
0.0045109
-0.27865
-0.017005
-0.016919
0.50534
0.36153
1.8866
1.3078
-0.94151
-0.94172
0.015997
-0.017605
-0.0056841
-0.0057083
-0.027551
0.044519
0.030368
-0.017904
-0.017971
-0.16394
-0.085655
-0.098309
-0.11304
-0.11266
-0.030765
0.11186
0.30413
0.3079
0.30828
-0.12147
-0.044743
-0.049779
-0.040383
-0.021099
-0.021096
0.0063212
0.021561
0.0021347
-0.00034247
-0.00034022
-0.025897
-0.035984
0.012281
0.042604
0.042717
-0.035212
0.045843
0.13868
0.2167
0.21691
-0.10662
-0.16794
-0.029128
0.0095008
-0.00047506
-0.00039551
-0.00021093
-0.038269
-0.023984
0.01542
0.01946
-0.0030746
-0.011964
0.043659
0.043828
0.1527
0.13539
0.10918
0.10667
0.10673
0.66694
-0.28555
-0.76671
-0.58995
-0.88434
-0.065745
-0.044554
0.33316
0.33198
-0.37547
-0.49659
-0.69594
-0.167
-0.21647
0.032352
0.032335
0.030437
-0.22695
-0.0046451
-0.01496
-0.014754
0.041403
-0.1173
-0.32026
-0.29551
-0.29842
-0.12765
0.0060694
0.022357
-0.038059
0.47032
0.31979
0.21646
0.019586
0.019447
-0.039978
-0.025662
-0.075498
-0.059941
-0.068832
-0.068912
0.00061765
0.03467
0.021782
0.021262
0.021419
0.0032957
-0.036803
-0.066345
0.013066
0.013242
0.017882
-0.025333
-0.071139
0.039259
0.039492
-0.061147
0.15744
0.43807
-0.076874
-0.32791
-0.15812
-0.012032
0.08281
0.068469
0.068579
-0.0070382
0.011658
0.0023393
0.0023497
0.0194
-0.040042
0.17224
0.1049
0.19635
0.15813
0.66583
0.66512
-0.33147
-0.58557
-0.93894
-0.22086
-0.72
-0.0035421
0.12514
-0.84495
0.21785
-1.0605
0.66164
-0.19195
-0.19621
1.746
1.2826
0.93308
-0.032561
-0.064464
-0.064343
-0.023847
-0.022154
-0.0073182
0.017316
0.017281
0.015061
-0.048707
-0.1237
-0.22566
-0.27619
-0.24758
-0.052565
-0.038397
-0.046574
0.24221
0.24023
0.38278
-0.032083
-0.004486
-0.0065928
-0.044377
0.0336
0.055894
0.0037103
-0.0068894
-0.0069989
0.019094
-0.0047152
-0.063173
0.017387
-0.038157
-0.07752
0.00015518
0.015636
-0.022325
0.013923
0.08602
0.25337
0.11732
-0.20635
-0.13954
0.00070057
0.010114
-0.0036788
-0.0099799
-0.0099759
-0.041949
-0.039902
-0.0055271
0.005073
-0.0030954
-0.011833
-0.010773
0.017531
0.073413
0.22691
0.06835
0.19884
0.61918
0.6191
0.31217
-1.1743
0.13297
-1.4709
-0.88443
-0.35264
-0.82086
-0.080396
-0.15305
-0.15959
-0.87057
-0.16894
0.061646
0.060159
0.37464
-0.1223
-0.010408
-0.010395
-0.01413
0.011039
0.016048
0.045741
-0.068304
-0.16239
-0.27062
-0.16103
-0.061022
-0.083245
-0.051168
-0.051872
0.07794
0.069392
0.2493
0.13012
0.33435
-0.0090693
-0.0089786
-0.046484
-0.038796
-0.0082885
0.010174
0.0018409
0.043118
0.0085001
-0.019403
0.0012535
0.009055
0.0090788
0.00975
-0.070281
-0.069942
-0.069765
0.045239
0.045376
-0.012431
0.11291
0.11282
0.40415
0.064006
-0.36946
-0.16565
-0.0143
0.036265
0.010038
-0.12797
-0.08086
0.001798
0.035187
-0.0012322
-0.0045654
0.16674
0.053304
0.069296
0.069215
0.045662
0.014582
-0.97426
-0.12366
-0.12544
-0.38579
-0.7116
-0.39655
0.26063
0.073557
0.074786
0.10646
-0.35493
-0.6239
-0.12302
-1.1816
-0.32358
1.8586
0.77623
0.78034
0.12487
0.011729
-0.12803
0.057499
0.057707
0.046376
-0.0050981
-0.11468
-0.1132
-0.36883
-0.37293
-0.21216
-0.0010387
-0.025705
-0.022875
-0.10042
0.034139
0.038308
0.47693
-0.00012886
-0.084375
-0.084255
-0.070562
0.015793
0.03009
0.017214
0.017231
0.015353
-0.023777
-0.03574
-0.049592
0.012913
0.037293
0.0093058
-0.081689
-0.057038
0.008406
-0.0089212
-0.018917
0.057779
0.27911
0.27975
0.29602
-0.22059
-0.23259
-0.040559
0.016284
0.030491
-0.0042445
-0.021009
-0.027698
-0.027726
0.011354
-0.001673
0.0070817
0.039103
0.20541
-0.0038129
0.11059
0.18008
0.18008
0.019566
1.008
-0.76993
-0.1174
-0.44796
-0.4481
-1.2274
-0.42146
-0.27211
-0.23994
-0.30346
-0.30238
-0.18867
0.70328
0.73782
0.7427
-0.12974
0.031898
-0.072148
-0.071155
0.029104
0.028952
0.021485
0.014881
0.0063742
-0.09727
-0.097246
-0.17175
-0.14916
-0.03061
-0.044043
-0.043787
0.076125
0.05834
0.32472
0.020847
-0.0044509
-0.035103
-0.037073
-0.036925
-0.043701
-0.023781
0.013708
0.0016339
0.031235
0.017299
0.017329
0.019418
-0.023714
-0.099687
0.015744
0.023477
0.023426
0.00070388
0.061346
0.17663
0.3573
0.3562
-0.34354
-0.11966
0.028263
0.11452
0.031871
-0.060011
-0.1082
-0.073426
0.00073649
0.042088
0.019205
-0.0057165
-0.012041
0.060491
0.0604
0.21132
0.10486
0.042251
-0.028196
0.4735
-0.065686
-0.91732
0.30746
-0.94527
-1.2527
0.73075
-0.66641
0.83938
0.84213
-0.08622
-0.70032
-0.23183
-0.37873
-0.37923
0.57774
1.6461
-0.080088
-0.055707
0.0086745
-0.031303
0.0058923
0.017006
0.011813
-0.056653
-0.27689
-0.35406
-0.33352
0.23292
-0.015934
-0.11295
0.14112
0.17723
0.23953
0.55425
0.060389
0.060441
-0.0024273
-0.069626
-0.057269
-0.01893
-0.018957
0.0017913
0.017188
0.0074975
0.015841
-0.011051
-0.023949
-0.051658
-0.027828
0.020489
-0.056553
-0.088244
0.0094302
0.017087
0.017307
-0.025084
0.073289
-0.28184
-0.11063
0.05014
0.042988
0.023106
0.02314
-0.070405
-0.029686
0.011904
0.01188
0.00098909
-0.014142
0.034226
0.15737
0.15708
0.16978
0.0098694
0.23725
0.43633
0.43659
0.038444
-0.7137
-0.89805
-0.58829
-0.58605
-0.65488
-0.39243
-0.1221
-0.11191
-0.74788
0.049088
-0.59798
0.018857
0.11538
0.11448
2.0148
1.4324
0.47499
-0.28797
-0.28797
0.05157
0.010213
0.01452
0.0029982
-0.071926
-0.24953
-0.18901
-0.26485
-0.043332
-0.0096991
0.12746
0.38565
-0.15867
0.032951
0.033008
-0.073538
-0.069169
-0.067665
-0.025762
0.017635
0.017675
0.041504
0.020677
0.030665
-0.015204
-0.014444
-0.01445
0.011796
-9.4537e-05
-0.021064
-0.021051
-0.097704
0.01878
0.029297
-0.012271
0.063271
0.17509
-0.2801
-0.18528
-0.18503
0.0057985
0.026517
0.029023
-0.017783
-0.027722
-0.027716
0.0080038
0.0089768
0.0094942
-0.011331
-0.011654
0.0092938
0.10966
0.14333
0.054338
0.054312
0.23496
0.060449
0.36162
-0.93496
-0.432
-0.43156
-0.54141
-0.4722
-0.30689
-0.5024
0.18404
0.18574
0.084286
0.86485
0.86272
2.7698
0.40977
-0.20334
-0.030056
0.0059386
-0.006312
-0.0062802
-0.0036524
0.0056072
-0.0049902
-0.0049768
0.0077725
-0.059041
-0.18282
-0.21561
-0.14184
-0.056951
0.011335
0.068223
0.067148
0.061103
0.25881
-0.04096
-0.040097
-0.065364
-0.065264
-0.014166
-0.045339
-0.02308
0.013999
-0.014065
0.011049
-0.016917
-0.04498
0.0044105
-0.018349
-0.10064
-0.10031
0.021657
0.02566
-0.013465
-0.013263
0.36316
0.30014
-0.40463
-0.28006
-0.036671
-0.036644
0.044451
0.080407
-0.074894
-0.074926
-0.054776
-0.022825
0.063221
0.040292
-0.0074712
-0.030613
-0.018858
0.16684
0.045988
0.04601
0.15498
0.00355
0.042667
-0.88065
-0.88316
-0.61409
-0.22015
-0.81999
0.82972
0.82948
-0.069825
-0.19027
0.3572
-0.32054
-0.32064
0.58033
2.8002
0.4906
-0.060507
0.0053307
-0.029607
-0.029463
-0.0039889
0.0086199
0.030308
0.030064
-0.01609
-0.14282
-0.42091
-0.053482
0.013051
0.014607
0.014865
-0.039167
0.077385
0.077462
0.19897
0.40278
-0.11176
-0.05716
-0.05701
-0.057937
-0.074906
-0.016177
0.039065
0.039054
0.01726
0.0099505
0.010754
0.018502
-0.011197
-0.0687
-0.044852
0.02471
-0.053721
-0.053749
-0.07921
-0.00019608
-0.0066714
0.050305
0.16159
0.21653
-0.057876
-0.048067
-0.047983
-0.016721
-0.016533
-0.016555
-0.011894
-0.019606
0.003869
-0.0038393
0.038755
0.10579
0.1204
0.074339
0.14767
-0.0056143
0.8701
-1.0533
0.066184
-0.44272
-1.2096
-0.64365
-0.076179
-0.64052
0.21731
0.21969
-0.10987
-0.58505
-0.093569
-0.30533
-0.46791
0.6162
1.9894
1.0215
0.37504
0.0096055
-0.045571
-0.032409
-0.014382
0.00025929
-0.0015139
0.021903
0.022992
-0.00018661
-0.16742
-0.0078007
-0.14006
-0.074518
0.029737
0.21076
0.15091
0.30664
-0.013349
-0.039431
-0.047766
-0.046019
-0.056602
-0.035127
0.0021891
0.024535
0.022861
0.021277
0.0012664
-0.004467
-0.02484
-0.042298
-0.039624
-0.0052111
-0.038653
-0.064137
0.0087426
0.043131
-0.0085795
-0.031676
0.030946
0.24142
0.3072
-0.18479
-0.28727
-0.079646
0.033307
0.032619
0.034987
-0.04772
-0.013443
-0.042294
0.015269
0.010481
-0.017585
-0.0099984
-0.00017826
0.057537
0.19129
0.12235
0.019651
0.17833
0.097962
0.94433
-0.027399
0.0029722
-1.3629
-0.5023
0.34284
-0.42608
-0.18592
-0.097604
-0.035153
0.53846
1.7636
1.1768
0.41891
-0.10002
0.0057148
0.034147
-0.039011
-0.039005
-0.012156
0.018001
0.0049701
0.018734
0.03511
-0.030031
-0.13257
-0.28982
-0.043559
-0.20788
-0.084609
-0.01347
0.037622
0.3897
0.05531
0.26982
-0.041584
-0.022789
-0.031129
-0.035715
-0.060942
-0.022959
-0.022946
0.0051372
0.018354
0.016993
0.0042702
-0.016227
-0.035245
0.012399
-0.01315
-0.073527
-0.072827
-0.071979
0.02547
0.014864
-0.022628
0.073167
0.21778
-0.11176
0.072135
0.029041
-0.1514
-0.15142
-0.021226
0.0748
0.028963
-0.040123
-0.044585
0.059188
0.18575
0.04454
0.044519
0.11907
0.11922
0.3142
0.53355
-1.4977
0.27412
-0.91869
-0.75676
-0.18295
-0.42628
0.18813
0.33953
-0.43335
-0.43239
-0.098497
-0.37842
-1.0904
0.20878
1.4764
1.4755
0.61279
-0.094512
0.042829
0.024361
0.024534
0.0046598
0.020694
0.02793
0.027913
-0.022554
-0.14013
-0.30513
-0.27958
0.036773
0.23146
0.048786
0.10413
-0.05366
-0.033124
-0.060017
-0.073767
-0.076338
0.010957
0.043224
0.018305
0.031143
0.0027731
0.00023172
-0.046288
-0.0099568
-0.017014
0.0040321
-0.059423
-0.059105
-0.058348
-0.046211
0.040499
-0.029504
0.014932
0.12567
0.28918
0.098144
-0.14888
-0.14856
-0.013783
0.083009
-0.0030656
-0.068674
-0.068714
-0.038681
-0.0062737
0.021996
0.015087
-0.0079827
-0.018911
-0.0024574
0.14755
0.16095
-0.0090004
0.16581
0.34756
0.49081
-1.0986
-1.098
0.076264
-0.70127
0.38582
-0.41725
-0.76152
-0.78334
-0.068316
0.012575
-0.34122
0.58982
0.57391
-0.16458
0.12338
-0.099037
-0.098994
-0.03125
0.016376
0.0097346
0.00026423
0.04923
0.049145
-0.035344
-0.13105
-0.30288
-0.15387
-0.19543
0.032396
-0.042997
0.07206
0.31566
0.20931
-0.03431
-0.04706
-0.03318
-0.033105
-0.027082
-0.07092
-0.077615
0.0069657
0.039639
0.027678
0.045604
0.00094435
-0.014817
-0.057156
-0.057201
-0.039909
-0.019295
-0.043278
-0.043535
0.0042507
0.084349
0.16162
0.25988
-0.19513
-0.19473
-0.014827
0.042911
-0.019151
-0.048977
-0.042626
-0.042637
-0.029595
0.041051
0.056751
0.0032827
0.0033088
-0.016944
0.020756
0.073873
0.13855
0.13852
0.090852
-0.015839
0.91299
-0.85636
-0.85557
-0.14905
-1.0803
-0.20289
-0.30214
0.66815
0.24909
-0.28856
-0.35409
-0.35585
-0.11569
-0.34985
-0.38937
0.40185
1.4091
1.4055
1.114
-0.24961
0.019088
0.0025995
-0.022222
-0.0093256
0.04147
0.04145
-0.074709
-0.18046
-0.062848
-0.06749
0.17775
0.30933
0.26641
0.2661
-0.14277
-0.053874
-0.047392
-0.027515
-0.017336
-0.017216
-0.03916
-0.0549
-0.028683
0.043967
0.020758
-0.0022841
0.013028
0.02662
-0.0071517
-0.007114
-0.020641
-0.00053013
-0.04769
-0.068004
-0.068124
0.0033991
0.038968
0.018546
-0.050156
0.012077
0.14424
0.39669
-0.082549
-0.3709
-0.093826
0.010973
0.092503
-0.074812
-0.060603
-0.060628
0.020648
0.022419
-0.015041
-0.024328
-0.024329
-0.00095635
0.085348
0.15257
0.11062
-0.35141
-0.85831
-0.85793
-0.38511
-1.3767
-0.37499
-0.37556
-0.42054
-0.39598
0.22779
-0.83668
-0.079684
-0.061726
-0.20189
2.3258
0.77994
0.78022
0.31709
-0.052387
0.0014209
0.0055376
0.005492
-0.01291
0.032344
0.018797
0.043849
0.043728
-0.10733
-0.19305
-0.18206
-0.17479
-0.17282
0.036155
-0.03337
0.28383
0.096076
0.095366
0.3225
0.18198
0.00632
-0.02756
-0.027551
-0.037943
-0.024789
0.0123
0.029379
0.019264
-0.018544
-0.034434
-0.034462
0.0028489
0.012288
-0.052767
-0.09404
0.016102
-0.026165
0.037651
0.078524
0.078658
0.20515
0.045567
-0.10675
-0.10678
0.0063718
-0.0059243
-0.005898
-0.0373
-0.025731
-0.02571
0.0018145
0.05142
-0.0080756
-0.0081174
-0.016388
-0.016496
0.098002
0.1135
0.1133
0.0093406
0.80219
-0.29844
0.012509
0.016211
-1.3442
-0.5253
-0.31256
0.0026942
0.0028768
0.34876
0.31218
-0.29113
-0.85536
-0.019898
0.14302
-0.10684
-0.14943
-0.09276
-0.092832
0.028783
0.028718
-0.0074001
0.0011321
0.040979
0.045401
-0.07757
-0.16852
-0.16842
-0.23863
-0.053494
-0.052379
-0.02751
0.073581
0.40083
-0.15899
-0.15891
-0.026545
-0.042438
-0.01312
-0.015544
-0.015503
-0.02424
0.0055191
0.023942
0.02721
0.027442
0.0093641
0.0027999
-0.023457
-0.018511
-0.018451
0.0022963
-0.019359
-0.070386
0.044085
0.044053
-0.0056186
0.17479
0.17503
0.15167
-0.18295
-0.19504
0.053541
0.053544
0.096018
-0.10273
-0.069756
-0.0017644
-0.0017669
0.057266
-0.044439
0.0017823
0.0017751
0.16815
0.11083
0.12731
0.069308
0.069491
0.35983
0.72636
-1.3026
-1.0352
-1.0349
-1.0913
-0.67867
-0.40865
0.62447
0.62558
0.052162
-0.57721
-0.6487
-0.26887
-0.26925
0.21731
0.53229
3.0751
-0.12922
-0.04577
-0.047731
0.026267
-0.048093
-0.036122
0.030722
0.070898
0.018452
-0.153
-0.27559
-0.17673
-0.011179
0.04076
0.05413
0.30178
0.025928
0.23996
0.10667
-0.083533
-0.035653
-0.04049
-0.029198
-0.035361
-0.0035258
0.03958
0.03299
0.032595
0.013043
0.017977
-0.01227
-0.041305
-0.002962
-0.0029485
0.0050424
-0.027006
-0.08106
-0.014926
0.047672
-0.01361
-0.023603
0.045386
0.1414
0.27628
-0.15718
-0.21921
-0.044958
0.037034
0.02953
0.00959
-0.043145
-0.046143
0.0063164
0.0063005
0.017116
-0.0083145
-0.026601
-0.0019285
0.037612
0.18458
0.011559
0.25958
0.12042
0.20891
-0.57646
-0.86408
-0.90632
-0.15321
-0.84234
0.20432
0.13026
0.03875
-0.11959
-0.57442
0.045351
0.55436
2.2727
0.72197
0.039249
0.011189
-0.046376
0.031107
-0.003826
-0.024794
-0.024791
0.012072
0.04287
0.043187
-0.083608
-0.10542
-0.18775
-0.13372
-0.033019
-0.069666
-0.10363
0.14316
0.25002
0.080245
0.23637
-0.098274
-0.012484
-0.035075
-0.0052583
-0.02924
0.0063962
0.0039887
0.016971
0.0091264
0.018871
0.011056
0.0063096
-0.0093891
-0.0094186
-0.029922
-0.075804
0.030994
0.041715
-0.024072
-0.029869
0.062791
0.22531
-0.18484
-0.15411
-0.073173
0.0099198
0.039742
0.016262
-0.042024
-0.039547
0.0044621
-0.0026868
0.0086477
0.0088539
-0.013443
-0.006918
0.12938
0.11015
0.08923
0.086308
0.0032566
0.76851
-0.46773
-0.82083
0.31825
-0.75933
-1.4901
0.41698
-0.27019
0.21417
0.26849
-0.03549
-0.46189
0.14793
-0.78513
-0.31553
-0.048907
2.0288
1.1805
-0.17835
-0.16412
-0.01168
-0.014938
-0.010219
0.021783
0.040474
-0.022955
-0.2322
-0.29551
-0.23624
-0.072603
-0.041661
0.053145
0.088585
0.45563
0.24839
-0.018664
0.14418
-0.038331
-0.046496
-0.028519
-0.022356
0.0038755
0.018542
0.0061886
0.0055957
0.026669
0.0062759
-0.020145
-0.020175
-0.049706
0.018596
0.0064832
0.0052962
0.005296
0.040843
0.015384
0.017208
0.016948
0.16404
0.37395
-0.13314
-0.32918
-0.044652
0.023824
0.12155
0.011261
0.0077918
-0.0068116
-0.014531
-0.0043591
-0.0043453
0.048255
0.1583
0.14836
0.11895
0.18445
0.18447
0.48121
-1.1875
-0.44335
-0.9055
-1.2741
-0.61489
0.11909
0.11999
-0.15258
-0.15492
0.027463
-0.45904
-0.36299
-0.36231
-0.13786
-0.13942
1.7979
0.26912
0.18201
-0.1435
-0.022029
0.029416
0.053872
0.054118
0.027744
-0.10535
-0.27922
-0.35308
-0.057762
0.16996
0.049545
-0.037064
-0.037416
0.24349
0.41517
0.13535
0.087081
0.086503
-0.042861
-0.037088
-0.050811
-0.047983
-0.038057
-0.038109
0.0015782
0.053841
-9.3619e-05
-0.021727
-0.038537
-0.0021998
0.012279
-0.071059
0.023444
0.017822
-0.0063125
0.048758
0.39091
0.39153
0.19125
-0.35697
-0.20044
-0.052093
0.020119
0.056877
0.056925
-0.0039021
-0.033597
-0.02657
0.016055
-0.018615
-0.011872
-0.011808
0.028678
0.13643
0.14554
0.10905
0.030356
0.030331
0.47578
0.053463
-0.3489
-0.25705
-0.71053
-0.54392
-0.93629
-0.0049145
-0.076649
0.35605
-0.1209
0.0020646
-0.80648
0.0048321
0.0045648
-0.35395
-0.2142
2.848
0.084154
-0.10572
-0.046492
0.010121
0.018549
0.032605
-0.046094
-0.070518
-0.074366
-0.16592
-0.13482
0.092569
0.12909
0.11225
0.43962
-0.099557
-0.07563
-0.075632
-0.0092986
-0.030343
-0.033339
-0.050268
-0.011633
-0.011643
0.021333
0.037669
0.012375
0.026047
0.026051
0.030577
-0.012369
-0.0129
-0.012694
-0.034659
-0.049223
0.016537
0.041749
0.033864
-0.016761
-0.045077
0.045542
0.34082
0.10427
-0.32615
-0.11314
0.018566
0.043859
-0.054897
-0.054852
-0.06102
-0.036178
-0.0013878
0.0062516
0.0076575
-0.012174
-0.0092844
0.0031847
0.11322
0.25226
0.81898
0.82042
-1.2117
-0.42456
-0.81041
-0.67216
-0.94653
0.22232
0.22336
0.8882
-0.46674
-0.57931
-0.07068
-0.27487
0.38412
0.51774
0.51857
3.4873
-0.023094
-0.054932
0.033754
-0.09862
0.020605
0.032521
0.032654
-0.036988
0.075288
-0.065098
-0.15713
-0.14211
-0.17795
-0.058146
-0.021804
0.037188
0.037615
0.24191
0.24416
0.30192
0.10572
-0.064796
-0.060659
-0.054691
-0.064068
-0.024319
-0.024431
0.03549
0.030776
0.039802
0.01454
0.045757
-0.023106
-0.032981
-0.040709
-0.040709
0.014724
0.014747
-0.0084198
-0.059635
-0.0067769
0.18818
0.24222
0.2419
-0.16646
-0.045795
0.014127
-0.0068654
-0.044848
-0.021277
-0.012902
-0.015229
-0.015222
0.00083962
-0.012323
-0.0072325
0.036503
0.036535
0.098799
0.27339
0.14104
0.14137
0.17241
-0.71069
-0.22502
-1.1354
-1.1336
-0.72995
-0.40995
-0.080441
0.25457
0.25407
-0.46717
-0.28101
-0.18317
-0.66738
-0.19481
1.1534
1.8581
1.4454
-0.28562
0.058392
0.058361
0.046959
-0.044959
0.0058406
0.025869
0.025913
0.020364
0.029306
-0.08381
-0.19634
-0.19604
-0.013802
-0.049866
-0.065804
-0.04776
0.20297
0.08107
0.080162
-0.020431
-0.035207
-0.021154
-0.034879
-0.034854
0.017992
0.010515
0.022257
0.0080188
0.029517
-0.0055511
-0.0054549
-0.0016345
-0.0015284
0.0041909
0.051662
0.033014
0.033426
-0.022711
0.021295
0.28818
0.27372
0.27739
-0.32821
-0.025812
0.055431
0.022297
0.018085
0.018167
-0.034396
-0.0056324
-0.008476
0.023883
0.023906
-0.052339
-0.0044008
0.079945
0.11407
0.11396
0.026782
0.056468
-0.0015776
-0.0015709
0.5929
-1.2718
0.62051
-1.2792
-1.2707
-0.91124
-0.9215
-0.04038
0.82437
0.83
-0.088139
-0.239
-0.90074
0.54625
0.54959
-0.53163
-0.22889
-0.073442
0.013825
0.013873
0.036423
0.036425
0.0078673
-0.10236
-0.27537
-0.27651
-0.27675
-0.16542
0.12457
0.12455
-0.077339
0.075367
0.42862
0.42725
-0.10113
-0.10114
-0.0284
-0.0651
0.0044682
-0.0008641
0.052179
0.052201
0.022126
0.026664
0.019092
-0.029687
-0.029684
-0.0319
-0.031799
0.051912
0.048246
-0.032936
0.046476
0.047155
0.033385
-0.025605
0.36326
0.36327
-0.052937
-0.27667
-0.13161
0.052688
0.015564
-0.029262
-0.071788
-0.071782
-0.011341
0.014937
0.048569
-0.017003
-0.016995
-0.0088462
-0.0088395
0.036538
0.1517
0.2798
-0.056344
-0.056487
0.60836
-1.3236
-1.3108
-0.46888
-0.31868
-0.16091
0.45561
0.45505
0.027581
-0.5353
-0.55238
-0.55208
0.13988
1.1896
1.4186
-0.25189
-0.25098
-0.17095
0.038978
-0.02967
0.012956
0.011128
0.0088335
0.012197
0.012149
-0.076185
-0.077104
-0.22052
-0.15862
-0.18663
-0.024798
-0.026234
0.2294
0.21869
0.11802
-0.049975
-0.050194
-0.070576
-0.0397
-0.04416
-0.030442
-0.0058369
0.028567
0.033204
0.033228
0.011202
-0.0075428
-0.0075348
0.026825
-0.068924
0.0023288
0.041889
0.02163
-0.031946
-0.039529
0.090227
0.083888
-0.19927
-0.13238
-0.017288
0.0050984
0.053341
0.05343
-0.040405
-0.05798
-0.016209
-0.0062433
-0.0062509
-0.012705
-0.012699
-0.0081644
0.058888
0.2605
0.054276
0.20223
0.46858
0.46856
0.72259
-0.98437
-1.6529
-1.0656
-1.0604
-0.095274
-0.32266
0.37913
-0.063764
-0.063725
-0.6324
-0.19994
-0.33194
0.48218
0.48065
0.58725
-0.52735
-0.051858
-0.004397
-0.0075834
-0.024977
0.03055
0.047406
0.031015
-0.10339
-0.17875
-0.093799
0.0088023
-0.058726
-0.11256
0.046083
-0.035121
0.39209
0.00070533
0.020884
-0.096907
-0.038405
-0.038524
-0.022216
0.0053373
0.0053609
0.012403
0.012321
0.019651
0.028679
0.001567
0.0030807
0.0031141
-0.032624
0.020887
0.020832
-0.039063
-0.0070374
-0.0058705
-0.0057823
-0.033544
0.042852
0.26245
0.19755
-0.28185
-0.28052
-0.17486
-0.01502
0.0033389
0.061446
-0.0070867
-0.0070799
-0.075114
-0.0080697
0.0013739
0.029436
0.15129
0.071982
0.078727
0.091969
0.080045
0.93366
-0.68067
-0.29433
-0.86111
-1.1041
-0.50674
-0.5007
-0.02294
0.34189
0.14598
-0.05036
-0.048423
-0.36109
-0.92548
0.35793
-0.12006
2.3186
-0.44997
0.011836
0.085563
0.085673
-0.051255
-0.019947
0.024169
0.017317
0.013773
0.013841
-0.0054374
-0.29224
-0.32899
-0.194
-0.021207
-0.13456
0.16627
0.16699
0.09581
-0.17883
-0.019725
-0.068473
-0.066636
-0.0112
-0.011236
0.015698
0.027275
0.019498
0.033219
0.031304
0.031357
0.0080329
-0.07221
-0.0085059
0.036159
-0.015333
0.0025493
0.024424
0.038045
0.0014328
-0.038502
0.22688
0.34518
-0.20034
-0.3139
-0.038412
0.026776
0.081935
0.00096592
0.00094027
-0.093656
-0.06123
-0.021636
0.032922
0.032914
-0.003364
-0.018362
0.073424
0.14057
0.090522
0.16746
0.1893
0.73662
0.73631
-0.22329
-0.71731
-1.3472
-0.45376
-0.45168
-0.4404
-0.56731
0.22873
-0.22565
-0.63929
0.38256
0.95855
1.789
1.7399
-0.40471
-0.015057
0.077107
0.077197
-0.065104
-0.038407
0.024727
0.0089549
0.0089594
0.0044577
0.0071022
-0.07804
-0.066167
-0.19637
0.057819
-0.049534
0.094488
-0.031761
0.23353
-0.13552
-0.13552
-0.068424
-0.068479
-0.026435
-0.040977
-0.0041331
-0.0040433
0.017778
0.034877
-0.011508
-0.016811
-0.016694
-0.01343
0.0013056
-0.01349
-0.013274
-0.03977
-0.10135
-0.027303
0.016235
0.018593
-0.030295
0.069423
0.32868
-0.14897
-0.29869
0.015535
-0.081926
-0.081938
-0.0069618
0.024624
0.071746
-0.0081352
-0.0408
-0.03001
0.088173
0.18671
0.11091
0.10665
0.039863
0.57196
0.14081
-0.96933
-0.10068
-1.0621
-0.72533
-0.61718
-0.61753
0.69909
-0.4688
0.39519
-0.11592
-0.32279
0.13256
-0.95311
-0.66934
0.17811
1.8217
1.7739
-0.021162
-0.063951
0.0064707
-0.051374
-0.05136
0.03824
0.024159
0.01259
0.0098104
0.0098717
-0.057193
-0.19619
-0.30978
0.059831
0.060611
0.13153
0.34453
0.035573
0.03305
-0.047819
-0.047383
-0.062326
-0.05761
0.038483
0.03516
0.0075594
0.035278
0.0021011
0.0019756
-0.030849
-0.077901
-0.06169
0.035066
0.048201
-0.043778
-0.043709
-0.046946
0.031154
-0.043592
0.0020646
0.13469
0.40949
-0.37063
-0.13933
0.03577
0.13618
0.0303
-0.08267
-0.086221
-0.045056
0.032712
0.032743
0.016218
0.012869
-0.046982
0.0098431
0.037053
0.1519
0.11901
0.0042014
0.13271
0.13239
0.45312
0.86172
-1.2043
-1.4502
-1.4501
-0.87262
-0.38983
0.047246
-0.57448
-0.45016
-0.24757
0.67628
0.67468
0.88415
2.3736
0.21146
0.1566
-0.1708
-0.077634
0.02741
0.027403
0.022759
-0.0028342
-0.075673
-0.097122
-0.058589
-0.059055
-0.15332
-0.021031
-0.011284
0.076573
-0.067752
-0.068541
0.12271
0.11883
-0.014132
0.19936
0.026868
-0.034856
-0.032231
-0.065072
-0.012629
0.026245
0.026313
0.010945
0.015021
-0.022387
-0.012996
-0.0031463
-0.024738
-0.011513
-0.011322
-0.0908
-0.012885
-0.025271
0.3539
0.13182
-0.33982
-0.33838
-0.18961
-0.017501
0.063521
-0.02854
-0.028456
-0.10788
-0.00070418
0.040493
0.048057
-0.050106
-0.019518
0.02897
0.11311
0.11291
0.029123
0.055869
0.090371
0.89302
0.8929
-1.0214
-0.26422
-0.64086
-1.0463
-0.44938
-0.44913
-0.29914
-0.1044
0.52507
0.10863
-0.29539
-0.31347
0.1887
1.3834
1.3832
0.99677
0.34169
-0.11627
0.086503
0.086847
-0.10102
-0.0017828
0.051525
0.031966
0.0020317
-0.21649
-0.1064
-0.10574
0.11138
-0.050483
-0.037287
0.17571
0.17512
0.031134
0.23907
0.31921
-0.065689
-0.065674
-0.04299
-0.024072
0.022997
0.023004
0.041106
-0.0052929
0.038851
-0.01581
-0.016344
-0.048723
-0.048717
0.027334
-0.032141
-0.032084
-0.094777
0.010116
0.036302
0.0024484
0.0022767
0.062148
0.27057
0.25151
-0.25453
-0.2383
-0.23834
-0.030528
-0.0052375
-0.0022217
-0.11786
-0.11807
-0.023498
0.012388
0.026578
-0.020645
-0.023426
0.17413
-0.010252
-0.010499
0.080681
0.14898
0.1454
0.69881
-0.8427
-0.84218
-0.54365
-0.55194
-0.42094
0.013813
-0.24794
0.41687
-0.25968
-0.68869
0.193
0.41732
2.8549
-0.066688
0.71583
-0.15706
0.077982
-0.071534
-0.071592
-0.0051883
-0.011933
0.039049
-0.0040921
0.014583
-0.051516
-0.051513
-0.1048
-0.17276
0.11782
-0.098446
0.03956
-0.043999
0.46622
0.474
0.13977
-0.099584
-0.011832
-0.046663
-0.046638
-0.070482
-0.031552
0.026192
0.0079867
0.038358
0.038475
-0.014576
-0.029011
-0.035479
-0.028988
-0.033156
0.0092164
0.01139
-0.0055527
-0.013854
0.046783
0.11409
0.14942
-0.049193
-0.17339
-0.04981
0.037023
0.0068843
-0.0033547
-0.03234
-0.029033
-0.0097414
0.019667
0.0195
0.02334
-0.0073195
-0.015524
0.0053783
0.0053765
0.18384
0.11004
0.10969
0.0062149
0.78841
-0.50917
-0.67652
-0.21279
-1.0919
-0.34872
0.015499
0.014219
0.67845
-0.05034
0.028019
0.030857
0.028983
-0.6883
-0.37877
-0.43922
1.6012
1.3125
-0.41236
-0.41245
0.14169
0.014886
0.05199
-0.0038382
-0.0034292
-0.11736
0.0057532
-0.047858
-0.047895
-0.011291
0.047475
0.28894
0.20995
0.21108
-0.21241
-0.0029728
-0.014422
-0.030493
-0.073646
-0.053265
-0.074705
0.022928
0.045224
0.021755
0.021772
0.031545
-0.0040324
0.011861
-0.027539
0.0097262
0.0097914
-0.052746
0.021135
0.021271
0.035749
0.012859
-0.035228
-0.0077157
0.095723
0.34224
-0.0045561
-0.33503
-0.064571
-0.0026064
-0.0026632
-0.015665
0.0080119
0.0080123
0.024916
-0.017792
0.023161
0.023149
0.15239
0.11325
0.13723
0.044019
0.74318
0.13572
-0.83339
-0.91962
-1.0907
-1.4374
0.10565
-0.47661
0.35427
0.302
0.031328
-0.58417
-0.23577
-0.54149
0.3305
0.39504
1.7904
-0.28886
-0.28639
0.18284
-0.067314
0.00043933
0.015576
0.015462
0.019049
0.0033351
0.024603
0.018236
0.006161
0.0059062
0.000432
0.19889
0.12487
0.14704
-0.12289
-0.013363
-0.02315
-0.073409
-0.071886
-0.071262
-0.07124
-0.046433
0.01517
0.053738
0.040076
0.018676
0.014471
-0.030649
-0.047667
-0.0039924
-0.0039647
0.001656
-0.047271
0.016388
0.016615
0.025436
-0.022406
0.009885
0.085496
0.18517
0.1849
0.045609
-0.14919
0.037052
0.036343
0.036177
-0.035919
-0.025726
0.0095427
0.0095149
0.038624
0.031648
-0.0087066
-0.023823
-0.023149
0.043933
0.1551
0.16477
0.098664
0.018117
0.67238
-0.82279
-0.40506
-0.70064
-0.69947
-0.48552
0.3622
0.18718
0.34663
0.34428
-0.34562
-0.056258
0.30604
1.8453
0.11863
-0.13276
-0.13295
0.0065099
0.0017724
0.0027761
0.01186
0.01182
-0.0093879
0.020656
-0.0055444
-0.007711
-0.059984
-0.11899
-0.042999
-0.01752
-0.11904
-0.11897
0.17014
0.11929
0.21665
-0.10087
-0.051615
0.008066
0.0080831
-0.046442
-0.040604
-0.07185
-0.071847
-0.0014324
0.072334
0.0087278
0.01172
0.01174
0.026874
-0.041315
-0.0034487
-0.0033916
-0.0044497
-0.056609
-4.245e-05
0.040668
0.0098943
-0.030199
0.065244
0.20244
-0.012647
0.025759
0.070534
0.07053
-0.048882
-0.00023577
-0.00023379
0.014705
0.022788
-0.016167
-0.021118
0.0035318
0.13778
0.070737
0.12132
0.12661
0.12655
0.26543
0.76301
-1.0427
-0.60192
-0.82067
-1.1436
-0.66608
-0.49935
1.0835
1.0847
-0.022091
-0.26321
-0.85413
-0.11624
0.045828
0.40961
2.7213
0.10227
0.094673
-0.1063
-0.043543
0.066445
-0.036068
-0.011301
-0.011272
0.011733
0.039576
-0.033944
-0.15325
-0.18424
-0.054962
0.13463
0.13685
0.0041555
0.036751
0.3536
-0.063615
-0.0080268
-0.010243
-0.056805
-0.071548
-0.0042665
0.081934
0.081979
0.058797
0.022981
-0.0072932
-0.0062427
0.0012243
-0.02049
-0.048565
-0.019977
0.003774
-0.027563
-0.057216
0.007889
0.0063461
-0.026705
0.020831
0.094908
0.094687
0.23584
-0.030618
-0.24392
-0.038727
0.025661
0.058801
-0.0063103
-0.034339
-0.034415
-0.034429
-0.013005
-0.016952
-0.0057199
0.031758
0.031859
0.13454
1.0794
-0.76979
-0.27564
-1.3784
-0.83637
-1.1034
-0.61792
0.32544
-0.35701
0.74052
-0.23822
-0.18733
-0.32473
-0.53491
0.50437
0.64966
1.7728
0.93701
-0.0084937
-0.0055721
-0.033628
0.016522
-0.026743
0.024561
0.014705
-4.4939e-06
0.005577
0.01294
0.0090232
0.0088881
-0.14021
0.062761
-0.027898
-0.028131
-0.1531
0.084197
0.21143
-0.080465
-0.081008
0.027719
-0.026578
-0.054656
-0.028352
-0.028261
-0.036384
0.023731
0.017131
0.029293
-0.036476
0.0016843
0.0017034
-0.038999
-0.038919
0.029284
0.029437
0.019447
-0.034185
0.025196
0.14806
0.14804
-0.085329
-0.26912
-0.063921
0.025978
0.025956
0.092571
0.00038585
-0.084663
-0.066806
-0.016229
0.02145
0.012635
-0.026572
-0.021378
0.063678
0.11026
0.06461
0.063319
0.062671
0.42712
-0.0054625
-0.63396
-0.45835
-0.82097
-0.77796
-0.77879
-0.39333
0.20671
0.083407
0.45359
0.034848
0.034048
-0.015931
-0.97827
0.011689
-0.30801
-0.076379
-0.028838
-0.046269
-0.046253
0.040937
0.033767
0.021936
-0.00059694
-0.0012796
-0.030953
-0.20102
-0.13255
0.20884
-0.072137
0.0087875
0.23528
-0.044303
-0.043626
-0.00036167
0.071505
-0.053844
-0.044971
-0.07402
-0.076079
-0.076102
-0.057245
0.0091851
0.079978
0.043944
0.01323
0.012613
-0.021029
-0.073034
-0.018016
-0.0064518
-0.043304
-0.04671
-0.046811
0.0066703
0.032568
-0.032567
0.0028123
0.10215
0.10183
0.34693
0.010702
-0.15708
0.043074
0.043099
0.04104
-0.021145
-0.032611
-0.013963
0.0010447
0.001021
-0.0022799
-0.0093624
0.17982
0.029312
0.13136
0.1312
0.55029
-0.062123
-0.89862
-0.20006
-1.1473
-0.31682
-0.90497
-0.28582
0.049207
0.47033
0.19057
-0.53686
0.0070991
-0.51491
-0.51678
-0.36586
0.72896
2.8657
-0.44079
-0.44093
0.0058048
-0.054941
0.053267
-0.0232
-0.0065091
-0.0065061
-0.00086487
-0.011262
-0.011495
-0.023309
-0.14751
-0.16077
-0.070384
-0.069387
0.093205
0.10745
0.1537
0.27661
-0.037829
-0.037823
-0.10432
-0.047933
-0.062381
-0.062351
-0.045854
-0.011225
0.034584
0.013549
0.013534
0.026094
-0.026208
0.001227
0.0012667
-0.049099
-0.0015304
0.038652
0.038756
0.022446
-0.034746
0.10413
0.3049
0.010994
0.010998
-0.15533
-0.0052268
0.040761
-0.0046182
-0.013013
-0.026647
-0.028511
0.00652
0.0046193
0.0046123
0.00214
0.02093
0.15215
0.1381
0.15202
0.14993
0.14989
0.34487
0.72007
-0.36469
-0.98694
-0.98804
-0.84703
-0.60646
-0.15016
-0.15862
0.36441
0.36677
-0.021053
-0.60693
-0.20119
-0.34762
-0.34494
0.32263
2.876
-0.5073
0.037478
0.036548
0.035439
0.019404
0.011117
0.03065
-0.037282
-0.096815
-0.16473
-0.10061
-0.006681
0.15515
-0.14002
0.13755
-0.043903
0.061829
0.22593
0.22491
-0.0080855
-0.078404
-0.066547
-0.055401
-0.021189
0.0015763
0.0015782
0.024851
0.022765
0.0038788
-0.0048638
-0.0048809
0.0030627
-0.0151
-0.012981
-0.012922
0.026706
0.021662
0.02197
-0.025352
0.05811
0.14033
0.19376
0.19358
-0.16649
-0.15778
-0.027182
0.034902
0.029383
-0.02088
-0.020844
-0.041325
-0.014974
0.018828
0.018837
-0.017921
0.066596
0.066359
0.074682
0.08286
0.082828
-0.89858
-0.0044751
-0.97543
-0.23719
-0.61986
0.44983
0.47643
0.1483
-0.2328
-0.11462
-0.40777
-0.03848
0.21603
0.21872
1.5001
1.6899
-0.54599
0.025313
0.025496
0.0068489
-0.037356
0.035204
-0.0051853
0.00094954
0.0009285
0.038447
-0.093969
-0.09167
-0.092964
0.079254
0.077821
0.057422
0.091025
0.091189
0.17675
-0.092812
0.0004271
0.00044578
-0.05034
-0.058633
-0.068511
-0.038682
0.0084499
0.0084428
0.031198
0.024687
-0.038785
-0.029836
-0.0003166
-0.016031
-0.015698
-0.0026695
0.017119
0.025299
-0.044499
-0.044307
0.025012
0.26641
-0.17147
-0.27478
-0.014418
0.044042
0.10973
-0.023187
-0.084665
-0.05834
-0.02513
0.004361
0.057822
0.0059984
0.006
-0.047983
0.093527
-0.004798
-0.0049123
0.20797
0.14874
0.045675
-0.69241
-0.69221
-0.17791
-0.60437
-0.3628
-0.63127
-0.63309
-0.53092
0.39757
0.028468
-0.14856
-0.41519
-0.41651
-0.12907
0.24961
0.6239
0.10207
-0.10682
-0.084957
0.018836
0.018855
0.020473
-0.015831
0.00010057
0.014034
-0.071463
-0.14311
0.0015488
0.0036255
-0.16253
0.22987
0.20682
0.20452
-0.07733
0.090285
0.030269
-0.00093335
-0.037624
-0.037569
-0.036466
-0.045846
-0.047581
-0.00065613
0.019039
0.022778
0.021352
0.0030797
-0.0047542
-0.040263
-0.01975
-0.0025145
-0.027564
0.026957
0.038042
-0.0098671
-0.028158
0.077449
0.077457
0.16644
0.16664
-0.041622
-0.041815
0.026379
0.037093
-0.035413
-0.035508
-0.0011954
0.023538
-0.010014
-0.0099668
-0.022363
0.073797
0.11158
0.11149
0.042339
-0.044056
-0.36462
-0.36501
-0.53558
-0.64572
-1.4126
0.22504
-0.26232
-0.26365
0.42814
0.41155
0.16615
-0.51821
-0.14745
-0.14705
-0.36993
-0.84598
0.3469
1.5683
1.3003
0.18434
0.013717
-0.15053
-0.15048
0.078528
0.058001
0.011466
0.022051
-0.0072325
-0.0078473
-0.10584
-0.17772
-0.10571
0.25378
0.25971
-0.050155
0.33456
0.14525
-0.083386
0.10379
-0.08302
0.035239
-0.049901
-0.068107
-0.075064
-0.044621
0.030566
-0.0291
-0.072152
-0.072101
-0.05349
0.025508
0.00035204
-0.020006
0.01609
0.035802
-0.028189
0.001189
0.12009
0.1199
0.29238
0.008039
-0.23422
-0.14029
-0.0037203
-0.0036591
0.060374
0.058501
-0.065427
-0.024728
-0.044726
-0.044734
0.0077656
0.0090619
-0.011741
-0.011761
0.017687
0.19465
0.15584
0.15563
0.099473
0.59358
0.3919
-0.47197
-0.56286
-0.5589
-1.5377
-0.42415
-0.56841
0.24415
0.24316
-0.55202
-0.006469
-0.66926
-0.66803
0.38522
2.3328
0.22555
0.22634
-0.10686
0.043157
2.8762e-05
-0.03024
-0.014186
0.022371
-0.0022741
0.009063
0.017372
-0.035947
-0.11334
-0.041727
-0.012053
-0.11067
0.079618
-0.01964
0.30834
-0.16029
0.12206
0.0030119
-0.032109
-0.048806
-0.047652
-0.064238
-0.002085
0.024442
0.024461
0.028636
-0.0043361
-0.0015569
0.0073794
-0.017752
-0.017674
-0.040882
-0.002431
-0.050252
-0.037757
0.0039737
-0.011783
0.016717
0.077133
0.20371
0.10955
-0.22126
-0.11513
-0.010556
-0.010574
0.065398
0.049503
-0.018044
-0.095155
-0.0061167
0.032931
0.0329
0.048215
-0.021954
-0.050864
0.024687
0.1763
0.053015
0.63512
-1
0.16389
-0.99844
-1.0011
-0.10482
-0.22199
0.23571
0.68954
-0.086563
-0.12941
-0.36537
-0.37165
-0.96377
0.65743
0.21746
0.21853
-0.082078
-0.077282
-0.077221
-0.021557
0.026466
0.016983
0.0070724
-0.0018369
-0.0018979
-0.095324
-0.2472
-0.26804
-0.14004
0.18247
0.054228
0.13785
0.13913
-0.0008164
0.26967
0.12999
-0.14766
0.073976
-0.021457
-0.055597
-0.075048
-0.025883
0.011533
0.021483
0.033904
0.00012105
0.011561
0.011775
-0.025602
-0.041719
-0.024711
-0.030651
0.012832
-0.016766
-0.0097744
0.31095
0.12651
-0.29974
-0.29767
-0.15534
-0.016191
0.092573
-0.053058
-0.05295
-0.074954
-0.03772
-0.01519
0.030962
-0.018323
-0.018308
-0.015481
0.0067162
0.10657
0.12587
0.013932
0.079738
0.11881
0.11842
0.76069
-0.34006
-0.31742
-0.34619
-0.34636
-0.31565
-0.10188
0.3641
-0.24346
-0.24259
-0.15794
-0.67323
-0.22488
0.15098
0.33999
0.34154
1.5563
0.033859
0.00039595
0.0003911
-0.029973
-0.075785
0.038682
0.047542
0.00083494
0.00082235
0.018355
-0.071641
-0.097494
-0.078786
0.034413
-0.041219
0.080386
0.22876
0.2291
0.051519
-0.013155
-0.013057
-0.0437
-0.057022
-0.015922
0.0095303
0.009524
0.028116
0.013828
-0.0016372
-0.0051794
0.011274
-0.029764
-0.04391
-0.043884
-0.026104
0.019305
-0.012825
-0.016634
-0.016659
0.031135
0.18768
0.18791
-0.15232
-0.19629
-0.19634
-0.017529
0.019926
0.0084388
-0.074026
-0.073907
-0.0042543
0.012459
0.022368
0.0054487
-0.030665
0.00012795
0.10977
0.16121
0.039241
0.039055
0.02002
0.033028
0.49742
-0.23322
-0.23543
-0.78028
-0.6534
-0.65977
-0.53912
0.33579
0.3807
0.24922
-0.070585
-0.4809
-0.19065
-1.015
-0.40995
0.58095
2.0808
2.073
1.2788
-0.32814
0.13827
-0.071179
0.031451
-0.0096463
0.018993
-0.16342
-0.30242
0.098432
0.098058
0.14281
0.19197
-0.013423
-0.12712
-0.12719
0.12833
-0.028145
0.035975
-0.037696
-0.037627
-0.063663
-0.065519
-0.029022
0.011947
0.017564
0.02112
0.010721
0.0030022
0.0030041
-0.055158
-0.05484
-0.023837
0.017526
-0.038323
0.010594
0.031868
0.0047137
-0.019651
0.026184
0.17373
0.26605
-0.15311
-0.074464
-0.074478
0.032709
0.02331
0.0044972
-0.023338
-0.029681
-0.029688
-0.0022534
0.014013
-0.0047032
-0.0069918
-0.0069816
0.00011603
0.017431
0.13624
0.005782
0.0058067
0.15216
0.37388
0.016294
-0.43446
-0.42914
-0.66822
-0.65458
-0.72423
-0.1593
0.45058
-0.055101
0.77006
5.0097e-05
-0.42067
-0.57107
0.056108
-0.25662
0.5675
1.6584
1.6635
0.2811
-0.081775
-0.0091335
-0.041228
-0.041247
-0.0026156
-0.048009
-0.12773
-0.11231
-0.016196
0.0094129
0.079186
0.0020336
0.2656
0.048199
-0.1584
0.039675
-0.0088202
-0.053987
-0.080874
-0.080924
-0.054977
-0.020266
0.027697
0.062977
0.042529
-0.012693
0.0015519
-0.027335
-0.0046736
-0.018844
-0.024603
-0.057803
-0.06216
0.0056689
0.013649
0.0045008
-0.0068004
0.043507
0.043366
0.14188
0.084565
-0.1166
0.0041471
0.0041288
0.033655
0.0098186
-0.040272
-0.028254
-0.0013021
-0.001348
0.0076707
0.021204
0.021544
-0.015348
-0.031584
-0.031731
0.17731
-0.0066993
0.15565
0.155
0.84599
-0.55816
-0.37838
-0.37549
-0.718
-0.71692
-0.5617
0.12206
0.12256
0.45467
0.10951
-0.22596
0.0021629
-0.42197
-0.42768
-0.47225
0.6474
2.6704
0.078363
-0.05583
0.0010386
0.020449
0.0055651
0.0077797
0.010535
0.010064
-0.21855
0.0081078
0.16692
0.026667
0.026526
0.0063446
-0.037669
0.22453
0.22154
-0.023997
-0.024489
-0.062845
-0.052177
-0.064116
-0.064045
0.042057
0.014688
0.066363
0.0046857
0.0047331
0.00095743
-0.027208
-0.025129
-0.018196
0.014141
0.014124
-0.07274
0.0055528
0.032321
0.032615
0.042803
0.15067
0.16364
0.16351
-0.096525
-0.179
-0.032888
0.073407
0.036606
0.036557
-0.0050614
-0.055712
-0.0034741
0.034664
0.034538
-0.00072764
-0.026496
-0.004007
0.095511
0.11781
0.043472
0.1113
0.061468
0.10633
0.92332
-0.21987
-0.47854
-0.79987
-1.2777
-1.2724
-0.66175
0.2224
0.35941
0.4456
-0.15557
-0.17752
-0.2791
-1.0125
0.48024
0.48122
-0.27391
2.4155
-0.085833
-0.031371
-0.031486
0.037122
-0.003976
0.011841
0.011758
0.044509
0.0024847
-0.04111
-0.076135
-0.14647
-0.14607
-0.04061
0.053799
-0.010603
0.06411
0.064237
0.079261
0.17651
-0.13126
0.14938
0.14931
-0.041021
-0.023926
-0.049347
-0.052246
-0.040135
0.0055226
0.025618
0.02493
0.0091556
0.029198
0.029184
0.0084123
-0.019716
-0.024112
-0.012152
-0.050373
0.026005
0.026256
-0.021028
-0.0074166
0.072073
0.16574
0.11767
-0.1699
-0.16878
0.074391
0.074542
-0.016006
-0.093734
0.027139
0.025272
0.025259
-0.029785
0.058993
0.058968
0.17941
0.089322
0.096685
-0.027711
0.0233
0.54182
0.45552
-0.60415
-0.73445
-0.72376
-0.53227
-0.088007
-0.51471
0.65128
0.66083
-0.062594
-0.48579
-0.2125
-0.067312
-0.066407
0.053134
1.5329
1.0498
0.16418
0.16435
-0.037919
-0.074584
-0.079683
0.031995
0.032002
0.037151
0.015639
-0.1282
-0.10528
-0.18218
0.043706
0.098442
0.10188
0.10488
0.086379
-0.038445
0.17527
0.17475
0.023482
-0.027998
-0.013337
-0.035551
-0.023259
-0.020599
0.0221
0.018453
0.018605
0.0014178
-0.022341
-0.016366
-0.023471
-0.023363
-0.026855
0.0029095
0.03435
0.03309
0.0063469
-0.023863
0.021789
0.31158
-0.16797
-0.16608
-0.31625
-0.046095
0.0043172
0.028513
0.028577
-0.046818
-0.067069
-0.0077985
0.027119
0.027046
0.042643
-0.02556
-0.01506
0.021278
0.1617
0.087896
0.21537
0.29675
-0.59784
-0.57662
-0.84704
-0.86156
-0.86359
-0.45668
0.59231
0.77538
0.28966
-0.25608
-0.15417
-0.76704
-1.1177
0.50524
0.91716
0.6904
-0.13545
0.024279
-0.045381
-0.03215
0.061913
-0.072133
0.020011
0.070914
0.025178
0.03125
-0.046747
-0.081749
-0.026
0.1545
0.20699
0.24953
0.24756
0.17602
0.040462
0.034695
0.052471
-0.077059
-0.13603
-0.20002
-0.15962
-0.10946
-0.12569
-0.060141
-0.083901
-0.027154
-0.0032602
-0.0024333
-0.010753
-0.012235
-0.0083939
0.015524
0.025533
0.016254
0.0054263
1.6283e-05
-0.0064214
-0.015044
-0.016592
-0.002654
0.01131
-0.0056338
0.00058781
-0.029491
-0.02051
-0.029768
-0.0062067
0.0020925
0.0096334
0.0033654
0.0058852
0.0090962
0.0089696
0.011328
0.0083374
0.0404
0.11959
0.11684
0.043298
0.1552
0.54289
0.231
-0.40214
-0.23888
0.91633
1.8959
1.2133
1.0267
0.98816
0.63119
0.27219
0.054705
-0.56036
0.095005
-0.83625
-1.1493
-1.1069
-1.7919
-1.5672
-0.77046
-0.081528
-0.061002
0.0412
0.1061
0.058764
0.00058653
-0.015386
-0.095018
-0.10362
0.049437
0.034125
0.070351
0.020096
0.0077136
-0.020128
0.072382
0.052271
0.016182
-0.14592
-0.071896
-0.1088
-0.10873
-0.064939
-0.026409
-0.030975
-0.0078371
0.0059108
0.026632
0.026643
0.016946
0.017191
-0.012486
0.00024571
-0.012397
-0.0625
-0.02475
0.013794
0.023492
0.028995
0.029064
-0.006617
-0.021619
0.2968
0.29644
-0.074835
-0.074705
0.038657
0.0025879
-0.012535
-0.01252
-0.031952
-0.0096335
-0.0062775
0.010609
0.069382
0.051118
-0.012124
-0.0078762
0.045695
0.045485
0.13416
-0.026646
0.028215
0.012265
0.25849
0.15728
-2.0948
-0.17341
-0.17428
-1.3038
-0.291
0.57237
0.52284
0.22181
0.22756
-0.048174
-0.49551
-0.16543
-0.20796
0.056936
0.91459
2.4067
0.24429
0.0023315
0.012999
0.0069616
-0.019195
-0.0063788
0.013987
0.012542
-0.0024191
-0.0039775
-0.17006
-0.19004
0.071387
0.13432
-0.049099
0.072725
0.075067
0.24024
0.078019
-0.036297
-0.048098
0.05621
-0.077098
0.050881
-0.079486
-0.072696
-0.072686
0.02252
0.061117
0.047684
0.016068
-0.0020128
-0.0018958
-0.041128
-0.0044034
0.0048407
0.014763
0.055979
-0.02814
-0.062918
-0.16303
-0.1618
0.019576
0.3545
0.50235
0.077295
0.074481
-0.36841
-0.18167
-0.079574
0.01708
0.016996
-0.051156
-0.048129
-0.095917
-0.040365
-0.022063
0.033006
0.062199
0.062299
0.015324
-0.017596
-0.00093317
-0.0054891
-0.056472
-0.04144
-0.016828
0.012695
0.0055043
0.010924
0.017981
0.037076
-0.00022703
0.032296
0.036974
0.03061
0.03065
0.035496
0.012133
-0.025234
-0.034966
-0.035018
-0.01907
-0.026496
-0.040695
-0.037056
-0.037058
-0.026315
-0.028116
-0.022692
-0.0028552
-0.0028551
0.014606
0.00064136
0.0014233
0.01135
-0.024814
0.0073136
0.0057883
0.014145
0.010856
0.010908
0.00016147
0.0087229
0.018728
-0.0004201
0.0064574
0.0081256
0.022819
0.0083945
-0.0039488
-0.017695
-0.0053055
-0.0038327
-0.012207
-0.012204
-0.01445
-0.0053389
-0.0077703
0.0076439
0.0053458
-0.00085404
1.7119e-05
-0.0078072
-0.0063044
0.0035383
-0.0042325
-0.0050169
0.0012243
0.01201
0.0065165
0.0065177
0.0098272
-0.0069772
-0.0024248
-0.0086291
0.0012939
0.0014378
-0.0023201
-0.0046441
0.002084
0.00065543
0.0006553
-0.001559
-0.0039679
-0.006974
0.008322
5.4003e-05
-0.0069328
-0.0023479
0.0013692
-0.0061816
-0.0023488
0.0029437
-0.00088917
0.00061366
0.0036895
0.0036864
-0.0016024
-0.0038932
-0.0038933
0.0021567
-0.00016592
-0.0016756
-0.0039613
-0.0032071
0.0014428
0.0029118
0.0029058
-0.0016244
-5.514e-05
0.0051533
-0.0023823
-0.0039179
0.0013166
2.818e-05
-0.00091757
-0.005421
-0.00014057
-5.2741e-05
0.0028648
0.00061683
-0.00018411
0.00049962
0.0021549
-0.00017931
-0.00088296
-0.0010047
-9.7495e-05
-0.00088294
0.0043535
0.0028134
-0.00083071
-0.0023781
-8.7858e-05
-0.0023319
0.00066442
-0.0007503
0.001579
4.3607e-05
0.0029334
-0.0010153
-0.0025121
0.0022344
0.00062072
-0.00092363
0.0043532
-0.00092967
0.0006928
-0.000192
-8.6429e-05
0.00081889
-0.00074774
-0.0030011
-0.0017166
-0.00097177
0.0035956
-0.0015759
-0.0022947
-0.00014466
-0.00010486
-0.0031665
0.00051685
0.0029869
-0.0022523
-0.00027992
-0.00092343
-0.0018098
0.00060815
-8.2348e-06
-0.0039222
-0.0025558
-0.0009128
0.00067241
0.00065089
0.00047035
-0.0025013
-0.00027008
-0.00083857
-0.001719
-0.00023074
-0.0030408
0.0021363
-0.0010836
-0.0016245
0.0013609
-0.0016657
-0.00083731
-0.00093371
-0.0025045
0.0028356
-0.00079483
-0.00098904
-0.0001491
-0.0032435
-0.00020585
-0.0017299
-0.00012326
-0.00020602
-0.0017566
-0.0024605
-0.00012329
-0.0015394
-0.00312
-0.0038629
0.00068965
-0.002321
-0.0025483
-0.0023347
-9.3134e-05
0.0006627
-0.0017187
-0.0032322
-0.0032609
-0.0032593
0.0012452
-0.00015158
-0.0023923
-0.00093548
-0.00013625
0.00057763
-0.0016363
-0.002486
-0.0016177
-3.7043e-05
-0.0025359
0.0013592
-0.0003078
0.00051791
-0.0017366
-0.00096267
-0.0023329
0.00047438
0.0022042
0.0030899
-0.0001539
-0.00085316
-0.00083447
-0.003134
-0.00021673
0.0013611
0.0012792
0.0012388
0.0012381
0.0011518
0.0014658
-0.0008144
-0.0008143
0.0014652
0.002082
-0.003341
-0.00087589
-0.00083281
0.0021135
-0.00091349
0.0028377
0.00062093
-0.00013699
-0.00022453
-0.00095949
-0.0022884
0.0014033
0.0014455
0.0013399
0.000495
0.0019132
0.0013614
-0.00020101
0.0012571
0.0035966
-0.0030873
0.00083823
-0.0010221
0.001384
-0.0008741
0.00073146
0.00066602
-0.0024141
-0.00089669
-0.0016541
0.00058184
-0.0016568
0.0014034
0.0021155
0.001295
0.0014458
-0.0017863
0.00049168
-0.0010895
-0.003886
-0.0024131
-0.00022094
-0.00013647
-0.00013621
0.00066713
-0.00011122
0.00069377
0.00154
0.00068281
0.0087867
-0.011015
0.00945
-0.005331
-0.0015391
0.0041857
-0.00013752
-0.0054228
0.0012641
0.0012192
-0.00011177
0.001981
-0.0011677
-0.00075841
-0.00081783
0.00071027
0.0019107
0.0014455
0.00068293
0.0023074
0.0015869
-0.00075794
0.0014164
0.0030138
0.0014445
