-0.015941
-0.014294
-0.0057669
0.008089
0.022913
0.03021
0.027361
0.026132
0.025482
0.027725
0.031292
0.034211
0.030228
0.024069
0.017124
0.007865
-0.0020453
-0.0083534
-0.011457
-0.014914
-0.020455
-0.029364
-0.039713
-0.047097
-0.051111
-0.049701
-0.038725
-0.026717
-0.026002
-0.029459
-0.021149
-0.020223
-0.030845
-0.036188
-0.038753
-0.034695
-0.024445
-0.0066213
0.015255
0.036184
0.057172
0.089408
0.14339
0.2094
0.25641
0.31823
0.35813
0.28118
0.098553
-0.078763
-0.2012
-0.25342
-0.24914
-0.19834
-0.13618
-0.096003
-0.077954
-0.07143
-0.070363
-0.064392
-0.05094
-0.038273
-0.028962
-0.024369
-0.015819
-0.031783
-0.036609
-0.026722
-0.02163
-0.017727
-0.0098278
0.00045899
0.011734
0.019181
0.021926
0.021036
0.018506
0.012218
0.0080298
0.0057696
0.0071314
0.013136
0.024677
0.037438
0.03409
0.019117
0.0031335
-0.013322
-0.031839
-0.051941
-0.064021
-0.05898
-0.042704
-0.02688
-0.018744
-0.0075371
-0.0049208
-0.0064818
-0.0023881
0.0046556
0.0097005
0.0095987
0.013198
-0.0010707
-0.0049143
0.0049491
0.020311
0.040251
0.056451
0.079335
0.12968
0.19284
0.23584
0.25692
0.25843
0.23194
0.18757
0.12863
-0.019131
-0.24389
-0.3631
-0.31099
-0.20915
-0.13074
-0.090063
-0.074185
-0.064693
-0.055194
-0.042424
-0.028365
-0.025637
-0.024062
-0.026737
-0.029328
-0.028934
-0.028488
-0.027008
-0.018668
-0.025475
-0.017661
-0.0046257
0.01231
0.022953
0.025527
0.022375
0.016627
0.014139
0.0094173
0.0081816
0.0089349
0.013898
0.020314
0.025062
0.025778
0.022995
0.017487
0.010421
0.0046372
0.0019421
-0.021642
-0.0692
-0.091604
-0.074701
-0.048019
-0.025717
-0.010821
-0.0036577
-0.004851
-0.0048316
-0.00059948
0.0023891
0.0025231
-0.0036911
-0.010343
-0.012942
-0.016946
-0.021349
-0.02156
0.021774
0.097325
0.18177
0.2336
0.26711
0.27591
0.25822
0.22451
0.19173
0.14689
0.077445
-0.011214
-0.099858
-0.1736
-0.22328
-0.24363
-0.23612
-0.191
-0.13805
-0.12251
-0.14498
-0.13896
-0.088513
-0.051636
-0.034884
-0.02849
-0.02748
-0.029088
-0.028357
-0.025071
-0.021397
-0.020719
-0.017562
-0.016711
-0.012602
-0.0058091
0.0032969
0.022704
0.032587
0.034606
0.027426
0.023089
0.020604
0.022513
0.025317
0.025076
0.01948
0.0099698
0.0031983
-0.00057399
-0.0053449
-0.01019
-0.018183
-0.032963
-0.048802
-0.054773
-0.048555
-0.035384
-0.024519
-0.013046
-0.010971
-0.011922
-0.0059645
-0.00037366
0.0013304
-0.0023528
-0.0085423
-0.013999
-0.010734
-0.012037
0.00031589
0.023713
0.042426
0.075473
0.13914
0.20283
0.23726
0.25141
0.25521
0.23832
0.19655
0.13863
0.072266
0.0016728
-0.079019
-0.16192
-0.23012
-0.26379
-0.24114
-0.17923
-0.12608
-0.09905
-0.09131
-0.087786
-0.082329
-0.068026
-0.052281
-0.037137
-0.029466
-0.026537
-0.030856
-0.03253
-0.029873
-0.027395
-0.027893
-0.023953
-0.019897
-0.017905
-0.01694
-0.017003
0.0026379
0.025719
0.035222
0.030357
0.01744
0.0074727
0.0032547
0.0054373
0.011532
0.021633
0.032582
0.034398
0.028786
0.019272
0.0096105
0.0032327
0.001528
-0.00046825
-0.007526
-0.018768
-0.035284
-0.052238
-0.060835
-0.056359
-0.042648
-0.027875
-0.016896
-0.0088492
-0.0068502
-0.0056152
-0.0027014
-0.0016421
-0.0074744
-0.011929
-0.012444
-0.016514
-0.023834
-0.026892
-0.02034
-0.0028699
0.015993
0.029857
0.04534
0.08326
0.15034
0.21011
0.24608
0.26055
0.25055
0.2061
0.11225
-0.026067
-0.15757
-0.22889
-0.2409
-0.20425
-0.14974
-0.10737
-0.088378
-0.080855
-0.073762
-0.063777
-0.048093
-0.037206
-0.027044
-0.023758
-0.022385
-0.021847
-0.023209
-0.023721
-0.024343
-0.018008
-0.010461
-0.006765
-0.009615
-0.012956
-0.0089485
0.0015032
0.013458
0.020413
0.020522
0.016952
0.015117
0.012795
0.01021
0.0082451
0.0093908
0.012089
0.019879
0.028983
0.031887
0.030335
0.023382
0.0125
0.0026735
-0.0034805
-0.0062847
-0.0090918
-0.018559
-0.045727
-0.080989
-0.079652
-0.056493
-0.025987
-0.0098717
0.00055089
0.003189
0.00032145
-0.0048774
-0.0097121
-0.012268
-0.013748
-0.017264
-0.018749
-0.011771
0.0030763
0.020569
0.033332
0.047763
0.083208
0.14261
0.20403
0.23972
0.25732
0.25931
0.23404
0.18967
0.13438
0.069575
-0.009519
-0.097906
-0.17611
-0.22653
-0.24446
-0.22815
-0.18084
-0.13203
-0.12117
-0.14974
-0.14557
-0.091646
-0.053537
-0.03429
-0.028171
-0.026323
-0.025523
-0.024841
-0.024202
-0.020941
-0.018625
-0.016332
-0.014038
-0.008223
-0.00083208
0.01134
0.022011
0.024184
0.020352
0.015947
0.0091331
0.0046728
0.0029966
0.0069415
0.013615
0.021006
0.028841
0.033315
0.029807
0.020961
0.012084
0.0049912
0.00016798
-0.0046356
-0.010593
-0.02012
-0.035727
-0.05189
-0.062148
-0.064164
-0.045748
-0.024435
-0.010383
-0.00043096
-0.0013901
-0.0071425
-0.011441
-0.015999
-0.017396
-0.018815
-0.018878
-0.012806
0.003777
0.020609
0.031589
0.048034
0.082414
0.13976
0.20127
0.24395
0.2595
0.25398
0.2316
0.19319
0.13778
0.068631
-0.008091
-0.092664
-0.17275
-0.22721
-0.24786
-0.23741
-0.19397
-0.14269
-0.12338
-0.14236
-0.13089
-0.087896
-0.048204
-0.02819
-0.019916
-0.021624
-0.023416
-0.02482
-0.023639
-0.018432
-0.014803
-0.012063
-0.010798
-0.0089347
-0.0058836
0.0016786
0.013724
0.024067
0.025467
0.020981
0.016855
0.011757
0.0049336
0.001449
0.0056656
0.012684
0.022398
0.028615
0.031758
0.031023
0.024633
0.013798
0.0046438
-0.00071444
-0.0035587
-0.008967
-0.01989
-0.042693
-0.074729
-0.076953
-0.053795
-0.028505
-0.013434
-0.0025959
0.0013474
-0.0018926
-0.009121
-0.012728
-0.014984
-0.021242
-0.028244
-0.028714
-0.018053
0.00066778
0.020892
0.035794
0.04916
0.088143
0.15216
0.2141
0.2454
0.24849
0.238
0.2225
0.18995
0.13381
0.067393
-0.0017977
-0.074522
-0.15373
-0.2225
-0.25481
-0.24497
-0.2237
-0.23648
-0.21026
-0.13711
-0.069682
-0.032618
-0.018225
-0.021414
-0.024672
-0.027281
-0.031636
-0.032006
-0.027445
-0.022248
-0.017951
-0.013095
-0.01191
-0.0090348
-0.00043294
0.010724
0.017085
0.018731
0.016998
0.014413
0.011019
0.007426
0.0050645
0.0085607
0.014166
0.021247
0.028456
0.032817
0.02888
0.019839
0.012878
0.0082732
0.0036537
-0.001244
-0.027106
-0.073459
-0.089541
-0.063983
-0.040834
-0.01376
-0.0009066
0.0018118
0.0043128
0.00094545
-0.0024147
-0.0085114
-0.013179
-0.014509
-0.015282
-0.019907
-0.022681
-0.016075
-0.0024468
0.010646
0.026171
0.050077
0.097672
0.15473
0.20434
0.24362
0.26711
0.26279
0.2327
0.18745
0.12926
0.061596
-0.013528
-0.092389
-0.16256
-0.21121
-0.24282
-0.24828
-0.20563
-0.14713
-0.10781
-0.096492
-0.095084
-0.088401
-0.070546
-0.055626
-0.062568
-0.058649
-0.045229
-0.034247
-0.025631
-0.019818
-0.016442
-0.016247
-0.017673
-0.012773
-0.00047694
0.012545
0.019979
0.021167
0.019874
0.016917
0.010813
0.0058885
0.0040116
0.0074251
0.014214
0.024456
0.032141
0.033758
0.030143
0.023412
0.016273
0.0081891
-0.00032952
-0.0057027
-0.027282
-0.069023
-0.084631
-0.065074
-0.041268
-0.024425
-0.012239
-0.0054574
0.00043878
0.0033678
0.0060861
0.0021107
-0.0056532
-0.014024
-0.016822
-0.017653
-0.020854
-0.021873
-0.014397
-0.00025585
0.016291
0.030041
0.051127
0.095568
0.16002
0.2091
0.23483
0.25025
0.24865
0.2226
0.18509
0.13757
0.070797
-0.012665
-0.099561
-0.17419
-0.21847
-0.23457
-0.23429
-0.19619
-0.13718
-0.10102
-0.093378
-0.10119
-0.11883
-0.095333
-0.066948
-0.041647
-0.028082
-0.022894
-0.018039
-0.018101
-0.01754
-0.016725
-0.012541
-0.0083099
-0.004752
0.0039407
0.014706
0.023614
0.026474
0.022114
0.01532
0.0092691
0.0047752
0.0037345
0.0065051
0.011729
0.018766
0.027184
0.03236
0.02908
0.020632
0.012251
0.0048552
-0.00048477
-0.0047076
-0.0096547
-0.016119
-0.030106
-0.048838
-0.058187
-0.052313
-0.043677
-0.026178
-0.0092069
-0.0016576
-0.00017466
-0.0062192
-0.0097879
-0.01404
-0.017628
-0.020926
-0.02254
-0.015808
-0.00033679
0.016855
0.030455
0.050507
0.093762
0.15333
0.20644
0.23647
0.2544
0.25868
0.23554
0.19004
0.13327
0.068153
-0.012911
-0.10033
-0.16887
-0.20934
-0.23153
-0.22957
-0.18776
-0.13203
-0.10043
-0.095054
-0.098857
-0.10323
-0.10024
-0.081689
-0.057738
-0.040468
-0.036918
-0.033464
-0.033195
-0.030443
-0.025356
-0.020549
-0.018438
-0.015489
-0.010609
-0.0036912
0.0064939
0.016068
0.020046
0.017753
0.013282
0.0076432
0.0022129
-0.00055425
0.0031636
0.0091284
0.016693
0.021377
0.024614
0.024572
0.019289
0.012056
-0.001251
-0.028064
-0.05187
-0.057835
-0.048904
-0.036113
-0.022431
-0.016159
-0.0070226
-0.003113
0.0015807
0.0028617
0.0026398
-0.0014731
-0.006643
-0.013307
-0.015356
-0.016387
-0.017587
-0.019081
-0.010808
0.0018771
0.018638
0.033245
0.050944
0.091089
0.14505
0.20174
0.24485
0.2604
0.25336
0.22783
0.18998
0.13756
0.073719
-0.00076398
-0.083718
-0.16481
-0.2242
-0.25059
-0.23785
-0.19259
-0.16493
-0.1855
-0.1705
-0.10754
-0.05375
-0.022873
-0.015216
-0.016162
-0.021584
-0.027097
-0.02463
-0.018652
-0.013954
-0.0085446
-0.0062686
-0.0056934
-0.0031176
0.0039297
0.016139
0.026356
0.028919
0.02301
0.016778
0.011833
0.0070769
0.0063423
0.0096731
0.017435
0.026093
0.031498
0.032252
0.028726
0.02134
0.013172
0.0066466
0.0024316
-0.0013024
-0.023474
-0.06364
-0.082318
-0.067234
-0.047966
-0.02461
-0.0109
-0.005564
-0.00096592
0.0005542
-0.00095473
-0.0067892
-0.014921
-0.021252
-0.022908
-0.024221
-0.025564
-0.023705
-0.014528
1.109e-05
0.018366
0.03156
0.043341
0.082346
0.14497
0.20581
0.24806
0.26003
0.24461
0.22202
0.19029
0.13712
0.068909
-0.0066976
-0.089175
-0.17062
-0.2272
-0.25035
-0.24475
-0.19952
-0.14279
-0.10252
-0.097455
-0.12492
-0.11949
-0.077168
-0.046822
-0.029908
-0.024656
-0.026473
-0.028075
-0.025032
-0.021752
-0.017407
-0.014701
-0.013176
-0.013101
-0.011119
-0.003393
0.010411
0.021986
0.02607
0.02223
0.017572
0.011101
0.0037151
0.0021775
0.0068235
0.012993
0.02138
0.028709
0.033033
0.031304
0.023394
0.013101
0.0049103
-0.0012772
-0.0066177
-0.011835
-0.020966
-0.037504
-0.058496
-0.076899
-0.06531
-0.037532
-0.013719
0.0026327
0.0059357
0.0017129
-0.0058615
-0.011888
-0.013641
-0.016574
-0.019054
-0.018089
-0.0084541
0.0080862
0.025367
0.036986
0.053423
0.096498
0.15078
0.20326
0.24158
0.25351
0.24919
0.23481
0.19885
0.13917
0.070089
-0.0028636
-0.083845
-0.16267
-0.22178
-0.25496
-0.25136
-0.20663
-0.17228
-0.1886
-0.17231
-0.10507
-0.052598
-0.027096
-0.020043
-0.018046
-0.019401
-0.019826
-0.021534
-0.019403
-0.016025
-0.013236
-0.0098827
-0.0083568
-0.0062203
-2.2412e-05
0.012508
0.024116
0.028599
0.025915
0.018993
0.010065
0.0042061
0.0048906
0.0095994
0.014946
0.024337
0.031667
0.032649
0.029276
0.021399
0.010827
0.00228
-0.0016595
-0.0019719
-0.0044216
-0.029477
-0.075173
-0.09092
-0.069788
-0.042741
-0.022956
-0.0088684
0.0035361
0.0071893
0.0048672
-0.00084804
-0.0082577
-0.014479
-0.017389
-0.017646
-0.019012
-0.019062
-0.01393
0.0013676
0.018009
0.032755
0.053651
0.094686
0.14624
0.20042
0.24262
0.26032
0.25639
0.23306
0.19427
0.13774
0.070379
-0.0025429
-0.08517
-0.169
-0.22875
-0.25171
-0.2449
-0.19782
-0.16564
-0.18541
-0.1672
-0.10845
-0.050488
-0.02045
-0.013989
-0.016228
-0.018676
-0.021268
-0.021622
-0.015953
-0.011686
-0.0086207
-0.0073664
-0.0077622
-0.0051167
0.0032319
0.014821
0.023733
0.027346
0.024414
0.018285
0.012271
0.0050763
0.0032553
0.007832
0.015106
0.022983
0.029393
0.032361
0.029181
0.02185
0.0089694
-0.011443
-0.03628
-0.053569
-0.057531
-0.050501
-0.036671
-0.02336
-0.014412
-0.0082776
-0.0042935
0.0012152
0.00494
0.005714
-0.00021433
-0.0055215
-0.0099785
-0.011673
-0.01409
-0.017264
-0.017733
-0.010489
0.0031241
0.018384
0.029911
0.046327
0.087621
0.14903
0.2068
0.24205
0.25714
0.25149
0.22903
0.19096
0.13398
0.063403
-0.013162
-0.093221
-0.16634
-0.21733
-0.23672
-0.23172
-0.19281
-0.14007
-0.12889
-0.16195
-0.15718
-0.10244
-0.054524
-0.030799
-0.022348
-0.020311
-0.021131
-0.021825
-0.022773
-0.02108
-0.013083
-0.0072964
-0.0037818
-0.0011588
0.0049181
0.016747
0.026013
0.028041
0.02492
0.019759
0.01279
0.0042746
0.0010182
0.0051315
0.012737
0.021384
0.028605
0.032862
0.032256
0.025409
0.015174
0.0067104
0.0020475
-0.002463
-0.0084324
-0.033303
-0.077437
-0.085293
-0.063
-0.035324
-0.015048
-0.0076139
-0.002035
0.00019586
0.0012314
-0.007447
-0.013753
-0.016488
-0.018447
-0.022222
-0.022079
-0.011296
0.002371
0.015775
0.026974
0.04803
0.092119
0.14997
0.20657
0.24128
0.25892
0.25682
0.23125
0.19015
0.13299
0.066702
-0.0075911
-0.088559
-0.16803
-0.22238
-0.23943
-0.23041
-0.19023
-0.13671
-0.12325
-0.15249
-0.14677
-0.094555
-0.050453
-0.03019
-0.020587
-0.016011
-0.016154
-0.014315
-0.013709
-0.015256
-0.011496
-0.010073
-0.010681
-0.0082872
6.3489e-05
0.013285
0.024567
0.028557
0.026784
0.021958
0.015601
0.0092221
0.0057908
0.007993
0.012705
0.021993
0.031433
0.037481
0.034985
0.026391
0.015868
0.0060724
1.2193e-05
-0.0030657
-0.0077644
-0.018874
-0.037032
-0.054135
-0.060035
-0.05275
-0.041843
-0.031638
-0.020088
-0.013006
0.003881
0.0018467
-0.0029154
-0.0085897
-0.012439
-0.018232
-0.019674
-0.01067
0.005755
0.021468
0.029001
0.045704
0.088397
0.14582
0.20146
0.24051
0.25222
0.24541
0.2313
0.19531
0.13314
0.064306
-0.0035534
-0.080358
-0.16288
-0.22132
-0.2461
-0.24165
-0.1976
-0.13974
-0.10539
-0.095551
-0.093129
-0.087728
-0.073914
-0.054923
-0.035023
-0.02415
-0.021298
-0.021961
-0.025865
-0.029548
-0.030983
-0.029173
-0.024954
-0.021364
-0.017447
-0.011074
-0.010111
0.011208
0.03692
0.048635
0.037983
0.021361
0.0086381
0.0062665
0.012881
0.024278
0.031026
0.031381
0.027157
0.019891
0.010556
0.0054135
0.004051
0.00062104
-0.0071262
-0.018284
-0.03388
-0.051285
-0.059823
-0.055845
-0.045207
-0.031859
-0.022167
-0.015283
-0.014078
-0.01031
-0.0093749
-0.0063436
-0.0060451
-0.013838
-0.016693
-0.017636
-0.018609
-0.020844
0.0051966
0.054615
0.12115
0.17959
0.22239
0.24955
0.25044
0.23743
0.22095
0.19168
0.14242
0.077405
0.0050166
-0.077006
-0.16624
-0.22984
-0.25156
-0.24237
-0.19754
-0.13921
-0.10019
-0.089549
-0.093453
-0.095664
-0.08116
-0.060217
-0.040309
-0.027568
-0.024852
-0.028746
-0.0319
-0.030074
-0.014111
-0.016311
-0.014762
-0.0058252
0.0079593
0.021235
0.030532
0.031896
0.026371
0.019348
0.012261
0.005668
0.0027009
0.0053865
0.013658
0.021863
0.027631
0.030142
0.029369
0.023121
0.013523
0.006969
0.0035653
-0.00048799
-0.0072714
-0.019146
-0.035354
-0.051434
-0.059385
-0.056759
-0.042591
-0.029804
-0.016776
-0.01029
-0.0091311
-0.0060819
0.0059616
0.0016844
-0.0053295
-0.014131
-0.017406
-0.011819
0.0015215
0.017414
0.029023
0.049941
0.097002
0.15428
0.20265
0.23997
0.26158
0.25661
0.22979
0.19342
0.14056
0.072587
-0.0051624
-0.089131
-0.16884
-0.22137
-0.24435
-0.24506
-0.20402
-0.14301
-0.10256
-0.093606
-0.096764
-0.095871
-0.078741
-0.055871
-0.038265
-0.024829
-0.021496
-0.024708
-0.027951
-0.028573
-0.029225
-0.027722
-0.011922
-0.0052535
0.0076328
0.021328
0.030612
0.030986
0.025796
0.021027
0.014984
0.0079638
0.004286
0.006421
0.017506
0.027988
0.032623
0.030264
0.025751
0.019658
0.01334
0.0087485
0.003453
-0.0025571
-0.0089306
-0.020518
-0.03719
-0.05107
-0.058056
-0.054382
-0.044012
-0.033207
-0.015452
-0.0040516
0.0028255
0.0021232
-0.0027036
-0.0096773
-0.015271
-0.018862
-0.022374
-0.023922
-0.014633
0.00086984
0.018613
0.033525
0.052882
0.093828
0.14738
0.1983
0.23891
0.2587
0.25324
0.23039
0.18908
0.13312
0.069053
-0.0038857
-0.083528
-0.16259
-0.21828
-0.24349
-0.24293
-0.19928
-0.13933
-0.10167
-0.092313
-0.095743
-0.097105
-0.082641
-0.060495
-0.03654
-0.021085
-0.017573
-0.016495
-0.030815
-0.038268
-0.028661
-0.016616
-0.0070945
-0.00012195
0.0077591
0.017315
0.023793
0.024047
0.021817
0.019038
0.015198
0.0098322
0.0079348
0.011083
0.015828
0.02156
0.028784
0.032474
0.029971
0.024054
0.016664
0.0087465
0.0034222
8.3283e-05
-0.0061107
-0.019352
-0.037807
-0.05268
-0.058718
-0.053257
-0.041021
-0.029079
-0.018471
-0.015375
-0.0098733
-0.0027972
-0.001172
-0.0014088
-0.0062084
-0.013772
-0.014732
-0.01195
-0.022819
-0.016229
0.0082348
0.02817
0.049144
0.096423
0.15713
0.20691
0.24156
0.25993
0.25299
0.22575
0.18817
0.13356
0.062661
-0.010825
-0.084673
-0.16362
-0.22408
-0.24417
-0.23838
-0.19975
-0.14657
-0.11223
-0.099664
-0.092988
-0.083336
-0.066756
-0.051046
-0.035456
-0.024968
-0.021993
-0.023663
-0.027171
-0.028996
-0.017553
-0.015726
-0.011084
-0.004161
0.0079169
0.019717
0.028648
0.029841
0.026401
0.021582
0.015499
0.0080544
0.0066557
0.01111
0.018939
0.028062
0.034549
0.036267
0.031619
0.021311
0.0098314
0.0032022
0.0014262
-0.0012813
-0.0073115
-0.019595
-0.038274
-0.055101
-0.062419
-0.058623
-0.0465
-0.034365
-0.024397
-0.015538
-0.0035819
0.0027429
0.002539
0.00050272
-0.0061118
-0.010305
-0.01208
-0.014401
-0.01867
-0.023422
-0.02378
-0.015381
0.0034545
0.020716
0.032874
0.047692
0.091771
0.23199
0.41718
0.47195
0.36407
0.21549
0.084971
-0.015432
-0.10071
-0.17652
-0.23098
-0.24941
-0.23619
-0.19381
-0.13639
-0.095366
-0.082867
-0.084875
-0.085132
-0.074418
-0.053145
-0.036182
-0.023482
-0.0201
-0.02123
-0.026043
-0.02716
-0.02384
-0.024381
-0.021344
-0.014775
-0.010316
-0.0089871
-0.0085502
-0.0035818
0.0083798
0.016991
0.022119
0.023072
0.01967
0.016186
0.013299
0.0075304
0.005136
0.0085884
0.014263
0.020512
0.028074
0.033056
0.032919
0.02718
0.018909
0.010242
0.0025068
-0.022773
-0.068225
-0.08809
-0.072354
-0.046483
-0.025949
-0.015175
-0.0047601
-0.000194
0.0018304
0.0040308
-0.00026803
-0.0086976
-0.012183
-0.012677
-0.014008
-0.016692
-0.019587
-0.014841
-0.0026924
0.015078
0.031602
0.054451
0.10037
0.1566
0.20578
0.23556
0.25491
0.26163
0.24106
0.19348
0.13575
0.070186
-0.0065038
-0.09336
-0.17218
-0.22033
-0.23464
-0.2302
-0.19525
-0.14167
-0.1043
-0.096572
-0.10411
-0.11998
-0.10641
-0.070621
-0.047144
-0.036561
-0.034456
-0.029471
-0.029755
-0.030556
-0.027641
-0.023481
-0.015765
-0.010496
-0.0062479
0.0011989
0.010897
0.017889
0.020471
0.01897
0.017875
0.012502
0.0034493
0.00036359
0.0029667
0.010059
0.020724
0.027309
0.030544
0.028303
0.021281
0.013443
0.0068621
0.0028054
0.00065082
-0.0049208
-0.016676
-0.03374
-0.04959
-0.058093
-0.05296
-0.040925
-0.030665
-0.020792
-0.013093
-0.007115
-0.0041674
-0.002334
-0.0012332
-0.0051783
-0.0099486
-0.01533
-0.018327
-0.011811
-0.0054138
0.01184
0.030003
0.05343
0.092711
0.15636
0.21448
0.24438
0.24641
0.24138
0.22957
0.1927
0.13178
0.064836
-0.0046477
-0.082129
-0.16133
-0.22104
-0.24776
-0.2357
-0.19192
-0.13667
-0.09682
-0.087138
-0.091165
-0.092391
-0.08007
-0.060157
-0.039202
-0.02736
-0.021268
-0.017428
-0.030435
-0.033692
-0.028532
-0.017164
-0.0083957
-0.0023281
0.0072283
0.017879
0.026311
0.029088
0.026242
0.021361
0.013952
0.0056106
0.004206
0.0081114
0.01394
0.02376
0.031934
0.035151
0.032457
0.023956
0.013095
0.0051882
-0.00031466
-0.004898
-0.0092427
-0.019606
-0.037628
-0.053752
-0.059193
-0.053138
-0.039301
-0.027988
-0.019842
-0.014245
-0.0082697
5.8829e-05
0.0014104
0.0022349
-0.0018113
-0.010231
-0.015256
-0.018787
-0.01932
-0.020884
-0.021319
-0.012168
0.0036339
0.021768
0.12251
0.30121
0.41575
0.39725
0.31411
0.2123
0.12819
0.055419
-0.023001
-0.1047
-0.17827
-0.22937
-0.24673
-0.2357
-0.1929
-0.13718
-0.10048
-0.087648
-0.085902
-0.082885
-0.069105
-0.051996
-0.033268
-0.018415
-0.016258
-0.018428
-0.021924
-0.024984
-0.024962
-0.024654
-0.023077
-0.016366
-0.0093737
-0.0056348
-0.0050835
-0.0022217
0.003707
0.014566
0.021898
0.031298
0.034834
0.03658
0.033355
0.027822
0.025225
0.025101
0.024194
0.020971
0.015663
0.0097542
0.0038309
-0.0020391
-0.0080046
-0.01752
-0.033831
-0.04964
-0.056373
-0.052443
-0.044436
-0.034045
-0.019911
-0.0091523
-0.0024473
0.00025922
0.0032424
0.0038551
-0.00081366
-0.0060584
-0.010046
-0.013186
-0.01587
-0.01776
-0.01834
-0.013115
0.0027232
0.02011
0.032818
0.047959
0.090871
0.1496
0.20293
0.24278
0.25916
0.25091
0.21636
0.12293
-0.025417
-0.15732
-0.23391
-0.25465
-0.21505
-0.14742
-0.099904
-0.086454
-0.088938
-0.089979
-0.080243
-0.060177
-0.039513
-0.02714
-0.022283
-0.024052
-0.024285
-0.02397
-0.022898
-0.023733
-0.022313
-0.018843
-0.013927
-0.011193
-0.0096196
-0.0056647
0.0032088
0.014943
0.023707
0.024982
0.02256
0.018149
0.011654
0.0062163
0.005549
0.0094161
0.016903
0.026204
0.030011
0.031939
0.030626
0.025009
0.015417
0.0060186
-0.011785
-0.0462
-0.071323
-0.068354
-0.051406
-0.031133
-0.017606
-0.0093696
-0.0081562
-0.0056701
-0.00038381
-0.0027108
-0.006574
-0.0090053
-0.011477
-0.014462
-0.017592
-0.019616
-0.019743
-0.011789
0.0035729
0.020454
0.031441
0.045435
0.089537
0.15439
0.21159
0.24325
0.25481
0.25312
0.2336
0.19191
0.13325
0.067519
-0.0041252
-0.08152
-0.15974
-0.22416
-0.25573
-0.24755
-0.19898
-0.13825
-0.10153
-0.092827
-0.094476
-0.094425
-0.084498
-0.085473
-0.075306
-0.052166
-0.034417
-0.030709
-0.024913
-0.01964
-0.016292
-0.014149
-0.012407
-0.0098564
-0.0017537
0.010767
0.018084
0.018187
0.013717
0.0088363
0.0064093
0.0053091
0.0040239
0.0070432
0.014563
0.025217
0.031381
0.030876
0.028402
0.023317
0.015559
0.008273
0.0033733
-0.0012767
-0.0068752
-0.018332
-0.036132
-0.051717
-0.057188
-0.053101
-0.040273
-0.028864
-0.02063
-0.014272
-0.0095668
-0.0011092
0.0010122
0.0015333
-0.0025304
-0.010163
-0.012891
-0.013264
0.00089065
0.013633
0.033288
0.054434
0.09755
0.15155
0.21058
0.24748
0.2542
0.24748
0.229
0.19121
0.13124
0.063475
-0.005968
-0.084939
-0.16431
-0.22196
-0.24767
-0.24018
-0.19717
-0.14209
-0.10482
-0.092737
-0.094653
-0.09221
-0.079464
-0.056908
-0.039947
-0.02565
-0.021679
-0.023877
-0.026549
-0.028845
-0.02938
-0.027869
-0.022231
-0.016932
-0.010386
-0.0082826
-0.0093321
-0.006325
0.0023128
0.013033
0.02091
0.022613
0.01717
0.011422
0.0096822
0.010321
0.011449
0.012833
0.016856
0.029835
0.044678
0.044015
0.026605
0.0092701
-0.0037094
-0.017359
-0.035806
-0.050947
-0.053167
-0.045427
-0.037969
-0.0278
-0.016852
-0.0094109
0.001373
0.0031953
0.0032355
0.0029248
0.00028189
-0.0073365
-0.010799
-0.012038
-0.013578
-0.016347
-0.018122
-0.013204
-0.0017696
0.017118
0.034461
0.055155
0.09574
0.14855
0.20161
0.24175
0.25933
0.25104
0.22593
0.18896
0.13449
0.065818
-0.0073322
-0.086932
-0.20415
-0.34331
-0.36293
-0.27657
-0.18418
-0.12092
-0.081917
-0.057455
-0.038294
-0.030283
-0.021141
-0.017229
-0.020062
-0.023724
-0.023974
-0.023776
-0.022348
-0.020801
-0.017509
-0.012802
-0.0099932
-0.0077228
-0.0027238
0.0056794
0.015087
0.022728
0.024963
0.02116
0.016111
0.011707
0.0073688
0.0066986
0.010108
0.016199
0.025307
0.031339
0.032541
0.027974
0.020192
0.011182
0.0028895
-0.0024288
-0.0050579
-0.026636
-0.069706
-0.08624
-0.064074
-0.040643
-0.018685
-0.0074464
0.00044481
0.0025511
-0.00077382
-0.0030869
-0.0055633
-0.0076977
-0.012321
-0.015956
-0.018375
-0.018029
-0.011514
0.0024706
0.021024
0.035567
0.053165
0.093222
0.1488
0.19409
0.23507
0.25845
0.25161
0.22529
0.19135
0.13847
0.066964
-0.011756
-0.093224
-0.16597
-0.21619
-0.24717
-0.24921
-0.19911
-0.13369
-0.095173
-0.088244
-0.094666
-0.096358
-0.078873
-0.056216
-0.040649
-0.050211
-0.047001
-0.03744
-0.026853
-0.018788
-0.011797
-0.0069095
-0.0059358
-0.0039388
0.00368
0.014958
0.022
0.018634
0.015306
0.014318
0.012098
0.0079448
0.0049107
0.0066585
0.013947
0.023408
0.031795
0.033537
0.03029
0.021765
0.012213
0.0054515
0.0020134
-7.0982e-06
-0.0036977
-0.012319
-0.027955
-0.048156
-0.062707
-0.059866
-0.045413
-0.031756
-0.021432
-0.014321
-0.012987
-0.0084169
-0.0065132
0.0022836
-0.010362
-0.019807
-0.019538
-0.013799
0.0014447
0.020579
0.034186
0.051428
0.092126
0.14952
0.20102
0.24476
0.27218
0.26287
0.22659
0.18667
0.13508
0.063652
-0.01779
-0.096312
-0.16639
-0.21925
-0.24047
-0.23162
-0.19344
-0.14072
-0.10356
-0.089911
-0.091119
-0.092369
-0.080275
-0.060864
-0.038649
-0.024561
-0.021067
-0.021008
-0.023247
-0.025177
-0.024632
-0.025023
-0.024681
-0.02227
-0.016512
-0.010239
-0.0076036
0.013396
0.035632
0.046074
0.037728
0.022663
0.010596
0.008014
0.012887
0.021592
0.029779
0.031873
0.028582
0.021004
0.014572
0.0088781
0.0027185
-0.002597
-0.006582
-0.013596
-0.028413
-0.048751
-0.061311
-0.05937
-0.04508
-0.031763
-0.018956
-0.014302
-0.0098607
-0.0066217
-0.004335
-0.00099176
-0.0013186
-0.0080672
-0.013682
-0.017233
-0.019516
-0.021543
-0.021365
-0.01361
0.00024969
0.015125
0.028123
0.046253
0.092408
0.15432
0.29731
0.46269
0.46783
0.29863
0.10541
-0.057476
-0.17801
-0.24535
-0.26071
-0.2463
-0.20123
-0.14265
-0.10427
-0.088727
-0.086198
-0.085506
-0.072457
-0.053972
-0.0333
-0.018506
-0.015829
-0.018625
-0.022516
-0.025468
-0.025273
-0.022588
-0.017945
-0.014562
-0.0091686
-0.0056664
-0.0051078
-0.0032634
0.0040067
0.014273
0.019373
0.020912
0.020977
0.0173
0.0137
0.020321
0.03856
0.045739
0.038518
0.02658
0.014546
0.0054363
0.0010918
-6.9905e-05
-0.0032441
-0.014641
-0.033247
-0.04749
-0.05278
-0.046721
-0.034349
-0.026701
-0.019325
-0.013474
-0.0093627
-0.004513
-0.00010919
0.0030198
-0.0014635
-0.010471
-0.015512
-0.015866
-0.015956
-0.017635
-0.019379
-0.01369
0.003084
0.021015
0.034603
0.054606
0.097379
0.14752
0.19927
0.24241
0.2619
0.25406
0.22491
0.18384
0.1289
0.063346
-0.0061066
-0.082145
-0.16017
-0.21646
-0.2372
-0.2309
-0.19386
-0.16863
-0.1949
-0.18167
-0.11739
-0.06376
-0.030785
-0.019825
-0.021449
-0.026343
-0.028158
-0.030818
-0.025554
-0.019037
-0.014847
-0.011697
-0.0096009
-0.0052062
0.00070643
0.0080236
0.014106
0.015645
0.014891
0.01385
0.0091223
0.0045948
0.0046874
0.0092886
0.013262
0.016953
0.021842
0.026926
0.028584
0.025401
0.017609
0.010051
0.0063303
0.0028613
-0.0054196
-0.018303
-0.034254
-0.049556
-0.055669
-0.050478
-0.04778
-0.027899
-0.01638
-0.0057462
-0.004498
-0.0087077
-0.013241
-0.013745
-0.014995
-0.018614
-0.021267
-0.015866
-0.0005823
0.020014
0.036108
0.056624
0.09765
0.15559
0.20443
0.23588
0.25747
0.2609
0.23581
0.18724
0.12853
0.062248
-0.011609
-0.092745
-0.16781
-0.21537
-0.23831
-0.24246
-0.19749
-0.13281
-0.097789
-0.091777
-0.09432
-0.092697
-0.07769
-0.057621
-0.03767
-0.02376
-0.022096
-0.023477
-0.027378
-0.028299
-0.014479
-0.017161
-0.012963
-0.0018926
0.0072481
0.01845
0.024178
0.024979
0.025329
0.023124
0.017566
0.011575
0.010837
0.014682
0.020572
0.026737
0.029333
0.031102
0.028893
0.022365
0.014214
0.007601
0.002625
-0.0032928
-0.010855
-0.020879
-0.037098
-0.051299
-0.059428
-0.056682
-0.047517
-0.032779
-0.01975
-0.015422
-0.0089715
-0.005144
-0.0078326
-0.0092339
-0.010384
-0.012259
-0.013744
-0.016799
-0.019645
-0.023189
-0.025841
-0.019847
-0.0015419
0.018624
0.030631
0.049094
0.097892
0.15744
0.20611
0.31088
0.41851
0.37762
0.19371
-0.0013371
-0.14771
-0.22813
-0.25419
-0.24346
-0.19821
-0.13837
-0.10016
-0.091378
-0.095879
-0.092773
-0.069531
-0.045197
-0.028232
-0.021117
-0.019245
-0.021353
-0.021076
-0.023097
-0.021026
-0.020473
-0.016481
-0.014168
-0.011594
-0.0081271
-0.006393
-0.0030371
0.0039719
0.014038
0.021547
0.023321
0.021198
0.017555
0.012699
0.0098309
0.0082773
0.0092799
0.012335
0.020357
0.024226
0.025812
0.025069
0.021141
0.011274
-0.0061234
-0.02752
-0.046832
-0.058001
-0.055251
-0.043376
-0.027843
-0.02088
-0.015482
-0.009848
-0.0019609
-0.0037295
-0.0053123
-0.0081535
-0.010745
-0.012939
-0.01402
-0.016537
-0.019203
-0.020875
-0.01387
0.0032925
0.022665
0.036923
0.053004
0.090803
0.14817
0.20851
0.24888
0.2599
0.25133
0.22802
0.18819
0.13207
0.06978
0.0016303
-0.077929
-0.16144
-0.22809
-0.25548
-0.24583
-0.20002
-0.14002
-0.10343
-0.094102
-0.097863
-0.10884
-0.093285
-0.063571
-0.043305
-0.034974
-0.027445
-0.023432
-0.017803
-0.014239
-0.0089407
-0.0067902
-0.0077348
-0.0052437
0.00093178
0.0094886
0.016757
0.01839
0.016022
0.011637
0.0097727
0.0093446
0.010003
0.012287
0.017101
0.024752
0.029939
0.028883
0.025622
0.018874
0.011454
0.0070643
0.0046096
0.00038487
-0.0075398
-0.020015
-0.037164
-0.053439
-0.060685
-0.054532
-0.043498
-0.030608
-0.020744
-0.012751
-0.0072164
0.00025803
0.00029985
0.0020445
-0.0026732
-0.009188
-0.014577
-0.016103
-0.0021865
0.015332
0.036152
0.059408
0.097736
0.1486
0.19818
0.24125
0.26172
0.25276
0.22748
0.19317
0.13862
0.066445
-0.010839
-0.090129
-0.16781
-0.22143
-0.2377
-0.23123
-0.19492
-0.14064
-0.10377
-0.09549
-0.097527
-0.095598
-0.080752
-0.059457
-0.037632
-0.02431
-0.02093
-0.022716
-0.027784
-0.031158
-0.035067
-0.031705
-0.023584
-0.016426
-0.011615
-0.013316
-0.01573
-0.011929
-0.0006149
0.011295
0.018165
0.020881
0.022429
0.020964
0.021605
0.022492
0.025775
0.02999
0.029485
0.024779
0.015428
0.0055663
-0.00070101
-0.002964
-0.0068199
-0.01881
-0.036485
-0.05104
-0.053631
-0.044071
-0.031627
-0.025204
-0.018882
-0.012452
-0.00432
0.0027289
0.0041541
0.0023621
-0.0021349
-0.0072493
-0.011556
-0.013361
-0.015408
-0.018952
-0.020229
-0.011967
0.0056357
0.026287
0.03994
0.055909
0.095222
0.15412
0.2007
0.23668
0.2621
0.25849
0.23247
0.19206
0.1345
0.061193
-0.018926
-0.099206
-0.16864
-0.2105
-0.22752
-0.23262
-0.2033
-0.14866
-0.10637
-0.09346
-0.096
-0.092575
-0.078819
-0.061575
-0.060791
-0.051613
-0.037225
-0.024654
-0.020067
-0.015228
-0.01065
-0.0084641
-0.0079408
-0.0044032
0.0015392
0.0095117
0.015521
0.020818
0.02076
0.016549
0.0088112
0.0040291
0.0038625
0.0070526
0.01255
0.018826
0.027082
0.030404
0.026792
0.019686
0.011392
0.0051648
0.002709
0.00010652
-0.0046368
-0.013285
-0.029294
-0.047085
-0.05805
-0.056865
-0.044805
-0.033198
-0.026219
-0.019398
-0.011913
-0.0066362
-0.0070836
-0.0071896
-0.0088328
-0.010935
-0.01458
-0.017391
-0.017923
-0.020498
-0.020491
-0.012297
0.05979
0.1851
0.27641
0.30145
0.29466
0.26433
0.22402
0.18342
0.1325
0.06909
-0.0058935
-0.086609
-0.16626
-0.22406
-0.2431
-0.23335
-0.18925
-0.13108
-0.096284
-0.089477
-0.091176
-0.092299
-0.078629
-0.058013
-0.040253
-0.026304
-0.02166
-0.023006
-0.027586
-0.031139
-0.026549
-0.02456
-0.020796
-0.0167
-0.01344
-0.010095
-0.0073999
-0.0065609
-0.0026602
0.0089352
0.021697
0.028725
0.025209
0.018363
0.0087321
0.0024086
0.00074816
0.0051992
0.019575
0.039378
0.044248
0.031159
0.016594
0.0048751
-0.0032427
-0.013918
-0.030851
-0.045958
-0.051364
-0.045577
-0.036633
-0.024236
-0.015707
-0.012351
-0.0050018
0.0026059
0.0073321
0.009244
0.0067165
-0.0027736
-0.010597
-0.014102
-0.01567
-0.018035
-0.017931
-0.0099076
0.0068249
0.023466
0.034621
0.051636
0.095754
0.15744
0.20492
0.2361
0.26024
0.26209
0.23729
0.19447
0.13748
0.063587
-0.021448
-0.10782
-0.17546
-0.21359
-0.22836
-0.23049
-0.20142
-0.15012
-0.10882
-0.089551
-0.084673
-0.082685
-0.072064
-0.056808
-0.039296
-0.026238
-0.025227
-0.027296
-0.033165
-0.035643
-0.032492
-0.028816
-0.025857
-0.021207
-0.015269
-0.012593
-0.012666
-0.0077037
0.00033178
0.011499
0.025649
0.028715
0.02809
0.020017
0.014747
0.014699
0.019108
0.025243
0.028566
0.026619
0.02223
0.016258
0.0084945
0.0017359
-0.0025925
-0.0070162
-0.014243
-0.02651
-0.042363
-0.054458
-0.056116
-0.047503
-0.035493
-0.025699
-0.017011
-0.0069552
-0.0034861
-0.0024927
0.00012534
-0.0019172
-0.0072564
-0.01153
-0.014295
-0.017641
-0.020557
-0.019213
-0.010537
0.0072196
0.024147
0.038247
0.055297
0.09637
0.1498
0.20044
0.2395
0.25921
0.25223
0.22761
0.18978
0.0604
-0.1491
-0.28621
-0.29885
-0.23877
-0.15896
-0.10633
-0.08499
-0.081393
-0.076494
-0.06226
-0.044721
-0.031291
-0.02361
-0.031014
-0.038809
-0.042933
-0.041598
-0.039799
-0.027105
-0.018508
-0.0014288
0.015763
0.033058
0.040355
0.043331
0.041144
0.0373
0.031549
0.021981
0.018809
0.021056
0.02774
0.033275
0.036653
0.03581
0.027806
0.015434
0.0054515
0.0018657
0.00083903
-0.0019338
-0.007016
-0.018863
-0.035294
-0.055542
-0.082429
-0.077123
-0.047123
-0.023312
-0.012556
-0.0074582
-0.010878
-0.019045
-0.024975
-0.028236
-0.028908
-0.028529
-0.027289
-0.021019
-0.0034647
0.016931
0.033839
0.058697
0.10077
0.16143
0.21385
0.24415
0.25701
0.25693
0.2344
0.19203
0.13679
0.069093
-0.0106
-0.096754
-0.17397
-0.22203
-0.23633
-0.23291
-0.20227
-0.15312
-0.10999
-0.087922
-0.081526
-0.074516
-0.064713
-0.050417
-0.035558
-0.025648
-0.024665
-0.028617
-0.033502
-0.037167
-0.037966
-0.028278
-0.03027
-0.023367
-0.0077071
0.0098733
0.022442
0.026062
0.022873
0.016547
0.0092411
0.003839
0.0043234
0.011547
0.018858
0.02739
0.031418
0.030489
0.027032
0.022397
0.014534
0.0063157
0.0020353
-0.00071891
-0.0075898
-0.022367
-0.040568
-0.055334
-0.056586
-0.047931
-0.036654
-0.029693
-0.022394
-0.015863
-0.01105
-0.0062439
-0.0024861
-0.002237
-0.005259
-0.012248
-0.01653
-0.017284
-0.018932
-0.021525
-0.022793
-0.013778
0.0047257
0.025099
0.038056
0.049414
0.089081
0.15345
0.20842
0.23525
0.24344
0.24206
0.21129
0.11399
-0.031011
-0.16004
-0.23137
-0.24355
-0.20617
-0.14307
-0.09881
-0.086723
-0.087786
-0.087738
-0.078497
-0.055596
-0.033122
-0.02008
-0.016501
-0.018276
-0.021996
-0.025187
-0.021925
-0.021995
-0.01945
-0.015377
-0.01035
-0.0078389
-0.0062758
-0.0029988
0.0030515
0.012083
0.019639
0.022412
0.021765
0.018141
0.012857
0.0072805
0.0072414
0.012181
0.018723
0.025848
0.027434
0.028278
0.027807
0.023954
0.016348
0.0088176
0.0054576
0.0047191
-0.00087564
-0.031027
-0.077697
-0.085704
-0.064805
-0.03622
-0.02034
-0.010305
-0.0025713
-0.00085341
-0.0030532
-0.0079453
-0.012734
-0.015075
-0.015695
-0.015542
-0.014695
-0.0097492
0.00087933
0.015534
0.029368
0.050051
0.090372
0.14452
0.19918
0.23997
0.258
0.25201
0.22792
0.19344
0.14649
0.081626
0.001792
-0.086524
-0.17118
-0.23482
-0.25744
-0.24295
-0.2059
-0.14933
-0.10292
-0.085823
-0.085918
-0.084126
-0.072895
-0.05469
-0.037336
-0.026445
-0.023539
-0.024633
-0.029312
-0.033143
-0.035079
-0.024566
-0.023657
-0.020829
-0.010588
0.0016089
0.011
0.017999
0.020626
0.018654
0.01417
0.01026
0.0061636
0.0042701
0.0066991
0.01127
0.019435
0.027373
0.03114
0.029589
0.022653
0.013149
0.0067951
0.0031298
-0.0022769
-0.0090771
-0.018468
-0.033207
-0.048952
-0.057817
-0.05403
-0.043202
-0.031515
-0.021374
-0.015033
-0.0068355
-0.0040772
-0.0011197
4.7638e-05
-0.0054099
-0.010475
-0.012434
-0.016384
-0.019808
-0.025383
-0.027496
-0.017504
0.00094998
0.022735
0.038656
0.15713
0.3818
0.49226
0.41772
0.29399
0.17407
0.072961
-0.014993
-0.099634
-0.18165
-0.24023
-0.25414
-0.23267
-0.18478
-0.12842
-0.093312
-0.086666
-0.090549
-0.090342
-0.075234
-0.055127
-0.033114
-0.021494
-0.017772
-0.020728
-0.025037
-0.027172
-0.025362
-0.023506
-0.022491
-0.018845
-0.014296
-0.010737
-0.0094298
-0.006987
-0.00090686
0.0083694
0.014801
0.01784
0.018791
0.019143
0.01544
0.0093615
0.0079281
0.010314
0.01468
0.022191
0.029749
0.033133
0.028802
0.021471
0.014343
0.0076181
0.0024248
-0.014767
-0.049233
-0.068218
-0.061773
-0.043887
-0.025762
-0.020231
-0.011813
-0.0085278
-0.004146
-0.00053751
0.0014595
-0.0021521
-0.010558
-0.017705
-0.017124
-0.017523
-0.017623
-0.015291
-0.0093116
0.0020116
0.013901
0.023635
0.042725
0.087738
0.14984
0.20765
0.24553
0.25577
0.24442
0.22472
0.19253
0.13797
0.067939
-0.0050445
-0.075183
-0.15131
-0.22857
-0.26442
-0.24895
-0.2103
-0.15204
-0.10455
-0.089469
-0.091729
-0.088421
-0.085189
-0.062758
-0.044407
-0.03417
-0.028987
-0.025062
-0.021484
-0.018067
-0.010058
-0.0058334
-0.004042
-0.0045528
-0.002873
0.00323
0.011882
0.018927
0.019785
0.019105
0.019962
0.020314
0.014546
0.010651
0.012442
0.017128
0.024475
0.029552
0.030474
0.026433
0.019268
0.012076
0.0074601
0.0049421
0.00139
-0.0051568
-0.0157
-0.032823
-0.053318
-0.063188
-0.055915
-0.042499
-0.037077
-0.024147
-0.007546
-0.0027423
-0.0040472
-0.011504
-0.017173
-0.01883
-0.019113
-0.020551
-0.020675
-0.013452
0.00077247
0.019024
0.034232
0.051826
0.092193
0.14999
0.20039
0.23546
0.25506
0.2488
0.22275
0.18935
0.14052
0.074135
-0.0075107
-0.097924
-0.17443
-0.2166
-0.2306
-0.22873
-0.19261
-0.1396
-0.10528
-0.095835
-0.095248
-0.092417
-0.079882
-0.059141
-0.038455
-0.025741
-0.019684
-0.021689
-0.028985
-0.035413
-0.039668
-0.029978
-0.033151
-0.024517
-0.0061375
0.012398
0.023977
0.025681
0.024559
0.019186
0.011003
0.0049709
0.0054902
0.0095678
0.015649
0.023996
0.030027
0.031143
0.025489
0.018361
0.011674
0.0076494
0.0052138
0.00095275
-0.0059234
-0.016908
-0.034352
-0.051453
-0.059262
-0.053418
-0.044413
-0.033317
-0.023817
-0.016383
-0.0094946
-0.0098606
-0.0095243
-0.0060827
-0.0066542
-0.0087195
-0.013008
-0.016117
-0.018748
-0.022164
-0.024548
-0.021442
-0.0046339
0.017429
0.033881
0.051396
0.096957
0.15896
0.20556
0.31157
0.42336
0.3809
0.19396
0.0012539
-0.14486
-0.22912
-0.26054
-0.25509
-0.21294
-0.15326
-0.10865
-0.089754
-0.08758
-0.086179
-0.074196
-0.050723
-0.035473
-0.026231
-0.02184
-0.020971
-0.021174
-0.019688
-0.018363
-0.016821
-0.014721
-0.012075
-0.0098226
-0.0074161
-0.0079625
-0.0045859
0.0030069
0.016506
0.028168
0.030837
0.026118
0.017464
0.0094946
0.0033118
0.0036704
0.0081878
0.015392
0.023313
0.028389
0.026838
0.020884
0.014639
0.010493
0.0090726
-0.0063868
-0.043724
-0.069623
-0.068859
-0.054122
-0.034448
-0.022357
-0.011671
-0.0074191
-0.0093011
-0.01104
-0.0059101
-0.0021449
-0.0071799
-0.013929
-0.016681
-0.019586
-0.019371
-0.015393
-0.0081853
0.0053663
0.023098
0.038434
0.056236
0.092683
0.1507
0.20763
0.24512
0.26124
0.25458
0.23238
0.20042
0.14716
0.073931
-0.0098004
-0.090384
-0.16127
-0.22094
-0.25256
-0.23738
-0.1841
-0.13046
-0.10672
-0.10715
-0.10154
-0.077973
-0.058836
-0.054316
-0.049245
-0.037047
-0.024756
-0.01744
-0.013824
-0.010079
-0.01004
-0.0086679
-0.0093061
-0.0079549
-0.0030973
0.0067594
0.019311
0.024781
0.022587
0.018169
0.013932
0.0086208
0.0060889
0.0073636
0.012426
0.021168
0.029114
0.032839
0.030872
0.022558
0.010287
7.7157e-05
-0.0040408
-0.0050298
-0.010314
-0.022398
-0.039624
-0.054343
-0.059272
-0.050924
-0.03626
-0.028144
-0.016508
-0.011769
-0.012679
-0.0090086
-0.0075012
-0.0049848
-0.0083045
-0.014649
-0.019186
-0.019548
-0.020189
-0.0212
-0.022322
-0.016495
0.00054539
0.017871
0.030553
0.045924
0.087224
0.24789
0.47026
0.5229
0.37868
0.18842
0.022935
-0.10119
-0.18743
-0.23926
-0.25917
-0.24789
-0.19699
-0.13801
-0.10302
-0.091058
-0.088046
-0.084837
-0.071884
-0.050505
-0.03499
-0.024951
-0.024327
-0.025181
-0.026276
-0.027669
-0.024905
-0.023605
-0.016915
-0.012996
-0.013196
-0.014466
-0.014598
-0.011897
-0.0023521
0.0098787
0.01868
0.019398
0.017031
0.015289
0.012341
0.0084717
0.0053992
0.0087771
0.014264
0.022103
0.030244
0.035155
0.031825
0.019529
0.003535
-0.013455
-0.031765
-0.047319
-0.054162
-0.052027
-0.040591
-0.027911
-0.017426
-0.0097381
-0.0078677
-0.0060112
-0.0043281
0.00071348
-0.0010694
-0.0084943
-0.011581
-0.013509
-0.017862
-0.020769
-0.020132
-0.013597
0.0028692
0.025027
0.04217
0.05793
0.096625
0.15216
0.2018
0.23991
0.26242
0.25337
0.22166
0.18866
0.14751
0.082979
-0.0048647
-0.096307
-0.16805
-0.21381
-0.24305
-0.24475
-0.20294
-0.14719
-0.10818
-0.095952
-0.093891
-0.0902
-0.077196
-0.055471
-0.036907
-0.028343
-0.049982
-0.056615
-0.046463
-0.033086
-0.020521
-0.015006
-0.012671
-0.011005
-0.0026894
0.012139
0.023241
0.0258
0.023074
0.016326
0.0093567
0.0028475
0.0014207
0.0065702
0.012074
0.016816
0.017524
0.017072
0.015541
0.012338
0.0096499
0.0073616
0.0048021
0.0011312
-0.0051485
-0.016795
-0.037829
-0.05661
-0.061424
-0.053908
-0.040511
-0.031732
-0.017868
-0.010612
-0.0092394
-0.0094705
-0.0029128
0.0022601
-0.0024044
-0.0086252
-0.013412
-0.017674
-0.018092
-0.018983
-0.018908
-0.012714
0.0033478
0.025919
0.10818
0.25034
0.34148
0.33672
0.29978
0.25696
0.20349
0.13488
0.067206
0.00048979
-0.077484
-0.16554
-0.23529
-0.26218
-0.24242
-0.18395
-0.12944
-0.10124
-0.092166
-0.089787
-0.084274
-0.068141
-0.050486
-0.031797
-0.021358
-0.024466
-0.033057
-0.037956
-0.036445
-0.032333
-0.024482
-0.018731
-0.0177
-0.017209
-0.018519
-0.018139
-0.016376
-0.010171
0.0016981
0.016293
0.023769
0.025542
0.018202
0.010348
0.010307
0.019706
0.031884
0.035073
0.029595
0.019486
0.0084105
-0.00019169
-0.0036237
-0.003703
-0.0075504
-0.018017
-0.03528
-0.052306
-0.057676
-0.049376
-0.035009
-0.022715
-0.013572
-0.010054
-0.010947
-0.010081
-0.0088669
-0.0054132
-1.5944e-06
-0.0028117
-0.008911
-0.012238
-0.014303
-0.02017
-0.023253
-0.015
0.00085253
0.021799
0.038033
0.05077
0.090977
0.15102
0.2025
0.23531
0.25326
0.25584
0.23929
0.19837
0.13607
0.065456
-0.0092995
-0.089366
-0.16694
-0.2209
-0.26908
-0.33591
-0.31746
-0.2251
-0.1278
-0.059118
-0.019695
-0.0088669
-0.010306
-0.016338
-0.020434
-0.02339
-0.026813
-0.025469
-0.022432
-0.017133
-0.013999
-0.012991
-0.010977
-0.0061656
0.0013363
0.013318
0.020399
0.022738
0.020823
0.017208
0.013233
0.0097138
0.0099902
0.011688
0.014859
0.016561
0.01571
0.013706
0.011654
0.0090726
0.0071728
0.0066594
0.0066683
0.0031409
-0.025635
-0.075487
-0.091493
-0.07097
-0.045748
-0.022662
-0.0082971
-0.0041084
0.00051395
0.0064525
0.0048198
-0.0010299
-0.0094696
-0.012376
-0.012516
-0.01399
-0.014848
-0.0093338
0.0066251
0.02506
0.038769
0.053146
0.08363
0.14346
0.20466
0.23932
0.2628
0.26997
0.24195
0.19115
0.13529
0.077587
0.0077162
-0.081399
-0.17031
-0.23204
-0.2607
-0.24682
-0.18893
-0.12793
-0.094234
-0.086548
-0.086999
-0.083043
-0.068746
-0.049777
-0.032412
-0.025974
-0.050256
-0.05527
-0.04228
-0.031014
-0.022012
-0.017751
-0.016449
-0.014507
-0.0088469
0.0034172
0.016101
0.022272
0.02022
0.014225
0.0070353
0.0019381
0.00012371
0.0024248
0.0073937
0.016853
0.027573
0.032143
0.028641
0.01924
0.0089131
0.0019877
-0.0017581
-0.0043584
-0.0092699
-0.022492
-0.042504
-0.056106
-0.057927
-0.051277
-0.036545
-0.025981
-0.015933
-0.012
-0.007584
-0.0055311
0.0013634
-0.0089094
-0.015499
-0.018721
-0.021974
-0.017219
6.46e-06
0.023134
0.03943
0.054487
0.086852
0.14305
0.20134
0.23839
0.25274
0.25398
0.23595
0.19393
0.13222
0.06343
-0.01012
-0.089544
-0.16592
-0.22284
-0.24729
-0.23611
-0.19065
-0.13492
-0.09995
-0.090599
-0.091695
-0.088703
-0.07568
-0.058787
-0.043511
-0.030912
-0.027264
-0.026089
-0.029386
-0.031324
-0.02855
-0.028458
-0.023315
-0.016981
-0.00079134
0.0094336
0.019014
0.022666
0.02177
0.01764
0.011913
0.006964
0.0061273
0.010965
0.015554
0.021555
0.026014
0.026874
0.023782
0.016628
0.010213
0.0061919
0.0024721
-0.0019461
-0.0071256
-0.016718
-0.033655
-0.051258
-0.060839
-0.055745
-0.043903
-0.028819
-0.018731
-0.016719
-0.01417
-0.010887
-0.0063365
-0.002742
-0.0042579
-0.0093643
-0.013687
-0.01576
-0.019729
-0.021785
-0.02156
-0.014201
0.0038033
0.025253
0.039827
0.053743
0.092287
0.15102
0.20638
0.23935
0.25454
0.25411
0.23571
0.19288
0.13207
-0.02514
-0.25995
-0.37713
-0.3276
-0.22079
-0.13311
-0.090656
-0.079113
-0.075409
-0.071359
-0.059549
-0.044721
-0.030148
-0.02346
-0.018142
-0.017293
-0.018229
-0.021175
-0.02031
-0.016147
-0.012801
-0.0099195
-0.012002
-0.010816
-0.0050377
0.0046364
0.017721
0.026028
0.024887
0.021726
0.015268
0.0098479
0.0050453
0.0043999
0.0074011
0.011302
0.017501
0.021849
0.024778
0.024106
0.018488
0.0095181
0.0035789
-0.014198
-0.052089
-0.074727
-0.068263
-0.046949
-0.026532
-0.016554
-0.0086442
-0.0057076
-0.0032332
0.0014913
0.0038948
-1.4284e-05
-0.0068541
-0.011366
-0.012103
-0.015167
-0.018141
-0.018597
-0.012854
0.0015039
0.020447
0.034518
0.049834
0.08118
0.13637
0.19453
0.23361
0.25106
0.25334
0.23766
0.19897
0.13853
0.070922
-0.001737
-0.085126
-0.17113
-0.22667
-0.24571
-0.23945
-0.19539
-0.13878
-0.10191
-0.088273
-0.087284
-0.078633
-0.06375
-0.064077
-0.04974
-0.034341
-0.02458
-0.018676
-0.013089
-0.0090645
-0.0085978
-0.01109
-0.010547
-0.0065218
-0.00072643
0.0091102
0.01922
0.026079
0.02563
0.019578
0.012235
0.0063227
0.0043911
0.0066458
0.011081
0.018496
0.026483
0.031381
0.029279
0.020894
0.009777
0.0019554
-0.0010231
-0.0026541
-0.0074833
-0.019789
-0.039483
-0.056893
-0.058666
-0.049831
-0.036047
-0.02843
-0.021492
-0.017851
-0.015743
-0.014308
-0.011546
-0.0049421
-0.0056736
-0.0080009
-0.010892
-0.015439
-0.0023622
0.010912
0.027415
0.04893
0.094188
0.15881
0.20773
0.23179
0.24827
0.25393
0.23411
0.18947
0.13451
0.072597
-0.00058066
-0.085629
-0.16638
-0.2201
-0.24323
-0.23594
-0.19622
-0.13973
-0.098239
-0.087504
-0.090632
-0.090472
-0.075921
-0.058508
-0.038276
-0.029147
-0.023188
-0.024415
-0.028029
-0.029604
-0.02947
-0.024982
-0.02212
-0.018031
-0.017303
-0.018134
-0.018263
0.0035356
0.027163
0.044711
0.036811
0.022333
0.012479
0.0084781
0.011202
0.017675
0.025189
0.028858
0.027548
0.022493
0.014162
0.0059875
0.00059207
-0.0037593
-0.0090594
-0.019772
-0.038492
-0.054064
-0.058096
-0.048439
-0.035931
-0.025816
-0.018781
-0.014832
-0.010911
-0.0056815
0.0019093
0.00084912
-0.0048555
-0.01082
-0.01745
-0.019823
-0.023355
-0.025937
-0.024906
-0.014705
0.0025617
0.023269
0.037759
0.053912
0.091082
0.13959
0.19404
0.23718
0.25661
0.25223
0.22778
0.19056
0.13827
0.071624
-0.0056207
-0.087943
-0.16612
-0.22695
-0.25795
-0.27833
-0.29468
-0.25022
-0.16477
-0.083471
-0.034541
-0.011501
-0.0092195
-0.013174
-0.015967
-0.018545
-0.019236
-0.019856
-0.018144
-0.013082
-0.0086898
-0.0072747
-0.0075906
-0.005897
0.0026514
0.016222
0.029481
0.030888
0.02318
0.016762
0.011008
0.0052471
0.0027329
0.0057081
0.01065
0.019565
0.026061
0.027674
0.022999
0.015867
0.0072038
0.00097594
-0.00082915
-0.0025023
-0.0078235
-0.021306
-0.04287
-0.057786
-0.059595
-0.052573
-0.039841
-0.029582
-0.01868
-0.011671
-0.007036
-0.0038763
-0.002401
-0.0042302
-0.0025458
-0.023538
-0.033655
-0.024305
-0.0041544
0.019461
0.035552
0.049507
0.084953
0.14169
0.19612
0.23537
0.25932
0.26163
0.23926
0.19562
0.13795
0.075291
0.0048357
-0.076899
-0.16153
-0.22476
-0.25476
-0.25114
-0.20644
-0.14737
-0.10558
-0.089479
-0.086663
-0.081959
-0.068539
-0.054199
-0.038886
-0.027471
-0.024308
-0.02571
-0.029808
-0.034065
-0.029956
-0.025776
-0.017977
-0.015908
-0.013962
-0.013502
-0.014085
-0.0033985
0.010958
0.019961
0.03129
0.036889
0.037493
0.032663
0.029328
0.031004
0.031892
0.029954
0.020854
0.010659
0.0033962
-0.0014807
-0.0051949
-0.0089417
-0.017764
-0.034563
-0.052712
-0.059185
-0.055196
-0.042251
-0.03284
-0.024277
-0.017194
-0.013376
-0.0077978
-0.0060222
-0.0035104
-0.006535
-0.013702
-0.01712
-0.017802
-0.018465
-0.022389
-0.022309
-0.012534
0.00323
0.022328
0.034358
0.049511
0.088691
0.14221
0.18681
0.22818
0.25682
0.2549
0.22791
0.19128
0.1382
0.066992
-0.015774
-0.098997
-0.16995
-0.24816
-0.34424
-0.34275
-0.25526
-0.16429
-0.091605
-0.042887
-0.016078
-0.0090193
-0.011703
-0.014042
-0.021229
-0.026203
-0.028881
-0.026032
-0.017405
-0.01334
-0.011317
-0.010957
-0.011254
-0.0075664
-9.2235e-05
0.010253
0.016424
0.017309
0.017224
0.01601
0.014481
0.010097
0.0075983
0.0098812
0.014001
0.024468
0.032672
0.036989
0.034275
0.026344
0.015087
0.004313
-0.0019953
-0.004128
-0.0062027
-0.015755
-0.035972
-0.055667
-0.06112
-0.056025
-0.043456
-0.027181
-0.017852
-0.0096123
-0.0019482
-0.0085859
-0.019433
-0.021656
-0.020304
-0.019252
-0.017573
-0.0096788
0.001486
0.015146
0.025349
0.04185
0.081558
0.14158
0.19387
0.23469
0.26144
0.25794
0.23046
0.19427
0.14147
0.071019
-0.0079962
-0.089163
-0.16726
-0.2244
-0.24493
-0.24159
-0.21232
-0.15644
-0.10902
-0.088245
-0.084747
-0.082834
-0.075248
-0.057834
-0.042039
-0.028797
-0.024393
-0.02231
-0.025295
-0.024619
-0.032651
-0.029281
-0.023259
-0.013919
-0.0045676
0.0051031
0.012206
0.012519
0.011408
0.012235
0.013075
0.013278
0.010265
0.010774
0.012925
0.01523
0.020628
0.0258
0.029192
0.026371
0.020154
0.013931
0.0069943
0.00020728
-0.004442
-0.0078582
-0.014221
-0.027783
-0.04725
-0.060119
-0.059881
-0.047775
-0.032621
-0.02136
-0.017044
-0.015777
-0.011671
-0.0088259
-0.0038468
-0.0060541
-0.01369
-0.0186
-0.021758
-0.021619
-0.02211
-0.020928
-0.010404
0.0073121
0.023167
0.034749
0.049119
0.086429
0.14814
0.20647
0.23795
0.29805
0.34397
0.26134
0.074773
-0.098809
-0.20857
-0.25152
-0.24501
-0.19779
-0.13758
-0.099602
-0.088608
-0.087098
-0.0819
-0.067592
-0.049031
-0.031407
-0.025769
-0.02548
-0.025739
-0.026611
-0.026486
-0.024856
-0.022863
-0.022062
-0.020252
-0.015383
-0.013726
-0.01222
-0.010025
-0.0036976
0.0079875
0.019209
0.023997
0.024055
0.019629
0.012405
0.0061263
0.0052403
0.008567
0.014
0.023924
0.028732
0.031045
0.030237
0.023205
0.012398
0.0022051
-0.011664
-0.030956
-0.04804
-0.057119
-0.053483
-0.042789
-0.028426
-0.020322
-0.017293
-0.015267
-0.012407
-0.008633
-0.0013408
-0.0027926
-0.010457
-0.018211
-0.023462
-0.023769
-0.019602
-0.01582
-0.0091823
0.00046468
0.012384
0.025298
0.045612
0.091133
0.15855
0.20935
0.23181
0.24617
0.24921
0.22804
0.18968
0.14274
0.082531
0.0065625
-0.078758
-0.15828
-0.21876
-0.24944
-0.24655
-0.21434
-0.15401
-0.10137
-0.081629
-0.080823
-0.087513
-0.096086
-0.076197
-0.052037
-0.037463
-0.032518
-0.025895
-0.023862
-0.019553
-0.014262
-0.011424
-0.011082
-0.010463
-0.0076928
-0.0029719
0.0036786
0.012615
0.017587
0.018805
0.017077
0.013835
0.0099462
0.0085194
0.0097433
0.013927
0.021336
0.028663
0.031164
0.027279
0.018856
0.010269
0.0023349
-0.0025592
-0.0056118
-0.0096502
-0.018332
-0.034842
-0.051357
-0.060464
-0.058656
-0.045097
-0.031403
-0.019869
-0.01149
-0.0032753
-0.0012956
-0.0043667
-0.0059916
-0.0095828
-0.015264
-0.016826
-0.015764
-0.0093931
0.004237
0.023361
0.036626
0.052
0.091676
0.14668
0.19943
0.23764
0.2578
0.25568
0.22966
0.1927
0.1438
0.073811
-0.015771
-0.10521
-0.17231
-0.21463
-0.2413
-0.23789
-0.18928
-0.1299
-0.094512
-0.089346
-0.095354
-0.094841
-0.079788
-0.058826
-0.038901
-0.02359
-0.020964
-0.023075
-0.025988
-0.025543
-0.032118
-0.033712
-0.024907
-0.014216
-0.0090091
-0.0012881
0.011405
0.02117
0.024693
0.022071
0.017159
0.012285
0.0060019
0.0042954
0.0072718
0.012723
0.021247
0.028363
0.029821
0.02839
0.022656
0.0127
0.0048239
0.001418
-0.0027791
-0.010356
-0.020325
-0.034767
-0.049875
-0.056385
-0.052723
-0.04039
-0.032288
-0.022962
-0.014551
-0.012165
-0.0084039
-0.0050736
-0.0045788
-0.008712
-0.014497
-0.018628
-0.021069
-0.022393
-0.02474
-0.027156
-0.019497
-0.0026049
0.016646
0.029207
0.046485
0.091006
0.15014
0.1993
0.23895
0.25704
0.24797
0.22764
0.18885
0.13067
0.06568
-0.089051
-0.3268
-0.425
-0.33779
-0.20998
-0.12244
-0.082725
-0.068038
-0.054298
-0.043495
-0.029757
-0.023449
-0.020123
-0.019285
-0.018864
-0.019465
-0.021636
-0.020187
-0.020645
-0.018662
-0.016308
-0.014877
-0.012449
-0.0056083
0.0046535
0.015475
0.024531
0.02461
0.01937
0.016147
0.013514
0.0087299
0.0065867
0.0080978
0.014005
0.020067
0.024289
0.024138
0.020995
0.016192
0.010561
0.0066304
0.004973
0.0036423
-0.0023004
-0.017725
-0.041014
-0.060238
-0.075548
-0.067669
-0.043548
-0.022386
-0.0074363
-0.003495
-0.0016629
-0.00041675
-0.0035949
-0.0089747
-0.01308
-0.014982
-0.016679
-0.016329
-0.0143
-0.0018567
0.017406
0.037121
0.054373
0.084762
0.14095
0.20644
0.24898
0.25851
0.25144
0.2349
0.19638
0.13226
0.064981
-0.0012638
-0.073654
-0.15063
-0.21449
-0.25092
-0.25137
-0.20418
-0.1441
-0.10705
-0.094145
-0.091472
-0.08929
-0.070512
-0.049912
-0.030467
-0.021404
-0.019626
-0.026874
-0.033892
-0.032264
-0.048917
-0.049275
-0.038733
-0.025921
-0.0096751
0.0053873
0.017945
0.023002
0.018969
0.013164
0.0069289
-0.00021939
-0.0029077
0.0025513
0.010627
0.019024
0.025188
0.02834
0.025614
0.015829
0.007076
0.0024047
-0.0016297
-0.005303
-0.008536
-0.017195
-0.033625
-0.050909
-0.058001
-0.052012
-0.037394
-0.024497
-0.016001
-0.011533
-0.011011
-0.0068607
-0.0042514
-0.00054926
-0.002934
-0.0061769
-0.010003
-0.011329
-0.015216
-0.022555
0.0051865
0.059836
0.12591
0.17978
0.22117
0.24519
0.25308
0.24549
0.22785
0.19465
0.13885
0.066965
-0.010528
-0.086438
-0.15928
-0.22004
-0.24958
-0.2346
-0.1816
-0.12952
-0.10475
-0.097954
-0.094599
-0.09161
-0.073921
-0.050781
-0.030046
-0.02169
-0.023507
-0.03442
-0.038817
-0.03669
-0.03101
-0.02377
-0.016222
-0.011901
-0.011196
-0.015596
-0.017198
-0.014838
-0.0066398
0.0067377
0.019406
0.023253
0.020262
0.014677
0.0082771
0.0029476
0.0024121
0.0062238
0.012911
0.021423
0.029191
0.034259
0.03463
0.027175
0.014136
0.003124
-0.016112
-0.050717
-0.072918
-0.067919
-0.048741
-0.02856
-0.015383
-0.0069283
-0.0054099
-0.0038519
-0.006097
-0.0047962
0.00040927
-0.0019694
-0.0082902
-0.016746
-0.019833
-0.020147
-0.015764
-0.0056347
0.0075714
0.020236
0.029104
0.042844
0.081501
0.14869
0.20974
0.24546
0.26149
0.25348
0.22536
0.19108
0.14773
0.08275
9.3769e-05
-0.086551
-0.16794
-0.22787
-0.25604
-0.25127
-0.20883
-0.14718
-0.10209
-0.086138
-0.087799
-0.088447
-0.075489
-0.059375
-0.040808
-0.028923
-0.024062
-0.02506
-0.030685
-0.027388
-0.038319
-0.046444
-0.037582
-0.022549
-0.0053743
0.0086027
0.015039
0.013935
0.013426
0.012228
0.010354
0.0075169
0.0082465
0.010355
0.015206
0.022404
0.028877
0.031525
0.028801
0.021076
0.013454
0.0079724
0.0028168
-0.0023782
-0.009319
-0.02088
-0.03784
-0.054135
-0.060911
-0.053114
-0.03841
-0.029626
-0.024223
-0.016723
-0.011676
-0.0095647
-0.006138
0.00091505
-0.0027044
-0.011502
-0.017295
-0.019024
-0.02018
-0.020431
-0.019795
-0.012214
0.0038566
0.023381
0.038168
0.05269
0.089725
0.14513
0.19925
0.31449
0.43296
0.38784
0.19146
-0.010945
-0.15882
-0.23815
-0.26126
-0.246
-0.19521
-0.13877
-0.10427
-0.092884
-0.094388
-0.091274
-0.073874
-0.053481
-0.034034
-0.022378
-0.020579
-0.023291
-0.026879
-0.02916
-0.025413
-0.02108
-0.017391
-0.01494
-0.013445
-0.011903
-0.011853
-0.0077928
-0.001231
0.0057182
0.014608
0.020639
0.021618
0.018717
0.015142
0.0094927
0.0049994
0.0067454
0.013751
0.023128
0.028957
0.031279
0.029525
0.021452
0.011633
0.0038133
-0.00077489
-0.0023197
-0.006116
-0.017556
-0.035624
-0.052116
-0.058791
-0.050348
-0.038762
-0.028545
-0.023578
-0.01948
-0.0067691
-0.0091664
-0.012388
-0.013611
-0.017912
-0.022044
-0.022513
-0.015902
0.0038817
0.024493
0.040272
0.054911
0.09359
0.14975
0.20118
0.2335
0.24986
0.25032
0.2341
0.19634
0.1403
0.073424
0.00023495
-0.082894
-0.16976
-0.2334
-0.25352
-0.23907
-0.19749
-0.14455
-0.10376
-0.088362
-0.088324
-0.088136
-0.074502
-0.056315
-0.034029
-0.023105
-0.019629
-0.021277
-0.02545
-0.026703
-0.027181
-0.024286
-0.02304
-0.019901
-0.015781
-0.015325
-0.017672
-0.013002
-0.0013019
0.013896
0.026133
0.030393
0.027238
0.03155
0.033819
0.036301
0.031668
0.02509
0.019157
0.015069
0.011362
0.0076263
0.0048967
0.0014845
-0.0067363
-0.022488
-0.042604
-0.058913
-0.060699
-0.052367
-0.037917
-0.028076
-0.02165
-0.014978
-0.010176
-0.0044209
-0.00061808
0.0034099
-0.00011105
-0.0049344
-0.0091961
-0.015368
-0.018783
-0.022386
-0.022398
-0.013571
0.0044948
0.023467
0.039281
0.053916
0.085375
0.14262
0.19905
0.23654
0.26288
0.2707
0.24125
0.19024
0.13353
0.074051
-0.0014033
-0.092676
-0.17126
-0.21879
-0.24564
-0.24261
-0.19868
-0.1434
-0.10753
-0.095854
-0.09415
-0.088149
-0.071079
-0.052124
-0.034047
-0.023402
-0.020078
-0.039895
-0.051157
-0.036781
-0.025419
-0.019961
-0.01412
-0.011557
-0.0063335
0.0052778
0.017988
0.023739
0.020142
0.013981
0.0066261
0.0018011
0.0022539
0.0084318
0.01561
0.024812
0.032232
0.036482
0.034229
0.024115
0.010054
2.0988e-05
-0.0029021
-0.0035583
-0.0064171
-0.014299
-0.029557
-0.04867
-0.060069
-0.056499
-0.041003
-0.030359
-0.020847
-0.015548
-0.012037
-0.0093738
-0.0075106
-0.0058138
-0.0040301
-0.0098772
-0.016386
-0.017944
-0.017727
-0.017221
-0.016107
-0.0093434
0.0047599
0.021479
0.031826
0.045139
0.080649
0.1388
0.19254
0.22975
0.25233
0.2536
0.22694
0.187
0.1395
-0.011782
-0.25653
-0.38962
-0.33867
-0.22312
-0.12929
-0.082893
-0.072752
-0.074096
-0.067695
-0.05488
-0.038312
-0.026924
-0.020919
-0.020963
-0.024396
-0.025373
-0.023593
-0.022734
-0.019957
-0.01611
-0.013784
-0.01014
-0.010133
-0.0095064
-0.00035893
0.01271
0.024355
0.025828
0.021781
0.013658
0.0069125
0.005538
0.0081468
0.011951
0.015
0.021508
0.02811
0.031247
0.02859
0.022756
0.017277
0.010127
0.0014306
-0.0051419
-0.027697
-0.071954
-0.084707
-0.072122
-0.046173
-0.024225
-0.0095315
-0.002149
-0.0022573
0.00079936
-0.0024247
-0.010366
-0.016498
-0.018354
-0.019152
-0.022062
-0.020843
-0.012186
0.0034909
0.023041
0.036687
0.051386
0.088351
0.15081
0.20159
0.2282
0.24377
0.24822
0.2268
0.18505
0.12951
0.064751
-0.012
-0.093866
-0.1667
-0.21839
-0.2441
-0.24017
-0.19438
-0.13615
-0.10197
-0.092467
-0.092767
-0.089815
-0.072407
-0.050439
-0.03359
-0.023753
-0.020623
-0.041358
-0.044516
-0.040324
-0.027747
-0.016739
-0.011164
-0.0088601
-0.0020474
0.010563
0.022368
0.027793
0.024028
0.016106
0.0073864
0.00056305
0.00048474
0.0045734
0.011317
0.017879
0.020949
0.022866
0.022554
0.015669
0.008288
0.0045405
0.0035005
0.0021522
-0.0045171
-0.017364
-0.035679
-0.052682
-0.059495
-0.053016
-0.041596
-0.030562
-0.021036
-0.017273
-0.013499
-0.0094225
-0.0043066
-0.0017952
-0.0022697
-0.010124
-0.016711
-0.019478
-0.018935
-0.020045
-0.021291
-0.013882
0.0056806
0.027064
0.045095
0.062329
0.20146
0.44163
0.53158
0.41896
0.25967
0.11529
-0.0038122
-0.10687
-0.18248
-0.22658
-0.24832
-0.23875
-0.19042
-0.13233
-0.098064
-0.08874
-0.086604
-0.084176
-0.072044
-0.054661
-0.034806
-0.024528
-0.020173
-0.023811
-0.029405
-0.030246
-0.029445
-0.025676
-0.020296
-0.015056
-0.012461
-0.012052
-0.012553
-0.012963
-0.0074463
0.0043475
0.01523
0.021643
0.022584
0.019068
0.015428
0.019295
0.035274
0.04635
0.042393
0.030334
0.013896
0.00071646
-0.0063165
-0.008433
-0.010801
-0.02025
-0.037084
-0.052481
-0.05492
-0.045195
-0.034129
-0.027553
-0.018648
-0.014006
-0.011268
-0.0055841
-0.0006025
0.0026363
0.0020049
-0.0035594
-0.010993
-0.01478
-0.017205
-0.021329
-0.019614
-0.010861
0.0046446
0.02171
0.035683
0.049599
0.083364
0.14107
0.20065
0.23588
0.25181
0.25423
0.233
0.1905
0.13298
0.064386
-0.015177
-0.099458
-0.17432
-0.22394
-0.24139
-0.23056
-0.19374
-0.14399
-0.12864
-0.15083
-0.14059
-0.090029
-0.050108
-0.028332
-0.020202
-0.017935
-0.020508
-0.024546
-0.026
-0.024765
-0.020225
-0.014492
-0.010981
-0.011867
-0.0084084
-0.0014876
0.0095275
0.021374
0.024947
0.020916
0.015928
0.0081807
0.003196
0.0018726
0.0053099
0.012526
0.020937
0.022874
0.02055
0.01623
0.010505
0.0046171
0.0020315
0.002907
0.0020292
-0.0047555
-0.0168
-0.033376
-0.05193
-0.059643
-0.054368
-0.042789
-0.031985
-0.022137
-0.016782
-0.013853
-0.012373
-0.0090167
-0.0079552
-0.012478
-0.011178
-0.0231
-0.02211
-0.0027469
0.020053
0.038384
0.052682
0.082893
0.14465
0.20815
0.24327
0.25651
0.25756
0.24231
0.20262
0.13916
0.069563
-0.0016886
-0.078523
-0.15515
-0.22338
-0.26323
-0.24841
-0.1888
-0.13263
-0.10292
-0.094758
-0.093666
-0.085251
-0.068661
-0.047448
-0.029281
-0.018946
-0.020432
-0.027443
-0.03229
-0.031393
-0.030098
-0.024726
-0.019393
-0.01465
-0.016729
-0.017326
-0.016922
-0.015886
-0.0097009
0.0057125
0.023473
0.038195
0.041173
0.036486
0.034501
0.029938
0.02876
0.028357
0.025402
0.018604
0.010157
0.0031499
-0.00059423
-0.0025592
-0.0057274
-0.015793
-0.034662
-0.053691
-0.060515
-0.054044
-0.039591
-0.02782
-0.016248
-0.011567
-0.0076999
-0.0051039
-0.0038816
-0.0014294
-0.0054847
-0.0068782
-0.010353
-0.013449
-0.016382
-0.018957
-0.021305
-0.015807
0.00027802
0.022901
0.038279
0.052917
0.093825
0.14904
0.19984
0.23124
0.24731
0.25141
0.23548
0.19723
0.14008
0.069112
-0.012483
-0.097341
-0.17301
-0.22325
-0.24524
-0.24214
-0.22866
-0.23815
-0.20848
-0.13107
-0.06649
-0.030147
-0.016501
-0.017636
-0.021326
-0.023361
-0.022111
-0.019339
-0.019691
-0.01667
-0.013129
-0.01376
-0.013458
-0.0083193
0.0016604
0.0164
0.025954
0.026318
0.021539
0.014183
0.0091693
0.0056234
0.0068064
0.011342
0.014296
0.017175
0.019549
0.021303
0.017305
0.0097425
0.0063702
0.0059476
0.004756
0.0020826
-0.0046849
-0.017752
-0.036535
-0.052812
-0.057944
-0.050489
-0.03891
-0.028126
-0.012054
-0.005392
0.0021161
-0.0013218
-0.006028
-0.012943
-0.014854
-0.017816
-0.021074
-0.012981
0.0048807
0.025674
0.038667
0.050342
0.086898
0.14789
0.20633
0.24475
0.26042
0.2538
0.23093
0.19378
0.14104
0.074068
-0.0020906
-0.088193
-0.16571
-0.21944
-0.25017
-0.2455
-0.19437
-0.13598
-0.10077
-0.089904
-0.088756
-0.08672
-0.073228
-0.053757
-0.034955
-0.026822
-0.02759
-0.030548
-0.031613
-0.030918
-0.029932
-0.026137
-0.022627
-0.02067
-0.019393
-0.0092372
0.0012597
0.017078
0.026123
0.023418
0.01773
0.010647
0.0034371
0.0010892
0.0047499
0.012335
0.021787
0.028655
0.030707
0.026255
0.018074
0.010729
0.0049335
0.00080887
-0.00082078
-0.0047002
-0.01617
-0.035652
-0.053413
-0.060941
-0.053187
-0.041593
-0.026978
-0.016983
-0.013247
-0.0082874
-0.0052808
-0.0025252
-0.00013536
-0.0038448
-0.011856
-0.014553
-0.014367
-0.015637
-0.019265
-0.023447
-0.018695
-0.00038086
0.021222
0.03581
0.044868
0.077015
0.13705
0.20394
0.24361
0.2576
0.25399
0.23065
0.1888
0.13142
0.063092
-0.011713
-0.0902
-0.21063
-0.35961
-0.37906
-0.27766
-0.17747
-0.10993
-0.074217
-0.051542
-0.037066
-0.025245
-0.022318
-0.021341
-0.02071
-0.019662
-0.020733
-0.023028
-0.021155
-0.017577
-0.017033
-0.013576
-0.011921
-0.012557
-0.010239
-0.0018644
0.011462
0.021443
0.021954
0.021244
0.019352
0.016324
0.011154
0.0082161
0.008827
0.012775
0.019398
0.026148
0.029949
0.029768
0.023491
0.014857
0.0068291
0.0019669
-0.00017485
-0.004972
-0.016548
-0.043096
-0.07425
-0.076366
-0.060999
-0.032454
-0.015358
-0.0061466
-0.0043393
-0.0055002
-0.0051066
-0.013027
-0.021552
-0.023382
-0.024565
-0.021041
-0.016764
-0.010638
0.0011314
0.015104
0.026923
0.042367
0.076196
0.13799
0.20229
0.24221
0.25414
0.24801
0.22678
0.19092
0.1404
0.078192
0.004806
-0.076828
-0.15892
-0.22556
-0.26086
-0.25713
-0.21226
-0.14751
-0.10137
-0.087141
-0.089644
-0.091725
-0.079913
-0.05939
-0.039361
-0.024838
-0.019973
-0.022326
-0.027565
-0.022343
-0.031513
-0.032991
-0.024174
-0.011424
0.00070292
0.012279
0.018206
0.019692
0.020509
0.018947
0.012907
0.0066581
0.004728
0.0072634
0.012935
0.022981
0.029122
0.030854
0.026519
0.017776
0.010053
0.004953
0.00082623
-0.0031958
-0.008096
-0.016739
-0.033105
-0.051189
-0.058991
-0.054057
-0.042191
-0.029898
-0.019748
-0.014341
-0.012107
-0.0077862
-0.0029533
-0.0015447
-0.0063253
-0.015384
-0.018258
-0.01803
-0.018214
0.0031536
0.033028
0.069223
0.1066
0.15333
0.19934
0.23368
0.24903
0.25152
0.23623
0.19885
0.1402
0.071092
-0.0091213
-0.098665
-0.17795
-0.22325
-0.24127
-0.2333
-0.18658
-0.13218
-0.10043
-0.094859
-0.09808
-0.095921
-0.079764
-0.055625
-0.038835
-0.026801
-0.026022
-0.026482
-0.027694
-0.026066
-0.023752
-0.025148
-0.026752
-0.020535
-0.013981
-0.010883
-0.010563
-0.0076289
0.015932
0.04037
0.046008
0.033177
0.018533
0.010755
0.010189
0.01652
0.025488
0.030199
0.029348
0.022402
0.01327
0.006962
0.0030696
-0.0013853
-0.0067683
-0.015616
-0.032696
-0.048657
-0.055993
-0.050799
-0.038817
-0.028556
-0.019338
-0.016033
-0.011096
-0.0078941
-0.0041684
-0.0038085
-0.0066887
-0.0094482
-0.016681
-0.022488
-0.021889
-0.019517
-0.015678
-0.0087995
0.0027365
0.017135
0.02748
0.043114
0.084828
0.14993
0.21057
0.24234
0.24971
0.2468
0.22962
0.19088
0.13742
0.074872
0.00067669
-0.085839
-0.16836
-0.22605
-0.25252
-0.24737
-0.20798
-0.14898
-0.12726
-0.15159
-0.14084
-0.092119
-0.046907
-0.025943
-0.02191
-0.023526
-0.022776
-0.022045
-0.016154
-0.013997
-0.011546
-0.0078741
-0.0053139
-0.0026189
0.0028303
0.010706
0.0149
0.01579
0.016823
0.014677
0.013281
0.0094533
0.0079017
0.010639
0.014772
0.019859
0.025324
0.028452
0.026115
0.02021
0.013744
0.0079772
0.0038911
0.00070671
-0.0073295
-0.021482
-0.036911
-0.049208
-0.054152
-0.050724
-0.041592
-0.033268
-0.023913
-0.019066
-0.014121
-0.0081744
-0.0039322
-0.0044049
-0.0057492
-0.021704
-0.032394
-0.029174
-0.015925
0.0047701
0.023443
0.035919
0.051852
0.087224
0.13919
0.19269
0.23058
0.25194
0.25766
0.23489
0.1893
0.13557
0.067625
-0.017986
-0.10545
-0.1721
-0.20977
-0.23561
-0.24091
-0.19742
-0.13529
-0.097495
-0.091688
-0.094625
-0.090756
-0.074883
-0.055204
-0.038323
-0.026784
-0.022802
-0.022971
-0.025301
-0.027544
-0.023113
-0.02098
-0.018037
-0.013371
-0.0019625
0.0059416
0.017921
0.026068
0.027576
0.023464
0.019447
0.015772
0.011575
0.009288
0.010897
0.016007
0.025719
0.03324
0.035596
0.03252
0.024575
0.013486
0.0039773
-0.0014637
-0.0046148
-0.0086377
-0.016164
-0.029863
-0.047345
-0.058363
-0.058162
-0.047128
-0.031758
-0.022523
-0.018093
-0.019026
-0.015396
-0.014264
-0.016483
-0.01659
-0.017153
-0.018647
-0.020169
-0.021672
-0.025606
-0.024312
-0.017193
-0.0002954
0.019248
0.034058
0.052594
0.092144
0.15437
0.20636
0.23763
0.3024
0.34955
0.26173
0.071742
-0.10144
-0.21185
-0.25912
-0.25708
-0.21354
-0.1488
-0.10291
-0.088887
-0.088248
-0.084097
-0.069757
-0.053455
-0.035317
-0.021702
-0.014288
-0.015519
-0.017748
-0.019975
-0.017982
-0.01552
-0.017652
-0.018694
-0.015226
-0.010021
-0.0073556
-0.0066374
0.00076013
0.01651
0.02841
0.028248
0.0216
0.015222
0.0092521
0.0048609
0.006564
0.010395
0.014058
0.018423
0.022218
0.024187
0.021958
0.015291
0.0078235
0.0035679
-0.01293
-0.049695
-0.073945
-0.069153
-0.050065
-0.032949
-0.020365
-0.010538
-0.0044549
0.00092373
0.007443
0.0091156
0.0023566
-0.0051202
-0.012254
-0.016223
-0.019001
-0.020221
-0.019425
-0.011865
0.0055846
0.024933
0.037107
0.048465
0.084085
0.14628
0.20429
0.23738
0.25526
0.25969
0.23823
0.19695
0.13989
0.074285
-0.0011313
-0.084376
-0.16492
-0.22904
-0.25885
-0.24908
-0.19489
-0.13037
-0.097309
-0.092866
-0.097561
-0.088867
-0.069236
-0.050069
-0.030771
-0.041413
-0.041078
-0.034165
-0.024237
-0.018053
-0.014204
-0.010729
-0.0086853
-0.0079248
-0.004103
0.0051761
0.015891
0.021089
0.023207
0.019611
0.011607
0.0026198
-0.0010665
0.0026284
0.010785
0.021736
0.031907
0.036273
0.03408
0.026015
0.014627
0.0046657
-0.001935
-0.0049555
-0.0080312
-0.016981
-0.032847
-0.048072
-0.056612
-0.053824
-0.03928
-0.030092
-0.018336
-0.0097467
-0.0093874
-0.007785
-0.0093037
-0.0073411
-0.0092267
-0.011388
-0.013126
-0.015331
-0.020157
-0.02357
-0.026305
-0.017886
0.00051755
0.020459
0.034278
0.050897
0.089009
0.22893
0.41409
0.47024
0.36947
0.23032
0.096552
-0.014443
-0.10502
-0.17867
-0.23063
-0.24653
-0.22951
-0.18988
-0.13911
-0.099251
-0.082013
-0.080739
-0.084719
-0.083162
-0.065644
-0.046607
-0.028176
-0.022487
-0.020929
-0.022333
-0.026758
-0.026772
-0.023299
-0.021485
-0.015613
-0.010717
-0.0091907
-0.0087423
-0.0070174
-0.0016186
0.0067546
0.016785
0.021869
0.021091
0.017473
0.013411
0.0077443
0.0045062
0.0082742
0.015541
0.023514
0.030107
0.031526
0.027837
0.020917
0.013252
0.0067359
0.0018294
-0.0017291
-0.023754
-0.06543
-0.078864
-0.068165
-0.040227
-0.019222
-0.0053984
0.0027152
0.0063124
0.0065447
-6.7029e-05
-0.0069372
-0.011775
-0.012959
-0.014443
-0.020151
-0.02258
-0.014049
0.0052421
0.02583
0.03909
0.049415
0.087501
0.14906
0.20239
0.23892
0.2562
0.24987
0.2295
0.19695
0.14184
0.068559
-0.011452
-0.092662
-0.17218
-0.22805
-0.24299
-0.23587
-0.20544
-0.15302
-0.11061
-0.094073
-0.091427
-0.087837
-0.073797
-0.055742
-0.035176
-0.022817
-0.019725
-0.023663
-0.024883
-0.022644
-0.038991
-0.045168
-0.036829
-0.020786
-0.0042467
0.012788
0.024592
0.025769
0.021758
0.013414
0.0051665
0.0002439
-5.5729e-05
0.0045921
0.012511
0.019925
0.021929
0.022351
0.020176
0.015666
0.010228
0.0056846
0.0036431
0.0013434
-0.0045574
-0.015362
-0.032675
-0.050331
-0.058671
-0.051738
-0.038986
-0.031789
-0.020885
-0.016613
-0.013245
-0.013323
-0.01108
-0.006454
-0.0079114
-0.011463
-0.015314
-0.016729
-0.019762
-0.022868
-0.023926
-0.016038
0.0026042
0.023304
0.038652
0.05523
0.097175
0.259
0.4798
0.53111
0.38648
0.19609
0.034757
-0.090071
-0.1872
-0.25491
-0.26955
-0.23085
-0.17853
-0.12947
-0.099662
-0.093488
-0.09441
-0.088337
-0.073194
-0.054002
-0.034358
-0.020208
-0.016268
-0.018694
-0.022423
-0.026756
-0.025121
-0.021194
-0.015123
-0.008758
-0.0078411
-0.01087
-0.01277
-0.010326
-0.0032325
0.0075061
0.020069
0.026457
0.026459
0.018254
0.010398
0.0045588
0.0032128
0.006684
0.011704
0.020084
0.027568
0.029295
0.026951
0.020532
0.012172
0.0045899
-0.015222
-0.050758
-0.071016
-0.063407
-0.04693
-0.030158
-0.017614
-0.0093614
-0.0048584
0.00025048
0.0016265
0.0060547
0.0033318
-0.0054622
-0.013425
-0.016292
-0.018
-0.018988
-0.018631
-0.011921
0.0063709
0.026405
0.036605
0.047633
0.083588
0.14096
0.20052
0.23937
0.25785
0.25265
0.22499
0.18771
0.13435
0.06476
-0.014186
-0.093666
-0.16553
-0.21975
-0.24401
-0.24169
-0.2103
-0.15921
-0.11124
-0.083686
-0.076304
-0.074942
-0.064243
-0.053323
-0.03843
-0.044789
-0.046803
-0.036298
-0.028601
-0.021269
-0.01428
-0.010762
-0.0092034
-0.0047867
0.0014798
0.011988
0.02288
0.02336
0.018614
0.013577
0.008734
0.0048632
0.00411
0.0071702
0.012743
0.019218
0.023243
0.022915
0.020285
0.017069
0.012402
0.0076832
0.0058044
0.0039486
-0.0033345
-0.020605
-0.042864
-0.058672
-0.06004
-0.052253
-0.041605
-0.027536
-0.020665
-0.017848
-0.01246
-0.0076293
-0.010098
-0.014168
-0.013038
-0.026614
-0.032009
-0.022954
-0.0023765
0.020514
0.036125
0.049234
0.077172
0.14128
0.2078
0.2432
0.2523
0.25346
0.23669
0.19449
0.13531
0.069432
-0.0027625
-0.082292
-0.16142
-0.22671
-0.25853
-0.24435
-0.1932
-0.13676
-0.10359
-0.09502
-0.096157
-0.089572
-0.069143
-0.051059
-0.031895
-0.022188
-0.019908
-0.01848
-0.021688
-0.02356
-0.021979
-0.019178
-0.015987
-0.014574
-0.013881
-0.013278
-0.012749
-0.010052
-0.0020388
0.0094347
0.018894
0.02239
0.020415
0.016216
0.010423
0.0056105
0.0036433
0.0076656
0.012901
0.022241
0.030081
0.034708
0.034404
0.026258
0.010142
-0.011369
-0.035444
-0.053072
-0.058889
-0.052768
-0.037667
-0.028552
-0.019109
-0.012276
-0.009043
-0.0062942
-0.0045326
-0.0023141
-0.0043365
-0.011001
-0.015353
-0.01775
-0.017886
-0.020209
-0.021752
-0.014146
0.00059595
0.020807
0.035389
0.05327
0.092123
0.14794
0.20424
0.23679
0.24761
0.24608
0.22717
0.19284
0.14007
0.070784
-0.0089742
-0.091595
-0.16867
-0.22833
-0.25397
-0.24102
-0.19765
-0.14449
-0.10408
-0.087756
-0.085009
-0.077925
-0.06243
-0.044899
-0.039935
-0.03419
-0.025718
-0.022705
-0.020678
-0.016347
-0.0094466
-0.0084222
-0.0076314
-0.0039497
0.0066246
0.017359
0.024044
0.025692
0.021837
0.015556
0.010963
0.0074879
0.006564
0.010161
0.013336
0.0174
0.020425
0.021716
0.01932
0.014999
0.0085522
0.0025396
0.00099687
0.0001574
-0.0048752
-0.017325
-0.037333
-0.054066
-0.059276
-0.055325
-0.043777
-0.034687
-0.024022
-0.017764
-0.014943
-0.011152
-0.0055273
-0.0020619
-0.0075122
-0.01364
-0.01736
-0.016972
-0.017418
-0.020062
-0.022097
-0.013059
0.003596
0.022772
0.034738
0.04936
0.082307
0.14023
0.20428
0.24598
0.26232
0.2812
0.25896
0.13493
-0.0458
-0.18481
-0.253
-0.25098
-0.20113
-0.14066
-0.097703
-0.083299
-0.083526
-0.078669
-0.063771
-0.045552
-0.028271
-0.019388
-0.015777
-0.022292
-0.027528
-0.026451
-0.022219
-0.019011
-0.016186
-0.012472
-0.011145
-0.011972
-0.013977
-0.011677
-0.0045243
0.0083376
0.019334
0.025826
0.027142
0.022635
0.014684
0.0075493
0.00297
0.0069615
0.015116
0.024547
0.029486
0.031882
0.029099
0.021492
0.011365
0.0018512
-0.0055244
-0.0092545
-0.011598
-0.021681
-0.039375
-0.055912
-0.059105
-0.050277
-0.038997
-0.02208
-0.0088416
-0.0029468
8.0892e-05
-0.0056539
-0.0098974
-0.01511
-0.018069
-0.021766
-0.020918
-0.011704
0.0043939
0.023443
0.037282
0.052035
0.08362
0.14196
0.19489
0.22771
0.24681
0.25622
0.23547
0.18722
0.13245
0.068309
-0.010929
-0.095716
-0.16854
-0.22216
-0.25112
-0.24398
-0.20041
-0.1453
-0.10342
-0.088164
-0.087147
-0.084447
-0.069957
-0.050467
-0.031873
-0.02427
-0.021158
-0.022782
-0.025239
-0.024767
-0.022888
-0.024271
-0.025195
-0.020936
-0.01644
-0.012889
-0.010807
-0.0082598
-8.3745e-05
0.011638
0.02098
0.025693
0.023807
0.018619
0.021973
0.029682
0.034718
0.03095
0.024906
0.018154
0.011063
0.0049488
0.0023539
0.0009207
-0.0045654
-0.017423
-0.035002
-0.051135
-0.057738
-0.053465
-0.040657
-0.032455
-0.022453
-0.016811
-0.011542
-0.0095077
-0.0053939
-8.1146e-05
-0.0034834
-0.0068059
-0.013573
-0.016651
-0.017124
-0.019144
-0.022074
-0.014041
0.0038837
0.026332
0.041444
0.053819
0.083696
0.13774
0.20019
0.24285
0.25903
0.25402
0.23431
0.19996
0.14577
0.075525
-0.0055607
-0.087561
-0.16511
-0.23237
-0.26747
-0.24393
-0.1813
-0.12591
-0.095841
-0.0881
-0.087755
-0.082237
-0.067132
-0.050702
-0.035679
-0.028108
-0.026309
-0.0292
-0.034955
-0.035686
-0.033267
-0.032952
-0.027654
-0.013154
-0.012028
0.00053328
0.014115
0.021915
0.022533
0.017307
0.011608
0.0065288
0.0045515
0.0072451
0.012971
0.021429
0.028861
0.030211
0.028582
0.022566
0.013402
0.005911
0.0015454
-0.0015208
-0.0073368
-0.020378
-0.038211
-0.051473
-0.055431
-0.049227
-0.036627
-0.030248
-0.020896
-0.016323
-0.012857
-0.0065535
-0.0037224
-0.0009471
-0.0044638
-0.010411
-0.016219
-0.018998
-0.018594
-0.017629
-0.015543
-0.0081316
0.0038652
0.019575
0.03362
0.046786
0.081747
0.14098
0.19567
0.22819
0.24956
0.25812
0.23851
0.195
0.14267
0.075874
-0.0094941
-0.097824
-0.17086
-0.22128
-0.24718
-0.24698
-0.2102
-0.14819
-0.10156
-0.087786
-0.089174
-0.08933
-0.07526
-0.059005
-0.037235
-0.026761
-0.023096
-0.022639
-0.026403
-0.031689
-0.038725
-0.035954
-0.01622
-0.0103
0.0011346
0.010653
0.016337
0.018871
0.019164
0.016926
0.013241
0.0085407
0.0081117
0.0098604
0.016805
0.02536
0.029289
0.029398
0.026211
0.01998
0.014777
0.010199
0.005009
-0.00046378
-0.0068938
-0.017858
-0.037202
-0.058056
-0.064286
-0.05728
-0.043388
-0.031889
-0.022932
-0.01735
-0.012446
-0.0049775
-0.0035633
-0.0021711
-0.0077819
-0.012779
-0.015704
-0.017412
-0.018943
-0.022363
-0.025263
-0.016997
-0.00064368
0.017444
0.029627
0.046697
0.085846
0.13672
0.19205
0.241
0.26229
0.25562
0.23253
0.19358
0.1305
0.060234
-0.0078368
-0.081
-0.16015
-0.22514
-0.25387
-0.24653
-0.19932
-0.13825
-0.10205
-0.091946
-0.091907
-0.088692
-0.074146
-0.053945
-0.035779
-0.023704
-0.020003
-0.021862
-0.028817
-0.022016
-0.033625
-0.039132
-0.028724
-0.018718
-0.0075622
0.0099307
0.023464
0.027331
0.02427
0.016806
0.0094555
0.0055038
0.006913
0.010397
0.014148
0.017563
0.022516
0.024328
0.022204
0.016503
0.0096503
0.0037227
0.00019303
-0.00039551
-0.0039475
-0.015306
-0.032436
-0.050856
-0.061943
-0.059235
-0.048158
-0.035713
-0.022582
-0.015719
-0.011759
-0.012027
-0.0080575
-0.001731
-0.0056726
-0.013091
-0.019221
-0.019528
-0.018314
-0.020515
-0.02092
-0.01432
0.00083816
0.020612
0.034452
0.049345
0.090023
0.14818
0.1995
0.2395
0.26103
0.25378
0.22909
0.19451
0.14351
0.078175
0.0026261
-0.079309
-0.16438
-0.23185
-0.26492
-0.25714
-0.20313
-0.14136
-0.10462
-0.090929
-0.088966
-0.086966
-0.072898
-0.051846
-0.031962
-0.022932
-0.020288
-0.02022
-0.02339
-0.022284
-0.022289
-0.023303
-0.02192
-0.018338
-0.016673
-0.015271
-0.013924
-0.01123
-0.0031588
0.011152
0.024491
0.027917
0.023215
0.014851
0.0090252
0.0052119
0.0042913
0.0070518
0.01248
0.016981
0.018443
0.018244
0.016866
0.013623
0.0093605
0.0056824
0.0038828
0.0026465
-0.0047104
-0.020653
-0.043681
-0.061618
-0.063551
-0.049143
-0.033338
-0.025899
-0.022147
-0.017325
-0.014518
-0.011394
-0.0058055
-0.0069877
-0.011139
-0.014882
-0.010893
-0.021184
-0.012046
0.011978
0.035904
0.057112
0.093218
0.15109
0.20243
0.23576
0.25523
0.2548
0.22982
0.19277
0.14362
0.079053
-0.00067937
-0.086269
-0.16824
-0.23088
-0.25555
-0.24315
-0.20103
-0.14781
-0.10808
-0.090573
-0.088576
-0.087783
-0.074096
-0.05482
-0.035656
-0.026725
-0.02111
-0.022235
-0.024089
-0.02879
-0.026936
-0.023089
-0.019141
-0.01644
-0.017155
-0.016728
-0.016089
-0.0112
0.010798
0.032464
0.041187
0.031866
0.018718
0.0099804
0.0083537
0.009683
0.013412
0.015923
0.017964
0.017295
0.014682
0.010713
0.0056134
0.001608
-0.0019359
-0.0065057
-0.017519
-0.037881
-0.055269
-0.059104
-0.050749
-0.038195
-0.028652
-0.017062
-0.010592
-0.0067998
-0.0057025
-0.0025901
0.00053789
-0.00088262
-0.0053974
-0.011373
-0.0147
-0.016242
-0.018639
-0.020388
-0.013103
0.001982
0.025907
0.043825
0.054953
0.077402
0.13296
0.20357
0.25085
0.25711
0.23356
0.19108
0.10505
-0.027235
-0.15871
-0.23306
-0.22517
-0.16908
-0.12059
-0.09692
-0.087149
-0.080381
-0.068802
-0.046471
-0.021396
-0.0061163
-0.0056711
-0.014719
-0.029107
-0.037544
-0.039473
-0.035525
-0.028278
-0.020563
-0.01358
-0.010124
-0.011109
-0.013823
-0.015366
-0.01502
-0.01382
-0.012744
-0.010771
-0.0063084
-3.9163e-06
0.0057526
0.0095641
0.012873
0.013202
0.0081552
0.0016379
-0.0033109
-0.0043363
-0.0018128
-0.00050218
-0.0014204
-0.0013958
-0.0015061
-0.0031263
-0.0038137
-0.004881
-0.0082188
-0.011781
-0.013527
-0.013944
-0.01506
-0.014837
-0.012105
-0.01018
-0.0098901
-0.0093134
-0.0082823
-0.0074927
-0.0086201
-0.011094
-0.011714
-0.010168
-0.0099805
-0.0098182
-0.0029066
0.009498
0.021953
0.036468
0.064428
0.11093
0.15946
0.19775
0.23442
0.26595
0.28394
0.28209
0.25567
0.21046
0.15379
0.081721
-0.0043248
-0.094273
-0.17018
-0.2215
-0.25191
-0.25931
-0.23359
-0.17142
-0.11289
-0.086532
-0.082948
-0.085476
-0.081728
-0.070678
-0.050701
-0.0322
-0.022421
-0.017934
-0.016719
-0.022715
-0.023157
-0.019231
-0.013071
-0.004801
7.1634e-05
0.0015422
0.0027743
0.0069088
0.01625
0.027609
0.033631
0.033457
0.028404
0.020727
0.015521
0.0091509
0.0054709
0.0074844
0.014075
0.021433
0.025992
0.029848
0.027769
0.020485
0.012355
0.0068705
0.0029033
-0.0018523
-0.012312
-0.032882
-0.057171
-0.068672
-0.065201
-0.050661
-0.034328
-0.018612
-0.00090209
0.0077557
0.012872
0.013815
0.012865
0.010605
0.0042057
-0.0026408
-0.0092042
-0.015087
-0.016348
-0.017726
-0.017487
-0.0076389
0.0084315
0.029949
0.05663
0.073463
0.081187
0.10257
0.15935
0.21417
0.24068
0.24511
0.23058
0.18824
0.12814
0.058789
-0.015008
-0.093437
-0.17088
-0.22975
-0.25675
-0.24248
-0.19031
-0.12927
-0.093168
-0.086009
-0.089221
-0.085866
-0.067059
-0.046588
-0.027811
-0.020893
-0.018734
-0.020924
-0.020984
-0.024153
-0.022292
-0.022748
-0.018247
-0.012643
-0.0086784
-0.0088857
-0.011127
-0.0097891
-0.0017813
0.015071
0.028468
0.03102
0.027407
0.018833
0.010215
0.0045797
0.002076
0.0090744
0.017166
0.025106
0.032298
0.036595
0.034723
0.02643
0.018673
0.0109
0.0047667
0.0014479
-0.0044448
-0.01625
-0.032509
-0.046732
-0.051035
-0.048941
-0.043495
-0.034397
-0.023858
-0.014676
-0.0048345
0.0049123
0.014157
0.017857
0.017886
0.013405
0.0053777
-0.00079282
-0.0030719
-0.0025972
-0.00095662
-0.0016411
-0.0042147
-0.0057408
-0.0068778
-0.0056812
-0.0050026
-0.0069143
-0.0074619
-0.0098205
-0.014629
-0.016587
-0.017225
-0.016957
-0.015771
-0.015973
-0.016062
-0.0137
-0.0093275
-0.0062712
-0.0053861
-0.0042914
-0.0018458
0.00057857
0.0026354
0.004646
0.0057144
0.0057183
0.005611
0.0052675
0.0036557
0.0011905
-0.00070565
-0.0013148
-0.0016069
-0.0016862
-0.0012944
-0.00091999
-0.0006709
-0.00097277
-0.0016815
-0.0018292
-0.0015916
-0.0024503
-0.0043467
-0.0048218
-0.0030819
-0.0010167
-0.00015306
-0.00064947
-0.0011416
-0.00096989
-0.00061817
-0.00041323
-0.0002848
0.00078772
0.0018482
0.00047186
-0.00027624
0.00078607
0.00034103
-0.0010225
-0.0017219
-0.0012163
0.00017898
0.00093875
0.001769
0.0017907
-0.00073654
-0.0027206
-0.0024259
-0.0014339
-0.0005627
0.00028953
0.0022197
0.0034554
0.0011481
-0.0020109
-0.0028299
-0.0016882
-0.00025463
-7.4314e-05
-0.00039765
-0.00040981
-0.0003577
-0.00025352
-0.00012379
-3.737e-05
8.246e-06
2.1387e-05
-2.6741e-05
-0.00012625
0.00013397
0.00046611
0.00016482
-0.00024128
-0.00034435
-0.00030151
-0.00017658
-6.9276e-05
-6.2136e-06
1.8174e-05
1.9804e-05
1.3179e-05
5.9499e-06
1.3058e-06
-7.8595e-07
-1.2339e-06
-9.405e-07
-4.5348e-05
-9.2018e-05
-6.7929e-05
-0.00038054
-0.0017113
-0.0022848
-0.00032728
0.0014995
0.0015846
0.0010378
0.00017494
-0.00048275
-0.00024233
0.00022444
-0.00072172
-0.0031252
-0.0031223
-4.0204e-05
0.0019488
0.0023459
0.002043
0.00016289
-0.0015764
-0.00087325
0.00041968
-1.4539e-05
-0.00089181
-0.0011653
-0.002156
-0.0024437
-0.0016504
-4.1473e-05
0.0018534
0.00086284
-0.0010639
-0.0013936
-3.0864e-05
0.0014784
0.0011738
0.0017188
0.0016805
-0.0012921
-0.0019602
8.637e-05
-0.00026046
-0.0022934
-0.0028731
-0.001326
-7.869e-06
4.276e-05
0.0015386
0.0026864
0.0010325
-0.00070646
-0.0010514
-0.00073541
0.0004905
0.0015269
0.000243
-0.0014182
-0.0014856
-0.00090577
-0.0008357
-0.00097424
-0.00065957
-0.00071866
-0.00019062
0.0011792
0.00092573
-0.0001969
-0.00045784
-0.00074061
-0.00033524
0.0013471
0.0018973
0.00034617
-0.001074
-0.00088236
-0.00061053
-0.00053161
0.00015224
0.0002225
-0.00053752
-0.00049041
0.00011801
-0.00017721
-0.00067823
-0.00060518
-0.00030477
-3.4452e-05
0.00043168
0.0012092
0.0017599
0.0014636
8.3788e-06
-0.0010923
-0.00065886
-0.0014074
-0.0024808
-0.00038546
0.0012479
-0.00047231
-0.0013586
-0.00031915
-0.00069364
-0.0020502
-0.0022404
-0.0010801
0.00013076
9.2199e-05
-0.00036535
7.6574e-05
0.00072434
0.0006766
0.00036674
0.00012262
-8.3498e-06
-4.8979e-05
-4.6564e-05
-2.8025e-05
0.00028345
0.00063552
-0.00011946
-0.0010458
-0.00057243
0.00021316
0.00040835
0.00032661
0.00017924
9.3831e-06
-0.00011324
-0.00051652
-0.00093887
-0.00038276
0.00041362
0.00059432
0.00044421
0.00028421
0.00018165
7.9342e-05
1.5164e-05
-6.6881e-05
-0.0001304
-4.7367e-05
-0.00035165
-0.00074296
-0.00025178
-4.7263e-05
-0.00076784
-0.0011484
-0.00080271
-0.00039211
-0.00016039
3.4634e-05
0.00014649
7.4288e-05
-3.4184e-05
-2.6563e-06
8.7089e-06
-9.6612e-05
-0.00010328
-9.7618e-06
2.5715e-05
8.4679e-05
6.9923e-05
-1.2213e-05
1.783e-05
7.717e-05
1.3244e-05
-6.7839e-05
-1.6508e-05
6.2859e-05
6.7663e-05
4.491e-05
2.0571e-05
4.4924e-06
-5.5955e-05
-0.00011639
-8.7421e-05
-0.00010062
-0.00012035
-3.3124e-05
0.000123
0.00018663
7.9977e-05
-8.5212e-05
-0.00011916
2.4746e-05
0.00053276
0.0012818
0.00040621
-0.0020363
-0.0031099
-0.0023466
-0.0012776
-0.00049691
1.2013e-05
0.00024128
0.00023337
0.00014478
6.124e-05
9.924e-06
-1.1598e-05
-6.7075e-05
-0.0011419
-0.002063
-0.00055215
0.0011976
0.00095908
5.8662e-05
-0.00098926
-0.002632
-0.0031507
-0.0021243
-0.00099145
-0.00023517
0.00011384
0.00014022
3.7554e-05
0.0010183
