34.934
20.247
12.156
7.0763
2.9778
0.05498
0.24261
0.4295
0.62626
0.6111
0.69054
0.59186
0.862
0.95846
0.74663
0.60284
0.33464
0.48169
3.6514
4.6063
8.3683
11.786
11.978
9.4559
10.562
11.465
9.8124
4.4667
4.9836
5.1559
5.4989
5.5775
5.2384
7.5897
13.187
18.76
26.995
45.014
57.855
61.333
61.57
57.865
55.231
49.452
50.608
53.085
53
52.015
53.349
51.488
53.199
47.983
45.948
39.151
25.301
12.527
6.2773
7.8534
11.361
15.359
20.838
27.724
32.067
33.434
43.146
45.013
45.259
45.79
35.499
32.09
19.381
10.446
5.3611
2.7048
0.096627
0.13523
0.51752
0.24392
0.21335
0.42605
0.92817
0.65431
0.61829
0.81108
0.24731
0.61034
13.18
16.06
20.97
19.022
15.27
15.637
21.365
25.034
17.902
10.824
6.4289
4.5868
4.6507
4.032
2.3166
1.4604
5.3421
8.4183
14.616
37.371
52.826
60.688
60.408
59.17
55.435
45.588
39.711
37.979
41.907
47.7
54.663
58.117
45.898
45.613
42.189
34.459
22.025
7.4705
4.0818
5.1687
9.2557
13.563
20.12
29.328
31.869
33.389
34.282
34.844
36.397
41.437
43.661
36.126
27.852
15.053
7.5585
4.5211
0.80245
0.13979
0.91379
0.085533
0.36132
0.48894
0.22672
0.61077
0.54218
0.64079
0.83213
0.89558
0.8854
0.47098
0.69925
0.33902
0.61286
15.887
11.909
14.338
17.787
20.141
15.307
11.139
6.0731
4.2239
3.9035
4.3244
3.6081
3.5752
3.778
4.4228
5.2866
5.7969
7.2142
10.027
55.462
58.437
53.25
47.318
44.029
41.501
41.069
44.867
54.972
56.566
52.651
47.84
44.078
45.998
45.195
44.277
41.633
34.816
22.946
13.483
20.265
26.818
31.81
35.45
35.69
34.712
37.154
40.885
44.34
47.448
49.049
48.448
37.092
31.372
14.304
7.5285
5.0813
0.4846
0.24707
0.52935
0.37724
0.36187
0.60249
0.64091
0.77
0.7964
0.74603
0.38168
0.44473
0.29874
4.1512
15.568
15.282
15.419
14.214
11.258
15.039
16.138
12.62
8.6157
7.7099
6.8483
6.5148
5.6933
4.8235
3.051
2.7863
4.0038
20.406
42.21
54.33
54.714
57.132
59.381
51.5
45.199
41.972
42.85
44.069
48.289
52.369
55.457
56.085
50.529
39.675
42.026
46.467
51.537
46.304
36.886
18.542
5.401
3.9756
4.6947
8.6407
11.652
20.539
28.176
33.461
36.694
39.113
39.38
43.791
46.797
46.988
46.566
48.663
50.532
42.179
34.536
2.4349
0.11847
0.4916
0.097298
0.22004
0.32883
0.42427
0.41213
0.27265
0.55532
0.61305
0.66038
0.4705
0.71069
0.34623
0.45168
0.3885
3.8946
10.597
13.924
13.693
10.736
9.7281
14.564
14.993
10.314
8.48
6.6763
6.0654
5.4949
4.8924
3.9616
3.7712
4.408
5.6758
6.7094
7.3692
9.133
22.62
43.264
53.02
53.748
57.448
57.012
50.647
44.214
44.42
42.458
46.659
47.45
42.922
45.977
50.865
51.722
47.286
40.138
24.118
8.2975
4.3116
3.9685
8.4422
13.578
17.897
26.122
31.879
36.489
39.752
43.652
45.069
43.073
41.141
44.236
45.877
46.83
36.598
29.555
17.543
7.966
4.2347
1.0383
0.10648
0.94288
0.3789
0.054989
0.60407
0.78668
0.51303
0.73414
0.57609
0.62987
0.75939
0.51069
0.72163
0.54229
0.40474
0.5835
3.5371
9.7008
14.19
17.725
13.201
9.2378
7.5228
6.8539
6.903
6.1262
4.4021
3.7604
4.1999
4.7574
5.3307
6.3949
7.0799
8.4182
21.69
37.484
46.502
51.686
55.973
55.288
46.168
38.88
35.879
40.251
44.847
48.425
51.138
53.877
52.928
44.312
40.953
41.63
48.297
52.017
50.099
36.192
24.699
12.016
17.959
27.605
31.724
36.381
39.763
42.783
44.035
46.575
46.789
46.807
46.998
50.496
43.473
34.474
22.95
10.787
5.8116
1.9615
0.059757
0.087862
0.071036
0.34311
0.51766
0.57695
0.43967
0.54452
0.61153
0.73395
0.82425
0.7247
0.65761
0.40854
0.4665
0.63023
2.7173
12.509
13.705
14.22
10.476
9.2152
6.3335
6.3692
5.5902
5.5454
4.7646
4.159
3.2654
4.3312
5.356
6.0287
6.7026
8.5505
21.934
39.241
50.096
53.058
55.92
52.501
46.806
44.212
38.934
42.459
46.036
49.138
52.035
51.812
50.55
45.198
41.475
43.615
46.349
51.854
47.764
38.124
25.94
8.1872
11.754
18.453
24.143
32.471
36.87
40.948
44.119
43.213
43.745
43.506
44.123
46.512
47.686
37.359
31.986
19.767
8.9431
5.6634
2.4261
0.098108
0.21232
0.14721
0.1798
0.095347
0.54667
0.58492
0.40157
0.64238
0.67093
0.76425
0.76914
0.35008
0.74693
0.34216
0.50335
3.2406
7.8075
12.745
16.422
10.416
9.239
7.2453
6.9686
6.5637
5.815
4.519
4.1032
4.5868
4.7469
5.7704
6.7788
6.2258
8.611
21.331
38.624
48.003
54.293
55.499
54.734
44.314
42.244
37.824
38.75
44.977
49.435
51.363
51.67
49.291
44.675
41.574
41.289
46.52
49.42
51.143
3.901
8.0844
13.052
21.56
24.605
32.858
35.568
41.022
43.765
46.35
45.251
43.676
42.85
45.17
46.6
38.103
33.662
15.715
8.8822
4.1599
1.6965
0.18504
0.99918
0.10966
0.086936
0.2811
0.55481
0.39888
0.3584
0.64983
0.67056
0.77265
0.50302
0.68106
0.30718
0.50575
0.31474
2.8148
9.7955
12.473
13.726
10.515
7.5235
6.211
6.3918
5.875
5.6311
3.8695
3.5812
4.609
4.6278
6.483
6.9274
7.5967
13.206
26.2
37.763
45.277
53.976
59.28
55.645
46.431
42.741
40.75
44.284
47.183
50.341
55.554
54.73
53.849
47.324
42.291
44.994
49.812
54.721
53.336
48.037
30.704
7.5649
3.1077
5.8676
9.7913
16.449
43.523
47.816
49.199
46.581
43.833
43.456
49.116
48.634
33.896
28.87
15.879
7.1911
3.8911
0.59887
0.10989
1.308
0.37847
0.19191
0.2371
0.54838
0.39321
0.38478
0.63595
0.73482
0.81022
0.89058
0.53058
0.56694
0.3977
0.58901
3.9559
11.183
11.369
15.475
16.698
11.897
8.1828
6.5154
5.5392
5.6095
5.2046
5.0949
5.2153
4.8879
4.5467
5.8483
6.3266
7.2095
10.719
20.983
35.377
46.259
53.545
57.141
52.539
43.784
39.006
39.809
42.9
45.847
50.064
54.712
53.983
49.486
44.165
42.392
47.202
52.23
52.803
46.293
44.726
30.398
6.8518
3.1891
25.066
32.786
37.897
42.115
44.659
47.726
45.557
43.459
44.137
44.872
48.924
40.362
32.211
16.203
8.1822
4.8186
1.2164
0.14536
0.12912
0.024667
0.44221
0.20289
0.9879
0.23659
0.53918
0.50288
0.78527
0.85126
0.71963
0.56993
0.5234
0.68224
0.67088
2.0774
7.4616
12.072
13.142
10.778
10.195
7.4586
6.5167
6.0527
6.2602
5.3528
4.8473
4.0368
5.6563
7.2045
7.9103
8.7796
12.81
23.964
40.179
48.67
53.644
57.196
52.857
44.335
39.171
40.05
45.422
48.034
49.411
53.593
54.723
52.573
44.318
46.789
49.545
49.228
51.906
49.427
44.651
21.547
5.4724
3.0036
3.4783
25.013
31.229
37.212
41.322
45.662
43.643
45.552
45.026
45.577
46.427
47.907
36.406
33.177
17.362
7.9317
4.8021
1.5723
0.12701
0.49821
0.041773
0.17867
0.17566
0.56937
0.70688
0.48184
0.64364
0.64528
0.81725
0.55445
0.6689
0.51017
13.631
13.398
11.856
12.986
15.984
17.62
12.797
7.8587
6.4164
5.8203
6.2679
5.4846
5.7155
5.035
4.5179
5.0085
7.0695
6.8722
7.4842
11.452
24.604
38.466
47.655
54.653
58.802
55.399
46.802
40.46
40.364
41.414
46.593
50.757
54.409
54.524
53.784
47.688
40.909
42.62
48.652
53.85
52.786
44.799
6.3723
9.3568
18.866
26.302
33.729
37.9
40.305
44.53
45.174
44.857
42.392
44.572
46.829
44.565
36.084
33.594
16.795
9.9208
5.102
2.4268
0.090661
0.082422
0.057679
0.21261
0.22231
0.51319
0.43088
0.88702
0.61227
0.79436
0.81774
0.9501
0.16616
0.75657
0.13146
0.74627
4.936
10.945
12.918
15.25
16.366
12.014
8.1661
6.8954
6.0172
5.8612
5.8264
4.5738
4.5058
5.1073
5.4711
6.2077
5.5645
6.6287
8.4154
17.686
37.791
47.08
54.127
56.188
52.957
46.002
39.137
40.245
41.745
46.76
53.138
52.19
50.767
48.701
46.575
42.855
45.425
50.357
51.815
48.045
44.392
25.579
9.6831
9.3057
18.764
26.08
33.206
37.934
42.346
48.689
47.686
47.147
45.312
44.653
45.049
47.598
35.909
30.264
16.342
8.5142
4.6046
2.2207
0.22193
0.15476
0.37661
0.56425
0.1632
0.28296
0.66576
0.42295
0.64701
0.76203
0.90366
0.53575
0.75753
0.64081
0.34902
0.57014
11.712
5.8067
12.769
13.675
11.415
8.8909
6.9426
6.7405
6.0454
6.5521
4.4962
4.6932
4.1996
5.2749
6.8446
6.9365
7.5178
10.311
23.375
40.638
46.359
52.326
57.089
54.415
45.394
41.89
40.385
42.505
48.623
52.153
53.257
55.563
54.596
45.842
40.867
42.218
47.993
57.56
54.104
49.985
7.1286
13.402
20.6
28.034
33.616
38.413
40.142
46.046
47.073
46.695
45.162
44.491
45.918
48.15
36.006
29.309
16.267
7.7195
4.3342
0.5993
0.1768
0.60528
0.1524
0.62937
0.1653
0.68962
0.60998
0.61607
0.80513
0.92679
0.90269
0.86511
0.98479
0.61692
0.46859
0.68796
7.5723
7.6737
9.415
14.922
17.42
11.695
8.8058
7.0958
6.6444
6.1014
6.2589
5.7782
5.6719
3.9732
5.8577
6.8472
6.8448
7.5188
11.697
22.212
39.266
45.649
54.329
56.978
55.467
47.938
42.325
39.713
44.301
46.599
53.582
54.229
55.486
52.674
46.171
42.202
44.37
52.134
56.268
50.997
43.717
8.1826
11.999
19.439
26.453
33.281
38.578
42.188
45.674
47.124
47.227
46.509
42.193
45.815
49.482
35.809
31.261
15.807
8.292
4.4194
2.1701
0.17499
0.15529
0.23485
0.088501
0.1897
0.85592
0.6914
0.41934
0.85146
1.0334
1.0267
0.94334
0.6498
7.3186
16.497
12.998
13.343
12.846
15.952
17.468
12.099
8.7111
7.365
6.1843
5.8304
6.2536
5.517
3.207
3.9808
6.1514
5.6075
6.571
7.3617
10.918
22.45
37.048
44.618
51.782
56.885
58.317
49.453
39.818
38.937
40.875
44.486
50.042
53.006
55.42
51.929
46.032
40.966
44.746
50.413
54.125
52.366
44.891
24.77
12.075
20.217
27.276
32.114
40.175
45.767
47.759
47.397
46.172
43.593
42.925
45.511
50.179
36.436
32.167
15.363
7.9767
4.5498
1.8717
0.090661
0.30909
0.16665
0.4381
0.2804
0.91123
0.54225
0.71584
0.53478
0.53333
0.99594
0.77517
0.98084
0.23084
0.55513
0.62349
2.0818
6.93
13.094
15.994
12.658
8.9826
7.4342
6.7933
7.4023
6.5728
5.8867
4.3805
4.6704
5.2393
6.3169
6.8176
7.6863
12.012
25.855
38.805
46.963
52.996
57.357
54.325
48.872
40.512
41.289
41.241
44.994
49.945
52.385
54.259
52.069
46.635
42.873
44.026
50.14
52.579
52.682
44.299
28.084
11.222
19.563
26.071
30.539
37.941
39.73
44.723
48.551
46.783
42.035
40.553
45.576
48.339
39.996
33.521
18.977
9.4331
4.3846
2.291
0.073896
0.093812
0.21816
0.10452
0.26087
0.87899
0.31406
0.81194
0.65589
0.67647
0.87386
0.69021
0.63058
0.63791
0.35012
0.62135
2.943
9.8083
13.005
15.737
12.066
10.476
14.957
16.087
11.73
8.6487
6.7283
4.6414
3.0578
4.1152
5.7668
5.8136
6.3221
10.01
24.299
41.167
46.514
51.82
55.167
51.456
44.555
40.728
40.58
42.473
48.174
51.505
51.876
50.333
51.191
48.281
45.006
46.847
50.753
53.065
51.199
46.865
27.443
8.4119
4.1604
4.6854
7.9814
12.608
20.235
27.654
34.082
39.372
41.944
46.855
47.006
45.473
44.821
41.33
41.831
47.98
37.7
28.733
0.15024
0.13434
0.30108
0.39395
0.063679
0.50767
0.67163
0.63196
0.74174
0.90615
1.0063
0.90113
0.59505
0.52399
0.82018
0.29588
2.5903
4.6347
11.121
12.305
12.181
10.941
14.282
14.943
12.471
9.175
6.9988
6.5901
6.7485
5.06
5.4326
6.0364
6.0267
6.6327
7.6636
7.7735
8.6907
53.019
56.738
50.887
46.227
41.935
39.573
42.346
47.851
50.182
49.755
51.87
51.519
44.851
41.688
46.351
50.143
54.026
49.567
43.42
23.611
6.7781
3.8594
4.5864
7.973
11.088
18.851
26.581
35.156
38.091
40.517
45.42
47.024
47.816
39.899
34.095
19.091
9.3089
4.6276
2.3085
0.10913
1.1593
0.20797
0.098331
0.24386
0.5227
0.40728
0.699
0.69702
0.73669
0.94737
0.81577
0.37959
0.5655
0.52185
0.26886
1.8612
5.875
11.419
13.438
12.733
10.704
13.769
15.825
11.111
8.6041
6.2483
5.8845
6.1908
5.1567
5.7143
7.1279
7.4914
13.447
25.783
36.283
45.757
53.426
57.399
52.551
48.036
42.79
44.448
44.465
44.234
48.218
52.223
53.168
50.968
47.247
43.889
45.407
49.74
52.305
49.463
47.055
29.906
7.6143
2.9432
4.634
8.4732
12.643
21.532
25.606
30.913
39.269
42.737
46.108
47.37
43.749
41.001
31.363
15.071
7.5144
4.3359
1.4222
0.15363
0.33173
0.035802
0.23562
0.27608
0.26069
0.70191
0.80909
0.63619
0.82377
1.1133
1.068
0.85032
0.68947
0.23605
0.61088
4.8246
3.342
14.468
14.518
10.536
11.049
13.605
17.165
13.387
5.6537
5.3307
5.242
5.0541
5.7975
4.7844
5.3099
6.2215
7.0486
11.821
21.97
38.004
46.481
53.255
55.014
51.969
44.739
42.157
42.606
43.135
45.505
47.89
51.746
51.425
50.668
47.356
42.251
45.515
49.579
52.381
51.964
46.221
27.55
6.8613
4.0381
3.7862
6.9398
10.635
19.221
26.837
32.6
36.641
46.073
40.731
42.591
49.276
39.814
33.804
13.898
8.1077
4.6319
1.0203
0.19509
0.92223
0.33978
0.23555
0.18493
0.68541
0.32155
0.5812
0.57326
0.63501
0.73596
0.67461
0.85096
0.2663
0.47358
0.28559
3.4101
3.911
12.62
13.514
13.25
12.563
14.998
15.806
11.538
8.2074
6.9498
5.9099
6.0303
6.0755
5.0141
4.4891
4.9156
5.6693
11.404
23.805
38.306
46.18
51.204
55.747
51.193
45.243
39.953
41.957
43.111
47.042
51.799
52.99
52.942
51.072
49.298
43.737
44.795
50.733
54.42
55.968
48.524
28.276
8.5998
4.1326
5.9972
9.9698
15.596
22.585
27.202
34.131
40.11
43.892
48.335
46.482
46.453
35.674
25.852
13.191
6.7374
3.3955
0.24132
0.17248
1.5828
0.12396
0.54579
0.25597
0.69145
0.64842
0.64367
0.79704
0.85034
0.98603
0.87125
0.79112
0.65863
0.32135
0.59854
25.101
9.088
14.796
14.136
10.638
12.137
17.021
18.388
10.035
8.6757
7.069
6.585
5.5848
5.5193
5.4978
5.2653
3.7915
5.6726
6.1233
6.0258
6.2913
10.116
22.52
38.459
45.234
53.803
55.748
53.906
44.552
46.447
51.008
53.514
53.905
52.161
45.953
40.423
43.692
52.471
54.492
51.349
46.338
26.417
9.5039
3.2713
3.7533
8.5277
13.404
20.578
29.457
31.784
37.332
43.882
45.566
48.067
42.426
41.022
44.494
44.841
46.808
33.938
30.376
14.688
6.488
3.4931
0.46953
0.20958
0.73075
0.34908
0.43494
0.24232
0.82652
0.60364
0.56079
0.79926
0.83746
1.0723
1.0003
0.86183
0.27293
0.56743
0.64008
10.054
9.9065
13.938
16.126
12.778
8.4559
6.6274
6.6032
5.8601
5.5468
5.4887
4.5161
4.4106
6.3226
6.494
8.2285
8.7439
13.345
23.484
38.679
46.686
54.656
57.624
52.166
42.895
40.118
40.552
44.461
48.361
48.606
51.924
54.237
52.463
47.946
43.149
47.416
52.933
53.425
48.379
41.952
24.958
6.2823
3.2925
19.731
26.54
33.197
39.219
43.918
46.957
44.871
46.525
44.327
41.768
45.301
48.339
36.796
31.003
15.432
7.1771
4.0445
0.93214
0.10887
0.20845
0.053026
0.29637
0.38108
0.51451
0.77428
0.61019
0.80649
0.83244
1.024
0.90015
0.65554
0.68002
0.10962
0.59452
2.5604
8.5703
11.504
12.161
10.503
9.5794
14.467
16.668
12.571
8.9694
6.6633
6.9768
6.2407
5.6452
4.8674
4.1639
4.1069
5.4779
5.9691
23.785
40.267
47.488
54.043
55.979
53.969
45.659
39.471
39.353
42.514
49.413
49.12
51.554
52.075
51.616
45.71
42.917
44.302
49.364
54.027
51.061
46.26
27.433
11.908
5.1475
3.8107
5.6275
9.7966
19.418
26.436
32.893
38.36
44.161
44.89
47.575
47.871
38.969
36.695
20.062
8.8048
4.663
2.1555
0.1337
0.19442
0.33945
0.19961
0.32446
0.666
0.58794
0.70419
0.63634
0.8393
1.0723
0.85923
0.60716
0.57878
0.42306
0.62269
9.3892
9.8744
16.928
14.453
9.7871
12.158
16.073
16.806
11.613
7.8691
6.5616
6.3428
6.4377
5.8948
5.4019
4.758
3.7854
6.1248
6.0738
6.4687
7.0781
10.823
20.324
37.591
46.044
40.489
40.442
41.986
48.108
47.367
53.725
53.938
52.285
41.397
36.942
46.857
53.79
54.002
51.294
45.257
27.301
8.4823
4.1549
5.0804
7.8042
11.493
17.822
23.691
31.632
36.585
41.198
45.722
45.104
43.214
38.536
41.962
43.983
47.624
34.868
28.729
12.671
6.8464
3.4119
0.15541
0.20941
0.67631
0.38719
0.89851
0.87112
1.0035
1.1348
0.89689
1.1805
0.2554
0.426
0.6585
5.3474
9.6583
14.329
15.749
8.5846
10.655
15.893
17.926
12.89
9.677
7.9144
7.0603
5.9541
5.0409
4.6543
4.5253
5.0835
4.5093
5.4296
5.8467
7.2877
10.895
22.243
36.3
44.073
50.211
54.288
52.223
43.472
38.225
36.726
40.845
43.502
45.605
41.038
43.098
48.094
50.447
49.872
43.189
26.69
7.686
4.2636
4.0427
8.3064
11.884
22.288
28.945
34.342
39.575
42.412
46.14
48.731
46.972
44.995
45.181
45.85
47.454
40.621
35.462
19.159
9.5556
4.233
1.5651
0.070739
0.10768
0.28416
0.14474
0.43215
0.63988
0.86775
0.57801
0.9204
0.96443
1.1048
1.0345
1.076
0.33742
0.57164
13.691
10.507
9.0498
12.771
16.406
12.315
9.2291
5.8408
6.7065
5.7057
6.3209
5.9066
4.5477
5.0679
5.1451
5.9333
6.8238
8.2995
12.395
23.865
38.623
45.266
51.18
56.734
52.957
46.764
40.413
39.07
43.165
45.335
49.758
50.769
53.549
50.817
44.456
40.642
43.539
49.218
54.625
52.125
44.301
23.537
7.1031
4.0507
4.2418
7.4562
36.859
41.452
44.292
46.383
46.312
41.378
42.43
45.453
46.31
36.977
31.668
16.535
7.6771
3.8863
1.5005
0.081977
0.099183
0.13915
0.1981
0.46844
0.66688
0.56207
0.71989
0.83947
0.96017
1.1053
0.97792
1.062
0.22619
0.65487
0.27788
3.2915
4.182
12.316
13.53
10.71
11.281
14.758
16.083
11.625
9.0796
6.4528
6.7469
6.0238
6.6091
6.2726
6.2463
3.8397
5.774
7.0221
36.278
46.047
53.248
54.524
51.465
44.66
39.081
40.52
42.317
46.23
50.796
50.468
51.437
51.932
47.383
40.279
41.888
47.813
53.599
52.981
45.447
24.921
7.6351
3.2991
4.148
7.4702
11.371
19.189
24.046
31.531
36.616
39.154
44.714
44.385
44.934
39.547
41.633
44.484
44.771
36.654
28.831
17.193
6.6086
3.6246
0.80764
0.13968
0.14744
0.23393
0.13191
0.53971
0.46213
0.83557
0.49088
0.76054
0.36731
0.73231
0.39714
2.3193
5.3755
12.749
14.249
12.136
11.636
13.656
15.591
11.74
8.8407
7.6523
6.2179
6.36
6.6504
5.7779
5.5673
3.5313
5.4763
6.0208
6.6932
8.6999
12.433
21.304
37.33
46.722
53.012
55.763
52.99
44.508
40.935
40.865
44.536
45.125
50.657
52.327
52.609
50.134
43.708
42.838
49.215
44.772
19.641
5.5027
2.855
4.9337
7.8697
11.787
18.851
23.748
31.844
38.11
40.239
44.413
46.777
45.084
44.043
42.927
44.314
48.323
38.037
30.532
16.49
8.3276
4.0268
1.8224
0.15972
0.66052
0.28248
0.10765
0.6862
0.5566
0.43558
0.84624
0.87868
0.87932
1.0791
0.89431
0.76165
0.5035
0.63835
0.40292
5.9947
11.426
13.977
15.125
12.091
8.5456
7.1797
6.704
6.6791
6.9058
6.0434
5.1291
5.9069
4.9889
5.1066
6.1679
7.401
10.702
23.837
38.504
44.92
52.792
56.122
51.936
45.247
39.256
40.247
43.733
44.024
50.142
52.316
51.363
49.836
45.233
44.218
47.106
48.904
53.18
47.415
45.831
29.405
6.5322
3.2771
4.3212
8.6704
12.195
19.331
47.339
46.106
45.233
44.163
42.17
44.611
48.272
37.904
31.665
15.364
8.8396
4.3214
0.45795
0.12801
0.24272
0.4527
0.21507
0.43466
0.57798
0.48998
0.74107
0.78112
0.79159
1.0061
1.1071
0.9621
0.24629
0.46628
0.80429
2.6668
13.718
11.339
14.125
9.3211
7.7073
11.956
15.733
11.757
8.9799
6.2129
5.8038
6.249
5.8789
5.829
6.9609
9.5359
12.796
21.023
39.143
46.436
51.251
56.544
53.499
44.337
41.081
39.007
43.435
43.31
49.805
51.13
50.424
46.449
46.763
45.321
47.229
50.302
49.58
49.241
44.143
29.754
11.185
3.7181
4.0816
9.0075
13.385
20.649
25.024
32.39
39.045
42.271
46.941
47.524
47.089
41.928
42.449
44.391
48.097
38.438
32.637
0.13844
0.61298
0.024793
0.091773
0.57479
0.43288
0.46404
0.70589
0.93293
0.92629
1.0727
0.74209
0.97229
0.34825
0.46177
0.59872
1.6703
8.0233
13.793
14.473
12.335
8.8687
12.207
14.965
11.936
8.7429
6.9206
6.5824
7.1157
6.9093
5.6659
4.4673
3.861
6.1522
5.7192
7.4957
8.5586
12.39
22.965
37.7
47.381
53.405
57.366
53.412
45.454
47.857
50.466
52.725
52.164
45.061
40.6
44.359
49.694
54.05
49.968
41.83
23.523
8.221
3.7834
4.4561
7.1155
11.797
21.089
26.897
32.656
37.685
41.419
45.391
45.053
43.336
40.983
43.395
44.254
44.634
36.638
30.569
16.257
6.8988
3.9277
0.96245
0.13797
1.3039
0.18174
0.55488
0.75921
0.8147
0.97455
1.1364
0.80833
0.58499
0.35676
0.63751
4.1624
3.1666
13.769
10.958
11.815
10.205
13.427
14.554
11.16
8.4812
6.6717
6.7616
6.9868
5.9798
6.123
4.825
4.3742
6.0694
5.8475
6.4207
7.9508
12.155
24.587
38.378
45.668
52.858
54.876
51.652
48.056
42.334
42.272
43.73
45.113
47.49
52.123
51.986
48.896
44.833
41.662
46.189
50.295
51.129
50.226
41.876
9.2933
12.361
17.3
24.785
30.916
37.24
42.396
46.595
45.616
45.324
43.676
44.682
44.971
45.877
35.486
33.279
18.387
7.6879
4.0922
1.4319
0.14672
0.16359
0.23249
0.080756
0.53826
0.37178
0.76034
0.69439
0.75181
0.92255
1.0211
0.96979
1.0184
0.2706
0.52776
0.39035
3.2399
4.9992
10.903
12.649
11.219
11.865
6.7769
6.9471
6.9323
6.3003
5.4377
4.9026
4.7301
5.554
6.6332
7.439
9.0093
12.819
24.119
37.369
45.162
53.257
55.168
52.412
45.056
39.559
39.818
44.85
44.405
47.116
51.736
53.549
51.809
44.211
42.075
45.442
49.42
51.945
47.822
45.475
29.159
7.6805
3.4248
5.9544
9.7436
14.383
22.656
29.731
32.829
38.867
40.971
46.425
46.785
46.108
37.607
32.608
13.025
7.1417
4.1005
0.75297
0.18362
0.50584
0.21832
0.15309
0.51709
0.49578
0.79281
0.64159
0.85078
0.98871
1.1364
1.0877
0.68874
0.55786
0.47504
0.30048
2.2367
3.4113
12.409
9.7585
10.881
11.697
13.531
14.544
12.08
8.759
6.9583
7.3851
7.0819
6.442
6.4609
5.8436
4.2733
5.4866
6.5372
6.5457
7.7738
11.458
22.888
39.568
46.629
52.617
55.497
50.489
42.462
38.448
51.044
52.199
49.102
43.37
43.666
46.629
50.053
51.296
47.793
44.306
29.203
9.7817
3.2791
4.3749
9.1824
13.795
21.106
26.295
31.452
38.739
41.911
44.344
44.399
43.948
42.429
41.839
44.358
45.941
37.187
30.258
18.255
8.0498
4.4999
1.2015
0.20017
1.48
0.066513
0.054872
0.42484
0.64684
0.57052
0.75116
0.92272
0.97039
1.1047
1.1341
3.0908
6.7136
10.952
14.515
11.944
11.565
12.705
14.861
12.042
8.7766
6.1904
7.8672
6.9203
6.1364
5.4791
4.3879
4.8019
5.6738
6.2763
6.8634
8.1954
13
22.883
36.059
46.942
53.908
55.81
55.847
47.042
40.295
41.383
42.648
46.244
49.356
52.916
52.655
50.505
46.311
40.794
41.412
47.576
53.565
49.923
42.146
25.847
10.39
4.5226
27.012
34.994
39.933
38.948
44.47
45.566
45.293
41.578
43.397
43.686
46.042
34.306
25.715
14.037
6.464
3.4488
0.3778
0.13074
0.36675
0.041355
0.051477
0.82946
0.68257
0.58039
0.7373
0.80131
0.92868
0.97675
1.0834
0.98844
0.32459
0.48967
0.65842
7.9931
8.2479
13.492
16.754
12.258
10.573
15.697
16.101
11.636
8.9383
7.5462
6.5903
6.4351
6.8351
5.3524
3.9741
5.062
6.0789
5.4029
36.758
44.478
50.869
54.243
47.863
47.893
43.732
41.982
42.636
43.137
48.283
50.714
51.409
50.101
46.356
40.841
43.458
48.39
49.69
47.443
40.286
26.518
7.7286
3.8489
4.625
8.4863
11.967
19.977
27.801
31.43
37.395
41.555
45.471
44.685
33.406
39.482
47.946
45.389
45.517
33.129
27.556
16.292
7.5763
4.1494
1.5173
0.16968
0.73251
0.62728
0.67167
0.55999
0.88719
1.0387
0.98002
0.9035
0.25024
0.61476
0.15621
8.8174
11.381
10.885
13.242
12.092
12.283
14.911
15.955
10.854
7.8892
6.4444
6.67
7.1165
6.1567
5.8448
5.0368
3.2713
5.3433
5.3288
5.6797
7.273
9.3539
20.933
40.272
46.216
49.783
50.664
50.329
44.068
39.574
40.603
43.45
44.431
48.872
50.077
50.522
47.953
45.854
41.127
46.167
49.448
49.913
49.035
45.52
30.47
11.97
4.4134
4.6254
9.5063
15.871
42.244
46.264
46.11
44.124
40.632
42.143
43.715
43.528
34.559
29.11
14.344
6.7086
3.079
0.24772
0.14215
0.50706
0.48682
0.25868
0.66568
0.56839
0.74307
0.41827
0.63253
0.75971
0.98068
0.8746
0.80436
0.52023
0.65996
0.22338
1.5915
6.5266
11.237
12.991
10.872
10.321
12.097
14.46
11.902
9.281
7.9281
8.2398
7.7242
7.401
5.9621
6.0595
6.3876
6.9552
8.4471
8.1527
10.017
14.553
24.907
52.9
41.994
40.838
36.703
40.193
41.488
46.837
49.793
51.455
47.512
44.255
42.931
44.601
49.682
48.656
48.53
39.011
22.347
6.8646
4.898
5.4522
9.4712
11.823
16.655
25.748
35.022
39.625
40.873
44.098
42.553
46.151
44.982
43.408
46.285
49.666
37.923
31.031
20.192
8.7048
4.719
2.4031
0.13631
0.3797
0.34887
0.15073
0.68838
0.72018
0.30203
0.93803
0.71844
0.6507
0.33683
0.77834
2.7559
5.8371
12.149
13.564
10.368
10.466
13.744
14.224
9.8
7.7358
6.1311
6.7938
6.6508
5.45
3.7705
4.4708
3.6042
4.9962
5.6985
6.5346
8.6418
11.807
24.273
39.494
44.445
50.27
53.942
52.293
43.554
39.77
41.597
44.345
47.266
48.174
51.346
52.853
47.856
46.084
47.895
50.831
51.82
48.577
50.043
45.506
31.672
12.128
4.4662
5.2278
10.314
15.069
22.831
28.48
34.058
39.267
41.075
46.679
47.818
44.306
41.473
42.816
44.562
45.561
32.003
22.881
13.147
6.2643
3.2532
0.31668
0.436
0.47988
0.29278
0.67869
0.72904
0.71095
0.93062
1.0045
0.9334
0.89276
0.3118
0.74871
0.50937
3.9223
9.7713
12.532
15.671
8.6407
11.15
13.821
14.179
11.044
9.0248
7.6991
7.9493
6.8331
6.7797
5.7071
5.7422
3.9412
5.5207
6.6409
7.1494
8.9504
11.672
22.875
38.202
41.356
49.783
55.133
49.328
44.315
40.291
36.952
40.794
43.502
46.923
50.457
42.332
49.014
52.495
50.745
41.917
25.39
11.155
4.6434
4.462
9.1022
18.555
26.086
32.136
41.374
45.511
43.517
39.034
43.736
33.613
13.446
3.3293
0.64367
0.17499
0.13753
0.17193
0.081566
0.45732
0.50652
0.70099
0.6795
0.95837
0.95753
1.0902
0.83147
0.86715
0.61169
0.80573
0.30492
3.6933
3.0849
11.811
14.855
10.892
8.0957
6.5029
7.0809
7.1849
6.6257
5.3046
5.8995
3.8403
5.9618
6.2831
6.7245
8.1721
12.237
24.334
38.465
43.436
49.584
54.648
52.49
46.875
42.465
40.918
44.402
46.488
47.77
50.391
53.239
51.908
45.608
42.417
44.133
50.556
51.717
50.79
42.234
27.266
10.936
6.44
6.5502
9.0419
13.939
23.101
28.299
33.779
38.467
42.37
47.104
44.063
45.383
31.013
27.642
13.901
6.7006
4.2004
0.56287
0.17716
0.12986
0.19347
0.19839
0.18922
0.38791
0.56487
0.66593
0.62209
0.68816
0.97404
0.87788
0.63757
0.72838
0.20573
0.51656
16.789
5.0472
10.595
15.951
13.017
12.299
15.25
14.736
11.635
8.6393
7.3903
6.6732
6.759
6.9626
6.1722
5.662
6.0793
6.9536
6.3114
7.2554
8.499
10.835
22.89
37.725
44.746
50.427
52.332
52.516
45.24
37.601
36.835
42.758
46.792
43.585
41.058
45.462
50.54
54.101
49.941
46.043
31.703
10.912
3.9747
3.7422
9.0609
14.252
22.033
27.652
29.927
36.188
42.179
46.148
46.89
44.528
39.495
38.69
42.529
47.813
35.531
27.699
16.95
6.3694
3.4933
1.2361
0.12917
1.0684
0.1622
0.72627
0.2431
0.36746
0.75528
0.6243
0.51075
0.76473
0.89919
0.93268
0.71032
0.32575
0.68803
0.24901
4.4508
7.7949
13.129
14.21
11.217
8.1991
7.6204
7.8216
6.7544
6.199
4.678
4.5248
5.134
5.6442
7.1721
8.0101
9.7359
13.421
24.063
40.108
48.513
53.012
53.726
49.198
47.491
42.754
42.753
44.781
44.92
48.629
51.425
51.05
50.103
46.626
44.617
45.659
51.27
51.443
48.708
41.05
25.953
11.757
5.3227
5.7472
10.411
13.76
21.276
27.215
33.939
39.03
41.844
44.63
46.785
43.727
42.484
33.613
27.236
12.876
6.4034
3.6764
0.73609
0.1042
0.24471
0.37857
0.041467
0.3166
0.58069
0.023048
0.96736
0.64903
0.75457
0.93735
0.81893
0.29319
0.59186
0.69077
0.17414
3.4941
6.185
14.672
13.619
10.912
10.96
15.26
15.256
12.179
9.3462
7.4553
7.0179
7.5383
6.1668
6.3849
5.6974
4.0618
6.7742
6.2545
7.066
8.0054
12.319
24.842
37.927
42.317
48.693
40.556
41.212
42.212
46.696
50.435
52.298
50.118
45.703
39.954
42.241
48.745
52.997
47.114
40.433
24.043
8.3682
4.2657
5.3475
9.2294
12.578
19.686
26.083
32.624
38.731
40.496
45.239
44.48
42.848
42.759
43.819
46.551
47.228
34.237
30.231
14.587
7.4712
3.4648
1.2994
0.099681
0.15359
0.48615
0.25641
0.14088
0.59235
0.44698
0.57614
0.73523
0.68868
0.65353
0.97974
0.93264
0.30645
0.64044
0.23092
9.8466
11.999
11.434
14.041
14.435
10.292
8.0417
8.7772
7.6984
7.1491
4.4557
5.362
4.9198
4.3984
5.0455
5.8395
6.6276
7.6549
12.385
24.594
42.122
48.559
50.774
53.92
49.26
46.236
42.069
41.022
44.744
48.113
51.558
52.762
52.097
50.618
47.48
43.933
42.951
49.276
54.857
51.295
45.112
30.759
10.459
5.0929
6.2447
26.563
34.371
38.887
40.882
44.946
44.406
42.511
39.007
40.978
40.708
39.792
28.831
23.572
12.537
5.5374
4.1378
0.31947
0.19627
0.42271
0.10778
0.16723
0.33768
0.43071
0.4363
0.4532
0.86224
0.79531
0.85088
0.76995
0.74161
0.25208
0.57554
0.49053
7.778
7.2817
13.182
13.817
11.185
10.322
13.272
7.1409
8.0312
8.9132
8.0594
6.2054
6.059
6.9079
7.1483
8.5346
8.6281
10.138
14.287
24.367
38.92
44.408
49.117
53.446
52.272
44.567
40.153
40.238
40.836
44.878
47.935
50.437
50.064
47.008
42.768
43.371
47.188
48.175
47.276
43.834
42.517
26.523
6.7877
3.6417
5.5744
10.403
12.158
18.749
25.444
32.099
37.552
41.614
44.991
45.257
43.034
36.005
31.258
14.822
7.926
3.8693
1.5
0.083855
0.1505
0.34119
0.051989
0.678
0.59456
0.53902
0.52637
0.6956
0.73892
0.78794
0.75404
0.77867
0.6622
0.29951
0.59988
5.8425
4.2928
11.543
16.079
10.288
10.62
13.31
14.214
10.586
7.3182
7.3698
7.7133
7.2935
7.0035
5.4568
5.9677
4.9564
4.7624
6.5839
6.2353
7.5742
11.884
24.483
38.906
44.255
48.85
52.632
52.453
43.862
43.308
49.376
50.644
48.886
45.095
44.626
45.753
49.867
48.451
49.189
43.125
31.81
12.306
5.3089
5.2802
9.8001
15.8
20.408
23.797
31.525
38.425
42.868
47.365
46.386
43.313
42.293
43.376
43.464
43.928
32.597
15.925
10.73
6.6244
3.5448
0.91335
0.11884
0.25798
0.059128
0.26574
0.44581
0.25918
0.7438
0.59693
0.68375
0.89148
0.98546
0.96921
0.8964
0.41894
0.48244
13
11.772
11.367
12.369
14.084
11.62
9.9627
8.6904
8.4763
8.2122
6.9021
6.5716
6.5806
6.6552
6.0564
6.7216
6.3335
8.263
10.514
22.987
38.271
45.17
47.18
52.432
55.191
50.101
44.299
39.697
38.801
40.251
43.646
48.311
49.7
46.254
43.606
40.169
38.528
44.324
49.355
45.858
36.455
15.837
4.8655
3.8913
7.3292
13.166
34.404
33.797
39.535
37.804
41.059
43.315
42.541
43.319
44.892
37.081
34.261
20.877
8.5254
3.639
2.3418
0.1445
0.18663
0.75771
0.20047
0.34719
0.26188
0.54163
0.62502
0.60592
0.6033
0.79567
0.69885
0.66931
0.58266
0.24129
0.69533
3.129
5.1906
12.017
15.447
11.948
10.478
14.336
14.532
11.646
7.8416
7.3628
7.7492
8.0212
6.3292
4.9824
4.2357
2.3101
4.3615
5.7473
5.8284
7.0812
9.7145
25.153
38.579
44.379
49.109
51.84
51.681
44.124
45.878
49.313
50.792
48.325
44.566
42.594
40.431
46.808
50.577
47.722
41.181
27.917
9.053
4.4541
5.1572
11.42
15.58
21.317
24.407
31.707
36.679
40.001
41.671
40.391
42.453
42.215
43.188
45.051
46.046
36.069
31.629
15.693
6.5126
3.8411
0.20933
0.087493
0.10177
0.10719
0.18366
0.16409
0.78941
0.53455
0.46582
0.56668
0.72191
0.53416
0.50147
2.7427
2.7592
11.873
11.375
10.372
10.387
12.291
13.841
10.39
8.2251
8.7678
8.6729
8.5591
7.3787
6.4657
5.9212
5.3247
6.5192
7.1472
6.3169
8.1509
9.8625
22.172
37.815
46.41
51.153
52.962
53.613
45.169
42.917
36.336
40.744
40.301
47.246
52.264
51.895
45.997
40.788
41.828
44.574
46.964
49.441
45.694
40.405
29.913
11.39
5.9581
5.6123
8.9714
13.968
19.138
26.072
43.479
42.924
40.339
42.249
45.108
46.404
25.291
17.903
12.757
7.7899
4.9124
1.8778
0.14147
0.25038
0.1498
0.063589
0.35713
0.58159
0.46632
0.66372
0.66402
0.86124
0.97171
0.92599
0.89457
0.62422
0.60812
0.29589
4.6988
9.6891
15.144
15.533
13.479
13.298
16.4
18.207
12.578
9.5451
8.1492
8.8214
6.5228
5.8943
4.9324
3.6142
2.5841
3.5863
4.3041
6.1236
6.2449
9.6038
18.838
37.47
49.474
49.511
41.45
37.683
37.384
40.562
43.296
46.539
48.814
48.717
44.852
33.477
37.209
40.719
50.651
46.306
32.219
15.082
5.2021
3.9334
6.8665
9.5189
13.383
23.018
29.488
32.851
34.617
32.604
36.448
36.947
44.189
46.12
47.113
46.619
47.026
38.947
33.053
23.965
10.539
4.8566
3.1414
0.11976
0.18882
0.4657
0.077393
0.42307
0.71727
0.79642
0.98057
1.0329
0.58259
0.52069
0.60103
0.26313
2.5528
8.0824
13.822
12.71
11.484
9.9553
12.869
15.408
12.665
8.7733
7.6685
7.1374
6.7268
4.3632
3.9866
2.8898
3.3974
4.7629
5.0228
5.65
7.5362
9.1307
22.755
40.323
46.853
51.241
51.461
50.652
46.292
41.759
37.333
40.488
41.289
45.187
49.588
50.23
49.613
44.824
36.44
37.001
42.065
11.538
6.0654
6.7348
10.243
12.706
17.502
23.961
27.511
35.9
39.553
41.816
41.762
40.438
36.658
39.362
40.57
42.956
21.924
12.974
9.343
6.1487
4.0646
1.1937
0.15414
0.11852
0.28067
0.12145
0.32917
0.85969
0.21295
0.54013
0.57775
0.56835
0.62698
0.8159
0.78478
0.51481
0.37703
0.69849
4.0821
13.478
16.502
19.175
15.346
10.375
7.8511
8.4278
6.5457
5.707
4.2117
3.0698
2.6719
3.0801
4.3382
5.3259
6.25
9.6534
19.483
38.5
48.242
49.508
50.072
51.212
47.951
44.25
37.955
40.098
39.258
38.414
46.011
51.923
52.663
43.691
36.389
39.281
41.383
46.582
43.936
34.226
17.2
5.6226
3.9968
6.5192
9.8412
12.809
21.893
28.089
37.142
38.912
43.557
42.99
43.667
42.852
35.708
33.641
17.961
10.202
3.8929
2.9212
0.12569
0.16205
0.0549
0.46566
0.29006
0.79353
0.78078
0.59994
0.75566
0.84207
0.85696
0.72717
0.68348
0.4595
0.79909
0.34434
5.3882
9.7382
12.19
14.994
12.427
12.337
15.483
17.415
12.602
7.9258
7.7972
7.5403
7.7121
4.0026
4.6034
5.0203
6.669
8.7075
25.04
41.42
46.167
50.383
51.893
50.034
47.749
41.918
38.66
40.567
44.793
47.425
48.715
50.006
48.783
43.478
39.406
42.882
45.985
48.856
45.77
41.424
27.327
9.7271
4.7457
6.5822
12.226
15.346
20.637
27.955
34.017
37.625
41.643
42.119
40.511
43.068
44.561
44.122
45.198
7.3298
4.0762
0.90994
0.13799
0.15508
0.44788
0.14338
0.59046
0.43774
0.54673
0.59769
0.98592
0.75326
0.8929
0.90342
0.87714
0.28085
0.37812
0.45447
1.7692
17.134
12.506
13.724
10.786
8.5283
11.615
14.054
9.6841
8.4622
7.9431
7.9193
8.699
6.5015
6.5469
4.702
5.0163
6.3258
6.8074
7.0509
8.847
9.6821
22.235
37.579
46.492
52.046
52.652
53.79
47.192
40.968
38.479
38.929
43.605
46.88
48.685
48.544
45.345
50.291
48.43
41.384
26.999
11.047
5.9831
6.7592
9.3028
11.575
14.944
22.6
30.152
37.371
41.692
43.717
45.374
39.545
39.768
41.26
41.968
41.798
22.306
15.442
10.874
7.336
4.687
1.2253
0.095152
2.0217
0.29398
0.088647
0.31713
0.6576
0.54102
0.81457
0.73225
0.79063
0.83512
0.9801
0.80721
0.29026
0.5801
16.24
13.613
11.599
15.087
17.568
14.294
9.4064
8.0727
8.1151
7.4516
6.1567
4.2906
3.1644
2.8467
5.0327
5.0235
4.7962
6.4627
8.5955
16.708
38.066
45.844
49.391
48.093
50.715
46.606
44.819
34.635
39.598
40.193
43.875
48.105
48.962
50.815
44.366
36.229
40.507
44.852
47.12
43.78
35.747
20.687
6.025
3.1383
5.0716
11.538
37.257
38.996
37.967
37.692
41.034
43.063
44.69
44.151
45.992
34.359
30.379
17.105
7.5824
4.6767
2.2608
0.11373
0.49257
0.12924
0.3351
0.29278
0.65407
0.70414
0.77892
0.56591
0.64429
0.81466
0.84905
0.71852
0.23815
0.56101
0.18349
2.6448
7.5862
9.599
12.3
11.895
10.313
13.365
13.652
11.526
8.4002
7.6453
7.6839
7.5724
6.7259
5.4782
4.9362
4.2207
5.3938
4.7668
39.071
44.45
48.436
52.017
51.579
46.144
39.401
39.609
41.121
43.067
44.473
48.659
51.306
50.497
43.528
37.212
42.351
46.543
50.598
47.575
41.885
29.754
13.602
5.5913
5.6789
11.037
12.992
16.832
25.008
31.818
35.947
41.505
42.146
39.404
40.987
40.284
41.631
43.31
42.346
27.569
23.583
0.1369
0.24661
0.08086
0.13172
0.3514
0.24711
0.48473
0.50575
0.70519
0.88134
0.96105
0.8244
0.40844
0.73771
0.6193
0.29084
3.3324
6.1087
14.578
14.217
11.142
11.796
15.062
15.8
10.455
7.27
6.7739
7.7014
7.9392
5.5414
4.7387
3.6757
4.3955
4.9879
5.3673
6.4195
8.3749
10.509
23.256
39.469
43.428
49.689
54.838
53.982
47.81
42.817
37.097
39.702
39.067
46.534
50.97
52.246
51.26
45.356
41.281
37.726
44.914
50.753
4.5801
4.8733
10.142
12.615
18.061
24.606
30.273
36.656
41.411
45.567
44.854
43.072
40.499
42.66
45.093
45.072
27.736
17.652
10.323
7.8513
4.4323
1.44
0.12584
0.10136
0.10054
0.15455
0.37964
0.2773
0.55307
0.45746
0.69143
0.78387
0.87877
0.89866
0.71825
0.7459
0.33236
0.34749
5.9929
8.9531
13.457
13.701
13.377
14.734
16.1
17.079
12.342
8.4137
7.5244
8.2261
6.9048
5.6008
3.2973
4.7794
6.4094
9.186
21.94
40.733
48.533
50.558
53.457
51.913
48.014
43.93
41.16
38.487
41.605
44.86
49.981
51.456
52.478
45.484
35.467
37.392
41.269
50.476
49.379
38.611
22.278
6.5587
4.507
4.9255
9.4287
15.806
21.052
27.721
33.448
38.371
37.271
40.435
39.872
43.855
44.295
43.732
44.748
44.22
32.431
29.795
15.725
7.3564
1.3726
0.46171
0.40933
0.45218
0.66081
0.68523
0.77324
0.8833
0.78145
0.20763
0.48548
0.48457
0.19149
2.1259
7.7899
11.867
12.134
9.9438
10.211
12.553
15.587
11.329
7.8629
8.822
8.5551
7.9358
6.4611
4.6207
3.5296
4.929
5.9066
5.9695
5.9797
6.0973
7.6684
20.29
39.121
45.494
49.789
53.317
51.552
44.3
41.367
41.832
38.751
40.323
45.975
48.99
51.82
47.818
41.393
39.98
42.549
31.853
10.831
3.4278
3.7986
9.8279
12.641
18.269
25.063
31.255
36.308
39.431
40.091
40.535
42.536
41.243
43.346
43.082
44.136
31.622
28.129
17.097
6.6724
3.9839
1.895
0.085489
0.10881
0.11432
0.071988
0.32478
0.34824
0.56805
0.49288
0.71356
0.76568
0.86251
0.64656
0.67942
0.78411
0.33294
0.61253
3.7419
8.7712
14.152
13.827
9.9984
9.8431
14.563
15.641
6.3096
4.9555
4.7039
3.6932
3.7523
4.7844
5.7075
6.4907
8.8064
10.913
22.456
40.45
49.28
53.467
54.975
50.927
47.846
44.391
45.141
45.395
45.021
46.48
52.662
53.499
53.4
45.862
42.082
43.379
47.98
50.705
49.467
46.981
36.232
14.557
5.034
4.7319
10.088
11.131
16.338
25.154
31.527
39.413
44.271
43.825
41.069
43.019
39.997
24.076
18.166
9.4611
5.1238
2.9427
0.21406
0.16212
0.11105
0.37456
0.087681
0.50018
0.57738
0.73716
0.50745
0.80304
0.81895
0.96793
0.83385
0.73835
0.56622
0.34949
0.66222
10.033
9.6144
14.606
18.922
9.2833
9.7477
13.907
16.798
12.72
7.8509
7.193
7.1898
7.9587
7.806
5.5731
4.5479
4.9315
6.0396
6.6075
7.129
8.4803
11.878
24.672
39.17
44.629
49.174
51.955
53.54
45.662
38.799
37.406
49.303
48.465
43.348
41.607
44.887
47.436
49.195
46.575
35.762
20.444
6.239
3.9441
6.1885
9.4601
14.841
22.068
28.117
32.999
35.795
38.641
41.822
46.075
44.224
44.487
42.753
43.913
47.808
35.946
29.367
19.899
8.9592
4.3486
2.7317
0.118
1.1549
0.10545
0.15593
0.49923
0.37294
0.37966
0.45375
0.64439
0.70608
0.78871
0.84759
0.61204
0.69438
6.3232
10.069
13.217
10.483
9.4131
11.537
11.951
9.6695
8.7603
8.5611
9.0081
7.8377
6.8634
6.2728
4.9881
4.9258
5.7721
5.8506
6.2139
8.2144
10.948
22.713
37.549
46.445
50.58
52.83
48.579
45.703
42.601
41.438
44.69
44.478
47.52
50.254
51.759
50.208
45.965
42.815
42.912
45.975
48.944
48.432
43.043
37.249
21.649
7.685
6.127
23.392
28.114
34.529
38.456
41.471
40.99
41.769
39.002
37.971
37.63
40.479
26.832
23.692
10.706
5.1159
3.0351
0.17393
0.12063
0.12531
0.15712
0.36425
0.17423
0.52541
0.6758
0.54499
1.137
0.90854
1.1077
0.91868
0.74279
0.86387
0.3292
0.67566
5.987
5.784
12.963
14.443
11.727
11.758
12.52
13.893
11.672
8.7771
6.6169
6.7445
5.7067
5.9523
7.4995
6.7239
7.8675
8.0744
9.9248
22.195
38.75
45.446
51.088
53.471
51.415
48.095
43.572
40.567
43.802
45.017
47.963
52.369
52.344
48.373
45.227
45.769
46.186
47.977
49.567
48.915
41.126
23.578
6.6543
3.7261
4.3708
8.2385
12.441
20.501
26.215
31.297
37.97
40.214
44.73
42.983
45.144
45.564
34.189
29.92
15.193
7.5247
3.9883
0.77385
0.088105
0.27693
0.070793
0.36535
0.70245
0.45533
0.66844
0.56823
0.74193
0.78905
0.9155
0.86632
0.58454
0.25849
0.53754
0.4447
2.8897
4.5531
11.843
14.659
11.374
10.178
12.153
14.435
10.808
6.9394
6.4963
7.3706
7.0216
5.7816
5.9826
3.9784
3.2696
5.4812
5.5668
5.9247
7.4599
10.349
24.89
37.856
44.812
50.731
54.18
50.514
47.216
43.857
39.918
43.61
45.3
48.201
50.389
51.414
50.594
52.492
49.477
43.116
32.069
15.642
5.5679
5.9142
10.041
12.02
17.241
24.474
29.287
35.718
41.065
45.861
44.163
44.028
39.23
37.93
40.107
41.14
26.234
16.401
9.1047
6.3933
3.3696
1.1346
0.11132
0.41527
0.086116
0.40478
0.35041
0.39988
0.62613
0.72803
0.68159
0.83015
0.93971
1.0793
0.92461
0.74479
0.24553
0.64951
6.3152
8.9296
13.55
13.317
16.027
12.157
8.9495
7.705
8.7029
7.3559
5.8364
4.4005
3.5989
3.1708
4.386
4.8093
5.3322
6.0744
8.8637
17.179
36.231
46.457
52.036
50.966
49.453
47.983
43.46
38.747
38.891
42.391
43.837
47.731
49.436
48.787
45.501
39.238
40.245
43.967
47.605
46.295
37.644
22.408
6.6697
4.516
6.1412
9.5719
13.272
20.895
26.923
33.24
37.44
34.039
38.686
42.122
44.22
33.613
28.114
16.646
9.2792
4.5046
2.3804
0.1598
0.22541
0.48188
0.17968
0.38484
0.2303
0.5959
0.45949
0.50697
0.55921
0.76346
0.77623
0.70181
0.56336
0.34978
0.61734
8.2258
6.9442
13.036
13.729
10.803
10.574
13.791
16.254
11.791
7.7951
7.9579
9.2306
8.5406
7.2292
4.6876
4.7534
4.3723
5.6945
6.4121
5.9225
6.249
49.133
51.279
51.388
46.443
41.52
39.288
37.525
38.833
43.099
49.616
49.171
45.997
44.172
40.145
36.647
41.719
47.931
46.005
37.03
18.578
5.75
4.1137
6.1264
7.3533
14.254
24.855
31.508
35.471
34.258
32.776
36.537
38.502
45.685
48.104
44.467
44.43
44.936
34.862
30.759
17.352
8.267
4.276
1.9143
0.13819
0.39526
0.11795
0.31209
0.20674
0.28509
0.69768
0.50909
0.6103
0.58825
0.71909
0.74368
0.66097
0.20685
0.60715
14.808
9.5343
8.5537
10.463
13.93
13.548
8.0917
8.5605
7.1153
7.0967
5.2345
4.7083
4.1892
3.5102
3.7543
5.5991
6.0865
7.4635
9.754
26.504
40.223
47.186
49.402
49.485
49.445
46.244
42.827
42.187
40.361
41.14
42.891
49.187
50.282
48.973
47.117
44.493
43.171
44.977
43.46
47.612
43.562
31.819
12.733
5.3666
6.0683
8.8446
12.584
17.862
24.194
31.892
35.649
38.677
41.631
40.93
39.379
23.293
21.147
12.581
5.761
3.6117
0.084951
0.11051
0.16423
0.071763
0.264
0.18018
0.43881
0.56296
0.56993
0.62916
0.68193
0.84087
0.8061
0.30466
0.6789
0.5017
0.32798
4.0063
9.262
16.419
13.277
10.734
9.6153
14.24
17.465
12.262
8.124
6.5974
7.7617
7.9794
6.5727
5.587
4.5578
5.2359
6.1364
6.8869
6.6415
7.9735
9.4034
18.895
36.397
44.935
50.15
53.369
53.063
45.009
42.19
51.789
49.482
46.452
43.932
40.007
43.112
50.123
50.415
47.257
41.485
22.638
6.7103
4.195
5.1987
8.9564
13.419
23.3
25.989
31.341
35.802
38.276
42.353
44.438
45.137
42.773
43.45
44.845
46.24
34.114
30.308
14.458
6.9204
3.9168
1.2682
0.17989
0.12818
0.11754
0.19884
0.16445
0.52255
0.45184
0.72791
0.43497
0.6607
0.85271
0.85889
0.78151
0.62305
0.33355
0.54184
3.04
4.6957
10.46
12.87
9.2032
8.6053
11.429
13.665
7.5121
6.3518
5.3207
5.1145
5.9402
5.5798
6.64
6.8013
7.3304
9.7148
23.112
38.844
47.091
53.074
53.342
52.776
46.292
39.276
39.744
40.69
44.826
46.449
48.657
50.754
50.413
44.294
40.054
44.69
49.763
48.638
48.218
41.669
29.909
12.496
5.7569
5.1401
7.0079
11.025
17.839
23.58
30.173
34.539
38.181
42.636
44.094
44.447
39.969
40.127
44.143
45.094
26.867
14.929
10.841
7.8362
3.855
1.156
0.10618
0.10077
0.38373
0.61049
0.60709
0.84231
0.85026
0.75422
0.91282
0.25572
0.76212
0.30729
6.6917
9.3753
14.927
14.365
13.471
13.191
19.413
19.325
13.373
8.9239
7.9618
7.429
6.9796
6.4226
4.5801
3.1535
3.2112
3.8379
4.6949
5.5353
5.9654
8.0635
20.007
40.103
51.077
53.196
54.001
50.316
46.363
42.228
41.138
41.847
41.33
42.983
48.574
51.567
52.744
42.495
38.538
39.718
44.828
48.782
45.082
38.186
19.109
5.5053
3.5435
5.553
10.698
13.597
21.869
28.947
32.617
42.034
46.518
45.496
44.463
45.131
36.189
29.797
19.075
8.2406
4.2483
2.3918
0.097195
0.13832
0.038886
0.17637
0.16299
0.70189
0.53594
0.555
0.69598
0.78292
0.75119
0.84399
0.62205
0.4058
0.57455
0.48578
1.8422
13.165
11.029
13.144
9.6417
8.3336
10.811
13.672
9.6818
8.5559
8.4342
8.7654
8.6547
8.461
7.2058
5.8454
4.3963
6.3465
7.026
7.4512
7.7012
8.9765
18.732
37.203
48.242
52.837
51.575
46.945
46.074
40.37
40.414
41.854
43.309
47.655
48.854
47.3
47.895
49.617
46.713
40.515
32.356
10.95
5.722
5.5331
6.4945
9.9465
15.212
24.431
32.595
37.049
40.55
43.269
43.697
45.005
37.486
40.629
45.099
43.01
32.334
27.039
13.561
7.383
4.039
1.6277
0.10878
0.13962
0.070346
0.19861
0.13262
0.35817
0.47679
0.52038
0.48921
0.69896
0.88809
0.81113
0.70125
0.62882
0.20831
0.54782
3.1774
10.807
12.209
13.532
9.7723
6.9624
6.9182
7.6828
7.4046
7.0776
5.3839
5.6723
4.7616
5.7649
6.6211
6.9725
7.8661
10.041
22.128
37.705
43.247
47.176
52.315
52.376
45.687
38.897
37.309
41.001
40.532
45.602
50.125
51.167
48.379
42.112
41.914
42.281
47.548
50.212
46.183
41.29
28.869
9.3478
5.7125
5.7572
9.8157
12.407
20.221
23.543
28.291
43.507
38.321
40.499
44.513
44.372
31.115
17.358
10.217
8.1313
4.0441
1.5511
0.16423
0.12224
0.35623
0.1221
0.18981
0.54824
0.44836
0.62459
0.53931
0.69734
0.99334
0.84723
0.67816
0.58838
0.38482
0.70327
3.7452
9.1321
11.711
15.506
11.532
12.501
14.51
15.999
12.67
7.7718
7.9838
8.3868
7.023
6.6294
6.0448
4.0507
3.0358
5.1689
6.6644
6.5878
6.6636
9.879
21.647
39.314
46.189
49.653
52.596
39.518
40.585
42.895
48.92
52.78
52.424
41.632
39.183
42.212
44.482
46.761
46.749
37.813
21.196
7.3836
5.5137
6.7779
9.815
13.447
19.653
29.116
33.793
35.504
36.721
37.367
36.916
39.358
42.828
45.212
44.791
42.967
34.804
32.762
18.641
9.4006
4.6723
2.6182
0.10633
0.11046
0.81041
0.15571
0.5258
0.75786
0.84759
0.78005
0.8098
0.37315
0.59174
0.51567
12.14
10.983
15.941
15.482
10.564
11.39
14.748
16.009
11.554
7.8009
6.5683
7.3039
6.8935
6.6732
4.2898
4.4657
3.852
4.0986
4.9058
5.0684
5.6846
7.9127
20.496
37.167
45.506
48.15
49.608
52.25
46.524
40.406
38.414
39.476
41.75
44.648
47.979
49.679
50.539
41.609
36.66
40.867
46.969
49.35
49.322
42.182
30.096
8.7463
16.336
18.381
24.988
28.484
35.535
40.416
46.45
46.901
40.469
39.754
41.984
43.305
46.295
28.119
14.215
10.966
6.7113
3.8838
1.433
0.15449
0.13612
0.19887
0.087168
0.56764
0.26331
0.32051
0.66297
0.63037
0.81971
0.84686
0.87201
0.86781
0.25839
0.38796
0.62649
3.959
8.7379
12.863
14.694
12.422
11.471
15.542
16.445
12.544
8.2118
8.3085
8.7361
8.5302
7.9466
6.3415
4.7828
7.3783
9.5579
21.663
40.051
48.106
50.44
49.829
51.887
49.917
42.906
39.185
40.422
41.571
45.382
48.062
47.911
46.289
42.501
38.528
40.055
45.672
50.395
46.644
35.647
14.772
5.7286
4.2576
6.2402
9.461
14.776
21.576
30.556
31.625
34.013
33.448
38.018
37.918
42.603
46.438
43.104
43.394
46.303
36.737
32.596
18.137
9.4948
4.2313
2.7767
0.4403
0.62981
0.66274
0.2939
0.41351
0.63738
0.72039
0.63391
0.83541
0.39552
0.56397
0.5021
3.7779
10.103
14.089
14.28
11.167
9.7836
13.373
16.592
12.077
7.229
6.8361
8.0241
7.7213
5.9858
4.1228
2.9804
4.7863
5.7872
5.354
6.2067
6.8983
8.0522
19.996
38.749
46.111
50.06
50.958
51.569
46.332
41.163
36.682
40.334
43.019
46.546
49.082
49.99
48.037
40.613
38.619
40.976
46.806
49.135
46.292
5.2518
10.068
14.11
16.546
24.604
29.353
37.675
40.219
42.555
44.833
39.964
38.632
42.217
44.616
43.838
24.951
15.046
9.5369
6.4809
3.9056
1.2009
0.13383
0.39207
0.084401
0.14113
0.34317
0.68815
0.52921
0.46087
0.59642
0.69119
0.7588
0.77013
0.69849
0.65637
0.244
0.65254
3.0757
15.159
14.26
13.887
13.741
12.41
14.445
17.717
12.791
6.1285
4.0607
3.0624
2.955
3.8783
4.4702
5.8709
6.2032
9.1264
20.901
40.584
47.512
46.867
49.001
47.724
48.013
42.596
39.134
39.088
40.547
42.938
44.361
47.095
46.985
44.117
40.486
41.839
44.13
44.624
41.274
35.661
19.863
5.7927
4.2304
6.0686
11.334
14.699
20.562
27.175
33.303
36.604
38.57
39.086
39.15
42.351
44.95
44.497
44.566
45.555
8.4356
3.5154
2.4747
0.078674
0.13952
0.03364
0.23567
0.56385
0.5644
0.5293
0.45704
0.68996
0.84325
0.93598
0.7291
0.81235
0.33469
0.63161
0.71208
4.2183
9.4006
13.101
14.141
11.36
9.7318
14.158
15.283
10.566
7.7718
7.5456
7.2561
6.6172
6.021
4.7687
3.1366
2.6224
3.7285
4.8804
4.4469
5.9848
7.6843
21.318
38.704
46.993
46.214
49.469
50.508
44.809
40.118
38.225
40.892
41.41
45.018
47.597
48.73
48.575
44.042
40.201
48.161
40.513
26.794
9.9665
5.2977
5.0484
9.3607
13.548
20.535
27.482
32.321
38.283
42.239
44.75
44.283
43.578
45.113
45.432
43.918
44.587
33.534
28.219
16.664
7.09
3.8498
0.32265
0.15253
0.15928
0.061654
0.35738
0.081415
0.47721
0.47897
0.52038
0.68037
0.6979
0.87397
0.74003
0.62217
0.66622
0.11577
0.56446
4.1466
7.4755
11.209
12.293
12.503
9.8638
7.8952
8.1185
7.6869
7.78
5.7247
4.3602
4.9156
4.2643
5.2536
5.7138
5.7452
7.4859
8.2951
19.593
38.731
47.217
51.582
52.931
50.244
46.603
41.391
41.542
40.96
44.787
46.983
49.604
49.324
46.774
43.778
42.194
43.575
47.739
50.555
45.495
43.405
27.037
9.6042
5.9162
6.0235
9.1984
11.064
17.423
23.699
32.231
35.951
39.19
43.145
39.086
40.606
30.647
25.542
13.014
6.144
3.2258
0.71978
0.12094
0.14925
0.12643
0.19642
0.21458
0.58151
0.5242
0.43771
0.49401
0.66969
0.851
0.62979
0.5925
0.73881
0.47118
0.5174
5.3546
7.9431
13.733
15.739
10.609
9.7315
13.847
16.007
11.796
8.434
6.4658
7.9598
7.654
6.3813
5.1443
5.6157
5.7003
6.064
6.8773
7.3369
44.001
48.603
51.357
51.533
45.328
40.675
38.31
40.628
41.548
44.519
47.22
49.083
48.802
44.066
41.655
43.775
45.496
51.199
48.63
41.472
20.19
6.1009
3.865
4.8133
8.2267
11.756
19.914
24.497
29.593
34.471
40.487
44.03
45.066
41.662
41.266
42.871
47.041
48.687
36.82
30.046
15.112
0.21894
1.1684
0.080225
0.38814
0.56772
0.44839
0.63464
0.66176
0.76096
0.75575
0.8505
0.56198
0.53413
0.48209
0.24325
2.147
5.5134
9.9399
12.503
8.7148
10.072
12.072
12.44
9.0321
7.7476
8.0779
8.3897
7.3446
7.2886
5.4419
4.84
4.7324
5.025
5.6982
6.8315
8.2994
10.58
22.433
37.721
46.187
50.704
54.098
49.887
44.622
40.375
39.91
44.971
45.541
46.445
49.362
49.931
49.799
44.732
40.923
43.188
46.767
51.451
50.761
46.746
33.46
11.98
18.32
24.181
30.062
36.227
40.153
45.455
44.397
42.17
38.154
39.266
40.47
38.925
29.4
22.023
10.87
4.8031
2.7535
0.24234
0.14782
0.15123
0.2256
0.060635
0.64026
0.61123
0.77695
0.16642
0.67661
0.8742
0.8117
0.74096
0.61029
0.75333
0.52819
0.53737
11.865
5.0736
14.014
16.114
10.764
11.697
15.006
16.027
11.651
8.1067
6.375
7.5455
7.4366
5.8075
6.1315
6.1295
6.7569
8.1236
12.287
25.621
39.216
44.443
50.308
53.459
53.118
46.278
41.118
38.473
41.2
41.559
44.58
50.326
52.725
49.534
41.617
39.627
43.241
45.918
52.89
48.203
43.441
26.079
6.9909
3.7002
4.8915
10.262
12.749
21.27
27.784
33.96
39.295
43.499
44.51
43.186
43.419
41.477
43.872
44.758
16.075
6.0253
3.2968
0.66663
0.1848
0.18119
0.062752
0.4323
0.31664
0.4133
0.59943
0.71512
0.62073
0.71114
0.88586
0.87143
0.81968
0.57393
0.4351
0.70807
1.336
9.0654
11.177
15.03
9.0248
9.2122
11.603
14.344
10.213
8.0862
6.6984
7.5547
7.4683
7.1354
4.9996
5.6622
6.1648
6.35
6.4239
7.6177
9.414
14.134
23.815
39
45.14
51.522
54.531
52.539
47.717
37.396
37.586
51.325
48.196
40.481
40.697
45.134
50.062
50.618
47.667
42.874
29.69
11.065
5.0582
4.8673
9.4776
12.107
18.48
24.416
29.9
35.195
38.898
43.426
45.747
44.257
42.798
36.573
39.615
42.268
28.346
14.92
9.8196
6.2624
3.5599
0.95625
0.12106
0.14056
1.824
0.052526
0.36933
1.0538
0.082876
0.8243
0.66401
0.58995
0.75309
0.84809
0.70416
0.71728
0.2869
15.81
12.305
11.628
15.925
18.943
13.36
8.7511
7.192
7.115
6.7942
6.4728
5.6798
4.354
4.8019
5.0412
5.8059
6.1548
5.7123
8.5448
21.246
38.517
44.69
47.204
51.503
50.36
47.533
42.14
40.101
41.225
42.849
43.358
47.222
48.47
46.951
41.335
42.499
40.956
46.951
50.918
46.446
39.548
20.825
5.9785
3.3096
4.8063
8.9843
13.34
18.933
43.557
41.567
43.006
45.096
43.006
44.981
46.418
36.507
30.919
18.249
7.9764
3.7607
2.1151
0.16377
0.18377
0.44839
0.17455
0.37429
0.32547
0.54762
0.42814
0.65879
0.7707
0.87268
0.80241
0.60841
0.58714
0.59546
0.54744
2.3226
5.8668
12.142
12.099
9.5847
8.7431
12.466
15.189
10.1
7.6154
7.3426
7.2566
7.8489
6.0425
4.7158
4.0739
3.9103
5.2605
5.5726
5.4723
7.3987
8.506
20.95
36.828
46.168
51.465
53.819
53.097
41.062
42.325
47.834
49.416
49.35
46.882
44.438
41.707
43.488
48.488
51.519
49.84
41.29
31.486
17.542
7.0291
4.3204
5.4826
8.6394
18.724
23.878
29.526
34.785
39.974
45.222
44.791
43.597
40.342
41.196
43.906
44.348
34.53
28.545
16.058
6.3469
4.1625
1.2828
0.17104
1.9697
0.063425
0.37615
0.51237
0.70209
0.45361
0.42612
0.70753
0.74871
0.87913
0.74517
0.68686
0.74778
0.43167
0.54514
4.3722
12.139
14.779
15.141
11.2
6.9862
6.8523
7.6464
6.8963
5.6412
5.1602
3.0523
4.5967
5.6028
5.6052
6.3091
6.7854
9.8034
24.935
39.393
45.614
47.22
51.348
51.366
44.51
39.014
39.456
39.058
43.377
48.115
50.933
49.109
48.962
45.382
39.588
40.829
47.978
51.47
49.232
43.869
30.938
11.532
4.4286
4.1355
8.1044
11.061
19.692
22.783
28.049
34.528
37.803
47.102
43.298
44.446
33.475
15.178
11.071
6.6602
3.9532
0.66599
0.099513
0.19993
0.11704
0.21999
0.13229
0.45624
0.65127
0.60509
0.42592
0.83698
0.90512
1.0181
0.87489
0.42951
0.64593
0.36659
3.8957
6.4076
9.9605
13.779
11.247
10.517
13.742
14.42
11.386
9.1079
8.3113
7.4869
6.8664
6.0645
5.2956
3.9989
3.8817
5.6974
5.95
6.0339
7.4107
9.3602
24.149
39.517
47.308
51.599
52.527
49.505
42.768
44.331
48.692
49.012
46.315
45.501
42.607
43.288
48.026
51.975
47.877
38.878
17.771
7.7218
2.629
4.2678
8.5002
9.9321
15.475
25.473
32.093
34.23
37.678
39.807
40.092
42.126
42.11
42.154
41.634
44.607
31.788
28.957
18.812
7.3881
3.2505
1.8927
0.11441
0.26083
0.047961
0.34955
0.24903
0.41747
0.88297
0.52201
0.89105
0.90767
0.8708
0.82763
0.69188
0.72733
0.4062
15.39
7.6555
8.0543
13.703
16.543
11.959
7.7614
5.739
6.5941
6.3643
5.9882
4.4843
4.1552
3.6227
4.9608
5.6263
4.619
6.1579
8.4512
20.232
39.666
45.398
49.613
48.405
49.153
44.173
40.733
40.478
40.765
42.777
45.075
47.981
50.008
47.858
44.018
42.09
43.604
48.019
50.211
47.885
41.225
30.764
15.872
7.46
6.928
9.5328
12.212
16.702
44.772
44.071
43.052
42.493
37.269
40.729
43.737
24.437
16.601
10.043
6.9139
3.6606
0.81496
0.14646
0.14012
0.22637
0.55528
0.33985
0.40274
0.86786
0.59929
0.678
0.78885
0.92299
1.0738
0.866
0.56833
0.40182
0.20318
5.2836
6.905
10.981
13.436
12.524
14.225
16.396
16.451
12.689
7.9958
7.968
8.0418
7.199
6.6728
4.7067
5.1443
5.8009
8.5638
17.918
37.246
48.541
50.637
50.901
51.561
47.948
40.133
37.424
38.566
42.313
45.848
48.259
50.221
48.875
43.522
38.491
40.67
43.911
48.293
47.506
39.989
20.331
6.6607
2.9646
4.454
10.018
14.32
20.067
26.457
31.027
35.366
37.548
38.67
38.68
39.435
41.833
42.301
42.817
43.404
32.97
30.234
17.127
8.0218
3.9432
1.9863
0.15123
0.806
0.052468
0.43941
0.30116
0.67951
0.47322
0.9208
0.58153
0.58634
0.87642
0.77912
4.4766
5.1867
13.643
13.501
10.392
10.128
12.256
13.031
10.446
6.8078
6.5752
7.6755
6.2068
6.1021
5.3088
3.7969
4.4206
4.9907
5.2248
6.2349
7.7006
9.3726
23.344
39.065
45.33
49.882
52.542
51.697
47.351
38.182
39.783
40.465
43.546
47.266
51.594
51.306
49.808
44.056
39.305
42.307
50.168
51.335
49.383
42.247
31.638
13.386
6.0627
4.7567
9.5513
13.213
41.87
43.417
46.526
42.58
36.63
38.744
43.037
43.839
25.083
16.973
9.7044
6.3219
3.1121
0.46986
0.082415
0.41041
0.1036
0.19603
0.18333
0.30666
0.52598
0.50855
0.58385
0.69105
0.81871
0.86668
0.99134
0.50662
0.14229
0.62937
6.8925
7.4193
12.002
14.772
11.993
13.012
16.663
18.267
12.836
8.6832
7.7736
8.2072
7.9155
6.3061
5.6379
3.1534
3.1004
4.1745
5.0681
5.0726
6.4024
9.1512
23.873
41.103
47.105
48.809
52.225
52.232
49.646
42.687
39.062
40.018
47.435
43.932
37.276
36.924
43.96
48.382
45.636
37.283
19.99
9.6428
6.122
5.9533
9.4575
15.382
21.116
28.467
32.336
35.302
35.093
37.169
39.536
40.86
43.133
43.375
42.465
42.655
31.168
28.122
19.638
8.348
4.5909
3.0074
0.089849
0.21765
1.158
0.052118
0.37402
0.41483
0.68828
0.80895
0.66401
0.72405
0.83974
0.77208
0.86568
0.41224
0.58159
0.62821
11.897
11.382
15.99
14.278
9.684
10.479
15.277
17.465
7.0823
6.1807
3.3797
3.9118
4.5317
6.3848
5.5248
5.848
5.9337
8.0175
16.535
36.751
46.43
50.33
54.433
54.06
48.838
40.819
36.739
37.707
39.998
45.332
50.727
51.865
50.442
43.235
36.883
40.109
44
48.705
46.776
43.367
27.809
10.706
4.8984
6.389
10.179
14.015
18.704
24.746
28.33
36.519
37.64
41.611
45.092
38.125
37.432
39.195
43.303
45.856
25.377
13.463
10.07
6.8124
3.9433
1.0192
0.14207
0.098555
0.091699
0.44656
0.61446
0.67484
0.71347
0.78696
0.70325
0.59707
0.33889
0.58162
3.5392
11.241
11.428
14.322
14.588
12.075
14.883
17.753
12.847
8.5009
7.9007
8.2698
8.0435
6.821
4.6269
3.0829
2.6308
3.8378
4.529
5.7962
7.0895
9.3977
21.639
39.219
47.416
49.527
52.358
51.507
50.275
43.051
41.212
41.287
41.233
44.012
46.785
47.328
47.294
44.116
40.977
43.748
45.691
47.227
44.484
35.055
17.352
8.5069
6.7502
6.727
9.7938
13.473
19.937
28.274
32.395
34.744
31.46
33.479
35.239
42.862
43.015
44.415
21.141
9.419
5.1183
2.4727
0.048243
0.30577
0.048723
0.094424
0.70683
0.4633
0.64564
0.46428
0.64767
0.72442
0.78326
0.72907
0.58855
0.54288
0.58317
0.20018
7.4751
7.1257
13.205
15.26
9.6214
9.6332
13.676
13.222
9.6551
7.9939
6.2502
7.134
7.8316
6.128
5.6507
3.9567
3.9266
4.4575
4.7901
5.114
6.3455
7.7112
21.746
38.536
46.232
51.541
52.873
48.041
45.137
39.001
39.324
43.257
42.476
43.325
48.081
50.715
48.285
43.8
41.023
43.958
46.231
47.384
47.306
43.548
36.776
13.233
4.9025
5.6319
10.893
14.072
20.166
27.632
31.376
37.612
43.44
41.633
40.805
42.492
41.071
21.117
9.6291
4.5031
2.8844
0.14004
0.13812
0.47858
0.15401
0.47306
0.18048
0.67117
0.49488
0.4701
0.63807
0.79721
0.93841
0.71411
0.68979
0.6152
0.5866
0.50023
2.4141
3.3044
13.576
10.689
9.5751
11.863
15.657
15.278
10.905
7.9672
7.165
6.7025
6.7282
6.0882
5.7139
4.298
4.8301
5.9141
4.8632
6.5476
7.843
11.174
21.926
36.311
43.289
48.621
53.292
52.437
46.915
42.24
36.84
39.011
39.59
44.813
47.232
48.586
49.406
44.031
40.821
39.479
44.398
49.154
47.301
39.311
27.551
7.5647
3.8709
5.2647
10.249
12.834
16.368
24.313
28.84
36.276
38.23
42.564
41.774
44.398
31.803
16.453
11.424
6.3468
4.0703
1.4388
0.082784
0.090391
0.37292
0.084823
0.66749
0.47054
0.64073
0.57702
0.71064
0.70962
0.87205
0.91994
0.88969
0.42799
0.50491
0.407
3.7259
6.0922
12.013
12.945
10.619
10.556
13.45
14.931
12.097
9.213
8.7696
8.1383
8.6462
6.2806
5.8943
4.2258
3.6416
4.7316
5.2581
6.5463
6.8589
9.0584
22.232
38.228
45.607
49.72
52.191
52.097
47.677
43.009
38.153
39.077
38.929
44.167
49.513
51.247
48.413
43.132
41.036
38.26
44.446
48.224
45.519
38.834
24.282
9.3072
6.1856
5.9018
9.8011
14.011
18.346
23.905
27.456
33.727
38.101
40.91
40.808
39.879
38.243
39.077
41.956
43.311
26.819
15.832
10.537
8.1357
4.5974
1.3664
0.17352
0.23542
0.32055
0.36
0.13799
0.3841
0.76407
0.40475
0.72396
0.76969
0.90431
0.93696
0.52769
0.66511
0.19955
0.34904
4.6829
7.8082
13.685
13.52
12.324
12.803
18.566
17.514
11.213
8.4675
7.233
8.1985
7.0757
5.5873
4.316
3.7681
3.2925
8.159
18.998
37.387
49.162
54.702
55.799
52.149
46.612
43.317
40.821
39.485
41.238
44.431
50.62
52.841
49.51
42.554
38.708
37.635
44.097
47.481
48.139
40.611
26.734
11.997
6.6283
5.3447
9.6837
11.46
17.874
22.733
29.3
33.694
37.081
39.992
35.894
36.775
36.809
36.505
40.212
40.598
22.442
14.903
10.198
0.11813
0.13256
0.23036
0.11771
0.37965
0.38932
0.42527
0.69832
0.56817
0.74676
0.79718
0.90217
0.85169
0.30804
0.5287
0.35358
5.9393
10.932
17.273
17.362
13.67
14.829
17.34
18.639
13.159
9.3887
7.809
8.8591
6.7277
5.4642
4.1946
3.6718
3.1084
3.3158
3.794
5.0107
5.6189
8.0344
16.468
34.7
47.747
51.994
53.783
53.85
49.959
42.184
38.486
32.585
38.07
43.905
43.672
46.023
48.35
45.006
39.688
21.618
6.6611
3.328
3.2361
5.0477
8.643
13.756
17.575
21.358
22.969
25.063
26.183
27.644
27.885
30.62
36.913
40.779
43.435
47.948
47.802
46.871
46.339
44.975
43.107
39.682
39.338
37.442
37.004
35.293
33.138
27.586
18.922
11.237
8.4687
8.0398
7.4919
6.5596
5.8669
6.0019
6.6613
7.2515
7.9675
9.3904
10.744
12.963
13.715
14.467
14.676
14.664
16.145
17.646
17.178
18.669
20.48
21.42
23.466
28.695
29.898
32.223
35.579
36.011
38.054
45.759
53.172
56.088
57.71
60.589
60.002
58.713
58.952
54.908
53.262
53.318
52.094
53.042
56.752
56.628
57.439
57.282
59.826
60.381
58.218
57.42
53.18
36.015
20.594
7.6558
2.5966
3.8266
5.9776
8.1727
10.397
13.55
17.006
24.171
29.386
29.441
35.171
40.095
43.092
45.188
40.505
36.42
15.684
17.489
12.227
6.7695
4.4585
2.3902
0.34932
0.54687
0.92102
0.45115
0.45454
0.64946
0.70695
1.0955
0.93236
0.91525
0.95267
0.83897
0.85297
0.74345
0.44303
8.8049
5.9029
29.875
24.151
22.908
17.367
22.058
26.907
21.444
14.285
10.386
7.0417
6.6106
5.9626
4.5182
3.6588
2.2963
2.2693
2.6475
5.7392
4.3599
5.467
6.5322
7.1146
18.172
38.404
49.471
51.538
55.455
49.998
45.688
37.272
34.421
38.502
41.443
47.13
49.721
50.958
44.661
37.672
40.638
47.22
49.929
46.244
41.68
20.159
7.2531
5.0403
5.381
10.253
17.905
25.895
29.46
35.132
40.203
41.002
42.617
45.689
45.276
44.988
45.16
47.798
46.202
26.647
20.08
12.615
7.776
4.0853
2.0179
0.17881
0.11157
1.2324
0.2879
0.66458
0.64088
0.75051
0.81704
0.56083
0.69827
0.83785
0.7878
0.77741
0.37132
0.5483
0.28707
6.2573
23.425
37.133
23.887
15.595
24.751
30.108
32.754
26.809
18.111
12.981
10.19
8.3865
8.369
8.4826
6.8796
7.1158
6.4211
7.1628
8.0956
7.6339
7.3178
6.7998
6.5313
6.8082
7.2244
8.9401
10.794
11.144
14.248
17.563
21.29
24.691
28.214
30.994
31.108
31.344
30.164
28.417
29.378
26.657
23.646
21.882
20.7
19.718
18.503
17.549
16.07
15.611
15.256
14.624
13.817
13.56
13.512
13.311
13.641
14.39
15.11
15.657
16.86
17.91
18.48
19.872
21.065
22.618
23.524
24.273
23.864
24.303
23.862
22.557
22.285
21.552
20.449
20.142
19.979
19.426
19.696
19.666
19.313
19.229
19.363
19.62
18.984
19.139
19.534
20.275
20.782
21.058
21.927
22.185
22.19
22.047
21.475
21.589
21.622
21.001
21.111
21.794
21.744
21.633
21.75
21.587
21.169
21.05
21.224
21.144
20.435
20.766
20.738
20.578
21.116
21.412
20.813
21.537
21.525
21.195
21.705
21.81
21.805
21.403
21.819
21.623
21.432
21.902
21.778
21.67
21.845
22.151
21.678
21.928
22.219
22.006
21.907
21.953
21.983
21.774
21.946
22.047
22.145
22.219
21.839
22.338
22.483
22.104
22.517
22.466
22.681
22.728
22.873
22.993
22.882
22.53
22.685
22.669
22.093
22.633
22.74
22.179
22.746
22.804
22.295
22.814
22.973
22.251
22.94
23.081
22.931
22.566
23.172
23.18
22.693
23.28
23.249
23.256
23.367
23.335
22.765
22.894
23.321
23.263
22.822
23.285
23.033
23.222
23.414
23.059
23.193
23.279
23.063
23.407
23.427
23.326
22.656
23.411
23.448
23.008
23.326
23.324
23.485
23.223
23.401
22.989
22.947
23.144
23.46
22.851
23.382
23.422
22.887
23.457
23.499
23.444
22.693
23.306
23.324
23.177
23.324
23.388
23.009
23.552
23.398
22.963
23.032
23.36
22.908
23.425
23.299
23.042
22.803
23.197
23.136
23.193
23.388
22.951
23.265
23.325
22.883
22.951
22.687
23.408
22.753
23.19
23.316
23.302
23.23
23.199
22.685
22.88
23.253
23.239
23.06
23.397
23.316
23.184
23.103
23.37
22.703
23.436
23.466
23.004
23.436
23.012
23.169
23.28
23.32
23.237
22.688
23.372
23.324
23.396
23.28
23.352
22.85
23.277
23.318
22.687
23.055
23.235
22.49
23.102
22.995
22.367
22.735
22.862
22.417
23.013
23.047
22.918
22.551
22.744
22.892
22.677
22.726
22.928
22.629
22.522
22.843
22.533
22.76
22.831
22.806
22.154
22.878
22.851
22.244
22.951
22.823
22.353
22.371
22.989
22.461
22.601
22.873
22.798
22.224
22.861
22.997
22.461
23.082
22.794
21.94
22.328
22.945
22.605
22.194
22.868
22.569
22.244
22.99
22.736
22.568
23.075
22.931
23.051
23.265
22.485
23.052
23.111
23.076
23.009
22.689
23.14
23.166
22.649
23.166
23.136
22.511
23.089
23.146
22.838
23.106
22.948
