0.0017359
0.012843
0.012818
0.0091684
0.0038103
0.020386
0.01223
-0.087414
-0.057164
-0.066908
0.6766
0.74125
0.64006
-0.13115
-0.13284
-0.14976
-0.15863
-0.011782
-0.11093
0.1054
0.10298
0.03299
-0.015764
-0.17557
0.27442
-0.63632
-0.12825
-0.091815
-0.090299
0.30228
0.30252
0.25715
-0.089307
0.047315
-0.067147
-0.067398
0.031641
-0.08886
0.0086087
-0.034011
-0.036037
-0.085606
0.05019
0.0069059
0.043545
0.080159
0.00020442
-0.0032061
-0.0087453
-0.010661
-0.0099701
0.0024212
0.0035568
-0.0063004
-0.010904
-0.015354
-0.015648
-0.014321
-0.01986
-0.037805
-0.034514
-0.1512
-0.29671
-0.46044
-0.29505
0.44454
0.029473
-0.010311
-0.010507
-0.0097554
0.013894
0.010623
0.010542
0.0076221
0.012
0.0064653
-0.00058109
-0.0011253
-0.062484
-0.38534
-0.84462
-0.12583
-0.0675
0.15489
0.28289
0.41707
0.52709
0.17965
0.45553
0.11352
-0.090756
-0.05517
0.33786
0.34702
-0.017089
-0.19322
0.045651
-0.050212
-0.049737
-0.011296
0.00090153
-0.0012199
-0.013622
-0.097445
-0.099214
-0.038075
-0.092207
-0.073664
-0.074832
-0.026837
-0.01822
0.012093
0.013857
0.025
0.025011
0.012427
0.0028015
0.0057277
0.006809
-0.00038318
0.0080524
-0.0016962
-0.00068163
-0.0050909
-0.010687
-0.010229
-0.002855
0.0055953
0.005153
-0.015836
-0.013472
-0.44299
-1.1204
-1.4204
0.29909
0.26688
0.26716
-0.0035574
0.0092955
0.0064919
-0.0077222
0.0040263
0.0020536
0.002049
0.0013443
-0.003128
-0.015978
-0.014977
-0.036213
-0.15169
-0.82624
-0.51414
0.96393
0.96806
0.31571
0.32132
-0.25296
0.10869
0.10993
0.17824
0.21214
-0.22099
-0.19333
0.18468
0.0961
-0.16575
-0.28431
-0.10147
-0.089673
0.17879
-0.018919
-0.028845
-0.013474
-0.086493
-0.053688
0.090084
0.011751
0.0076096
0.017907
0.018713
0.022604
0.0049672
0.0040845
-0.0090845
-0.0072498
0.0078282
0.013574
0.0051914
0.0026528
0.0031971
0.0069645
0.0063666
0.0036633
0.0019647
0.0017838
0.0019908
-0.0037761
-0.0085048
-0.020331
-0.0041889
0.0081257
-0.05939
-0.055048
-1.0752
-0.020949
0.15441
-0.19109
0.039772
0.007506
-0.00026395
0.011656
0.012525
0.008687
0.012451
0.0064825
0.011461
0.01226
-0.085703
-0.52981
-1.1179
0.10954
0.26812
0.32564
0.3253
0.4457
-0.020396
0.27465
0.30484
0.27654
-0.049175
0.093256
0.097637
-0.20572
-0.1752
0.07512
-0.30159
-0.31786
-0.31769
-0.10858
0.092488
-0.069665
-0.010474
0.12508
0.018094
-0.022241
0.009294
-0.0065189
-0.02345
-0.0070382
-0.16679
0.081021
0.040413
-0.045312
0.042936
0.052809
0.049751
0.013598
0.0064193
0.0029719
0.0025343
-0.012916
-0.0087268
0.0077132
0.0074108
0.0070482
0.0042217
-0.0018528
-0.0046824
-0.0037881
-0.010417
-0.017838
-0.011733
-0.0157
-0.013948
-0.018195
-0.0057047
-0.10071
-0.80672
-0.8079
-0.87456
0.46737
-0.13147
-0.063591
0.04689
0.0042087
0.0046633
0.0090017
0.012466
0.0096547
0.0096492
0.020725
0.012236
0.010415
-0.0083624
-0.30505
-0.5396
0.025953
0.34813
0.3928
0.37409
0.28178
-0.19727
0.037997
0.2641
0.25775
0.29609
0.54375
0.27794
0.11345
0.11533
0.11304
-0.25312
0.37263
-0.23749
-0.17396
-0.17338
-0.19493
-0.15503
0.10667
-0.0022061
-0.043734
-0.041283
-0.023832
-0.0031482
-0.00041944
-0.0048273
-0.020185
-0.0052659
-0.0095825
-0.044052
-0.044746
0.0088247
0.02392
0.042218
0.023805
0.02766
0.018303
0.0069877
0.0024851
-0.0089427
-0.00037536
0.0036363
0.0064766
-1.2949e-05
0.0012828
-0.0073649
-0.014336
-0.013493
-0.013584
-0.010572
-0.0011041
-0.0034549
-0.1036
-0.35239
-0.79041
-0.79067
0.067206
0.025493
-0.091183
0.021189
0.013259
0.013065
0.013489
0.005501
0.009144
0.0047705
0.0029497
0.0042675
0.015068
0.016324
0.011271
-0.012513
-0.06192
-0.28333
-0.67806
-0.69081
-0.47039
0.70084
0.58969
0.40627
0.40824
-0.28392
-0.12571
0.18274
0.45607
0.45844
0.57735
0.050338
0.37273
0.01013
-0.14864
-0.050186
-0.10905
-0.0699
0.0092828
0.023084
-0.0082664
-0.023964
-0.01748
-0.0026388
-0.00052041
-0.010261
-0.011395
-0.012787
-0.043917
0.044412
0.013555
0.013979
0.016828
0.010089
0.023424
0.040096
0.02604
0.005258
0.015421
0.013331
-0.0027076
-0.0038913
-0.0022626
0.0027031
0.0090542
0.0049454
-0.007607
-0.0080648
-0.0093506
-0.020801
-0.01671
-0.0062835
-0.02506
-0.094734
-0.085024
-0.88342
0.451
-0.040549
-0.04042
0.015936
0.0092062
0.012671
0.0043152
0.0078326
0.014758
0.0066429
0.0027976
0.012684
0.013076
0.021087
0.0054162
-0.00373
-0.075299
-0.074016
-0.40354
-0.72634
0.10284
0.69677
0.55685
0.075356
0.14252
-0.33319
0.19386
0.055552
0.060311
0.43946
0.48601
0.29836
0.016406
-0.035594
0.13826
-0.013745
-0.026305
0.014693
0.0018981
-0.017221
-0.0092388
0.0016269
-0.0065289
0.0081502
0.0095173
-0.0036029
-0.0042815
-0.026886
-0.046335
0.0047109
0.010641
0.014147
-0.003448
0.0098619
0.014171
0.023678
0.0081642
0.013131
0.0065776
0.0050554
-0.0078911
-0.0057362
0.00038785
-0.00033498
0.0023113
0.0054132
-0.0033688
-0.0035014
-0.010939
-0.010637
-0.023433
-0.022816
-0.0049647
0.0072475
-0.51095
-0.46848
-0.46787
0.12876
0.087679
-0.020218
0.0030266
0.0034796
0.0066016
0.0091628
0.0038927
0.0078759
0.016876
0.0055206
0.0046855
0.0072371
0.0052632
0.015677
0.015861
-0.018037
-0.16733
-0.63086
-0.65013
0.37444
0.65336
0.45281
0.18913
-0.0063452
-0.28491
0.40061
0.14532
0.51262
0.52518
0.62308
0.21736
0.14812
-0.38337
-0.10161
-0.01052
-0.029099
0.039072
0.012189
0.014125
-0.030804
-0.030716
-0.039702
-0.012318
-0.011178
-0.019674
-0.0070748
0.0039382
-0.016941
-0.017502
0.0042355
0.0072594
0.021726
0.044753
0.048185
0.030919
0.01591
0.016412
0.01438
0.0084169
0.002891
-0.00013488
0.00036923
-0.001417
-0.00021856
-0.0043931
-0.0020353
-0.013643
-0.024813
-0.010115
0.0042001
-0.0065782
-0.38452
-0.92343
-0.048737
0.17331
-0.14405
-0.14408
0.043261
0.008428
0.011319
0.013879
0.0040499
0.0041275
0.010805
0.0076534
0.015566
0.0019534
0.0029961
0.0030427
0.0051722
-0.031143
-0.029744
-0.10988
-0.44405
-0.69216
0.28482
0.17673
0.17131
0.25086
0.20826
-0.0095466
0.18769
0.19302
0.33143
-0.042675
-0.04492
0.055966
0.15951
0.20782
-0.081452
-0.0022522
-0.1316
-0.09989
-0.044798
-0.049601
0.018439
-0.021488
-0.0083396
0.016482
-0.0014938
0.0019783
-0.0030812
-0.017315
-0.017242
-0.011507
0.010372
0.019537
0.0087134
0.0069953
0.013371
0.0074099
0.021064
0.015578
0.01793
0.018833
0.0015956
-0.0010736
-0.0039139
0.0026344
0.0032874
-0.0040897
-0.0030846
-0.00536
-0.005799
-0.016712
-0.018884
-0.021994
-0.026772
-0.013678
-0.0028404
-0.34955
0.48051
-0.20739
-0.080455
0.11598
0.0054799
-0.0036372
-0.0013188
0.004271
0.0097041
0.0098528
0.012021
-0.00013625
0.0056092
0.0056214
-4.6868e-05
0.00057328
0.0030565
-0.23407
-0.60015
-0.39723
0.31833
0.37349
0.73289
0.73984
0.31451
0.013673
0.18384
0.39535
0.4222
-0.20386
-0.080704
-0.22975
0.056477
-0.016113
-0.016892
-0.072234
-0.09203
0.016948
-0.0048213
-0.0052838
-0.0067659
-0.034763
-0.0044191
0.0037959
0.0073491
0.0073399
-0.0092214
-0.00051881
-0.021295
0.033461
0.033776
0.0037528
0.0046241
0.017542
0.017138
0.042901
0.0076721
0.019843
0.016458
0.0099681
0.0129
0.0056708
-0.0025836
-0.000504
-0.0012069
0.0037691
-0.0016041
-0.0016513
-0.0095756
-0.017905
-0.017531
-0.012879
-0.0090061
0.012594
-0.10868
-0.47938
-0.047167
-0.069208
0.045342
0.014182
0.0081256
0.0077996
0.0065212
0.0050694
0.0069521
0.0048839
0.010635
0.0041218
-0.0013564
0.0066135
0.010533
0.0061003
0.0046399
-0.0074113
-0.022862
-0.099314
-0.49685
-0.72081
0.27744
0.41714
0.42545
0.17781
-0.17976
-0.17833
0.087065
0.47562
0.35279
0.37484
0.70974
-0.15947
-0.48914
-0.032994
-0.1142
-0.058066
-0.042615
-0.0068272
-0.012186
-0.013599
0.0096967
-0.0045588
-0.0019675
-0.0037717
-0.004179
-0.015207
0.012914
-0.10049
0.091535
-0.034991
-0.034695
-0.0045489
0.017384
0.044248
0.042653
0.0019034
0.016638
0.010869
0.0066091
0.0058762
0.0053087
0.0088659
-0.00073453
0.00055036
-0.0041143
-0.0052179
-0.010081
-0.010425
-0.012775
-0.014403
-0.0077895
-0.016487
-0.025947
-0.097585
-0.7464
-0.5797
0.35164
-0.18006
0.033464
0.010766
0.011045
0.020963
0.0074666
0.0069258
0.0072571
0.012124
0.0072233
0.0073906
0.002515
-0.00040361
0.0095577
0.010273
0.011031
-0.0053045
-0.045094
-0.2168
-0.21788
0.48062
0.48646
0.12091
-0.15927
-0.1602
0.36533
0.44106
0.51438
-0.11033
-0.30069
-0.42549
-0.14405
-0.20013
0.028327
-0.061731
-0.051304
-0.0084445
0.014269
-0.0020463
-0.032625
-0.036174
-0.011563
-0.01313
-0.02818
0.01687
-0.021267
-0.024927
0.036135
0.004691
-0.0080907
0.0081224
0.022025
0.035343
0.044629
0.024166
0.024859
0.011805
0.02494
0.016019
0.0028111
0.0041571
0.0044862
-0.0018498
0.0034156
0.0037285
-0.0017007
-0.001972
-0.015618
-0.013424
-0.013087
-0.014129
-0.01259
-0.01467
-0.19391
-0.22548
-0.19589
0.20767
0.039607
-0.013227
0.013842
0.0090078
0.0065658
0.007217
0.0058239
0.0089025
0.011154
0.0051023
0.014675
0.0015144
0.011171
0.0065429
-0.032114
-0.031002
-0.58454
-0.65199
0.68372
-0.15208
-0.14631
0.31796
-0.023308
-0.16761
0.14411
0.15109
0.40538
0.4695
0.46232
-0.2277
0.035421
0.096212
0.099629
-0.098852
-0.076247
0.0052673
0.0059925
0.008905
-0.0026932
-0.038508
-0.0090611
-0.0052115
-0.0026191
-0.0053714
-0.011224
-0.013696
-0.021374
-0.021374
0.010011
0.011316
0.021473
0.016385
0.026166
0.057302
0.016377
0.010735
0.0065628
0.01263
0.0028173
-0.0019419
-0.00079974
-0.00102
0.0061695
0.0055697
0.0033478
-0.0050877
-0.0049257
-0.010656
-0.009657
-0.011301
-0.0095392
-0.0031288
0.0045552
-0.091112
-0.015364
-0.032666
-0.0034052
0.018694
0.018089
0.01845
0.012267
0.0092267
0.0097047
0.010142
0.0099116
0.010975
0.0045483
0.0047867
0.0051382
0.0069234
0.0062919
0.013313
-0.010511
-0.071899
-0.29028
-0.76608
-0.066683
0.35503
0.0054231
0.58122
0.16013
0.060051
0.088982
0.52076
0.52219
0.47006
0.68576
0.79333
0.0024144
0.11349
0.020884
-0.031862
-0.028987
-0.044956
-0.013259
-0.014536
0.00046503
-0.031203
-0.01884
-0.010308
0.0046184
-0.037545
0.034291
-0.0077973
0.014685
0.01458
0.013895
0.012166
0.035317
0.031411
0.0408
0.038711
0.011931
0.015681
0.03026
0.033007
0.0053503
-0.0026925
-0.0054665
-0.00028122
0.011348
0.0077802
0.003421
-0.0057477
-0.0098865
-0.022013
-0.017343
-0.017383
0.006889
-0.14908
-0.31711
0.19226
0.1896
0.1256
-0.16314
0.030371
0.085198
-0.015577
-0.015489
0.0086812
0.011548
0.0094789
0.011781
0.009271
0.0069059
0.001748
-0.00094419
0.005573
0.0068727
-0.038747
-0.25292
-0.7964
-0.29597
0.68146
0.038915
0.29503
0.15969
0.27445
0.21526
0.41039
0.42369
0.70066
0.71293
0.20768
-0.081761
-0.083544
0.015108
0.034578
-0.075974
-0.092044
-0.089773
0.015557
-0.0067748
-0.021574
-0.0024722
-0.0022373
0.02313
-6.5343e-05
0.00058992
-0.018155
-0.011408
-0.012093
0.023655
0.025246
0.043836
-0.0013527
0.0058565
0.045778
0.011464
0.020595
0.02072
0.026783
0.012443
-0.0014033
-0.0095049
-0.0092462
0.0026217
0.0080125
0.0072053
0.0074953
0.0024112
-0.016826
-0.0094043
-0.0095568
-0.018825
-0.018968
-0.24606
-0.51663
-0.26437
0.39608
-0.060245
-0.060099
0.1535
-0.016965
0.0019207
0.0063123
0.002655
0.0023034
0.0042471
0.010566
0.004052
0.0035981
0.011023
0.0049856
-0.017208
-0.069657
-0.067824
-0.93128
-0.9294
-0.0090382
1.1766
0.22003
0.21898
-0.29423
0.41767
0.65756
-0.15891
-0.1225
-0.11042
-0.13134
-0.30827
0.27292
0.14309
-0.064208
-0.077381
-0.066121
-0.012002
-0.0077845
-0.016818
-0.028003
-0.021134
-0.012867
-0.00011845
0.0043709
-0.0065998
-0.016539
-0.23381
0.12572
0.12578
0.043295
-0.069044
0.035724
0.036825
0.029128
0.022739
0.024248
0.016259
0.01807
0.016555
-0.0053169
0.0066349
0.0016059
0.0022692
0.0064738
0.0034706
-0.001165
-0.0065562
-0.0099445
-0.0146
-0.012952
-0.0113
-0.00090346
-0.19437
-0.53202
0.48027
-0.16904
-0.19596
0.18726
0.036957
-0.0065297
0.0024188
0.0035756
0.012307
0.013151
0.0098226
0.0019422
0.0040434
0.003655
0.0052726
0.0045641
0.016431
0.0075723
-0.054887
-0.46521
-0.47809
-0.70252
0.19751
0.64085
0.50587
0.50554
-0.065888
-0.1554
0.10704
0.48942
0.55447
0.38443
0.54384
-0.032659
-0.090803
-0.040864
-0.041976
-0.10188
-0.13517
0.0036023
-0.0031313
-0.023707
-0.027928
-0.028047
-0.0078973
0.0098148
-0.0015948
-0.024734
0.0092743
-0.047646
0.086325
0.085583
-0.020988
0.0088274
0.015915
0.02396
0.035337
0.035847
0.010547
0.016226
0.0098609
0.0083373
-0.01221
0.0083218
-0.00015446
0.0058894
-0.0028062
-0.0011723
-0.010519
-0.010378
-0.013476
-0.0066928
-0.0037818
-0.001615
-0.10023
-0.32742
-0.66615
0.021374
0.020147
0.27334
-0.20955
0.014322
0.045839
-0.00077686
0.011032
0.0062592
0.0073526
0.009958
0.0054341
0.005624
0.0027281
0.0069638
0.0069643
-0.0077858
-0.017768
-0.086609
-0.96395
-0.95862
0.079391
0.32281
0.78452
0.0051994
-0.005824
-0.35812
0.24617
0.058587
0.63144
0.64111
0.6847
0.22605
-0.031916
-0.023837
-0.53582
0.015871
0.22134
-0.075713
-0.1285
-0.13069
0.011476
-0.032016
-0.031938
-0.028481
-0.012344
-0.017368
-0.017703
-0.030666
0.017482
-0.082221
0.1645
0.16531
-0.045592
0.06623
0.018949
0.018892
0.015217
0.021584
0.020977
0.0026944
0.002793
-0.00088428
-0.001147
0.0012084
0.0033409
0.0013097
-0.015477
-0.017966
-0.018487
-0.011485
-0.015591
-0.020713
-0.019987
-0.013973
-0.0011022
-0.008594
-0.084185
-0.10457
-0.53697
0.14381
-0.079772
-0.086365
-0.086578
0.045253
0.0044193
0.0069371
0.007761
0.0083767
0.0052429
0.0039697
0.0042115
0.0052239
-0.0045379
-0.069544
-0.072334
-0.72029
0.34143
0.035079
0.1786
0.17786
0.47452
-0.23171
-0.2324
0.27056
0.27241
0.52437
0.52974
0.24963
-0.25534
-0.25423
-0.25602
-0.16925
0.00057185
-0.0413
0.041601
0.015344
-0.076161
-0.06379
-0.0094687
0.0049164
-0.022786
-0.011123
-1.526e-05
-0.00086748
-0.0015144
-0.001352
-0.0021279
0.013157
0.014748
0.016201
0.028081
0.038271
0.0068416
0.016907
0.014795
0.0048452
0.0077348
-0.0029047
0.0016151
0.0019665
-0.0003459
-0.0055719
-0.02321
-0.038061
-0.022588
-0.02284
-0.014602
-0.014199
-0.0013965
-0.010076
-0.0090881
-0.17665
-0.43259
-0.90375
0.38835
-0.043912
-0.10804
0.037317
0.012804
0.005276
0.012898
0.010067
0.010024
0.008004
0.0047718
0.0091688
0.0067656
0.0075388
-0.018687
-0.11982
-0.37861
-0.93401
-0.93172
0.24869
0.80114
0.56669
-0.35698
0.20741
0.18888
0.25468
0.40912
0.67892
0.55976
-0.17158
-0.42855
0.083282
-0.042014
-0.034022
0.075968
-0.039943
0.012114
-0.14223
-0.015623
0.011872
-0.00032328
0.003949
0.002177
-0.0049113
-0.011462
-0.0088196
0.006537
0.012363
0.00093636
0.016556
0.023444
0.021282
0.028623
0.02906
0.013436
0.014143
0.01824
0.0096785
-0.0027932
-0.0011543
-0.0023521
-0.0044162
-0.005807
-0.0045113
-0.0051477
-0.0050351
-0.017657
-0.010956
-0.015365
-0.016453
-0.016805
0.011649
0.016939
-0.08022
-0.26291
-0.70409
-0.043313
0.38047
-0.21421
-0.036485
0.10863
0.0082394
0.0026093
0.0019959
0.012952
0.011297
0.0039748
0.0078076
0.0055219
0.010436
-0.0077757
-0.33423
-0.91889
0.45542
0.085197
0.14455
0.1521
0.19392
0.02122
0.3745
0.46081
0.4703
0.52654
0.52885
0.49705
-0.051099
-0.1638
-0.33492
-0.17283
0.28662
-0.054217
-0.10749
-0.052535
-0.040245
-0.0023696
-0.012595
-0.0031125
-0.011359
0.00086
-0.0022085
-0.00079156
-0.00067333
0.001752
0.018127
0.0025277
0.0088303
0.015528
0.012658
0.030592
0.025153
0.018771
0.021419
0.011807
0.011682
0.012197
-0.00037585
0.00096016
0.0099016
0.009634
-0.0024357
-0.010849
-0.0204
-0.020107
-0.018766
-0.01582
-0.011448
-0.011438
-0.0053141
-0.00010074
0.0043945
-0.0097636
-0.24562
-0.56191
-0.68395
0.0069243
0.016743
0.012627
0.007775
0.009991
0.0069407
0.0068757
0.0023421
0.010239
0.0027616
0.0077604
0.0071683
-0.009551
-0.18044
-0.71311
-0.77836
0.15659
0.49276
0.76725
0.44235
0.44309
-0.34585
0.015423
0.16457
0.33086
0.48211
0.65304
-0.077782
-0.46762
-0.46225
-0.31623
-0.061108
-0.016881
-0.0157
-0.010391
-0.093273
-0.05926
-0.0064835
-0.022446
-0.022779
-0.0084004
-0.0067572
-0.0053113
0.0032065
-0.0034793
0.0064489
0.0030427
0.0031049
0.015396
0.0083552
0.016528
0.053439
0.028279
0.0063476
0.0070944
0.012398
0.0078841
0.0061059
0.00039154
0.00073398
-0.0038281
-0.00019328
-0.0056914
-0.0065638
-0.010693
-0.016645
-0.015836
-0.012873
-0.011683
-0.019143
0.0014075
0.0026179
0.0044345
-0.085897
-0.2842
-0.0035596
0.13942
0.13605
-0.012046
0.026604
0.014895
0.0091356
0.0040684
0.0029241
-0.0028006
0.0011834
-0.00091608
-0.0028229
-0.0042101
-0.021852
-0.16802
-0.4548
-1.0193
-1.0212
0.29568
0.46917
0.29442
0.22236
0.31104
-0.51263
0.52974
0.23785
0.55149
0.8015
0.34197
-0.085904
-0.084299
-0.14297
-0.14074
-0.20478
0.41308
-0.13873
-0.12699
-0.087426
-0.082149
0.01066
-0.006768
-0.0041282
-0.0069152
-0.010557
0.00014042
-0.0048106
-0.016024
-0.016244
-0.01387
-0.010048
-0.12604
0.057
0.01838
0.0076399
0.0063381
0.013291
0.013853
0.026573
0.0057347
-0.0023539
-0.0040524
-0.00092204
0.0089708
0.0068161
0.003587
-0.0017087
-0.0019332
-0.0029894
-0.011453
-0.01178
-0.012966
-0.0081218
-0.01308
-0.011004
-0.011642
-0.015832
-0.018071
-0.53791
-0.48739
0.52694
-0.15562
-0.13636
0.15332
0.027741
0.0022704
0.0031593
0.0013061
-0.001421
-0.00036628
0.014797
0.0058236
-0.0079575
0.0054698
-0.00028129
0.0032346
-0.02963
-0.05784
-0.24969
-0.90547
-0.46862
0.52592
0.39726
0.26907
-0.20099
0.045783
0.17411
0.32968
-0.065293
-0.12088
-0.22598
-0.19877
0.69115
-0.25053
-0.069247
-0.026277
-0.036658
0.0024265
-0.0044213
-0.0055238
-0.012056
-0.0056055
0.011844
0.0051865
-0.0078421
-0.014578
-0.069828
-0.042727
-0.042997
0.1088
-0.060078
0.0036805
0.018355
0.016145
0.011107
0.012427
0.0088947
0.018869
0.019337
0.0067066
0.0064736
-0.0056169
-0.040013
-0.016326
-0.0097746
0.00066403
-0.0074056
-0.010434
-0.016454
-0.058897
-0.038114
-0.017578
-0.0013219
0.015698
-0.010426
-0.14871
-0.50665
-1.119
0.30195
0.15048
0.028284
0.023248
0.0084589
0.0040708
0.013232
0.004395
0.004299
0.0072815
0.0011218
0.0097414
-0.00045584
-0.00039541
-0.0031438
-0.013259
-0.071059
-0.35155
0.42537
-0.054152
-0.049044
0.76614
0.22688
-0.32664
-0.064449
-0.061456
0.17765
0.46343
0.54277
0.43528
0.42951
-0.036433
-0.26053
-0.38281
0.18452
0.063163
-0.13066
-0.11744
0.0015666
-0.043761
0.025439
-0.0080407
-0.02778
-0.020077
-0.019784
-0.0089356
-0.0018864
0.014578
0.014655
0.0014848
0.021839
0.0094904
0.024266
0.047517
0.033667
0.026995
0.020388
0.011452
0.027227
0.0025309
-0.0035735
0.005816
-0.0011971
-0.00094766
0.0011775
0.001178
-0.00090405
-0.011976
-0.022607
-0.028422
-0.029017
-0.014199
-0.016931
-0.0081126
-0.012725
-0.13195
-0.1377
-0.54768
0.14953
-0.12899
0.00254
0.015779
0.015695
0.0099282
0.009041
0.0077058
0.0077104
0.011469
0.0064377
0.015369
0.009502
0.010518
-0.013901
-0.032463
-0.2489
-0.19228
0.24521
0.62011
0.62587
0.46542
-0.21516
-0.15442
0.4807
0.48064
0.3966
0.67756
0.53138
0.12983
0.13071
-0.29997
-0.32674
0.31856
0.055804
0.04294
0.031788
-0.042794
-0.04234
-0.028315
0.00052918
-0.013382
-0.032973
-0.033158
-0.0015462
0.00021966
-0.011323
-0.014151
-0.014538
-0.035111
-0.10675
-0.065379
0.060715
0.014896
0.02128
0.021471
0.010034
0.020135
0.020935
-0.00013353
-0.0061389
-0.00062867
-0.005826
0.00033689
0.0003627
0.00056751
-0.0062427
-0.016143
-0.017768
-0.013208
-0.012462
-0.0019034
0.014199
0.01026
-0.063872
-0.061711
-0.37745
-0.74788
-0.0073054
-0.21012
0.1452
0.14524
-0.050611
0.018566
0.015833
0.015798
-0.0039831
0.00037349
0.0049501
0.014635
-0.033123
-0.056829
-0.059407
-0.17411
0.24672
0.47209
0.4789
0.4948
0.36179
-0.10308
-0.045918
0.29776
0.14974
0.57519
0.42538
0.40318
-0.10053
-0.002095
-0.45021
0.23943
-0.19733
-0.20242
-0.0287
-0.089483
-0.022709
0.021122
0.021792
-0.027447
-0.01658
-0.0069559
0.0071426
0.0073625
-0.023673
-0.0016691
-0.032378
0.01245
0.012678
0.0092717
0.013403
0.0045646
0.0071954
0.0040315
0.011636
0.066184
-0.0049468
0.024936
-0.0015625
-0.0018268
0.004791
0.0039674
0.013443
0.0031806
-0.015758
-0.028098
-0.073423
-0.052406
0.0076808
-0.019712
-0.02221
0.0085207
-0.19446
-0.43439
-0.063699
0.35687
-0.25778
-0.024034
-0.024626
0.18915
-0.021094
0.0061963
0.0058784
0.0064979
0.007245
0.0018115
0.0052882
0.010443
0.0098794
-0.0034349
-0.0011347
-0.028278
-0.038337
-0.47984
-1.1542
0.19916
0.042726
0.95823
0.58664
-0.17561
-0.18567
0.15298
0.25873
0.44081
-0.35792
-0.35312
-0.29219
0.066522
-0.066954
-0.040032
-0.033018
-0.023581
-0.072264
-0.0064537
-0.012596
-0.003108
0.0017065
0.0056524
0.0054012
-0.0038157
-0.032387
0.022274
-0.023291
0.015483
0.015629
0.013962
-0.0021558
0.0087887
0.018543
0.035242
0.029847
0.025642
0.024465
0.038781
0.012405
-0.00078282
-0.0078183
-0.0031463
0.0041727
0.0038678
-0.0077765
-0.010565
-0.022344
-0.021811
-0.026312
-0.022138
-0.022889
-0.016339
-0.020007
-0.0030586
-0.17826
0.33972
-0.25105
0.023983
0.024228
0.011143
0.0096461
0.0094854
0.009399
0.0099263
0.0055937
0.0056474
0.0038834
0.002539
0.014004
0.011689
0.0022662
-0.01569
-0.28291
-0.94077
-0.44541
-0.42422
-0.11671
0.60494
0.58726
0.10908
-0.14067
-0.14275
0.16791
0.25127
0.55323
0.54355
0.54568
0.43027
-0.15191
-0.31676
0.13046
-0.052099
0.041608
0.0034222
-0.03633
-0.034839
-0.11936
-0.086734
-0.015612
-0.0013799
-0.023597
-0.023576
-0.0092904
-0.014437
0.0022519
-0.00079453
0.0095992
0.010427
0.02797
0.016133
0.014748
0.022484
0.011509
0.012929
0.011155
0.0011169
0.0015695
0.0037569
0.0029145
-0.0018923
0.00084322
0.0010869
-0.0034519
-0.014176
-0.018589
-0.017061
-0.019185
-0.018968
-0.0025162
-0.01587
-0.010282
-0.084396
-0.31399
-0.91311
0.33893
0.020096
0.019934
-0.19749
0.075408
0.042344
0.011009
0.0092006
0.0095307
0.016649
0.00057
0.0047174
0.0025911
0.00038272
0.00072586
0.0085237
0.0006642
-0.0036472
-0.047253
-0.16412
-0.58255
0.66785
-0.11988
0.096172
-0.15872
0.22468
0.27254
0.46593
0.69616
0.38671
0.38787
-0.17553
-0.10513
0.2436
0.12366
0.0078258
-0.12289
-0.063798
-0.063925
-0.04049
-0.008515
-0.0010871
0.0039091
-0.01741
0.003465
-0.0066211
-0.0065133
-0.010158
-0.013086
0.012538
-0.0039523
0.0093838
0.0098817
0.0099854
-0.00077994
-0.0023248
0.027775
0.034322
0.011914
0.0091456
0.018932
0.015335
0.0035873
0.0072095
-0.00091342
-0.0033779
-0.0019231
-0.0018379
-0.019295
-0.010734
-0.012716
-0.012531
-0.011284
-0.0014387
-0.040692
-0.23562
-0.23758
-1.0345
0.12354
0.21357
-0.23478
0.090395
0.0052929
0.00029475
0.0086646
0.012625
0.0052397
0.0053734
0.0072369
0.012387
0.0012139
0.0077436
0.0078944
-0.0053893
-0.010298
-0.071878
-0.27103
-0.74671
-0.28102
0.29637
0.1427
0.94212
0.28851
-0.25533
-0.28055
0.079781
0.27325
0.32447
-0.13896
-0.21517
-0.33647
0.2405
-0.16401
0.047435
-0.00084125
-0.052406
-0.066524
0.01614
-0.0015614
-0.036393
-0.0096039
-0.02296
-0.0025557
-0.0034116
-0.0085295
-0.021076
0.0048248
-0.0034047
0.015608
0.013444
0.0064229
0.017951
0.027966
0.034066
0.039662
0.023222
0.024083
0.028279
0.016411
0.004283
-0.0012751
0.005277
0.0028801
-0.0017214
0.0077518
0.00020553
-0.0052973
-0.019864
-0.024444
-0.013417
-0.016293
-0.010961
-0.015989
-0.016071
0.014052
-0.9061
0.24856
-0.15351
-0.15395
0.026445
0.0081084
0.00011144
-0.00012162
0.01305
0.0045306
0.0066214
0.0049096
0.0048677
0.011007
0.0082571
0.005471
-0.05258
-0.17442
-0.60979
-0.62655
0.1045
0.085681
0.5481
0.5511
0.024074
-0.19085
-0.1421
0.15331
0.16102
0.36467
0.43788
0.31701
0.17707
0.16454
-0.43259
-0.27447
-0.20394
-0.211
-0.14427
-0.083935
-0.029941
0.025565
0.019558
-0.035577
-0.046507
-0.024066
-0.0076816
0.0088866
0.010359
0.01037
0.011579
0.034283
0.015855
0.015082
0.03858
0.03556
0.028317
0.021003
0.021274
0.011233
0.0036056
-0.026994
-0.026806
-0.0029787
0.0016628
0.00095388
-0.0089862
-0.0080085
-0.024268
-0.030331
-0.01286
-0.006347
-0.0056564
-0.012686
-0.00022046
-0.010365
-0.4504
-0.45521
-0.49446
-0.41387
0.30833
-0.03105
-0.031141
0.10839
0.024431
0.0054601
0.0075579
0.0081713
0.0088394
0.012312
0.0037205
0.0030943
-0.023238
-0.058258
-0.39039
-0.39437
-0.93441
-0.065657
0.054415
0.060635
0.68789
-0.25442
0.15226
0.42464
0.42536
0.61441
0.13613
0.14443
-0.042978
-0.34974
-0.19572
0.10493
0.20826
-0.004023
-0.0030177
-0.094805
-0.081265
-0.093488
0.0077188
-0.020885
-0.010612
-0.010698
0.024537
-0.021417
-0.0049237
0.01256
-0.061276
0.036133
0.036219
0.033081
0.00066606
0.028019
0.028555
0.024518
0.019306
0.019987
0.0034089
-4.8076e-05
0.001416
0.0015381
0.0068823
0.005332
-0.0083326
-0.017526
-0.017418
-0.020402
-0.015307
-0.01893
-0.011782
-0.010359
0.003618
-0.019429
-0.13599
-0.39843
-0.46941
-0.46851
0.50554
-0.13156
0.16799
0.031931
0.031735
-0.033973
0.0052439
0.0090579
0.019221
0.019348
0.0056632
0.0037151
0.0065073
0.0077634
-0.018963
-0.34639
0.28568
0.00067221
0.3375
0.10326
0.079942
0.11272
0.57568
0.42718
0.73004
0.2052
-0.19097
-0.52394
-0.16449
-0.16753
0.16614
0.20636
-0.086396
-0.098252
-0.065254
-0.06581
-0.14515
0.067749
-0.025712
-0.007804
-0.0083995
-0.020701
0.021181
-0.0073887
0.0088639
-0.021251
-0.021661
0.0025557
0.015943
0.021723
-0.0049656
-0.0050363
0.037428
0.028178
0.013412
0.01359
0.013036
0.017639
0.0084287
0.0074507
0.0087661
-0.00028411
0.00076697
0.00019129
-0.00047278
-0.0024104
-0.025805
-0.023397
-0.0066287
-0.0017332
0.024658
0.029226
-1.2924
0.31909
0.099264
0.098097
-0.18832
0.14366
0.010108
-0.028063
0.0059565
0.0098341
0.0083424
0.0074736
0.0076002
0.0077494
0.0053178
0.0026255
0.007092
0.0020165
0.0038918
-0.035522
-0.070819
-0.39213
-1.1086
0.08621
0.10297
-0.11121
0.43852
-0.15382
0.26334
0.12515
0.23869
0.39742
0.46075
0.4569
0.30294
0.11356
-0.16343
-0.24642
-0.060205
-0.060604
-0.031284
0.011537
-0.0023966
-0.016884
-0.0017346
-0.0019261
0.0027361
-0.0084827
0.01181
-0.029099
-0.030653
0.026329
-0.0021393
0.0028144
0.0033133
-0.00054788
0.0056799
0.03039
0.012948
0.0055292
0.0072241
0.012119
0.0069048
0.0023177
0.0018312
0.0027849
-0.014563
-0.0021642
-0.0030212
-0.0055906
-0.0049184
-0.011878
-0.0090486
-0.028575
-0.023632
-0.0089906
0.00087813
0.0187
-0.22684
-0.24747
-0.30162
-0.65457
-0.66213
0.54253
0.01739
0.0028418
0.0026318
0.0029898
-0.00016333
0.0013974
-0.0031424
0.010672
-0.0043966
-0.0087344
-0.0077447
-0.0071214
-0.041442
-0.14424
-0.65847
0.15134
0.1411
1.0107
0.18846
-0.32121
-0.18704
-0.18923
0.18607
0.35055
0.44488
0.52563
0.51685
0.6102
-0.17877
-0.20077
-0.50157
0.41596
0.19823
-0.035544
-0.070707
-0.046179
-0.045377
-0.00012181
0.014549
-0.012645
-0.0089607
-0.008747
0.024373
-0.014835
-0.0022519
-0.018022
-0.016422
0.021916
-0.011919
0.0037975
0.0073298
0.015722
0.01457
0.039651
0.015935
0.0027741
-0.0036567
-0.0022584
-0.0051988
0.0011231
-0.0003759
-0.0061394
-0.0063003
-0.01687
-0.03825
-0.039108
-0.016414
-0.01454
-0.0036312
0.011099
-0.019659
-0.10246
-0.30705
-0.73857
-0.26609
0.27846
-0.095308
-0.094959
-0.014359
0.028085
0.0078032
0.00025733
0.010771
0.0041936
0.013639
0.016937
0.0010937
0.00094308
0.0043976
0.0021151
-0.1279
-0.12614
-0.35592
-0.71766
0.211
0.48593
0.63189
0.6414
-0.030767
-0.19602
-0.0025831
0.48262
0.088832
0.010068
0.026102
0.052991
0.23296
0.064099
-0.11119
0.02769
-0.10021
-0.11357
-0.030486
-0.013288
-0.0058401
0.0075438
0.02592
-0.013664
-0.013676
-0.013038
-0.0062918
-0.022767
0.0012353
-0.0093763
0.010521
0.017673
-0.020299
0.0017194
0.029534
0.034447
0.015201
0.010422
0.0089342
0.017703
-0.0021765
-0.00026467
-0.010033
-0.0041661
-0.0049896
0.001068
-0.00062018
0.001039
-0.0073783
-0.021782
-0.020709
-0.027347
-0.01104
-0.010459
0.027229
0.16214
-0.12163
0.024067
0.017918
-0.0010592
-0.0011229
0.023242
0.020995
0.0041091
0.010579
0.020461
0.0066629
0.0065588
0.00015622
0.010291
0.0091294
-0.0060989
-0.012212
-0.015364
-0.098589
-0.44638
-1.1117
0.020487
0.10357
-0.18099
0.47201
0.47783
0.089213
0.10904
0.50969
0.72184
0.65347
0.29478
-0.026011
-0.077515
-0.080604
-0.33798
-0.00092544
0.069437
0.13091
0.035569
-0.015155
-0.075963
-0.089846
-0.0020645
-0.0024262
-0.038397
-0.014773
-0.005683
-0.0031529
0.0064598
-0.045563
0.044896
-0.00016528
0.0013108
0.0031068
0.028707
0.033394
0.031751
0.0057918
0.024587
0.029162
0.014974
0.0032464
-0.0013533
-0.0010014
0.0058592
0.0079593
-0.009915
-0.014103
-0.020623
-0.021287
-0.026447
-0.019442
-0.020073
-0.021663
-0.011939
-0.0021746
-0.0065025
-0.0075118
-0.20276
-0.62062
0.50908
-0.11504
-0.18388
0.15724
-0.013392
0.0046493
0.0025441
0.0024757
0.0185
-0.0074784
-0.0067647
0.012599
0.011497
0.032643
-0.013921
-0.022145
-0.021049
-0.50716
-1.4056
-0.0098894
0.99313
0.4013
-0.031984
0.18561
0.36179
0.54288
0.68337
0.0040188
0.018233
-0.53307
0.085087
0.12242
-0.061089
0.1131
-0.030259
-0.033528
-0.054954
-0.12711
0.0021424
-0.011563
-0.010052
-0.010838
0.00041263
0.010001
-0.0068338
-0.010288
-0.036838
0.0044309
-0.14121
0.0056756
0.084437
-0.034558
0.0168
0.032602
0.032493
0.016001
0.0084547
0.0075193
0.017382
0.014099
0.015543
-0.0013551
0.0095486
-0.0035466
-0.00051996
-0.0012674
-0.0052762
-0.0049125
-0.01472
-0.019559
-0.01791
-0.017612
-0.013477
-0.027845
-0.0011757
-0.011889
0.14433
0.10768
-0.17318
0.0076198
0.01643
0.023466
0.0084339
0.015184
0.007816
0.0080205
0.0011128
0.00085134
-0.0006095
0.0059489
0.0058029
0.0054494
0.001176
0.0013297
-0.51309
0.076331
0.11973
0.42728
0.35031
0.43425
0.059469
-0.44056
-0.44068
0.2067
0.38964
0.66873
0.67135
0.37913
0.060037
-0.066863
-0.10391
-0.11516
-0.011671
0.36959
-0.047333
-0.092383
-0.092922
-0.011139
0.0070268
0.0065101
0.0061629
-0.0086391
-0.010641
0.0065456
-0.023225
-0.0088407
-0.0089976
0.0045703
-0.0073773
0.0074856
0.044803
0.0084878
0.012649
0.010396
0.011826
0.01015
0.0023414
0.0031407
-0.013801
0.0028182
0.0053887
-0.0028006
-0.0026745
-0.008691
-0.024799
-0.038593
-0.019972
-0.011551
-0.011243
-0.00067123
-0.014133
-0.064859
-0.066127
-0.35248
-0.61514
-0.64621
0.42698
-0.019448
-0.019467
-0.18777
0.1639
0.017365
0.017508
0.006424
0.0075449
0.00093213
0.00096118
0.01317
0.012163
0.0059385
-0.01309
-0.012876
-0.04483
-0.16493
-0.70342
-0.94508
0.78393
0.44048
-0.16663
0.28135
0.21914
0.67749
0.48807
0.48161
0.47292
-0.028635
-0.5981
0.7106
0.77209
0.098006
-0.12068
-0.098916
-0.042107
-0.041388
-0.0084007
-0.0054654
-0.030355
-0.028641
-0.028248
0.0043414
0.012762
-2.9645e-06
-0.073322
-0.033043
-0.043631
0.025608
0.026042
0.026802
0.019196
0.044882
0.043389
0.022651
0.0046111
0.0047595
0.0049096
0.012288
0.0055018
-0.00041127
-0.00083309
0.0085917
0.0053058
0.0008566
0.00038038
-0.013813
-0.016211
-0.017867
-0.013432
-0.014066
-0.017779
-0.015065
-0.26896
-0.26661
-0.33249
-0.19532
-0.059826
0.21006
-0.040077
-0.039998
0.011176
0.015533
0.0084196
0.01065
0.0083221
0.0082927
0.0062961
0.014834
0.0055015
-0.0046384
-0.00016414
-0.011758
-0.16021
-0.71205
-1.1324
0.36878
0.031364
0.037926
0.56854
0.30337
-0.20107
0.030242
0.034268
0.44576
0.42521
0.51168
0.37176
0.38239
0.0062867
-0.23642
0.036538
0.53497
0.53046
-0.065484
-0.064075
-0.019182
0.0029303
0.0027402
-0.0018402
-0.012091
-0.012667
-0.012588
-0.0086633
-0.030181
-0.017166
-0.013549
0.0069548
0.0069072
0.0017025
0.010906
0.026165
0.021841
0.021319
0.03201
0.032983
0.027085
0.014217
-0.0012656
-0.0071818
-0.0050215
0.00084081
-0.0025769
-0.002594
-0.0013633
-0.0027126
-0.0027083
-0.45167
-0.42583
0.17701
0.0017103
0.0018096
0.016507
0.016591
0.016029
0.011204
0.007795
2.3074e-05
-0.0027202
-0.063615
-0.37835
-0.37823
-1.1653
-0.27414
0.34283
0.1751
0.41073
0.41265
-0.13485
0.057669
0.15636
0.25279
0.33168
0.32874
0.47737
0.78396
0.60978
-0.061655
-0.31986
-0.33167
-0.1047
-0.21419
0.14403
0.1345
0.019156
0.018381
0.011463
-0.06439
-0.099062
-0.041283
-0.022281
-0.021873
-0.0051345
-0.0007403
-0.01305
0.019963
0.01552
0.016415
0.011307
-0.040218
-0.028013
0.0016862
0.006707
0.012043
0.029044
0.030644
0.041226
0.0078637
0.027612
0.015938
0.016905
0.0070737
-0.0010485
0.0015206
0.0049062
-0.00076217
-0.0016012
-0.010176
-0.0067197
-0.015535
-0.020152
-0.021012
-0.019018
-0.023242
-0.017181
-0.013731
-0.013401
-0.0094228
-0.016136
-0.12321
-0.071342
0.010085
0.010169
0.01119
0.011795
0.006189
0.00077559
0.015612
0.0018798
0.0051659
0.013532
0.017631
0.0074257
-0.012363
-0.1401
-0.74735
-0.76489
-0.78138
-0.27823
0.37491
0.26615
0.26582
0.03191
-0.050325
0.21261
0.41693
0.55986
0.55693
0.49865
0.3568
0.057548
0.059914
0.071691
-0.19932
0.011686
0.14339
0.0060322
0.010264
-0.13633
-0.0074131
-0.0056061
-0.0071124
-0.01778
-0.018152
0.002196
0.0098
-0.0026867
-0.0027967
-0.023835
-0.062545
-0.15545
0.10439
0.019598
-0.022649
0.045636
0.017272
0.018268
0.011031
0.011416
-0.014989
0.0027562
0.0041764
0.0055585
0.005993
0.0022401
-0.019215
-0.02496
-0.034388
-0.02528
-0.00922
-0.0087572
-0.015897
-0.0076076
-0.047912
-0.20626
-0.67607
-0.32076
-0.32045
0.44115
-0.22183
0.034389
0.10979
-0.042839
-0.0020325
-0.0024286
0.0027365
0.010172
0.0071809
0.0078198
0.0072506
0.0089066
0.0029544
-0.0043978
-0.0015264
-0.01068
-0.082321
-1.0915
-0.16675
0.10711
0.14331
0.56923
0.22105
0.21785
-0.023714
-0.12335
0.5084
0.54573
-0.078439
-0.4424
-0.44252
0.34243
-0.11103
-0.13764
-0.1442
-0.13838
-0.071169
0.024183
0.0009834
-0.0060045
-0.0064063
-0.024344
-0.023966
-0.009846
-0.00047205
-0.009707
0.006948
-0.0003108
0.01304
0.012936
-0.017663
0.019543
0.036723
0.03874
0.035347
-0.00052915
0.0033525
0.012737
0.0058257
0.013203
0.01342
0.0033667
0.0041065
0.0066032
0.0089876
0.0090573
-0.0063463
-0.007337
-0.018283
-0.019761
-0.020767
-0.022258
-0.010348
-0.01014
-0.017453
-0.068924
-0.074987
0.029309
0.026957
-0.0015047
0.017027
0.017965
0.0089335
0.0064608
0.006949
0.018307
0.0030568
0.01083
0.0071345
-0.00049719
-0.019466
-0.018704
-0.048406
-0.15397
-0.45127
-0.10534
-0.088524
0.083022
0.29659
0.038714
0.041977
0.1586
0.44034
0.16819
0.52377
0.5196
-0.070433
0.033356
-0.079594
0.034028
-0.35145
0.50196
0.50172
-0.00058789
-0.17241
-0.038318
-0.020248
0.011412
-0.016061
-0.015593
-0.033596
-0.041927
0.0097953
0.009674
-0.016861
-0.015666
-0.038806
-0.039878
-0.040093
0.082558
0.012889
0.046659
-0.0016019
-0.0014699
0.017485
-0.00057944
-0.0035187
-0.016526
0.00020825
0.00045089
0.0011325
0.0018746
-0.0051091
-0.012387
-0.020317
-0.020366
-0.019058
-0.0029278
-0.02179
-0.033106
0.0091965
0.005185
-0.25749
-0.27998
-0.74231
0.055324
0.29812
-0.26081
0.067082
0.10474
0.10539
-0.049902
-0.00010432
0.014057
0.00014041
0.013876
0.010565
0.0041918
0.0038574
0.0032382
0.012106
0.01027
-0.023857
-0.02495
-0.42481
-1.3368
0.10725
-0.11007
0.24591
0.27605
0.28674
0.3863
0.40045
0.6156
0.3419
0.18786
0.18063
-0.25935
0.048229
0.25349
-0.035989
-0.077735
-0.07785
-0.053089
0.01892
0.024435
0.023924
-0.028199
-0.041573
-0.018374
-0.0027905
-0.027503
-0.042324
-0.042416
0.0083777
-0.0042823
0.0096026
-0.012498
0.003026
0.010518
0.0098004
0.03185
0.024961
0.026044
0.014429
0.014879
0.010347
0.012206
0.012804
0.0036028
0.0030457
0.00631
0.0042201
-0.0041903
-0.0043248
-0.0085545
-0.015417
-0.012908
-0.023048
-0.0044692
0.013297
-0.081661
-0.22696
-0.21318
0.19021
0.18889
0.06191
-0.069502
0.0052171
0.014912
0.01456
0.014353
0.0089156
0.00052641
0.0034138
0.0045456
0.0013297
-0.006425
0.00042025
-0.0057021
-0.020802
-0.0054259
-0.2841
-0.96614
-0.15564
-0.15343
0.046827
0.082772
0.21234
0.19232
-0.073979
-0.072693
0.35047
0.51702
0.47668
0.70136
-0.017674
0.36785
0.36226
-0.16497
-0.13775
-0.061205
-0.08008
0.003796
-0.024934
-0.013113
-0.018784
-0.033703
-0.033547
-0.010151
-0.016263
-0.01003
-0.013259
-0.020695
-0.020681
0.015683
0.013632
0.012981
0.011744
0.020752
0.055992
0.015883
0.027953
0.015917
0.0094842
0.0066391
0.00040559
-0.014036
0.00052384
0.0010676
0.00083869
-0.011896
-0.023325
-0.023296
-0.033362
-0.022421
-0.01451
-0.014447
-0.019979
-0.020235
0.0046945
0.0051183
-0.61241
-1.6379
0.0067518
0.0067109
-0.0035478
-0.00028761
0.0035588
0.019487
0.0031099
0.0043679
0.0081613
0.009592
0.0069502
-0.0076036
-0.09177
-0.49113
-0.49405
-1.0696
0.17771
-0.058125
0.82357
0.31137
0.31885
-0.079326
-0.17095
-0.2918
0.27193
0.2714
0.55574
0.53621
0.085534
-0.14548
-0.14039
-0.55845
0.13809
0.58431
-0.15719
-0.012301
-0.10903
-0.033699
-0.036884
-0.0005402
-0.017242
-0.018664
-0.034762
0.0082613
-0.0021647
-0.0058935
-0.017136
-0.011835
-0.011204
-0.018804
-0.0064195
0.021947
0.016684
0.02029
0.012886
0.014557
0.0171
0.0014203
-0.003074
-0.0030175
0.0097745
0.010408
0.002727
0.00087985
-0.010184
-0.030981
-0.031079
-0.022301
-0.015203
-0.012
-0.01647
-0.027009
-0.024659
0.015738
-0.41805
-0.21548
-0.21459
-0.019812
0.17868
-0.01135
0.026352
0.02602
0.0057089
0.0088621
0.013784
0.006888
0.016576
0.0083995
0.0018659
0.01188
0.010219
0.011914
-0.0084922
-0.020213
-0.0084748
-0.1345
-0.75745
-0.7621
-0.82136
0.64192
0.36363
0.49856
0.61283
0.34769
0.49311
0.75796
-0.24915
-0.24483
-0.46148
0.41345
-0.14197
-0.08425
-0.084261
-0.073458
-0.027607
0.0015285
0.012653
0.014525
-0.012574
-0.013586
-0.019949
-0.0059976
-0.033155
-0.024421
0.010853
-0.0055479
0.019428
0.0088461
0.010506
0.026323
0.037367
0.0079352
-0.018084
-0.017854
0.0051027
0.016365
0.018122
0.016906
0.0055583
-0.00020768
-0.01237
-0.013718
-0.014097
-0.01066
-0.016848
-0.058207
-0.058539
0.011797
-0.094291
-0.095622
-0.16802
-0.56639
0.14108
0.13668
0.13246
-0.13381
0.017112
0.0025985
0.0062599
0.0059838
0.01061
0.030119
0.010663
0.011515
0.0056202
0.0013795
0.0022346
0.0012395
0.0038424
0.003948
-0.010027
-0.18848
-0.65525
-0.95921
0.51551
0.52148
0.4169
0.58124
0.61803
-0.24718
-0.2565
-0.1488
0.30406
0.66656
0.65044
0.45305
0.07418
-0.47596
0.085497
0.13469
0.23865
-0.2325
-0.028932
-0.087884
-0.088124
0.014979
0.010276
-0.027761
-0.0037925
-0.0040631
-0.006609
-0.00014141
-0.019213
0.03058
0.030156
-0.041339
0.024883
0.01821
0.025893
0.016565
0.0090714
0.012919
0.013191
0.0062712
-1.4707e-05
0.0026787
0.0045162
0.0057802
0.0059854
-0.0035663
-0.0035596
-0.0063943
-0.0069622
-0.0074192
-0.023846
-0.030782
-0.011441
-0.0035143
0.00065474
-0.2244
-0.22309
-0.61734
-0.49063
0.4303
0.023353
0.023698
-0.0011322
-0.0068707
2.9695e-05
0.0039945
0.0032069
0.0041777
0.011369
0.0042155
0.0036503
0.0016855
0.015718
0.013063
-0.1084
-0.31503
-0.3128
-0.65681
0.67333
0.52784
-0.021515
-0.10268
0.52931
0.27475
0.50035
0.58105
0.15449
-0.27723
-0.062572
-0.2474
0.38423
-0.21226
0.053812
-0.072459
-0.10706
-0.010286
-0.0080722
-0.0087029
-0.012348
-0.020774
-0.034229
-0.01549
-0.0092017
-0.0092243
-0.0061129
-0.0061916
-0.0038755
0.014705
0.0014436
0.02913
0.037108
0.018755
0.016344
0.04368
0.018859
0.012845
0.011863
0.016701
0.01648
0.0038491
-0.00035333
-0.010602
-0.010465
-0.0061638
-0.0015213
-0.00040172
-0.01264
-0.012101
-0.020351
-0.012926
-0.011026
-0.011024
-0.096911
-0.24491
-0.24626
0.037786
0.13529
-0.057152
0.0037847
0.011507
0.011521
0.013511
0.013602
0.0070783
0.0036419
0.0066626
0.00014088
0.0042302
0.0041144
0.0085157
0.010198
-0.016352
-0.11785
-0.11703
-0.42958
-1.0094
-0.2817
0.25621
0.66474
0.077611
0.0060302
0.43216
0.43476
0.7025
0.66553
0.39342
0.33748
0.36234
0.36773
-0.1007
-0.12011
0.1383
-0.075023
-0.057839
-0.060827
-0.023266
0.02327
0.023628
0.027814
-0.011842
-0.022154
-0.0099223
-0.010026
-0.0099244
0.0015462
-0.075438
-0.041032
0.02789
0.038338
0.047616
0.062865
0.024578
-0.0028673
0.002566
-0.00027764
0.0035173
0.00013057
0.003522
0.0051566
0.0047279
0.0031182
-0.0012494
6.4022e-06
-0.0028643
-0.0061894
-0.006298
-0.01124
-0.020185
-0.007798
0.0091141
0.017555
0.029727
-0.11037
-0.69412
-1.2993
0.37618
0.082231
0.15082
0.15247
0.061123
-0.028927
0.0082923
0.01422
0.014808
0.010144
0.013226
0.011358
0.013672
0.0076505
0.0014684
-0.039666
-0.31612
-0.64914
-0.081425
0.35431
0.35867
0.28469
0.62858
-0.079651
-0.12806
0.27068
0.34409
0.46435
0.30104
0.20262
0.21783
0.048446
0.10378
0.093247
0.075082
-0.33966
-0.11183
-0.06263
-0.048328
-0.049681
-0.046649
0.061524
0.03236
-0.028185
-0.0049588
-0.005334
-0.027203
-0.01891
0.021406
-0.0085961
-0.012316
-0.016777
-0.016184
0.0041914
0.01405
0.032561
0.035514
0.0032817
0.0039066
0.01356
0.012229
0.01343
0.0074817
0.0092539
-0.0025429
-0.0028087
-0.0053053
-0.017617
-0.021641
-0.0087779
-0.0046367
0.0051086
-0.0075382
-0.024872
-0.028148
-0.10847
-0.03911
-0.019039
0.046568
-0.023075
0.01864
0.0179
0.0045941
0.014294
0.0044654
0.016204
0.016867
-0.0070894
0.0068111
-0.003634
-0.0040433
0.013033
0.0054994
-0.017826
-0.040454
-0.12827
-0.27497
-1.0272
-0.16104
0.046616
0.05545
0.45973
0.28934
-0.17966
0.45691
0.26282
0.26252
-0.10723
-0.25725
0.45513
-0.33128
-0.052083
-0.058101
-0.008489
-0.05974
0.038876
0.032384
-0.024757
-0.034958
-0.057741
-0.057856
-0.0089342
-0.0031694
-0.017482
-0.039343
-0.10371
-0.10385
-0.065618
-0.084169
0.010194
0.079376
0.07465
0.058272
0.031706
0.015902
0.003973
0.0052459
0.014291
-0.0024821
0.0035817
0.0046148
0.0079125
0.0050416
0.0029312
-0.00076676
-0.003979
-0.0045886
-0.014383
-0.018048
-0.017963
-0.032867
-0.027283
-0.15529
-0.86821
-0.86696
0.077384
0.013378
0.035599
0.030889
0.0084529
0.013367
0.021177
0.0080199
0.014933
0.011682
0.006442
0.0064269
0.0096006
0.014005
0.011737
0.011731
-0.02067
-0.072254
-0.3181
-1.0917
0.44022
0.22888
0.52475
0.063793
-0.045254
0.17409
0.61991
0.61729
0.38901
0.41706
-0.10673
0.10677
-0.23059
-0.23403
-0.055461
-0.23099
-0.023184
0.020522
-0.0051789
-0.017128
-0.018884
-0.030019
-0.019366
-0.0037461
-0.015561
-0.018266
-0.010538
-0.004667
0.014331
0.010551
0.0052266
0.028153
0.045711
0.08673
0.025234
0.0014111
0.0002804
0.0072466
0.022732
0.013803
0.0043641
0.010494
0.0076515
0.0037279
0.0036986
-0.0021016
-0.0043473
-0.0075964
-0.0089174
-0.0093911
-0.012433
-0.017366
-0.020003
-0.019263
-0.005528
-0.010525
-0.14743
-0.43059
0.46765
0.46063
-0.13161
0.00066495
0.0061263
0.007068
0.0079162
0.012884
0.0018425
0.0084401
0.0085033
0.0020655
-0.018576
-0.085835
-0.30597
-0.94346
-0.35518
-0.34132
0.43819
1.1623
0.4996
-0.20759
-0.2527
-0.24698
-0.046299
-0.042048
0.6333
0.63088
0.26423
-0.083219
-0.23943
0.060052
0.061591
0.44275
-0.0058493
-0.10001
-0.096816
-0.099261
0.012624
0.019242
0.016179
-0.01161
-0.012012
-0.028529
0.015917
-0.012163
-0.01021
-0.010573
-0.0099912
-0.021388
0.013143
0.028599
0.02923
-0.0075729
-0.0060568
0.016195
0.028685
0.0012741
-0.0026401
-0.0037606
-0.070045
-0.07013
0.014492
0.0069271
-0.00050271
-0.0079401
-0.0074532
-0.016766
-0.022258
-0.023495
-0.016872
0.0013631
0.0031701
-0.06539
-0.063248
-0.24123
-0.024434
-0.10308
0.0091121
0.0091034
0.033938
-2.21e-05
0.013416
0.010934
0.0069557
0.011304
0.0045396
0.0015506
0.0011682
0.0036264
0.0064393
-0.019061
-0.015105
-0.014117
-0.017164
-0.038526
-0.85038
-0.61358
-0.16239
0.36215
0.38363
0.33784
0.53239
0.52635
0.58008
0.58009
0.04105
-0.079636
-0.071645
0.047914
0.069156
-0.066435
-0.0077152
-0.050476
-0.065111
0.030554
0.018744
-0.0050831
-0.045683
-0.031923
-0.031761
-0.035089
-0.0099199
0.0016704
-0.023906
-0.00057508
-0.041264
0.03769
-0.013848
0.026745
0.02749
0.091645
0.039524
0.031521
0.0087451
0.010824
-0.0032887
0.0058241
0.0096202
0.0072961
0.007647
0.0087531
0.0076424
0.0065105
-0.0019272
-0.0021652
-0.0019417
-0.018035
-0.017072
-0.010689
-0.011047
-0.084172
-0.08734
-0.62982
-0.86054
0.43979
-0.053791
-0.053528
0.061524
0.011643
0.01311
0.0083741
0.0091996
0.0065305
0.0065337
0.0033181
0.0035024
0.0024872
-0.00018978
0.0067238
-0.030186
-0.16177
-0.56287
-0.57532
-0.84325
0.34247
0.34385
0.62304
0.37079
-0.13374
0.37566
0.37688
0.18235
0.55464
0.52203
0.042258
0.042539
-0.03368
-0.33744
-0.082496
-0.078868
-0.073568
-0.061996
-0.069572
0.024532
-0.0074798
-0.015151
0.00093469
-0.013451
-0.0068701
0.00054666
-0.010019
0.0099312
-0.0085029
0.028208
0.028433
0.021341
0.017837
0.03676
0.038207
0.011797
0.014357
0.012105
0.0081222
0.007587
0.0019542
-0.0081405
-0.0077914
-0.00019382
-0.00080517
-0.0012555
-0.013911
-0.018563
-0.043232
-0.043285
-0.037202
-0.026229
-0.0020971
0.0012755
0.0028339
-0.0010469
-0.18464
-0.11729
0.090698
0.090472
0.017877
0.031894
0.015247
0.013064
0.013504
0.014745
0.014618
0.0099603
0.0031972
0.001173
-0.0012403
-0.018456
-0.01873
-0.13685
-0.67717
-1.0985
-1.0961
0.43288
0.11892
0.54965
-0.086933
0.29253
0.49257
0.4165
0.55638
0.6276
0.1317
-0.22789
-0.10467
-0.018752
-0.22788
0.14961
0.031662
-0.028861
-0.14434
-0.0065563
-0.007932
0.0067577
-0.029979
-0.034202
-0.00962
-0.0095229
-0.013825
0.01064
0.00055217
-0.023907
0.0016913
-0.004545
0.014014
0.024214
0.017132
0.015937
0.011365
0.050189
0.020631
0.0051223
0.0046103
0.0152
0.00035726
-0.074763
-0.07441
0.0066219
0.0066872
-0.0062031
-0.0063143
-0.0077738
-0.013306
-0.019159
-0.004395
0.0035442
-0.0037932
-0.14833
-0.1242
-0.13649
-0.00068066
0.090769
0.00082197
0.0061625
0.010096
0.010837
0.0085513
0.018189
0.018792
0.0051928
0.0081055
0.001866
0.0011798
0.0014363
-0.0010794
-0.00050717
-0.017316
0.0059219
-0.11583
-0.58883
-1.0097
0.10541
-0.03999
0.28345
0.4606
-0.13514
-0.12831
0.5399
0.84901
0.85023
0.5499
0.36149
0.14702
-0.097895
-0.075313
0.34645
-0.091543
-0.088724
-0.15252
-0.15205
-0.030372
-0.046827
-0.027641
-0.011414
0.014081
0.014356
0.018492
-0.068502
0.019838
-0.068129
-0.068151
-0.041437
0.089226
0.032952
0.039264
0.018572
0.0045189
0.010338
0.011219
0.015775
0.015642
-0.00099175
0.0029461
0.0008032
0.0043017
0.0064728
-0.00041887
-0.0089196
-0.0027715
-0.010387
-0.013926
-0.015225
-0.020408
-0.021422
-0.0056446
-0.0045395
0.009144
-0.041625
-0.22132
-0.56626
-0.083234
0.40111
-0.24204
-0.08406
0.17399
-0.0038286
-0.029811
0.0084514
0.0050857
-0.0012719
0.0041415
-0.029677
-0.036408
-0.53861
-0.90786
-0.8938
0.78907
0.23446
0.4987
0.36298
0.36168
0.39985
0.52543
0.61806
0.60484
0.56878
0.2159
-0.094404
-0.02901
-0.018186
-0.14906
-0.14609
-0.066942
0.0036293
-0.0039498
-0.085337
-0.014529
0.025143
-0.01355
-0.028169
-0.003314
-0.0062259
-0.0036041
-0.0044113
-0.013374
-0.013465
0.011975
-0.026001
0.017485
0.010392
-0.0090303
0.026588
0.023869
0.047011
0.042363
0.0064295
0.0054371
0.013265
0.0093547
-0.0037493
0.00662
0.0027704
-0.0039688
-0.01233
-0.0080738
-0.017336
-0.017734
-0.013523
-0.0067706
-0.0062135
0.013807
-0.033449
-0.1941
-0.58472
0.32452
0.31992
0.044351
-0.18541
0.085993
0.038128
-0.0011228
-0.0011058
-0.0035525
0.0035363
0.0073644
0.010159
0.0090713
0.0041687
-1.7259e-05
-0.00085691
-0.0036867
-0.053131
-0.12187
-0.48149
-1.1356
0.079038
0.071977
0.30112
0.47959
0.2744
0.016727
0.013787
0.21119
0.31462
0.6075
0.63659
-0.0069407
0.25134
0.27178
0.035767
-0.047881
-0.097919
-0.101
0.065073
0.01091
-0.0079951
-0.029897
-0.0095198
-0.0020491
-0.031733
-0.0057219
0.0073042
0.0061454
0.032002
0.012839
-0.038682
-0.00090019
-0.020365
0.014714
0.011424
0.01454
0.0121
0.012773
0.021021
0.010427
0.0051155
0.0058474
0.0067819
0.0013305
0.0025392
-0.0001532
-0.0084084
-0.0023243
-0.0031725
-0.0064287
-0.01091
-0.017225
-0.01888
-0.020049
0.00035359
0.0025713
0.017666
-0.33641
-0.076029
0.19447
-0.031255
-0.013525
0.01359
0.010649
0.011512
0.017023
-0.00636
0.0070057
0.0059937
0.0097432
-8.4984e-05
-0.0036076
-0.026882
-0.025671
-0.058896
-0.40378
-1.2585
-0.046026
-0.025407
-0.083761
0.34936
0.28949
0.018637
0.43238
0.42402
0.46364
0.43413
0.58566
0.83403
0.26941
-0.34745
-0.063173
-0.43811
0.081068
-0.16233
-0.10807
-0.048085
-0.072101
-0.072768
-0.07296
0.060514
-0.0017539
-0.023203
0.00089431
-0.0026334
0.0055187
-0.020305
0.004757
-0.015561
-0.04281
0.034751
0.00083504
-8.511e-05
0.04628
0.0004555
0.0023013
0.014128
0.021414
0.0061513
-0.0073249
0.006923
-0.0053054
-0.025162
-0.0015902
-0.0053563
-0.0064047
-0.015036
-0.027365
-0.03005
-0.027574
-0.010552
-0.015814
-0.015134
0.007075
-0.37661
-0.27888
-1.0201
0.31393
0.0799
0.15117
0.15185
-0.014256
-0.043508
0.040003
0.0080673
0.0089177
0.0057499
0.017276
0.0096759
0.0048291
0.0063668
0.0027803
-0.0040991
0.0074085
-0.0095824
-0.066896
-0.1966
-0.71223
-0.43226
0.3947
0.42655
-0.31588
0.029657
0.10116
0.71143
0.51862
0.56234
0.41656
0.42519
-0.26645
0.35709
-0.12274
-0.12217
-0.083744
-0.12746
-0.15653
-0.040011
0.030139
-0.02049
-0.029739
-0.05555
-0.0065972
-0.006908
0.011628
-0.008083
0.017774
-0.0057939
0.011671
-0.0008348
0.047094
-0.036234
-0.0023912
0.060593
0.022149
0.022624
0.018021
0.017184
0.017912
0.017032
0.014863
0.0026555
0.0014274
0.0019846
0.0042132
0.0059236
0.0031726
-0.0061843
-0.011598
-0.011783
-0.01633
-0.01393
-0.019854
-0.024839
-0.02927
-0.25466
0.0035595
0.11278
0.012312
0.018372
0.015748
0.013758
-0.0037804
-0.0042223
-0.00082187
0.013972
0.0026614
0.0010378
0.013421
0.0019765
0.011618
-0.0082592
0.0023049
-0.037066
-0.12685
-0.47669
-1.0542
-0.10783
-0.085478
-0.22803
0.39584
0.33416
-0.043408
-0.047197
0.16534
0.32234
0.43567
0.47769
0.48012
0.054358
-0.059877
-0.12289
0.32297
0.13487
-0.082344
-0.11169
-0.1124
-0.019583
-0.016987
-0.016107
0.0054222
0.0054585
0.010002
-0.0097841
-0.0106
-0.0090729
-0.0090449
0.014688
-0.0055219
0.02579
-0.023474
0.019681
0.037583
0.025423
0.014986
0.016226
0.0077217
0.0095638
0.0027824
-0.0029449
-0.0025877
-0.00042709
-0.00020978
-0.0047672
-0.014408
-0.014968
-0.015624
-0.024418
-0.020989
-0.019405
-0.019305
-0.023137
-0.0072084
-0.016866
-1.0201
0.5254
0.031378
0.077314
0.077316
0.075521
-0.0030103
0.0053052
0.003173
0.0034623
0.015819
0.0082372
0.0019951
0.015246
0.012303
0.001375
0.017015
-0.079295
-0.079549
-0.39014
-1.3366
0.30252
0.33451
0.33675
0.42642
0.2608
-0.29784
0.28331
0.54012
0.61077
0.72709
0.72445
-0.039305
-0.03289
-0.27901
-0.15211
-0.063795
0.36184
0.029085
0.0039508
-0.030334
-0.14411
0.0020999
0.0031638
-0.0021038
-0.023223
-0.005572
-0.0079248
-0.0079334
-0.0061623
-0.018439
-0.01757
-0.092869
-0.093127
0.043765
0.042169
-0.015898
0.051364
0.04471
0.035395
0.0038422
0.0083059
0.0049909
0.0069199
-0.0014566
-0.0015124
-0.002146
0.0011389
-0.0016585
-0.012305
-0.0162
-0.010272
-0.014535
-0.01374
-0.012983
-0.013147
-0.015713
-0.014545
-0.22511
0.036106
0.090617
0.090829
0.0152
0.016389
0.0062798
0.0063467
0.010719
0.0067436
0.0068809
0.02086
0.02188
0.011336
-0.00075988
0.010865
-0.011252
-0.010648
0.0056319
-0.049269
-0.19593
-0.95731
-0.96838
-0.69118
-0.07223
0.26641
0.24377
0.22953
-0.094922
0.054582
0.43083
0.70299
0.39168
0.081275
-0.13524
-0.14
-0.12836
-0.069492
-0.36016
-0.027902
-0.028934
0.045078
-0.031772
-0.027708
-0.028033
-0.002092
-0.012269
-0.016285
-0.0018114
-0.014045
-0.033908
-0.0041278
-0.056735
-0.091149
0.019584
0.029738
0.016403
0.073038
0.068729
-0.0051834
0.0045321
-0.0013514
0.0058219
0.0064039
0.0040033
-0.00056223
0.0024631
8.0902e-05
0.00096058
0.0018287
-0.0039459
-0.01158
-0.011266
-0.01173
-0.021806
-0.030145
0.0056428
-0.01742
-0.017641
0.025336
-0.70889
0.31686
0.084687
-0.23431
0.062843
-0.025103
-0.024962
-0.0071644
0.019239
0.0054275
0.0055447
0.021708
0.0015121
0.024079
0.0089365
0.0092374
-0.0034531
-0.5973
-0.99875
-0.99457
0.49221
0.15167
0.44819
-0.12807
-0.13035
-0.052644
0.58974
0.65195
0.3426
0.38221
0.35968
0.46034
0.14594
-0.26997
-0.42376
-0.45666
0.40783
0.034205
-0.051261
-0.07548
-0.13278
0.031154
-0.014751
-0.011061
-0.031671
-0.010629
-0.011089
-0.025784
0.014079
-0.0039064
0.0017904
0.0016395
0.017299
0.026258
0.013478
0.0028734
0.0063083
-0.0010983
0.00075579
-0.0022453
-0.0020859
-0.015453
-0.016397
-0.002387
-0.0042119
-0.004204
-0.0064201
-0.017438
-0.020086
-0.019205
-0.020657
-0.019128
-0.0020463
0.0078638
0.015622
-0.099148
-0.10874
-0.39569
-0.56908
0.47026
0.090929
0.1048
0.045458
0.0050077
0.00089279
0.0031714
0.0066311
0.008087
0.014816
0.0037636
0.0037347
0.0062791
0.0050307
-0.0013793
-0.00958
-0.059138
-0.13127
-0.12867
-1.1069
-0.058606
0.30368
0.079386
0.67992
0.51077
0.39734
0.70858
0.42142
0.32227
-0.26632
0.32229
0.31534
0.13866
-0.20089
-0.10807
-0.058107
-0.053883
0.0058082
0.0070864
0.021674
-0.0041159
-0.062148
0.0093574
-0.07771
0.0074201
-0.0003083
-0.0013795
-0.0096498
-0.041331
0.063669
-0.056862
-0.034062
0.087873
0.087225
0.0080203
0.0071281
0.0090994
0.0085837
0.0092526
0.014587
0.019043
0.0077931
-0.00013127
-0.00022125
0.0012305
0.0050539
0.0064537
-0.0011302
-0.01066
-0.015565
-0.016247
-0.017035
-0.031486
-0.031071
-0.016614
-0.011635
0.0080523
-0.056427
0.037265
0.012151
0.012347
0.0045279
0.0096694
0.011996
0.012028
0.0074792
0.007872
0.0035514
0.0043331
-0.00088951
-0.027774
-0.060451
-0.30106
-0.30083
-0.99571
-0.35421
0.37477
-0.13765
0.28846
0.31254
0.10582
-0.10221
0.32379
0.56458
0.39534
0.62365
0.65293
0.27099
-0.22111
-0.2217
-0.028585
-0.097428
-0.13948
0.042018
0.04802
-0.032363
-0.040722
-0.10001
0.012506
-0.017113
-0.031949
-0.011562
0.018424
-0.021438
0.011802
0.01187
0.0018024
-0.00070562
-0.015708
0.0082501
0.0022685
0.016906
0.015718
0.0072781
0.014413
0.023397
0.024222
0.021804
-0.0011407
-0.013085
0.0064923
0.014472
0.0047602
0.0016034
-0.012959
-0.013106
-0.021144
-0.017377
-0.025049
-0.033862
-0.033531
-0.033376
-0.0031165
-0.085733
-0.251
-1.0052
0.14001
0.084802
-0.20132
0.058513
0.059005
0.0019653
0.0049428
0.0066802
0.0069378
0.011575
0.015375
0.013206
0.0037435
0.0058334
0.010313
0.00064873
0.0050878
-0.11814
-0.11768
-0.61128
-1.2904
0.5007
0.55107
0.74512
0.75262
0.32147
-0.08265
-0.15969
0.38128
0.3002
0.37537
0.64095
0.47543
-0.2675
0.32666
-0.21548
0.016818
-0.046247
-0.084267
-0.06842
-0.015183
-0.033688
-0.0084357
-0.00018323
-0.0023944
0.0057325
-9.1462e-05
-0.0069116
0.0011445
-0.021507
0.032784
0.022454
0.022406
0.039363
0.033553
0.021853
0.011271
-0.00054218
0.0089814
0.013016
-0.0048433
-0.0058018
-0.017191
-0.019247
0.0032085
-0.00012441
-0.005448
-0.018611
-0.026599
-0.049543
-0.049789
-0.019705
-0.019587
-0.011778
-0.0047053
0.00037905
-0.0053461
-0.12195
-0.14062
0.054675
-0.042549
0.021806
0.00051674
0.0051706
0.019613
0.010941
0.0019802
0.01114
0.0051793
0.014518
0.0062923
0.014051
-0.022653
-0.018008
-0.024116
-0.15846
-0.73873
-0.82838
0.031088
-0.27256
0.6397
0.24695
0.004027
-0.14513
0.46799
0.58008
0.70208
0.64504
0.58063
-0.06111
-0.14351
-0.013244
0.42934
-0.30762
-0.089735
-0.060055
-0.041778
0.0048182
0.048865
-0.029253
-0.024971
-0.035845
-0.015874
0.0059071
-0.0011674
-0.00041725
-0.0014426
-0.029393
-0.08342
-0.14653
-0.082439
-0.0089091
0.040725
0.031939
0.026102
0.072494
-0.027515
-0.0041467
0.025592
0.009515
0.008806
0.00064091
0.0080281
0.016964
0.0052195
0.0040071
0.0035168
-0.00042102
-0.0036732
-0.0077124
-0.018052
-0.020654
-0.029831
-0.0072043
-0.091054
-0.38966
0.36714
0.36149
-0.06964
-0.11342
0.095341
-0.0010515
-0.00062007
-0.0047348
0.022144
0.0017038
0.025683
0.026148
0.0052199
0.00080308
0.0047541
0.0055743
0.0024602
-0.036194
-0.13768
-1.0785
0.67753
0.67554
-0.16295
0.82594
0.11495
-0.26046
-0.26296
-0.26012
0.27696
0.82535
0.83596
0.4962
0.36192
0.36656
-0.15662
-0.15632
0.16653
-0.024063
-0.18055
-0.13709
-0.13872
-0.071189
-0.02209
0.0077248
-0.0080398
-0.018168
-0.018333
-0.0054413
-0.057854
5.1819e-05
-0.011458
-0.011875
0.0282
-0.093493
0.076103
0.077221
-0.026286
-0.019758
0.063494
0.029019
0.029016
0.0063914
0.00097954
-0.00031174
-0.011741
-0.0052589
0.0085265
0.00787
0.0056769
-0.00093818
-0.0092811
-0.0093665
-0.01092
-0.012263
-0.022484
-0.019085
-0.018995
-0.025146
-0.21305
-0.16919
-0.10931
0.49669
0.49689
-0.23918
0.19579
0.0048909
0.0046921
-0.01094
0.0064055
0.0074376
-0.0023461
0.0019309
0.0011261
0.003721
-0.00010862
0.0088059
-0.051653
-0.050765
-0.049701
-0.32357
-0.071238
0.17688
0.17946
0.18637
0.13861
-0.058799
0.54137
0.66903
0.66108
0.37741
-0.18327
-0.089436
0.4254
0.46347
0.13543
0.0085693
-0.085855
-0.059917
0.015763
-0.0062514
-0.016654
-0.022301
0.0015945
0.0015369
0.00083807
-0.00042226
-0.0014202
-0.026774
-0.027147
0.019057
0.0014982
0.0088354
0.010737
0.045934
0.041361
0.014307
0.010483
0.010899
0.010132
-0.0023595
-0.0073566
-0.040785
-0.039717
-0.024301
-0.0075879
-0.0081914
-0.011352
-0.0124
-0.029559
-0.044899
-0.026332
-0.019436
-0.019886
-0.010795
-0.4519
-0.014786
0.16504
-0.077906
0.04896
0.015538
0.0057631
0.0059705
0.01303
0.011989
0.018145
0.010658
-0.001139
0.0075666
0.026117
0.015795
-0.012378
-0.022764
-0.023868
-0.022336
-0.3449
-1.5159
-0.15475
-0.15904
0.79885
0.80114
0.34022
-0.042118
0.33047
0.41333
0.57326
0.72891
0.53732
0.14629
0.13904
0.030156
0.095074
0.13192
-0.038538
-0.039525
-0.0038673
-0.03547
0.0072408
0.011607
0.012353
-0.018898
-0.047357
0.0017189
-0.0099237
-0.00041226
1.6169e-05
-0.0028225
-0.019029
-0.024841
0.015045
0.043836
0.047076
0.019515
0.011562
0.0093876
0.0097502
0.0091361
0.0068007
-0.0044401
-0.018049
-0.0057651
-0.0054218
0.0069534
0.004539
0.0014475
-0.0055433
-0.009288
-0.022372
-0.022509
-0.0264
-0.026349
0.0021504
0.0097712
-0.15559
-0.20053
-0.2004
-0.018783
0.0086797
0.01097
0.027774
0.016451
0.00081737
0.0091075
0.016171
0.012326
0.012592
0.0089953
0.010305
0.0047596
0.013969
-0.077402
-0.47378
-1.0371
-0.14827
0.37758
0.14968
0.70743
0.72191
0.45215
-0.1079
-0.26999
0.48688
0.23279
0.51893
0.39981
0.14218
-0.10587
-0.25805
0.14475
0.35925
-0.16172
0.045724
-0.028224
-0.0551
-0.0364
-0.0032334
-0.0026208
-0.026751
-0.037105
-0.0072924
0.010881
-0.0054392
-0.005298
-0.0082896
-0.0054447
0.082006
-0.077323
-0.095474
0.12841
-0.043021
0.082196
0.047626
0.0029994
0.012887
-0.00016506
0.007923
0.0093724
0.0099536
-0.0012855
0.00041867
-0.017271
-0.014366
-0.0075512
-0.014384
-0.022046
-0.015141
-0.017908
-0.0046369
-0.0048483
0.00869
0.015881
-0.10166
-0.10288
-0.27966
-0.28065
0.44322
-0.20834
-0.039367
0.1303
0.00023318
-0.005104
0.0020798
0.0066584
0.0089964
0.0094164
0.0050769
0.0080769
0.014257
0.011447
-0.0043531
-0.027007
-0.0036217
-0.47237
-0.49467
-1.0001
0.12603
-0.20894
0.2694
0.42647
-0.10007
-0.025869
0.75953
0.68201
0.68829
0.74795
0.43073
0.45696
0.15721
-0.27755
-0.19916
0.28951
0.023475
-0.023282
-0.098912
-0.1043
-0.021725
0.00056534
-0.014274
0.016871
-0.011907
-0.025711
-0.0096382
-0.033704
0.01473
0.01474
0.024795
0.026608
0.010346
0.0091908
0.0010698
0.0011779
0.01017
0.00035086
0.002357
-0.0094859
-0.0026327
-0.010126
0.017689
0.00086806
0.00077952
-0.0025427
-0.007507
-0.014725
-0.020344
-0.020799
-0.032986
0.00090039
-0.00069092
-0.0037278
-0.0056461
-0.29743
-1.0469
0.30434
0.083406
0.082426
-0.23573
0.11166
0.10536
-0.078067
0.011881
0.012351
0.022774
0.022755
0.016976
-0.0023236
-0.0024394
-0.013823
-0.080884
-0.48442
-0.95194
-0.11341
-0.019916
0.81661
0.42984
-0.023701
-0.030667
-0.070171
0.29312
0.10814
0.43658
0.77048
0.46502
0.069391
-0.12391
-0.23481
0.12862
0.0094003
-0.063805
-0.060308
-0.11773
-0.017949
0.027876
-0.0028784
-0.050296
-0.021434
0.0036844
-0.00029024
0.0010043
-0.019525
0.024596
0.023934
-0.13102
0.033512
0.078063
-0.064892
0.053608
0.0558
-0.0081551
0.053512
0.027955
0.028785
0.0070809
0.012618
0.0014945
0.0093457
0.01083
0.0062071
0.0046821
-0.0084515
-0.012214
-0.012436
-0.011317
-0.011115
-0.024299
-0.037742
-0.012583
0.03487
0.027948
-0.078025
-0.044041
-0.0066827
0.041717
0.0098642
0.009301
0.010724
0.0038001
0.0068914
0.013263
0.018487
0.0033188
0.0050321
0.0047049
-0.0037814
0.012371
0.013694
-0.010865
-0.020042
-0.019497
-0.064294
-0.64359
-0.8034
0.20928
0.0086164
0.50037
0.38259
-0.16604
0.29747
0.29418
0.41095
0.92733
0.54332
0.025265
0.086366
0.09157
-0.41331
-0.18284
-0.021392
0.015645
0.0084681
-0.022859
-0.037932
-0.039621
-0.0012145
-0.020269
-0.0097833
-0.01861
0.017295
0.017234
-0.04301
-0.038016
-0.049952
0.021164
0.017032
0.021484
0.067669
0.012455
-0.0011973
0.0081071
0.0091796
0.027532
0.0033085
0.0035728
0.0038533
0.003931
-0.014493
-0.0088451
-0.0055206
-0.0055114
-0.010296
-0.012805
-0.0094372
-0.014388
-0.017602
-0.023116
0.017379
0.018733
-0.093141
-0.28323
-1.0168
0.34625
-0.1458
-0.12555
-0.12562
0.010296
0.0074751
0.019701
0.0054144
0.015463
0.015452
0.0062915
0.00464
0.0049357
0.010476
0.013979
-0.15256
-0.51403
-0.55076
0.39497
0.10415
0.53966
0.26222
0.068554
0.061158
-0.37805
0.094998
0.41483
0.26769
0.43357
0.47171
-0.010702
-0.12371
-0.1552
0.4997
0.051703
0.049138
-0.23146
-0.085954
-0.055355
-0.017524
-0.021799
0.026554
-0.0035634
-0.031944
-0.024384
-0.02503
-0.0019831
-0.027842
-0.0068126
-0.039144
-0.039677
0.036071
0.049832
0.041525
0.075559
0.030526
0.043066
0.015467
-0.0033819
0.013953
0.014496
0.016194
0.0038035
0.004124
-0.0010343
0.00063058
0.00018327
-0.0041572
-0.0094297
-0.0039722
-0.011213
-0.029717
-0.013207
-0.013131
0.0053392
-0.17028
-0.24307
-0.24426
-0.40607
0.061689
0.10201
-0.041574
0.012571
0.012965
0.010791
0.00057711
0.0078516
0.0078397
0.0060607
-0.0021295
0.0022259
0.0084347
0.0044305
0.012801
-0.056001
-0.079679
-0.46879
-0.47452
-1.1633
0.35118
0.38455
0.37514
0.077226
0.0047792
0.45645
0.3646
0.36391
0.34053
0.093625
0.09977
-0.12576
0.59999
-0.10867
-0.39193
-0.39214
-0.088234
-0.044832
0.029795
-0.0051404
-0.013245
-0.037343
-0.023195
-0.10586
-0.045028
-0.045274
0.044674
-0.035532
0.022261
0.010277
0.010016
0.012848
0.01513
0.016704
0.065557
0.035733
0.024849
0.016114
0.011551
0.011927
0.007851
0.0016626
0.010392
0.0072071
0.00657
0.0060365
0.0026346
0.0042825
-0.0072873
-0.0073217
-0.012608
-0.015179
-0.013237
-0.01781
-0.019614
-0.019571
0.0028526
0.0022086
0.040691
0.015069
0.028724
0.014638
0.0058446
0.003686
0.0044331
0.0045715
0.026386
0.00025631
0.0035593
0.0032866
0.0032618
0.012477
-0.00802
-0.026378
-0.15602
-0.93227
-0.93941
0.13683
-0.10809
0.5408
0.38671
0.39188
0.067947
0.0662
0.074491
0.50505
0.36197
0.70805
0.84827
-0.30439
-0.046933
-0.011617
-0.44141
-0.038535
0.052917
-0.013945
-0.023508
-0.054054
-0.022823
-0.018861
-0.01711
-0.018614
-0.017962
0.0019623
0.024267
-0.023133
0.0048856
0.0095135
0.0055024
0.014307
0.011654
0.041354
0.013274
0.016278
0.0091331
0.022882
0.015436
0.0029277
0.0074409
0.0052577
-0.018328
0.0028405
0.0029165
0.0067912
-0.012766
-0.017794
-0.028989
-0.029502
-0.022155
-0.025268
-0.010581
-0.0098535
0.0093725
-0.17051
-0.26498
0.0039756
0.0034517
0.29331
-0.26006
0.068261
0.074554
-0.027025
-0.026994
0.016836
0.002899
0.0043291
0.017716
0.011776
0.010809
0.0007483
-0.042257
-0.22702
-0.9587
-0.97637
-0.55725
0.053509
0.19738
0.63835
0.44815
0.43707
0.52392
0.47968
0.47307
0.62725
0.3834
-0.038596
-0.015825
-0.010971
-0.44652
0.27931
0.1407
-0.0057269
-0.075073
-0.077443
-0.093835
0.014536
0.0014153
-0.01046
-0.010319
-0.017001
-0.0056403
-0.021512
-0.021578
0.0022836
0.0021447
-0.0033004
0.031254
0.0043164
-0.015543
0.014299
0.05891
0.013558
0.016035
0.019132
0.0088327
0.0032975
0.0052117
0.0049954
0.010023
0.0062171
0.0003988
-0.0012972
0.0010117
-0.024969
-0.018369
-0.012357
-0.014494
0.0066732
-0.03564
-0.032401
-0.16544
-0.17511
0.11473
0.018087
-0.017649
0.017422
0.016873
0.0024613
0.00091674
0.0052077
0.0079889
0.0025369
0.0033679
0.0085709
0.0083294
0.0090279
-0.0044207
0.0069362
-0.0088948
-0.032884
-0.030415
-0.36917
-1.1966
-0.50231
0.17545
0.18046
-0.1485
0.3199
-0.15825
0.063244
0.29415
0.25946
0.43
0.65247
0.86604
0.22411
-0.24017
-0.17414
-0.231
-0.21793
-0.067576
0.0020911
-0.017827
0.0060681
-0.02829
0.0013211
0.0013697
0.024821
-0.0096557
-0.022197
-0.022923
0.011122
-0.016469
0.014561
0.012957
0.011082
0.020321
0.021384
0.026435
0.0078589
0.017345
0.018303
0.011551
0.021342
-0.0063688
-0.0062892
-0.017315
0.006213
-0.00061461
-2.6146e-05
-0.00086396
-0.0085028
-0.010594
-0.01344
-0.01669
-0.017983
-0.018121
-0.0084165
-0.01509
-0.0037577
-0.066909
-0.069164
-0.23085
-0.62854
-0.16297
0.28643
0.00032092
0.0023921
0.0024885
0.0055954
0.015777
0.0085965
0.0040857
0.0047952
-0.0044508
-0.0041024
-0.013147
-0.028841
-0.028051
-0.14813
-0.511
0.063894
0.066161
0.47008
0.73429
0.21004
-0.37531
-0.37212
0.41485
0.277
0.51491
0.39259
0.40165
0.11121
-0.25909
-0.1337
0.3102
0.13832
-0.25793
-0.083923
-0.036164
-0.022814
-0.020432
0.0028201
-0.0054575
0.012112
-0.0067691
-0.010314
0.0040318
-0.016106
-0.018609
-0.040096
0.036746
-0.003057
0.011234
0.015713
-0.025075
0.002226
0.0023294
0.010992
0.0017162
-0.001865
-0.022492
-0.021832
-0.018842
-0.0051612
-0.0022245
-0.0096926
-0.0093637
-0.01734
-0.021994
-0.026334
-0.021535
-0.022027
-0.013389
-0.0038875
-0.015251
-0.2116
-0.22032
0.039093
-0.36807
0.10939
-0.099254
-0.099254
0.046897
0.0090427
0.00724
0.0054486
0.0050129
0.022256
0.0099117
0.00097707
0.0024645
0.010062
0.015444
-0.01155
-0.020237
0.0025076
0.0026446
-0.13596
-1.0605
-1.067
0.2938
-0.10922
0.08047
0.18816
0.74777
0.69305
0.43957
0.59746
0.22904
-0.23619
-0.22089
0.20341
0.20657
-0.015236
-0.042036
-0.076853
0.034409
0.033886
-0.015996
-0.04117
-0.034727
-0.009301
0.00086106
-0.014218
-0.014182
0.0031284
-0.004851
-0.0066344
0.0055474
0.01622
0.013972
0.040899
0.040075
0.041479
0.010358
0.0058563
0.011653
0.011784
0.017946
0.0078755
0.00095974
-0.00058232
-0.0030241
-0.0027644
-0.00063264
-0.0081905
-0.0062959
-0.0075941
-0.012583
-0.020006
-0.02251
-0.11834
-0.61601
-1.2176
0.17219
0.16942
0.13877
0.1655
0.04984
-0.036016
-0.036003
0.0067808
0.011518
0.0071297
0.0063709
0.0088319
0.0085754
0.0098697
-0.00034173
0.0017789
-0.018894
-0.079017
-0.31189
-0.31523
-0.97636
-0.18872
0.054735
0.6218
0.62744
0.85303
0.60861
-0.32487
0.44265
0.3215
0.3215
0.68133
-0.1008
-0.38278
-0.28388
0.12806
0.12365
0.21233
-0.17022
-0.10736
-0.084654
-0.047141
-0.046347
0.054545
-0.0035112
-0.016346
-0.01516
-0.0086901
-0.0085167
-0.0084594
0.0017395
-0.0054943
-0.00040558
-0.0054424
0.014618
0.023189
0.052378
0.018578
0.00057159
0.00073835
0.0064906
0.004573
-0.013
-0.011852
-0.083343
-0.003057
-0.0031035
0.0011557
-0.0032054
-0.003487
-0.01387
-0.021817
-0.0302
-0.01617
-0.017986
-0.00030395
0.010299
0.0089863
0.00029106
-0.063948
-0.064856
-0.13351
-0.39164
0.33985
-0.08928
0.075927
-0.012326
0.003648
0.002212
2.3334e-05
0.0081872
-0.0016255
0.0023475
0.00267
0.0027222
0.0055649
0.0089906
-0.0055929
-0.037134
-0.11076
-0.39913
-0.91434
-0.17788
0.3934
0.050412
0.35214
0.36595
-0.22146
0.50041
0.65411
0.49051
-0.12088
0.090169
-0.03634
-0.33691
0.24194
0.026283
0.012366
-0.062776
-0.128
-0.086236
0.012705
-0.017408
-0.038879
-0.010976
-0.0037691
0.01783
0.0029472
-0.02828
-0.0067571
-0.020883
0.022457
0.019497
0.0098932
0.01104
0.007139
0.029818
0.010182
0.0013842
0.023227
0.016241
0.0080412
0.00048961
-0.0047546
-0.0085426
-0.008425
-0.0054655
0.0060998
-0.0056202
-0.0044409
-0.0050008
-0.01282
-0.014031
-0.01419
-0.023825
-0.015414
-0.01462
-0.0020168
0.010755
0.38138
-0.21685
0.10986
-0.016368
-0.017017
0.011213
-0.0027371
0.010435
0.015486
0.0040208
0.004142
0.0055297
0.02844
0.0068096
0.0057231
-0.036691
-0.021665
-0.055831
-0.20974
-1.0836
-1.0818
-0.27147
-0.2109
0.31343
0.019728
0.013516
-0.13332
0.1317
0.44485
0.35495
0.35965
0.62402
0.44001
-0.21804
-0.22692
0.35705
-0.096348
-0.022162
-0.15434
-0.15499
-0.040908
0.0039986
0.0035537
0.021062
-0.036754
-0.036783
-0.024685
0.0073181
-0.016932
-0.016774
-0.020115
0.012284
0.02949
0.049968
0.014277
0.01508
0.0018538
0.0023343
0.0034587
-0.0018969
-0.0025011
-0.027694
-0.018834
-0.0054623
-0.0099046
-0.0083596
-0.017709
-0.036314
-0.024013
-0.025035
-0.0095947
-0.0040218
0.011276
-0.0052397
-0.0077868
-0.12496
-0.69015
-0.078699
0.3306
-0.10469
-0.10473
-0.020039
0.015971
0.010193
0.0032589
0.0058767
0.013907
0.011361
0.0037189
0.0038154
0.0048501
0.0092971
0.0050894
-0.010179
-0.0088758
-0.079015
-0.25847
-0.85573
-0.22503
0.13868
0.14844
-0.19633
0.44024
0.57056
0.71289
0.68164
0.34074
0.34063
0.05954
-0.18119
-0.01797
-0.017688
0.0040175
-0.02449
-0.026435
-0.033213
0.022483
-0.0074436
-0.016314
-0.021588
-0.032155
-0.01089
0.00077181
-0.0042286
-0.0061016
0.0020525
0.0016422
-0.064771
-0.025802
0.05098
-0.036119
0.05129
0.065112
0.036641
0.017809
0.0050255
0.0047766
0.015491
0.01526
-0.0047623
-0.0045282
-0.00049746
0.002346
0.0053354
-0.00065875
-0.0062521
-0.015922
-0.020815
-0.020556
-0.019087
-0.013489
-0.016512
-0.028019
-0.13014
-0.12962
-0.082745
0.0025165
0.0071308
0.013457
0.023544
0.013613
0.0031482
0.0089728
0.003533
-0.005707
0.00079158
0.00081539
0.019727
0.010607
0.012603
-0.041822
-0.054364
-0.052822
-0.19484
-0.81632
-0.7993
0.31419
-0.19806
-0.18088
0.44423
-0.0035388
0.39056
0.35948
0.5014
0.41702
0.56053
0.61002
-0.30729
0.19693
0.40751
-0.16663
-0.14678
-0.1467
-0.094214
-0.045696
-0.021216
0.0043944
-0.0087183
-0.024368
-0.0074369
-0.007115
-0.011189
-0.0053001
-0.034002
-0.033735
-0.019186
0.013383
0.027219
0.031773
0.054441
0.011762
0.0055139
-0.00014856
0.0097661
0.001875
0.0014377
-0.00097935
0.005225
0.0043232
0.0064704
0.0031954
-0.0010702
-0.0073488
-0.0074051
-0.0049508
-0.0067752
-0.013902
-0.018157
-0.014038
-0.0050939
-0.065883
-0.21165
-0.80632
-0.80695
-0.26445
0.38098
-0.19164
-0.0079109
0.044179
0.044529
0.0014141
0.0090198
0.0019931
0.01419
0.013844
0.015278
0.0036426
-0.00098168
0.0079698
0.0013311
-0.0032959
-0.023007
-0.10379
-0.40764
-0.41741
-1.1367
0.28428
0.16431
0.24932
0.65204
0.65515
0.46663
0.48553
-0.28305
0.040736
0.0067054
0.10299
-0.09821
-0.062353
-0.064323
-0.10494
-0.08732
-0.015623
-0.021805
-0.010976
-0.013682
-0.017125
0.0036179
-0.01022
-0.024406
0.061267
0.060506
-0.043053
-0.025161
-0.062769
0.072885
0.072399
0.012
0.037996
0.033183
0.02419
0.0042765
0.00041619
0.017984
0.006367
0.0038464
0.0028059
0.0079386
0.001296
-0.0028125
-0.0034507
-0.015062
-0.025259
-0.011011
-0.011933
-0.012561
-0.026653
-0.0023575
-0.0019418
-0.088148
-0.18546
0.0012074
0.078221
-0.01171
-0.0058641
0.016763
0.027978
0.028303
0.0042846
0.01572
0.0023214
0.0017175
0.0042039
0.008994
0.0063425
-0.0033557
-0.0025568
-0.067168
-0.11922
-0.66426
-0.95832
-0.93193
0.085898
-0.10107
0.44235
-0.044586
-0.027432
-0.19331
0.51369
0.59073
0.5651
0.56415
0.67705
0.46466
0.14886
-0.2507
-0.010772
-0.024276
-0.047706
-0.067
-0.051665
-0.055778
-0.05885
0.060164
-0.0014506
-0.04167
-0.022413
-0.022229
-0.00023083
-0.0014068
-0.026482
-0.011652
-0.020093
0.015198
-0.01662
-0.015192
-0.015318
0.020049
-0.0038567
0.0053975
-0.0022754
0.0010236
0.00099786
1.0511e-05
-0.0017932
0.0098924
0.0073169
0.0071479
-0.00015844
-0.0061088
-0.0076045
-0.012432
-0.013274
-0.014694
-0.01024
-0.0029372
-0.003371
-0.030743
-0.12788
-0.17016
0.054813
0.020356
-0.0064687
0.020662
0.017657
0.0086697
0.0026668
0.0022409
0.0084398
0.0095419
0.011284
0.012241
0.013477
0.0029811
0.0064296
0.00070031
0.015743
0.016099
-0.26814
-0.61933
-0.65987
0.48723
0.17072
0.049136
0.44405
0.44348
0.04126
-0.27945
0.78846
0.55239
0.75092
0.75569
0.30156
0.056259
0.22781
0.028089
0.016656
-0.12775
0.032219
0.033297
-0.0011482
-0.025934
-0.042424
0.0064475
-0.012429
-0.022991
0.0062068
-0.026596
-0.017546
0.028538
-0.031686
0.047501
0.001098
0.0031171
0.060361
0.051029
0.048815
0.0017262
0.012921
0.013092
0.0076566
0.00084814
-0.00071424
0.007044
0.0079717
0.0086817
0.0098531
0.0044766
-0.0031521
-0.0081634
-0.0075816
-0.0070034
-0.013576
-0.0129
-0.018856
-0.0061287
0.0083008
-0.052024
-0.20245
-0.56224
0.20454
0.20177
0.22786
-0.25355
0.041606
0.066856
-0.0020763
0.0086155
0.012154
0.018741
0.0081353
-0.00067529
0.0026905
-0.014707
-0.023259
-0.04961
-0.4249
-0.97259
-0.29874
0.052451
-0.27229
0.36173
-0.3635
0.30137
0.30204
0.30258
0.71949
0.5804
0.11359
0.03547
-0.2933
-0.011862
0.20782
-0.11546
-0.15242
-0.15494
-0.0068459
-0.0031104
0.0043042
0.01386
-0.00049687
-0.0032458
-0.029388
-0.033343
-0.021419
-0.016143
-0.030537
-0.050948
0.012017
-0.21037
-0.2105
-0.082331
0.026183
0.04173
0.065638
0.074027
0.032919
-0.043413
0.058078
0.03123
0.0065109
0.0066337
0.0089525
0.0012791
-0.019531
-0.020202
-0.01133
-0.012751
-0.012837
-0.017606
-0.01816
-0.01757
-0.014165
-0.012943
0.0078944
0.012968
0.011756
-0.033165
-0.085997
-0.48924
-1.0362
-0.38418
0.011628
0.00425
0.0081841
0.021818
0.013283
0.013619
0.014792
0.0066183
0.0090249
0.00074108
0.00076832
-0.11757
-0.54211
-0.81368
-0.051637
-0.030446
0.38679
0.0054707
0.43028
0.079611
-0.011747
0.067355
0.42805
0.39217
0.6563
0.66249
0.48254
0.34314
-0.00010252
0.2181
0.22773
-0.036347
-0.053685
-0.13382
-0.12762
-0.16027
0.00023443
-0.04787
0.010245
-0.047512
-0.047426
-0.020581
-0.043548
-0.0099772
-0.0040708
-0.0065413
-0.0075504
0.013256
0.0099761
-0.0034938
0.009065
-0.0028728
0.017365
0.026999
0.013428
0.017774
0.012201
0.012289
0.0046593
0.0058208
0.0037022
0.0041715
0.0065519
0.0020989
0.0027287
-0.0039233
-0.00079356
-0.0015974
-0.0075406
-0.013134
-0.0080589
-0.010163
-0.0076463
-0.0051535
-0.0084756
-0.0081478
-0.38039
-0.94085
-0.58999
-0.023628
0.002939
0.0045603
0.0013165
0.0036613
0.0062607
0.002321
0.0023294
0.002428
0.0019301
-0.0032887
-0.13078
-0.12861
-0.45084
-0.84437
-0.82581
0.46208
-0.2593
-0.2471
0.21886
0.52741
-0.029849
0.34734
0.13549
0.60316
0.56784
0.21082
-0.1781
-0.17648
-0.20766
-0.19416
0.29087
-0.060841
-0.12729
-0.024123
-0.063555
-0.052129
0.036531
-0.009455
-0.026015
-0.046612
-0.0091448
0.012665
0.012677
-0.0046464
-0.022411
-0.036441
0.0045241
-0.016029
-0.015871
0.00036769
0.015331
0.016451
0.02811
0.026872
0.03549
0.012278
0.018
0.019629
0.034467
0.0058433
-0.0045164
-0.00040416
-0.00035358
-0.014785
-0.0035832
-0.0032313
-0.0070655
-0.0071066
-0.022816
-0.026932
-0.020449
-0.021276
-0.013692
-0.013516
0.02068
-0.17483
0.065638
0.060971
0.06191
0.047242
-0.012335
0.011991
0.0045119
0.011002
0.0023757
0.0027675
0.0059678
0.0058911
0.013957
-0.0051269
-0.017997
-0.022036
-0.076932
-0.079258
-0.44846
-1.2561
0.096091
0.22556
0.23044
0.45427
0.23142
-0.025055
-0.095387
0.40633
0.41185
0.37645
0.52191
0.22965
0.23215
-0.048446
-0.36472
-0.017348
-0.018757
0.013718
-0.13627
-0.024201
0.0088717
0.020003
0.01985
-0.009737
-0.033514
-0.047834
-0.027415
-0.027232
-0.0061164
0.00014214
-0.0034704
-0.00095096
-0.0010113
-0.0058223
0.0068259
0.038643
0.065764
0.060966
0.049708
0.016981
0.028957
0.022973
0.022832
0.031784
0.0052414
-0.0043528
-0.013942
-0.013633
0.0032916
0.0035752
0.00056286
-0.016276
-0.02271
-0.028141
-0.018611
-0.009522
-0.022384
0.0096632
0.0090382
-0.084865
-0.22508
-0.4858
-0.48677
0.055881
0.28574
-0.017781
0.046774
0.017115
0.0095878
0.009969
0.010251
0.028863
0.0089227
0.0072638
-0.0031666
-0.0036266
0.0053755
0.0056106
-0.013487
-0.035307
-0.045404
-0.32415
-0.9846
-0.23815
-0.014484
-0.21074
0.47528
0.37179
0.36714
-0.12769
-0.0062105
0.45612
0.51607
0.51758
0.55848
-0.05495
0.29797
-0.11707
0.24598
-0.52554
-0.18915
0.068492
0.070152
-0.042627
-0.088612
-0.085698
-0.0082825
-0.038903
-0.0086522
-0.002317
-0.079189
-0.20944
-0.21694
-0.21647
-0.060212
0.016241
0.050541
0.059671
0.06209
-0.0059013
0.030003
0.015186
-0.014731
-0.016317
-0.0042495
0.0049542
0.0045509
0.0068539
0.007899
0.0072349
0.0036308
-0.0010264
-0.013692
-0.014062
-0.016561
-0.015821
-0.02358
-0.0082104
-0.0078371
-0.0065968
-0.050647
-0.14149
-0.40974
-0.40956
0.49313
-0.15353
0.17236
0.0052905
-0.0050551
0.003018
0.0030235
0.014828
0.0043366
0.0066897
0.013187
0.0021262
0.0030536
0.0091952
0.010171
-0.18391
-0.63238
-0.13323
0.61827
0.4492
0.037807
-0.23321
0.41104
0.40296
0.57595
0.4252
0.42982
0.65718
0.67184
0.27957
-0.10774
-0.12893
-0.26796
-0.26999
-0.052417
-0.092206
-0.096969
0.050468
0.050387
-0.0043923
-0.01727
-0.029627
-0.01785
-0.017911
-0.017802
-0.024442
-0.024641
-0.032843
-0.12824
-0.23562
-0.22044
-0.058343
0.029539
0.030878
0.0014054
0.022311
0.023062
-0.014726
-0.013173
-0.0061765
0.0043022
0.0050657
0.0070139
0.010427
0.0049243
0.0046532
-0.01144
-0.020806
-0.0046148
-0.0009387
-0.0092211
0.0073394
-1.187
-1.7315
-1.7274
-1.0218
0.101
0.19915
-0.072014
0.012166
0.011901
0.0010046
0.0039395
0.01117
0.015734
0.016159
0.020489
0.01054
0.0051867
-0.0035531
-0.004093
0.0069088
0.0021762
-0.0010836
-0.0025453
-0.0027276
-0.0086231
-0.011417
-0.0091791
-0.0090526
-0.011837
-0.003154
-0.013115
-0.015811
-0.012469
-0.0028824
0.0037947
-0.0034212
-0.00019314
-0.00081445
-0.0033461
-0.0029008
0.0017213
1.5693e-06
0.00010657
-0.0016354
-0.004551
-0.0051954
1.6532e-05
-0.0032487
-0.0066253
-0.012661
0.011232
0.016608
0.01678
0.0091021
0.013149
0.0016894
0.0014717
-0.01212
-0.0036431
0.0021498
0.0090628
0.0058064
0.0063641
0.010437
0.034078
0.033875
0.00062471
0.0034676
0.0021698
-0.012419
-0.013639
0.0095763
0.0095813
0.01922
0.013612
-0.015058
-0.015513
-0.014933
-0.027119
-0.028831
-0.02806
-0.016204
-0.015745
-0.028052
0.041743
-0.17852
-0.87246
-0.87384
0.2332
-0.22181
0.036918
0.058926
0.058431
-0.019229
0.0050602
0.0042154
0.0035763
0.0072397
0.0073938
0.0071645
0.023926
-0.001073
-0.0053647
-0.0052793
-0.046002
-0.0082794
-0.51377
-0.4971
-0.23937
-0.23037
0.46482
0.30829
0.19355
0.24349
-0.061552
0.13296
0.21255
0.4155
0.41467
0.51733
0.48214
-0.19057
-0.42868
-0.41378
0.17561
0.21427
-0.055478
-0.10122
-0.10367
-0.010064
0.011648
0.099735
-0.026926
-0.040025
-0.016283
-0.013622
-0.044528
-0.22078
-0.22232
-0.34916
-0.22298
-0.23492
0.014539
-0.047385
-0.2267
-0.19444
0.10198
0.21769
0.20859
-0.002877
0.012963
0.005867
0.0055138
-0.0077544
-0.0094573
0.0053943
0.01443
0.01453
0.012334
-0.00074465
-0.0058968
-0.0055308
-0.0054225
-0.012412
-0.02122
-0.017965
-0.017393
0.0027909
-0.13677
-0.38719
-0.38741
-0.68257
-0.030555
-0.082069
0.048988
0.032961
0.0020321
0.0017829
0.0067401
0.01235
0.014729
0.0061693
-0.0012226
-0.00031134
0.0054534
0.0057268
0.0074342
-0.028817
-0.0011878
-0.10222
-0.098036
-0.5005
-0.82994
0.058768
0.44688
0.4557
0.96979
-0.04788
-0.41857
0.37493
0.70773
0.51857
0.34616
0.3452
0.103
0.10093
0.49447
-0.051017
0.14881
-0.011322
-0.083064
0.039612
-0.014239
0.0021353
0.0021796
0.037319
-0.028185
-0.016443
-0.0046431
-0.011406
-0.01153
-0.0092445
-0.014921
-0.029108
-0.13975
-0.27376
-0.25701
-0.15449
-0.070236
-0.063685
-0.031216
0.010887
0.024986
0.018065
0.017556
0.011785
0.0076082
-0.00080468
0.0056677
0.005471
0.0042534
0.0058353
0.0013283
0.0054973
0.0057362
0.0060201
0.003651
0.0016585
0.0037379
0.0037503
-0.0014216
0.0044754
0.0034046
0.00018395
9.3141e-05
0.00038102
0.00053276
-0.0046767
0.0035655
0.0013444
-0.0009088
-0.0019824
-0.0019735
0.0056658
0.004481
0.002217
-0.0023311
0.00081199
0.0020326
0.0018075
-0.0023243
-0.0010886
3.9457e-05
0.0018627
0.0044823
-0.0011432
-0.001025
-0.0021305
8.1869e-05
8.9795e-05
0.0034871
0.0023057
0.0037266
0.0034734
0.0013842
-0.0030735
-0.00092595
-0.0042474
0.00022349
0.0032747
3.394e-05
0.0034671
-0.0010996
-0.0021873
-0.0031545
-0.00015579
-8.8563e-05
0.00096657
0.00314
0.0055188
-0.0032784
-0.0022215
-0.0010819
-0.0010787
-0.0010813
-0.0031342
-0.0021702
-0.0012102
-0.0021109
-0.00094015
0.002305
0.0043984
-0.0011341
0.0023481
0.0023353
0.0035093
0.0023344
0.0043729
0.0010698
-0.00092191
0.0010856
-0.0011401
-0.0011391
0.0010527
0.0023618
-0.0032801
0.00021949
-1.556e-05
2.0165e-05
0.0012534
-0.0011044
0.001213
0.0043733
-0.00092225
0.0021071
0.0024008
9.7443e-05
-0.00099419
-0.0023331
0.0012368
0.0011925
-8.5513e-05
0.0044068
-0.0009976
-0.0020982
3.8057e-05
0.0033632
0.0012417
0.0055554
0.0055732
0.0011091
0.0033389
0.0011685
0.0010527
-0.0010486
0.0021491
-0.00086854
-0.0010311
-0.0011821
0.0013143
-0.00099026
0.0022498
6.9354e-05
0.0021614
-0.00095369
0.0021958
-0.0020814
-0.0043325
-2.0854e-05
0.0011638
-0.0042613
0.0064912
7.7354e-05
-0.0020868
0.0034383
-0.0032254
-0.002085
-0.0011848
0.0011642
0.0033208
-0.00095397
-9.5079e-07
0.0012401
-0.0010699
3.9693e-05
0.0043106
-3.9579e-05
0.00013454
-0.0010499
-4.2175e-05
0.0055339
0.0011696
1.5571e-05
-0.0021571
-0.0066263
-9.6241e-07
0.0032849
0.005535
-0.003284
-0.0010311
0.0021562
0.0055171
0.0034161
-0.0032846
-0.0043912
-0.0011489
-0.0010501
-0.0031481
0.0021714
5.7006e-05
-0.0042191
-0.00095509
0.0011838
-0.0011085
0.0054382
0.00025472
-0.00097355
0.0010305
0.0034583
0.001145
0.0021906
3.9142e-05
0.0033209
0.0032247
0.00018836
-0.00099091
0.0010853
0.00015111
-0.0011261
0.0011066
0.00013439
-0.00084044
0.0022937
0.00020935
0.00020797
-4.1937e-05
0.0022328
-0.0033438
0.0012398
0.0012394
-0.0042753
-0.0010704
-0.0009912
7.4004e-05
7.3496e-05
-0.0010651
0.0010867
-0.001059
0.0010878
0.0010858
-9.7004e-05
3.6423e-05
9.3457e-05
0.0011452
0.0011452
9.881e-05
0.0022542
-0.0042353
-0.0055328
-0.0055254
0.0012207
0.0020297
-0.001067
0.0023849
0.002384
0.0012058
0.0010534
0.0023282
-0.0010888
-0.00109
-0.0012013
-4.04e-05
0.0023013
0.0021574
0.0021548
0.00011756
0.0011451
-0.0043722
-0.0031637
-0.0031666
0.0020772
-0.0011862
0.0054571
0.002252
0.002252
0.0013643
-0.00099277
0.00016996
0.0012118
0.0012159
0.0032822
0.0012061
0.0033803
-0.0010308
-0.0010309
-0.0010129
0.0033746
8.9773e-05
0.0011852
0.0011818
0.001145
-0.00114
-0.0020815
-0.0020615
-0.00206
-0.001065
-0.0020628
0.001145
-0.00091569
-0.00091324
-0.0011685
-0.0031873
-0.0043495
-0.0065042
-0.0065069
0.0012038
-0.002006
-0.0012919
-0.0032249
-0.0032256
-0.0019532
-0.0011057
-0.0022554
-0.0042728
-0.0010318
0.0011784
0.0044476
0.0001063
-0.0020359
-0.0020446
0.0032801
-0.00011924
0.0010869
0.0010445
-0.0022753
0.00219
0.0011448
-0.0021999
-0.003287
-0.00013188
0.0022044
0.0033058
-0.0011649
-0.0032217
-0.001031
0.0043478
-0.002137
-2.1044e-05
0.0032587
0.003321
