0.0087624
-0.023926
0.014004
-0.013603
-0.0142
0.0062598
-0.000255
-0.022764
0.011532
-0.023608
0.018358
-0.009362
0.0041887
0.0066961
0.018679
-0.0072163
0.020739
0.025223
-0.026536
0.029826
-0.0043085
-0.0091672
0.019158
-0.017495
0.003883
-0.0061451
-0.012949
-0.030164
0.033842
-0.023191
0.018989
0.0099099
-0.0094799
-0.010959
-0.012827
0.019027
-0.010914
0.011461
-0.012432
0.013035
-0.040824
0.042649
-0.015227
0.03027
-0.02518
0.017097
0.0082373
-0.0024444
0.017129
0.0033262
0.0097312
-0.0020937
-0.0046674
0.0068094
-0.02013
0.0095058
-0.0060042
0.015272
-0.022278
-0.0011372
-0.0093293
0.014168
-0.019064
0.0014409
-0.0070543
0.014321
-0.00025442
-0.00051872
0.0056294
0.0023073
-0.01779
0.023695
-0.026899
0.017838
-0.015788
0.011962
-0.0045937
0.0020439
-0.002872
0.019359
0.0012669
-0.0096871
0.010862
0.02246
-0.022517
0.037029
-0.01595
-0.0033809
-0.0011791
0.013035
0.0022701
-0.0035637
-0.014766
0.015805
-0.011589
-0.0027303
-0.014305
0.01047
-0.008336
-0.018664
0.0066474
-0.01858
0.0010574
-0.010303
-0.018732
0.022187
-0.017469
0.013275
0.0013123
0.0082174
-0.028383
0.027063
0.014535
0.0023858
0.013952
-0.0093796
-0.0062445
0.060349
-0.08862
-0.029628
0.01708
-0.040032
0.0052734
-0.0085202
-0.017028
-0.032152
-0.0065482
-0.0041989
-0.016906
-0.0022521
0.0098473
-0.0088438
0.016068
-0.005742
0.00824
0.0026501
0.004489
-0.029089
0.040384
-0.01211
0.01715
-0.0011824
-0.0028097
-0.0042736
0.032708
-0.015024
0.018067
-0.010471
0.016733
-0.031023
0.02434
-0.036501
0.03606
-0.012037
-0.01333
0.013398
-0.0048027
-0.016979
0.014015
0.01628
-0.0029257
0.022925
0.0035231
-0.0061531
0.020436
-0.017189
0.021897
-0.010803
0.0054604
0.0013787
0.0055926
-0.022753
0.0016437
0.014135
-0.022443
-0.011132
0.0055647
-0.010295
0.0078096
-0.019329
0.015152
0.021867
-0.0091825
0.0095913
0.012201
-0.024065
0.010581
0.013884
-0.001229
0.0046252
-0.0068998
0.0095363
-0.01304
-0.021449
0.026047
-0.0064521
-0.023998
0.021565
-0.051324
0.026613
-0.033905
0.020307
-0.021011
0.014777
-0.05542
0.051501
-0.020953
0.0039243
0.0051649
0.0092914
-0.024922
0.027222
-0.019925
-0.0096319
0.01217
-0.032747
0.018691
0.002157
-0.0049345
0.013127
0.005782
-0.005747
0.010252
-0.0091961
-0.0028753
0.02222
-0.0026821
-0.0076642
0.019933
-0.0093172
-0.010604
0.0094701
-0.01775
0.013504
-5.807e-05
-0.014659
0.016546
-0.0062072
-0.003487
0.0099295
-0.023522
-0.0011017
0.0083919
0.017085
-0.013814
0.029623
-0.014878
-0.0041789
-0.0068572
-0.0083513
0.016375
-0.0034663
-0.0012531
0.027729
-0.00091362
-0.0041712
0.013583
-0.0033934
-0.0076568
0.026314
-0.01346
-0.0081726
0.0085605
-0.023843
-0.0076051
-0.0035283
-0.018408
-0.023881
0.0033515
-0.0022161
-0.0058057
6.3057e-05
0.0026597
0.0074392
-0.0083798
-0.0042307
0.0095731
-0.0047565
0.010821
0.013831
-0.010225
0.0182
-0.0022683
-0.018062
0.0096737
0.0038567
-0.022911
0.0070147
0.0062827
-0.010791
0.021209
-0.011922
0.0076477
0.011619
-0.015483
0.002904
-0.0051156
-0.00061825
-0.026037
0.038591
-0.021866
-0.00025005
0.0066851
-0.0025878
0.0019508
-0.0049537
0.0024105
0.0056313
0.00093903
-0.0052831
0.0085457
-0.011188
-0.007755
0.020398
-0.010067
0.0017757
0.0044075
-0.020332
0.019255
0.0047047
-0.043133
0.067072
-0.042631
0.001561
-0.0060617
-0.0026924
-0.011747
-0.026519
0.063106
-0.073616
0.042992
-0.039697
0.010733
-0.025005
0.018002
-0.022131
0.0014733
0.0098807
0.0062114
0.0036471
-0.00099211
0.038621
-0.022737
0.017156
0.011988
-0.013859
-0.0089499
0.018249
-0.0030606
-0.0010759
0.00057303
-0.0049262
-0.0063296
-0.0079025
-0.027514
0.0084109
-0.012808
-0.014746
0.01177
-0.0015158
-0.00156
0.0037429
0.003993
-0.0036565
0.025242
0.0093511
0.0070743
0.010089
0.0074806
0.0022706
0.014571
-0.0054317
0.014526
0.013216
-0.0014558
0.009767
-0.022753
0.023804
-0.015557
-0.0099785
-0.005099
-0.0059196
-0.00018009
-0.013995
-0.0051448
-0.021536
-0.0077099
0.015894
-0.020175
0.0041454
0.012269
-0.045059
0.033563
-0.0019904
0.0090809
0.0052647
-0.0070902
0.0066306
-0.024276
0.022455
-0.0097334
-0.0032595
-0.0087378
-0.012416
-0.0032237
0.0064851
-0.0096601
-0.0013254
0.00018299
-0.0070914
-0.0038486
-0.014819
0.00031551
0.012082
-0.0017583
-0.0095336
-0.0074305
-0.011265
0.0058644
0.020243
-0.018502
0.032495
-0.0073378
0.0001617
-0.004746
0.0072251
0.0059406
0.010656
0.012067
-0.0081185
0.010849
0.00099996
-0.0068337
0.022727
-0.029549
-0.0096368
0.0048662
0.0096099
-0.022113
0.00022737
0.022515
-0.0074942
0.0060578
0.0060646
7.0231e-05
-0.0008339
0.017955
-0.013528
0.0010409
0.013268
0.0029879
0.0069398
0.0064084
-0.015536
0.018956
-0.0070721
-0.014127
0.020382
-0.02341
-0.0040112
0.0079977
-0.020384
-0.0034373
0.02534
-0.023975
0.0097946
0.017953
-0.042562
0.032866
-0.025695
0.0075461
-0.0043324
0.012891
-0.027686
0.0009366
-0.007365
-0.030534
0.013443
-0.018857
0.015608
0.0089402
-0.020177
0.0037569
-0.0028716
-0.0047279
0.01742
-0.0095133
-0.0073981
0.018937
-0.0030026
-0.018794
0.02744
-0.0059109
-0.010015
0.021818
-0.02426
0.0094042
0.028292
0.010701
-0.016971
0.026836
-0.03973
0.027581
-0.012321
0.0041843
0.017667
-0.019977
0.01126
0.00087961
-0.018182
-0.0039903
-0.01264
-0.0019622
0.005802
-0.0046146
0.0033941
0.0097429
-0.0023292
-0.0089582
0.0026958
-0.00076007
-0.0092637
0.017788
-0.0061628
-0.021164
0.01623
-0.0023045
-0.0013643
0.0013573
-0.014455
0.010598
0.010781
-0.016674
0.0037575
-0.0029818
-0.025992
0.021238
-0.0025528
-0.012927
0.016805
-0.0051471
-0.034027
0.035206
-0.024115
-0.013362
0.018854
-0.029992
0.014906
0.0080392
-0.0047013
0.00088407
0.0069272
0.010094
0.020407
-4.3705e-05
0.00012525
0.024524
-0.0073374
-0.00072393
0.022687
-0.0087524
-0.015776
0.014226
-0.027972
0.006311
0.017895
-0.0054982
0.0016192
-0.011414
-0.019922
0.00067128
-0.027999
0.0029838
0.010359
-0.028363
0.017049
0.0068168
-0.014009
0.0018172
0.018386
0.0026215
0.021208
0.02374
-0.016944
-0.011731
0.035011
-0.016264
-0.014075
-0.0048499
-0.015536
0.013222
-0.05151
0.010799
-0.012904
-0.016682
0.0076584
-0.0061565
0.01552
-0.011557
-0.010807
0.012612
0.0061469
-0.022906
0.008064
0.0084177
-0.0066797
0.0013591
0.010035
-0.0034798
0.021186
-0.0055645
-0.0011797
0.00596
-0.016756
0.015084
0.0090473
-0.016652
0.016523
-0.01496
0.0091854
-0.0033389
0.0037137
-0.0098469
-0.0096017
0.0031206
-0.0022639
0.016035
-0.018374
-0.00080103
0.00067589
-0.018285
0.015021
-0.0021641
-0.0039102
-0.0082585
-0.0047762
0.0024401
-0.0049856
0.01461
-0.018043
0.0027309
0.0017669
0.003477
-0.0046818
0.0021613
-0.0072931
-0.0015614
-0.0098966
0.012166
-0.0096518
0.0023133
0.023321
0.010693
-0.0075986
0.0030749
0.0047324
-0.0029664
0.023733
-0.01982
0.0098319
0.0065737
0.0017768
0.023617
-0.0043669
-0.0092873
-0.0085127
-0.0047003
0.0041491
-0.013872
-0.0077591
-0.0085701
-0.0068928
0.005636
-0.0006546
0.0025356
0.016905
-0.0065898
0.0069814
-0.0011913
0.020611
-0.012779
0.021752
0.020453
-0.0041913
0.0014005
0.052636
-0.034952
0.029454
-0.027629
0.041726
-0.020426
0.016657
-0.0052127
-0.018756
-0.0089403
0.0026486
-0.016951
-0.020747
0.0081547
-0.00054761
-0.0080626
-0.011168
0.019366
-0.02217
0.014642
-0.010163
0.0080141
0.026379
-0.0053113
-0.0028371
0.0075321
0.021235
-0.0079395
0.00046976
0.013767
0.0024464
0.019848
0.00015034
-0.0040837
0.0020104
-0.010846
-0.01167
-0.020159
-0.0087619
0.0021075
-0.020075
0.0058031
-0.0080816
0.012436
-0.0032634
0.0023415
0.019366
-0.0087871
0.003733
0.015674
0.018928
0.0121
-0.012037
0.0062896
0.029828
-0.028019
0.011735
-0.015653
-0.0098612
0.015026
0.014212
-0.002131
0.019897
-0.0065125
0.023711
0.031689
-0.041801
0.009671
-0.022507
-0.011738
0.0011329
-0.045146
-0.026654
0.00053782
0.01912
-0.024694
-0.0052295
0.046337
-0.033802
-0.017994
0.042905
-0.0096597
0.011089
0.0022101
-0.016119
0.028703
-0.013373
0.0118
-0.014252
-0.0072569
0.013044
0.00063682
-0.021909
-0.00045864
-0.0079008
-0.04096
0.013082
-0.010168
-0.029573
0.016922
-0.010944
-0.0055462
0.0037444
0.0046509
-0.022619
0.027957
-0.016338
0.022343
-0.0093182
-0.016401
0.025853
-0.024905
-0.017267
0.035738
-0.035487
-0.003276
0.011687
0.0070587
-0.022707
0.032247
0.0040036
-0.0034701
0.013445
-0.016349
0.0086399
0.0064543
0.0025102
-0.0044361
-0.019661
-0.022978
0.0369
-0.042616
-0.034198
0.037488
-0.031519
0.057478
-0.026022
-0.11343
-0.039227
0.21419
-0.33064
0.2051
0.093456
-0.11179
0.11279
-0.076934
0.021297
0.030664
-0.12596
0.20099
-0.10113
0.0066382
0.058208
-0.040156
-0.010639
0.14614
-0.050794
-0.037894
-0.0011855
0.040793
0.063292
-0.0082821
0.021226
0.061228
-0.048754
0.030702
0.027333
-0.027381
0.076183
-0.091051
0.0035729
0.098192
-0.18882
0.17743
-0.081535
-0.11063
0.20049
-0.092191
-0.063551
0.12036
-0.022151
0.0032401
-0.024415
-0.023758
0.063715
-0.040523
-0.060012
0.043362
-0.032747
-0.075932
0.096316
-0.012284
-0.019377
0.0098244
0.012421
0.022299
0.03733
0.024078
0.028571
0.019524
0.027948
0.0026227
0.013951
0.0047698
-0.0012828
-0.050699
-0.012797
0.0079384
-0.010818
-0.064383
-0.036109
-0.0072658
-0.0089762
-0.023044
-0.062961
-0.015584
0.035885
-0.016708
-0.031788
-0.0053172
0.055747
-0.010731
0.0012416
0.012225
0.058869
-0.012342
0.026827
0.0043646
0.011037
0.026726
0.023014
-0.0061815
-0.02539
0.047379
-0.021741
-0.045924
0.002236
0.011562
-0.022234
0.0029204
-0.01923
-0.058672
0.040352
-0.014675
-0.009047
0.014085
-0.010606
0.038738
-0.0065791
0.0094405
0.041531
0.014219
0.018648
0.021533
-0.002815
0.011291
-0.016345
0.022596
-0.036788
-0.0088847
0.018715
-0.051904
-0.025505
0.0070372
-0.017028
-0.040332
-0.015983
-0.0069311
0.032503
0.010856
-0.083357
0.026387
0.081012
-0.012215
0.015025
0.0066502
0.0052098
0.019936
0.038962
-0.025155
0.00026914
0.024297
-0.038633
-0.014207
-0.082803
0.023056
-0.038995
-0.11318
-0.027138
0.0035353
0.019777
-0.11336
0.02623
-0.0036037
-0.025995
0.056839
0.0007844
0.058701
0.05771
0.061126
-0.0005949
0.090121
0.13415
-0.048065
0.08493
0.034551
-0.022264
0.020471
-0.13675
-0.1006
-0.12027
-0.10171
-0.062076
-0.059956
-0.021505
0.015062
0.029578
0.072429
0.10462
0.089659
0.11911
0.10172
0.1058
0.075655
0.023584
0.04087
-0.017658
-0.055805
-0.069476
-0.057469
-0.12724
-0.084895
-0.11396
-0.081993
-0.083527
-0.075114
-0.051067
-0.038919
-0.029193
0.023409
0.032617
0.0028187
0.07797
0.060349
0.065537
0.070741
0.070544
0.028294
-0.025316
-0.02151
-0.031405
-0.06029
-0.061738
-0.065802
-0.095845
-0.063936
-0.07443
-0.060241
-0.038172
-0.038379
0.016028
0.0075445
0.025223
0.029272
0.036899
0.018648
0.044208
0.048992
0.011041
0.056608
0.016017
0.018518
0.045234
0.0062896
-0.018726
-0.00030935
-0.049094
-0.057607
-0.043587
-0.12267
-0.042489
-0.12238
-0.038252
-0.070352
-0.069569
-0.047827
-0.039504
-0.0090236
0.066276
0.061611
0.066826
0.096929
0.056005
0.071836
0.048962
3.6817e-05
0.041906
0.0030843
-0.038495
-0.047468
0.029743
-0.17834
-0.12788
0.27952
-0.97034
0.55331
0.64589
-1.701
0.67401
0.038829
-0.92003
-0.35074
0.5438
-0.81966
-0.88199
1.1135
-0.61865
-0.31329
0.34031
-0.62309
1.2189
-0.57903
-0.2629
1.8072
0.76116
-2.0261
2.4519
1.7745
-0.98407
-1.2823
1.3584
1.9179
-0.23102
1.0787
0.91245
-0.27679
-2.6249
-0.58144
1.695
1.049
-2.839
-1.2002
3.3999
0.11328
-2.649
1.4434
2.1118
-1.1002
-0.33941
0.20628
-2.4398
0.51783
0.5656
-3.8133
1.8229
3.5214
-5.2424
-4.0865
1.824
1.0534
-1.6937
-0.0055934
-0.55504
-2.8976
-1.0338
-0.72166
1.1139
0.73204
-1.2366
0.56371
-2.388
0.68013
-1.5708
-0.43259
0.53978
-0.7682
0.63587
-1.7307
-1.7562
2.1611
1.651
-2.7377
-1.3496
1.0828
0.7558
-1.7505
-1.4686
1.5653
-0.40533
-0.96939
0.16529
-0.030804
-2.2352
-0.056582
-0.60308
-0.64935
-0.90481
0.1086
1.0556
-1.0073
-1.1729
-2.3745
0.99027
0.80492
-2.6839
1.9811
0.60265
-2.9233
1.0837
0.79649
-0.25703
-1.4189
1.128
1.8168
-2.2328
0.069849
0.59559
-1.1949
1.9213
1.144
-0.37755
-0.33837
-1.4607
3.003
2.7816
-3.6027
0.2281
2.9701
-2.1144
1.1477
1.3645
-1.3406
-1.1222
0.66331
0.82857
-0.79567
0.22866
1.7724
0.49073
-0.38416
-2.1103
0.72535
2.0263
1.2087
-3.984
-0.62659
2.3422
2.215
-0.7349
-0.57415
2.7932
1.6053
-0.33615
0.35481
1.9866
1.0207
0.69282
-1.0416
-2.1527
-0.13827
1.5142
0.84252
-0.79567
-4.0876
1.183
3.1152
-1.2616
-3.0916
0.0955
-0.56323
-1.4975
-2.4733
0.75412
-0.015318
-3.0171
-0.28696
1.24
-2.3128
-1.1161
0.62627
-0.59379
-1.5617
0.47049
2.8174
-0.585
-5.8424
0.036522
0.08347
2.3571
-1.658
-3.5516
1.032
1.4586
-1.6408
-1.6221
0.031742
-0.94429
-1.8643
1.3005
-0.90692
-0.6453
0.31097
-1.6259
-1.1955
-0.50828
-0.42397
1.5074
-0.25945
-2.8037
-0.42936
4.58
1.401
-4.1687
0.068988
-0.20661
-2.1002
1.9239
2.4029
-1.948
-1.4621
1.0101
1.124
2.1822
-1.6012
-0.51213
2.662
2.3762
-1.9679
-3.6406
0.99688
1.8757
2.7014
2.1586
-0.10212
1.4578
5.109
1.5153
-1.1658
1.9734
1.9725
-0.077202
1.2114
2.3268
0.71454
-1.7337
-1.5103
1.417
1.1494
-0.64038
-1.1685
-2.5279
2.1847
0.81448
-1.0576
-3.7923
1.217
1.5871
-3.8427
-2.3792
2.7041
0.057362
-3.85
-0.49739
3.1351
-2.2736
-1.4807
0.02426
-0.49936
-3.03
-3.1507
-0.39836
-0.68435
-2.9023
-0.62851
1.1125
-0.70152
-2.7644
-0.90774
2.8671
-0.81377
-3.5167
0.27117
-0.60501
-1.2569
-1.3552
0.60295
0.80958
-3.2358
-2.0422
1.7219
-1.5389
-1.4651
1.6437
7.1174
-0.92278
-3.6869
-1.0567
0.21092
-1.791
3.6893
1.8993
-4.0057
-0.25953
4.3088
-0.39207
-3.096
2.4009
3.9136
-2.1268
-0.34158
1.9883
3.565
0.66072
-2.9858
-0.0053922
1.8278
4.8365
1.2274
-0.4383
1.7764
2.6879
2.2558
0.091866
1.9781
1.7717
2.8744
0.43231
-2.9321
-1.3514
3.1069
1.9418
-1.2703
-2.9736
-0.60519
3.952
-0.98547
-2.8495
0.6778
0.13276
-3.9586
0.88846
1.1499
-4.0081
0.42479
0.54576
-2.7842
-0.27276
-0.10217
-0.41911
-2.0276
-0.019679
0.65092
-1.1361
0.096748
1.8993
-2.5078
-3.6948
-1.9816
-0.91705
-2.4279
-0.76381
-0.36601
-1.4978
-1.3442
-3.4674
-0.10321
-1.2473
-1.2612
0.59318
-0.83423
-3.9005
-1.7709
3.0833
-0.44885
-4.1076
-0.90853
-0.44282
-3.0409
-2.6268
3.5361
-0.736
0.70201
-1.3963
-0.12885
3.1494
-0.94708
-0.40784
2.2449
0.46676
-0.26691
1.4764
2.5817
2.5135
2.0904
-3.1639
-2.9392
1.0308
4.4773
2.0843
-0.8278
0.47504
3.0295
0.59902
3.337
3.4419
0.22537
-0.46842
1.4651
1.904
1.8883
0.91911
0.28155
-0.13752
-0.48258
1.58
0.46197
0.30616
-2.826
2.3371
0.28996
-0.47274
-3.2906
0.56579
1.1877
-3.9287
-0.42522
1.6472
-1.3405
-2.2155
0.75641
0.24249
-2.2639
-0.15626
1.2462
-1.543
-0.7767
2.2693
-0.72108
-3.8726
-2.3025
0.21701
-1.9542
-1.7701
1.6236
-0.27182
-3.6176
-0.75373
0.4978
-2.5844
-2.3752
0.64842
-2.7316
-0.6129
-3.2435
-1.2981
1.4664
-1.636
-2.1845
-0.2186
-2.8848
-2.2069
1.9186
3.2134
-0.98778
-2.5891
-0.27969
2.626
-1.8201
2.4374
3.0433
-1.4787
-2.8651
3.5454
3.0028
-1.9241
0.0091485
3.5097
2.308
-1.1633
-0.29589
4.8546
3.0055
-0.95516
-3.1769
1.0209
4.3198
2.4074
-1.8175
-0.16417
3.3846
2.2654
0.71591
-0.5132
-0.35181
1.1544
3.0659
0.4659
-4.277
-1.2547
3.5834
1.7818
-1.41
-1.8476
2.2712
-0.73436
-2.4101
0.11279
1.5034
-4.3948
0.72947
1.6671
-3.3328
-0.47213
1.4138
-0.24458
-1.8295
0.089806
1.1962
-0.060182
-0.69756
-0.30396
0.23332
1.9183
-0.48675
-1.8123
-1.2266
0.83776
0.19334
-2.6729
0.078085
0.79191
-3.1896
-0.71977
-1.2382
1.3051
-1.7431
-1.97
1.2804
-1.0355
-1.667
0.10439
-1.7994
-1.7844
1.1046
-0.41619
1.4723
-1.1329
-0.91012
-0.24155
1.7469
3.0577
-3.8693
-1.1944
3.0255
2.083
-2.2345
0.30599
0.48011
-0.697
1.3326
-2.8986
4.0467
3.4313
0.95592
1.1333
4.335
3.5689
-1.8839
-3.2645
2.8202
3.6776
-0.68943
0.080999
2.0406
-2.3931
-0.41362
3.1122
0.67932
-2.3967
-1.1217
0.27308
0.30278
-1.5209
1.0631
-1.3569
-3.6108
-0.13796
1.4629
0.51477
-2.1079
-0.34141
-1.5682
0.45219
1.5088
-2.8953
-0.83098
1.6092
-0.39554
-0.35827
0.78082
-1.0759
-1.6433
1.6265
0.25449
-2.1793
-1.5384
5.5361
-0.13478
-4.6841
1.8034
2.0307
-2.0554
0.86208
1.0244
1.9529
-0.70904
-4.7991
0.79433
2.4106
0.079309
-1.8942
-0.033504
1.3962
-1.6402
-0.49297
2.2835
-1.3024
-1.7907
0.16335
-1.6866
-3.1491
1.0087
2.6377
-0.29978
-4.5824
-0.24156
4.4824
-0.63833
-4.0998
1.3874
2.6167
-2.1735
1.1978
0.81677
0.20905
2.004
-1.5618
-1.8114
-1.9378
4.4598
2.1119
-0.36987
2.7126
1.808
2.5116
1.8125
1.8377
1.2815
2.2423
-0.39263
3.8379
1.4132
-4.7713
-0.15029
-3.732
-2.8366
1.3465
-0.80689
-2.077
2.0259
1.1881
-4.6201
-2.1102
1.7246
1.7002
2.4625
0.259
-0.51327
0.68235
1.8562
-0.87732
-0.4614
3.211
-1.39
-1.699
3.4593
-1.2652
-1.2816
0.95768
0.92304
-0.88037
-0.22063
-1.3999
1.3391
4.8349
-3.0798
-4.3185
5.2567
0.74789
-1.2611
-0.063288
-1.1768
0.60663
-1.5269
-0.40436
2.104
-0.12329
1.0077
-0.39258
-0.50031
0.59255
0.85542
-0.1175
0.40576
-1.0128
0.2661
0.64524
0.4067
1.5459
-0.85535
-2.6069
-1.5485
-1.1096
0.27982
0.88489
-2.4301
1.6227
-0.77428
-0.86545
1.7148
-2.5598
0.35021
1.2619
-1.7645
-1.1592
1.6266
-3.721
-0.5971
5.416
3.1621
2.52
2.8574
2.1541
-0.11852
0.94852
3.6499
2.8794
0.54373
-0.41658
-2.2773
-1.724
-2.3373
-2.3243
-1.6884
-2.9338
-2.283
-1.4226
0.33046
-2.9167
-3.3315
1.2222
2.2878
0.64755
1.9585
-1.64
0.049546
3.4489
-0.8101
-0.11417
1.7548
-1.1858
1.5603
0.94013
-1.0351
0.069104
1.572
0.62272
-0.99118
-0.25349
1.5316
-0.84905
3.5269
0.66349
-2.9714
4.5109
1.9499
-3.8497
2.0595
3.6032
-0.1346
0.92262
2.9524
1.5862
-0.60264
-3.0272
2.6263
2.4042
-0.61733
4.0524
0.4594
-0.57971
2.7302
0.16325
-1.8942
1.2061
0.96157
-0.91332
-3.7381
-0.79405
-0.10769
-0.48993
-0.34942
-3.0806
-2.1776
0.57961
-1.1784
-2.8466
1.1647
-2.2555
-2.9071
2.0374
0.40606
-1.7515
-0.56119
-1.8542
-4.4189
-2.4399
-1.0644
0.17637
4.7975
-0.76135
4.3557
4.4668
2.6969
-1.3833
-4.1478
1.1715
2.9549
-0.3944
-5.2071
-3.2513
-0.42659
-3.9951
-2.7515
-2.0599
-3.779
-2.9284
1.226
-1.3253
-2.4716
1.4451
0.90755
1.5136
1.9598
1.5796
1.794
-1.8503
1.3372
2.1169
0.34652
0.47623
1.6908
-2.1153
2.8978
0.0061119
-0.98605
-0.20364
2.7364
-2.0908
0.8845
4.1568
-1.6021
-0.23643
1.725
2.7848
2.0781
0.17199
0.10708
2.0533
1.5676
-1.7223
1.5435
4.4462
-0.59651
1.2268
0.95101
1.105
0.40925
1.3281
0.81981
1.0582
2.2898
0.7734
-0.723
-1.2686
1.9534
-4.6436
-1.8333
-1.3479
-3.0025
-2.6301
0.78167
-0.60741
-4.6249
-0.34179
-2.736
-1.2746
0.94951
-1.3819
-1.8964
-0.56761
-0.99431
-1.0996
1.7626
3.8836
4.3441
2.2537
-1.2651
-0.0043484
4.1141
7.7336
-0.42101
-2.896
-0.88107
2.6163
-1.3711
-6.2931
-2.7918
-2.4436
-4.1468
-3.0868
-2.6024
-4.629
-3.8531
-2.4648
-1.6312
-1.0695
-0.48426
0.57603
3.7257
1.4786
2.3284
1.2758
1.5315
2.3896
0.56196
1.5761
2.7623
1.9761
1.2775
-0.58095
1.1426
-0.51951
2.9249
-0.094573
-0.10461
3.4512
-0.13119
-1.9043
1.1925
1.5615
0.40415
-2.5158
0.26528
3.6903
0.26162
0.058576
0.15413
4.5007
1.5578
1.2796
1.0707
2.4273
0.17522
1.5198
2.8264
3.919
2.4086
-0.86164
0.13821
0.49442
1.3036
1.6717
-3.8218
2.6164
-3.082
-4.1374
0.59258
-3.673
0.1494
-2.1131
-0.26011
-2.3336
-1.9809
-2.6003
0.53785
0.57969
-0.5194
-1.1564
-0.86381
2.3151
3.168
-2.7197
0.41308
3.8654
2.505
5.8352
0.076702
-2.8489
-1.6732
-1.5285
-0.51481
-6.5054
-3.6807
-2.8714
-4.658
-3.3665
-4.5789
-3.2266
-3.2075
-2.9052
-3.5285
-3.6634
-3.697
-1.8925
1.3632
2.4514
4.0892
3.0545
1.2244
1.5117
2.4863
1.3134
0.6476
2.8336
2.8343
0.23851
0.19315
4.289
-0.93545
0.41477
1.9271
0.85268
-2.8893
4.0952
2.1604
-0.99177
0.8848
4.6471
0.70614
0.84951
3.6338
4.2915
-1.1059
-0.055889
1.0707
3.6734
2.5069
3.3182
2.2736
2.9716
1.2138
1.0882
1.5575
1.4875
1.901
-1.1609
-0.83878
-1.4878
-2.6394
-3.6783
-2.9024
-3.7104
-2.8577
-2.5747
-4.4269
0.19911
-3.7707
-2.0622
-3.0243
-1.9763
-1.5701
-1.1831
-1.4525
0.39872
0.39559
2.5915
3.736
3.1777
0.724
4.7362
4.7351
0.45538
5.1152
0.61531
-0.031659
3.1314
-3.2192
-1.1114
-2.001
-1.9706
-1.2086
-3.1644
-2.9244
-3.1562
-3.5228
-3.6819
-3.0853
-2.6836
-2.5442
-2.7466
-2.6003
-2.1856
1.3312
0.54933
2.9218
1.064
-2.0079
4.426
4.09
-0.075511
-1.1482
-0.38356
1.5499
0.93633
1.1001
0.82424
3.0106
0.69687
2.3982
1.8144
-0.066647
2.8356
-2.5863
-0.54941
-1.0234
0.017679
1.0129
1.0055
2.6797
2.6796
1.6957
1.1877
4.5459
3.5555
3.4162
2.7637
3.4584
1.5955
3.7934
1.823
4.935
1.6377
-0.79563
1.0621
2.796
-3.3532
-2.1609
-1.472
-3.1463
-5.194
-3.217
-1.7889
0.078477
-1.0936
-3.8893
-3.0783
0.11972
-1.3401
-2.4853
-2.0707
-2.6758
-0.99684
-2.8376
-3.0457
-0.74026
-1.7819
-0.94608
-1.5463
-0.43157
0.20668
-0.93073
0.15027
-1.5583
-1.6779
-2.2288
-0.99355
-2.4728
-4.9349
-1.8296
-2.4852
-2.2656
-1.4387
-2.2599
-2.2758
-0.61795
-0.31971
2.2334
1.4737
2.4799
2.4769
2.4763
0.59636
2.0245
7.4977
1.6427
0.01632
2.2308
6.5409
1.5319
-1.8513
2.3189
2.6423
-0.22498
-0.13248
1.8757
1.6582
1.0318
0.071942
1.826
-2.6069
-1.1296
0.6909
0.66594
-0.9329
3.0801
-1.8309
1.1652
2.7291
1.5753
1.7099
4.1217
4.2508
3.8677
2.9144
2.855
1.8185
3.1515
2.4032
2.7321
-1.231
-2.8335
-2.5415
-2.014
-1.2279
-3.5417
-3.5755
-1.3235
0.45355
-6.5738
-2.7522
-3.1468
-0.86878
-0.35543
-0.98705
-2.4386
-2.7274
-0.91729
-2.1691
-2.5251
2.1516
3.2926
4.0965
0.68172
-0.80514
1.2242
0.11256
1.2524
0.76492
-1.6169
-2.6887
-5.4607
-3.4838
-2.2162
-3.2212
-3.4665
-2.9134
-3.1018
-2.1104
-3.8061
-1.5806
-0.96336
-1.0311
-1.0171
2.2782
1.4658
2.721
1.9639
-1.216
5.9522
5.7273
-0.29245
1.6637
4.8227
0.95004
-2.279
1.5354
0.7604
3.9031
1.7575
-0.52263
5.6684
0.3374
-0.45441
1.2725
3.0544
-1.9585
-0.2091
1.4701
-0.99299
0.89493
3.8014
2.4436
-2.8039
2.3872
1.7933
3.486
2.7771
4.1994
2.8054
1.517
3.0568
1.2078
1.5785
2.4701
-0.71416
0.99692
-1.3982
-1.1991
-3.712
-2.3478
-3.2126
-2.6537
-4.725
-0.63315
0.44794
-3.8303
-3.0029
-0.53218
-0.093807
-3.2837
-0.58946
-1.4743
-3.3663
-2.5498
-1.8484
-2.0242
-1.0467
-0.24188
0.83998
0.26127
2.2329
0.67944
-0.17425
0.7761
-3.2248
-1.059
0.7653
-6.1521
-4.1439
-3.4856
-2.6299
-3.1448
-2.7451
-1.4244
-2.6366
-2.7197
-1.8629
-2.6508
-0.66969
0.098602
2.9417
1.6469
2.1662
2.5445
2.663
1.6356
3.2302
7.7699
0.3153
-1.9178
3.1071
2.0263
-0.58999
2.1347
0.42315
3.4071
-0.070223
1.8586
0.17454
2.4229
1.672
-0.24931
1.7521
-2.1369
0.3113
1.4281
-0.93096
1.2014
-0.37184
1.0093
1.9679
4.5112
2.7594
5.3649
2.7959
2.5864
1.9682
1.9585
2.1545
0.070025
2.1895
-1.0024
-2.0699
-2.2372
-1.4995
-1.9898
-4.9966
-2.5108
-3.008
0.44978
-4.2887
-2.6067
-3.2815
0.39216
-0.78312
-1.0454
-1.8499
-2.7925
-2.1603
-3.0695
-3.0063
-1.4865
-0.23873
-1.5232
1.2178
2.7252
5.1269
2.0484
-1.1086
1.4994
1.4065
0.90913
-0.94267
-0.50667
-0.4402
-2.6966
-2.8456
-1.9314
-4.3124
-1.5923
-2.7731
-2.3556
-2.3189
-1.2303
-0.4716
-1.1193
1.2186
4.0017
1.6436
3.5465
0.53533
1.6908
6.6691
0.81524
0.67572
1.1614
3.687
0.13686
-1.2743
3.1053
1.9881
1.434
0.56222
2.6858
0.9167
1.8575
2.0298
0.36985
-0.55819
-1.2038
0.38429
-0.086964
-1.7553
2.2867
-0.13599
-2.1668
0.57729
6.0455
-1.4777
-1.28
3.783
1.2139
4.9025
3.75
2.1768
3.8548
1.4418
0.75243
2.762
-2.3048
-1.9117
-1.8482
-2.3237
-2.6349
-3.8801
-3.2461
-2.4053
1.001
-3.0669
-3.6938
-0.38101
-2.9605
-1.064
-1.1765
-0.78208
-2.1068
-3.9652
-2.2985
-1.7408
-1.5007
-0.61684
-0.098769
3.0502
5.2203
-0.18709
-2.0363
0.95361
0.91967
-0.72928
1.6931
-1.5772
-2.2455
0.023366
-2.4437
-3.9602
-3.7575
-2.0557
-2.5127
-1.8923
-3.5795
-2.0478
-2.5528
-1.6072
3.8665
1.3863
3.0598
1.5087
4.1294
2.5161
4.1297
0.79152
2.5551
3.7382
-0.26808
0.93413
1.4435
-0.67495
1.6996
1.3024
0.83923
-0.029067
1.5722
2.1369
-0.81846
-2.3469
0.021805
-2.4593
-0.53859
3.5348
-3.0358
-2.3747
-1.5182
5.1982
-2.8063
-0.020981
2.3543
2.28
3.6532
4.4438
5.9785
3.0798
2.3615
3.2102
1.1439
3.8593
2.6403
-2.3716
-2.3012
-1.9559
-2.59
-4.073
-2.6256
0.97089
-5.1666
-1.7006
-3.9468
-2.2041
-0.36178
-1.3189
-1.5556
-2.0195
-2.1846
-2.0536
-2.0036
-2.13
-0.99816
-0.35494
-0.86885
0.78352
5.7785
1.8087
0.35327
0.10673
0.8706
0.092733
-0.34627
1.7664
-2.3008
-0.40079
-1.7818
-4.9902
-4.2578
-1.6383
-2.0242
-3.7743
-3.3736
-2.6862
-3.0873
-1.9638
-2.0122
-1.1872
0.48187
2.6401
1.5247
1.1341
6.0924
2.7513
0.84647
2.4163
-1.36
3.307
1.639
0.54916
3.2455
2.3793
0.91041
0.22931
3.5531
1.7393
-1.5884
2.5474
0.53001
-2.4341
-1.2614
0.69848
-1.5756
1.4548
-0.94983
-0.33623
1.4809
2.7244
4.3324
-3.1854
2.418
3.3918
1.3875
6.9103
2.3312
3.7912
2.6471
1.0319
2.8151
3.5386
1.4955
-0.67307
3.5859
-2.224
-1.8309
-5.3457
0.95119
0.63918
-5.7086
-0.49145
-2.0592
-0.81505
-1.5666
-1.6353
-1.9454
-2.3534
-2.6924
-3.917
-1.3526
-0.89671
-0.10326
1.8197
6.5582
3.1865
-0.86698
1.2631
2.6868
0.20111
0.093163
1.1686
-1.2253
-3.3315
-0.72883
-0.66967
-7.1524
-4.4383
-2.0786
-2.4371
-2.7306
-1.8262
-2.2482
-2.4796
-2.1352
-3.806
-0.99852
-0.0041486
2.5361
2.6302
1.5835
1.8278
3.2814
1.3006
3.5819
4.5735
-0.59402
-1.5937
1.6638
0.82794
1.0391
1.2065
1.4928
-0.086419
3.2779
-0.70285
0.47434
2.1469
-1.4302
-0.32539
0.15755
1.9796
0.23549
0.39438
2.4164
4.6205
-3.9456
2.1654
2.7556
4.0738
2.9596
5.2303
2.1616
3.2848
2.6412
1.1733
1.941
3.262
1.7267
1.3214
-0.7713
-2.2813
-1.2229
-1.7924
-1.0067
-5.0636
-2.0381
-3.1882
-1.4616
-1.1772
-1.6334
-2.0689
-1.4742
-3.5401
-1.2664
-2.8221
-2.4567
0.011002
-1.2461
-0.92948
5.1108
4.5275
2.2491
0.97432
2.009
-0.3455
0.74412
0.60437
-2.6313
-2.8119
-2.2079
-1.8376
-4.3882
-4.0009
-2.993
-3.561
-4.3049
-2.9946
-2.4369
-2.4176
-2.6821
-1.097
-0.37553
0.2447
4.3441
1.9623
2.8369
3.4065
2.2597
2.1532
1.2699
2.3429
-0.96098
1.917
1.8137
1.2137
1.5074
2.1973
1.3202
1.691
2.4356
0.90402
1.1739
-1.4098
0.76565
2.055
-0.58008
2.4919
-1.1899
-0.29233
2.3596
3.873
-2.7317
2.5566
1.1889
2.9329
3.9703
3.1456
4.4809
2.9822
1.0979
2.675
-2.0428
1.419
-1.7467
-3.6241
-3.5053
-3.0361
-4.3791
-2.2391
-1.265
-2.4763
-2.4813
-1.835
-0.91082
-1.4031
-1.8429
-0.88824
-3.0765
-2.9199
-1.6351
-2.8636
-1.7145
0.45568
-0.14813
0.25574
7.0442
3.7394
2.9053
-0.10296
0.56555
2.2891
1.1865
1.9262
-0.39133
-2.5699
-1.8901
-2.1324
-2.5406
-4.3673
-3.35
-2.3164
-2.1666
-3.1311
0.44721
-2.019
1.8041
5.3523
0.28553
1.9081
3.5914
1.6831
4.2706
4.8656
1.3206
0.14604
0.40845
2.4794
2.0369
1.4534
0.6866
2.5659
0.93519
0.23316
1.6461
-1.4094
0.89562
2.0228
-1.4852
-0.75895
-0.50715
0.60812
2.0153
-1.0844
0.56298
1.9974
1.9832
1.781
4.3036
4.3759
5.0262
2.0471
2.6666
2.0723
2.1869
3.2478
1.4983
-1.6758
-0.43528
1.9155
-2.3228
-2.7333
-2.128
-3.213
-2.3114
-3.2099
-2.6426
-4.4669
-1.3113
-2.8118
-1.2843
-0.69746
-1.9859
-1.3605
-0.114
-2.4572
-0.3855
-1.3277
0.31144
2.3561
2.8986
4.7112
0.75025
1.3112
1.9356
0.31244
0.93385
-0.9585
-0.7661
0.0069779
-5.0302
-3.3008
-3.5657
-3.1903
-2.1345
-3.2452
-3.1406
-3.6817
-2.2369
-3.515
-2.6634
-3.5787
0.98328
-0.90863
0.97466
1.8733
3.0054
1.8066
2.937
5.8289
3.0969
-0.035031
0.84431
0.89537
3.1397
1.0631
1.7799
1.8882
2.1441
1.627
0.77756
0.055139
-1.512
0.42895
-1.099
-1.4231
-1.0973
0.77275
-0.9526
1.8788
3.3424
-2.1852
1.1963
3.3564
3.3156
2.6806
4.8383
3.0024
2.7783
2.2381
3.5342
3.3657
2.2326
-2.192
-3.0592
-1.8895
-4.3338
-0.97418
-4.0827
-1.3991
-0.9702
-3.2271
-3.0395
-2.178
0.04239
-2.2408
-0.85729
-1.7048
-2.5337
-2.9331
-2.863
-2.072
-1.9434
1.9884
0.56833
5.9363
2.3664
1.0933
1.7726
3.1089
0.68721
0.38927
0.64144
-0.36054
-3.0443
0.0052622
-1.1781
-6.0253
-5.8361
-1.5313
-3.2932
-2.9742
-2.643
-2.9779
-3.1153
-2.153
-2.4749
-2.8396
-1.8949
0.96023
3.2878
0.56247
2.3957
2.4317
3.6788
2.1245
2.8179
3.565
1.0882
1.5976
2.6821
2.9613
-0.30558
0.21518
2.0912
0.4139
-0.81484
2.9393
0.80156
0.11473
2.9988
-1.8352
-0.31785
1.1827
-0.4621
-2.3698
0.56871
-0.12027
2.4643
2.0341
1.3381
5.1977
4.3404
5.3861
2.5687
3.5128
2.4627
2.5072
3.1372
1.4167
2.4111
0.1668
0.86204
-0.88523
-2.9949
-0.30469
-1.5805
-3.7775
-1.1103
-3.7948
-1.223
-4.5273
-3.0226
-2.478
0.85272
-1.5158
-2.1873
-0.99231
-2.4012
1.2178
-2.2543
1.8611
2.9721
5.4875
0.80691
1.9499
0.90409
-1.5288
1.2555
-0.55677
-2.4156
-2.1595
-3.4494
-2.4227
-4.5908
-2.3782
-1.9176
-4.3893
-3.5785
-2.7796
-3.114
-2.1191
-2.9943
-1.305
-0.96944
1.6542
4.0131
1.4291
3.0206
2.2962
1.3999
4.7015
3.8725
1.6138
1.0485
1.8147
1.923
1.8523
0.71981
2.2616
0.6271
1.4897
1.9144
-0.40628
-1.851
-0.4767
0.29551
-1.1012
-1.3251
0.55879
-1.019
-0.081302
2.1232
1.8183
-2.7035
2.4175
2.9674
1.6974
5.4494
3.9027
4.6753
2.8358
2.143
1.7107
3.5299
3.8734
1.3269
0.6848
2.3373
0.39865
-1.9046
-3.2683
-1.7192
-2.1784
-4.1457
-1.6906
-2.6884
-1.2431
-4.26
-1.1771
-1.9039
-2.5883
0.89993
-2.1166
-3.0459
-0.73879
-1.9764
-3.9991
-2.4752
-2.0526
0.88187
1.3155
1.8084
2.1153
-1.6982
1.5343
0.14075
-1.5678
-2.5731
-0.073559
-6.7552
-4.9967
-2.3773
-3.9703
-2.5253
-2.5025
-3.1547
-2.9032
-2.3566
-3.4108
-3.3425
-2.2585
0.024481
3.3499
1.2588
1.9416
3.2279
2.6197
3.2978
1.8872
2.5496
3.0728
2.5903
0.34177
4.8728
-0.75705
1.0486
-0.33682
1.9775
0.65301
2.0807
0.98427
0.56902
0.84388
-0.40199
0.0059756
-1.35
0.15162
1.9827
-1.2743
-1.4553
0.4596
4.8236
3.6599
3.5614
4.1412
4.7746
3.27
1.7608
3.1442
3.2679
2.5963
3.1456
0.13881
3.5979
1.2827
-0.73175
-3.2679
-1.5646
-1.7555
-2.5019
-2.1307
-3.2961
-3.1403
-0.5772
-3.3277
-3.2334
-0.6283
-0.22671
-0.99741
-2.6562
-1.3924
-3.2686
-2.8361
-2.524
-4.2677
-0.38979
-1.677
-0.34091
2.3718
4.0696
1.6859
-1.0023
0.40932
2.1906
-0.9433
-1.0658
0.58832
-2.3007
-0.95255
-3.7716
-5.5531
-4.5547
-2.2689
-3.3042
-0.084206
0.030396
-0.86009
1.5363
3.295
0.99296
2.6274
2.176
0.98988
4.3957
2.5269
2.5723
1.5242
4.3454
2.1887
0.19618
2.2357
-1.5445
2.3412
-0.058932
2.1924
2.7467
1.7179
1.0124
2.1072
1.8999
0.51323
0.47838
-0.4686
1.5059
2.7413
-0.096266
0.37742
1.3105
3.0697
2.3682
-1.9668
4.4952
1.3964
1.2464
5.3257
1.6362
3.9937
2.7211
1.28
0.8654
1.9956
1.0863
-1.8788
-1.2362
1.1155
-1.9541
-5.1221
-1.3399
-3.0873
-1.5567
-4.5075
-2.0073
-2.7367
-2.2951
0.29592
-1.1269
-3.2234
0.042274
-2.5201
-2.2278
-3.1803
-2.6338
-1.0804
-2.3474
1.163
4.3508
5.9909
1.519
2.3724
0.79407
1.7962
0.25127
0.17648
0.016764
-0.67761
-1.5824
-4.4944
-4.0425
-4.4591
-2.3279
-3.3041
-3.5842
-3.9474
-3.7354
-2.7975
-2.1702
-2.1872
-0.70091
0.40011
1.8104
1.1128
2.4455
0.69966
1.9294
1.8692
1.886
0.58848
1.5438
1.7924
1.8769
2.201
0.82222
4.1926
0.48437
0.19829
3.6964
1.2986
1.7023
0.61839
-0.28953
1.4544
1.7545
2.9405
-0.48264
5.1716
2.1226
1.4822
0.88047
2.5049
4.1204
-1.8228
3.7827
4.6388
2.953
1.4246
1.1565
1.1449
2.0032
1.3691
0.86618
-0.80019
-2.6278
-0.059089
-2.4095
-2.9503
-5.1131
-3.8735
-0.6907
-5.1072
-0.70814
-3.7141
-0.59108
-3.9272
-0.24466
-0.20935
-2.8109
-2.1037
-1.7774
-3.1611
-0.71087
-0.99267
1.5905
6.4881
3.5077
2.4082
1.3324
0.74101
1.6733
2.7299
3.7152
-2.1794
-0.9607
-1.1336
-2.4904
-2.3344
-4.6927
-3.9628
-2.8313
-3.83
-4.1412
-3.5338
-2.5603
-2.8025
-2.8264
-0.67654
-1.9603
-0.94147
1.833
1.7685
2.26
4.0135
1.9061
2.0163
-0.62094
0.85623
1.629
2.4992
2.5964
1.6643
3.3052
-0.62914
0.48617
3.2753
0.82153
0.07633
-3.6522
1.1917
-0.62139
-2.3724
0.74531
-0.15079
0.81352
0.31457
2.3179
-1.0963
-0.19149
3.1725
5.2889
3.3884
3.2424
3.2979
2.9013
3.0667
2.3781
2.4071
1.5642
1.8625
0.18266
2.6591
-1.5273
0.30921
-0.053397
0.029285
-2.9001
-3.0845
-2.1289
-4.4939
-2.3319
-0.4192
-2.7666
-2.0442
1.0675
-1.5346
-2.3225
-0.56881
-2.2217
-2.7848
-2.637
-2.1062
5.6865
1.2029
2.8625
0.81097
-1.5549
2.4696
0.5445
-2.0361
-3.8054
-1.0816
-4.3515
-6.2376
-1.5736
-3.3771
-4.7022
-4.0313
-3.8397
-3.1044
-3.8839
-4.6933
-2.1167
-3.9902
-1.2417
2.0912
2.5545
2.0719
4.6444
3.8157
-0.2566
3.5481
2.2496
1.0281
3.3929
3.2881
2.9911
1.4781
0.17107
3.2512
-0.094262
-2.4103
2.6423
0.97542
1.1251
1.4335
3.1131
0.21419
1.4521
3.3221
2.8762
1.9251
0.64724
1.2655
3.716
1.9699
4.7465
3.4134
3.3755
0.9839
1.8148
3.5608
1.8836
1.6289
2.231
3.2928
1.1624
-0.42352
-1.5334
-2.6632
-4.0257
-2.8719
-4.0577
-2.515
-2.7059
-2.234
-3.3348
-1.6157
-3.6235
-3.9671
-1.4263
-2.3754
-1.9364
-1.2999
-1.9483
0.24966
-2.1559
-1.0708
-0.74777
4.9533
-0.67481
-0.4631
5.3072
-0.28727
-1.6819
-1.2671
-1.7949
-0.80928
-0.021942
-1.7536
-4.3514
-4.1907
-1.4459
-2.6966
-3.2439
-1.9223
-2.2909
-4.1383
-4.1172
-0.68526
-1.42
1.4743
0.66988
1.0303
0.71346
2.9805
2.954
0.50883
6.1254
3.1149
1.1466
1.5781
0.63289
2.9001
0.47189
4.3739
-0.61133
2.2256
1.194
1.6262
0.063338
-2.6191
0.75406
2.746
0.44853
-2.1706
3.1429
1.48
-0.631
2.6542
-0.061434
-0.0036147
1.5499
3.7991
3.9366
4.2339
2.3845
2.6521
1.0781
2.728
1.9461
2.0276
0.92316
-0.36764
-0.32483
1.2741
-2.0824
-1.4043
-2.9656
-3.3561
-1.818
0.35835
-1.9391
0.4258
-2.5683
-3.0896
-0.81479
-2.157
-1.2336
-2.1712
-1.5843
2.1799
-1.3969
4.9914
2.9924
2.2905
1.455
4.1855
1.4001
1.4858
1.386
-0.2488
-0.56802
-2.8796
-1.2981
-6.6284
-5.5005
-3.6468
-4.2464
-2.9165
-2.8706
-4.3327
-3.978
-3.8742
-3.1391
-3.7051
-1.4523
-1.8665
-3.7236
0.51276
2.129
0.92441
2.2561
3.5629
2.5445
0.62635
2.8659
1.1667
2.1028
1.7684
1.6751
1.3166
1.1195
1.0449
2.6552
0.37586
1.8868
-1.5103
0.13714
1.5059
0.014686
2.414
1.9548
0.81063
-0.047345
4.1239
2.1507
-2.4567
2.8574
4.7323
3.5509
4.4236
2.6634
2.7724
0.33589
3.5644
3.0103
3.0165
1.1606
1.8665
1.9168
-1.8909
-0.7828
-2.1038
-1.0708
-2.6932
-1.4568
-3.0874
-5.1449
-2.7168
0.9859
-1.4877
-2.3531
-0.94194
-2.1882
-1.4706
-2.9278
-2.3517
-1.5225
-0.50343
-2.4592
2.2533
3.3489
0.47813
1.9531
2.4282
1.5853
-1.1607
-1.4304
2.005
-1.7956
-0.84014
-5.1146
-4.9804
-5.1899
-2.652
-3.3663
-2.9236
-3.3944
-2.7869
-3.4707
-2.6015
-2.9454
0.28958
-1.4245
0.56952
1.9184
2.0744
2.4104
1.5723
1.8316
4.2729
3.911
2.9325
0.87408
3.1466
0.36793
2.0831
1.9862
-0.53029
1.1391
1.5804
3.0573
-1.0537
-0.31607
0.1564
2.1423
0.65512
1.2941
0.0044155
0.080397
1.7597
3.1611
-2.0556
3.6574
1.0074
3.2261
4.2548
3.1835
4.4986
4.094
0.96448
2.6168
2.1803
1.6091
1.6443
-0.12099
1.2888
-0.3649
-0.86852
-3.023
-0.78456
-3.4917
1.2143
-5.8049
-2.6589
-2.5968
-0.45961
-1.5883
-1.1246
0.1935
-3.4533
-1.4816
-0.59054
-2.8716
-3.1812
-1.4745
-2.2137
2.8325
0.12365
1.82
2.1707
0.77138
-2.2707
-0.32332
0.28286
-2.3773
-2.1034
-2.1447
-4.8445
-4.5132
-2.5315
-3.0511
-4.4221
-2.8907
-4.23
-1.8405
-2.2556
-2.0102
0.47635
0.88756
1.7258
1.6638
1.4107
3.0598
0.42414
4.1098
3.7403
2.4716
3.9508
1.3316
0.39775
2.0563
0.52353
2.4004
0.9002
1.6295
1.2834
2.784
0.4008
0.94448
2.9064
0.15498
2.5002
2.0042
1.3213
1.2791
0.17825
2.8646
-1.121
2.7407
3.8455
3.9153
3.487
2.8219
1.7759
1.8854
3.4715
2.3162
1.5696
1.022
2.4229
1.9965
-1.6747
-0.90013
-2.6074
-0.77916
-1.5249
-3.2812
-0.44338
-5.6436
-1.5155
-1.3029
-1.145
-2.9213
-0.35446
0.35577
-3.4922
-1.8464
-1.2626
-2.0691
-2.4037
-3.2609
-1.0477
-0.15797
-1.7502
1.9372
4.2172
0.50782
1.9896
1.5584
2.6751
-0.52623
-1.3774
-0.40934
0.74845
-3.5776
-1.2116
-3.8039
-4.6131
-4.6859
-2.8086
-3.2246
-2.3219
-2.9442
-3.6469
-4.0276
-2.0265
-3.18
0.12072
2.4763
2.2475
2.4093
2.9739
2.8816
2.0105
2.498
3.0266
0.78544
3.6384
1.9538
0.29899
0.5147
1.7792
0.86636
1.5009
1.7667
0.88682
2.94
0.99437
-1.1034
-0.7968
-0.12468
1.8988
-0.6755
2.6721
-0.031849
-0.1187
0.17684
3.9934
-1.6265
1.1955
2.5318
3.7018
3.8962
4.0234
3.2907
2.6264
1.3618
3.0484
4.443
1.1468
1.3376
3.2097
0.70808
-0.38227
-1.905
-2.6108
-0.40556
-0.45375
-0.50697
-5.2871
-1.5992
-3.3255
-2.1686
-0.23286
-1.4538
0.32769
-2.6148
-2.2528
0.35897
-2.7502
-2.5754
-4.126
-1.2734
-0.97673
-2.8505
-2.482
-0.64423
2.1041
2.0342
-1.4985
0.23746
0.15106
-0.7491
-3.4093
-0.94
0.88286
-2.9148
-2.6653
-1.1697
-3.6826
-5.0045
-3.3149
-1.4371
-3.0469
-3.7384
-3.5672
-2.2463
-2.3504
-0.78448
0.46868
1.6078
2.6466
2.0122
0.60582
3.9428
4.3091
1.8808
1.8279
0.86077
2.9595
1.0354
2.0654
0.85611
1.6527
0.8486
1.1153
1.6735
0.99302
1.7091
-1.6058
-0.93001
0.96707
0.096346
1.6275
0.23334
-1.6098
-0.25606
2.4106
-0.080878
-1.1562
2.5921
1.7557
3.6638
2.9384
5.3758
4.2521
0.98596
2.7196
2.2413
2.5805
1.1601
3.0193
-0.094033
0.24944
0.13897
-2.0467
-0.37008
-1.1133
-2.2707
-0.41978
-4.2525
-4.9976
-1.2159
-0.066052
-2.5704
-1.2257
-2.5373
-2.8389
-2.7971
-0.17152
-3.1632
-3.6834
-0.1502
0.30108
2.2397
-0.85073
0.14656
0.74805
0.3501
-2.398
-3.1191
1.9521
-1.0833
-2.409
-2.2196
-2.0175
-5.0267
-4.4992
-2.0732
-1.6334
-2.4739
-3.6479
-4.5224
-1.6453
-0.4581
-0.52324
0.20788
1.3506
1.8892
1.0464
2.072
2.016
0.99138
5.2585
3.5727
2.6598
2.6211
-0.3504
4.1793
4.065
-0.43613
2.5727
2.1723
1.0681
1.1343
0.56479
2.4506
1.4613
-1.5192
-2.7803
0.36217
0.10418
1.351
0.010962
-1.6731
3.6478
-0.94784
1.3991
2.312
1.4314
4.0081
2.6202
4.6491
1.455
1.9641
3.2049
1.977
2.7492
2.6738
-0.26806
2.2673
-2.9009
-0.56571
-0.87155
-1.1151
-2.0589
-0.094123
-1.8918
-2.9857
-3.6281
-0.35695
0.53983
-2.4175
-0.82713
-0.36931
-2.4439
-1.1693
-2.2172
-3.3052
-3.6087
-2.6706
-0.62725
-0.47657
1.7541
1.9812
-0.45715
0.74073
0.47138
-0.34655
-2.7688
-0.091359
1.1466
-1.7434
-2.9755
-3.4415
-4.1804
-2.6216
-3.1444
-3.268
-1.8376
-3.8931
-0.99992
-0.14677
1.0162
1.277
3.0816
1.9428
2.0298
1.1978
2.9518
1.864
3.4002
2.4187
2.0209
3.8537
0.51168
1.6933
1.6631
1.9113
-1.1809
3.0728
0.66845
0.37819
2.2142
2.3917
-0.16896
3.9612
-0.6155
-0.75992
2.5647
-0.31961
0.80205
2.9683
-0.6933
-2.2807
1.4345
0.68876
1.6647
3.8906
2.0094
1.7062
1.7399
2.0287
1.9598
1.8053
1.9657
1.9828
-0.2905
-1.5399
-1.9922
-1.8965
-4.1987
-1.2653
-4.9508
-1.4773
-1.5379
-3.2274
-0.67714
-1.8994
-1.4882
-2.3277
-1.4451
-1.6927
-0.36721
-3.4995
-1.0165
0.52972
0.37873
1.2145
3.5642
3.5506
1.0882
1.1977
2.4808
0.6736
-0.047819
0.66159
1.4053
-2.0971
-3.4079
-4.9188
-5.3895
-3.5393
-3.4138
-2.844
-3.0594
-4.4768
-3.6007
-2.459
-3.585
-3.4101
-1.4542
-2.0467
-2.6883
1.6173
1.0345
0.44562
3.1244
3.3847
0.26228
2.6936
2.1204
0.67151
3.0974
0.88385
2.0704
1.6359
3.4575
1.7097
2.3528
1.5131
2.8955
1.3363
0.61637
-0.04234
0.14359
1.0591
2.4949
1.9043
2.7912
1.9457
2.3228
2.8019
1.7239
0.99965
3.9904
0.94579
3.3296
2.464
1.8714
3.039
2.2866
1.5235
0.9632
1.5149
-0.14238
0.24366
-0.50066
-2.1062
-3.0499
-2.8269
-2.6468
-2.5588
-3.5015
-1.7265
-1.4224
-0.50793
-2.9577
-2.4827
-1.5122
-2.2434
-2.9702
-1.3444
-1.4838
-2.0869
-1.3489
2.0296
5.3595
-2.2976
0.19046
5.0491
-0.061811
0.74188
1.2895
0.33149
-1.5873
-0.76164
-0.4015
-4.7407
-4.4284
-3.41
-2.9977
-5.1211
-2.6954
-2.6041
-3.13
-4.7452
-2.5351
-1.0337
-1.3781
1.2946
0.74294
1.8497
1.0225
1.5615
2.2427
0.24781
5.9415
3.137
0.5449
4.1455
-0.77663
2.2742
0.22401
3.1992
