0.0069628
-0.0012381
0.0030791
0.0058293
0.0064397
-0.0049782
0.0015746
-0.00042506
-0.0094173
0.0032075
-0.0096751
-0.012052
0.0017852
0.0042944
-0.0028639
0.0012974
-0.0090625
0.0062752
-0.012966
0.0055214
-0.012809
-0.0034039
-0.00046276
0.0090102
0.013145
0.013805
-0.010508
-0.0043449
0.010387
0.0018454
-0.013264
0.0066053
-0.006878
-0.0056789
0.010096
0.00023725
-8.2769e-05
0.015007
0.0042837
-0.004777
0.007664
0.0076492
0.0069114
-0.0085307
0.016479
0.010163
-0.0041855
0.01392
-0.011049
-0.018996
0.00043414
2.8599e-05
-0.0024419
0.00015434
0.009242
0.0077733
0.0098474
0.013132
-0.0077173
0.00036374
-0.0011534
-0.012053
0.016615
-0.013275
0.0090863
0.011227
0.011208
0.0036867
-0.012802
-0.00018753
-0.008958
-0.0029673
-0.010104
-0.013522
0.017067
0.010432
-0.011326
-0.014118
0.018643
-0.010042
-0.02114
0.00031574
-0.018025
0.0048969
0.00050267
0.00036759
-0.011269
0.0052095
-0.0093235
0.0023857
-0.00038541
0.0043641
-0.014826
0.027958
0.0073665
-0.0011144
-0.0038598
0.00035006
-0.0054743
-0.013852
-0.0084747
0.004245
0.0048016
-0.02073
0.0014157
0.0018341
0.00043897
-0.0053701
-0.014926
0.0052713
-0.0011445
0.01585
0.00044177
0.012294
-0.013594
-0.0022283
-0.0070588
-0.022018
0.030031
0.0034212
-0.011195
0.02778
0.0059808
0.0044662
-0.0014915
0.00011579
-0.00014022
0.0060906
-0.0046142
0.013678
-0.00075817
0.0089342
-0.006504
0.0012838
0.0036443
0.0029207
7.6824e-05
-0.0035227
-0.01622
0.031759
-0.0031393
-0.0041875
0.0052276
0.0079346
-0.010678
-0.0062797
0.00019073
-0.026711
0.0060235
0.0060114
-0.028985
-0.00013087
0.0071453
-0.0054312
-0.0017353
-0.0058149
-0.010893
0.019183
-0.0052897
-0.015822
0.01986
-0.010847
-0.0038862
0.00030257
-0.0079088
0.0040865
-0.003582
0.0068659
-0.00073714
0.0072951
-0.0076727
0.011916
0.0089404
-0.0016295
-0.008325
0.0020149
-0.0023514
-0.0046061
0.0051644
0.00050045
-0.0022923
0.0046704
-0.011714
-0.01942
-0.0059377
-0.0008312
-0.00093676
0.0021436
-0.002724
-0.0006607
-0.0012108
-0.0026445
0.0021561
-0.017302
-0.0061046
0.0096895
-0.0077708
-0.0067668
0.010847
-0.021451
0.0048173
0.0062761
-0.0031869
0.0045019
0.005895
-0.0081654
-0.0028164
-0.0021368
-0.0041987
3.4449e-06
-0.010673
0.0035926
0.0061602
-0.0029701
0.01762
-0.0087497
-0.01529
0.0028133
-0.011569
-0.0034786
0.007073
-0.0056094
0.0040642
-0.0070303
-0.00066714
-0.0018987
0.0022931
-0.007214
-0.017325
0.0082527
0.0010763
-0.019969
0.0010976
0.00073527
0.002189
-0.0054102
-0.0064305
0.0042278
0.0081896
0.0063606
-0.0017539
0.0058906
-0.0022508
-0.011696
-0.0055554
-0.0077501
-0.0018457
-0.0048626
-0.0058803
0.01652
-0.0022501
0.00011395
0.0040941
0.0025439
0.014598
-0.0020611
0.011236
-0.0071398
-0.006309
-0.0010835
0.0024114
0.014038
-0.01092
0.020935
-6.9492e-05
-0.0035768
-0.0016096
0.0010417
0.0057347
-0.018485
0.019252
-0.0040634
-0.012493
-0.0050593
-0.010234
0.0013194
0.0068332
0.0077237
-0.017997
-0.000383
-0.010184
0.0025108
-0.017112
-0.0015587
0.0031463
0.005848
0.0093915
-0.0099086
-0.01278
-0.0042776
-0.0086538
-0.0056582
-0.015761
-0.0032112
-0.01302
-0.011947
0.0075769
-0.0054559
0.017898
0.0030225
0.0063344
-0.0018668
-0.013573
-0.006439
-0.012017
0.0047373
-0.009494
-0.0071446
-0.0037865
0.0007556
-0.011956
-0.0015813
-0.012833
0.00055864
0.0017304
-0.0020416
0.010899
0.013422
0.010654
-0.0038615
0.013089
-0.018952
0.013225
-0.013169
0.013055
-0.01194
-0.00051669
0.0056391
0.0065095
-0.0096555
-0.0024641
-0.0023864
-0.0046375
0.01106
-0.0018539
0.01116
0.015342
0.0053931
-0.014648
0.014159
0.0050731
-0.021146
-0.0024429
-0.011221
-0.020002
-0.0069346
-0.0090257
0.0058472
0.0020255
0.014026
0.0070417
0.0054479
-0.013307
0.0068621
-0.00027243
0.010847
-0.010617
-0.0026046
0.0023817
0.0053791
0.00092215
0.02116
-0.0052667
-0.0024945
0.026459
-0.0018088
-0.02411
-0.00062273
-0.0018672
0.0039535
0.00060017
-0.0027598
0.012924
0.013985
-0.0048494
0.0049481
0.011533
-4.0529e-05
-0.0046073
0.0038769
-0.0078838
-0.00389
-0.013519
0.010329
-0.0044332
0.00098934
0.0090443
-0.0017951
-0.0083367
0.0051751
-0.0044224
-0.0053919
-0.0032465
0.0026866
0.018314
-0.0063038
0.015338
-0.019132
0.017559
-0.017362
0.018911
0.0016674
0.010506
0.0046477
-0.012323
0.0010042
-0.0045645
0.0035834
-0.01091
-0.0036593
-0.002287
-0.0085834
-0.017981
-0.0031798
-0.0029485
0.0025758
-0.015292
0.015697
-0.014583
-0.01074
0.0052671
-0.016609
-0.0010623
-0.011257
0.0017557
-0.0017436
0.012088
-0.0024878
0.0070534
-0.0084233
0.0021318
0.0035193
0.0035967
0.010281
-0.0067412
-0.011986
-0.0026475
-0.020491
0.0027808
0.0006968
-0.015883
-0.0031374
0.0021792
-0.014475
0.011549
-0.0028764
-0.010537
0.00078408
-0.011215
-0.0019769
0.00054886
0.013119
0.0034445
0.0082479
-0.0052362
-0.0011497
0.0032682
-0.011814
0.00065637
0.0034031
0.002601
-0.0061446
0.0048632
0.0023987
-0.0014607
-0.0011968
0.0014245
-0.0026402
0.007654
0.011139
-0.00046825
0.0010802
-0.0089044
0.0037057
-0.0039979
0.0053022
-0.01074
0.010045
-0.0068197
-0.01439
-0.013872
0.0024015
0.0045775
0.010629
0.002889
0.013777
0.013393
0.0031831
0.0010897
0.012335
-0.0055275
0.0079139
0.01717
-0.00043436
0.0033864
0.00083061
-0.0085107
-0.00010852
0.013335
-0.017227
0.0078452
0.0092196
-0.016339
0.0068675
0.012053
-0.0018327
0.028753
0.020354
-0.0010452
0.00085865
0.0033611
0.0049683
0.0087603
0.00060036
-0.0068509
0.001271
-0.00071844
-0.002222
0.00059522
-0.008786
0.014595
0.0059339
-0.013243
0.0030781
0.0059676
-0.011162
0.021407
0.00758
0.014308
0.0061179
-0.00023976
-0.0091638
0.0040196
0.010795
-0.0025848
0.0028902
-0.0095983
-0.016276
5.1786e-05
0.017241
-0.0053063
0.004997
0.014828
0.0029209
0.00099003
-0.008114
-0.0011187
-0.0021202
0.0087192
0.0015136
0.0007597
0.0052232
-0.014431
0.002303
0.0086072
-0.0023954
-0.0026231
0.0030267
0.0014548
0.0093197
0.015824
-0.0040842
0.0047067
0.0059045
0.00068557
0.0037933
0.0021796
0.0077485
-0.010105
0.013313
0.00015971
0.013088
0.0070206
0.0045509
-0.0061549
0.0012095
-0.012477
-0.0085641
-0.0034086
0.0028156
0.010949
0.021612
0.00024483
-0.0041064
0.0073686
0.021753
-0.0076821
0.0070536
-0.0061699
0.0085167
-0.0018132
0.020317
-0.011991
0.01398
0.0056545
-0.01162
-0.0038639
-0.015108
-0.0044059
0.010583
0.0024841
-0.010975
0.01429
0.0085187
0.0034899
-0.0063888
0.00092756
0.0040281
0.0042881
-0.0057889
0.010905
-0.0052158
-0.0022124
0.012372
-0.0032057
-0.0075362
0.012804
-0.012887
-0.00085928
-0.0044236
0.0025995
-0.0078057
0.0047375
0.0037205
-0.0041588
-0.018325
0.021954
0.0061898
0.011756
-0.019555
0.015287
-0.0046551
0.002701
-0.0037155
-0.0059059
-0.0044658
0.00095562
0.013989
-0.0096583
-0.0026786
0.00053102
-0.0043971
-3.9426e-05
-0.0023542
0.0044304
-0.01002
0.0092938
-0.004709
-0.0045913
-0.0002274
0.0052006
-0.0056542
0.0080218
-0.0032821
-0.0058706
0.0010607
0.0053565
0.0033649
0.0074185
-0.0082357
-0.0031736
-0.0089907
0.0079937
-0.011084
0.003483
-0.010988
0.0044762
-0.0034274
-0.00031802
0.0079999
0.01804
0.0034294
-0.0040514
-0.010346
-0.002598
0.0009596
0.0011027
-0.0057293
0.00080937
-0.0035367
0.017049
0.0065598
0.012596
-0.014518
-0.0014545
0.0068832
-0.010674
0.005305
-0.003708
0.015618
-0.015791
-0.0087979
0.0033204
0.0076034
-0.018624
-0.013053
0.0028227
0.0062401
-0.0091861
-0.0036487
-0.0077053
0.0054079
-0.0074223
-0.0056626
0.00057118
0.00022021
-0.0026501
-0.00074504
-0.0068642
-0.0085394
0.002919
0.0031731
-0.0046758
-0.0040759
-0.016206
-0.0087953
0.0017627
-0.0043135
-0.012449
0.00093379
0.0064518
0.0074777
-0.0069354
-0.0046193
-0.0030976
0.0021882
-0.013414
0.010088
-0.0052304
0.0015216
0.017324
-0.0172
0.0053806
0.0090246
0.0089037
-0.0082329
0.01297
-0.029953
0.048152
-0.0053783
-0.02707
-0.02793
0.052034
0.050367
-0.036572
0.0009397
-0.0062864
0.0016961
-0.012474
-0.012886
-0.026103
-0.0030082
-0.001505
0.0053131
-0.024464
0.032994
-0.0095221
0.023869
0.0076686
-0.029509
-0.0053982
0.036652
-0.033082
0.019655
0.0023469
0.013473
-0.0024143
0.027864
-0.026626
-0.012684
-0.0019154
-0.0073749
-0.03386
-0.012655
0.0010542
-0.0021006
0.032146
-0.0048501
-0.0028317
-0.00065948
0.018443
-0.033209
-0.0071479
-0.0042966
-0.0028228
0.010584
0.0050912
-0.0047555
0.0024734
-0.0067701
-0.010254
0.010843
-0.026377
0.00069112
-0.0018569
0.009542
0.014635
0.025081
-0.0053665
-0.0069064
-0.0011504
0.0034857
0.0042531
0.019998
0.022236
-0.0058155
0.018181
0.010168
-0.014155
-0.014474
0.0078166
0.019353
0.039069
-0.17658
0.15511
-0.087329
0.11366
-0.039294
-0.0055983
0.0070444
0.043264
0.02385
-0.098353
0.21932
-0.093878
0.064471
-0.083171
-0.036492
0.11496
-0.20312
0.077359
-0.094434
0.024075
-0.037385
0.028765
-0.021809
0.081753
-0.1045
0.10826
-0.023444
-0.018444
0.049945
0.04902
0.0099224
0.06409
-0.053526
0.058146
-0.075681
-0.017505
-0.018372
-0.019069
0.078127
-0.18906
0.10097
-0.084324
0.074446
-0.00013923
-0.076784
0.084418
-0.06797
0.15994
-0.10694
0.10794
-0.0047544
-0.024192
-0.058372
0.031398
-0.01824
-0.04559
0.0023478
0.022038
0.011308
-0.0016221
-0.0071914
0.012661
-0.0091806
0.011012
-0.03777
0.066322
-0.016563
0.00088198
0.014199
-0.0028045
-0.022281
-0.023115
-0.039407
-0.033793
0.013607
0.0061311
0.013517
0.033693
0.026689
0.013256
0.012362
-0.0055299
0.057171
0.0014138
0.0075263
0.0092068
0.047677
-0.033907
-0.038987
0.012416
-0.010994
-0.00083466
0.038524
0.0046835
0.00087022
0.025011
-0.0090159
-0.007794
0.0080543
0.013572
0.027959
0.010327
-0.0055689
-0.014084
-0.019816
-0.045704
0.0069898
-0.010685
0.007125
0.015576
0.0083664
-0.038938
0.029743
0.0046045
-0.030505
-0.010206
-0.012569
0.013598
0.013379
0.0064188
0.00028068
0.012806
-0.00662
-0.00074856
-0.015941
0.022998
0.0014182
0.0095757
0.0384
-0.009517
0.01469
-0.003142
0.0074247
0.0062267
0.003893
-0.023708
-0.020986
-0.012035
0.004717
-0.034569
-0.00061384
-0.013173
0.065567
-0.032333
0.028175
0.029968
0.0030447
0.027469
0.075167
0.0048232
-0.025184
0.026227
-0.022612
-0.02159
-0.032333
-0.056895
0.013523
-0.083668
-0.035762
-0.073534
0.014365
-0.042973
0.049477
0.15403
0.035393
0.12117
0.13344
-0.022691
0.066062
0.021088
-0.028755
0.018242
-0.027235
-0.12168
-0.039877
-0.011565
-0.13245
-0.047504
0.029071
-0.072839
0.0034413
-0.02081
0.0052663
0.022402
0.011596
0.038215
0.038586
0.016805
0.022079
0.030276
-0.0043596
0.022845
0.029184
0.032341
0.031022
0.0082401
0.0025828
-0.022624
-0.043344
-0.054405
-0.055157
-0.060103
-0.028919
-0.0025756
0.0072508
0.014322
0.063216
0.037545
0.040117
0.033637
0.060329
0.054778
0.061046
0.03329
0.03094
0.0030646
-0.029542
-0.059695
-0.038303
-0.020177
-0.0061014
0.0037283
-0.0021181
-0.003587
0.0010919
0.014839
0.022139
0.028197
0.038136
0.020661
0.0059686
0.011133
-0.0082499
-0.0095047
0.015545
-0.002403
-0.012894
-0.010555
-0.0083835
-0.020852
0.0050207
0.006162
0.066684
0.090428
0.052227
0.061523
0.046193
-0.0056149
0.003046
-0.045086
-0.038724
-0.05187
-0.059392
-0.038971
-0.073376
-0.007406
-0.024971
0.010344
0.028048
0.025035
0.046148
0.016975
0.041228
-0.004227
-0.018288
-0.017024
-0.037539
-0.043095
-0.041902
-0.080649
-0.11267
-0.010681
-0.57825
-0.5577
-0.31382
-1.0779
-0.3898
-1.9319
-1.1959
0.75533
-0.71393
-1.2825
-0.87326
-1.3099
-1.4617
-0.90319
-0.5532
-1.4386
-0.69313
-1.1012
-1.6625
-1.0452
-1.6651
0.17959
-0.71467
-1.6991
-0.48421
0.15584
-2.1359
-1.0185
0.51642
3.451
1.2419
1.0094
-0.11936
3.3761
0.8274
4.6113
2.9852
1.6213
-0.63409
2.6205
2.842
0.88899
-0.48935
4.126
1.9316
0.90675
0.77812
2.1498
-0.26685
2.8785
0.66205
4.8473
1.4899
-5.2106
-2.754
-1.3813
-3.1677
-1.1453
-1.7117
-1.5146
-1.157
-1.7985
2.6582
0.97073
2.1654
0.24934
1.1457
-0.20447
2.8483
2.1615
2.296
1.7625
-0.033652
1.2497
-1.9283
-0.28489
-0.8195
-2.7098
-2.5127
-2.3316
-1.4626
-2.4013
-0.36369
-3.3046
-0.64858
-3.0212
-1.1964
-1.7141
-2.3081
0.77415
-5.2943
1.4879
-0.59529
-0.65424
-1.0906
0.42068
0.21044
1.2889
-2.3404
4.9894
1.5002
1.7809
-0.2031
0.28776
-0.57925
-2.9245
-3.0078
-2.0266
-4.2215
-3.8759
-2.267
-2.0352
-3.7572
-1.5044
-2.7603
-2.5121
0.30293
0.032372
-0.71631
1.3034
2.7795
3.3512
3.2376
0.26405
4.0787
2.0512
2.5991
2.3096
-1.2072
1.8026
2.595
2.1266
2.483
0.6992
1.4593
5.2906
-1.276
0.015244
0.3967
3.7975
-2.6275
1.9557
0.81698
-0.42689
-0.2618
3.0199
1.4074
0.40187
1.1616
2.7472
3.7341
1.215
2.5648
2.5148
1.5189
2.5098
1.1397
1.3458
-0.83935
-2.5068
-0.67234
-0.44962
-4.4053
-1.6642
0.11542
-5.9685
-1.6574
-3.9802
-0.47863
-4.2509
0.27361
0.79303
-1.8983
-0.6665
-0.96832
-2.6518
-2.3088
-1.0675
0.034219
-2.7438
-1.2057
-0.86414
-0.19933
-0.48477
-1.1795
-1.5615
-2.5304
0.76656
-5.2877
-0.83782
2.0963
-4.6706
-2.7321
-2.7755
-3.3798
-3.4898
-4.2941
-1.0359
-2.1154
-1.3912
-1.6653
-1.7651
-0.95333
2.7174
1.2311
0.65642
2.106
1.5342
5.7957
2.181
0.41143
3.4385
3.9716
1.0547
2.2734
0.63535
3.0267
1.107
2.5053
3.1364
-0.22455
1.1615
5.6689
0.97494
1.4886
-2.4145
-1.8587
-0.10116
1.5996
-1.5103
0.032125
-0.50849
0.38017
3.1733
1.9233
2.6796
4.017
3.2748
2.6551
2.1135
3.9573
1.954
1.9371
0.46723
1.6995
-1.6979
-0.73298
-1.3494
-2.192
-2.2155
-1.4971
-0.82533
-6.0006
-0.50576
-3.2661
-1.3691
-4.4525
0.12537
0.51003
-1.6483
-0.91734
0.4133
-2.5441
-3.6866
-0.74824
0.95511
-2.8957
-0.65187
-2.0191
0.21965
-0.92051
-2.5502
2.2673
-1.5483
-3.9193
-3.639
2.6652
-4.115
-1.7337
-5.4506
-2.7578
-4.6671
-3.4158
-1.3651
-2.7278
-1.3177
-3.6331
0.019562
-0.17902
1.2689
-0.77052
1.0227
4.5523
0.7396
0.20919
4.4793
2.6693
-0.16311
0.54515
2.1218
2.0474
2.3338
2.0688
1.2363
4.3011
1.727
2.1908
1.2626
0.11867
1.5396
-6.4952
-1.3594
-0.71869
-0.13507
1.2754
-0.71046
1.8503
-1.1602
1.1975
3.6845
1.4066
1.105
6.3266
4.857
2.5791
0.97528
0.94077
1.5117
-1.424
-3.0273
-1.8143
-2.4783
-2.5647
-0.26992
-3.8191
-3.9422
0.18632
-4.2335
-2.6694
-1.8545
-0.13142
-1.6008
0.25736
-2.3391
-3.1747
-3.1933
1.503
-2.1755
-1.3417
-0.78914
-2.1605
-2.6421
1.2928
-0.80168
-1.6155
-2.7785
-1.6977
0.30804
-0.58216
0.71906
-1.8694
-2.8372
-1.8656
-4.1295
-2.993
-3.6904
-2.5115
-2.5758
-0.34169
-2.3305
1.9793
0.48267
-0.92099
3.1518
3.7922
3.0751
1.5662
4.534
-0.26535
4.7144
0.47473
4.849
1.0587
2.9662
0.57334
0.70956
3.2905
-0.23828
2.9533
1.6618
0.86042
-4.5996
-5.9438
1.57
-0.33833
-1.3056
-1.087
0.56052
0.88925
-0.47169
1.7139
1.4314
1.205
4.3972
2.5163
3.2823
3.3004
3.3775
3.6109
2.0242
1.9574
1.5918
0.60838
-0.68187
-1.4625
-2.6679
-1.9078
-3.2251
0.22522
-2.5888
-2.1055
-1.525
-0.25059
-1.9853
-1.0608
0.6754
-5.5547
-2.5661
0.89132
-2.2795
-1.7642
-0.74872
-2.7317
-0.93531
-1.8245
0.13653
-1.8717
-4.3896
-1.5939
-0.48122
-1.1556
-1.4137
-3.1256
-3.7204
-4.2385
1.6458
-3.3363
-0.41224
-4.4822
-2.8124
-3.4628
-2.133
0.01368
0.93413
2.2834
-0.44187
2.5263
4.4465
1.6881
4.5025
2.766
2.1406
0.97211
0.40178
5.3963
1.3524
0.60453
1.2816
2.4442
-0.41382
3.7328
1.7394
0.78027
3.5996
1.2292
1.8586
2.468
-0.45965
2.598
-3.3856
-2.9572
-1.4547
1.1952
0.65743
-0.013883
0.20673
2.358
0.30209
0.50509
2.165
2.9922
3.5685
1.8332
2.7012
3.502
0.70007
0.051562
1.5469
-1.0997
-3.8319
-1.796
-1.7467
-2.2933
-5.5242
-3.5032
-0.21779
-4.8004
-1.466
-1.3361
-2.1385
-0.94904
-3.9274
-0.80263
-4.1195
0.93628
-0.09194
-1.4336
-3.3311
-1.3975
-0.62461
-1.5474
-2.4145
-0.22848
-2.5067
-0.082414
-0.8943
-3.3752
-0.72374
1.1971
-4.1966
-2.6267
-3.0424
-4.1962
-3.071
-2.1214
-0.24212
-0.83286
-3.1198
-0.44636
-0.82254
-0.91838
0.25914
1.9199
2.1778
1.413
0.9307
4.0489
0.92003
3.749
1.9426
2.1344
2.6546
-0.46631
2.3724
0.91012
-0.011465
3.4733
3.2545
1.2192
6.0458
1.9491
-5.9552
0.18403
-3.0948
-3.0893
-1.2343
-1.5398
0.23762
-0.3169
-2.4531
-3.1869
1.2605
4.7728
0.022809
3.2133
7.4168
2.952
1.6107
3.8464
3.5139
4.4389
3.9578
3.6115
3.4337
-0.85227
1.519
-1.0802
-2.0916
-2.0625
-1.5237
-0.56497
-3.9197
-1.5038
-3.9212
-4.557
0.65214
-1.2765
-0.59628
-0.71346
-0.96557
-2.0476
-1.3182
-2.4736
-2.3698
-1.2005
1.3944
-1.4493
-1.738
-0.62578
-1.4787
-3.0373
-0.74624
-2.3301
-2.0102
-5.8623
1.3277
-3.0471
-2.9728
-3.3332
-2.6573
-4.5741
-2.542
-2.2579
-2.5519
-1.968
-2.3089
-2.4533
-0.97558
-0.68019
-1.4922
2.4653
0.92882
2.4597
-0.14064
3.5262
0.85508
4.835
3.7163
3.5879
1.9685
3.4172
4.5108
1.1272
-1.272
5.4836
1.9093
0.77063
4.8293
4.4151
-2.9312
0.01533
-0.55518
-0.031501
2
-0.061241
-0.0083631
-1.106
-1.2659
0.73206
0.93075
2.6295
-0.16458
0.88622
7.1557
0.53076
3.9547
3.285
2.8717
2.5189
1.028
-0.86243
-0.17056
0.83875
-0.93569
-0.37635
-4.2607
-3.3284
-1.8125
-1.5527
-4.0351
-2.5665
-0.76804
-3.0299
-2.5356
-3.4992
-3.6024
0.39658
0.2039
-0.58359
-0.15415
-1.014
-0.044782
-3.6389
-3.5782
1.3418
-1.6391
-0.31898
-0.89442
-1.9923
-1.9735
-1.8114
-1.1192
-3.1889
-2.5595
-0.45207
-3.4506
-2.8143
-2.2472
-3.6381
0.12256
-1.3221
-1.3259
-0.087886
-1.1598
-0.86765
-1.1839
0.38061
1.1312
1.2907
4.0969
3.9085
1.8153
5.4973
3.628
0.6141
4.1316
0.27423
0.88581
4.9972
0.57184
3.3509
1.68
3.254
2.3257
0.5459
2.9159
1.3279
0.45217
1.7777
-1.9899
-2.0687
2.3253
0.63082
-2.1685
-1.3788
-1.3968
-0.85033
2.3424
0.00051341
4.2718
2.4904
1.677
2.8904
3.5383
2.1265
1.8232
3.2066
0.96316
-0.8888
-0.19415
-0.48314
-0.94312
-2.4168
-2.2016
-3.3839
0.72734
-1.6407
-4.4581
-0.91814
-2.0031
-2.2407
-2.275
-1.8909
-2.1942
-0.5429
0.022667
-0.72487
-1.4268
-0.016138
-1.9163
-2.7913
-2.041
-0.33473
-2.4347
0.33017
-1.1875
-3.982
-1.3747
-0.45028
-1.9545
-1.0166
-2.451
-4.2594
-1.9935
-1.9662
-2.2505
-2.5039
-3.0705
-1.8986
-3.5942
-4.0003
0.28396
-1.0126
-2.5842
-1.7725
1.1698
-1.2853
-1.9617
2.2924
3.6258
3.0802
0.72097
1.933
0.41566
5.3643
4.7565
0.53192
3.8929
4.0322
1.3202
-2.0566
5.6751
1.4351
0.53871
3.9225
1.1308
-0.028424
4.0369
1.631
-1.6603
0.50421
-2.4412
4.0163
1.0966
-0.70204
-1.8369
-1.392
3.7067
0.17082
0.93669
4.0993
1.7692
1.1162
1.7777
2.78
1.1121
1.906
2.43
-3.6976
-1.9887
-0.011853
-1.3314
-2.3215
-1.2836
1.8863
-2.1265
-4.6013
0.12873
-0.65683
-3.2819
0.32717
-1.9409
-1.913
-1.9274
-0.75637
-0.25811
0.43835
-1.4666
-1.9521
-1.1258
0.11131
-1.1839
-3.2432
0.51956
-0.9353
-1.8306
-1.0711
-3.1043
0.40628
-1.7724
-3.8391
0.40336
-2.7571
-1.7998
-0.70544
-2.4593
-1.2644
0.49824
-1.8968
-0.6988
-2.4742
-0.15767
-0.16793
-0.35887
1.3871
2.128
4.5955
0.7067
2.1309
2.1929
2.0187
3.8777
4.7303
3.9466
-1.4294
-0.79414
2.2725
3.2913
2.9558
-0.071558
1.0526
3.4732
0.15075
-0.23366
-2.1126
3.8332
1.4593
-1.9275
-3.6204
0.19072
3.2747
0.74724
-2.3371
-0.060267
2.5118
0.17713
2.7219
2.4605
0.001876
1.088
2.0097
1.1314
0.66547
0.66644
2.7959
0.63893
-2.6936
-1.2323
0.91909
-2.1821
-3.1296
-2.7795
-2.8725
2.3987
-0.54639
-3.1879
-2.154
-1.5569
0.47364
-2.2505
-1.7618
-1.0565
-0.47433
0.82526
-2.0619
-2.0878
2.838
-1.8468
-3.8961
2.9767
2.7681
-3.0567
1.8692
0.94012
-1.9041
0.8818
-3.2076
1.0864
0.48944
-1.9963
-0.89155
-0.71251
-0.86038
-0.064958
-0.47964
-0.18776
-0.082354
-0.86561
-0.78942
-2.5744
1.9554
2.1908
-1.1628
1.123
3.06
1.2614
0.73842
2.6707
-0.91701
-0.13628
5.8762
1.05
0.16046
1.4536
1.3597
0.0083317
2.6855
1.3293
-0.75736
0.30005
5.2084
3.3038
3.2178
-1.3269
-1.5157
1.6613
1.0197
2.8712
0.3244
-2.0666
4.3107
1.8812
-0.14958
1.697
0.82044
0.01193
1.781
0.27097
-1.2216
0.78144
2.0025
0.63376
-1.7575
-2.0032
0.42273
0.63607
1.0642
-1.8078
-4.0783
-3.0876
0.65729
1.3537
-3.4332
-3.775
0.069527
-1.1259
-3.3086
-2.0807
-0.28885
-0.74725
-0.86187
0.9257
-1.5441
-4.9689
1.0495
2.1788
-5.8139
-0.28159
3.2819
-3.6421
-3.8525
0.82061
1.7774
-2.965
-3.766
1.6077
-1.0005
-0.41277
-0.95892
-2.1195
0.27429
0.58158
-0.19708
0.2567
0.74371
-0.63805
0.74957
1.8626
3.3375
1.265
0.7276
2.4913
2.5883
1.8825
0.09958
0.44533
2.3614
3.0778
-0.91113
2.3543
0.48379
1.5025
1.2313
0.17629
0.80328
2.7699
3.4011
-2.4427
-0.70995
6.2797
-0.31634
-6.2257
0.14116
1.5159
-0.3982
2.216
3.009
1.7008
-1.7136
0.9828
2.0035
3.208
1.6093
-0.31133
1.1608
3.048
2.6079
-1.0041
2.2295
1.8788
-1.2705
-1.396
0.50094
0.95231
0.99662
-0.84987
-4.5493
-5.3078
1.4139
3.3597
-1.2985
-4.0277
-2.1611
1.4104
-1.8404
-2.5585
-0.84716
-1.1088
-1.7052
-1.8903
-2.9418
-1.3123
-0.43055
-0.10034
-0.19566
-0.48003
0.41774
-0.54726
-1.5321
-2.8931
-1.1092
-0.80685
-0.81994
0.28153
-0.64649
-2.9414
-0.11279
-1.1288
-1.458
0.73331
-2.4393
0.68923
-1.1435
-3.0596
1.1448
1.2078
-3.4152
-1.7482
1.2815
-1.8837
-6.2361
-1.8889
2.6312
4.1489
-0.14112
-3.1906
-4.8155
-1.1344
2.3348
-0.59553
-1.6169
1.912
0.80993
-0.54762
-0.8788
0.78741
2.7103
0.42177
-4.9702
1.9246
2.7296
2.5543
0.49258
1.0379
1.0074
2.7136
3.8042
2.2395
1.6538
2.9007
0.17835
1.733
4.2113
1.0669
0.9373
1.2005
0.98778
-0.17442
-0.077239
0.2227
0.27361
-1.0269
-2.0021
0.81694
0.85393
-0.85054
-5.9284
-0.89837
3.8561
-2.5569
-4.5795
0.73756
0.11869
-2.5495
-0.58211
0.7276
-1.2614
-1.4999
0.16308
-0.52451
-2.9337
-0.21786
-0.66745
-0.60666
-2.0275
-0.76078
-0.4928
-2.9614
1.1126
-0.096923
-2.4864
-1.0119
0.64886
-2.4701
-0.53629
0.53491
-1.8547
1.0639
0.70833
0.67925
1.8416
-0.86717
0.033263
0.30819
0.35861
-3.7504
0.84322
4.6483
3.5704
-2.6447
-3.2239
0.33857
1.2883
2.6333
0.69198
-1.4778
-0.21607
1.2321
1.1396
-1.2021
-0.53192
0.43648
0.67619
0.035734
-3.3434
-1.1209
2.1725
1.7812
-0.59622
1.1719
-0.70797
1.2566
6.1766
3.1171
-0.040827
0.017401
2.0149
4.2707
1.6693
-0.773
2.5438
1.8716
-3.2877
-1.9494
3.2142
2.39
-1.5343
-4.88
-1.275
3.6368
2.2313
-7.8879
-0.74836
3.0964
-3.1668
-1.4349
-2.0072
0.23951
0.39263
-3.1548
-0.30843
0.0059909
-2.5304
-0.53637
0.63484
-1.7782
-0.64574
1.1202
-0.023847
-1.74
1.5565
-0.0052907
-3.9198
-0.59805
-1.4529
-0.094344
-0.55551
-3.2159
0.22086
-2.5896
-1.9456
2.3816
-1.5874
-2.0374
0.24797
-1.0504
-0.61467
1.3146
-0.60737
-0.90254
-1.0521
-1.0026
-6.0393
-1.463
8.31
4.1445
-3.87
-3.704
0.79841
-1.8604
-1.8991
2.4553
3.1606
-0.45891
-2.0863
0.66581
1.2496
-0.26695
1.913
-2.8512
-4.161
-0.30136
4.3069
3.8622
-0.72074
-0.38464
3.9388
3.1467
-0.098355
4.2352
3.1703
0.66081
1.3848
2.5758
2.3743
1.0748
2.2529
3.6316
-0.44866
-1.5704
3.5279
3.0923
-1.3643
-1.7646
1.8925
-1.7014
-4.1494
3.5249
0.019482
-2.9811
-3.5065
0.56202
1.0099
-3.1398
-2.3726
0.58077
-0.061095
-0.44638
-1.3295
-0.90926
1.0459
-2.1905
-0.95178
0.69135
-1.0097
-0.20424
-1.318
-3.8248
-1.7579
-1.1724
-3.4769
2.7524
-0.89701
-3.5351
0.90705
-2.3664
0.75985
-1.0018
-0.75675
-0.061716
-1.8312
-0.76466
1.5973
-1.8171
-0.23494
0.14418
-1.3641
-4.2517
-3.0162
4.6863
4.529
-1.7777
-2.2714
-1.1419
-1.383
1.2872
2.0814
-0.93721
-1.2102
2.5215
0.98047
-2.0061
2.0515
2.1782
0.33415
0.88332
1.5323
0.85158
2.2048
-2.315
-2.5306
1.9159
3.7336
2.7776
-0.53402
0.8728
5.1975
1.2195
-0.9268
2.1432
5.7222
1.6744
1.9302
2.2529
0.89264
-0.5325
-0.080956
3.2062
-0.27783
-0.54153
-0.58078
-1.7539
0.59023
0.91011
-2.7745
-3.0929
-0.66951
2.6096
-3.5956
-5.2143
1.6797
0.77713
-3.7661
-0.65843
0.41942
-1.3363
-0.79169
-2.1097
-1.3159
0.82193
1.1934
-0.55575
-3.0668
-3.024
-1.6677
-2.671
-1.7171
1.5286
-1.5888
-1.7293
-1.7737
-1.7104
0.056833
-1.6971
-0.89982
-3.0049
0.67498
-1.1403
-1.0988
-0.44924
0.54633
0.59803
-0.20104
-2.3359
-1.9204
-4.7717
-3.9257
6.1029
4.3109
-2.3057
0.82748
-3.352
-3.1372
-1.2485
3.5049
0.60843
0.60615
1.126
-0.57586
1.4468
0.84509
1.989
-0.13522
1.1164
3.1261
1.5549
-2.7343
-2.486
0.55787
5.2847
2.2074
-0.93746
0.64118
5.0592
2.869
-0.71534
2.3306
3.7384
1.9297
0.031067
1.5667
3.6937
1.9949
0.3413
-1.2791
-0.28433
-0.0052593
-0.72764
-0.4003
0.9958
-1.7163
-3.7061
-0.1707
0.86074
-3.8508
-0.019625
0.14899
-1.7465
0.12793
1.0089
-1.2214
-1.3471
1.6392
-0.84529
-1.5038
1.1299
-0.28594
-2.3763
0.39129
-0.87509
-2.6184
-3.0657
0.79581
2.827
-0.33047
-3.9896
0.34396
1.9702
-2.8979
-1.1136
0.9575
-2.0683
-0.82747
0.070484
-1.0694
0.75949
1.1552
-1.326
-1.1388
-0.68932
-1.3703
-3.2079
0.71916
7.4039
2.287
-5.1547
-5.3194
0.95978
4.6993
0.32247
-2.5063
-0.71753
2.1002
1.1894
0.50856
-1.0178
1.1308
3.4121
-0.11726
-0.93006
1.0331
4.478
-1.0362
-4.6788
0.42002
3.4019
3.9698
-1.264
-0.41667
4.0664
2.2945
-0.8054
2.776
3.7067
2.1478
0.22798
1.1923
2.4608
2.4827
2.4625
0.022321
-0.92528
1.0797
2.8306
0.010932
-1.1566
-0.052638
-1.7003
-0.7648
-2.8446
-0.011729
4.2704
-4.222
-5.4911
2.5918
0.94117
-4.5862
-0.39965
1.2082
-0.70698
-2.5376
0.4378
1.0645
-1.8577
0.40774
0.86654
-4.5027
-1.4154
1.0295
-0.80588
-3.294
-0.49716
0.48309
-0.98035
-2.4916
-1.0428
0.93103
-0.42241
-3.9001
0.65028
-1.5683
-0.9472
1.3421
-0.5231
-2.5535
-1.5623
0.42566
1.1175
-7.0149
-0.23141
8.4083
1.3182
-4.7844
-2.4454
0.2384
-3.9127
-2.4361
2.9099
1.6477
-0.68781
-0.40777
-0.46457
0.37413
1.8536
-0.21933
0.55809
3.3537
3.3153
-1.9909
-3.1484
-0.62593
-0.10497
4.886
3.0281
-0.70655
1.8406
3.827
3.9647
-0.23323
2.3758
3.6666
0.6655
-0.041767
3.69
2.394
0.85764
3.1767
1.6786
-0.76254
1.0378
4.4154
1.5154
-2.2918
-0.11797
1.2317
-2.9091
-1.3958
2.9149
-4.0522
-3.1783
1.7792
0.51361
-2.9908
1.2576
-0.61208
-0.13913
-0.24162
-1.7377
0.14274
0.97254
-0.68683
-1.9473
-1.9925
-3.0387
-1.4415
-1.0611
-0.59566
-0.81994
-2.3827
-1.6066
1.7329
-0.98244
-2.9293
0.90388
-2.5995
-2.3571
1.9052
-2.1781
-1.6767
2.4138
-2.2269
-2.1869
1.2411
-1.0226
-1.013
0.65542
-1.7619
-4.2321
-6.7171
-3.1243
1.5906
-1.6878
0.38734
3.8944
-0.60365
-2.6319
0.80492
2.3788
0.089868
-0.51772
1.4602
1.7138
1.5318
3.134
0.024873
-1.583
-2.7611
2.0894
4.7778
0.8758
-0.24018
1.6252
2.6972
3.2802
-0.14289
1.9053
3.584
1.4178
0.34708
1.8676
2.6631
2.3154
1.0188
-0.96996
0.43391
4.8016
-0.91058
-1.6772
2.6019
-0.33673
-2.4419
-0.60953
1.1268
-1.3882
-3.1346
0.40475
0.32456
-1.0874
0.034924
0.21418
0.0062872
-0.69566
-1.6164
0.10838
0.030735
-0.31991
-0.28848
-1.1316
-3.0665
-0.91318
-1.5555
-1.0886
-0.12213
-1.587
-0.86687
-1.012
0.46189
-0.2965
-3.2781
1.4945
-1.7025
-2.1106
-1.1447
-0.23142
-0.82489
0.11342
0.55423
-2.3435
-1.0501
-3.7032
-3.7456
7.8918
5.0197
-6.5463
-3.2399
4.5407
0.80414
-2.3243
2.6973
0.53841
-2.4903
0.38848
2.3469
-0.90469
-1.1194
1.4073
2.6159
0.062478
1.7848
2.83
0.91856
-2.9003
-3.8534
0.34348
3.8654
2.3815
0.50631
0.25304
2.6232
3.7826
0.76383
1.0992
1.367
2.7698
2.2329
0.50169
-0.94672
1.4777
5.3702
-1.0115
-2.5516
1.2962
-0.25217
-4.0446
1.6886
1.2401
-1.4088
-2.342
-1.1116
-0.015824
-1.1207
-2.7143
0.14989
0.58119
-0.72798
-0.42801
0.14145
1.7063
0.057119
-2.9584
-1.2004
-1.0116
-1.2657
-0.48156
1.0938
-1.947
-3.0858
1.5946
-0.057422
-2.474
-0.015115
1.4784
-2.8402
-1.6534
0.98116
-0.98117
-0.28243
2.6486
-2.168
-2.9665
1.8482
1.6011
-2.006
-2.4529
1.0129
-0.61181
-3.9006
0.15495
5.8943
-0.14347
-5.4105
-0.23453
3.9107
-2.5435
-0.43695
2.5687
-2.068
-1.1871
0.83112
1.3963
0.74268
0.96018
0.29562
2.2804
-0.86399
-2.3437
0.1182
2.0111
1.4294
0.5279
1.0882
2.3852
2.296
0.47538
1.5319
3.4129
1.992
-0.45267
1.2493
2.3704
2.1073
1.9303
1.391
0.045985
-0.21713
1.9724
2.8135
-1.1254
-1.3106
0.23718
-0.00028708
0.36036
-0.48082
-2.7365
-3.5357
3.2331
0.55727
-4.8675
-1.2601
1.2795
-0.070486
0.36906
-2.5756
-1.1574
4.3982
0.054305
-5.7124
-3.9485
-0.27393
0.24435
-3.1286
-0.55092
0.76441
-2.3037
-1.0839
1.1099
-1.3248
-2.6092
2.338
-1.9813
-2.2587
0.82904
-0.34393
-0.58988
0.18036
0.20638
-1.5138
-1.7699
-3.5132
-5.9429
-0.4678
5.7489
1.494
-2.9771
-2.446
-3.5327
-1.4291
-0.23975
0.68177
0.71233
-0.82284
-0.40521
0.17609
0.49228
0.6362
1.4237
1.2304
0.29946
4.0728
-0.92366
-3.5963
-0.79128
1.0171
3.8593
2.3546
-0.69601
1.933
4.8103
1.1881
-0.95887
2.0353
3.33
2.3066
1.4402
0.56342
1.6093
3.0906
1.9591
2.6049
-0.083281
0.45136
4.138
1.8544
-0.38775
0.61961
0.72232
-0.76732
-3.068
0.95699
2.7574
-3.1674
-2.6206
0.75397
-0.67725
-3.7771
0.62748
2.7544
-2.957
-2.2792
2.7597
0.42179
-2.3915
0.89984
-0.15538
-0.96152
0.57592
-1.601
-2.8819
-2.2465
-0.96308
-2.665
0.21938
0.35705
-1.0643
-1.2819
0.53027
-2.8137
0.94822
-0.56376
-1.7866
2.5397
-0.055306
-3.885
1.0671
0.99963
-0.33873
-1.9305
-1.4141
-1.1362
-3.2891
-5.5907
3.3692
8.3544
-2.2025
-3.1908
1.9991
1.5059
-0.73569
-1.0527
-0.72094
-0.98009
2.2009
1.6789
-0.09474
1.4425
3.3886
0.5733
-1.898
-0.57997
4.2696
2.9118
-1.1302
1.1664
4.8453
0.85313
-1.0266
1.6914
3.6251
1.8733
-0.72664
0.90065
3.6908
1.4361
1.2379
0.56069
0.58699
1.243
2.5168
0.56727
-0.061384
0.47133
-1.3789
-2.1747
2.4054
0.28915
-1.8189
-2.0729
0.53128
-0.24561
-4.0188
0.34648
1.1633
-2.3284
-0.90881
1.47
0.21999
0.38303
0.25771
-1.718
-1.9748
-2.6753
-1.877
-1.4045
-1.0247
1.651
0.17665
-3.457
-0.9583
0.58552
-0.21105
0.57663
-2.2919
-0.05636
-0.42804
-0.36192
-1.5068
-0.065155
3.0767
-1.1789
-3.6796
1.5129
0.62127
-0.81774
-0.72821
-2.1725
-2.2282
-5.1381
-4.5015
4.1058
7.3923
-3.0923
-4.982
-6.441
1.8227
3.1422
-2.0084
-2.5689
1.2813
2.4451
-0.96036
-3.6303
1.5754
3.2809
-3.2698
-0.65883
0.4688
2.7557
2.4472
-0.22328
1.3994
3.6116
2.3407
0.02892
2.5358
2.6006
1.2797
1.0301
1.0436
1.7261
1.5841
1.4492
2.4954
0.67549
-0.29984
2.9585
3.6096
-0.76098
0.081352
1.3946
-2.0659
-0.64079
1.0961
0.17038
1.3873
-4.9479
0.18956
0.37408
-1.8041
-0.60962
-0.073148
-1.1952
0.25654
-1.776
0.060358
1.373
-1.8288
1.0304
-1.3027
-3.3924
0.048186
-0.85668
-2.3366
-3.3583
-0.73721
1.994
2.4108
-2.5516
-0.3155
1.7145
-2.939
-1.147
0.21379
0.075114
0.27336
0.25456
-2.9674
0.62645
1.3642
-1.9049
-1.914
0.54308
-0.41843
-5.0113
-5.5397
1.2274
7.968
-1.7598
-7.1165
-2.8757
1.1713
2.0859
-2.1478
-1.6739
-0.24092
0.3038
1.047
-0.86321
-1.3258
1.5439
3.4259
-1.2652
0.31047
3.4878
4.7896
-2.4621
-3.8621
0.92288
3.5922
3.495
-1.1502
0.11705
4.2683
-1.346
0.10542
3.4145
1.1147
0.11709
1.0434
0.902
-1.1168
-0.019949
2.2541
1.1128
-0.71148
-0.47325
1.5862
0.93831
0.35113
-4.6946
1.1221
0.52872
-1.5395
1.6025
-5.1687
-1.9131
4.1898
1.1573
-4.0945
-0.090777
1.8464
0.6821
-1.4426
-1.1144
0.54536
0.19795
0.70458
-1.9894
0.32473
-0.88364
-2.6168
0.019672
0.82979
-1.4246
-1.1244
0.31686
-0.038984
0.50657
-1.9891
-0.040734
1.1643
-1.9754
-0.81556
0.69041
1.297
-0.78478
-3.2932
-0.91735
1.4245
-0.79912
-2.6525
-0.1629
3.1279
-0.26307
-3.1266
1.3572
1.147
-1.9971
0.33919
2.8602
-0.844
-2.5499
0.23048
2.043
-1.5842
-0.71831
1.3336
0.46081
-0.098595
1.6549
1.9967
-0.59518
-0.84784
0.69745
1.1122
1.6012
1.0462
0.30022
1.2308
3.3647
-0.27028
-1.8245
2.7357
2.8223
0.4075
-0.73144
1.72
1.6711
-0.032877
1.5695
-0.3087
-1.1526
1.1248
1.8172
0.45691
-0.44791
-0.45316
-0.76781
-0.55861
-0.8887
-0.16887
-3.9173
0.8598
1.6049
-2.3796
0.58899
1.9211
-1.8048
0.9209
-0.10079
-0.72414
0.55849
-0.17591
-0.66043
1.5024
1.4879
-2.9679
-2.5537
1.2418
0.38101
-3.7506
-0.35177
1.793
-0.80237
-0.66225
-0.33617
-2.1313
1.3995
-2.6163
-2.9274
1.388
-0.5654
1.4558
-1.2373
-5.0524
-1.2411
1.1609
2.0523
-3.1718
-3.1374
-1.2799
0.445
2.9358
4.0364
-6.0343
-4.3
1.8964
4.3416
-1.3037
-0.21729
1.911
-1.7167
-1.6868
0.84252
0.8477
1.9501
1.415
2.1852
-0.35731
-2.096
-0.014354
1.6127
0.72914
0.93354
0.97525
0.23168
0.87035
0.2803
0.71082
0.79254
3.9738
1.3724
-0.86191
1.5345
2.0906
1.1261
1.691
1.3651
-2.264
-0.055825
3.7462
1.2514
-1.6605
0.72013
0.067697
-2.3722
3.5024
-4.483
-2.4422
3.1134
1.01
-5.888
1.0507
2.3341
-2.8775
-1.0983
0.60009
-0.015298
-0.76586
0.92915
0.54381
-4.5992
-1.1494
1.3699
-1.9807
-1.6358
-0.36729
0.84114
-1.2625
-4.4777
2.3554
2.0459
-5.3284
1.969
1.0119
-2.0646
0.10961
0.50346
-1.3251
0.24687
-0.083741
-0.96928
-1.2658
-1.451
-1.5561
-2.2416
-0.47105
-0.35181
-0.55209
-0.38365
0.49681
0.8778
-3.2647
-1.2032
3.2736
1.5307
-2.9754
0.43663
2.0594
-0.97534
-0.54738
1.7906
-0.43631
4.3443
-3.7383
4.4254
3.3865
-6.9609
-3.0094
4.8356
0.39411
1.0954
-0.91252
-2.4297
1.9427
1.5748
-1.9425
1.1521
0.70136
-0.8145
0.50411
0.60833
0.20529
-1.1885
-2.6681
1.4333
0.6489
0.1035
2.3262
2.1749
-3.0794
-1.7765
3.5673
0.12777
-1.7148
1.1872
1.126
-0.57692
-2.0736
0.96006
1.9938
-1.0786
-0.0053809
-0.36137
-1.7525
1.0403
1.1015
0.41501
0.33653
3.5484
-1.106
-0.98572
1.7486
0.44671
-2.0802
0.70171
2.8603
-2.1495
0.32375
1.6686
-0.38415
0.39109
1.1615
0.0016837
-0.12774
0.89195
0.63609
0.010248
-1.3576
0.23805
1.2587
-1.2143
0.37104
-1.6516
-1.2591
2.9879
2.706
-3.2118
-3.58
3.016
1.4945
-1.8476
-1.6291
1.8162
0.12684
-2.6467
0.94788
2.3312
-2.0609
5.5369e-05
4.7825
4.1374
1.1063
-1.6251
-2.5277
2.06
0.63548
-0.73889
1.5362
0.64932
0.21432
-0.18411
0.7001
0.67663
0.39582
1.8248
-0.35979
-2.1161
0.55186
3.4266
-0.26451
-4.5639
0.49576
2.6803
2.5266
-0.3432
0.095494
-2.5946
2.8421
3.7284
-3.2508
1.4138
-2.1059
0.70447
-3.0102
1.4485
3.9032
-2.3826
0.045948
0.89568
0.31866
-0.48844
0.96272
1.2539
-1.7412
-2.1738
-0.44513
0.07889
-2.0351
0.60817
1.0336
-1.5427
-0.50247
1.1175
1.2338
-0.89766
2.7556
-2.3583
0.91631
1.9535
-1.2034
1.3335
2.6092
-2.2499
-2.441
1.9935
0.74621
-2.4387
-2.8453
-3.0198
-3.0177
-6.2067
-6.6608
2.6127
-0.71221
-0.76062
1.0165
-3.2236
-3.4586
1.0474
0.57344
-2.5671
1.1704
1.7144
3.6539
4.357
1.9882
-0.19318
-1.3885
0.080068
1.1416
-0.66666
2.2412
3.063
0.36343
0.78501
-0.89814
-0.28754
-0.25624
1.759
1.0014
-1.0783
-0.19411
1.0333
-0.38378
1.1167
1.0299
-1.8147
-1.7109
3.2505
3.5358
-1.0984
1.3629
2.4482
-1.7854
-2.9446
-0.20449
2.691
-2.5583
-0.36849
1.0722
-0.95081
0.057241
0.80806
1.4677
-1.812
-1.0496
2.8781
-0.76649
-0.74802
-0.024772
-2.3845
-2.1156
0.13703
-3.5223
-2.084
2.4679
1.6352
-1.7927
0.32047
1.0394
-0.47349
3.1159
-2.1207
-0.76111
1.8575
0.43715
-0.076116
3.5358
-0.38935
-3.5458
1.797
1.5874
-2.4453
-0.49712
-2.142
-3.7398
-6.85
-2.4147
8.1763
2.6274
-8.3251
-4.2482
0.44749
0.50922
-3.3897
-1.2745
0.11136
-1.8856
-0.17285
2.5024
-0.99916
1.2084
4.1338
2.2883
-1.3645
-2.4282
0.44881
1.306
3.5382
0.23839
-2.3048
2.576
-3.3723
0.74711
2.222
0.27128
-0.93388
0.86238
0.93685
0.68379
0.12149
1.681
-0.9265
-0.42195
1.5906
3.8001
-0.047697
-0.40773
2.1414
-1.3093
1.725
3.2724
1.7024
-4.6927
0.037608
1.4199
-0.040164
-0.62897
-2.0831
-0.077115
2.0633
-1.241
-0.32948
0.41191
-0.25935
1.9515
-2.5237
-4.8836
1.0804
0.56554
-4.4443
0.15349
3.2225
-3.5298
-0.74557
1.9035
1.1552
-1.5194
2.5928
1.5751
-2.1065
1.9746
0.38507
0.28959
2.6386
-2.3448
-1.3036
2.7904
-1.3263
-1.5871
-2.2068
-1.5371
-5.1881
-5.2724
-0.14503
7.6466
0.13213
-5.8431
-3.256
-0.53355
-1.0571
0.58346
1.2914
-2.7642
-1.1821
0.14471
-1.6797
-1.2174
2.9581
2.0742
-2.6832
-1.954
1.7409
3.8523
2.1259
-1.7544
-1.2213
4.5441
0.5478
-3.3759
0.70838
0.088975
-1.0533
-0.078224
0.73966
-0.1091
1.1822
-0.53167
-1.2861
1.5124
2.9087
1.5434
-1.4805
1.6082
1.5328
-2.8731
3.796
4.9701
-4.4541
-0.30209
1.7997
-0.80637
-3.7767
1.4717
1.3312
-1.5608
0.45713
1.3226
-0.080068
-0.58841
0.67818
0.81935
-0.88699
-3.9441
-4.5123
1.2194
0.24899
-2.5824
1.6197
-3.1952
1.2173
2.8313
-2.2916
3.2649
0.063121
-2.0302
1.545
2.5855
-1.5271
-0.57401
4.5518
0.28464
-3.8615
0.40599
2.5009
-3.0146
-5.5415
-2.9532
-2.9663
-2.6739
4.0328
3.5452
-5.1005
-3.5939
-0.55161
-2.0199
-1.6149
3.1551
-0.45427
-4.0815
-0.4317
1.0121
-1.4046
-1.9158
1.5404
1.4333
0.4754
4.0251
3.5987
-0.14005
-3.6068
1.9203
1.5323
2.3238
1.4945
-1.0714
0.2592
4.5472
-2.2092
-3.1593
1.6799
2.4497
-1.0308
-1.1884
-0.65508
2.5527
0.38244
-1.2477
-0.058316
4.1229
0.37235
-0.053488
1.6815
-2.3719
1.323
5.8356
-1.1614
-3.4321
2.597
1.9103
-5.0782
-1.4816
5.887
-0.42627
-5.1309
1.3324
4.3368
-1.0645
0.037001
0.017997
-1.0177
0.078755
1.1686
-3.1303
-3.966
3.0455
-2.2049
-3.8782
0.44892
3.2831
-2.7787
-0.3517
2.2287
0.86923
-1.2047
4.5687
0.45419
-1.9292
1.6052
1.5113
0.94188
3.5395
-1.0149
-2.9189
3.8754
1.6807
-3.9593
-1.2457
-2.4126
-2.8599
-3.2153
-0.75194
5.4107
-0.26328
-4.8335
-3.6672
-1.775
-2.333
2.306
0.60342
-3.6405
-2.3118
0.85142
-1.1188
-2.1943
0.3841
1.3263
0.26576
-1.4334
0.82317
4.3294
2.9457
-2.1076
-4.9789
0.42777
4.091
2.1609
-1.7631
0.37447
3.8925
-3.0964
-1.4744
2.5896
1.1664
-0.5967
-1.9408
1.0181
1.1729
-0.51692
-0.03443
0.23104
1.365
1.7059
1.3751
0.32922
3.7471
0.96577
-3.8262
1.7464
2.7492
1.0969
2.8434
-2.0414
-1.7842
3.0611
1.459
-0.97162
0.22898
1.013
0.29779
1.335
-1.7348
-0.43818
0.46172
-2.5475
0.49972
-2.0711
-2.0717
0.69885
1.4937
-2.5432
-0.6957
2.0769
0.086242
-0.00168
4.1304
-0.22058
-0.32098
3.121
0.047086
1.532
1.3403
0.35531
1.1696
-0.5628
3.368
-1.3395
-3.8329
-2.6526
0.8451
-3.7207
-4.5885
4.4653
5.2274
-4.9593
-7.0408
-1.9418
-5.0723
0.041993
2.671
-2.7406
-4.2856
2.2237
3.1939
-2.9609
-1.5091
4.9326
2.7711
0.5388
-2.8778
-0.77372
0.70658
2.6113
0.19438
-1.2979
2.7819
1.2285
-4.0828
0.16351
3.4559
-1.616
-1.7621
-0.038665
1.164
-0.0991
-0.7921
-1.1234
0.64456
2.3059
0.74182
0.22189
0.98194
2.0389
-0.81786
1.3847
2.0475
1.1968
-0.76257
0.23267
1.4372
-1.2521
-2.1852
0.32833
4.1306
-1.5428
-0.96249
2.5315
0.6435
-0.20612
0.41851
-0.82086
0.79367
0.1427
1.1404
-5.0502
-1.3971
2.087
2.0186
-3.473
-1.0934
2.6824
2.0314
0.40701
2.6621
-2.3611
1.5677
4.022
-0.64214
0.28401
3.0124
-0.67823
-0.32534
2.62
-1.7468
-2.3398
-1.5448
-1.4578
-3.7357
-4.3813
-1.1903
4.8929
1.4074
-5.5954
-5.943
0.45333
0.98376
-1.7211
0.63907
-0.15169
-3.0648
-1.7011
-2.3759
-0.19237
-0.42319
-1.6983
0.73175
3.674
1.8265
-0.75351
-1.6947
-1.3173
1.0029
2.7701
-1.196
-1.2417
2.1202
0.19369
-1.983
-1.2877
0.15787
-0.31135
0.0071613
0.078685
-1.2348
-0.15612
3.2558
2.012
-0.011162
3.342
0.20632
1.6241
1.8975
0.89449
0.067493
-0.22681
4.2416
-1.4552
0.38395
1.6722
-1.5239
1.0879
1.8549
-1.5443
-1.4879
3.0566
-0.0059866
-1.0605
0.56796
1.6533
1.1297
-1.0725
-4.3744
0.41949
0.42205
-2.0246
-0.79021
-2.4071
0.55022
-0.34926
-0.23574
0.56964
2.6168
1.4464
0.10283
1.0317
0.44821
2.8568
1.7439
0.028025
0.37449
2.8734
-2.1349
-1.2751
-3.5791
0.49175
2.0341
-1.57
-0.17291
0.38305
-0.74242
-0.10287
-0.077852
-1.7626
-0.69367
-0.50344
0.31011
-3.1972
1.2748
1.1019
-1.3475
1.2686
4.0135
2.4385
-0.49
-0.17234
0.71579
0.41361
0.98202
2.4631
-1.7652
0.1671
1.2199
-2.1474
-2.4252
1.8175
1.4386
-2.617
-0.31699
1.4495
-0.30749
-2.0123
-0.11911
0.96038
-1.6827
-1.1368
-2.6703
1.4936
2.6918
1.034
-0.89729
-3.5246
1.3833
3.7064
1.1304
-0.85365
-2.4645
-0.51669
2.712
-0.61371
-2.0359
2.8167
1.762
-2.8199
0.9831
-0.33618
0.63627
-1.439
0.22552
2.5806
-2.8772
-2.431
4.0747
0.62639
-3.8053
1.1692
1.9922
-0.76228
-1.1433
2.1936
-0.092962
-1.8772
2.4837
-0.56518
-1.3524
0.50347
0.72501
-1.454
-1.6481
-1.1557
-2.4805
0.34565
-1.4739
-4.3914
-3.8756
1.5431
-0.044756
-0.3719
-0.36166
-2.4007
0.43411
3.0107
-2.8402
-1.08
1.2388
-0.7342
-1.139
-0.71534
1.1484
-0.56961
-0.2087
6.1573
3.0656
-6.7819
-2.3987
5.0748
0.63437
0.75881
0.72392
-0.6126
-2.1893
-0.84337
2.6344
-1.4952
-1.672
1.2902
0.24209
-1.8801
-0.70715
1.157
0.61606
-2.5495
-1.3526
3.547
2.7277
-1.8347
1.1206
2.9535
-3.191
3.3105
4.836
-2.1885
1.477
0.49955
-2.631
1.9179
0.77359
-0.68393
