0.0068209
-0.023421
0.013305
-0.013664
-0.014956
0.0064027
-0.0014199
-0.022449
0.013443
-0.024162
0.01905
-0.0081967
0.0041133
0.0060284
0.018609
-0.0072918
0.021481
0.023462
-0.024366
0.028879
-0.0020654
-0.0080944
0.019366
-0.018915
0.0025628
-0.0085414
-0.01059
-0.02872
0.031783
-0.022922
0.020802
0.0080486
-0.0088257
-0.0095084
-0.013681
0.018701
-0.010438
0.0087659
-0.012928
0.013059
-0.039809
0.041113
-0.015154
0.030673
-0.027356
0.015281
0.0095143
-0.0044059
0.017677
0.0064294
0.0092094
-0.0019863
-0.0034068
0.006489
-0.021173
0.0082211
-0.0074441
0.013769
-0.020516
-0.0018467
-0.0089075
0.015339
-0.020944
0.0030765
-0.00753
0.012389
-0.0011248
-0.0012452
0.0071945
0.0019799
-0.016585
0.023719
-0.025542
0.01907
-0.01681
0.010389
-0.0032636
0.0037001
-0.0047325
0.01957
0.0044528
-0.0088312
0.01262
0.021213
-0.022181
0.035373
-0.014115
-0.0044171
4.9125e-05
0.012704
0.0022652
-0.005103
-0.012514
0.011509
-0.012429
-0.0019652
-0.013748
0.010406
-0.0074945
-0.01679
0.0075635
-0.018122
5.7618e-05
-0.0067652
-0.018044
0.021794
-0.017305
0.013286
0.0038081
0.0067347
-0.027453
0.024855
0.014762
0.00022845
0.015347
-0.0070156
-0.0048495
0.062104
-0.091618
-0.030496
0.017958
-0.043291
0.0051449
-0.0088497
-0.017068
-0.031687
-0.0059008
-0.0050474
-0.014896
-0.0044344
0.010581
-0.010117
0.016283
-0.0057482
0.0073269
0.002483
0.0047357
-0.028177
0.04203
-0.014523
0.017597
-0.00078114
-0.0030872
-0.0055014
0.033648
-0.013528
0.017121
-0.0060897
0.016025
-0.031783
0.027806
-0.036707
0.03381
-0.010434
-0.012586
0.01338
-0.0021041
-0.019603
0.013744
0.01865
-0.0052732
0.023412
0.0046195
-0.0068872
0.020283
-0.016771
0.022386
-0.010804
0.0059425
0.00044481
0.006744
-0.023726
0.00041519
0.014711
-0.021299
-0.011604
0.0063065
-0.010179
0.0064834
-0.018701
0.015179
0.021531
-0.0069011
0.011756
0.012407
-0.023228
0.0096908
0.012795
-0.0015816
0.0045288
-0.007318
0.0097933
-0.01412
-0.019314
0.02611
-0.0076327
-0.021964
0.021596
-0.052342
0.02941
-0.034093
0.019035
-0.020236
0.014199
-0.056013
0.050612
-0.020104
0.0051484
0.005651
0.0091368
-0.022274
0.026309
-0.020727
-0.0088122
0.0099681
-0.031346
0.019641
0.0022856
-0.0039207
0.013477
0.005124
-0.004399
0.009238
-0.0077441
-0.0028262
0.022413
-0.0026102
-0.0067946
0.021643
-0.010325
-0.01104
0.012263
-0.017948
0.01333
0.00028647
-0.013703
0.01673
-0.0061681
-0.0045487
0.0081954
-0.022541
-0.0019301
0.0092755
0.017583
-0.012792
0.030269
-0.014151
-0.0038786
-0.005748
-0.009992
0.015604
-0.003685
-0.0020703
0.026774
-0.0026108
-0.0045242
0.011594
-0.0022311
-0.0070076
0.025714
-0.013091
-0.0097427
0.010412
-0.026277
-0.0077644
-0.0029561
-0.01813
-0.024
0.0031324
0.00039069
-0.008178
0.00062619
0.0038735
0.0076649
-0.0068422
-0.004636
0.0084694
-0.0053825
0.012693
0.013194
-0.0085995
0.017365
-0.00058087
-0.017079
0.0099205
0.0033836
-0.023461
0.0084707
0.0078822
-0.0099499
0.020581
-0.010659
0.010047
0.011758
-0.012756
0.0046305
-0.0059126
0.00024516
-0.027043
0.037168
-0.021971
-0.0012253
0.0085343
-0.00182
0.0038853
-0.0060729
0.0037457
0.0063771
0.0011977
-0.0052305
0.010495
-0.010793
-0.0070209
0.020146
-0.010695
0.0013829
0.0023248
-0.021338
0.016743
0.0063546
-0.044227
0.067454
-0.04414
0.0040295
-0.0086812
-0.00092353
-0.011977
-0.026268
0.061611
-0.071109
0.042121
-0.038625
0.010522
-0.025812
0.016938
-0.022982
-0.00010165
0.0082796
0.0083085
0.0023556
-0.0016205
0.040763
-0.022276
0.018703
0.013875
-0.012948
-0.008056
0.016852
-0.00323
-0.0029368
-0.00047906
-0.0061326
-0.0044391
-0.0089307
-0.027563
0.0071738
-0.011785
-0.013868
0.011306
-0.0022967
-0.0013139
-1.7662e-05
0.0048113
-0.0027963
0.021219
0.009868
0.010412
0.0094981
0.0083538
0.0016615
0.014538
-0.0047925
0.012344
0.010959
-0.0006374
0.0080298
-0.024123
0.023237
-0.014579
-0.0091413
-0.0030256
-0.0058453
0.0018277
-0.015241
-0.0046039
-0.021301
-0.0092417
0.014708
-0.017205
0.0050817
0.011193
-0.043363
0.033528
-0.0023413
0.0073517
0.005721
-0.0090853
0.010054
-0.027573
0.024873
-0.01232
-0.0035786
-0.010116
-0.013025
-0.0019123
0.0072633
-0.009329
-0.0016149
0.0016034
-0.0070323
-0.0030746
-0.013377
0.0018661
0.01228
-0.0011509
-0.010222
-0.0053646
-0.012313
0.0066999
0.021754
-0.018724
0.033552
-0.0068288
0.0022185
-0.0058281
0.0074078
0.0037615
0.010604
0.010582
-0.0065337
0.010624
0.00096242
-0.0067721
0.021814
-0.028641
-0.0086073
0.0057771
0.012302
-0.021901
0.000289
0.024304
-0.0072881
0.0054935
0.0079748
-0.00091152
-0.00023349
0.019361
-0.013672
0.0014749
0.01305
0.0027599
0.0048209
0.0062076
-0.01684
0.019885
-0.0065168
-0.015119
0.022011
-0.021731
-0.004784
0.0074983
-0.018578
-0.0045133
0.023995
-0.023581
0.0098396
0.017179
-0.041203
0.030458
-0.026761
0.0078051
-0.004588
0.013449
-0.027909
0.0015765
-0.0077141
-0.0287
0.011903
-0.017945
0.016913
0.011021
-0.019857
0.0018834
-0.0039398
-0.0051571
0.014965
-0.011224
-0.0069727
0.018096
-0.0045187
-0.018081
0.02578
-0.0083779
-0.0096495
0.020013
-0.024347
0.010217
0.028238
0.0079644
-0.014624
0.025714
-0.040452
0.030009
-0.012441
0.0015014
0.018024
-0.023309
0.0080953
0.0010948
-0.017331
-0.0043448
-0.012991
-0.0029795
0.0055799
-0.004261
0.0033088
0.0095763
-0.0018007
-0.0099572
0.0035816
-0.0024043
-0.0098122
0.019524
-0.0063706
-0.022412
0.017191
-0.005004
-0.0026741
-0.00088861
-0.014884
0.010175
0.012346
-0.01715
0.0013463
-0.0022841
-0.02588
0.021525
8.0149e-05
-0.01266
0.013268
-0.003584
-0.032951
0.031775
-0.024469
-0.012897
0.019299
-0.028776
0.015379
0.0059992
-0.0041987
0.0006314
0.0064803
0.011999
0.019494
-0.00097342
-0.00048532
0.024126
-0.0071243
-0.0010489
0.020836
-0.010762
-0.015517
0.013348
-0.028264
0.006455
0.017141
-0.0060047
0.00051228
-0.0094385
-0.021931
0.00069303
-0.028493
0.0016959
0.0092045
-0.026356
0.015579
0.0087309
-0.012627
0.0019507
0.017237
0.0022379
0.018055
0.023036
-0.017433
-0.0118
0.031673
-0.014285
-0.014545
-0.0038285
-0.016774
0.013562
-0.053176
0.01182
-0.01405
-0.016349
0.0081388
-0.0059152
0.017198
-0.010175
-0.010816
0.011887
0.0076982
-0.02486
0.0068204
0.0081282
-0.0062159
0.0012235
0.0093473
-0.0041146
0.021038
-0.0062663
-0.00056996
0.005754
-0.01756
0.014878
0.0097895
-0.018111
0.018134
-0.014511
0.0099777
-0.003492
0.0042062
-0.010169
-0.0098598
0.0033963
0.00027902
0.012655
-0.018474
-0.0028295
0.0034388
-0.019677
0.014562
-0.0028866
-0.0031598
-0.0071494
-0.0044719
0.0024264
-0.0071888
0.015285
-0.01691
0.0031685
0.0023062
0.0035204
-0.003573
0.0010063
-0.0061189
-0.0030633
-0.0091507
0.012664
-0.0093771
0.0013178
0.023883
0.0093646
-0.006426
0.0031187
0.003779
-0.0034702
0.022861
-0.020172
0.011049
0.0067474
0.0035996
0.021272
-0.0022975
-0.0093252
-0.006652
-0.0054561
0.0049971
-0.013712
-0.0086331
-0.010514
-0.0076736
0.0057969
0.0016415
0.0025894
0.015692
-0.0067388
0.0085496
-0.0018475
0.021499
-0.015287
0.020021
0.018285
-0.0023069
0.002515
0.050052
-0.031913
0.028268
-0.026363
0.038658
-0.017542
0.017495
-0.0054132
-0.019641
-0.0053682
0.0043101
-0.017363
-0.02182
0.0098351
-0.00038632
-0.0066461
-0.011678
0.0203
-0.020386
0.013941
-0.011053
0.0084305
0.025699
-0.0042663
-0.0013694
0.0071334
0.020111
-0.0071089
0.00078953
0.016024
0.0045205
0.019378
0.00072537
-0.0012773
0.0015915
-0.011852
-0.012451
-0.018702
-0.0075802
0.0026728
-0.019687
0.007666
-0.0092548
0.012255
-0.0034614
-0.00035553
0.02237
-0.0097698
0.0016815
0.01449
0.019824
0.0095629
-0.0067119
-0.0034474
0.030296
-0.023504
0.016275
-0.024249
-0.01667
0.02095
0.013506
-3.8044e-06
0.018621
-0.0041297
0.026151
0.035582
-0.040922
0.0099765
-0.023523
-0.006437
-0.003682
-0.043647
-0.029617
-0.0017258
0.023097
-0.023216
-0.011657
0.052593
-0.0366
-0.018497
0.039236
-0.0090417
0.0055888
0.0070489
-0.013976
0.028863
-0.011634
0.016482
-0.012014
-0.0063304
0.01255
-0.0038363
-0.02106
-0.00071241
-0.0076443
-0.042693
0.01658
-0.0089297
-0.028644
0.016366
-0.011902
-0.0069499
0.0044485
0.0038921
-0.020767
0.029687
-0.017166
0.026157
-0.0089902
-0.016351
0.023254
-0.026488
-0.020455
0.035131
-0.032871
-0.0029083
0.010062
0.0067226
-0.024994
0.027412
0.0058343
-0.0057536
0.011251
-0.014282
0.011007
0.0049296
-6.4899e-05
-0.011096
0.011102
-0.049415
0.051769
-0.060229
-0.028235
0.038748
-0.031258
0.049386
-0.030774
-0.094008
-0.074739
0.22569
-0.3352
0.21481
0.098583
-0.12942
0.14503
-0.089342
0.037286
0.026102
-0.11689
0.19311
-0.095731
-0.00662
0.074897
-0.058368
-0.004557
0.14611
-0.059333
-0.044602
-0.0020172
0.028989
0.071004
-0.018528
0.033591
0.063268
-0.04493
0.033983
0.013954
0.0038159
0.058149
-0.076427
-0.010553
0.097852
-0.17186
0.16142
-0.069621
-0.1356
0.2161
-0.1098
-0.062458
0.12254
-0.011669
-0.0022088
-0.020039
-0.015757
0.061249
-0.042296
-0.060235
0.041922
-0.029115
-0.079356
0.0966
-0.013285
-0.012388
-0.0029358
0.014811
0.021475
0.034846
0.024811
0.030868
0.022778
0.033663
0.0072055
0.011483
0.0042807
-0.0037207
-0.05532
-0.017081
0.0064581
-0.012954
-0.062155
-0.043915
-0.0070583
-0.0093547
-0.023787
-0.070081
-0.0087297
0.040921
-0.018119
-0.02867
-0.0047828
0.047338
-0.010851
0.00032924
0.0061667
0.05966
-0.011539
0.024606
0.0016564
0.0063377
0.023317
0.022397
-0.0024736
-0.021838
0.05466
-0.022994
-0.042556
0.00085823
0.009152
-0.022909
0.011231
-0.025144
-0.058065
0.044901
-0.013687
-0.006706
0.012267
-0.012793
0.036861
-0.0059295
0.0065037
0.041313
0.01462
0.021471
0.016209
-0.0024289
0.010162
-0.022908
0.023758
-0.03882
-0.008246
0.017557
-0.052021
-0.025313
0.011143
-0.014807
-0.037014
-0.01591
-0.0012386
0.032443
0.013908
-0.093502
0.030696
0.07482
-0.016261
0.013784
0.0011749
-0.0069645
0.018133
0.041402
-0.028784
0.0041544
0.027963
-0.032919
-0.0033197
-0.084527
0.037411
-0.03213
-0.099468
-0.028532
0.010955
0.011239
-0.13726
0.019217
-0.02169
-0.048127
0.060051
-0.010205
0.053924
0.060617
0.054662
0.0043559
0.10889
0.13714
-0.044615
0.10483
0.041231
-0.025959
0.031899
-0.13392
-0.093862
-0.11788
-0.10325
-0.063149
-0.063957
-0.026831
0.011435
0.025435
0.06561
0.1017
0.082746
0.11066
0.093488
0.098523
0.072857
0.02216
0.043152
-0.0094786
-0.045364
-0.059308
-0.046315
-0.11859
-0.082287
-0.11284
-0.081862
-0.09265
-0.080411
-0.057125
-0.043212
-0.03906
0.013693
0.021597
-0.0041481
0.071966
0.058229
0.069211
0.078974
0.075575
0.031085
-0.023916
-0.021197
-0.030578
-0.058171
-0.06028
-0.066866
-0.097169
-0.066787
-0.0793
-0.062099
-0.038662
-0.039233
0.01634
0.0091619
0.022969
0.028293
0.038135
0.020118
0.04378
0.051352
0.0099721
0.054556
0.0048982
0.0031335
0.035408
-0.0035775
-0.026327
0.00072713
-0.047844
-0.049013
-0.035119
-0.11213
-0.031179
-0.11265
-0.024178
-0.067716
-0.063394
-0.048288
-0.043709
-0.012206
0.057407
0.056929
0.057147
0.096136
0.058153
0.072492
0.054226
0.0074025
0.046719
0.017094
-0.019257
-0.052215
0.11684
-0.05842
-0.093517
0.47515
-0.9008
0.88677
0.84998
-1.8312
0.75763
0.26939
-0.73915
-0.14187
0.81001
-0.6446
-0.7797
1.3267
-0.50536
-0.10578
0.64248
-0.43813
1.4997
-0.62134
-0.13844
2.0654
0.84972
-2.0297
2.778
1.8966
-1.0638
-1.8591
1.1212
1.7077
-0.16316
0.52978
0.80451
-0.95143
-3.07
-0.81056
1.7539
0.63582
-3.2228
-1.4535
3.4115
-0.56271
-2.9406
1.1544
1.9463
-1.426
-0.27045
-0.25651
-2.6123
-0.53256
0.17168
-3.1787
2.1635
3.8886
-4.2596
-3.7995
2.1325
1.3525
-1.4528
0.47701
-0.86186
-3.0483
-1.5187
-0.90473
0.91719
0.88048
-1.572
0.25879
-2.7143
0.66193
-1.3841
-0.70204
0.76275
-0.77812
0.865
-1.1035
-1.2878
2.4518
1.8749
-2.0319
-1.1973
1.8048
0.87662
-1.1143
-1.2959
1.7828
0.068413
-1.2359
1.1979
-0.27359
-2.1573
0.093555
-0.24403
-0.67047
-1.2223
-0.5454
1.407
-1.9332
-1.1001
-2.7857
1.1259
0.81857
-2.4364
2.4766
1.2468
-2.4211
1.8631
1.4779
0.16997
-1.0042
1.8344
2.1519
-1.545
0.66605
0.51738
-1.4
1.8484
0.90935
-0.88655
-0.77059
-2.1064
2.874
2.139
-3.7391
-0.19717
2.4969
-1.9528
0.679
0.84755
-1.7283
-1.4767
0.58443
0.59024
-1.8207
0.39171
1.6646
0.38282
-1.1
-1.7388
0.18928
1.8522
1.406
-3.6181
-1.0429
1.9729
2.0357
-0.95647
-1.1248
2.0684
1.3687
-0.80196
-0.10122
1.6525
0.5741
0.59838
-1.1528
-1.9653
0.23954
1.5407
0.86859
0.20162
-3.6872
1.0688
4.3188
-0.88672
-2.0935
0.19108
0.37076
-1.5366
-2.5809
1.117
0.095319
-2.7329
0.33828
1.5248
-2.0362
-1.1517
1.2333
-0.34036
-1.3995
0.2212
2.5639
-0.34617
-5.1817
0.79959
-0.21109
3.5684
-1.3563
-4.0038
1.9157
1.9102
-0.97536
-0.83985
0.81569
0.047036
-1.6704
1.6891
-0.58015
-0.18186
0.83156
-1.1843
-1.7546
-0.71171
-0.74075
0.94147
-0.3782
-3.8782
-0.98635
4.4568
0.90926
-4.76
-0.10288
-0.69951
-2.1747
1.1522
2.1521
-2.3187
-2.0202
0.92459
0.83888
1.0877
-1.7832
-0.73464
2.9092
2.7244
-1.6983
-3.5978
1.3651
1.8068
2.7165
2.0768
-0.67807
0.98337
4.5178
0.75176
-1.7349
1.486
1.5595
-0.80632
0.81682
1.9308
0.66338
-2.0044
-1.1468
1.4777
1.3608
-0.20761
-0.61996
-2.2211
2.3198
2.0721
-0.88071
-3.0139
1.4328
2.5152
-3.727
-2.422
3.0359
0.2667
-3.8969
0.050152
3.7276
-2.1893
-1.6221
0.68621
-0.3685
-2.3856
-2.7203
-0.0038472
0.094015
-3.4122
-0.34949
2.0886
0.30063
-3.3289
-0.2759
2.9379
0.38207
-2.8782
1.3317
0.16228
-0.95151
-0.7456
0.79555
1.7395
-2.879
-1.8265
1.415
-1.4736
-1.6851
0.80005
6.9463
-0.89311
-4.3488
-1.4453
0.26345
-2.1246
3.2289
1.4828
-4.3066
-0.62963
3.9621
-1.1013
-3.375
1.879
3.6445
-2.0971
-0.74208
3.1368
3.7289
0.80075
-2.8245
-0.20214
1.9441
4.4121
1.4205
-0.64597
1.0905
2.3987
2.0468
-1.0076
1.0744
1.3152
2.6287
0.20211
-3.1522
-1.0741
3.6193
2.2482
-0.76923
-2.3851
-0.5666
4.6297
-0.15952
-2.795
1.5122
0.66442
-3.4579
0.88176
1.563
-3.9718
0.80521
1.1367
-2.1616
-0.59866
0.27358
-0.063674
-1.8718
0.48675
1.0884
-1.6121
-0.052661
2.0186
-1.7687
-2.9363
-1.6933
-0.48122
-2.6196
-0.67245
0.13738
-1.0168
-0.25687
-2.5786
0.60743
-0.90246
-0.77047
0.78198
0.24658
-3.8101
-1.7682
3.2084
-1.3252
-4.8996
-1.5829
-0.5068
-3.7208
-2.6521
2.8829
-0.8512
-0.019577
-1.5953
-0.71609
3.0217
-1.1979
-1.0265
2.3366
-0.044514
-0.5302
1.3523
3.0945
3.3143
1.8845
-2.8467
-2.4122
1.2519
4.3429
1.8883
-0.75374
0.1797
2.7548
0.38297
2.6237
3.0175
-0.27084
-0.95238
0.94263
1.3187
1.5574
0.6095
0.035806
-0.21415
-0.40199
1.7731
0.87492
0.63651
-2.1978
2.2418
0.73726
-0.11597
-3.0209
0.60746
1.58
-3.6354
-0.53715
2.6139
-1.0166
-2.4469
1.085
0.5092
-2.12
0.37091
1.3903
-1.3609
-0.98534
2.4036
0.086331
-3.3052
-1.9088
0.39392
-1.5497
-1.176
2.2064
0.5304
-3.9178
-0.33026
0.47246
-1.5747
-1.819
1.2868
-2.2701
-0.23885
-2.943
-1.548
1.5134
-2.2537
-3.1663
-0.45914
-3.5054
-2.7051
1.6653
3.0359
-0.77555
-3.2326
-0.59179
2.4843
-2.0908
1.9446
3.0784
-2.0242
-3.092
3.3171
2.4324
-2.098
-0.3565
3.0482
2.3976
-1.6462
0.1948
5.2526
3.2019
-1.1011
-3.1576
1.0285
4.2317
2.0041
-1.841
-0.25402
3.0023
1.7733
0.15373
-0.78074
-0.76107
0.57508
2.9162
0.46182
-4.4647
-1.0829
4.1514
2.0407
-1.0774
-1.3684
3.1976
-0.070193
-2.3721
0.98255
1.7152
-4.1477
1.0355
1.796
-2.5903
-0.26449
1.9786
-0.35864
-1.8629
0.37707
1.6633
0.12561
-0.61791
-0.09806
0.57817
1.928
0.015498
-1.6752
-1.016
1.3198
0.2739
-2.9808
0.77063
1.2631
-2.634
0.02292
-0.83603
1.6243
-1.6774
-1.796
1.7876
-0.94327
-1.4495
0.46712
-1.5287
-2.0652
0.76192
-0.86479
1.3533
-1.546
-0.97285
-0.67655
1.5059
2.9148
-4.0463
-1.212
2.7668
2.0207
-2.2503
0.16534
0.29878
-0.79563
1.1555
-3.2177
4.354
3.4094
1.0894
1.2701
4.4037
3.5714
-1.8995
-3.2411
2.9531
3.8645
-0.73551
-0.15478
2.0386
-2.5351
-0.73439
3.0157
0.6591
-2.4998
-1.1718
0.19844
0.24804
-1.5413
1.0442
-1.2529
-3.6216
-0.11203
1.4797
0.47772
-1.9396
-0.24025
-1.4948
0.42962
1.3093
-2.9792
-0.98587
1.4648
-0.47605
-0.45139
0.68412
-1.1828
-1.7748
1.2644
-0.069643
-2.3102
-1.5149
5.2134
-0.30884
-4.7852
1.6453
1.5945
-2.1825
0.48976
0.78087
1.1681
-0.50563
-5.2501
0.38009
2.0728
-0.15295
-2.3474
-0.33025
1.0884
-1.9072
-0.68936
2.1269
-1.3364
-1.7054
0.16915
-1.7143
-3.1133
1.0569
2.8701
-0.11437
-3.9613
-0.10808
5.2182
0.061505
-3.3133
1.7348
3.2329
-1.2685
1.3793
0.53839
1.3222
2.3644
-1.3504
-0.69618
-0.96655
3.7011
2.063
-0.48563
2.6333
2.203
2.451
1.7425
1.586
1.0224
2.3534
-0.15304
4.2202
1.3188
-4.4468
1.4831
-3.5133
-1.8533
2.0715
-0.11128
-1.4382
2.1794
0.99583
-4.5705
-1.7503
1.5051
1.5859
1.3503
-0.58548
-0.93738
0.21961
0.76721
-1.3958
-0.59187
2.2784
-2.102
-2.7317
2.1359
-1.1804
-1.1639
0.64066
0.84618
-1.1654
-0.16666
-2.6707
-0.2369
4.9523
-3.5704
-4.2624
4.4331
-0.083471
-1.8736
-0.7647
-1.5903
-0.66176
-2.3126
-0.56904
0.67723
-1.3005
0.099598
-1.7183
-0.38252
0.036624
0.33678
-0.13744
0.0052865
-1.1654
-0.18296
0.74302
0.88127
1.9635
0.99095
-0.58494
-0.61322
1.5004
1.8617
1.1022
-0.28603
1.567
-0.29888
1.5682
1.7798
-0.66734
1.1077
2.67
-0.41971
-0.75042
2.8423
-2.584
-0.32252
5.6085
1.801
1.2246
3.6616
2.147
-1.1683
0.18933
2.5924
2.1564
1.6073
-0.38774
0.01566
-0.33514
-1.2402
-0.6165
0.24786
-1.533
-1.1153
0.35161
0.75944
-2.7513
-2.99
0.75887
1.5545
-0.68279
0.58351
-3.0353
0.35366
2.1647
-2.848
-0.49974
0.6148
-2.2293
0.010201
-0.39022
-2.0801
-0.37323
1.2693
0.096367
-1.6575
-0.25236
0.16051
-2.4156
1.5493
0.28978
-4.0822
3.7199
0.86914
-5.5378
0.7979
2.5785
-1.325
0.036881
0.85999
-1.2681
-1.5334
-3.8092
0.76897
0.60055
-2.3291
2.148
-1.8649
-2.9511
2.3985
-0.33666
-2.9725
0.026259
1.5345
-1.1506
-4.2231
0.6505
2.022
1.5313
0.32788
-1.0108
-1.4735
3.883
2.2085
-1.8113
3.4182
0.94582
-1.3463
0.16964
4.0815
-0.38838
-0.070841
1.2803
-2.5007
-1.9196
2.0434
1.1679
2.433
-0.26807
1.5366
6.0357
2.7112
-1.5033
-4.2425
-0.054529
4.6604
-0.17664
-3.183
0.42965
0.94282
-2.1364
-0.70896
0.42534
-1.9681
-0.80363
2.6526
-3.3892
-3.1898
0.98507
-0.26906
-0.45501
0.53905
2.3867
-0.24857
-4.3863
1.0643
0.94566
-2.0442
0.46567
-0.31503
-2.9374
0.41609
-0.6719
-0.87377
0.15793
0.65409
-2.8253
-0.37064
2.6096
-2.0465
-2.6866
1.4891
1.0059
-0.13488
-0.72604
-2.4252
1.4784
-0.23545
-4.0655
1.1574
0.63923
-1.8761
0.18281
-1.2958
-0.28834
0.67759
-0.62346
-0.057601
-1.2094
1.3859
0.36402
-0.66699
0.24748
2.8942
0.9754
-0.46516
1.0082
0.10004
0.15987
3.6436
3.5966
0.69771
-1.3772
-2.1927
1.1833
3.2672
1.7124
-1.102
0.57322
2.3875
-0.46362
0.72886
0.30404
5.5903
2.4146
-2.2878
-2.9802
2.3868
7.0143
0.39117
-3.4334
-0.55347
3.5929
-0.68798
-1.1561
0.56932
-1.2841
-1.2805
0.092097
-0.39773
-1.8638
-1.5109
1.2344
-0.14441
-2.9465
-1.4094
1.031
0.21075
-1.869
-1.0565
-1.9345
2.8511
0.74734
-2.3262
-0.88172
-0.063043
1.3813
-1.4854
-1.7753
-0.51559
-0.77701
2.053
-1.9058
-2.0513
3.9925
-1.7432
-4.3553
3.2098
3.1932
-2.6029
0.60425
0.92366
-0.17479
0.93306
-2.9562
1.0361
2.3204
-1.1723
-0.20505
-0.21734
0.31664
0.033474
0.18669
1.0465
1.6351
0.33438
-0.92288
-2.1723
2.0145
2.4717
-0.3504
-0.68248
3.8957
-0.18791
-1.117
2.6725
-2.3827
-0.053194
4.4901
0.86692
-0.80253
0.51936
0.18307
0.22488
2.6946
1.0009
-1.153
-0.074602
5.6787
4.3233
1.8066
-1.1202
0.1565
2.6211
3.4521
2.6548
-0.88651
-2.5287
3.323
1.508
-2.7446
0.077889
-0.36631
-1.8335
0.39709
-1.5279
-2.3752
-0.49888
0.80165
-0.7449
-2.7104
-3.1517
-0.41502
1.0183
2.0032
-0.17371
-2.6569
-2.4852
1.022
2.2261
-2.4311
-3.1365
1.1469
-0.13408
-3.0319
-2.14
0.81069
-1.081
-0.62246
1.3667
-1.1551
-5.872
1.9837
2.6306
-5.7695
-0.14552
4.518
-3.2719
-3.655
1.6784
2.7621
-3.0074
-3.6436
1.8117
0.019474
0.24865
-0.07201
-1.4735
1.0497
0.91719
0.16255
0.69751
1.1491
-0.076889
0.46042
1.5533
2.842
0.60283
-0.20496
1.7034
1.6086
1.1206
-0.50823
-0.67308
2.3358
2.0182
-1.3955
1.5013
-0.04364
1.0335
0.85897
-0.23349
0.88448
2.7657
4.0499
-1.2367
0.23571
6.2672
1.0779
-4.5051
0.27181
2.9803
-0.19367
2.1199
3.7444
0.5898
-1.93
0.34421
1.3148
2.6696
0.56181
-1.1927
0.14661
1.8458
1.3762
-1.8887
1.3269
1.0422
-1.9523
-2.1037
-0.3208
1.1279
1.0531
0.16163
-3.7899
-5.9578
2.6784
4.5378
-0.95952
-3.8619
-2.2081
1.7905
-1.5374
-2.0704
-0.72032
0.027832
-1.4149
-1.0773
-2.0134
-1.3878
0.63855
-1.2497
-0.84895
-1.0865
0.45332
-0.1843
-1.1715
-1.6878
-0.086508
-0.097782
-0.51691
1.6269
0.48796
-1.6243
0.84035
0.14979
-0.91474
2.0053
-1.7243
2.4698
-0.39262
-2.9261
1.3593
2.1089
-4.4916
-2.4776
0.63655
-2.4436
-7.6885
-3.2507
1.9992
4.1437
-0.26692
-4.0127
-5.5998
-1.2724
1.6492
-1.179
-2.2043
0.93459
0.55264
-1.3257
-1.8123
0.37168
2.0613
0.080477
-5.0733
1.7329
2.6624
2.1705
0.53539
0.50362
0.41276
1.847
3.3113
1.3783
0.064563
2.1985
-0.58534
0.95316
3.5665
0.3199
0.17827
0.94644
0.84493
0.53319
0.38369
0.98765
1.0471
-0.15754
-1.687
1.4298
3.2896
-0.23303
-5.5642
-0.2466
5.8247
-1.8505
-4.9291
1.4727
0.9926
-2.4878
-0.68314
1.2586
-0.75492
-1.0157
0.03692
0.094228
-3.4547
-0.27561
-0.22039
-0.23332
-2.2434
0.30043
-1.0318
-2.4836
1.927
0.39007
-1.7944
0.3415
1.9875
-1.1525
0.34141
1.42
-1.1813
2.0338
1.5265
1.516
1.3499
-1.7661
-0.843
-0.32115
0.1111
-4.6604
-0.22708
4.0379
3.6033
-4.3655
-3.7879
-0.68366
0.98418
2.335
0.40429
-2.1156
-0.96869
0.90623
0.47966
-1.9169
-0.09052
1.2228
1.8265
0.38031
-3.2176
-0.58313
2.0967
2.0815
-0.32018
0.66354
-1.4776
-0.42726
4.9128
2.362
-0.92978
-0.92352
1.0949
3.202
0.99143
-1.8472
2.0124
1.5448
-3.3954
-2.2864
3.6872
2.6877
-0.57017
-3.9941
-1.6797
5.2484
3.9901
-7.5048
-0.13902
4.4688
-2.6322
-2.1709
-1.3847
0.51739
1.6368
-2.4509
-0.60233
1.7262
-2.3327
-0.64394
0.99637
-0.63621
-1.484
0.71148
0.60733
-2.0331
1.5988
1.3131
-2.7176
-1.5465
-0.69136
0.34824
0.61977
-2.1466
1.5738
-1.6179
-1.4102
3.1885
-1.0966
-1.2084
1.1667
-1.1283
-0.27392
0.69846
-1.0484
-2.0655
-1.8409
-1.6086
-6.4859
-2.8933
7.7748
4.1822
-4.7484
-4.298
0.71038
-1.8182
-2.917
2.0102
2.6583
-1.3821
-2.7157
0.14672
0.6562
-0.60621
1.7002
-2.1473
-3.5566
0.51977
4.295
3.6228
-0.41267
-1.29
3.4308
3.2084
-1.863
2.8937
2.0561
-0.076961
0.46186
1.6969
1.872
0.28408
1.3902
2.915
-1.1834
-1.7038
3.4201
3.8372
-0.82919
-1.0423
2.5595
-0.72455
-3.3627
4.3237
2.4245
-2.7121
-4.0341
1.4899
1.5875
-3.0754
-1.4646
0.63722
0.97453
-0.60908
-0.69889
-0.95027
1.6946
-1.5625
-0.99684
1.0682
-2.0845
-0.33163
-0.49069
-3.4804
-0.86662
-1.1987
-3.1437
3.0705
0.54195
-2.6121
2.5897
-1.3861
1.5615
-0.33962
0.031812
0.88871
-1.4986
-0.03989
1.1426
-2.567
-1.0413
-0.37398
-1.6317
-5.5214
-3.7913
3.7152
4.5449
-2.9042
-2.7649
-2.0003
-1.1171
0.67478
1.7552
-1.5296
-1.9569
1.8944
0.094848
-2.8777
1.5853
2.0017
-0.19068
1.0985
2.1725
2.2512
2.7177
-2.4715
-1.9148
2.2572
3.8377
2.388
-0.65767
0.71884
4.2398
0.39524
-1.4271
0.86011
5.0586
0.80011
1.205
1.4618
0.49545
-0.66047
-0.39038
3.4581
0.89416
-0.042433
0.49557
-1.5141
1.0529
2.8802
-2.3821
-2.7306
-0.393
3.6516
-3.2584
-5.2327
2.5656
1.2762
-3.1628
-0.61756
1.1475
-1.0968
-0.14364
-1.4204
-1.186
0.38915
0.33754
-0.60581
-2.772
-3.0897
-0.26255
-2.1898
-2.5928
1.34
0.74702
-1.9685
-2.1972
-0.39766
0.24488
-0.22023
0.25288
-2.1291
2.1619
-0.42521
-0.65363
0.56481
-0.36881
-0.22322
-0.97298
-3.0624
-2.0816
-5.793
-4.9301
5.3339
4.4436
-3.1468
0.031369
-3.0832
-4.1746
-1.5725
2.8414
0.47981
0.082106
0.074693
-1.3469
0.95477
0.30941
1.725
-0.19607
1.7534
4.4227
1.4607
-3.0372
-1.9649
0.82789
4.8417
2.6017
-1.3358
-0.031426
4.8757
2.0843
-1.789
1.1966
3.0099
1.1202
-0.51355
0.51136
2.9995
1.1926
-0.16208
-0.13775
0.12293
0.87639
-0.24949
0.86876
1.6894
-0.39812
-3.3537
0.51463
1.9169
-3.8021
0.31181
0.6165
-1.8691
0.56581
1.281
-0.91914
-1.4023
1.9782
-0.18302
-1.7544
0.094017
-0.48803
-3.1236
0.52025
0.59565
-3.0747
-3.5257
0.054714
4.1993
-1.0077
-3.7871
1.0176
2.5661
-1.7872
0.14436
2.6504
-1.0987
-0.12465
1.0249
-0.70887
1.8362
1.895
-2.0463
-1.6907
-1.1721
-1.8661
-4.2428
-0.11467
7.4207
0.95826
-5.1441
-6.0571
0.2457
4.2959
-0.063938
-2.7721
-1.1569
1.4759
0.58477
0.034756
-1.6353
0.73312
3.2168
-0.38074
-0.81399
2.4324
4.7947
-0.85252
-4.313
0.71641
3.299
3.741
-0.74925
-1.0069
3.8273
1.7678
-2.0625
1.6014
3.1699
1.5493
-0.74133
0.29639
1.7036
1.6213
1.8495
-0.49879
-1.1971
1.1717
3.4343
0.41171
-0.82341
1.5757
-0.89906
-0.5292
-2.0801
-0.46064
5.011
-3.5333
-5.1659
3.3463
1.612
-4.2833
-0.38007
2.0949
-0.16625
-2.9301
1.0665
1.0572
-2.7265
-0.23175
1.0486
-4.4906
-0.4816
0.97115
-0.97804
-2.8275
0.36227
1.7834
-1.8177
-1.7552
-0.14525
1.1467
1.6282
-3.1307
1.5181
-0.78004
-0.73784
2.0401
0.61914
-1.7448
-1.4278
1.4663
0.34957
-7.059
-1.6462
8.3612
1.5539
-6.0304
-2.3958
-0.20978
-4.0959
-2.8034
2.3699
1.2097
-1.2124
-0.97098
-1.4122
-0.016421
1.5819
-0.26836
0.83966
4.803
3.9854
-2.1115
-2.6496
0.16523
-0.070294
4.7706
3.219
-0.97302
1.0238
3.6163
3.7445
-1.7864
1.3379
3.0484
0.002826
-0.71103
3.1384
1.7908
0.25208
2.4871
0.63497
-1.0071
1.0505
5.1146
2.2234
-1.8216
0.3371
2.0126
-2.4602
-0.38467
3.9935
-4.0637
-3.3609
2.1683
0.73259
-2.6999
1.5325
-0.31262
-0.2108
0.62226
-1.9347
0.17046
1.329
-1.1528
-1.971
-1.6423
-1.9369
-1.1084
-1.0779
-0.0014534
0.67736
-3.3401
-1.0762
2.3411
0.14181
-2.0863
2.2442
-2.0204
-1.3835
2.5217
-1.8255
-0.98859
3.3187
-1.4822
-1.6351
0.96727
-1.7213
-1.4689
0.063837
-1.9148
-4.9602
-6.5834
-3.5631
1.4348
-2.2574
-0.25993
3.2152
-0.8503
-3.3552
0.5388
1.6664
-0.43133
-0.53409
1.0692
1.1932
2.403
3.9803
0.54062
-1.0857
-2.0199
1.9664
4.8057
0.98778
-0.8485
0.92249
2.0945
2.7735
-1.1373
0.96527
2.8329
0.59852
-0.60903
1.1584
2.0582
1.7074
0.38081
-1.1843
0.33086
4.7528
0.1253
-1.189
3.2013
0.53059
-1.8515
-0.098394
1.3777
-0.72525
-3.2158
0.92759
0.77606
-0.80576
0.26534
0.69852
0.25285
-0.2794
-0.95192
0.26522
0.22897
-0.83804
-0.28206
-0.53784
-2.9036
-0.0072081
-1.6698
-1.3168
0.60989
-0.4273
-1.4795
-0.46041
0.56661
0.36847
-2.238
2.1996
-0.55774
-1.3002
-0.88255
0.45696
-1.3018
0.32622
-0.062724
-3.1554
-1.4988
-4.364
-4.6454
7.0704
4.7479
-6.766
-3.537
3.9234
0.55302
-2.7511
2.2002
0.35712
-3.0413
-0.32353
1.9077
-1.4549
-1.525
1.4464
2.4621
0.047343
3.277
3.5697
1.5824
-2.6358
-3.4477
0.9485
4.055
2.7575
0.39904
-0.35307
2.1257
3.2078
0.16321
0.092123
0.58208
2.1905
1.6077
-0.24637
-0.82488
1.0146
5.7195
0.29502
-2.4107
1.7225
0.65945
-3.4381
2.7111
2.3849
-1.0349
-2.2484
-1.0053
0.57272
-0.57352
-2.2275
0.33795
1.1997
-0.55936
-0.4069
0.46065
1.1413
0.14764
-2.2641
-1.3071
-0.92753
-1.2946
-0.4437
1.5479
-1.9693
-2.7746
2.0188
0.40096
-2.0186
0.92808
2.4595
-1.5738
-1.1543
1.5241
-0.44624
0.21553
3.3912
-1.526
-3.1442
1.5445
1.9138
-2.581
-3.032
0.63654
-1.169
-4.2926
-0.57131
5.3641
-0.97407
-5.3588
-0.69808
3.703
-2.8785
-0.98674
2.2662
-1.9863
-1.6592
0.66267
1.0351
0.66301
1.2712
0.75119
3.1737
-0.62204
-1.8415
0.58377
2.0352
1.6177
0.3148
0.90759
2.3312
1.2701
-0.18527
0.81043
2.7335
1.5363
-1.0638
0.62492
1.6242
1.6475
1.2359
0.82261
-0.64118
-0.025446
1.7726
2.9833
-0.73009
-0.67104
0.59084
0.67425
1.5744
0.19723
-2.6629
-3.3553
3.2907
1.2358
-4.513
-0.86503
1.621
0.40593
0.67266
-2.419
-1.2887
3.6889
-0.021501
-5.7593
-3.753
-0.15534
0.45325
-3.5184
0.025369
1.5685
-2.6944
-0.75187
1.744
-0.54974
-2.1804
3.2411
-1.3478
-1.6056
1.2353
0.4655
0.27003
0.85303
-0.42151
-2.2851
-2.2413
-3.9516
-5.8582
-1.4818
5.5833
1.4561
-3.5163
-2.971
-3.763
-1.5692
-0.78402
0.56667
0.42577
-1.1694
-0.83521
-0.45356
0.12239
0.11441
1.6975
1.0763
1.2384
4.3901
-0.60737
-2.9802
-0.0066377
1.1586
3.8533
2.4384
-0.75104
1.3555
4.7632
0.96196
-1.981
1.0064
3.0187
1.6724
0.84135
0.059972
1.0746
2.4676
1.5393
2.0433
-0.66231
0.12358
4.3194
2.5734
-0.18809
1.1017
1.1715
-0.030257
-2.5475
1.5207
3.4141
-2.9006
-2.288
1.2147
-0.093895
-3.7861
0.63553
3.1467
-2.7793
-2.4301
3.175
0.55188
-2.4287
1.4483
-0.6534
-1.2646
0.74084
-1.6748
-2.8493
-1.8096
-0.78214
-2.0712
0.65985
0.51402
-0.020547
-0.52123
1.5825
-2.3521
1.5757
-0.015044
-1.3062
3.1917
0.44971
-3.1591
1.1917
0.98145
-0.69631
-2.6136
-1.5452
-1.3053
-3.7284
-5.5231
2.46
8.1685
-2.8055
-3.5255
1.4518
1.5637
-1.0856
-1.4008
-0.74761
-1.5237
2.387
1.2901
0.080509
1.7392
4.1814
0.69523
-1.501
-0.42802
3.9919
3.0721
-1.2008
0.79235
4.5016
0.35908
-1.3683
1.0083
3.2281
1.5315
-1.3698
0.37658
3.2525
0.98266
0.85034
0.075508
0.35876
1.1273
2.8104
1.2196
0.17273
0.94408
-0.96735
-1.8889
3.1789
0.92386
-1.5365
-1.9024
0.77308
0.080191
-3.6023
0.4932
1.5708
-2.2249
-0.67289
1.7113
0.096595
-0.22356
-0.066093
-1.6886
-1.8852
-2.3852
-1.3347
-1.4262
-1.099
1.7011
0.71995
-3.8209
-0.55303
1.1797
-0.0096184
1.2947
-1.6518
0.69268
0.0029509
-0.013207
-1.1511
0.50281
3.7391
-0.73069
-3.3089
1.9809
0.5153
-1.2856
-1.3993
-2.4632
-2.2493
-5.7955
-4.7866
3.8522
7.1654
-3.3899
-5.0181
-6.4281
1.2634
3.1846
-2.286
-3.111
1.1837
2.2135
-1.2465
-4.0178
1.1755
3.369
-2.8247
-0.25958
0.8542
2.519
2.6571
-0.1978
1.1764
3.2584
2.301
-0.77027
1.9429
2.3105
0.80884
0.7228
0.73997
1.3408
1.2392
1.1517
2.0552
0.24906
-0.56818
2.9901
4.0679
-0.55692
0.33539
1.8105
-1.6838
-0.10922
1.3684
0.53078
1.8301
-4.6102
0.17175
0.97027
-1.8888
-0.38445
-0.088315
-0.89622
0.32893
-1.4684
0.029246
1.3737
-1.8163
0.82519
-1.4631
-3.7439
0.32951
-0.19168
-2.1091
-3.5009
-0.8705
2.701
2.8702
-2.04
0.1469
2.3608
-2.4753
-0.92714
0.62252
0.5173
0.6435
0.90154
-2.6599
1.2553
1.5148
-2.1096
-2.554
0.19146
-0.71089
-4.8776
-5.9034
0.63678
7.6099
-1.4304
-7.1911
-3.1625
1.1254
1.8684
-2.1691
-2.0189
-0.39262
-0.0055948
0.72548
-0.93108
-1.7997
1.3664
3.3249
-1.3771
0.25875
3.7846
4.9511
-2.4674
-3.6784
1.1724
3.4803
3.3788
-1.0747
-0.10781
4.1614
-1.6925
-0.40965
2.9934
0.90764
-0.17086
1.0408
0.90762
-1.1883
0.0959
2.546
1.1991
-0.40294
-0.22842
1.669
1.4414
0.66076
-4.3265
1.2459
1.0117
-1.3776
1.7023
-4.8755
-2.0339
4.3922
1.2113
-3.8457
0.073916
1.9059
0.72261
-1.1702
-0.86632
0.50387
0.19413
0.44013
-1.7984
0.71485
-0.76811
-2.4127
0.08401
1.3562
-1.0808
-1.4677
0.79132
0.0048525
0.62181
-1.3845
0.04301
1.5409
-1.7012
-0.71945
0.79374
1.5964
-0.41101
-3.3273
-1.0861
1.4042
-0.7838
-3.126
-0.34209
2.9205
-0.21834
-3.4941
1.2701
0.92756
-2.253
0.26194
2.7317
-1.1475
-2.503
0.024875
1.9009
-1.9652
-0.94328
1.2144
0.19639
-0.16703
1.985
2.5384
-0.47994
-0.56716
0.82737
1.3192
1.6335
1.0615
0.28929
1.1625
3.2144
-0.65656
-2.1687
2.3385
2.602
0.11602
-1.0371
1.3778
1.3518
-0.26886
1.3608
-0.49583
-1.1966
1.1492
1.9675
0.54878
-0.19031
-0.34615
-0.55683
-0.3887
-0.67548
-0.13844
-3.6902
1.0761
1.7832
-2.118
0.53721
2.4279
-1.7888
0.91616
0.30669
-0.54759
0.7277
-0.15313
-0.87376
1.5665
1.6625
-2.513
-2.5236
1.9268
0.68031
-3.3821
-0.226
2.0231
-0.34365
-0.95022
0.028398
-1.6317
1.7222
-2.4159
-2.7324
1.4658
-0.25967
1.7437
-0.84289
-4.9742
-1.6046
0.99272
1.7556
-3.6311
-3.1287
-1.7285
0.1598
2.4781
4.1444
-6.1705
-4.1496
1.3822
4.2299
-1.4918
-0.47243
1.6487
-1.8327
-1.9202
0.81833
0.59053
1.8978
1.936
2.4637
-0.056645
-1.8046
0.18175
1.8491
1.0346
1.2974
0.76042
0.10939
0.73879
0.039963
0.50234
0.36568
3.6208
1.1289
-1.1759
1.188
1.7945
0.91379
1.444
1.1066
-2.29
-0.22523
3.6559
1.4069
-1.5172
0.9222
0.45553
-2.1781
3.7271
-4.5019
-2.35
3.1883
1.2583
-5.6144
1.2014
2.6674
-2.9857
-0.98926
0.89223
-0.01552
-0.81267
0.24996
0.68067
-4.4082
-1.2492
1.6653
-1.8973
-1.4706
-0.39711
1.0232
-1.1609
-4.6763
2.6933
2.6995
-4.9536
2.2141
1.2891
-1.8976
0.39681
0.78256
-1.0594
0.518
0.24611
-1.0108
-0.82908
-1.6256
-1.3905
-2.2762
-0.52958
-0.38336
-0.85376
-0.69061
0.36068
0.95822
-3.1382
-1.3066
3.138
1.5213
-3.0589
0.36389
2.0834
-0.97471
-0.48763
1.8203
-0.29441
4.0857
-3.8524
4.3175
3.4628
-6.81
-3.0767
4.7397
0.43629
1.2244
-0.97127
-2.327
2.1276
1.7039
-1.7954
1.3575
0.84716
-0.63276
0.68641
0.88689
0.50718
-0.88789
-2.3786
1.4335
0.44043
-0.12283
2.0951
1.9716
-3.2596
-1.8735
3.3334
0.081311
-1.7361
0.90166
0.74703
-0.97911
-2.3489
0.87302
1.3975
-1.0708
0.40437
-0.77396
-1.9304
0.80627
0.74769
-0.21004
0.25472
3.2092
-1.7019
-1.5003
1.3061
0.24333
-2.3407
-0.0082349
2.4928
-3.0188
-0.27923
0.93157
-0.62781
-0.00015273
0.54913
-0.28049
-0.39483
0.49242
0.074823
-0.083516
-1.202
0.42625
1.6798
-0.43798
0.98673
-0.67706
-0.72833
3.4871
3.1449
-2.3315
-3.1152
3.7091
2.2814
-1.5444
-1.1092
2.1854
0.3757
-2.252
0.84636
2.7129
-1.7719
0.093674
3.6862
4.1911
1.1679
-2.6346
-2.3645
2.3733
0.88779
-0.35662
1.6707
0.64003
0.5758
0.7286
1.5664
0.96007
0.94884
2.4571
0.03256
-1.5817
1.438
4.2167
-0.13643
-4.1519
0.1805
2.4706
2.2513
-0.48948
-0.45036
-3.1052
2.6554
2.5709
-3.832
1.2389
-2.3324
0.54734
-3.6218
1.2415
3.0403
-2.2399
-0.33814
0.65535
-0.049152
-0.62233
1.2179
0.99516
-2.1171
-1.9777
-0.013789
-0.37521
-2.2121
0.76121
0.6124
-1.4161
-0.54838
0.70325
0.44541
-1.67
1.9609
-2.8557
0.40747
1.7349
-1.6979
0.97631
2.3268
-2.2137
-2.3291
1.9179
0.45164
-2.0377
-2.44
-2.2896
-2.2808
-5.7021
-6.1962
2.874
-1.1144
-0.29821
1.545
-2.7588
-3.0625
1.3767
1.1218
-2.281
0.66208
1.6263
2.3323
3.3842
1.4213
-0.40055
-1.9796
0.05045
1.0496
-0.79422
2.1394
3.066
0.94716
1.0201
0.57021
0.89724
0.51755
2.6524
1.6169
-0.4198
0.76937
1.8837
0.47982
1.7682
1.7896
-1.4223
-1.2595
3.9702
3.3462
-1.5586
1.1217
1.9489
-2.4029
-3.4071
-0.43053
2.116
-2.7302
-0.76411
0.74089
-1.2501
-0.25691
0.52597
1.1649
-2.2687
-1.1446
2.2806
-0.66239
-0.94576
-0.40989
-2.0146
-2.2011
0.12976
-3.5851
-2.3509
1.8968
1.3808
-1.4186
-0.27662
0.10505
-1.2832
2.2545
-2.581
-1.3941
1.8087
-0.25104
-0.63267
2.9227
-0.33503
-3.6489
1.4605
1.8242
-2.4102
-0.18297
-2.0244
-2.6449
-6.5289
-1.9657
9.0682
3.336
-8.0538
-3.6686
0.92669
0.78533
-2.7247
-0.90664
0.92023
-1.5357
0.095776
2.5595
-0.48259
0.30895
3.1245
2.1737
-1.5975
-2.643
0.27252
1.4919
3.7557
-0.14352
-1.8583
2.6712
-2.2124
1.8142
3.3286
0.87408
-0.12887
1.5078
1.6787
1.2947
0.90369
2.1812
-0.24646
-0.47679
1.8825
3.6005
-0.46932
-0.85243
1.6169
-1.6246
1.3459
2.3601
0.91541
-5.1933
-0.20215
0.66222
-0.13071
-0.9319
-2.3187
0.064718
1.7179
-1.5417
-0.91958
0.48039
-0.60494
1.7434
-2.6835
-4.5871
1.0701
0.71065
-4.3891
-0.24952
2.7609
-3.0024
-1.5621
1.5337
0.42601
-2.373
1.8896
0.64296
-2.899
1.6881
-0.11838
-0.1268
2.4327
-2.4651
-1.2058
2.3805
-1.3523
-1.3945
-1.5765
-1.2961
-3.9734
-5.5101
1.0674
8.1468
0.7731
-5.4785
-2.5527
-0.23187
-1.4116
1.2927
1.6033
-2.4653
-0.42717
0.95734
-1.3545
-0.6735
1.9198
2.1338
-2.75
-2.2161
1.544
4.2955
2.1736
-1.7399
-0.63068
4.8724
1.0339
-2.1294
1.7916
0.74529
-0.20729
1.051
1.4424
0.95788
1.6188
0.082119
-0.73854
1.3229
2.5652
1.0539
-1.8364
1.2638
0.80558
-2.9342
2.8576
4.0692
-5.0078
-1.1719
1.421
-0.80936
-4.0952
1.3365
0.81396
-1.713
-0.00013225
0.96953
-0.77222
-0.70897
0.3223
0.27294
-1.0043
-4.16
-4.4678
1.0604
-0.007383
-2.6517
1.0134
-2.802
0.51398
1.8101
-3.3187
2.3047
-0.65943
-2.4263
1.1388
1.8511
-2.09
-0.95048
4.2944
-0.11432
-4.0323
0.67976
2.5456
-2.3935
-5.3466
-2.1146
-2.1631
-2.7628
5.4843
3.9115
-4.3871
-3.11
0.1936
-2.0123
-1.7922
3.9424
0.050703
-3.5511
0.15571
1.6205
-0.52722
-1.6733
1.4778
1.8481
-0.22676
2.7294
3.2989
-0.54482
-3.688
1.2509
1.653
2.6117
1.5581
-1.226
1.1574
4.7129
-1.1255
-1.8408
2.862
3.1131
-0.15853
-0.53622
0.14233
3.438
1.4462
-0.68154
0.77205
3.9854
-0.276
-0.62914
1.0376
-3.0195
0.63401
5.1633
-1.7082
-4.1116
2.2709
0.91563
-5.3886
-1.4958
5.6174
-0.79754
-5.2181
0.83578
3.644
-1.3893
-0.66216
-0.21904
-0.82311
-0.035968
1.0073
-3.3233
-3.544
2.6298
-1.8887
-3.7766
0.27582
2.4132
-2.2552
-0.67244
1.4415
-0.071339
-2.2696
3.3315
-0.39324
-2.4848
1.205
0.76709
-0.22675
3.1898
-1.14
-3.459
3.5716
1.5819
-3.5172
-0.69441
-2.2507
-2.1231
-3.1137
0.68255
5.6601
0.65961
-3.7894
-3.1234
-1.3169
-2.5947
2.8469
1.2344
-3.5116
-1.3196
1.5987
0.025471
-1.8516
0.49681
2.1115
0.97993
-1.2467
-0.019479
3.4711
3.2625
-1.9234
-4.6629
0.69192
4.8681
2.3201
-1.9525
1.1597
4.4879
-2.6757
-0.38351
3.9098
2.0671
-0.15103
-0.96627
2.055
2.1563
0.15213
0.6386
0.44514
1.1761
1.1849
0.57227
-0.25475
3.4312
-0.15144
-4.8663
1.1189
2.1385
0.79935
1.9094
-2.1884
-2.308
2.675
0.89111
-1.1804
-0.12857
0.44575
0.0036431
0.79038
-1.3481
-0.38351
0.16972
-2.3574
0.25831
-1.872
-1.5239
0.68466
0.83715
-2.3237
-0.27798
1.1412
-0.44375
-1.0831
3.1121
-1.683
-1.489
2.6841
-0.74352
0.84444
0.58289
0.087917
0.33571
-0.52
3.0885
-1.3865
-3.1643
-2.458
1.3821
-2.8489
-4.261
5.4628
6.5489
-4.1121
-6.4782
-0.89879
-4.2856
0.8155
3.4743
-1.6117
-4.1558
2.998
4.1186
-2.7224
-1.6445
3.8202
2.757
0.567
-2.8043
-0.67024
1.4508
3.4351
-0.42293
-0.90824
3.3587
1.8615
-3.2906
1.7376
4.7162
-0.85798
-1.0825
0.76704
2.2751
1.3624
-0.19195
-0.89733
0.77891
2.107
0.2524
-0.40783
0.58042
1.3566
-1.4064
1.0086
0.52603
0.13417
-1.5454
-0.61509
1.4473
-2.4599
-3.2324
0.37815
3.1904
-2.1345
-1.2982
1.9434
0.41171
-0.90038
-0.042929
-0.54226
1.219
-0.059137
1.3626
-4.9747
-1.4841
2.476
0.91532
-2.9577
-1.4304
1.7385
1.4752
-0.85257
1.7698
-3.6327
1.0446
3.2274
-1.5602
-0.26043
2.1719
-1.3166
-0.2038
1.7721
-0.91882
-2.1375
-1.3306
-0.96214
-2.8425
-3.9609
-0.71837
5.7188
2.6208
-5.0454
-5.6934
0.98267
1.2066
-1.6618
1.3799
0.28055
-2.0759
-0.39906
-1.1221
0.58663
-0.12181
-1.3874
-0.12847
2.6685
1.8862
-0.84022
-1.7237
-1.1121
1.8845
2.6684
-1.4598
-0.59861
2.9547
1.2793
-0.50511
-0.37562
1.2127
0.83375
0.6447
1.4042
-0.85043
-0.11411
2.7185
1.4804
-1.0099
2.5349
-0.48357
1.133
0.86828
0.28313
-0.99212
-0.98333
3.3733
-2.7004
0.20476
1.0155
-2.0262
0.33502
2.118
-2.4292
-1.5967
2.7161
-0.75912
-1.7607
0.48002
0.12918
1.0092
-0.83378
-4.8365
0.66984
0.29971
-2.6495
-0.51531
-1.7449
0.090313
-0.43877
-0.72065
-0.78491
1.7422
0.75667
-0.4525
0.30912
-0.27246
1.9928
0.93316
-0.61334
0.48198
3.1682
-1.3385
-0.47489
-1.9224
0.83583
3.699
-0.91187
0.43781
1.5092
-0.48235
0.5697
0.42311
-0.84293
-0.14268
0.13951
0.46113
-1.809
1.541
0.80786
-1.4161
0.61095
2.5091
1.0555
-0.77527
-0.48173
-0.064756
0.21702
0.95359
2.0971
-2.1628
0.87775
2.3477
-0.26353
-0.38337
2.9442
2.5448
-1.4562
0.77228
2.9283
0.96762
-1.0258
1.1409
2.0759
-1.0551
-0.31855
-1.5754
0.7831
2.1205
0.77467
-1.778
-4.4966
1.2041
2.6713
0.46857
-1.0425
-3.2725
-0.74257
1.872
-1.1271
-2.9993
2.0634
0.85064
-3.142
0.11296
-0.75825
0.34394
-1.5801
-0.046919
2.1366
-3.3181
-2.8837
2.9989
0.1371
-4.275
0.083318
1.3608
-0.97657
-2.3286
1.7064
-1.0869
-2.576
1.785
-1.3949
-1.9258
0.06381
0.56414
-1.6267
-1.2771
-1.0735
-2.3123
0.82715
-0.47268
-2.9664
-3.0137
2.223
1.2123
0.39558
0.25195
-2.1759
1.18
3.6299
-2.2301
-0.23312
2.1095
-0.22833
-0.59298
-0.085463
1.5008
-1.4095
-2.177
6.5121
2.8876
-7.6331
-2.0757
4.651
0.19234
0.59004
1.2037
-0.32076
-1.9784
0.6966
3.9105
-0.33118
-0.60189
2.8911
1.1069
-0.91872
0.35214
2.6523
1.4196
-2.0085
-0.83702
2.8916
2.3124
-2.3418
0.75388
2.3697
-3.7319
3.0631
2.8622
-3.0238
1.1937
-0.75117
-2.3042
1.1261
0.67179
-1.6379
