0.0080019
-0.0044958
0.0049556
0.0039722
0.0044296
-0.0041223
0.001425
-0.003543
-0.007667
-0.00010303
-0.0071082
-0.013287
0.0023663
0.005173
-0.00029705
0.00029578
-0.0061545
0.009619
-0.016482
0.0095859
-0.013234
-0.0045789
0.0022161
0.0064765
0.01361
0.012769
-0.012111
-0.0084054
0.014926
-0.0013415
-0.010498
0.0078205
-0.0081625
-0.0070786
0.008271
0.0028528
-0.0015533
0.016396
0.0025206
-0.0029805
0.0021148
0.013471
0.0048266
-0.004307
0.012821
0.012409
-0.0029257
0.013441
-0.0086503
-0.0183
0.001742
-0.00025283
-0.0029763
0.0010743
0.0063622
0.0090066
0.008905
0.015173
-0.010692
0.00013574
-0.0024223
-0.010002
0.013827
-0.012966
0.0080891
0.013087
0.011131
0.0035571
-0.011909
0.00010292
-0.011371
0.00034785
-0.013786
-0.010952
0.014821
0.011998
-0.011886
-0.013725
0.018132
-0.0073438
-0.02073
-0.00095649
-0.0164
0.0079523
-0.0026305
0.0054118
-0.013378
0.0046493
-0.0094062
0.0042008
-6.7642e-05
0.0037212
-0.016745
0.029873
0.0056781
-0.0014271
-0.0058392
0.0018234
-0.00659
-0.016359
-0.0074803
0.0016874
0.0048695
-0.021915
-0.0011541
0.0049407
-0.0020137
-0.0035162
-0.01455
0.0063042
-0.0050717
0.019528
0.0025265
0.012466
-0.011535
-0.0033209
-0.0078318
-0.013382
0.017291
-0.00085637
-0.0087339
0.021889
0.0067428
0.0032421
-0.0039207
-0.0044042
-0.0010049
0.005434
-0.0068325
0.013195
0.0007128
0.0075853
-0.0042227
0.00047102
0.0047411
0.0032933
0.00074121
-0.0075898
-0.010367
0.02992
-0.00066241
-0.0043332
0.0048205
0.0072344
-0.0059589
-0.0083001
0.0026754
-0.027875
0.0083681
0.0015277
-0.025281
-0.0053711
0.012098
-0.0070093
-0.0035718
-0.0039286
-0.011347
0.016569
-0.0033364
-0.013316
0.019288
-0.0075639
-0.0032845
-0.00065508
-0.0050338
0.0016847
-0.00040712
0.0053473
9.2784e-05
0.0074294
-0.0067856
0.0086022
0.0090898
0.00045293
-0.011469
0.00037566
-0.0014857
-0.0060946
0.0061736
-0.0022116
-0.00012104
0.0078029
-0.012852
-0.017905
-0.0041886
-0.0042105
0.00048799
0.0040385
-0.0029514
-7.6832e-06
-0.0022556
-0.0012548
0.00017112
-0.020255
-0.0023707
0.0086804
-0.011057
-0.0036833
0.0033797
-0.017415
-7.8017e-05
0.009107
-0.0061582
0.0065997
-0.0021549
-0.0008491
-0.0057716
-0.0014492
-0.00342
0.0013322
-0.014052
0.0074564
0.0032181
-0.0042933
0.019236
-0.013391
-0.012554
0.0031538
-0.012235
-0.0015545
0.0078768
-0.0063268
0.0054639
-0.008245
-0.0010829
0.0013408
0.0019225
-0.0082712
-0.014331
0.0068304
-0.00050831
-0.018391
-0.0015031
0.0026874
0.0022282
-0.0074711
-0.0040316
0.0033482
0.0076081
0.0076557
-0.0050897
0.0056704
-0.00094389
-0.0092053
-0.0074903
-0.0033935
-0.0039497
-0.0054651
-0.0067924
0.015205
5.124e-05
-0.00041576
0.0038439
0.0065126
0.014354
-0.0027172
0.013068
-0.007548
-0.0073911
0.0027035
0.00048876
0.01274
-0.0095229
0.01728
-0.0012002
-0.0040507
-0.0042874
-0.0024683
0.0062272
-0.018622
0.018238
-0.0040137
-0.012031
-0.0039649
-0.011351
0.00066117
0.0081564
0.0069935
-0.016291
0.0015836
-0.011565
0.005114
-0.017349
-0.0041215
0.0046125
0.0063937
0.0060002
-0.0087673
-0.011745
-0.0057997
-0.0056344
-0.0073095
-0.014453
-0.0014975
-0.015076
-0.011392
0.0067737
-0.0054813
0.014032
0.0085868
0.0031223
-0.0020161
-0.012453
-0.0067713
-0.011579
0.0039065
-0.0090407
-0.0062667
-0.003639
-1.7008e-05
-0.010539
-0.0032037
-0.01397
0.0035575
0.00017857
-0.0018321
0.011383
0.010364
0.013295
-0.0030065
0.0066304
-0.0090416
0.0067943
-0.012738
0.011938
-0.012209
-0.0022898
0.001748
0.015768
-0.020389
0.0038323
-0.0081944
-0.0030819
0.0073004
0.00070945
0.0078223
0.015462
0.0067254
-0.013569
0.014627
0.0048816
-0.015255
-0.0057966
-0.0085499
-0.018107
-0.0089387
-0.010309
0.00845
0.0015601
0.013733
0.0070486
0.0046116
-0.014114
0.0056044
-0.0043896
0.012021
-0.01247
-0.0047303
0.0041043
0.0050946
0.00071725
0.021424
-0.004607
-0.0029651
0.029935
-0.00036411
-0.022807
0.00082728
-0.00066532
0.0042478
0.0027836
-0.0035208
0.014933
0.015795
-0.0050043
0.0062608
0.0080215
0.0034792
-0.0068643
0.0024723
-0.0084734
-0.0047872
-0.013395
0.0081377
-0.0051699
-0.0022248
0.0077638
0.00047176
-0.011107
0.0059148
-0.0026996
-0.012034
0.0017997
0.0023613
0.019581
-0.0054877
0.014124
-0.017858
0.013626
-0.013792
0.017251
0.0011489
0.0090864
0.0027272
-0.012725
0.0020667
-0.0060094
0.0033673
-0.010781
-0.0047414
-0.0027992
-0.010714
-0.017851
-0.0013425
-0.0031641
0.0010704
-0.016269
0.013948
-0.013671
-0.0075594
0.0024609
-0.011644
-0.0021265
-0.011065
0.00092851
-0.00063521
0.012815
-0.00088579
0.008762
-0.0095278
0.0037666
0.0036828
0.0025795
0.013686
-0.011171
-0.013397
-0.0018224
-0.018836
-0.00055139
0.00074132
-0.012335
-0.0042729
0.0030522
-0.013414
0.01151
-0.0029525
-0.0076971
-0.001292
-0.011065
1.5101e-05
0.00098299
0.014013
0.0044176
0.0057737
-0.0022658
-0.0021768
0.0010192
-0.0085791
-0.0027413
0.0027232
0.0037829
-0.009099
0.0042455
0.0061446
-0.0050945
0.00030202
0.0040981
-0.009028
0.01247
0.0071385
0.00071284
0.00039441
-0.0069077
-0.00054642
-0.0038045
0.0041579
-0.015277
0.011989
-0.0096469
-0.011919
-0.012341
-0.00065339
0.0049792
0.01012
0.0021302
0.016257
0.011808
0.0020995
0.0039204
0.011765
-0.0083659
0.011997
0.016074
-0.0019411
0.0065793
-0.0029091
-0.0070105
0.0042425
0.014759
-0.019668
0.011897
0.0030547
-0.011901
0.0049782
0.012474
0.00092219
0.025433
0.021847
-0.00089194
-0.0018654
0.0027206
0.0029971
0.0083842
0.001477
-0.0075485
0.0017907
0.00076899
-0.0025377
-0.00088362
-0.0083099
0.014361
0.0044655
-0.010362
0.0021135
0.0025893
-0.00859
0.020852
0.0072647
0.014343
0.0038535
0.0013623
-0.0073678
0.0013991
0.011177
-0.0029877
-0.0011248
-0.0063032
-0.016465
-0.0019297
0.01956
-0.005969
-0.00016974
0.020012
-0.0008547
-0.0010398
-0.0051628
-0.0056696
0.00024028
0.009798
0.00083583
0.00087491
0.0062749
-0.012718
0.0054002
0.008537
-0.0024454
0.0011515
0.0019142
0.0013144
0.012706
0.014311
-0.0065334
0.0068554
0.0015281
0.0016872
0.0065257
0.0012777
0.0079171
-0.011726
0.010044
0.00026733
0.0087021
0.0073828
0.0060726
-0.010415
0.0037363
-0.01126
-0.01065
-0.0031228
0.0055906
0.011359
0.024694
0.0038991
-0.0068255
0.0055448
0.026984
-0.010064
0.0048202
-0.0068499
0.0059825
0.00029111
0.012124
-0.010231
0.011881
0.0030813
-0.010405
-0.0048205
-0.01255
-0.0061001
0.0089175
0.0044046
-0.0098894
0.010537
0.0096924
0.004798
-0.007416
0.0011312
0.0055539
0.0036906
-0.0024832
0.0099925
-0.005358
-0.0013002
0.0096887
-0.00085667
-0.0060594
0.010073
-0.010161
-0.0031784
-0.0029094
0.0020656
-0.0071961
0.0031659
0.0021905
-0.003652
-0.018489
0.024222
0.0032954
0.011466
-0.019237
0.012304
-0.0023375
0.0022957
-0.0042719
-0.0071223
-0.0052068
0.001344
0.013024
-0.0073058
-0.005435
0.0010097
-0.0040773
0.00051654
-0.0029934
0.0046725
-0.011094
0.0089259
-0.0062226
-0.0026223
-0.0017355
0.0054857
-0.0019051
0.0096173
-0.0043837
-0.0053987
0.0017203
0.0048518
0.0070686
0.0042514
-0.0065737
-0.0021198
-0.0085521
0.011548
-0.011608
0.00201
-0.012196
0.0036643
-0.0026898
-0.0025189
0.0066997
0.016535
0.0022605
-0.0031481
-0.010252
-0.0021961
0.0035435
3.699e-05
-0.0044718
0.0005544
-0.00015875
0.014807
0.0098914
0.015697
-0.015048
-0.0011221
0.015087
-0.016008
0.009928
-0.0080247
0.022056
-0.01883
-0.006069
0.0024747
0.0045272
-0.01976
-0.012505
6.5992e-05
0.0028176
-0.0077349
-0.0037342
-0.0088841
0.0035784
-0.0042357
-0.0090674
0.002858
-0.0015115
-0.001325
0.0034319
-0.007638
-0.0088761
0.004104
0.0064925
-0.005888
-0.0039831
-0.01381
-0.0082141
0.0049257
-0.0042461
-0.012859
0.0012173
0.0046175
0.0055381
-0.01007
-0.0059296
-0.0027088
-0.0010092
-0.012332
0.0086968
-0.0032583
0.0009781
0.017488
-0.013811
0.0038732
0.0094488
0.011355
-0.005101
0.014716
-0.031462
0.048341
-0.00050914
-0.031248
-0.025656
0.048794
0.048237
-0.033651
0.0031802
-0.0064368
0.0048061
-0.013331
-0.0088224
-0.020641
-0.0097254
9.4371e-05
0.0015655
-0.025906
0.0328
-0.016749
0.019309
0.0075498
-0.026089
-0.0092878
0.035266
-0.024998
0.013928
-0.00062863
0.020134
-0.0039336
0.029205
-0.02586
-0.015139
0.0027806
-0.0094044
-0.031572
-0.014796
-2.6775e-05
-3.1305e-05
0.031902
-0.0083605
-0.0029444
-0.0019273
0.011629
-0.030827
-0.0087092
-0.009056
-0.00012285
0.0087312
0.0040548
-0.0040862
0.0031648
-0.010307
-0.0055278
0.0081194
-0.022413
-0.00079909
-0.0045493
0.013544
0.010439
0.022005
0.00041761
-0.012484
-0.0016543
0.0052508
0.0053909
0.016099
0.027115
-0.0049948
0.017434
0.012189
-0.016675
-0.01286
0.0087484
0.019562
0.03779
-0.17723
0.14914
-0.080025
0.10521
-0.044441
0.00068484
0.0018927
0.052059
0.01916
-0.11543
0.20993
-0.057608
0.0095616
-0.048593
-0.020654
0.095079
-0.18184
0.063638
-0.089582
0.028747
-0.057361
0.061235
-0.038026
0.081758
-0.093518
0.10012
-0.02466
0.0056229
0.040855
0.042226
0.0096649
0.069843
-0.042449
0.055931
-0.071154
-0.0072324
-0.026102
-0.01372
0.081531
-0.19101
0.11205
-0.098153
0.073833
0.016049
-0.10651
0.11238
-0.080463
0.1396
-0.072499
0.091233
-0.015177
-0.0041176
-0.061153
0.031479
-0.021889
-0.048846
0.01263
0.015232
0.0014015
0.0053923
-0.012252
-0.00018516
0.0067222
0.0089165
-0.040374
0.066865
-0.014325
0.0044773
0.020141
0.0012268
-0.017403
-0.019637
-0.03434
-0.033004
0.0157
0.0068875
0.013101
0.024965
0.024227
0.014451
0.0104
-0.015962
0.050572
0.00023278
0.0060157
0.0053384
0.036676
-0.035912
-0.032641
0.0095368
-0.01599
-0.0016678
0.047059
0.0028975
0.00099535
0.026529
0.00082493
-0.0097823
0.012324
0.014069
0.029404
0.014482
-0.0018
-0.01479
-0.023749
-0.037196
0.0032538
-0.018043
0.0073796
0.01731
0.0046049
-0.037719
0.026012
-0.0051454
-0.023376
-0.012596
-0.013884
0.015815
0.01142
0.012738
-0.00075557
0.01413
0.00030462
0.0016755
-0.012572
0.026142
0.00098775
0.011384
0.035102
-0.0056293
0.0083458
-0.004579
0.010472
-0.0024855
-0.00035829
-0.022179
-0.02369
-0.018493
0.002063
-0.035258
0.0048327
-0.011072
0.050746
-0.027568
0.041222
0.027596
0.0054484
0.028112
0.075024
0.0080058
-0.018466
0.02171
-0.022239
-0.017205
-0.03833
-0.058332
-0.00050716
-0.078578
-0.041709
-0.091365
0.0097198
-0.041745
0.052078
0.13301
0.039197
0.11906
0.12722
-0.012878
0.065271
0.030545
-0.018819
0.027969
-0.026919
-0.10497
-0.017123
-0.019337
-0.11652
-0.041159
0.025042
-0.068449
-0.019297
-0.037124
-0.014749
0.0051525
0.0010396
0.027804
0.034528
0.019028
0.026718
0.041911
0.01302
0.03737
0.048557
0.04881
0.048272
0.020785
0.006446
-0.015527
-0.045632
-0.062957
-0.06606
-0.068882
-0.04967
-0.0167
-0.011933
0.00047767
0.048295
0.024361
0.030944
0.026684
0.05454
0.057922
0.065642
0.03318
0.043653
0.013125
-0.018112
-0.046997
-0.025907
-0.01514
-0.01028
0.00011231
-0.00738
-0.013636
-0.0092585
0.0035786
0.005758
0.017103
0.025079
0.01027
-0.00056117
0.0045397
-0.005505
-0.0080834
0.019648
0.0024853
-0.0065143
-0.0072567
-0.00090809
-0.012315
0.0068087
0.015622
0.068467
0.092271
0.059091
0.061749
0.042358
-0.0055799
-0.0052148
-0.05417
-0.045423
-0.071891
-0.065662
-0.058985
-0.078669
-0.019177
-0.03629
0.0021585
0.020943
0.023243
0.056712
0.027091
0.051802
0.012279
-0.0085258
-0.0046983
-0.028718
-0.042457
-0.034361
-0.078907
-0.11765
-0.019598
-0.5669
-0.57404
-0.33746
-1.0075
-0.55423
-1.8009
-1.0606
0.44141
-0.60866
-1.2468
-1.0017
-1.3679
-1.3205
-1.0186
-0.69874
-1.2471
-0.80392
-1.1187
-1.5452
-1.1381
-1.4042
0.047344
-0.74818
-1.3754
-0.30794
-0.19849
-1.6879
-0.78759
0.32867
3.1576
1.4282
1.2773
-0.1057
3.4959
0.97293
4.5138
2.5511
1.5104
-0.36488
2.7502
2.3631
0.71638
0.05756
4.105
1.485
1.2128
1.1245
1.9158
-0.33449
2.8459
0.30649
5.0765
1.6829
-5.5895
-2.3016
-0.82112
-4.1253
-1.8812
-1.3458
-1.2933
-1.451
-1.749
2.4949
0.42127
1.959
0.15407
1.3181
-0.12292
2.4662
2.1543
1.768
1.6039
-0.4314
1.1726
-1.7049
-0.38231
-0.72226
-3.0158
-2.8039
-1.8312
-1.0916
-2.9012
-0.63229
-2.9907
-0.47593
-3.3342
-1.5237
-1.4183
-2.3418
0.47897
-5.1658
1.4907
-1.0705
-0.63185
-1.0623
0.32697
-0.18454
1.0034
-2.1604
4.7073
1.3869
1.2648
0.038886
0.47702
-1.0278
-2.5162
-2.7357
-2.4599
-3.9383
-3.7286
-2.2754
-2.2381
-3.3955
-0.77856
-2.6992
-1.9883
0.37286
-0.85378
-0.92119
1.5609
2.6336
3.4314
2.8409
0.73314
4.5426
1.4436
2.6007
2.7946
-1.5611
1.9957
2.8112
1.8745
2.1973
0.7645
1.5464
5.1321
-1.1365
0.43286
0.51112
3.7002
-2.8395
2.2462
1.1598
-0.41745
-1.2001
2.7438
1.92
0.91634
1.067
2.7441
4.2296
1.467
2.4905
2.5273
1.9375
2.5651
0.816
0.82881
-1.2132
-2.328
-0.24893
-0.20631
-4.5727
-2.4455
0.39355
-5.184
-1.8873
-4.5311
-0.44861
-4.2654
-0.053487
0.26365
-1.7089
-0.67165
-1.5586
-2.5932
-2.1655
-1.5096
-0.23907
-2.4972
-1.3111
-1.2221
-0.38842
-0.20328
-1.3125
-2.6466
-2.2307
0.62295
-4.4552
-1.0508
1.1633
-4.5468
-2.5907
-3.0607
-3.6752
-3.3572
-4.3008
-1.5791
-1.8694
-1.4957
-1.462
-1.1705
-0.74018
2.344
1.1577
0.25251
2.1731
1.6577
5.1389
1.9548
1.2508
3.6986
3.1744
1.0524
2.197
0.2455
3.353
1.5284
2.0816
2.8031
0.024012
1.3816
5.9604
0.67177
1.312
-1.698
-1.4167
-0.63449
0.70822
-1.3655
0.40835
0.041083
0.73025
3.0746
2.4133
3.7003
4.3016
2.97
2.7791
2.3862
3.9038
2.2374
2.3121
0.15635
1.2658
-2.0009
-0.27394
-1.021
-2.2578
-2.5223
-1.9294
-0.36285
-5.691
-0.7396
-4.0086
-1.0742
-4.0038
-0.68004
0.001312
-1.029
-0.87658
-0.41878
-2.59
-3.0532
-1.3124
0.6445
-2.7729
-0.75575
-2.4879
-0.16756
-0.83914
-2.4465
1.5269
-1.7035
-3.3997
-3.4095
1.9461
-4.5865
-1.4761
-5.509
-3.513
-4.3492
-3.384
-1.6022
-2.8876
-1.3072
-2.8119
-0.03731
-0.3324
1.5399
-1.23
0.65733
4.8145
2.2085
0.11377
3.8171
2.4917
-0.10114
0.015319
2.7419
2.3454
1.5948
1.9884
1.9862
4.1392
1.134
2.6467
1.9269
-0.29259
1.5487
-5.9726
-0.62859
-0.60086
-0.71579
1.225
-0.38636
2.6797
-0.91196
1.1356
4.0434
1.909
1.5721
6.4073
5.0586
3.0619
1.3451
0.64298
0.82025
-1.5716
-2.1682
-1.4175
-2.7019
-3.1371
-0.35662
-2.9449
-4.0582
-0.38985
-4.0182
-2.596
-2.5753
0.035197
-1.2153
-0.53225
-2.2851
-3.0375
-3.7494
1.3737
-2.2094
-1.2799
-1.2041
-2.0037
-2.57
0.71599
-1.1894
-1.4466
-3.1092
-2.0606
0.20418
-0.46185
0.10518
-2.3084
-2.9691
-2.0867
-4.105
-3.447
-3.7236
-2.9933
-2.8487
-0.02222
-1.4837
1.6772
0.21791
-0.33813
2.7043
2.8733
2.7774
1.5671
3.9703
-0.73172
5.2556
0.34207
4.9013
0.8226
2.9165
1.0682
0.57215
3.214
0.090037
3.0111
1.5991
1.0602
-3.9972
-5.4187
1.8156
-0.93494
-1.8218
-0.92666
1.2518
1.2375
-0.58658
1.7916
1.92
1.3463
4.8662
2.9618
3.1441
3.0506
3.4269
3.9761
2.199
1.9513
1.5347
0.42739
-0.54546
-1.0465
-2.4696
-1.8806
-3.7069
0.66416
-2.5047
-2.1464
-2.054
-0.15294
-1.7519
-1.6926
0.59395
-5.1476
-2.8691
0.42405
-2.1582
-1.7181
-1.1096
-2.6163
-0.70757
-2.2518
-0.24958
-1.6879
-4.4259
-1.9675
-0.57488
-1.1304
-1.6105
-3.4116
-3.4791
-4.1727
0.8745
-3.7282
-0.46477
-4.633
-3.1861
-3.2419
-2.5112
0.47661
0.87057
2.1512
-0.19958
2.0257
3.836
1.6463
4.0188
2.3661
2.4289
1.4486
0.29673
4.9441
1.2995
1.0021
1.0009
2.8183
0.053609
3.455
1.2684
1.3716
3.9929
0.9198
1.9359
3.0553
-0.23181
2.5899
-3.2528
-1.9825
-0.91716
0.88441
0.0013266
0.10664
0.89897
2.657
-0.0019308
0.53478
2.7773
3.3324
3.5355
1.5903
2.5405
3.7995
1.028
-0.23518
0.82146
-1.2176
-3.1388
-1.3906
-2.0065
-2.6315
-5.0437
-3.5581
-0.65405
-4.6737
-1.2121
-2.1273
-2.0475
-0.66625
-4.3595
-0.75782
-4.0081
0.93975
-0.47749
-1.2923
-3.1821
-1.4613
-0.77771
-1.6528
-2.4098
0.066822
-2.2796
-0.15213
-0.96619
-3.2977
-0.7573
0.4744
-4.0755
-2.3058
-3.453
-4.0867
-3.4466
-1.8644
-0.47654
-1.0534
-2.7525
-0.56192
-0.89837
-0.4256
0.47949
1.609
2.2491
0.99501
1.1111
3.9369
0.84327
3.6703
2.0741
2.4431
2.3093
-0.58298
2.5889
1.0587
-0.15921
3.4698
3.2807
1.2053
5.9982
2.0479
-5.7843
0.36239
-3.0256
-3.0266
-1.0302
-1.3623
0.12665
-0.49659
-2.2861
-2.9857
1.1851
4.7663
0.10707
3.1529
7.5561
2.9925
1.4573
3.7577
3.3828
4.4041
3.9224
3.478
3.3302
-1.1012
1.4412
-1.0984
-2.0534
-1.9706
-1.7115
-0.66878
-3.9753
-1.5134
-3.9257
-4.4418
0.70159
-1.3761
-0.57144
-0.69014
-1.0326
-1.8965
-1.1421
-2.7082
-2.4186
-0.90098
1.4383
-2.2876
-1.6278
-0.036725
-1.6424
-3.3021
-0.52703
-2.5109
-2.0922
-6.116
1.453
-2.5654
-3.1145
-3.4737
-2.5134
-4.2115
-2.5155
-2.4613
-2.2808
-1.8178
-2.2757
-1.7794
-0.41836
-0.53875
-1.0287
2.4613
0.68298
1.9163
0.16947
4.2126
0.87002
3.8982
3.7721
4.3059
1.6626
2.8378
4.8755
0.8851
-1.4089
5.3815
1.4406
1.0812
5.1317
4.8937
-3.8266
-0.41846
-0.40427
-0.65011
1.5598
-0.57912
-0.43281
-1.4394
-1.4653
0.25828
1.0581
1.6468
-0.50269
1.9808
7.1736
1.2941
4.4143
2.8097
2.9026
2.9392
0.74517
-1.3711
1.0381
1.1306
-1.4242
-0.82429
-4.7097
-3.2722
-1.6331
-1.6619
-4.3723
-2.1717
-0.5774
-3.7469
-2.0525
-2.8705
-4.5304
0.6201
0.59009
-0.9635
-0.40739
-0.60239
0.11577
-2.9017
-4.0428
-0.67627
-0.4838
1.1819
-2.9845
-2.1363
-1.2445
-1.6501
-0.67742
-3.1495
-1.646
-0.2846
-3.8706
-2.6716
-2.3643
-3.0369
0.35326
-1.4035
-1.409
-0.023673
-1.0519
-0.21436
-1.0983
0.076132
0.91561
0.52961
4.001
4.6745
2.2738
5.4043
3.0938
0.15854
4.7943
-0.50015
1.163
4.8337
-0.28215
4.1797
1.318
2.2575
2.8231
1.0451
1.9196
2.9124
0.76454
-0.99019
-3.2732
-3.0026
0.68246
-0.51601
-1.8806
-1.6581
-2.951
-2.1138
1.8187
0.15775
4.8284
3.035
2.5426
3.5408
3.8506
3.2696
2.7169
3.4067
0.67707
0.27607
1.4462
-0.92698
-1.9786
-2.3713
-2.8712
-2.1359
0.62784
-3.176
-3.3896
-0.71206
-2.5582
-1.268
-2.793
-2.1871
-1.2298
-0.57783
-0.91202
-0.94245
-0.59377
0.10037
-2.3753
-1.8062
-3.8079
-0.72164
-0.4296
-2.5892
-2.0483
-0.89252
-2.3455
-2.5654
-1.5243
-1.5098
-3.7526
-4.258
-0.96967
-0.010364
-3.3295
-3.1276
-2.0645
-3.8559
-3.2708
-2.9479
-1.3197
-0.62213
-0.71664
-1.8742
0.43326
0.080539
0.68292
2.1046
2.704
2.6815
0.93467
3.546
1.6732
3.6898
4.3754
2.2669
2.1744
4.5326
2.9288
-2.8858
3.9538
2.3063
0.80204
4.1425
3.8398
1.7837
3.4835
1.2716
-4.585
1.0415
-4.6699
-0.022147
-1.0317
0.35352
1.3101
-1.8322
0.81854
0.39592
4.231
5.1871
1.4765
3.5289
3.0405
3.4287
3.4184
3.4093
0.69248
-1.9434
0.32183
-0.96169
-1.5988
-2.7882
-2.33
0.26039
-2.7766
-1.9304
-0.89011
-1.9877
-2.4815
-0.13541
-2.5528
0.31602
-3.4602
-0.53431
0.57571
0.41581
-3.0062
0.40822
-1.4229
-3.2507
0.41975
-1.8094
-1.0208
-2.7444
-2.7347
-0.77935
-2.052
-1.5158
-2.0486
-0.96045
-1.1092
-5.041
-0.74377
-1.4021
-2.1068
-1.5569
0.026179
-2.0626
-1.0694
-2.1514
-1.6719
-0.6552
0.46317
1.6378
-0.26381
6.3489
1.9394
2.3892
3.7307
3.3014
1.5355
3.1458
6.0696
-0.51382
1.843
2.3246
0.99905
2.7782
1.5808
1.0661
2.7688
1.0096
-1.5061
-4.3704
-1.5779
-1.1294
-0.056575
-2.0049
-3.3178
-4.6584
0.763
1.0602
0.71305
-0.88437
1.3727
6.821
3.6504
1.992
4.0126
3.5777
2.7316
4.2112
3.6831
3.1834
1.3352
-0.35803
-0.074553
0.080059
-4.4378
-2.9182
-3.4974
-2.5136
-0.099546
-2.3433
-2.1115
-2.4385
-3.1794
-1.5013
-2.2221
-0.28677
-1.5301
0.20899
-2.2427
-0.8428
-0.9134
-1.9164
-0.71394
-0.0022889
0.22867
-0.18008
-1.7097
3.074
0.12436
-4.2288
0.18221
-1.5298
0.30431
-3.9477
-2.3025
-1.4006
-1.3176
-2.3902
-0.14383
-1.6488
-2.6369
-3.5333
-2.2502
0.90242
-1.0584
0.53544
-0.48093
-2.1761
3.8585
-0.99315
3.306
3.995
0.76342
2.9435
-0.15853
4.3062
0.62745
2.1677
2.3991
2.9365
-0.48326
0.55943
0.99665
0.74636
0.98249
-0.098219
-1.6022
3.6933
-1.0313
-4.1752
-1.5541
-4.8819
1.1043
2.674
0.51811
3.2167
1.3227
5.9238
4.0892
2.8883
4.2748
3.5406
4.2507
2.4533
3.1868
3.2597
3.442
2.0957
2.4444
2.0396
-0.85865
-1.9848
-4.3808
-4.3369
-2.2306
-1.069
-1.8831
-2.5578
-1.9564
-2.6537
-3.0476
-1.2827
-0.85129
-4.2353
0.65306
-0.61729
-1.6207
-1.187
1.3639
-3.7373
-1.5415
-0.50036
-0.99404
-3.4897
-1.5844
-1.9618
-3.3599
-3.7739
0.47169
-0.88544
-0.64271
-3.7549
-2.5306
-3.4585
-2.7566
-2.7457
-0.92397
-0.92514
-1.3016
-1.0945
-1.8199
1.3854
1.1296
2.1393
2.9571
3.7027
3.3987
4.2451
3.2263
2.4837
4.4066
0.38795
4.3744
1.8836
3.5651
2.1176
1.9579
1.4615
1.4972
-0.13588
0.38665
-1.4446
-4.2202
-3.2462
1.1717
-4.6093
-6.3541
-0.38418
-4.3174
-0.69736
0.68735
-2.0094
3.5712
0.57685
2.2554
2.518
2.092
3.4848
2.6521
3.3397
4.3404
4.334
2.616
2.7367
2.5048
1.7155
2.0085
2.7423
-0.30389
0.0020033
-3.1604
-2.6858
0.46979
-3.6378
-2.8057
-0.55494
-0.39129
-0.33063
-0.97504
-1.4658
-1.8895
-1.0456
-3.203
-1.2366
-2.9221
-2.6347
-0.4195
-2.7641
2.2852
0.26314
0.69921
0.14474
-1.1419
-1.503
-3.4119
-2.8512
-1.7748
-1.567
-4.4542
-3.7601
-4.232
-2.6074
-3.5228
-2.1533
-3.2087
-2.6092
-3.8397
-1.4942
0.231
-0.78461
-2.109
1.7826
1.3141
1.6656
2.6758
2.9084
2.2381
2.5316
1.2897
1.0846
2.77
1.4298
-0.5033
1.9774
2.1798
1.4806
3.1501
1.1661
2.5025
2.6491
1.0436
2.5007
1.0571
-0.17048
0.97029
0.64435
1.6189
-0.032653
1.802
1.9932
3.2142
2.2225
3.198
5.4116
2.4236
2.1901
2.5802
2.6554
2.4298
2.1446
0.85381
0.69395
-1.937
-1.2309
-2.2661
-2.3311
-2.7722
-1.2383
-1.6299
-6.79
-1.8389
-1.994
-2.4253
-4.8757
-2.2427
0.26186
-1.9384
-2.435
-0.59318
-0.12107
-1.5716
-2.0389
-1.3622
-0.14361
-1.8809
1.6585
1.1903
-0.72779
-0.72376
0.21587
-3.1307
1.5953
-2.1081
-2.2318
-1.5614
-2.4192
-4.3017
-3.8194
-4.6043
-3.1523
-2.4813
-2.2422
-2.4327
-1.3779
-2.0364
1.4275
1.998
2.0187
1.976
1.5664
2.2398
3.6619
2.5386
0.69579
5.5731
1.7426
3.1053
1.2018
1.1048
1.1385
1.9116
2.5368
1.2406
2.3887
2.0953
-2.0388
-2.919
-3.713
-0.68856
-0.24685
-1.5185
0.52407
-0.68961
-0.91674
1.8789
2.4118
5.7498
5.2216
2.9928
2.9224
3.0976
3.4022
4.3666
2.6204
3.5829
1.7921
0.94531
-0.17418
0.81647
-1.0025
-0.54421
-3.247
-3.4212
0.85608
-4.4252
-4.7546
-2.2551
-1.8177
-3.5852
-1.8815
1.6933
-2.0834
-0.62649
-3.5623
-2.6896
0.29794
-5.4517
-1.15
0.27001
-1.0142
-3.3697
1.4348
0.30445
-1.2352
0.31791
-0.5384
-3.4512
-3.2455
2.3518
-2.8419
-1.9644
-3.433
-3.648
-3.8542
-3.6006
-2.1288
-2.2365
-1.5163
-1.4898
-1.7545
0.5752
-1.1008
1.4268
0.77165
3.1462
1.7891
2.9787
0.82503
4.0552
2.9658
0.79303
2.5739
1.8233
0.75134
-0.44369
2.6024
1.2587
2.2904
3.1061
1.8628
1.9458
2.2729
0.96529
0.83938
-1.797
-1.5609
-2.269
0.58464
1.2893
-0.9904
2.9879
2.2256
0.2379
6.0799
5.3628
4.3847
2.4586
3.1802
3.2316
1.981
2.8396
3.1364
2.3496
2.2369
0.38182
1.2702
-1.4612
-1.9086
-2.6176
-1.8089
-3.2303
-2.9133
-1.9472
-7.3869
-1.2126
0.77135
-2.7886
-1.6221
-0.36353
-2.6881
-0.24993
-3.2603
-0.18325
-2.1589
-0.54114
-2.0254
-2.2297
-0.061379
-1.5697
1.3721
-0.53254
-1.5302
-0.043143
-1.4043
0.0061194
-2.1666
-1.1455
-4.6135
-3.9055
-4.7644
-3.429
-2.1614
-2.1754
-1.8065
-1.4497
-0.21958
-2.2739
1.3052
1.1377
1.8974
1.4139
1.6861
3.5374
1.4622
4.2495
0.88529
3.608
1.8587
2.8132
-0.77332
1.1317
1.5866
1.5318
2.3444
2.7349
3.2132
2.3987
1.9659
0.87373
1.6566
-0.75312
-2.0059
-4.5598
-1.3879
0.31522
-2.2144
-0.82013
0.19457
1.6726
0.30127
0.74022
4.1165
3.2403
1.6898
4.8783
3.1602
2.9137
2.8361
2.5568
1.3198
0.078079
1.1257
0.11273
-3.7441
-1.6702
-3.6276
-1.0364
-1.416
-6.1012
-1.6059
-1.5625
-1.3328
-2.7
-1.1362
-0.28881
-2.4401
-1.7093
-2.4853
-0.85202
-2.4879
-1.3545
-1.9461
-2.5692
-0.77876
0.57204
1.1438
-0.68936
-0.74336
0.91362
-2.2708
-0.45008
1.3486
-0.27439
-5.8793
0.98891
0.57254
-4.065
-1.351
-5.3694
-3.925
-2.9119
-2.8232
-1.3229
-0.76854
-2.4848
2.0461
1.6941
1.4396
1.3932
2.2874
2.2681
1.8883
4.1102
0.27893
2.2716
3.7959
-0.57052
1.936
0.66817
2.1253
0.90364
2.1707
4.0812
2.1382
2.0364
1.7465
1.1641
0.098348
-2.3715
-4.0025
0.57434
0.9945
-1.7275
-0.74972
2.2444
-1.0051
1.2063
2.3677
1.5832
3.2553
3.7905
4.3999
2.9383
2.6575
1.5279
3.9014
3.1234
2.8923
1.194
-3.9615
-1.4951
-2.9563
-1.6968
-4.198
-2.107
-4.4801
-1.8204
-2.4792
-3.3292
-0.84717
-0.88252
-1.3136
0.16553
-1.6119
-1.0072
-1.1242
-0.40164
-1.0849
-2.2526
0.3139
2.4039
-0.2052
1.636
0.7229
-3.3349
2.3007
1.4387
1.5738
-4.1713
2.6557
-1.106
-2.1482
-1.586
-4.4821
-4.7549
-5.4952
-3.5818
-2.5157
-2.907
-1.4047
-3.3639
-1.9452
1.517
1.9776
1.7315
2.3202
3.0155
2.6045
0.96529
5.6257
0.443
2.4795
2.3553
1.5272
1.3555
0.86058
1.7624
2.6471
2.3105
2.0285
1.8641
1.3406
1.2118
0.85664
-0.86555
-5.209
-0.55926
-0.67968
-1.4003
-0.7711
0.8038
1.3779
-2.0501
2.1233
1.4895
2.4139
4.7878
4.8674
2.564
2.3801
3.549
3.4524
3.2124
3.5624
2.2205
1.7894
0.83168
0.0030358
-1.5798
-1.2453
-1.3572
-5.9952
-3.1387
-0.99262
-3.098
1.3805
-2.0617
-2.7219
-2.01
-2.4406
-1.9977
-2.1467
-0.36027
-3.1131
-1.7975
0.82518
-2.3645
-0.33642
1.6588
1.1472
-0.42184
0.42417
-1.4954
1.3367
0.033465
-2.3977
-2.6911
-3.8936
2.7957
-3.0571
-3.6668
-1.2818
-6.5678
-3.3804
-3.7955
-2.9395
-1.4618
-2.3582
-3.0133
-1.3566
0.72513
-3.0553
2.1066
0.28561
4.9868
1.1147
-0.035618
4.3693
-0.024672
2.1215
-0.26238
0.88409
2.2389
2.3216
2.1295
2.5327
3.6994
1.409
1.3144
0.052599
-1.6282
-5.6101
-2.317
0.39043
-1.9157
-2.6178
-0.23633
1.0639
-0.42466
1.0257
3.6831
1.6602
1.5952
7.068
4.9701
2.7753
2.2608
2.5054
2.5736
2.7127
2.5981
2.521
3.7405
0.66021
0.42436
-0.78742
-1.8652
-2.0537
-1.8252
-2.915
-2.0788
-3.8716
-3.6724
-0.45427
0.74116
-1.1603
-0.6639
-1.7812
-0.8454
-1.6713
0.0080685
-3.2032
0.17947
-0.49335
-1.9759
1.1186
-0.20611
-0.54771
-2.4215
-0.46933
-0.78556
-2.5594
-4.3954
3.1759
-2.6276
-2.2828
-4.2124
-3.7484
-4.8647
-2.9473
-3.7274
-2.0639
-1.7403
-2.0101
-2.0919
-1.6574
-1.4896
0.96121
1.6784
0.66699
1.7341
0.58909
4.1424
0.59349
2.4529
1.8747
0.63912
1.6025
2.8714
1.3118
2.8588
1.415
3.2874
2.4052
-0.1232
1.5648
1.3836
-4.5787
-3.6822
-2.1831
-1.2611
-2.5249
0.81854
0.36988
-0.38766
2.513
3.1295
2.8448
2.5844
4.337
4.3544
3.6404
3.6919
4.1867
3.296
2.9801
2.6085
2.3416
0.65597
0.71094
1.1831
-4.1051
-2.1056
-2.14
-3.5461
-2.7431
-2.2157
-0.95025
-2.6177
0.18844
-1.7581
-1.6745
-1.4484
-1.5381
-2.1053
-1.3408
-1.8004
-2.6857
-0.91089
-1.219
1.1218
-0.97875
-2.2193
-0.043317
-2.4102
0.87119
-0.13162
-2.166
-3.9277
2.4622
-2.8413
-1.2685
-3.0102
-4.6978
-2.72
-4.7558
-3.3306
-1.3949
-2.5332
1.7533
-1.5673
1.5089
2.9382
3.4459
2.0877
3.4419
3.8054
2.396
1.016
1.7413
2.7774
1.0627
0.84317
2.3898
0.98127
2.4492
2.9626
2.1233
2.5508
1.4544
-0.10637
0.7926
-0.15895
-6.3747
-2.9556
-2.6102
-0.55084
-1.4224
-2.1275
-0.25592
-1.3259
0.4972
2.5841
2.4736
2.9456
2.5349
4.4519
3.5509
2.9341
2.16
2.889
-0.75045
2.6933
-0.19654
-5.3212
-0.88319
-1.5595
-3.5801
-2.6499
-3.7091
-4.4397
-1.616
-0.71792
-0.68407
-2.4213
-2.2244
-2.0044
-0.60033
-2.3133
-1.1728
-0.38542
-1.6535
1.516
-1.0158
-2.5299
1.347
0.68147
0.23262
-0.80823
-1.6906
0.75062
-1.2011
-1.5664
-1.9625
-2.3872
-4.3456
-3.9656
-5.6074
-2.4363
-2.4875
-2.1371
-2.1913
-2.2081
-1.182
1.2314
0.47725
-1.6704
1.6415
2.0844
2.3859
3.0868
1.4821
3.1303
3.7472
4.3603
0.26706
2.7135
2.0125
0.20069
1.8906
1.8306
-0.30347
2.1842
0.56672
1.6079
-0.10283
-2.0748
-2.7662
-4.1588
-0.89128
-1.6953
-1.8368
0.090069
-0.61752
1.042
0.96871
0.47932
5.4311
3.433
3.8998
3.8066
2.3759
2.9033
3.2206
3.97
2.5896
3.8068
2.3762
3.2385
-0.8768
1.533
0.051541
-2.1331
-3.2476
-1.6646
-3.0292
-5.6256
-3.1462
-0.53307
-1.5401
-0.21297
-2.9439
-2.0342
-2
-1.5983
-2.0821
-1.5365
-1.3336
-0.41187
2.1872
-0.51131
-0.1297
0.67519
1.1164
-0.68403
0.15325
-1.879
-3.0274
1.6529
-1.367
-3.101
-3.5031
-3.4412
-4.359
-3.4487
-3.1704
-2.0969
-3.4011
-3.0832
-1.6153
1.8371
2.4167
1.3438
3.8175
-0.10553
3.7891
2.5836
1.3302
2.6129
2.5218
1.4817
-0.34357
2.143
0.97199
1.8051
2.3312
2.7888
2.8915
2.1195
2.121
-1.6501
-0.18418
-5.7318
-1.5554
-1.256
-2.3754
-3.1177
-0.47704
0.30842
-0.20078
0.22981
3.3592
0.91243
1.3593
5.9037
6.2328
2.1281
3.5113
2.8518
2.4861
3.3096
3.476
2.4194
2.5843
2.401
2.0587
0.090341
-2.3851
-0.22951
-2.047
-2.2958
-3.9022
-2.7878
-2.6266
-2.9719
-1.6879
-2.0753
-2.4961
-3.0343
-0.41721
-0.10683
-1.4936
-0.89946
0.36565
-2.4678
-0.72053
-0.63694
-2.7673
1.6283
-0.078629
-1.0939
0.1331
1.9462
-0.87058
0.015547
-2.9168
-1.9202
-1.333
-5.3603
-4.7235
-5.2203
-3.2492
-3.3332
-2.3795
-2.8353
-2.2766
-0.71162
-2.5573
0.28595
-1.0301
0.41303
2.3433
-0.070651
1.4461
3.2743
0.29602
4.1315
2.5274
4.1582
2.5171
2.743
-0.61914
1.3826
2.0076
0.85846
2.2681
-0.87336
2.4943
-1.8258
-2.7043
-4.9093
-0.70585
-2.1666
-0.97592
2.1593
-0.79839
0.3766
2.581
2.9153
3.6411
2.3033
4.9005
2.8392
1.9705
4.0591
3.7034
3.2772
3.3488
1.8371
2.6754
1.0833
1.4998
-0.81168
-3.6085
-1.2991
-2.9522
-2.5768
-1.7825
-4.2706
-3.7689
-1.8891
-1.3739
-1.7213
-1.9305
-2.4333
-0.63284
-1.992
-0.99872
-1.6158
-1.7068
0.37696
1.6294
0.33404
-0.60309
0.87619
1.0216
-0.70827
0.81057
-0.12506
-1.9687
-1.597
2.1076
-2.5561
-2.7275
-1.8138
-5.5829
-4.3222
-4.6808
-2.9377
-2.1682
-1.7936
-3.4566
-3.0351
-0.88651
-0.79384
-1.7732
-0.64862
1.4159
2.8554
1.3149
2.0495
3.3116
1.0178
3.2804
2.211
3.8629
0.50909
1.0431
2.798
-0.48145
1.8383
2.7105
0.89198
2.2518
3.7653
2.0541
2.3116
-0.46131
-1.8256
-1.9375
-2.0821
2.0292
-1.2502
-0.17331
1.7608
3.0509
0.46383
6.9878
5.4619
2.7153
3.8618
2.3193
2.4839
3.2325
3.0905
2.3236
3.3934
3.0349
2.1485
0.79369
-2.4162
-0.88245
-1.8298
-3.0566
-2.9032
-3.5374
-1.7729
-2.5155
-2.894
-3.228
-0.29777
-4.7943
0.51956
-1.0876
0.3331
-2.0854
-0.61987
-2.2527
-1.0766
-0.44096
-1.139
0.43761
-0.27453
0.79457
-0.021528
-1.8526
1.1159
0.98137
-0.65699
-4.459
-3.3219
-3.9395
-4.3475
-4.5196
-3.6857
-1.9501
-3.1027
-3.2018
-2.4555
-2.4309
0.015816
-3.0585
-1.0981
0.2464
2.6161
1.3993
1.5934
2.207
1.4226
3.2743
3.9366
0.54838
2.6443
2.9295
0.74706
0.41474
0.78278
2.4858
1.3663
3.2849
2.9439
2.3511
4.1786
0.63371
1.9153
0.29592
-2.0626
-3.6092
-1.2509
0.67318
-0.86481
-2.1199
1.2877
1.3891
-0.72763
2.3212
1.3975
3.716
5.7212
4.8755
2.277
3.1014
-0.0048369
-0.071703
0.71997
-1.3559
-2.9307
-0.83609
-2.7689
-2.2289
-0.78857
-4.2665
-2.467
-3.0844
-1.4069
-4.2632
-2.4267
0.067124
-2.7343
1.3607
-1.9247
0.24926
-2.5824
-2.8864
-1.6859
-1.0328
-2.159
-1.9228
-0.58872
-0.53129
0.23823
-1.6851
-2.5426
0.16106
-0.48266
-1.3959
-2.6312
-2.3559
1.6199
-4.4307
-1.6021
-1.2181
-5.4404
-1.8433
-3.9272
-2.9085
-1.4182
-0.7296
-1.4895
-0.45332
1.7883
1.0526
-1.1769
2.1149
4.8297
1.2577
3.3585
1.6417
4.2399
2.1287
2.8225
2.1155
-0.27092
1.3696
3.1453
-0.26876
2.5268
2.3604
3.1084
2.5577
1.2113
2.436
-0.99983
-4.1203
-5.7731
-1.5721
-2.4173
-0.70265
-1.6489
-0.087237
-0.076103
0.010574
0.80742
1.8702
4.479
3.9008
4.7784
2.4979
3.2723
3.4422
4.0632
3.8873
2.8154
1.9362
2.0406
0.4327
-0.17623
-1.3687
-0.88381
-2.5199
-0.83641
-1.9797
-1.8548
-1.972
-0.57427
-1.9795
-1.6916
-1.6902
-2.4417
-0.81365
-3.8842
-0.71084
-0.1218
-3.6586
-1.3162
-1.6428
-0.69757
-0.034918
-1.4199
-1.6048
-3.1514
0.25141
-4.8861
-1.9829
-1.6777
-0.88298
-2.3755
-4.2263
1.5702
-3.9599
-4.9397
-2.7728
-1.6359
-1.3505
-1.0574
-1.8654
-0.86254
-0.42682
0.47048
2.3664
-0.01284
2.5282
2.4923
5.0012
3.7159
0.66488
5.3354
1.0507
3.1485
0.19178
4.1143
0.6557
0.12712
2.7824
2.3021
1.5973
2.9657
0.7532
1.2009
-1.2393
-6.2773
-3.2735
-2.4226
-1.4915
-0.71352
-1.4827
-2.6147
-3.5924
2.2562
0.9733
1.2226
2.5237
2.3845
4.8149
4.331
2.9371
3.6995
4.2179
3.7278
2.6748
2.6581
2.4283
0.20933
2.0475
1.4135
-1.4295
-1.6785
-2.1299
-3.9757
-2.1199
-1.7767
0.15706
-1.0891
-1.2368
-2.3833
-3.1793
-1.5494
-3.0574
0.34869
-0.57459
-3.2094
-0.85519
-0.16977
3.6248
-1.1246
0.23794
2.273
-0.53685
-0.021085
-0.94283
-0.37533
-2.2486
1.0747
-0.34658
-2.8954
-4.9094
-3.9255
-3.1379
-3.2668
-3.3114
-3.0461
-2.1865
-2.4188
-1.2415
-1.4855
-0.38524
-2.3653
1.3176
-0.24691
-0.17233
-0.14006
3.0365
2.9342
1.9437
4.5388
2.4379
0.35251
2.7254
2.1172
-1.0421
1.4878
2.3294
0.56287
2.2358
2.7835
2.6199
2.0326
-5.6994
-1.0825
-2.9372
-0.93533
1.5783
-2.4292
-0.5504
2.0195
3.702
1.2065
4.4284
6.1816
1.3427
3.3986
4.6059
4.0911
3.8675
2.9807
3.5723
4.5041
1.5962
3.9539
1.3529
-1.8706
-2.3459
-1.9328
-4.9472
-3.6815
0.51638
-3.8812
-2.3427
-0.89258
-3.5028
-3.394
-2.9185
-1.2281
-0.33748
-3.5848
0.25369
2.365
-2.4836
-0.65452
-1.3034
-1.6919
-3.1264
-0.33083
-2.0827
-2.9779
-2.567
-2.3012
-0.87813
-0.93435
-3.7243
-2.2987
-4.2378
-3.2433
-3.7579
-1.038
-1.9169
-3.3699
-1.58
-1.4263
-2.1925
-3.0434
-0.71941
0.79826
1.1324
2.058
3.9854
2.7622
4.404
2.6907
1.9789
1.6296
3.9664
2.3504
2.8956
3.5987
1.8335
2.6733
1.4951
1.2683
2.4978
-0.35722
1.6344
1.3609
0.86161
-5.6864
-0.14808
0.19266
-4.9315
0.73318
1.186
1.097
1.9379
0.44094
-0.10573
1.7343
4.3475
4.132
1.2671
2.6005
2.7615
1.7028
2.7227
4.112
3.1458
0.36413
2.3202
-1.6125
-1.0677
-1.393
-0.57486
-3.0802
-2.4117
-0.98226
-6.7493
-2.4402
-1.3877
-1.1444
-0.76336
-2.3283
-0.79687
-4.9749
1.0425
-2.1422
-1.3355
-1.714
-0.10531
2.1795
-1.0709
-2.2907
0.13448
2.2332
-3.0099
-1.0336
0.54821
-2.6967
0.44006
0.040148
-1.8635
-4.0765
-3.8175
-4.602
-2.0662
-2.7443
-1.3717
-2.4122
-2.0401
-1.9037
-0.033747
0.82686
-0.28467
-1.448
2.4318
2.0171
3.5638
3.8969
3.0968
1.1532
1.3182
-0.35265
2.6517
2.7808
1.5029
2.8642
0.9711
1.9811
2.1152
-2.3756
1.0439
-5.6778
-3.9286
-2.6779
-1.3339
-3.6371
-1.2123
-1.5002
-1.1018
-0.31668
-0.14338
2.724
1.0975
6.6978
5.5305
3.7234
3.6891
2.552
2.9642
4.121
3.6569
3.9253
2.5618
2.9788
1.1124
2.1578
3.5234
-0.73533
-1.4445
-0.9987
-2.7221
-3.2421
-1.8898
-0.45122
-3.3795
-0.64242
-1.9924
-1.9526
-1.4483
-1.3076
-1.2709
-1.3452
-2.2112
-0.17262
-2.521
1.5365
-0.070967
-1.5226
0.5541
-1.8462
-1.7552
-0.14496
0.26709
-4.3214
-2.2368
2.6419
-2.9397
-4.9124
-3.6531
-4.9016
-2.2001
-2.7624
-0.59121
-3.5518
-2.8679
-3.5108
-0.37892
-0.75266
-2.0554
1.297
0.98547
1.9839
1.3302
3.7252
2.828
3.4333
3.1974
2.129
0.90682
2.3967
2.1948
0.80021
2.8782
1.7183
2.7649
2.8178
1.563
-0.062461
2.6514
-2.2055
-4.0582
-0.98786
-1.6602
-1.8712
-1.6505
0.8527
0.62646
-2.0228
2.2572
0.27327
5.8689
4.8153
4.6236
2.4543
3.3393
2.5408
3.0229
2.5573
3.3857
1.6342
2.8278
-0.051735
1.441
-1.1512
-1.7444
-1.8902
-2.9679
-1.2273
-2.1879
-4.8524
-4.1727
-1.9221
-0.87422
-3.4102
-0.35858
-1.8397
-1.4273
0.55024
-1.5881
-1.2837
-2.8928
0.84834
0.093626
-0.63854
-1.4699
0.47351
-1.3217
-0.016696
0.7886
-1.7897
-3.5065
2.7551
-3.5347
-1.5155
-3.4899
-3.9403
-3.6757
-4.7404
-3.5858
-1.4475
-2.5186
-2.0668
-1.5264
-0.68975
0.4831
-2.0136
0.38621
1.1395
3.3256
1.1342
4.7478
0.002421
5.6088
0.80725
2.5012
1.8392
2.3284
1.2191
0.053004
3.2257
1.1283
1.2246
3.0659
3.0241
1.8906
2.4595
-3.2611
-0.7495
-1.2721
-1.7131
-1.1926
1.2542
-0.23827
0.12636
2.6372
1.0367
2.0337
5.7752
4.289
2.3221
3.014
4.1919
2.5851
4.0584
1.2713
1.9539
2.1624
-0.62312
-1.1677
-1.8554
-1.2569
-1.839
-3.3653
0.28274
-4.9123
-4.7627
-1.4085
-3.7846
-1.7129
-0.1871
-1.1321
-0.83574
-2.6037
-0.51482
-1.7406
-1.5728
-2.7434
-0.29399
-1.188
-2.8614
-0.051689
-1.357
-0.6896
-1.431
-1.2698
0.34089
-3.0643
1.8688
-2.9951
-4.4968
-3.5654
-4.2728
-2.8716
-1.3006
-2.0478
-3.6346
-1.9933
-1.4161
-1.7301
-1.8956
-0.60879
1.2877
0.062111
3.1111
1.9557
2.4831
3.857
0.97608
4.4622
0.5949
2.6276
2.0447
2.9637
0.85977
0.073684
2.5452
1.9002
2.277
2.0982
2.0456
3.5347
1.5805
-0.19864
1.3086
-1.8067
-5.0244
-1.3468
-1.9337
-0.63268
-3.0833
0.1021
0.71838
-0.0041139
-0.44851
3.4788
0.012948
4.3109
5.5286
4.0801
2.1266
3.0606
2.3997
2.946
2.9372
3.8166
1.8765
2.7028
-0.80729
-2.2075
-2.1389
-2.8956
-2.3308
-3.2318
-3.4016
-2.168
-2.0642
-1.3904
-4.003
-0.60274
0.0928
-1.9843
-1.5655
0.48128
-1.8318
-2.9126
-0.69153
-2.7886
-0.94643
1.2336
0.53251
-0.28037
-0.95933
1.6925
-3.0768
0.73425
1.049
-0.36159
-4.4314
2.2958
-1.105
-3.127
-3.8189
-3.7246
-5.2678
-3.3324
-1.9543
-1.7259
-3.1108
-4.5284
-1.7357
-0.43654
-1.8712
-1.6438
-0.48761
2.4724
2.5403
0.99399
1.6512
1.2617
5.2336
0.013865
3.2457
3.4975
1.2953
1.8937
0.33759
1.8602
1.9839
0.68585
3.265
2.1981
4.3446
1.9324
0.95369
2.3203
2.2696
1.082
-1.9753
-2.9796
0.58059
0.1339
1.0875
0.5093
2.161
0.35587
-0.32577
2.7479
1.417
2.1823
4.0651
4.2176
2.9097
1.2905
3.2614
3.2504
3.066
2.1869
2.0139
0.63133
-0.76638
-1.7109
-2.8109
-1.9596
-1.735
-4.0911
-3.0873
-2.2555
-2.528
-1.1268
-3.6315
-0.39241
-1.4736
-1.7124
-2.0416
-0.53168
-1.1585
-1.9418
-1.0245
-2.0085
1.8821
0.82281
-1.0581
0.69543
-1.51
0.48333
2.135
0.0087716
-2.6487
0.87465
1.3503
-3.1989
-1.7543
-3.6175
-4.065
-5.0601
-3.9439
-1.9124
-2.6277
-2.4735
-2.6232
-0.84618
-2.7524
0.21782
-1.4881
0.065736
2.868
1.0961
1.1313
3.2975
1.8178
2.4923
3.0519
2.799
2.3352
3.0501
2.77
2.4013
1.8118
3.477
1.6092
2.3855
2.5694
1.0334
0.28092
-3.5179
0.089586
-0.41185
0.070641
-0.2173
2.0275
2.1818
-1.9187
1.4575
1.5161
1.7419
3.3788
4.8224
3.1398
2.3975
1.791
2.2874
3.0938
4.3867
1.513
0.66527
0.28261
-0.82884
-1.388
-1.7789
-1.2235
-2.7136
-1.651
-1.3342
-5.6617
-3.7642
-2.3313
-2.5996
-0.10166
-3.6373
-3.1978
0.27622
-3.6712
-1.6199
-0.7843
-2.0013
-0.77015
-2.2187
-1.514
1.4623
2.0578
-0.46437
-0.13347
0.38508
0.29879
0.96118
-3.9831
2.0149
-0.97647
-3.2059
-2.0468
-4.0731
-3.2868
-3.7148
-1.8879
-3.1316
-2.792
-1.7498
-2.9271
-1.8282
0.42499
-3.0299
2.8902
1.0944
1.1006
1.6036
3.178
1.6006
2.0569
1.3049
3.0202
2.1993
1.4454
2.1159
0.45883
0.91842
2.0963
1.1445
3.1054
3.6423
4.2912
2.7034
0.66918
0.96021
-1.7032
-2.9504
-0.17917
-0.55267
0.08816
0.74583
2.2488
-0.84829
-0.74958
2.0493
2.188
3.372
4.7326
3.0579
2.8488
2.9922
1.5917
3.5114
1.5064
0.27486
-1.9177
-1.8826
-2.9483
-2.9699
-1.9485
-1.626
-3.4222
-2.0644
-3.2392
-2.2183
-3.2698
-3.2621
-0.59804
-2.1569
-1.0978
-2.2288
0.43065
-2.262
-0.081576
-1.4432
-2.0793
-1.8271
-0.18144
-4.454
-0.19619
0.98102
-0.83105
0.32193
-0.72791
-1.8782
0.91403
2.7561
-1.4813
-0.41263
-1.4279
-3.8814
-2.8475
-2.1458
-1.5813
-2.1842
-2.0503
-2.9129
-2.5589
-1.7264
0.24604
0.18657
2.5156
2.3311
5.0861
0.88292
3.8954
1.9667
1.5434
2.8614
0.87468
1.8027
1.4053
2.8051
1.5982
1.7507
0.2099
4.4112
0.52327
-0.83127
0.11671
-1.4981
-4.7275
-4.189
-0.82156
-1.0265
-2.4918
-0.73602
-0.28511
-1.4577
-0.71225
1.9033
2.757
5.3886
6.024
2.7774
2.6419
3.5514
2.9538
3.7535
3.3882
3.0537
3.3251
2.4942
1.5979
1.9611
3.4793
-1.6355
-1.4949
-0.5092
-2.9123
-1.9591
-0.67826
-3.8071
-2.4437
-0.34804
-2.1582
-0.67754
-2.8291
-1.3605
-2.6227
-2.5532
-2.843
-0.52061
-2.9674
-1.1649
-0.83913
0.324
-0.37835
-1.797
-1.3102
-1.0414
-3.9296
-1.8798
-0.96292
-3.2123
-2.2522
-0.6348
-3.4279
-1.7063
-3.0684
-1.7777
-2.5348
-2.5664
-1.635
-1.5091
-0.87919
-0.67196
0.92923
0.24073
1.1654
1.7228
3.3066
4.2244
3.72
1.8704
3.324
1.7586
1.4579
1.2826
2.6799
1.3438
2.3949
2.4556
2.4256
1.4931
1.7778
2.2985
0.93252
-1.5397
-4.8598
0.2636
-1.2236
-2.72
0.76419
-2.3493
-1.4246
-0.54704
1.2645
0.90257
1.1199
4.834
3.4186
3.8253
3.3585
4.3805
2.4663
2.9964
3.2326
4.1377
1.8186
1.3302
1.7841
-1.9901
-1.298
-1.1236
-1.3788
-2.5698
-1.1432
-1.2081
-7.158
-2.333
-0.95674
-4.0894
1.5461
-2.7538
-0.4498
-2.8274
