-0.0014146
0.00039287
-0.00027912
-0.00027765
0.0021185
0.00030419
-0.0011323
0.0014378
-0.00033645
0.00030386
0.0021435
0.0011354
0.0026814
0.0028594
0.0004801
-0.0013293
-0.00034841
-0.00032796
-0.00090165
-0.0040528
-0.00037077
0.00055979
-0.0030861
-0.0023783
-0.0021644
-0.001219
-0.0017421
0.00065557
-0.0016042
-0.00031937
0.00070733
-0.0022658
-0.00082342
0.001433
0.0029466
0.0001355
0.0018596
-0.00055783
0.0011219
-0.005978
0.00056092
-0.001023
0.00047223
0.0010706
-0.0012991
-0.0032072
4.5346e-05
0.0016789
-0.0014168
0.0021826
-0.00026906
-0.00039537
0.0022366
0.00062347
-3.3298e-05
3.4892e-05
0.00071031
0.0010862
0.0015284
-0.0011662
-0.00073554
0.00041938
-0.0011852
-0.00060881
-0.0022766
-0.0014101
0.0015292
9.1572e-05
0.00026992
0.0030386
-0.0012298
-9.5042e-05
0.0027763
-0.00010585
-0.00094637
-0.0020933
0.00077364
-0.0021098
3.1172e-05
-0.00063491
0.0003456
0.00059407
0.00037656
-3.0667e-05
-0.0014433
0.00057513
4.9425e-05
-0.0021466
0.0017414
-0.0022099
0.00089175
0.0033374
0.0033225
-0.0030966
0.003992
0.00057024
0.0008094
-0.0015065
-0.0017864
-0.0011974
-0.0016452
-0.001155
0.00090213
0.00065669
-0.00015959
0.0026505
0.0001437
-0.00091655
0.00065591
0.00052106
-0.00010882
0.00018696
-0.00027498
-0.0034982
-0.00021202
-0.00038641
0.00018499
3.0432e-05
-0.0029602
-0.0032135
-0.0014302
0.002146
0.00162
-0.0024331
-0.00033206
-0.0020259
0.0010929
0.0010333
-0.00017224
0.00056019
0.0028996
-0.00040624
0.002542
0.00137
-0.0011959
2.4481e-05
-0.0011915
-0.0020662
0.00030394
0.0017925
0.00025803
-0.0020326
-0.00024336
-0.0011121
0.0011548
-0.0019164
-0.0021727
0.0015634
0.00020701
-0.00033358
-0.0021961
-0.00067477
-0.0011356
-0.00054884
0.00097629
0.00094503
-4.9711e-05
0.0026258
0.00096735
-0.001105
4.7186e-05
-0.0009303
0.00041413
0.0016651
-0.0013766
0.0022321
0.0027645
0.00081985
0.001335
-0.0019533
-0.0002925
-0.00043113
-0.00063375
-0.001615
-0.00019905
0.0010318
-0.00062703
2.3363e-05
0.00016641
-0.00069263
-0.00078242
-0.0010633
0.00045326
0.0014349
-9.0408e-06
-0.0017499
0.0013253
0.0005669
-0.00064534
-0.00057267
-0.00035772
-0.00079583
-0.0016162
0.0013585
-0.0014451
-1.0121e-05
0.0015567
6.5853e-05
-0.0024935
-0.0021157
0.0011872
-0.00092881
0.00030273
-0.0010152
0.00037833
-0.00023702
0.00075389
0.00045103
-0.00065614
-0.0034408
0.00047597
0.00041455
0.0003869
0.00038026
-0.0022841
0.0011611
-0.002382
-0.00038682
6.5054e-05
0.0009789
-0.0030947
-0.0007392
-0.00021132
0.00081831
0.0014889
-0.0023824
-0.00084729
0.00067636
0.00081794
0.00099676
0.00036567
0.0016275
-0.0013729
0.0012799
0.0019087
0.002634
-0.0019056
-0.00062673
0.00046329
-0.00064718
-0.00044048
-0.00023783
-0.00012788
0.0010012
-7.8718e-05
-0.0016258
-0.0009713
0.00073752
-0.00074065
-0.001437
0.00032249
-0.0023325
0.0014337
-0.0016355
0.00050613
0.002928
-0.0019197
0.0010475
-0.0011658
-0.0025199
0.00039889
0.00072486
0.002618
0.0023934
-0.0012242
-0.0025113
-0.00078877
0.0022954
0.0023539
-0.0015219
-0.0011945
-0.00034769
0.00094798
0.0021226
-0.0033439
-0.0020185
-0.00097573
-0.0013815
0.0019486
0.0002074
-0.0001618
0.00024092
-0.00035251
-0.00031682
2.2988e-05
-0.00072168
0.0011987
-0.000303
0.00047746
0.00238
0.00096438
-0.00043828
0.00042013
-0.0021215
0.0012282
-6.5276e-05
-0.00061625
0.0015045
0.00028338
-0.0013464
-0.00013612
-0.0011561
-0.0009769
-0.0035071
-0.0013062
1.296e-05
0.0023837
-0.00095601
0.00040669
0.0024381
0.00038583
-0.00066955
0.0010974
-0.0011911
0.0024463
-0.0040272
-0.0015629
0.00078068
-0.00022769
-0.00054362
-0.00098927
4.649e-05
0.00053773
8.333e-05
-0.0016754
-0.00069601
0.0014248
0.0025294
0.00024653
0.0021341
0.00031697
0.0020074
0.0019821
0.0012024
0.00085188
0.0024042
0.00040372
-0.0003514
-0.0023679
0.00017572
0.00037501
-0.00066951
-0.0036688
-0.00055925
-0.0015524
0.002776
-0.00086662
-8.9896e-05
0.0029421
0.0015761
0.0025051
0.0010814
0.00042273
0.0020145
0.0016658
-0.00084725
0.0023721
0.00083695
-0.0010897
-0.00044789
-0.00052315
-0.001703
-0.00068333
0.0020838
-0.0017249
0.0036723
-0.00057974
-0.0016817
0.00026401
0.0041607
-0.0013449
0.0014911
-0.0024007
-0.0015181
0.002589
-0.0014492
-0.00058425
-4.547e-06
6.091e-05
0.0016287
-0.00082818
-0.0004166
0.00071746
-0.0011371
-0.0013196
-0.0026041
0.00013844
0.0010974
-0.00028212
-0.00016394
0.0018474
-0.0012034
4.9859e-05
-0.0029327
0.00010907
-0.00075224
-0.00094934
0.00018207
-0.00086776
0.00098749
-0.00067402
0.00093532
-0.0021667
5.428e-05
0.00034523
0.0021706
-0.00018526
0.001097
-7.1281e-05
-0.0032035
-0.00095192
-0.0014325
-0.00060775
0.0030766
0.0012687
0.0020019
-0.0010376
0.0010892
0.00079338
-0.0016743
0.0020093
0.00032403
0.0019922
-4.2195e-05
0.0040605
0.00018503
-0.0013371
0.001588
-0.003665
0.001214
0.00080461
-0.0030675
-0.0013721
-0.00043335
-0.00038013
-0.00080628
0.0005833
-0.001666
0.0011481
-0.0015189
0.00030424
-0.0022532
-0.0014839
-5.3385e-05
2.8094e-07
-0.0013196
-5.8915e-05
-0.00017034
0.0034689
0.00040598
-0.00022886
0.0012318
0.00014036
0.0010448
-0.0021891
-0.0001435
-0.0022718
0.0027808
-0.0024521
0.00029196
0.00103
-0.00076681
-1.9571e-06
-0.0011028
-0.0015286
-3.7385e-05
0.0004402
0.0024938
0.00032807
-0.0028525
0.00089247
0.0013958
-0.0014902
0.00039031
0.0031266
0.0014382
-0.0018028
0.0010597
0.00084888
9.8587e-05
-0.00036178
0.0018085
0.0032815
0.0015727
-0.0012511
0.001803
-0.00016253
0.0005095
0.0015094
-0.001871
-0.00062449
0.00025395
0.00076207
-4.8165e-05
0.00088764
0.0033504
0.0014557
-0.0016124
-0.00072171
-0.0017146
0.0011227
-0.0018166
0.0016957
0.0010858
0.0010326
0.0015072
0.00063989
0.00073042
-1.6107e-05
-0.00058649
-6.2695e-05
-0.0014411
0.0020417
-0.00067736
0.0024992
0.00015412
0.00020442
-0.00037449
0.00067937
0.001578
-0.002366
0.0003586
0.00051292
0.00075574
0.0017653
-0.0028768
-0.00084093
0.00075053
-0.00057006
-0.00023183
0.0017001
0.0010098
-0.00095454
-0.0021466
-0.0015401
-0.0017782
0.00019694
0.00047711
0.0008254
-0.00076308
0.0002033
0.00066559
-0.0027486
0.00026251
0.001845
0.0018767
-1.6104e-05
0.0014908
-0.00082452
0.00010493
-0.00074777
-0.0020211
3.9764e-05
-0.0011072
-0.0034937
0.0010817
0.0015988
0.00046069
0.00093047
0.0014159
-0.00098806
-0.0018274
-0.00096498
-0.0009948
-5.2609e-05
-0.0023258
-5.8984e-05
-0.0029137
-0.00073323
-0.001548
0.0017251
-0.0010436
-0.0014031
0.00084811
-0.0016836
-0.0012984
-0.0012038
-0.001317
0.0019016
0.00071031
-0.00091163
0.0045229
-0.0021186
-0.00078359
-0.00025821
0.00079822
-0.0015863
-0.0008174
-0.0019358
0.00056465
0.0011541
3.9334e-05
0.0008761
-8.6153e-05
-0.001149
-0.0015848
-0.0015703
-0.00017627
-1.8735e-05
0.0015597
-0.0004803
-0.00085693
0.0011271
-0.0024584
0.0018741
-0.00072986
0.0019043
-0.0017327
-3.772e-05
0.00047077
0.0006004
0.003242
-0.00087927
0.0011041
-0.0022405
0.0015343
0.0033829
0.00078221
-0.00012268
0.0010583
0.00025843
0.00020739
0.0015608
-0.0020568
0.001119
0.0020678
-0.00038043
0.0011246
0.0013473
0.0015441
0.0010143
0.0022295
-0.00034728
0.00014744
-0.0021552
0.0019769
0.0021062
-0.0022844
0.0022176
0.00065814
-0.00015806
-0.0002553
0.0017251
-0.0012932
0.0020622
0.001309
-0.0012373
0.0015298
-0.00064578
-0.003259
-0.00069339
0.0011246
-0.0029971
-0.001257
-0.0019175
0.0021214
-7.351e-05
-0.0033965
-0.0024394
-0.001878
-0.00046426
-0.00048399
-0.00043704
0.0028643
0.0023424
-0.0019783
0.0031005
0.00067008
-0.0012533
0.0017795
-0.00047848
0.0012296
-0.00051011
0.00040037
0.0034469
-0.0016474
-0.000186
0.0016312
-2.8802e-05
-0.00047471
0.0021256
-0.001748
-0.00086661
0.0015962
-0.0015964
0.00051324
0.00068643
-0.0023065
-0.0022096
0.00092526
3.3418e-05
0.0010664
-0.0015796
0.00097816
-0.00095901
0.0012352
0.00098968
0.00039403
-0.00060361
-0.0011229
-0.00067178
-0.0011848
-0.0012351
0.0014785
-0.00092468
-8.1309e-05
0.00025322
-0.0011773
-0.00011263
-0.0011035
-0.00021507
0.0010675
0.0011391
7.4757e-05
-0.00059688
-0.00080409
-0.00090685
0.00047
-0.0022528
-0.00039386
-0.00048624
0.00029872
-0.0012287
-0.0020472
-0.0029818
0.0025528
0.00071031
0.00049607
-8.1372e-05
-0.00070418
-0.0014351
-0.00027093
-0.00041696
0.0027037
0.00024727
-0.0022506
-0.00019979
-0.00012043
-0.00015142
0.0032599
-0.00058089
0.002656
0.0030244
-0.0063952
0.00032551
0.0032756
-0.0035335
-0.0015748
-0.0035473
0.00087459
0.0022869
0.00029233
-0.0030746
0.00030752
0.00029307
0.0017198
-8.4648e-05
-0.001152
0.0013722
-0.00057713
-0.0014227
0.00021404
0.0012218
0.0011302
-0.0006487
-0.00080177
-0.00084201
-0.00061176
-0.0017725
-0.0023657
0.0025469
0.0012318
-0.00025752
0.001376
-0.00030111
0.00018651
0.0011521
-0.00075006
-0.00090919
0.0013909
0.0024981
0.0019699
0.00055086
-0.00015769
0.00096028
0.0016372
-0.0018989
-0.0010741
-0.0037499
0.0017369
0.0009748
-0.0029375
0.0017493
0.00091107
0.0006075
0.0030762
-6.6014e-05
0.00083994
0.0036955
6.1372e-05
0.0022284
0.0032357
-0.00022624
0.0012768
-0.00020685
0.0010151
-0.00013424
-9.1383e-05
-0.00036223
0.00081721
0.0010787
-0.0039593
-0.0097879
0.0093957
0.0026758
0.0026128
-0.0046573
-0.0091752
0.0077206
0.0072456
0.0022388
-2.1685e-05
0.0038872
0.0010588
-0.0033588
-0.023787
-6.8076e-05
-0.0011732
0.004818
-0.0046841
0.0066852
0.00072481
0.0050218
0.0013842
0.004784
0.0062594
0.00083695
0.0026236
0.0028638
-0.00041781
0.0059633
-0.0010504
0.00038613
0.00025392
-0.0014682
-0.0020975
-0.0019279
-0.0052483
0.0024019
-0.00094972
0.0022038
-0.0051875
0.0032191
-0.0017132
0.0013479
-0.0006469
0.0061425
-0.0089801
0.012722
-0.0037806
0.0033757
-0.0063915
-0.0013659
-0.0097758
-0.0050643
-0.0026107
-0.00058725
-0.0036542
0.0045306
0.0014418
0.00032276
-0.00099439
-0.00094261
-0.00069286
0.0037751
-0.0020698
0.0067505
0.005025
0.0039219
-0.0015431
0.0032371
0.00092073
0.0023699
0.0021185
0.0023475
-0.00016208
0.0036165
0.0015417
0.0014353
0.0011633
0.0017987
0.0017135
0.0019091
0.0035216
0.0045786
0.004848
-0.00087374
-0.00024406
0.002041
-0.0041631
0.00030496
0.00059745
-0.0020594
-4.2642e-05
0.0054553
0.0040166
-1.272e-06
0.0029503
0.00035826
0.00047715
-0.00024673
-0.0014518
-0.0032646
-0.0010101
-0.0041762
-0.0036722
-0.0055608
-0.004099
-5.3336e-05
0.0019884
-0.0048236
-0.0012675
0.0021326
0.001313
0.0047607
-0.00063209
-0.00050203
0.00051769
0.0011354
0.0011018
-0.0030142
0.00095209
0.00056618
0.0040016
-0.0012593
-0.00073959
-7.2007e-05
0.002868
0.00053412
-0.00061588
-0.0011613
-0.00013898
-0.0038636
-0.0034069
-0.0043401
-0.0062031
-0.0045815
-0.0077257
-0.0083191
-0.00509
-3.2856e-05
-0.0013769
0.0028821
0.0037829
0.002434
-0.00059028
-0.0012239
-0.00068665
-0.002604
-0.0011658
0.0011413
-0.0048639
-0.0035816
-0.0033513
-0.0044075
-0.0020118
-0.0054614
-0.0027977
0.00037375
0.00056718
-0.003181
0.0039645
0.0038751
0.0080614
0.0053949
0.0092957
0.00032096
0.0018268
0.0008861
-0.0038706
-0.002121
-0.0055277
-0.007261
-0.0066319
-0.0042887
-0.0058242
-0.004707
-0.0025843
-0.0065859
-0.0050806
0.00095224
0.0016748
0.0016225
0.0043082
0.0032535
0.0057841
0.0069397
0.0058173
0.0079542
0.0037654
0.0029684
0.0020642
-0.00054502
-0.0010101
-0.00022177
-0.0045733
-0.0032188
-0.0051581
-0.0037244
-0.0046884
-0.0041865
-0.0024717
-0.0015178
-0.00013238
0.00073193
0.0014661
0.0042098
0.0062487
0.0042069
0.0046505
0.0039152
0.00079333
-0.0025475
4.9062e-05
-0.0023467
-0.0044091
-0.0034541
-0.0056435
-0.0079405
-0.0047257
-0.0059814
-0.0052233
0.003432
0.0015335
-0.00079652
0.0025949
0.0020872
0.0031407
0.0017973
0.0021434
-0.001754
6.7673e-05
0.0038574
-0.00075262
-0.00086811
0.00011983
0.0032781
-0.00081518
-0.0010999
0.00038361
-0.0020795
-0.00090679
8.1849e-05
-0.0018773
-0.0014801
-0.00036929
-0.0050926
-0.0066758
-0.006744
-0.0066088
-0.0060919
-0.0051037
-0.0050945
-0.0021343
-0.0018655
-0.0015279
0.00018578
0.00037353
0.004994
0.0028647
0.0052816
0.0050712
0.0052314
-0.00013528
-0.0039433
-0.0039429
-0.0025705
-0.0044113
-0.0045875
-0.0050847
-0.0026141
-0.0022666
-0.0047082
-0.0060981
-0.012471
-0.049488
-0.083366
-0.1093
-0.10988
-0.074813
-0.068728
0.076021
-0.021661
-0.0012617
-0.066357
-0.026389
-0.038604
-0.0012359
0.043174
0.019295
0.002085
0.010497
-0.022364
0.017013
0.00074886
0.11545
0.063043
0.05633
-0.013471
0.068741
0.020795
0.09577
0.17126
0.20605
0.29133
-0.24547
-0.043812
-0.19285
-0.23691
-0.057323
-0.29868
-0.41963
-0.53667
-0.59493
-0.40315
-0.40126
-0.24957
0.077739
0.10841
-0.030711
0.019054
0.028434
-0.049028
0.11084
0.12761
0.19031
0.14266
-0.33509
-0.20392
-0.046366
0.040254
0.014635
0.43831
0.24508
0.39683
0.16795
0.49105
0.41084
0.51388
0.51678
0.52925
0.49203
0.31311
0.34956
-0.075668
-0.066098
-0.060832
-0.091645
-0.021742
-0.16333
-0.04825
-0.18594
-0.095716
-0.10453
0.22955
0.25117
0.2881
0.32582
0.18728
0.15908
0.081634
0.14696
0.050772
0.0086358
-0.1326
-0.2074
0.054392
-0.24571
-0.12263
-0.074639
0.013932
-0.086671
-0.027184
-0.050251
-0.096877
-0.51173
-0.64885
-0.59405
-0.52345
-0.40665
-0.42717
-0.2419
-0.279
-0.21618
-0.073582
-0.018482
-0.0267
0.15625
0.122
0.14206
0.28592
0.25697
0.14007
0.15395
0.27184
0.30142
0.34124
0.060316
0.15059
0.057349
-0.18322
-0.048344
-0.17931
-0.061455
0.094904
0.14445
0.22102
0.28627
0.21929
0.47784
0.18173
-0.1963
0.032293
-0.072465
0.025217
-0.12778
0.3926
0.17051
0.38604
0.40285
0.39681
0.1888
0.2664
0.19654
0.11088
-0.027702
-0.11261
-0.068678
-0.1946
-0.20439
-0.26749
-0.30816
-0.33696
-0.38585
-0.18876
-0.16094
-0.23694
-0.20065
0.095831
-0.051586
-0.17406
0.044441
0.095962
-0.050997
0.080029
0.05267
-0.10049
-0.15681
-0.11434
-0.30245
-0.34204
-0.075303
-0.032613
0.063257
0.033385
0.10571
0.0081734
0.091011
-0.018221
-0.10735
-0.28162
-0.23666
-0.3676
-0.25106
-0.018731
-0.18288
-0.38351
-0.1801
-0.18259
-0.041364
0.075379
0.046367
0.23968
0.097775
0.21462
0.18415
0.2725
0.33853
0.38251
0.18087
0.22084
0.19475
0.18505
0.11602
-0.094024
0.031331
-0.054585
-0.10442
-0.11711
-0.10738
-0.029291
-0.015943
-0.0054753
0.13435
0.12486
-0.067298
0.25676
-0.0068012
-0.3115
-0.25916
0.16696
0.32151
0.49722
0.43416
0.38504
0.39326
0.31081
0.46965
0.55636
0.5387
0.27112
0.11672
0.01092
-0.12119
-0.037053
-0.11975
-0.20679
-0.26258
-0.32188
-0.34032
-0.37685
-0.26827
-0.21373
-0.11183
0.04622
0.26127
-0.055213
-0.011208
0.13957
-0.010356
0.044836
0.078939
0.12099
-0.042516
-0.1313
-0.12274
-0.21074
-0.51724
-0.2175
-0.070868
-0.029631
-0.03242
0.10434
-0.25066
-0.22886
-0.55449
-0.3027
-0.35693
-0.34719
-0.40394
-0.1101
-0.33312
-0.41493
-0.26774
-0.27113
-0.010266
-0.048324
0.21514
0.12024
0.18481
0.16514
0.2738
0.30329
0.29525
0.33295
0.17761
0.38965
0.09523
-0.14515
0.11939
-0.031197
-0.082166
-0.18296
0.10523
0.10924
0.040705
0.18481
0.088545
0.19775
0.059837
-0.0072988
0.037339
-0.30446
-0.21312
-0.2784
-0.22437
0.34976
0.32127
0.60818
0.45962
0.44272
0.36648
0.20346
0.42687
0.42692
0.26445
0.40567
0.32875
0.097631
-0.36508
-0.28746
-0.29918
-0.3078
-0.42969
-0.24124
-0.24786
-0.12745
0.0073795
-0.024633
-0.17439
0.00047513
-0.013216
-0.17336
0.10023
-0.026079
0.082014
-0.090547
-0.18619
-0.24004
-0.39927
-0.20367
-0.058357
-0.12627
0.043947
0.016908
-0.059835
0.16714
0.16333
-0.036189
-0.13335
-0.29216
-0.28956
-0.37814
-0.37992
-0.14096
-0.22375
-0.21478
-0.1703
-0.034436
0.13379
0.21078
0.25926
0.13477
0.16068
0.19453
0.20806
0.15334
0.26888
0.37259
0.29765
0.09584
0.10483
-0.032647
-0.030212
0.06246
-0.12574
-0.11853
-0.22686
0.027321
-0.13747
0.18006
0.096315
0.07961
0.094815
-0.04292
-0.19996
-0.25271
0.32831
0.49473
0.38488
0.55525
0.54302
0.51068
0.21342
0.46684
0.461
0.45403
0.58263
0.24279
0.15259
0.038207
-0.047456
-0.15555
-0.32181
-0.36331
-0.26597
-0.32406
-0.36289
-0.33294
-0.34083
-0.27318
-0.26596
-0.2001
-0.050131
0.067738
-0.13138
-0.064598
-0.071215
-0.16133
-0.12322
-0.25921
-0.66677
-0.17567
-0.21213
-0.11954
-0.024008
-0.052759
0.02164
-0.029978
0.059171
-0.027213
-0.17506
-0.28483
-0.21111
-0.35474
-0.29271
-0.24699
-0.072182
-0.076565
0.11219
-0.049574
-0.14591
-0.067126
-0.030057
0.10421
0.25677
0.26644
0.27172
0.25886
0.2105
0.22471
0.33384
0.27895
0.11317
0.2317
0.020359
0.10032
-0.18982
0.092911
-0.11159
-0.095634
0.0022506
0.14219
0.10094
0.058596
0.21515
-0.0043213
0.082146
0.031201
-0.11147
-0.032156
-0.23281
-0.23919
-0.24206
-0.24227
0.11937
0.36628
0.48194
0.38423
0.40545
0.33446
0.23825
0.14199
0.33402
0.31493
0.40537
-0.11831
-0.25856
-0.23557
-0.35306
-0.37809
-0.32159
-0.29141
-0.49675
-0.34123
-0.24243
-0.14943
-0.028247
-0.21824
0.094006
0.042007
-0.15542
0.17201
-0.088316
0.15521
-0.087313
0.026104
-0.28126
-0.1327
0.11202
-0.085489
-0.16326
-0.1508
-0.00015517
0.056082
0.11178
0.18452
-0.25266
-0.39812
-0.38166
-0.43422
-0.14648
-0.1516
-0.14352
-0.27246
-0.21634
-0.16853
-0.034836
-0.017024
0.25856
0.18751
0.20311
0.23098
0.25871
0.23788
0.27748
0.23049
0.19858
0.12471
-0.074655
-0.030112
-0.16749
-0.19892
-0.12478
-0.19903
-0.087965
-0.20149
-0.069498
-0.0051102
-0.10618
0.01225
0.10063
-0.21865
-0.11924
-0.025004
-0.46371
-0.39524
-0.049479
-0.11622
0.31708
0.30832
0.58024
0.59525
0.43306
0.46643
0.52966
0.89511
0.75926
0.61032
0.73908
0.45479
0.029168
0.084549
0.015453
-0.064059
-0.082694
-0.15221
-0.23791
-0.36572
-0.40325
-0.44321
-0.50896
-0.43642
-0.47039
0.0317
-0.08952
-0.029266
0.018491
-0.13179
-0.2058
0.063175
-0.15789
0.037992
-0.13404
-0.19532
-0.40436
-0.60469
-0.63973
-0.33951
-0.28963
-0.17018
-0.14431
0.0019962
-0.07934
-0.31804
-0.21358
-0.20962
-0.17582
-0.17073
0.034771
0.24338
-0.065408
0.048547
0.0046077
0.018108
0.09956
0.19992
0.18519
0.15859
0.26367
0.30273
0.37499
0.48069
0.3016
0.49961
0.31282
0.22693
0.19856
0.14221
0.14948
-0.15493
0.074669
-0.05695
-0.0015774
-0.074395
0.14948
0.0038922
-0.14083
0.16283
0.094416
-0.13861
0.11122
0.017885
-0.32481
-0.48391
-0.056554
-0.072066
0.1971
0.26061
0.3605
0.37656
0.2714
0.29065
0.316
0.40905
0.39296
0.36914
0.64005
0.22777
0.11474
0.046688
-0.18239
-0.15531
-0.25058
-0.37274
-0.35339
-0.38803
-0.35713
-0.35303
-0.32297
-0.40251
-0.073366
-0.14371
-0.12876
-0.083968
0.036862
0.017911
-0.00047685
0.017689
0.025191
-0.12515
0.028837
-0.069671
-0.079432
-0.0508
-0.15386
-0.2686
-0.60042
-0.346
-0.22122
-0.075432
-0.074015
-0.037926
-0.25394
-0.11177
-0.083834
0.046791
-0.028309
0.13151
0.046726
-0.10411
0.067724
-0.020132
0.21364
0.15734
0.21292
0.28423
0.28963
0.23666
0.25631
0.046914
0.18121
-0.011189
-0.04224
0.0094641
-0.22163
-0.1622
-0.073311
-0.19867
-0.021907
0.072337
-0.25652
0.061469
-0.23564
-0.24079
-0.0885
-0.19787
-0.022526
-0.096982
-0.24727
-0.34855
-0.31266
-0.5326
-0.23818
-0.31508
0.20574
0.29085
0.30956
0.30157
0.3144
0.25045
0.41148
0.5553
0.65922
0.43552
0.15965
0.1947
0.080119
0.0057641
-0.053555
-0.17155
-0.19784
-0.34953
-0.23585
-0.40739
-0.33346
-0.36121
-0.27804
-0.26728
-0.16893
-0.10834
-0.44477
-0.039351
-0.14246
-0.05202
-0.060282
-0.044285
-0.15841
-0.079989
-0.16226
-0.055385
-0.15223
-0.1541
-0.43002
-0.48475
-0.5792
-0.28197
-0.2724
-0.040334
-0.17616
0.070689
-0.056508
-0.23352
-0.19669
-0.13538
-0.18023
-0.081382
0.10466
0.18346
0.057108
0.018914
0.17201
0.097132
0.074612
0.20075
0.22285
0.20958
0.31553
0.32734
0.35156
0.4382
0.42018
0.38715
0.26252
0.19111
0.12381
0.020684
-0.029658
-0.21973
-0.041351
-0.22528
-0.094444
-0.1722
-0.047138
-0.39282
-0.099395
-0.075933
-0.25416
-0.11441
-0.061847
-0.21943
-0.42902
-0.062426
-0.73405
-0.23736
-0.37471
-0.00090821
0.22106
0.36273
0.50056
0.58257
0.58256
0.66445
0.57671
0.52745
0.18468
0.11022
0.1519
0.020522
0.0089892
-0.10186
-0.22208
-0.37273
-0.39607
-0.3559
-0.39286
-0.26187
-0.27095
-0.10428
-0.041764
-0.046225
-0.053143
0.11739
-0.09878
0.17902
-0.0047766
0.09469
0.05207
-0.3685
-0.12038
-0.14609
-0.29842
-0.26756
-0.35154
-0.54391
-0.32351
-0.19317
-0.021419
-0.20886
-0.18526
-0.32353
-0.10237
-0.14822
0.090232
0.091007
0.1549
-0.14282
-0.012213
-0.067912
-0.088171
-0.0284
0.15067
0.20373
0.28507
0.39619
0.28746
0.24151
0.1398
0.19948
0.030619
0.1041
0.081606
-0.15028
-0.11396
-0.16652
-0.29327
-0.22737
-0.042139
-0.098652
-0.26259
-0.10989
-0.26184
-0.15781
-0.085032
-0.11081
0.021454
-0.23748
-0.29718
-0.32655
0.13801
0.24347
0.48427
0.50931
0.33777
0.33302
0.46135
0.75202
0.74942
0.82598
0.72071
0.72852
0.56702
0.10864
0.23553
0.20514
0.067652
0.05582
0.0077935
-0.15329
-0.35935
-0.3629
-0.37991
-0.31182
-0.43953
-0.34314
-0.22216
-0.26284
-0.018798
-0.081549
-0.08091
0.047891
0.047308
0.045436
0.16093
0.11385
0.19896
-0.051034
-0.15611
-0.29401
-0.034228
-0.29662
-0.039071
-0.16882
-0.087464
-0.17939
-0.19571
-0.27736
-0.29882
-0.619
-0.22016
-0.23696
-0.13599
-0.26902
-0.38513
-0.063921
-0.21293
-0.15676
-0.010404
0.064963
0.0046782
0.063272
0.05177
0.15897
0.089898
0.052766
-0.033968
-0.066699
0.095536
0.12233
-0.039291
0.26503
-0.052557
-0.1575
-0.30464
-0.1951
-0.21868
-0.14618
-0.086871
-0.034432
-0.1047
-0.037279
0.043367
-0.0012416
0.0046462
0.013504
0.23924
0.57137
0.6384
0.29305
0.44658
0.49824
0.42111
0.90497
0.71349
0.94254
0.7342
0.64648
0.42873
0.12312
0.14961
0.14682
0.12453
0.03548
-0.039044
-0.080487
-0.17153
-0.24282
-0.34409
-0.36768
-0.43748
-0.56408
-0.51531
-0.55557
-0.33731
-0.3297
-0.22061
-0.25005
-0.042747
-0.21691
-0.074366
-0.09376
0.06711
-0.088448
-0.27908
-0.19238
-0.18071
-0.35123
-0.37497
-0.37521
-0.31539
0.042281
-0.033601
-0.17572
-0.065117
-0.11578
-0.20152
-0.19542
-0.019236
0.079014
0.019783
-0.044849
-0.02288
-0.059171
-0.024505
0.020765
0.10367
0.16996
0.24654
0.32005
0.31326
0.41452
0.3937
0.29407
0.17105
0.19529
0.095451
0.077621
0.072219
-0.19532
-0.05958
-0.40044
-0.3362
-0.33372
-0.2727
-0.28441
-0.32839
-0.18253
-0.24845
-0.13362
-0.1416
-0.22614
-0.36252
-0.16869
0.28451
0.36703
0.18187
0.63172
0.51934
0.51766
0.74381
0.73313
0.85798
0.97663
0.74419
0.81131
0.5902
0.30867
0.43782
0.28397
0.26963
0.18897
0.0053984
-0.07032
-0.030889
-0.11602
-0.12726
-0.080201
-0.15197
-0.2375
-0.22659
-0.23526
-0.078002
-0.15634
-0.16042
0.045413
0.1506
0.022781
-0.032469
-0.091747
-0.15861
-0.16019
-0.28551
-0.34009
-0.23501
-0.44527
-0.14251
-0.30158
-0.081443
-0.040778
-0.11885
-0.17234
-0.47922
-0.4734
-0.45039
-0.38791
-0.40251
-0.40823
-0.48343
-0.42665
-0.32606
-0.17631
-0.06549
-0.067409
0.11076
0.075317
0.14456
0.24768
0.33907
0.29878
0.16668
0.20762
0.32547
0.24408
0.34877
0.21118
0.20464
0.13532
0.14637
0.075021
0.12584
0.13114
-0.076921
0.020431
0.18495
0.22966
0.31469
0.30803
0.18481
0.19768
0.050247
0.015259
0.011701
-0.090555
0.31108
0.34342
0.261
0.29949
0.17225
0.32765
0.28025
0.30943
0.2562
0.31147
0.11996
-0.037053
-0.059682
-0.14611
-0.22141
-0.3388
-0.3934
-0.40732
-0.41931
-0.33
-0.18326
-0.20952
-0.11898
-0.031993
0.010662
-0.12225
0.0041312
0.25404
0.22346
0.028388
0.086523
0.16583
0.03159
-0.13793
0.042865
-0.046875
-0.06428
-0.26519
-0.045351
-0.041736
0.26463
0.083985
-0.39701
-0.55892
-0.46418
-0.29789
-0.25074
-0.24938
-0.22709
-0.46652
-0.42837
-0.36912
-0.29298
-0.24843
-0.094843
-0.060355
-0.011996
0.045389
-0.037203
0.13229
0.16473
0.29445
0.39224
0.34646
0.26822
0.27486
0.062513
0.11513
0.068693
-0.19268
-0.075413
-0.048151
-0.20317
-0.025995
-0.14662
-0.030811
-0.0090556
0.046508
0.087435
0.015061
0.087195
-0.060945
-0.22932
-0.10317
0.34002
0.47523
0.51841
0.52593
0.52098
0.3702
0.44001
0.50047
0.67137
0.65217
0.37516
0.25258
0.22159
0.004296
-0.084378
-0.20412
-0.28128
-0.25964
-0.32905
-0.30206
-0.43453
-0.29449
-0.31183
-0.24005
-0.23709
0.056745
-0.048411
-0.28171
0.19546
0.096198
-0.0098122
-0.11919
0.065751
-0.018088
-0.18629
-0.16533
-0.22708
-0.095319
-0.27845
-0.40268
0.037854
0.064564
0.070832
0.075931
0.1961
-0.15661
-0.32036
-0.28437
-0.35238
-0.31995
-0.023995
-0.20496
-0.48228
-0.25731
-0.30342
-0.13712
-0.019929
0.11097
0.021943
0.10559
0.08176
0.10386
0.18361
0.23587
0.33665
0.3081
0.31108
0.30528
0.12635
0.010304
-0.095708
0.15505
-0.14216
0.042394
-0.070781
-0.096648
-0.19722
-0.091557
-0.019873
-0.015116
0.15905
0.12332
0.12032
0.033613
-0.039659
-0.13972
-0.14432
0.40378
0.42227
0.41936
0.46574
0.35236
0.51407
0.59945
0.52064
0.56552
0.56015
0.36011
0.16869
0.13412
0.10713
0.0040788
-0.14754
-0.22465
-0.33917
-0.35366
-0.39345
-0.32203
-0.27804
-0.27012
-0.22208
-0.23486
-0.21896
-0.12245
-0.080924
0.015283
0.0086928
0.21419
-0.11586
-0.11473
-0.050873
-0.077536
-0.13216
-0.19272
-0.28327
-0.21784
-0.20543
0.021295
-0.037149
0.14334
0.027255
0.081707
0.0016907
-0.10168
-0.19896
-0.18993
-0.39339
-0.321
-0.43905
-0.25071
-0.32176
-0.17508
-0.085781
0.032456
0.050945
0.093882
0.16077
0.18511
0.26204
0.24745
0.49472
0.29679
0.37452
0.24142
0.21033
-0.025392
0.080474
-0.017068
-0.058179
-0.0054033
-0.15093
-0.092203
-0.20634
0.069402
0.061801
0.060581
0.18947
0.052069
0.035087
0.010484
-0.10504
-0.070242
-0.17464
-0.14489
-0.20075
0.1611
0.38174
0.44784
0.4485
0.52418
0.48188
0.43059
0.41008
0.47328
0.45116
0.35423
0.40905
0.33926
0.16045
0.15112
-0.31196
-0.34679
-0.35197
-0.32922
-0.30437
-0.35696
-0.3305
-0.23419
-0.23333
-0.016648
-0.20426
-0.041691
0.1188
-0.079344
-0.049886
0.0029468
-0.010802
-0.035332
-0.20687
-0.066017
-0.20028
-0.14027
-0.18854
0.052446
-0.056669
0.099927
0.10074
0.1465
-0.0044945
-0.10761
-0.1367
-0.30834
-0.37675
-0.26396
-0.31273
-0.47008
-0.36076
-0.17613
-0.48207
-0.45808
-0.45146
-0.28379
-0.16653
0.091263
0.13362
0.30722
0.2758
0.44801
0.38188
0.34789
0.36489
0.27302
0.17459
0.076051
0.19686
0.076863
-0.10746
0.12471
-0.056202
-0.15522
0.058397
0.059196
0.13846
0.17292
0.12856
0.07249
-0.054169
0.034172
-0.14454
-0.090181
-0.15705
-0.12351
0.20107
0.4742
0.37115
0.30673
0.42017
0.31891
0.25512
0.41689
0.42001
0.3856
0.43623
0.33462
0.28631
0.10429
-0.0033629
-0.028743
-0.093138
-0.23317
-0.32368
-0.41608
-0.12948
-0.077792
-0.12687
0.012109
-0.025734
0.18719
0.12207
0.34513
-0.044579
0.14806
-0.029995
0.019293
-0.06007
0.017744
-0.17872
-0.03282
-0.10773
0.10518
0.024809
0.2003
0.24787
0.12949
-0.10406
-0.12798
-0.50792
-0.39282
-0.36444
-0.43738
-0.48928
-0.46276
-0.18589
-0.56323
-0.50076
-0.53899
-0.39183
-0.37962
-0.19813
-0.10288
-0.1793
-0.0485
-0.034534
0.03067
0.096855
0.43703
0.20218
0.16937
0.11007
0.07062
0.088886
-0.047463
0.083398
-0.1622
-0.012841
-0.12739
-0.073664
0.073488
0.11785
0.16656
0.13072
0.071128
-0.035326
-0.14569
-0.14851
-0.2014
-0.069822
-0.18072
0.14302
0.45853
0.46212
0.44673
0.40912
0.34587
0.25124
0.37632
0.52083
0.51556
0.62699
0.51907
0.35454
0.11466
0.1212
-0.0010743
-0.028804
-0.17189
-0.26634
-0.36218
-0.39539
-0.46981
-0.42087
-0.35487
-0.16988
-0.19216
-0.15935
0.13288
-0.0020335
0.010591
0.14932
-0.11907
0.069424
-0.13736
-0.16416
-0.18432
-0.21998
-0.13053
-0.27487
0.18892
0.10858
0.024381
0.23621
0.030289
-0.16182
-0.30602
-0.36328
-0.32315
-0.22691
-0.43978
-0.33232
-0.37394
-0.28047
-0.29212
-0.63017
-0.36609
-0.36097
-0.19834
0.011139
-0.048069
0.15722
-0.05606
0.048407
0.12423
0.2089
0.25238
0.25743
0.38335
0.061435
0.11076
-0.18627
0.063697
-0.058096
-0.18835
-0.013535
-0.14649
0.17949
0.083806
0.19144
0.028873
0.14646
-0.054721
-0.14069
-0.11746
-0.26629
-0.11657
-0.07429
0.45744
0.45742
0.49072
0.53057
0.60402
0.47037
0.39038
0.50613
0.48861
0.44762
0.57603
0.56211
0.25709
0.17147
0.15958
0.026855
-0.03802
-0.13856
-0.22938
-0.23727
-0.32073
-0.37084
-0.21535
-0.27993
-0.12661
-0.26766
-0.26319
-0.23191
0.033661
-0.1292
-0.25006
-0.037114
-0.25916
-0.17307
-0.27501
-0.22386
-0.28014
-0.1967
-0.10271
-0.051344
0.092869
-0.047541
-0.11073
-0.077692
-0.30265
-0.27436
-0.29035
-0.32741
-0.44196
-0.45022
-0.27595
-0.27039
-0.56143
-0.34331
-0.29355
-0.16602
-0.013322
0.067041
0.0097359
0.01076
0.097611
0.064195
0.16991
0.15571
0.37492
0.33188
0.32652
0.29521
0.35042
0.13382
0.23123
-0.059509
-0.068428
-0.16279
-0.14331
0.11453
-0.036333
0.14893
0.080345
0.022542
0.057943
-0.17207
-0.13494
-0.079201
-0.18708
-0.21746
0.17833
0.31211
0.45661
0.54539
0.58508
0.40689
0.4733
0.54782
0.49656
0.54712
0.43781
0.38786
0.18975
0.1087
0.023973
-0.02462
-0.15651
-0.25709
-0.33902
-0.34103
-0.42416
-0.2827
-0.37849
-0.36407
-0.2054
-0.22463
-0.19477
0.012245
-0.048886
-0.095733
-0.076246
-0.081708
-0.22026
-0.17375
-0.25657
-0.24937
-0.14052
0.033462
0.011558
0.12922
0.0045245
0.20922
0.10695
-0.036526
-0.047048
-0.15311
-0.29605
-0.3526
-0.46843
-0.45174
-0.20327
-0.17287
-0.3844
-0.11758
-0.29085
-0.17738
-0.10324
-0.039304
0.16693
0.19681
0.19487
0.38676
0.21566
0.36865
0.18428
0.014087
-0.083543
0.1186
-0.13061
-0.12157
-0.11134
-0.12447
-0.15056
-0.18768
-0.044564
-0.038204
-0.065102
0.096723
-0.05847
-0.10417
-0.047424
-0.26512
-0.242
-0.098925
-0.19452
-0.25391
0.25902
0.38788
0.51326
0.51628
0.58817
0.56219
0.49565
0.59392
0.59841
0.56871
0.23799
0.025249
0.018337
-0.22827
-0.2711
-0.30022
-0.38842
-0.35736
-0.26213
-0.45754
-0.26553
-0.1245
-0.28236
-0.036897
-0.080274
-0.01094
0.05268
0.024794
-0.0075577
0.042376
-0.084986
0.015985
-0.063532
-0.13008
-0.29111
-0.14683
-0.16108
0.00061427
0.040293
-0.048309
-0.095803
-0.087656
-0.37614
-0.46049
-0.52457
-0.3877
-0.29664
-0.36224
-0.30304
-0.31652
-0.30313
-0.3181
-0.26023
-0.10375
-0.041668
-0.035085
0.049451
0.10764
0.14461
0.30904
0.38654
0.31358
0.35809
0.36693
0.18609
0.055891
0.086057
-0.0014137
0.023939
-0.093902
-0.097719
-0.18325
-0.043867
-0.19107
-0.073193
0.12806
-0.024637
0.054815
-0.155
-0.1624
-0.21764
-0.11169
-0.26389
0.14198
0.27685
0.6289
0.42778
0.52842
0.45952
0.41139
0.46974
0.52629
0.6958
0.76736
0.50025
0.46113
0.21962
0.13576
0.099903
0.040238
-0.067621
-0.16135
-0.22362
-0.30568
-0.387
-0.44724
-0.28348
-0.34012
-0.30237
-0.17431
-0.16865
-0.14788
-0.029981
0.10897
0.13404
-0.13776
0.022276
-0.15008
0.028472
-0.14501
-0.17464
-0.0039045
0.14557
0.045538
0.19223
0.039993
-0.1012
-0.18314
-0.19209
-0.31097
-0.35665
-0.40546
-0.57718
-0.41554
-0.39747
-0.62127
-0.52763
-0.20361
-0.29649
-0.10514
-0.089044
-0.038192
-0.026433
0.019311
0.15073
0.14518
0.30679
0.40018
0.23149
0.17164
-0.00089955
0.19607
-0.083032
-0.10089
-0.055598
-0.1572
-0.1012
-0.047146
0.086397
0.0050356
0.060241
0.017635
0.018105
-0.054059
-0.094275
-0.20785
-0.24062
-0.12264
-0.10889
0.34696
0.35484
0.40134
0.53141
0.57797
0.53106
0.4947
0.56157
0.56199
0.339
0.60481
0.67356
0.45152
0.37632
0.34792
0.14552
0.061147
-0.080172
-0.1856
-0.31108
-0.22935
-0.30256
-0.23235
-0.30456
-0.22084
-0.045615
-0.28228
-0.20845
-0.32488
0.027493
0.10731
0.14525
0.22322
0.18205
-0.14168
-0.08437
-0.14804
-0.20372
-0.23619
-0.13604
-0.21879
-0.24889
-0.10315
-0.11287
0.029583
0.1615
-0.12612
-0.10719
-0.12124
-0.33383
-0.41067
-0.45596
-0.51225
-0.37888
-0.47236
-0.35736
-0.29042
-0.15273
-0.091784
-0.058017
-0.035268
-0.053826
0.069704
0.10317
0.2398
0.36764
0.27632
0.43799
0.34418
0.31587
0.19548
0.084139
0.12711
0.21044
-0.061988
-0.0084033
-0.066205
-0.10693
-0.080153
0.16776
0.046024
0.14346
-0.19511
-0.041224
-0.15185
-0.16535
-0.10177
0.25491
0.46539
0.50643
0.64003
0.47231
0.35168
0.56472
0.47802
0.56343
0.41819
0.44031
0.39405
0.14337
0.12372
0.096644
-0.022241
-0.11627
-0.25095
-0.27923
-0.3747
-0.41095
-0.33431
-0.33841
-0.24458
-0.16312
-0.25419
-0.092308
-0.099108
-0.022587
0.056276
0.13619
-0.084932
0.090886
-0.13276
0.046632
-0.14083
-0.048272
-0.18226
-0.14436
-0.19598
0.24365
0.0090559
-0.046502
-0.14689
-0.21513
-0.32082
-0.29451
-0.33886
-0.43099
-0.57274
-0.3322
-0.52966
-0.66303
-0.52388
-0.5072
-0.34718
-0.17431
-0.18634
-0.028616
-0.0015344
0.065774
0.02586
0.080983
0.21998
0.2208
0.24791
0.32465
0.38874
0.31728
0.20026
0.12043
0.056331
0.12453
0.16908
-0.054233
0.035316
-0.28423
0.049086
-0.19049
-0.090869
0.10143
0.022978
0.059694
0.025966
0.015639
-0.15099
-0.11838
-0.3026
0.41939
0.57681
0.63772
0.60654
0.44266
0.59765
0.63173
0.53819
0.58995
0.71385
0.34053
0.30921
0.29976
0.1163
0.10597
-0.047982
-0.15981
-0.33562
-0.27205
-0.35215
-0.26332
-0.32594
-0.26082
-0.10736
-0.23373
-0.29319
-0.17049
-0.10611
0.066957
0.10052
0.064499
0.13814
0.064526
-0.19504
-0.071044
-0.28756
-0.14683
-0.31577
-0.14351
-0.16853
-0.016562
-0.034318
0.094224
0.0014923
-0.13267
-0.1257
-0.35155
-0.32991
-0.27157
-0.43749
-0.48499
-0.55147
-0.48266
-0.36999
-0.29484
-0.13636
0.096971
-0.011892
0.0058393
0.0088193
0.10555
0.16129
0.28172
0.20559
0.36029
0.3715
0.32642
0.26701
0.18721
0.14968
0.053065
0.33013
0.041089
0.036283
0.08163
-0.057882
-0.075061
-0.028471
0.19461
0.089073
0.21777
0.13448
0.043572
0.06259
-0.077678
-0.17028
-0.11135
-0.24258
-0.21345
0.068354
0.38566
0.37291
0.35251
0.36817
0.41819
0.29323
0.29605
0.48376
0.41777
0.52037
0.31117
0.079795
0.0034102
-0.08665
-0.44261
-0.26954
-0.29825
-0.30492
-0.16644
-0.08682
-0.2149
0.0065596
-0.11131
-0.096472
0.14372
0.046494
0.0004211
-0.10633
0.12575
-0.13338
-0.040996
-0.12646
-0.12131
-0.22654
-0.21903
-0.35756
0.051968
0.036678
0.14568
0.088471
0.19603
0.07401
-0.018859
-0.21548
-0.22696
-0.21151
-0.37809
-0.24432
-0.21443
0.014436
-0.095143
-0.2804
-0.10526
-0.24144
-0.10314
-0.037453
0.061016
0.21452
0.22272
0.26154
0.20442
0.37154
0.40651
0.23759
0.19652
0.05002
0.017566
-0.14758
-0.021485
-0.18928
-0.0167
-0.2316
-0.18225
-0.24681
-0.15294
-0.025851
-0.033699
-0.083921
-0.015502
-0.1236
-0.11253
-0.22217
-0.22706
-0.33476
-0.47078
-0.37172
-0.048618
0.3643
0.3969
0.60212
0.4014
0.54369
0.47022
0.58201
0.70708
0.67211
0.57188
0.54191
0.34978
0.14552
0.12844
-0.0011947
-0.13349
-0.19981
-0.31956
-0.23313
-0.29612
-0.32638
-0.28709
-0.28117
-0.19967
-0.26322
-0.069366
-0.16507
-0.094278
-0.079634
-0.054669
-0.15902
-0.21803
-0.2417
-0.30928
-0.37623
-0.33257
0.010681
-0.11663
-0.013297
0.017051
0.029996
0.033219
-0.01596
-0.056157
-0.17109
-0.21848
-0.1665
-0.3054
-0.11207
-0.16305
-0.11698
-0.26406
-0.095183
9.58e-05
-0.28557
0.022184
0.13239
0.19221
0.2002
0.27236
0.30137
0.30842
0.33226
0.34936
0.25194
0.11471
0.18381
0.10907
0.11976
-0.14302
0.0043493
0.12305
-0.25722
-0.089868
-0.28378
-0.19885
-0.36366
-0.059786
0.043299
-0.11637
0.075958
-0.10887
-0.13338
-0.13962
-0.39439
-0.13008
0.1448
0.30449
0.39398
0.42166
0.4466
0.37512
0.61447
0.71386
0.68273
0.87292
0.70322
0.69476
0.55203
0.28046
0.16516
0.12679
0.0044788
-0.11544
-0.18473
-0.18757
-0.28643
-0.30153
-0.12876
-0.21397
-0.19809
-0.12204
-0.22349
-0.1025
-0.15918
0.20259
0.16466
0.24482
0.059548
0.12545
-0.041976
-0.073202
-0.099296
0.015154
-0.33404
-0.11908
0.029692
-0.078046
-0.082257
-0.24618
-0.25958
-0.36473
-0.4954
-0.41375
-0.47295
-0.43062
-0.46713
-0.39461
-0.53553
-0.53132
-0.43246
-0.14835
-0.15347
-0.045922
-0.089103
-0.065439
-0.075076
0.0082596
0.11166
0.16103
0.1821
0.18864
0.28762
0.18424
0.086988
0.16625
0.11894
0.10719
-0.085667
-0.015009
-0.12652
-0.073139
0.021209
-0.11136
-0.03953
0.10631
0.032229
-0.01757
0.075904
-0.011933
-0.13614
-0.06997
0.0023059
0.31098
0.28628
0.66731
0.69775
0.51051
0.75388
0.83181
0.67861
0.57961
0.72662
0.32978
0.14918
0.25324
0.15775
0.040205
-0.035653
-0.12311
-0.1716
-0.2695
-0.36282
-0.42009
-0.52132
-0.50608
-0.4175
-0.46997
-0.51279
-0.34058
-0.3266
-0.38634
-0.036547
-0.034196
-0.13018
0.02392
0.009333
-0.0063954
-0.17196
-0.33298
-0.14103
-0.19338
-0.27877
-0.27311
-0.41506
-0.32967
-0.34219
-0.1924
-0.26774
-0.26421
-0.20723
-0.22891
-0.096124
-0.16685
-0.14718
-0.17692
-0.036309
-0.072916
0.074659
0.13533
0.042381
0.14406
0.31874
0.35217
0.30041
0.4079
0.42151
0.32808
0.32729
0.31033
0.31847
0.26951
0.26887
-0.053996
-0.10169
-0.10103
-0.13147
-0.18969
-0.07273
-0.03114
-0.048534
0.049321
0.016854
0.032259
0.16768
0.0066902
0.062456
-0.045646
-0.19162
-0.022414
0.28091
0.33743
0.43105
0.57005
0.25586
0.26669
0.31075
0.30541
0.50053
0.53648
0.50408
0.22761
0.1138
0.15385
-0.00088805
-0.13069
-0.1027
-0.18289
-0.33746
-0.3035
-0.33538
-0.4454
-0.23663
-0.21168
-0.098588
-0.025208
0.084647
-0.057323
0.0029599
0.17733
0.0085624
-0.22483
-0.14115
-0.21286
-0.28806
-0.12701
0.13559
-0.050584
0.19562
0.039256
0.27131
0.02973
-0.12965
-0.1229
-0.19801
-0.37213
-0.60023
-0.31717
-0.39934
-0.33226
-0.17744
-0.25792
-0.27853
-0.35393
-0.24703
-0.15886
-0.080525
-0.025277
0.018986
0.096289
0.16141
0.18265
0.23815
0.19856
0.17447
0.17512
0.31174
0.13536
0.10774
-0.022514
0.01495
-0.17823
-0.30034
-0.11448
0.03816
-0.10139
0.064342
-0.038011
-0.074021
-0.047126
-0.24753
-0.30965
-0.19119
-0.21836
0.21361
0.39915
0.41821
0.61185
0.64326
0.61194
0.5269
0.69807
0.7124
0.8483
0.77518
0.85267
0.50918
0.36138
0.26173
0.13091
0.17878
0.088788
0.023976
-0.067749
-0.14745
-0.19802
-0.32408
-0.20202
-0.26041
-0.28594
-0.19141
-0.2312
-0.34275
-0.19976
0.071894
-0.1435
-0.22264
-0.22993
-0.32271
-0.32616
-0.2627
-0.30112
-0.22402
-0.14335
-0.095978
0.052199
0.011131
0.07555
-0.22322
-0.10503
-0.2471
-0.31035
-0.24217
-0.31638
-0.40395
-0.5298
-0.23435
-0.36226
-0.62476
-0.2799
-0.24276
-0.094954
0.057348
-0.057366
0.060426
-0.059428
0.13544
0.21159
0.28496
0.26644
0.32335
0.3452
0.29179
0.30469
0.20282
0.13987
0.028325
0.24296
0.085744
-0.064976
-0.03839
-0.080551
0.10169
0.0039422
0.18007
0.0086262
0.018795
-0.081253
-0.13459
-0.22027
-0.11112
-0.22421
0.030911
0.30569
0.3979
0.41509
0.49745
0.47096
0.37574
0.44981
0.5883
0.56277
0.61296
0.30568
0.18639
0.14974
0.09628
0.043085
-0.044106
-0.12094
-0.25709
-0.3337
-0.31252
-0.44267
-0.23429
-0.23747
-0.19978
-0.24381
-0.13918
-0.16167
-0.13701
0.076208
0.070544
0.16633
0.078494
-0.15297
-0.025011
-0.21034
-0.075438
-0.11757
-0.0095968
-0.029183
0.20734
0.0093585
0.026181
-0.14278
-0.16382
-0.24221
-0.35357
-0.33306
-0.35917
-0.53394
-0.26216
-0.26819
-0.48386
-0.34406
-0.3474
-0.29182
-0.12807
-0.10772
0.063009
0.10745
0.05029
0.21581
0.18486
0.25122
0.23113
0.18262
0.37247
0.34936
0.30727
0.12968
0.062658
-0.025005
0.12412
-0.16612
0.027506
-0.092866
-0.13303
-0.11157
-0.05683
0.14393
-0.044748
0.16944
0.098772
0.040107
-0.028079
-0.045068
0.27738
0.43109
0.43608
0.42065
0.49402
0.41844
0.34341
0.52681
0.55938
0.46733
0.63427
0.47513
0.11692
0.10573
0.084763
-0.033335
-0.13075
-0.27539
-0.42475
-0.3079
-0.4154
-0.39976
-0.21518
-0.10837
-0.13551
-0.25381
-0.10987
-0.088969
-0.21591
0.034553
0.21441
0.0031564
-0.0044112
-0.027753
-0.077927
-0.15231
-0.1088
-0.18816
-0.23942
-0.28627
-0.16631
-0.042064
0.068712
0.080314
0.24707
-0.17792
-0.31264
-0.3613
-0.38481
-0.38389
-0.47961
-0.3245
-0.4605
-0.31295
-0.21626
-0.094883
-0.018025
-0.049257
0.01702
0.13064
0.22549
0.20832
0.15936
0.17746
0.16917
0.20279
0.22872
0.38415
0.22955
0.20163
0.1619
0.12046
0.038286
-0.20847
-0.075216
-0.055105
-0.17871
-0.13401
0.090587
0.037221
0.011301
0.017437
-0.0053606
-0.023043
0.013055
-0.21648
-0.18123
-0.19612
-0.31641
0.089625
0.36589
0.52936
0.47421
0.49794
0.58975
0.38814
0.34917
0.57517
0.64471
0.56255
0.75342
0.51127
0.25477
0.25779
0.057106
0.018532
0.06418
0.0030852
-0.06758
-0.20911
-0.20316
-0.26179
-0.21786
-0.16643
-0.23896
-0.1145
-0.14805
0.10498
0.15521
0.088955
-0.077925
-0.012323
-0.18643
-0.2326
-0.24684
-0.17502
-0.12167
-0.26943
-0.10428
-0.054128
0.02963
0.15655
0.056441
0.029064
-0.11688
-0.23795
-0.27337
-0.4709
-0.37516
-0.49436
-0.57866
-0.34972
-0.23032
-0.51921
-0.3494
-0.36868
-0.29722
-0.21667
-0.070966
-0.050933
-0.0086627
0.00565
0.055723
0.28565
0.17825
0.27083
0.3016
0.3852
0.48781
0.30733
0.29418
0.14423
0.11273
0.23099
-0.082527
0.17329
0.0059641
-0.054781
-0.049836
0.11271
0.15437
0.056005
0.15826
0.16897
0.13628
0.1703
-0.056104
-0.052363
0.019096
-0.18541
-0.1983
-0.18075
0.17366
0.43024
0.45819
0.42509
0.39828
0.27333
0.091837
0.29907
0.32117
0.24069
0.27454
0.34391
0.17296
0.03729
-0.014272
-0.068806
-0.18715
-0.30079
-0.34592
-0.36549
-0.37016
-0.4278
-0.28096
-0.27928
-0.21797
-0.17894
0.17972
0.064938
0.093847
0.037422
-0.018938
0.033381
0.035568
-0.10793
-0.15369
-0.095641
0.01452
0.077254
0.15191
0.17335
0.17013
0.22337
0.071288
-0.1538
-0.12315
-0.37516
-0.38011
-0.42767
-0.53147
-0.37807
-0.19913
-0.33522
-0.41349
-0.3725
-0.386
-0.32415
-0.27938
-0.12792
-0.056115
-0.12676
0.059605
0.13866
0.21034
0.29216
0.33427
0.44392
0.37781
0.4365
0.15811
0.10393
0.13287
0.087766
0.031914
0.11784
0.0081357
-0.01653
0.031535
0.21375
0.13367
0.12998
0.067065
-0.074917
-0.051072
-0.12048
-0.18646
-0.20504
-0.096604
0.29994
0.36025
0.39251
0.3642
0.36238
0.19965
0.14968
0.3579
0.30475
0.36491
0.44147
0.32877
0.13895
0.094956
-0.042151
-0.11219
-0.2063
-0.36095
-0.45937
-0.40106
-0.34164
-0.29407
-0.17796
-0.16102
-0.10723
-0.16831
0.044395
-0.025694
0.041392
0.19525
0.063406
0.11901
0.0021102
0.0068908
0.014182
-0.047993
-0.14265
-0.054004
-0.16335
-0.039346
0.056362
0.12518
0.18976
0.21972
0.080605
-0.14976
-0.38791
-0.42676
-0.38836
-0.45262
-0.50557
-0.32103
-0.59796
-0.59574
-0.36691
-0.2835
-0.10172
-0.088976
-0.07988
-0.027904
0.035325
0.12295
0.13609
0.28002
0.30088
0.32376
0.38605
0.32083
0.20039
0.22125
0.099898
0.16652
0.042213
0.1523
0.027309
-0.023393
-0.034075
-0.0089413
0.061058
0.22501
0.24847
0.20541
0.17223
0.11873
-0.018535
-0.10284
-0.16436
-0.18384
-0.28331
0.1472
0.33179
0.43699
0.51302
0.46462
0.28837
0.18436
0.3137
0.40571
0.37745
0.42116
0.2658
0.17481
0.1381
0.026015
-0.055015
-0.045218
-0.40933
-0.41213
-0.38989
-0.33229
-0.28622
-0.18515
-0.022913
-0.048388
-0.053374
0.10891
0.13021
0.0042471
0.10079
0.019439
0.12977
-0.08933
-0.039024
-0.062552
-0.098462
-0.23226
-0.07707
-0.19908
0.0074179
0.073912
0.13996
0.074882
0.25134
-0.070201
-0.23337
-0.28229
-0.25806
-0.32145
-0.094712
-0.31298
-0.30275
-0.25957
-0.35942
-0.31364
-0.24905
-0.2347
-0.23368
-0.20845
-0.084442
0.0052059
0.19602
0.28439
0.29635
0.079372
0.10599
0.035264
0.046199
-0.14943
0.03925
-0.22765
-0.1477
-0.2152
-0.22857
-0.16772
-0.052554
0.0054658
0.015287
0.055489
0.10935
0.14503
-0.39065
-0.33865
-0.29992
-0.27868
-0.1584
0.38161
0.72967
0.65861
0.5106
0.54308
0.42639
0.39636
0.66081
0.74478
0.80794
0.80228
0.5868
0.39498
0.28363
0.22806
0.11659
0.043781
-0.079015
-0.10711
-0.18132
-0.20312
-0.29104
-0.1967
-0.26444
-0.49937
-0.17955
-0.25432
-0.31673
-0.15729
-0.14796
-0.092865
-0.060452
0.061438
-0.19773
-0.3134
-0.37826
-0.27971
-0.47921
-0.35392
-0.062966
-0.14276
-0.1236
0.041454
0.040814
-0.13668
-0.107
-0.24259
-0.17905
-0.28928
-0.28091
-0.18947
-0.30106
-0.23495
-0.23468
-0.13938
-0.19689
0.0034221
0.065362
0.11093
0.15693
0.26838
0.32987
0.30299
0.27579
0.3043
0.27901
0.21473
0.22888
0.2056
0.2173
0.10955
-0.085083
-0.059568
-0.016481
-0.20227
-0.13961
-0.18593
-0.12365
-0.1512
0.012233
0.028434
0.0041347
0.016467
0.028373
-0.036219
-0.018144
-0.3728
-0.17495
0.25885
0.21528
0.42586
0.49274
0.34573
0.40619
0.46549
0.54265
0.49845
0.60867
0.60218
0.41405
0.3371
0.29612
0.078834
-0.075272
-0.11234
-0.21179
-0.3063
-0.39805
-0.28142
-0.36653
-0.35876
-0.14529
-0.18072
-0.21739
-0.02779
-0.11358
-0.083723
-0.17085
0.25252
-0.11453
0.063048
-0.011123
-0.037722
-0.081845
-0.1835
