-0.00079741
0.00030379
0.00087586
0.00080347
0.00016334
-0.00072024
-0.0011704
-0.00013159
0.00099395
0.00098405
0.00066302
-2.9046e-05
-0.00062682
-0.00074133
-0.00063731
0.00022023
0.0009153
0.00031733
-0.00022935
-0.00016576
-0.00011497
-6.8563e-05
-0.00018217
-0.00012159
0.00055531
0.0012971
0.00094039
-0.00073948
-0.0022267
-0.0014393
0.0011394
0.0024983
0.0015037
-0.00040541
-0.0014027
-0.0014603
-0.0010197
-7.753e-05
0.00078099
0.0010246
0.00030661
-0.00013778
0.00012956
-0.00053634
-0.0011481
-0.00039019
-0.00015884
-0.00062514
-9.0233e-05
0.00033758
-0.00049224
-0.00082418
5.4416e-05
0.001112
0.0020365
0.0014574
-0.00090967
-0.0019386
-0.00031338
0.00087681
0.00011212
0.00025388
0.001056
0.00070393
0.00014534
-9.9185e-05
-0.0006703
-0.00098827
-0.0003907
-0.00040502
-0.00044044
6.7199e-05
0.00077125
0.00089684
-0.00073586
-0.0010411
0.00054979
0.00068962
-0.00049516
-0.0011051
-0.00031101
0.00067167
0.00076047
0.00049341
4.7674e-05
-0.00026946
0.00016325
0.00025565
-0.00054627
-0.00037625
0.00069527
0.0014282
0.001439
0.0001877
-0.0013608
-0.00099644
0.00041661
0.00072036
0.00017998
-4.5725e-05
-0.00024039
-0.00099841
-0.00099474
-0.00076859
-0.00081031
-0.00047657
0.00028045
0.0013144
0.00069084
-0.0006293
-0.00049741
2.4637e-05
0.00028288
0.00038423
0.00011992
-0.00012748
-9.592e-05
0.00037706
0.00079414
-0.00017546
-0.0012838
-0.00076628
0.0005272
0.0010943
0.00087441
0.00089818
0.00067853
-7.5498e-05
-0.00041715
-0.00085038
-0.0014366
-0.00065126
0.00096025
0.0012736
0.000589
0.00042535
0.00052144
9.5502e-05
-0.00060171
-0.0013501
-0.0016887
-0.00086297
0.00049424
0.0010935
0.00051589
0.00015988
0.00073874
0.00073715
-0.00021764
-0.00076698
-0.00081003
-0.00073172
-0.00087766
-0.0012312
-1.4501e-05
0.0014498
0.0010311
0.00017264
1.0487e-05
7.9001e-05
0.00041534
0.0007617
5.4796e-05
-0.00074834
-0.0005676
-0.00014488
2.1208e-05
2.2985e-05
-0.00013913
0.00012035
0.00067963
6.3089e-05
-0.00059338
-8.4616e-06
0.00026312
0.00038377
0.00056266
-7.8298e-05
-0.0010779
-0.0014903
-0.0007274
0.00059825
0.001243
0.00063398
-0.00021835
-2.9601e-05
0.00086576
0.00054443
-0.00091452
-0.0010514
-0.00021329
0.00041007
0.00087688
0.0004729
-0.0002682
-0.00045115
-0.00034018
0.0002946
0.00066389
0.0003142
0.00045303
0.00038294
-0.0001408
-0.00061465
-0.0011278
-0.00074842
-0.00019183
0.0002258
0.00086955
0.00063825
-0.00016232
-0.00034825
-2.1726e-05
3.6094e-05
-0.0002331
0.0001686
0.00073919
0.00010833
-0.0010732
-0.0010657
0.00017067
0.00066741
0.00077473
0.00085931
-6.5198e-05
-0.001273
-0.001617
-0.00039175
0.00089784
0.00068122
1.8952e-05
-6.7169e-05
6.7212e-05
-0.00013043
0.00032015
0.0006745
-0.00036619
-0.00083759
-0.0004359
-1.8229e-06
0.00073506
0.00099254
0.00061341
0.00023192
0.00031017
0.0005207
-0.00020088
-0.00075505
-0.00065047
-0.0001924
0.00041213
-5.642e-05
-0.00033911
0.00011315
0.00028623
0.00028004
0.00014001
9.2512e-06
-0.00046924
-0.00072995
-0.00028637
-0.00040831
-0.00067743
0.00027752
0.001401
0.0014913
0.0010089
-0.00020572
-0.0012311
-0.00077549
-0.00037153
-0.00040633
0.00022978
0.00067782
0.00059177
0.00081202
0.0004071
-0.00065554
-0.0010726
-0.00097316
-0.00068611
-0.00031952
-1.5943e-05
9.3471e-05
0.00041142
0.0011122
0.0014892
0.0012399
0.00030029
-0.00090113
-0.0018262
-0.0017996
-0.00084194
-0.00024622
0.00062624
0.0018539
0.0014646
1.8749e-05
-0.00074239
-0.0009272
-0.00083869
-0.00088187
-0.00092114
-0.00010943
0.0006723
0.00023512
-6.6111e-05
0.0011545
0.0017377
0.00045027
-0.0011569
-0.001591
-0.00091852
-0.00027203
0.00073191
0.00095788
-0.00020248
-0.00051805
0.00038876
0.00062639
0.00013674
0.00050924
0.00083245
0.00043128
0.00029641
4.6603e-05
-0.00073135
-0.0012597
-0.00091789
0.00013384
0.0004134
0.00029911
0.00052995
8.178e-05
-0.00048336
-0.00016822
0.00035848
0.00052251
0.00050852
0.00020519
-0.00010677
-0.00055065
-0.0012268
-0.0017411
-0.0012894
5.7536e-05
0.0010333
0.0015665
0.0014197
0.00031235
-0.00058221
-0.0011531
-0.0013718
-0.00045614
0.00015709
6.6822e-06
0.00048144
0.00087756
0.00052997
-0.00021976
-0.00083359
-7.3948e-05
0.00095341
0.00074865
0.00059978
0.00064819
-2.5826e-05
-0.00071173
-0.00063567
0.00029831
0.00094786
-0.00017718
-0.0014668
-0.00073182
0.00048425
0.00037203
3.2298e-05
7.8455e-05
6.5722e-05
0.00040996
0.00061781
-0.00042672
-0.0014454
-0.00088652
0.00064211
0.0018377
0.0013461
-0.00063631
-0.0018224
-0.0018118
-0.0016283
-0.00015987
0.0016087
0.0015994
0.00046857
-0.00097575
-0.0016942
-0.0013206
-0.00030453
0.00053371
0.00026671
0.00028457
0.0011143
0.0015436
0.0012995
0.00041674
-0.00034193
-0.00032505
0.00050116
0.00092013
-5.5246e-05
-0.00090675
-0.00084975
-0.00051483
-0.00042441
-0.00025163
0.0003098
5.463e-05
-0.00047229
2.5628e-05
0.00044773
0.00066021
0.0011664
0.00087776
-0.00051706
-0.0014363
-0.00096634
-9.0443e-05
0.00034188
0.000307
0.00026151
0.0002681
0.00033161
0.00063875
0.00053605
-7.7049e-05
-0.00026938
0.00031791
0.00039521
-0.00045685
-0.00094586
-0.0011416
-0.00078416
0.00073781
0.0015685
0.0012825
0.00084138
-0.00020524
-0.0014011
-0.0011341
0.00012687
0.00056039
0.00045621
5.6463e-05
-0.00059147
-0.0009847
-0.00097687
-0.00077925
-0.00045542
0.00036387
0.00095858
0.0010446
0.0010478
0.00079884
-1.3785e-06
-0.0011979
-0.0016805
-0.00066586
0.00042705
0.00084999
0.00098409
0.00032273
-0.0004356
-0.00045729
-0.00019295
-4.776e-05
0.00011645
0.00038081
0.00026128
-0.00016145
-0.00035542
3.7094e-05
0.00051765
9.342e-05
-0.0005355
-0.00053113
-0.00022681
-1.9029e-05
0.00022193
0.00040419
0.00052955
0.0004096
-0.00040059
-0.00079556
-0.00040448
-0.00022741
-0.00014266
0.00043143
0.00040229
-0.00035109
-0.00038245
-0.00016461
-0.00022483
0.00033058
0.00093385
0.00043176
-9.7828e-05
-4.9843e-05
-0.00013854
-0.0004472
-0.00026148
0.00056802
0.00080744
0.00023224
-0.00072941
-0.0013054
-0.00062554
0.00040968
0.00074499
0.00033949
-0.00011826
0.00016064
0.0006089
0.00022986
-0.00035482
-0.00010124
0.00068093
0.0010295
0.0004937
-0.00059039
-0.001189
-0.00042637
0.0005813
-0.00017219
-0.0017
-0.0012994
0.00060809
0.0013113
0.00059739
-7.3578e-05
-0.00036562
-0.00037688
0.00016565
0.00069569
0.00030105
-5.4258e-05
-0.00017171
-0.00056012
-0.00049777
-0.00045413
-0.00056629
-4.5249e-05
0.0008046
0.001547
0.0012801
-1.3747e-05
-0.00086836
-0.00092443
-0.00062869
-0.00022516
-0.00033765
-0.00099706
-0.00046058
0.00099607
0.0012634
0.00066814
5.2905e-05
-0.00019404
9.3779e-05
0.00033261
0.00050751
0.00078515
0.00045494
-0.00052089
-0.0014275
-0.0012831
-1.316e-05
0.00048765
0.0001625
1.7845e-05
-0.0001014
0.00022674
0.00063696
0.000314
-0.00012293
-0.00035686
-0.00076935
-0.00044384
0.0010714
0.0015715
0.0005815
-0.00038438
-0.00055665
-0.00031601
-0.00061714
-0.00076826
-0.00080311
-0.00088034
-0.00015691
0.00020547
-0.00013569
0.00014389
0.0010284
0.0013508
0.00066553
-7.198e-05
-0.00050815
-0.00068543
-0.00011928
0.00054344
0.00022567
-0.00035458
-5.9466e-05
0.00043092
-0.00031347
-0.0011823
-0.00011081
0.0017643
0.0017687
4.4124e-05
-0.00095976
-0.0012081
-0.00086635
0.00036804
0.0010941
0.001288
0.00099765
3.2651e-06
-0.0006438
-0.00084155
-0.0010851
-0.00043914
0.00019176
-0.00079731
-0.0012265
-0.00012243
0.00051007
0.00036437
0.00021616
0.00011067
-0.00034697
-0.00075792
-9.8919e-05
0.0006711
0.00067466
0.00065619
0.00080673
0.00057073
-0.00060863
-0.0015276
-0.00088819
-0.00015111
-0.00047541
-0.00065411
-0.00017938
0.00017954
0.00051947
0.0011945
0.0014042
0.00045834
-8.3491e-05
0.00017264
-0.00016798
-0.00045314
-0.00022848
0.00018413
0.0005141
0.00042732
0.00021806
-0.00013383
-0.00025352
-0.00021198
-0.00046273
-0.00019878
-8.6028e-05
-0.00082092
-0.00035307
0.00077033
0.00085787
0.00062007
0.00045415
0.00018376
-0.00024418
7.7633e-05
0.00045493
-0.00033457
-0.00041467
-0.00013307
-0.0012981
-0.0017109
-8.4609e-05
0.0012617
0.0014138
0.0010603
0.00034679
-0.00023565
-0.00070825
-0.00091751
-0.00065887
-0.00056011
-0.00051434
-0.00029654
0.00023949
0.00083909
0.00058086
-0.00038654
-0.00097176
-0.00046945
0.00029255
0.00062679
0.00062918
0.00053813
0.00053854
-0.00035506
-0.0011274
-0.00034101
0.00072141
0.00094081
0.00027574
-0.00038826
-0.00073379
-0.00087293
-0.00039593
0.0001419
0.00047275
0.0010066
0.00061236
-0.00018961
0.0001927
2.0398e-05
-0.00075371
-0.00067055
0.00030361
0.0011555
0.00022514
-0.00091624
-0.00043214
0.00057344
0.0011111
0.0003161
-0.001029
-0.00095844
4.2764e-05
0.00063305
0.00039067
-6.235e-05
2.2803e-05
0.00029389
-8.4563e-05
-0.00063144
-0.0006217
-0.00035797
0.00026159
0.00071871
-0.00019166
-0.00081403
-0.00032364
-0.00035936
0.00012981
0.00095745
0.00054412
-0.00013781
-0.00035433
-0.00017477
0.00014584
0.00013513
-5.4369e-05
0.000385
0.0010782
0.00055151
-0.0005155
-0.00085082
-0.0007113
-0.00043795
-0.00035336
-0.00039251
0.00026829
0.00094676
0.00063974
0.0001054
6.7224e-05
0.00024529
1.4712e-07
-0.00036577
-0.00047018
-1.0709e-05
0.00053236
0.00073321
0.0012126
0.00094943
-2.552e-05
-0.00022089
-0.00014326
-0.00024243
-5.2911e-06
-9.4911e-05
-0.00095818
-0.0014333
-0.00059591
0.00055582
0.00059613
-6.2758e-05
-0.00055113
-0.00036342
0.00014447
1.7313e-05
-0.00053365
-0.0003281
0.00015457
0.0001183
0.00082642
0.0011998
-0.00029906
-0.001614
-0.00060563
0.0009482
0.00065753
-0.00021067
0.00012881
0.00075222
-0.00022386
-0.0013702
-0.00094275
-0.00020259
0.00048308
0.00098949
0.00046741
-0.00012626
-0.00017532
-0.00011193
-6.4294e-06
-8.3275e-05
0.00032856
0.00089192
0.00021285
-0.00050004
-0.00041723
-5.2792e-05
0.00069053
0.00071385
-7.4565e-05
-0.00034274
0.0001082
0.0004382
-0.00064208
-0.0017207
-0.00068999
0.00066712
0.00053536
-0.00042997
-0.00065526
0.0004035
0.0008363
0.0001789
-0.00066014
-0.00074523
0.00023407
0.00068098
0.00040512
-0.00021178
-0.00053058
9.2765e-05
0.00060957
8.83e-06
-0.00057427
0.00012639
0.00045453
-0.00014381
-0.00077819
-0.00093531
0.00034589
0.0018689
0.0017198
0.00039357
-0.00037777
-0.0007716
-0.0013207
-0.0009056
0.00016963
0.0010451
0.00059931
-0.0012259
-0.0018141
-0.00060772
0.00085226
0.001812
0.0014348
-8.4841e-06
-0.00051459
-0.00012624
-0.00024963
-0.00068819
-0.00074948
-0.00012852
0.00063317
0.0006912
0.00013568
4.3241e-05
0.00063469
0.00092022
0.00032734
-0.00076116
-0.0015948
-0.0016392
-0.00064334
0.00069395
0.0012563
0.00061302
-0.00023474
-0.00043202
6.8099e-05
0.00077902
0.00015514
-0.00069232
7.9517e-06
2.536e-05
-0.00088036
-0.00053223
0.00018937
0.0004025
0.00055379
0.0003314
-1.8088e-06
-0.00044746
-0.00080686
-0.00056451
-0.00042841
0.00038659
0.0013831
0.0012459
0.00072766
-7.5769e-05
-0.00015135
0.00068765
0.0004513
-0.00028264
-0.0003287
2.4199e-05
0.00029604
-4.2874e-05
-0.00076083
-0.0012924
-0.00091222
-0.00025669
0.0003149
0.00037406
-0.00013017
-5.7029e-05
-0.00015068
-0.00022752
0.00037762
0.00080027
0.00037075
0.00027531
0.0010121
0.00070575
-0.00044923
-0.00093829
-0.0012083
-0.0011024
-0.00019599
0.00029275
0.00012668
0.00044598
0.00087705
0.00025147
-0.00074556
-0.00064909
0.00026478
0.00073335
0.00079087
0.00033656
-0.00083336
-0.0014885
-0.00079286
0.00011007
0.00032305
0.00059435
0.00080951
0.00052273
-0.00016606
-0.00058488
0.00010547
5.5031e-05
-0.00080098
-0.00044965
-0.00026911
-0.00061415
-8.4278e-05
0.00055307
0.00050774
0.00018952
0.00033663
0.0012188
0.0014931
0.00069654
-0.00054141
-0.0016717
-0.0014836
-0.00050968
-0.00034894
-0.00042612
-0.00018621
-0.00017605
0.00013413
0.00077006
0.00096632
0.00047844
-9.8602e-05
0.00045097
0.0011528
0.0006617
-0.00042193
-0.001379
-0.0011527
-0.00026489
0.0007062
0.00099338
7.7489e-05
0.00019625
0.00056702
0.00014021
-0.00032571
-0.00058959
0.00016233
0.00099096
0.00057979
-0.00095533
-0.0019295
-0.00058649
0.00121
0.00097534
-5.6383e-05
-0.00055512
-0.00032564
0.0005542
0.00047465
-0.00042483
-0.00036993
0.00037177
0.00053035
5.5018e-05
-0.00090464
-0.001392
-2.9925e-05
0.001279
0.00023527
-0.0013698
-0.0011077
0.00031297
0.00095472
0.00089591
0.00069632
-0.00044402
-0.0012905
-4.3627e-05
0.0011665
0.00046218
-8.3619e-05
0.00022566
0.00022105
1.4641e-05
-7.8485e-05
-0.00023181
-0.00073287
-0.00042738
0.00040582
-0.00018639
-0.0010244
-0.00055426
0.00017539
0.0003717
0.00045875
0.00047581
0.00012108
-0.0001954
-0.00039957
-0.00015587
0.00054719
0.00010462
-0.00045316
0.00060608
0.0016651
0.0016605
0.0015071
0.0020916
0.0025514
0.0016868
0.000508
0.00017237
0.00092758
0.0020446
0.0024041
0.0015679
-2.4268e-05
-0.0011027
-0.0012602
-0.00097424
0.00044992
0.00217
0.0023757
0.0016807
0.00046443
-0.0010617
-0.0018746
-0.0019798
-0.0030359
-0.0050099
-0.0059013
-0.0056749
-0.0037121
-0.00056976
0.0015253
0.0028886
0.006852
0.013557
0.01816
0.022947
0.02679
0.028074
0.028776
0.030156
0.029284
0.024452
0.018908
0.014096
0.0080411
0.0032161
0.00028087
-0.0024204
-0.0041369
-0.005445
-0.0076737
-0.010953
-0.015021
-0.020173
-0.022388
-0.022537
-0.023005
-0.023003
-0.025214
-0.031946
-0.03771
-0.040052
-0.038532
-0.034731
-0.030869
-0.028986
-0.030216
-0.031551
-0.032253
-0.033632
-0.034392
-0.033133
-0.038009
-0.050968
-0.052997
-0.038824
-0.021999
-0.0083163
0.0024183
0.0099772
0.015586
0.019643
0.022262
0.023071
0.022077
0.019246
0.016677
0.015869
0.016181
0.017299
0.020944
0.025309
0.027655
0.028056
0.0246
0.017645
0.011673
0.0078234
0.0064458
0.0068937
0.0070167
0.0060393
0.0040436
-0.00030009
-0.0065512
-0.01117
-0.012954
-0.013207
-0.016489
-0.022645
-0.01971
-0.0084824
0.0027067
0.010742
0.01401
0.014471
0.015764
0.020462
0.02787
0.035801
0.041438
0.043349
0.045111
0.048487
0.051336
0.053264
0.053732
0.054936
0.05896
0.061611
0.061706
0.059566
0.055322
0.050388
0.043347
0.034506
0.026718
0.021881
0.019473
0.017318
0.014099
0.0089104
0.0010576
-0.0085883
-0.017367
-0.025712
-0.033032
-0.037882
-0.040237
-0.043243
-0.047069
-0.053667
-0.084301
-0.13293
-0.14444
-0.11183
-0.074221
-0.048123
-0.03509
-0.030226
-0.026796
-0.019844
-0.010151
-0.0030889
0.002225
0.0086229
0.013881
0.016538
0.020354
0.024617
0.025612
0.023631
0.023622
0.027171
0.030457
0.03195
0.033491
0.034091
0.032142
0.029341
0.02766
0.026476
0.024072
0.022798
0.024238
0.025626
0.024939
0.020284
0.0086891
-0.0064779
-0.028678
-0.053849
-0.06289
-0.052054
-0.037163
-0.026589
-0.022896
-0.022204
-0.019162
-0.013126
-0.0059337
0.00055411
0.00569
0.011321
0.01702
0.019931
0.020491
0.020436
0.02084
0.023822
0.029221
0.035997
0.041413
0.043697
0.044094
0.04316
0.040991
0.0403
0.041366
0.042785
0.044668
0.04442
0.040133
0.034167
0.028345
0.02222
0.01411
0.0062765
-0.0027459
-0.015482
-0.028393
-0.036561
-0.042962
-0.049717
-0.0528
-0.054005
-0.056074
-0.056452
-0.055647
-0.055875
-0.057045
-0.05696
-0.053248
-0.047209
-0.041316
-0.037057
-0.033906
-0.028298
-0.019811
-0.010461
-0.002471
0.0039059
0.0099608
0.015289
0.018626
0.022099
0.024536
0.024305
0.021944
0.021923
0.02439
0.026032
0.026882
0.027049
0.026012
0.023917
0.02192
0.020579
0.018312
0.015333
0.014812
0.015605
0.008681
-0.0079367
-0.028001
-0.04483
-0.053949
-0.051893
-0.042226
-0.033217
-0.026235
-0.019419
-0.015061
-0.015483
-0.01606
-0.012055
-0.0033102
0.0058828
0.013709
0.020366
0.026547
0.03185
0.035936
0.037104
0.031728
0.02828
0.034246
0.040616
0.040401
0.037637
0.034053
0.032026
0.034504
0.04009
0.043172
0.04088
0.032773
0.019581
0.0054069
-0.0043417
-0.0068662
-0.0030447
0.0015376
0.0017234
-0.002866
-0.012042
-0.021984
-0.029379
-0.034688
-0.03746
-0.037715
-0.037209
-0.038316
-0.040071
-0.040783
-0.041239
-0.042121
-0.056353
-0.079242
-0.078527
-0.051111
-0.022289
-0.003593
0.0076471
0.014699
0.019076
0.020876
0.021012
0.022385
0.022077
0.019137
0.017047
0.016692
0.017533
0.020406
0.022809
0.023801
0.023114
0.019332
0.015076
0.012066
0.010182
0.010876
0.015782
0.023002
0.027301
0.024063
0.012412
-0.0053476
-0.024782
-0.041068
-0.050913
-0.060489
-0.069903
-0.065079
-0.050272
-0.035228
-0.019394
-0.0056578
0.0021171
0.006443
0.012025
0.019035
0.027354
0.035203
0.037126
0.033944
0.027966
0.017274
0.0070871
0.0059324
0.011147
0.0184
0.028025
0.034262
0.035039
0.034407
0.034407
0.036534
0.041916
0.045777
0.043859
0.034071
0.021602
0.014897
0.009113
-0.0020992
-0.016786
-0.028611
-0.03499
-0.035744
-0.03353
-0.030703
-0.028871
-0.03058
-0.033792
-0.035824
-0.036684
-0.038072
-0.039388
-0.039704
-0.038722
-0.035588
-0.03076
-0.024528
-0.016608
-0.007266
0.00089609
0.0062343
0.009977
0.013946
0.015896
0.029532
0.055252
0.066072
0.05418
0.038991
0.028309
0.022543
0.020168
0.018098
0.015697
0.014206
0.013116
0.011245
0.010919
0.014276
0.018104
0.017823
0.011679
-0.00039809
-0.017127
-0.033873
-0.047047
-0.055039
-0.055818
-0.049124
-0.040171
-0.033926
-0.030623
-0.028756
-0.02716
-0.024103
-0.017488
-0.0093075
0.0026075
0.017621
0.027783
0.028078
0.022867
0.015795
0.011736
0.013962
0.02066
0.028334
0.035086
0.037792
0.037482
0.038809
0.040448
0.040991
0.043289
0.046777
0.046065
0.041489
0.033902
0.022203
0.009406
0.00030728
-0.0025464
-0.00015111
0.0023375
0.00061681
-0.0056562
-0.013679
-0.021253
-0.027903
-0.031826
-0.033388
-0.03447
-0.035268
-0.036139
-0.037356
-0.037573
-0.052224
-0.079503
-0.085256
-0.065714
-0.044111
-0.027993
-0.015458
-0.0054538
0.0010395
0.0053922
0.0085388
0.0099612
0.0097123
0.01019
0.01038
0.010823
0.012729
0.015407
0.016762
0.016949
0.015963
0.012934
0.0080162
0.0026968
-0.00024429
0.0005308
0.0023111
0.0045962
0.0088518
0.012207
0.012719
0.010358
0.0049413
-0.00042578
-0.00092843
0.0020907
0.0049831
0.0063025
0.0062526
0.0047493
0.0032121
0.0034475
0.0045273
0.0048085
0.0037236
0.0018354
-0.002271
-0.0093043
-0.016283
-0.020753
-0.024193
-0.024674
-0.019993
-0.014219
-0.011063
-0.0094883
-0.010966
-0.014717
-0.017657
-0.017225
-0.013381
-0.011122
-0.01605
-0.027906
-0.03754
-0.043137
-0.048524
-0.052601
-0.05094
-0.042561
-0.029068
-0.014133
-0.0023516
0.0025823
0.002381
0.00016769
-0.0014453
0.0024222
0.0096276
0.015152
0.018379
0.019151
0.015229
0.0086469
0.0019719
-0.0024575
-0.0053272
-0.0072446
-0.0047049
8.7858e-05
0.0033698
0.0052602
0.005598
0.0062482
0.0078795
0.010305
0.014671
0.017486
0.024853
0.040987
0.045284
0.03322
0.019137
0.0088517
0.0044985
0.0054335
0.0075126
0.0083952
0.0060724
-0.00088118
-0.0077825
-0.0090806
-0.0063048
-0.0031118
-0.00047836
0.0014894
0.0010538
-0.0023242
-0.0047329
-0.0035264
-0.0024717
-0.0030684
-0.0035645
-0.0052997
-0.01048
-0.017875
-0.022677
-0.022776
-0.019818
-0.016551
-0.016655
-0.020388
-0.02503
-0.028033
-0.031023
-0.036684
-0.040992
-0.039413
-0.035324
-0.032259
-0.028667
-0.024302
-0.021987
-0.022313
-0.022668
-0.021285
-0.017847
-0.014833
-0.014237
-0.014617
-0.013793
-0.01309
-0.012967
-0.014123
-0.018048
-0.024431
-0.030895
-0.034359
-0.028738
-0.011715
0.0086851
0.024423
0.031952
0.037234
0.045154
0.053056
0.059788
0.065204
0.06748
0.065407
0.060682
0.055303
0.047521
0.037963
0.033627
0.036198
0.040546
0.044366
0.045633
0.044492
0.042914
0.040694
0.039756
0.042509
0.046201
0.047863
0.046098
0.043385
0.040607
0.036011
0.028499
0.020219
0.013136
0.0051364
-0.0020194
-0.0043797
-0.0026552
-0.0017591
-0.0048545
-0.0099579
-0.015332
-0.020021
-0.021972
-0.021008
-0.020531
-0.022695
-0.027219
-0.048231
-0.080281
-0.092531
-0.082871
-0.072114
-0.065743
-0.059969
-0.054023
-0.050474
-0.04978
-0.051573
-0.054477
-0.058034
-0.060739
-0.061756
-0.061534
-0.059236
-0.053456
-0.047077
-0.043061
-0.040349
-0.039325
-0.039548
-0.039408
-0.03739
-0.034169
-0.028405
-0.020243
-0.015396
-0.013813
-0.014994
-0.018812
-0.024218
-0.030737
-0.037405
-0.041311
-0.038156
-0.027786
-0.014104
0.0021963
0.019017
0.03219
0.040957
0.046592
0.050871
0.056038
0.062286
0.069521
0.078253
0.08694
0.093901
0.11716
0.15166
0.14944
0.11446
0.083309
0.063366
0.054484
0.052221
0.050186
0.049522
0.0509
0.053182
0.05643
0.05726
0.054973
0.053637
0.05217
0.048975
0.045897
0.040566
0.030619
0.019347
0.0095631
0.0037913
0.002422
0.0021536
-0.00050805
-0.0069876
-0.014599
-0.020415
-0.024686
-0.026108
-0.025452
-0.027133
-0.029907
-0.033067
-0.038991
-0.045908
-0.049345
-0.048891
-0.048912
-0.05216
-0.059693
-0.070709
-0.080039
-0.084015
-0.084118
-0.08284
-0.079833
-0.076773
-0.076168
-0.077804
-0.08191
-0.086518
-0.090724
-0.093888
-0.093567
-0.089059
-0.083473
-0.080164
-0.077645
-0.074296
-0.070094
-0.064305
-0.057212
-0.049817
-0.044397
-0.041305
-0.039822
-0.038577
-0.036237
-0.031951
-0.026821
-0.023572
-0.023351
-0.02547
-0.027946
-0.027081
-0.018735
-0.0038253
0.015226
0.03487
0.051577
0.062383
0.067618
0.069378
0.11936
0.21832
0.25784
0.21632
0.16006
0.11735
0.093648
0.084007
0.08116
0.079502
0.077806
0.07568
0.073832
0.073879
0.0734
0.070525
0.068192
0.067075
0.064343
0.062812
0.063246
0.063685
0.062516
0.05878
0.052592
0.04229
0.028574
0.016203
0.0081177
0.0042739
0.00093685
-0.0027781
-0.0056361
-0.010386
-0.015008
-0.017646
-0.021406
-0.049024
-0.098764
-0.1219
-0.10789
-0.087617
-0.077817
-0.079617
-0.086165
-0.09645
-0.1044
-0.10609
-0.10579
-0.10231
-0.096602
-0.093946
-0.096724
-0.10186
-0.10535
-0.10529
-0.099651
-0.089144
-0.080533
-0.075754
-0.074371
-0.077159
-0.080728
-0.077927
-0.06923
-0.059553
-0.051508
-0.046015
-0.042542
-0.040956
-0.039162
-0.036377
-0.033981
-0.033879
-0.033362
-0.028212
-0.019197
-0.0085968
0.021961
0.072237
0.10404
0.10547
0.099412
0.099197
0.10713
0.11927
0.1296
0.13443
0.1335
0.12945
0.12393
0.11869
0.11533
0.11223
0.10722
0.10166
0.097769
0.095096
0.090511
0.085182
0.082714
0.082809
0.082617
0.081399
0.079141
0.076065
0.072706
0.069364
0.065538
0.062895
0.061271
0.057181
0.05107
0.042458
0.030108
0.015721
0.0039233
-0.0098684
-0.028489
-0.042535
-0.04711
-0.048735
-0.052223
-0.057865
-0.06349
-0.06806
-0.071779
-0.075187
-0.08047
-0.089236
-0.098502
-0.10662
-0.1142
-0.11883
-0.11811
-0.11392
-0.11001
-0.10763
-0.10813
-0.10824
-0.10743
-0.10773
-0.10781
-0.10486
-0.098276
-0.088287
-0.0756
-0.065318
-0.060512
-0.061958
-0.068137
-0.074568
-0.075163
-0.069606
-0.062985
-0.056453
-0.05155
-0.047244
-0.043289
-0.04113
-0.041009
-0.037522
-0.026067
-0.011279
0.002661
0.016672
0.04714
0.091271
0.11712
0.11917
0.11739
0.12068
0.1255
0.12677
0.12668
0.1282
0.12981
0.1295
0.12919
0.1271
0.12198
0.11745
0.11358
0.10955
0.10609
0.10172
0.095351
0.088724
0.084131
0.083677
0.085476
0.085641
0.084699
0.083259
0.079844
0.075721
0.073337
0.071326
0.06683
0.0557
0.038275
0.021619
0.0099771
0.0019999
-0.0042083
-0.0092406
-0.028947
-0.06341
-0.081884
-0.076298
-0.071074
-0.072718
-0.077097
-0.082424
-0.089073
-0.095936
-0.10477
-0.11525
-0.12497
-0.13257
-0.1365
-0.13636
-0.13481
-0.13229
-0.13029
-0.12748
-0.1215
-0.11548
-0.11094
-0.10669
-0.10252
-0.098328
-0.09313
-0.086178
-0.078894
-0.074052
-0.071991
-0.067962
-0.06458
-0.06182
-0.056594
-0.05034
-0.043559
-0.03716
-0.02953
-0.022309
-0.017144
-0.014768
-0.012454
-0.007252
0.00018233
0.028664
0.07771
0.10614
0.10422
0.098244
0.097177
0.10196
0.11105
0.11927
0.12433
0.12677
0.12529
0.12189
0.11953
0.11957
0.12077
0.11775
0.11001
0.10327
0.098867
0.095101
0.092754
0.091119
0.08875
0.086703
0.084873
0.081565
0.075616
0.070244
0.069088
0.070631
0.072842
0.073157
0.071175
0.068258
0.062658
0.053486
0.042599
0.032034
0.024003
0.019179
0.015511
0.010087
0.0040929
-0.0027795
-0.012324
-0.022965
-0.03389
-0.044176
-0.052339
-0.098532
-0.18543
-0.23052
-0.21161
-0.17958
-0.15542
-0.14144
-0.13627
-0.13535
-0.13673
-0.13916
-0.13544
-0.12578
-0.11574
-0.10776
-0.10103
-0.095051
-0.089385
-0.083856
-0.078001
-0.071483
-0.066965
-0.065688
-0.064565
-0.063411
-0.063237
-0.062947
-0.06147
-0.056072
-0.045226
-0.031912
-0.020217
-0.012026
-0.0075105
-0.0050363
-0.0033042
-0.00033864
0.0051654
0.014124
0.025341
0.037167
0.049815
0.08926
0.15204
0.17712
0.15739
0.13747
0.12878
0.1251
0.12362
0.12293
0.11973
0.11591
0.11239
0.10709
0.1032
0.10242
0.10136
0.10147
0.10426
0.1059
0.10663
0.10539
0.09857
0.092102
0.090432
0.090625
0.089077
0.085425
0.080649
0.072311
0.061598
0.053708
0.048363
0.04195
0.035037
0.027635
0.018753
0.011292
0.0076881
0.0048722
-0.0013516
-0.012915
-0.028023
-0.080632
-0.16722
-0.21262
-0.20013
-0.17381
-0.15275
-0.1445
-0.14341
-0.14393
-0.14255
-0.141
-0.14158
-0.13887
-0.13103
-0.12406
-0.11844
-0.11275
-0.10625
-0.096618
-0.088407
-0.08498
-0.082573
-0.079548
-0.077461
-0.076049
-0.073329
-0.069839
-0.065535
-0.058502
-0.048923
-0.040356
-0.032055
-0.024451
-0.018448
-0.013024
-0.0088611
-0.0060868
-0.0029128
0.0014202
0.0090838
0.049904
0.12196
0.15641
0.13777
0.10871
0.091407
0.091754
0.10287
0.11445
0.1231
0.12769
0.12883
0.12742
0.12126
0.11299
0.1066
0.10258
0.10151
0.10203
0.10144
0.099612
0.095845
0.091956
0.092427
0.092159
0.088115
0.084557
0.083806
0.083358
0.080427
0.078052
0.077718
0.074102
0.066436
0.058369
0.051277
0.044411
0.036121
0.027053
0.021097
0.01831
0.01517
0.007643
-0.0051687
-0.019809
-0.031864
-0.042605
-0.05229
-0.10236
-0.19448
-0.2429
-0.22534
-0.19288
-0.16808
-0.15082
-0.13912
-0.13457
-0.135
-0.13653
-0.13787
-0.13482
-0.1255
-0.11404
-0.10368
-0.09404
-0.084586
-0.0786
-0.078005
-0.077973
-0.076255
-0.072974
-0.068358
-0.066676
-0.065356
-0.062117
-0.05705
-0.049151
-0.039075
-0.027825
-0.017055
-0.0086752
-0.0038804
-0.0026674
-0.0030622
-0.0031957
0.00029606
0.0096645
0.024565
0.042835
0.086749
0.15098
0.17813
0.16114
0.14031
0.12879
0.12278
0.11961
0.12172
0.12551
0.12505
0.11957
0.11118
0.10175
0.094695
0.092345
0.093555
0.095182
0.096459
0.095819
0.09231
0.088409
0.085954
0.086522
0.087772
0.088699
0.088667
0.085254
0.077369
0.068012
0.061623
0.056595
0.05061
0.043328
0.036073
0.031752
0.031134
0.030682
0.024589
0.012682
-0.0021883
-0.01669
-0.029549
-0.043249
-0.058042
-0.069541
-0.080155
-0.093849
-0.10565
-0.11327
-0.11937
-0.18015
-0.28987
-0.32589
-0.27048
-0.20139
-0.15061
-0.12485
-0.11473
-0.10725
-0.10087
-0.094785
-0.087163
-0.08164
-0.080686
-0.08014
-0.078201
-0.075278
-0.071286
-0.069905
-0.069122
-0.065547
-0.059011
-0.050672
-0.038859
-0.026923
-0.017982
-0.01238
-0.0089255
-0.0059822
-0.00262
0.0012151
0.0063271
0.013822
0.024988
0.039633
0.053747
0.064933
0.074658
0.080014
0.080671
0.083964
0.090052
0.095867
0.10381
0.11396
0.12149
0.12571
0.12793
0.12739
0.12347
0.11798
0.1101
0.12877
0.17822
0.19223
0.15983
0.12321
0.097838
0.08473
0.080809
0.081353
0.082199
0.079723
0.075935
0.072741
0.068142
0.063139
0.058137
0.052663
0.04512
0.038085
0.033097
0.027788
0.021256
0.013785
0.0046486
-0.0056096
-0.017301
-0.031424
-0.046926
-0.061713
-0.073531
-0.08147
-0.08844
-0.096761
-0.10649
-0.11587
-0.12679
-0.13739
-0.14644
-0.15015
-0.14589
-0.14018
-0.13761
-0.1359
-0.17442
-0.24653
-0.25567
-0.19389
-0.12976
-0.088904
-0.069316
-0.061188
-0.061125
-0.065582
-0.068272
-0.068714
-0.067939
-0.064904
-0.056065
-0.043175
-0.031068
-0.020652
-0.012662
-0.0082119
-0.0058261
-0.0035302
7.4009e-05
0.0054089
0.011943
0.021804
0.036541
0.053463
0.067332
0.075047
0.076731
0.075715
0.075908
0.079342
0.087544
0.099388
0.11032
0.11809
0.12539
0.12954
0.12595
0.11919
0.11533
0.1128
0.10794
0.10169
0.096914
0.095965
0.098822
0.13185
0.19443
0.20957
0.17203
0.12789
0.09653
0.074836
0.06081
0.052383
0.046289
0.041458
0.036396
0.030569
0.025802
0.023269
0.021352
0.017257
0.0088702
-0.0033113
-0.018715
-0.036274
-0.053201
-0.067747
-0.07948
-0.087465
-0.09201
-0.097371
-0.10437
-0.11384
-0.12367
-0.13458
-0.14258
-0.14601
-0.14669
-0.14505
-0.14147
-0.13721
-0.13207
-0.12652
-0.12174
-0.11807
-0.11297
-0.10289
-0.11933
-0.16879
-0.17963
-0.14129
-0.098524
-0.071058
-0.058273
-0.050466
-0.044649
-0.037305
-0.027212
-0.017236
-0.011011
-0.0088997
-0.0093644
-0.0093636
-0.0059242
0.0012873
0.012047
0.02667
0.043358
0.058709
0.071867
0.080851
0.082295
0.079805
0.079431
0.084619
0.096858
0.1124
0.12464
0.13042
0.13127
0.12831
0.12331
0.11926
0.11608
0.11012
0.10396
0.10086
0.097302
0.094041
0.094051
0.094749
0.095257
0.095568
0.094304
0.091808
0.088655
0.10283
0.13977
0.14607
0.11525
0.080445
0.053201
0.037194
0.029488
0.024825
0.019697
0.014929
0.0112
0.0067904
-0.0015323
-0.015363
-0.031709
-0.046128
-0.057377
-0.066028
-0.072499
-0.080032
-0.090392
-0.10232
-0.11315
-0.12549
-0.13803
-0.1463
-0.1515
-0.1502
-0.14318
-0.13747
-0.1352
-0.13618
-0.13724
-0.13194
-0.1214
-0.11215
-0.1045
-0.097418
-0.090459
-0.085169
-0.081884
-0.10179
-0.14646
-0.15812
-0.12757
-0.088207
-0.054416
-0.030043
-0.015596
-0.0082908
-0.0057023
-0.0046373
-0.0026435
0.00030652
0.0054545
0.015545
0.029971
0.045491
0.06013
0.072762
0.079775
0.081803
0.082843
0.083249
0.084878
0.09107
0.10191
0.11444
0.12506
0.13112
0.13209
0.12872
0.12217
0.1152
0.10974
0.10419
0.098251
0.094601
0.093957
0.096438
0.10066
0.09997
0.094087
0.08672
0.080376
0.079536
0.083705
0.087582
0.088165
0.082565
0.08587
0.10348
0.0981
0.067965
0.039878
0.023255
0.015622
0.0092467
-0.00010302
-0.011547
-0.025506
-0.040091
-0.05349
-0.066295
-0.077924
-0.089107
-0.098371
-0.10535
-0.11316
-0.12332
-0.13396
-0.14343
-0.14639
-0.14375
-0.13869
-0.1359
-0.13602
-0.13562
-0.13251
-0.1291
-0.1215
-0.11011
-0.1027
-0.096941
-0.091138
-0.089453
-0.087857
-0.083125
-0.077855
-0.072812
-0.067721
-0.081629
-0.11321
-0.11169
-0.075068
-0.038664
-0.015293
-0.0045361
-0.0014857
0.00045058
0.0059429
0.016122
0.028408
0.041976
0.056486
0.068575
0.075658
0.078402
0.079586
0.082535
0.087762
0.09716
0.11044
0.12099
0.12687
0.13066
0.13098
0.12783
0.12328
0.11843
0.11283
0.10572
0.099373
0.096688
0.096394
0.096528
0.096311
0.094739
0.09179
0.087815
0.085065
0.085115
0.086328
0.10625
0.14845
0.15268
0.11487
0.072728
0.041349
0.026157
0.022024
0.020525
0.015331
0.0064657
-0.004611
-0.017211
-0.029425
-0.041044
-0.053319
-0.066715
-0.080674
-0.093099
-0.10254
-0.1117
-0.11762
-0.12118
-0.12432
-0.12843
-0.13542
-0.14378
-0.146
-0.14426
-0.14001
-0.13419
-0.13338
-0.13402
-0.12739
-0.15138
-0.21054
-0.22169
-0.17278
-0.11784
-0.081193
-0.063846
-0.057451
-0.054458
-0.051521
-0.047612
-0.04107
-0.032071
-0.02277
-0.015256
-0.010817
-0.0095332
-0.0089478
-0.0050582
0.0046266
0.018067
0.031849
0.04492
0.0582
0.071266
0.080826
0.085984
0.087293
0.087865
0.090106
0.095509
0.10621
0.11819
0.1271
0.13288
0.17452
0.24698
0.25872
0.2049
0.14611
0.10568
0.08716
0.081201
0.081427
0.083609
0.084217
0.084611
0.085581
0.085059
0.0827
0.077829
0.071834
0.06623
0.060935
0.05399
0.046688
0.040201
0.033914
0.029808
0.028317
0.02622
0.020692
0.011203
-0.024645
-0.088663
-0.1322
-0.13903
-0.1297
-0.1187
-0.11418
-0.11636
-0.12354
-0.13334
-0.14226
-0.14768
-0.14821
-0.14326
-0.13719
-0.13499
-0.13442
-0.12954
-0.12114
-0.11174
-0.10384
-0.098674
-0.095606
-0.094454
-0.092565
-0.086021
-0.077803
-0.072483
-0.069858
-0.06919
-0.069218
-0.066382
-0.058082
-0.047449
-0.036529
-0.027623
-0.021046
-0.01595
-0.012663
-0.011374
-0.0016526
0.02263
0.048552
0.065645
0.075892
0.08015
0.079957
0.07942
0.080551
0.085322
0.097231
0.11491
0.13105
0.13908
0.13867
0.13278
0.1264
0.12162
0.11749
0.11289
0.10776
0.10276
0.09812
0.094876
0.092231
0.090537
0.09162
0.091667
0.08863
0.084997
0.082799
0.082553
0.084045
0.082901
0.077937
0.071825
0.065181
0.057181
0.05169
0.048509
0.04301
0.034371
0.029018
0.024464
0.0066899
-0.020536
-0.043941
-0.059057
-0.068237
-0.076399
-0.086305
-0.096549
-0.10657
-0.11993
-0.13316
-0.13994
-0.14242
-0.14258
-0.14135
-0.13941
-0.13765
-0.13555
-0.13334
-0.13101
-0.12503
-0.11483
-0.10712
-0.10377
-0.12506
-0.16996
-0.17715
-0.14006
-0.10227
-0.07757
-0.065494
-0.058494
-0.050136
-0.039435
-0.028961
-0.020983
-0.015997
-0.012852
-0.010264
-0.0072496
-0.001163
0.0082505
0.020128
0.033796
0.047195
0.057852
0.066796
0.073621
0.077168
0.08204
0.089612
0.092008
0.093518
0.10148
0.11118
0.1211
0.13144
0.13754
0.13812
0.13497
0.12683
0.11397
0.10249
0.096427
0.094533
0.09461
0.09647
0.10067
0.10376
0.10112
0.091194
0.078527
0.070822
0.07147
0.080059
0.088466
0.088645
0.079108
0.065368
0.051828
0.041545
0.036489
0.033101
0.029129
0.025557
0.022601
0.020131
0.017622
0.010878
-0.0017973
-0.015862
-0.028924
-0.043117
-0.056871
-0.069033
-0.078548
-0.086837
-0.096418
-0.10573
-0.16998
-0.28454
-0.32295
-0.26555
-0.19717
-0.15149
-0.12898
-0.11937
-0.11466
-0.10825
-0.10105
-0.097201
-0.092839
-0.087565
-0.084716
-0.080703
-0.0744
-0.069356
-0.06731
-0.068369
-0.070272
-0.068853
-0.063667
-0.054257
-0.043243
-0.032316
-0.022833
-0.01599
-0.012133
-0.010385
0.0050432
0.038889
0.066208
0.078192
0.083038
0.083828
0.083448
0.084758
0.091703
0.10482
0.11645
0.12348
0.12961
0.13409
0.13369
0.13104
0.12772
0.12165
0.11448
0.10768
0.10133
0.097665
0.096409
0.09534
0.094478
0.092661
0.088751
0.084609
0.080968
0.079435
0.081363
0.084466
0.084556
0.080022
0.071924
0.062798
0.055526
0.050225
0.045465
0.039319
0.032507
0.027468
0.024922
0.022503
0.017475
-0.0069812
-0.052168
-0.083649
-0.089362
-0.087472
-0.088037
-0.093959
-0.10255
-0.11138
-0.12201
-0.13306
-0.14065
-0.14337
-0.14563
-0.14609
-0.14065
-0.13323
-0.12859
-0.12631
-0.12431
-0.12032
-0.1132
-0.10552
-0.0987
-0.091807
-0.086367
-0.082829
-0.081142
-0.077925
-0.071099
-0.065536
-0.064607
-0.065612
-0.066227
-0.06483
-0.058805
-0.049251
-0.036952
-0.025222
-0.017171
-0.012545
-0.0099997
-0.007527
-0.0028337
0.0063047
0.019945
0.034128
0.047393
0.091177
0.16249
0.19189
0.17177
0.14778
0.13174
0.12643
0.12771
0.12778
0.12602
0.12573
0.12391
0.11644
0.10622
0.098214
0.094813
0.094887
0.094763
0.094228
0.095434
0.094279
0.086756
0.079356
0.077279
0.077477
0.079499
0.08284
0.082064
0.076454
0.066993
0.055379
0.044565
0.035778
0.029949
0.027536
0.02576
0.023131
0.021314
0.018518
0.01124
-0.00079168
-0.015099
-0.030063
-0.044686
-0.057517
-0.067893
-0.075599
-0.082118
-0.090777
-0.10111
-0.11121
-0.12126
-0.17199
-0.25352
-0.27513
-0.22893
-0.17701
-0.14045
-0.11968
-0.10887
-0.10257
-0.098835
-0.095704
-0.091838
-0.089752
-0.090167
-0.087319
-0.078527
-0.068422
-0.062897
-0.063449
-0.0661
-0.068307
-0.067127
-0.060876
-0.050429
-0.038144
-0.02754
-0.020369
-0.015561
-0.011909
-0.0088661
-0.0046723
0.0023493
0.012257
0.025673
0.041594
0.056537
0.068325
0.075359
0.077701
0.078728
0.080607
0.086316
0.0952
0.1064
0.12039
0.13043
0.13431
0.13462
0.1333
0.13144
0.12631
0.11696
0.14923
0.22424
0.2429
0.19265
0.1354
0.095216
0.077327
0.076858
0.082154
0.080955
0.073808
0.065314
0.058363
0.052657
0.047296
0.041092
0.034287
0.02697
0.019132
0.013582
0.01168
0.0099792
0.005433
-0.0027919
-0.014504
-0.028382
-0.04183
-0.053858
-0.066419
-0.077696
-0.085397
-0.090965
-0.095922
-0.10261
-0.11104
-0.12076
-0.13065
-0.13765
-0.14332
-0.14482
-0.14087
-0.13676
-0.13528
-0.13496
-0.13155
-0.12521
-0.11931
-0.11445
-0.10981
-0.10635
-0.10237
-0.11544
-0.15041
-0.15748
-0.12751
-0.094332
-0.069151
-0.051335
-0.039082
-0.032204
-0.02703
-0.022583
-0.020015
-0.016862
-0.009964
0.0004982
0.012698
0.025028
0.036853
0.051129
0.068642
0.082304
0.088792
0.089986
0.088945
0.091124
0.099134
0.10937
0.12084
0.13058
0.13552
0.1371
0.13613
0.133
0.12868
0.12258
0.11369
0.10717
0.10578
0.10512
0.1038
0.10314
0.10101
0.095255
0.08897
0.083893
0.079075
0.077139
0.079974
0.081866
0.095938
0.12774
0.12797
0.093022
0.055391
0.02797
0.013676
0.0085858
0.0071606
0.0049462
-0.00087557
-0.011021
-0.02318
-0.036032
-0.049375
-0.061624
-0.073029
-0.082366
-0.086921
-0.091249
-0.10057
-0.11337
-0.12355
-0.13128
-0.13781
-0.14076
-0.14222
-0.14085
-0.13677
-0.13402
-0.13307
-0.12999
-0.12478
-0.11946
-0.11592
-0.11385
-0.11008
-0.10506
-0.10033
-0.093969
-0.085041
-0.076833
-0.073041
-0.072552
-0.072191
-0.07082
-0.063684
-0.052837
-0.039919
-0.029065
-0.023159
-0.02108
-0.01987
-0.018052
-0.014886
-0.0067903
0.023869
0.075266
0.10856
0.11089
0.10309
0.09617
0.09514
0.10148
0.11022
0.11894
0.12869
0.13629
0.13881
0.13683
0.13226
0.12674
0.12221
0.11815
0.11226
0.10653
0.10245
0.099779
0.098314
0.096002
0.092136
0.088521
0.083497
0.074646
0.067418
0.068273
0.073558
0.076633
0.076032
0.071526
0.062648
0.053696
0.046323
0.039664
0.031473
0.021809
0.013109
0.0074553
0.0052076
0.0033423
-0.0015105
-0.03142
-0.084439
-0.11449
-0.10952
-0.097627
-0.093632
-0.096471
-0.10413
-0.11511
-0.12491
-0.12835
-0.12775
-0.12774
-0.12815
-0.12718
-0.1252
-0.12205
-0.11853
-0.11636
-0.11175
-0.10446
-0.0993
-0.096893
-0.096618
-0.094573
-0.089056
-0.08415
-0.082452
-0.08221
-0.083217
-0.083525
-0.081196
-0.077031
-0.070339
-0.060742
-0.051719
-0.043811
-0.036387
-0.03048
-0.025178
-0.015287
-0.0002328
0.014304
0.025733
0.061306
0.12233
0.15635
0.15013
0.13424
0.12446
0.12255
0.12696
0.13233
0.1338
0.13405
0.13446
0.13348
0.13277
0.13144
0.12758
0.12206
0.11639
0.11086
0.10674
0.1038
0.098819
0.092734
0.086112
0.078636
0.07222
0.069267
0.070295
0.072196
0.071673
0.069303
0.065545
0.058159
0.044964
0.02839
0.014765
0.0058515
-0.00090206
-0.0065289
-0.010429
-0.013774
-0.017361
-0.020422
-0.025061
-0.03139
-0.067433
-0.13157
-0.16489
-0.15588
-0.13806
-0.12775
-0.1269
-0.1265
-0.12524
-0.12726
-0.13062
-0.13049
-0.12804
-0.12541
-0.12072
-0.11488
-0.11125
-0.11034
-0.11076
-0.10895
-0.10325
-0.096077
-0.091109
-0.089024
-0.08942
-0.091191
-0.090632
-0.087569
-0.082206
-0.072473
-0.061795
-0.051671
-0.042376
-0.034655
-0.028942
-0.024345
-0.017901
-0.0093732
-0.0018422
0.0036107
0.010338
0.021107
0.06131
0.12504
0.1549
0.14292
0.12504
0.11861
0.12279
0.13097
0.1372
0.14162
0.14357
0.1405
0.1372
0.13542
0.13422
0.13327
0.12858
0.12015
0.11303
0.10737
0.10128
0.095845
0.090704
0.085115
0.07992
0.075273
0.070913
0.067926
0.065412
0.061941
0.058792
0.052909
0.052416
0.059323
0.054202
0.036224
0.017707
0.0016115
-0.012484
-0.025646
-0.037286
-0.047696
-0.05794
-0.068178
-0.076025
-0.079145
-0.080657
-0.082268
-0.082756
-0.085261
-0.094241
-0.10639
-0.11666
-0.12365
-0.12548
-0.12321
-0.12138
-0.12033
-0.11796
-0.11606
-0.11314
-0.1086
-0.10708
-0.10717
-0.10618
-0.10574
-0.10247
-0.092681
-0.080966
-0.073036
-0.069995
-0.070404
-0.0873
-0.11698
-0.11595
-0.083326
-0.051156
-0.029674
-0.016892
-0.006202
0.007211
0.022619
0.036664
0.047502
0.057799
0.06806
0.076329
0.08201
0.086489
0.092297
0.10287
0.11657
0.12898
0.13895
0.14411
0.14086
0.13295
0.12748
0.12468
0.12293
0.12156
0.11762
0.10976
0.10222
0.097672
0.095026
0.094749
0.093699
0.087437
0.076159
0.063418
0.055078
0.053329
0.057819
0.064109
0.073639
0.085803
0.076041
0.050401
0.027639
0.014108
0.0086074
0.0069525
0.0039782
-0.004196
-0.017342
-0.032581
-0.046521
-0.057483
-0.062236
-0.062843
-0.063714
-0.066168
-0.073758
-0.084247
-0.095615
-0.10871
-0.11794
-0.121
-0.12142
-0.12142
-0.12145
-0.12156
-0.12217
-0.12245
-0.11965
-0.11128
-0.10321
-0.10075
-0.10145
-0.10257
-0.10532
-0.10585
-0.096545
-0.081026
-0.069378
-0.063559
-0.063199
-0.065625
-0.068392
-0.067752
-0.061507
-0.051547
-0.050728
-0.060429
-0.059136
-0.041331
-0.016237
0.010773
0.032666
0.047509
0.056984
0.063956
0.070165
0.074963
0.079208
0.08668
0.097153
0.10923
0.12292
0.13413
0.13905
0.13867
0.13638
0.13377
0.13102
0.12995
0.12745
0.12142
0.11462
0.10843
0.10407
0.10058
0.096219
0.091739
0.086141
0.07818
0.070519
0.068359
0.071693
0.075533
0.075862
0.069792
0.057212
0.044787
0.036376
0.030825
0.029148
0.027263
0.022384
0.016668
0.0054019
-0.015253
-0.038089
-0.054985
-0.063768
-0.066661
-0.067523
-0.070375
-0.074174
-0.078151
-0.08259
-0.08776
-0.095104
-0.10578
-0.11596
-0.12303
-0.12384
-0.1217
-0.12178
-0.12109
-0.11838
-0.11523
-0.11161
-0.10903
-0.10832
-0.10795
-0.10479
-0.10025
-0.097715
-0.092259
-0.081549
-0.07207
-0.066164
-0.066652
-0.071618
-0.074244
-0.069612
-0.061449
-0.052306
-0.04357
-0.036237
-0.031485
-0.028917
-0.026775
-0.023291
-0.017277
-0.0061231
0.010579
0.054732
0.12188
0.15527
0.14571
0.13039
0.12152
0.12024
0.1263
0.13225
0.13301
0.13322
0.13315
0.13273
0.1328
0.12914
0.12107
0.11301
0.10757
0.10426
0.10264
0.10081
0.095429
0.088595
0.081195
0.072144
0.066165
0.065267
0.067397
0.068375
0.06441
0.056284
0.047795
0.040527
0.034593
0.029931
0.02495
0.019489
0.014184
0.0094459
0.0066082
0.0045868
-0.0009403
-0.011925
-0.026634
-0.041928
-0.08027
-0.13746
-0.15849
-0.13812
-0.11679
-0.10618
-0.10501
-0.10751
-0.11558
-0.12519
-0.12669
-0.11981
-0.11128
-0.10452
-0.10284
-0.10621
-0.11072
-0.11391
-0.11387
-0.11141
-0.10948
-0.10394
-0.090748
-0.076804
-0.069155
-0.068391
-0.071746
-0.074687
-0.074012
-0.068085
-0.059146
-0.050275
-0.044385
-0.040297
-0.035931
-0.031543
-0.027846
-0.023374
-0.015748
-0.0036291
0.011756
0.028436
0.044043
0.055937
0.06485
0.072359
0.076742
0.078547
0.083506
0.093069
0.10525
0.1194
0.13192
0.14079
0.14566
0.14218
0.13218
0.12492
0.12246
0.12027
0.11794
0.11513
0.10965
0.10285
0.097604
0.093384
0.10244
0.1262
0.12833
0.1079
0.087109
0.070391
0.055994
0.040966
0.028782
0.023473
0.022083
0.02079
0.018815
0.016221
0.013378
0.010708
0.0074317
0.00073532
-0.010471
-0.023895
-0.036576
-0.046759
-0.054063
-0.058629
-0.062265
-0.066207
-0.068724
-0.073116
-0.079687
-0.086937
-0.093715
-0.10285
-0.11226
-0.11805
-0.11947
-0.11835
-0.11735
-0.11504
-0.11098
-0.10797
-0.10607
-0.1062
-0.10716
-0.10424
-0.10136
-0.10022
-0.096689
-0.089438
-0.080294
-0.072756
-0.070289
-0.073141
-0.074985
-0.075686
-0.07251
-0.064041
-0.055745
-0.049537
-0.043647
-0.038351
-0.033808
-0.029322
-0.024714
-0.0176
-0.0075791
0.0042145
0.018121
0.033373
0.048557
0.063349
0.075834
0.083783
0.08696
0.089667
0.095165
0.10195
0.10935
0.11898
0.12878
0.13554
0.13888
0.13902
0.13583
0.13014
0.12385
0.11963
0.11742
0.1154
0.11375
0.11061
0.10321
0.094311
0.086724
0.080161
0.075732
0.074654
0.07395
0.080714
0.099475
0.096565
0.069936
0.043003
0.024049
0.013405
0.0084787
0.0075012
0.0077797
0.0052629
-0.0016224
-0.012468
-0.025593
-0.037907
-0.048594
-0.057201
-0.063172
-0.067294
-0.069819
-0.072523
-0.074671
-0.077421
-0.084598
-0.095214
-0.10652
-0.11566
-0.11917
-0.11727
-0.11572
-0.11596
-0.11597
-0.1158
-0.11557
-0.11427
-0.10864
-0.10256
-0.1012
-0.10148
-0.10025
-0.097375
-0.091018
-0.081472
-0.073366
-0.070951
-0.071626
-0.073298
-0.075051
-0.072615
-0.065842
-0.056369
-0.058194
-0.070413
-0.06454
-0.038391
-0.0090108
0.017145
0.03833
0.055077
0.067039
0.074391
0.079084
0.082808
0.086105
0.091521
0.09851
0.10711
0.11913
0.13061
0.13853
0.14224
0.141
0.13899
0.1382
0.13292
0.12446
0.11799
0.11372
0.11116
0.10956
0.1062
0.09946
0.08967
0.080447
0.074823
0.072446
0.071281
0.069798
0.06723
0.060857
0.052165
0.042908
0.035556
0.031142
0.027386
0.024234
0.020136
0.015459
0.012059
0.0090075
0.0038596
-0.0046562
-0.015989
-0.028793
-0.041404
-0.052984
-0.0605
-0.080972
-0.1171
-0.1367
-0.13094
-0.11678
-0.10812
-0.10761
-0.11019
-0.11326
-0.1162
-0.11518
-0.1115
-0.11268
-0.11434
-0.10971
-0.10264
-0.09831
-0.096937
-0.097735
-0.099217
-0.096595
-0.087696
-0.075973
-0.063935
-0.056522
-0.057352
-0.061642
-0.064535
-0.065442
-0.062457
-0.053572
-0.042197
-0.033016
-0.027204
-0.02421
-0.02081
-0.014334
-0.0063664
0.0024263
0.013809
0.026564
0.0395
0.052498
0.063797
0.073438
0.079755
0.079939
0.078391
0.080363
0.088398
0.10113
0.11377
0.12272
0.12767
0.12973
0.12844
0.1257
0.12529
0.12548
0.12161
0.14999
0.21108
0.21986
0.16898
0.11533
0.079582
0.062153
0.055851
0.052739
0.05046
0.048023
0.045361
0.040168
0.034221
0.029243
0.022614
0.014728
0.0078189
0.0018102
-0.001922
-0.0037322
-0.0066482
-0.01294
-0.02384
-0.037525
-0.049332
-0.059148
-0.063859
-0.063105
-0.063912
-0.068148
-0.075352
-0.085731
-0.094014
-0.098874
-0.1054
-0.11144
-0.11462
-0.11847
-0.11995
-0.11554
-0.10944
-0.10699
-0.10714
-0.10711
-0.10838
-0.10897
-0.13824
-0.19987
-0.21294
-0.17084
-0.12656
-0.095559
-0.079142
-0.071573
-0.066753
-0.060491
-0.052621
-0.045119
-0.036764
-0.025576
-0.015787
-0.010001
-0.0050674
0.0021762
0.012341
0.026002
0.044401
0.062184
0.070675
0.071411
0.071266
0.074468
0.083274
0.095815
0.11035
0.12711
0.1399
0.1452
0.14571
0.14419
0.14301
0.14142
0.13702
0.13044
0.12256
0.11376
0.10602
0.10112
0.0984
0.094634
0.089234
0.083686
0.077593
0.07118
0.068392
0.069516
0.071553
0.071723
0.069254
0.06516
0.058168
0.055452
0.058842
0.050142
0.031544
0.016039
0.0046073
-0.0058721
-0.015685
-0.023821
-0.033377
-0.04282
-0.049103
-0.055588
-0.062568
-0.066284
-0.06988
-0.077451
-0.087687
-0.097906
-0.10713
-0.11436
-0.11971
-0.12489
-0.13011
-0.12994
-0.12611
-0.12242
-0.11974
-0.11786
-0.11499
-0.1114
-0.10738
-0.10134
-0.094775
-0.087801
-0.079054
-0.07149
-0.06774
-0.068319
-0.070964
-0.070891
-0.068084
-0.062901
-0.055325
-0.047213
-0.041035
-0.036662
-0.032983
-0.029243
-0.025344
-0.020708
-0.012601
0.001663
0.037628
0.091895
0.12119
0.11799
0.10603
0.096728
0.09621
0.10398
0.11427
0.12151
0.12788
0.13685
0.14302
0.14022
0.13247
0.12523
0.11899
0.11499
0.11282
0.11025
0.1078
0.10463
0.09784
0.088345
0.079507
0.073402
0.069814
0.067807
0.065271
0.061442
0.057241
0.051475
0.046117
0.040651
0.034342
0.02899
0.023602
0.016673
0.0080595
