-0.00030414
0.0026509
0.00070198
-0.0017368
0.00025727
-0.0019775
-0.0024609
9.972e-06
7.5031e-05
0.0015797
8.1367e-05
-0.0021854
0.00075235
-0.00066903
2.06e-05
0.00029926
-0.0012027
-0.0015628
0.001406
-0.0015959
-4.6476e-06
0.0028583
0.0014059
-0.0015372
0.0034412
0.00030864
0.0059212
0.0017133
-0.0013847
-0.0017001
-0.0016171
-0.0011132
-0.00052779
-0.0029101
-0.0032019
0.0011537
-0.0023511
-0.00037761
0.00092361
0.0010567
-0.0012515
-0.00321
-0.0017582
-0.0021059
0.0013153
-0.0012823
0.0023594
-0.0021649
-0.0021529
-0.0006238
-0.0019168
-0.0002077
8.6651e-06
5.874e-05
0.0029695
0.0029875
-0.0027991
-2.8104e-06
0.00045052
0.0014225
0.0031493
0.0010469
0.00094172
0.002763
-0.00378
-0.0026898
0.0032118
-0.0037417
0.00037932
0.0021026
-0.00022577
-0.00048558
0.0011406
-0.0027678
0.0013544
-0.0017005
-0.002805
0.00042297
0.00045213
-0.0014555
0.00035199
0.00051907
-0.0018297
-0.00082904
-0.00099245
0.0010298
0.00038546
-0.00079552
0.0036755
-0.0017957
0.0001961
9.2783e-05
0.0027603
0.00052601
0.0036036
-0.0009346
-0.002909
0.0012893
-0.0016579
-0.0016904
0.0025882
0.0019917
-0.0018612
0.0028892
-0.003806
0.0029111
-0.0006014
-0.00028075
0.00011946
-0.0035507
0.0028827
0.00068747
0.00055086
-0.0026867
0.0031817
0.0014159
-0.0042499
0.0035757
0.001172
0.0054675
-0.0011036
0.0041808
0.0010573
0.00053033
0.00064004
0.0017895
-0.0019345
0.0012298
-0.00046394
-0.0017109
-0.0030201
-0.0022273
-0.0019376
-0.00065385
-0.00075901
-0.0019686
-0.00092594
-0.00060172
0.00074399
-0.00018952
-0.0014455
0.0017073
-0.00091688
-0.0012726
0.0033751
0.00072471
-0.0018892
-0.00091929
-0.0025148
0.0014943
0.0013649
0.0013314
-0.00098998
0.0005376
-0.0027937
-0.00067672
-0.0037024
-0.0017846
-0.00085996
-0.00074642
-0.0015584
0.00040303
-0.0012327
-0.0021055
0.003121
-0.00086621
-2.2047e-05
0.00058034
-0.00010438
-3.0695e-05
-0.00079374
-2.9256e-06
0.0020989
-0.00098356
-4.1144e-05
6.3729e-05
-6.0032e-05
0.00066995
-0.00059277
-0.0021074
-0.0003143
-0.00083526
-0.0012665
-0.00076829
-0.00092112
-0.0011856
-0.0016838
-0.00051856
0.0027475
-0.0029986
0.0013495
0.0022688
-0.00054143
0.0031968
0.0012669
-0.0014789
0.00036198
0.001618
-9.0124e-06
0.0040475
0.00063396
0.00016616
0.00042848
0.0002929
-0.0014264
0.00043922
0.00036031
0.0025899
0.00040485
0.0020996
-0.00015103
-0.0019199
0.00067278
-0.00098671
0.00060009
0.0013748
0.0011182
-0.00030096
-0.0017686
0.00058694
0.00056566
-0.002424
0.00068618
-0.00059133
-0.00052222
-0.001951
3.3958e-06
-8.954e-05
-2.2652e-05
0.0021551
0.00036736
-0.0012046
0.00015376
0.0005104
-0.0013781
0.00077672
0.0014737
-0.00066031
0.001621
0.0012136
-0.002095
-0.0022463
-0.0013862
-0.002573
0.00078447
0.0015611
0.001214
0.00040456
0.0032482
-0.0011801
-0.00044036
0.0010589
0.0011914
0.0021288
0.00072932
6.0658e-05
0.0039405
-0.0016558
0.00074409
0.00102
0.0016974
0.0045429
-0.0011569
0.0011531
-0.00079294
-0.0015801
-4.9588e-05
-0.00047302
-0.0013624
-0.00066525
0.00012984
-0.0012927
0.00066433
-0.0024305
0.0012957
0.0008746
-0.0013546
-0.00028168
0.00017637
-0.0028897
0.00048824
0.0018659
0.0020132
0.0020441
-0.001259
0.00010072
0.0017841
0.00025535
0.00017688
0.00065564
-0.00022454
0.0060356
-0.00016506
0.00057788
-0.0019341
-8.8443e-05
-0.001348
-0.00048259
0.0019574
-0.00090223
0.0041397
-0.00034753
-0.0010146
-0.00047387
-0.0012932
-3.155e-05
-0.00040014
-0.0002906
-0.001667
0.003162
-0.0013066
-0.00013618
0.00083754
-0.00055735
0.00041642
0.0021721
0.0006409
0.0011299
-0.001751
-6.6464e-05
0.00041189
0.00060793
-0.0020747
0.00055469
-0.00070379
-0.00095922
0.00049801
-0.0030067
0.0025564
0.0017356
-0.0015446
0.0042193
-0.0018516
-0.0023568
-0.0019602
-0.00065124
-0.0024848
0.00054646
-0.00099591
-0.00067918
-0.00042556
-0.0012643
-0.00034218
0.0013961
-0.00047303
0.00041548
4.1184e-05
-0.0019739
0.00079952
0.00027143
-0.00040324
0.0027581
-0.0020498
-0.00011104
0.0016131
-0.0018035
0.0032945
0.0025411
-0.00091785
-0.0010367
0.00069876
-0.00091371
0.00096606
-0.002837
0.0010518
-0.00074239
0.0015927
0.00030989
0.002803
-0.0023782
0.0012253
-0.0012298
0.00056192
0.0030338
0.00031644
0.00077285
0.0041802
0.00061091
0.0012294
-0.00024008
0.0029129
0.0002948
0.0012239
0.00053405
0.0023246
0.0014775
-0.0017543
0.00014948
0.003298
-0.0013974
-0.00033075
-0.00069053
-0.0025926
0.0014426
-0.0022565
-0.00025596
0.0025685
0.00093947
0.0016436
-0.0012661
1.0595e-05
0.0029159
0.0020172
-0.0032488
0.0019757
0.00031581
-0.00044342
0.0012536
0.000139
0.0023731
0.00093935
-9.8868e-05
-0.001162
0.0026402
-0.0029827
-0.0033066
0.0015597
-0.0021179
0.0011843
0.0047345
-0.0049048
0.0012004
-0.00060068
-0.00094236
-0.0013133
-0.0043245
-0.00063744
0.0007775
0.00066193
6.6929e-05
0.0024956
-0.0014182
0.0017751
0.00097045
-0.00029369
-3.1198e-05
0.00056992
0.0043341
0.00065245
-0.0018601
0.0034028
-0.0032655
-0.0018591
0.00019674
-0.00092159
0.0011351
0.0037853
-0.0028993
0.0010546
0.0009534
0.00021959
0.00039544
0.0019251
-0.0017418
0.00083519
0.00023229
-0.00026342
0.0015401
0.00085214
0.00096847
0.0013051
0.001006
0.00017825
-0.00095325
0.0023462
0.00103
-0.0028304
-0.0035492
-0.00060823
0.00087935
0.00071613
-2.4291e-05
0.0018389
0.0026611
0.00053587
-0.00095227
-0.0014236
-0.00010137
-0.0014878
-5.9909e-05
0.0032731
0.00019948
0.0019683
0.0014241
-0.0026692
0.0016343
-0.002233
-0.0013312
-8.0412e-05
-0.0010566
-0.0025483
0.00050861
-0.00050261
-0.0012187
-0.0049792
-0.002344
-0.0017891
0.00040869
-0.001866
0.0020055
0.000536
0.0011823
0.002094
-0.0011297
-0.00048602
-6.8348e-05
0.0011168
4.4507e-05
-0.001226
-0.0018654
-0.00085686
0.00034498
0.001185
0.0016742
-0.0020448
-0.0025887
0.00013182
-0.0038643
0.00019102
0.0016748
-0.00075985
-8.8907e-05
0.00051323
-0.00047827
-0.0010975
3.29e-05
0.00056562
0.0011535
0.00061534
-0.001587
5.423e-05
-0.00099804
0.00047977
-0.0013111
-0.00022162
0.00052905
0.00092925
-0.0022264
-0.00028678
-0.0010169
-0.00077521
0.00023353
-0.00099408
0.0013732
-0.00042099
4.2319e-05
0.00031966
-0.00057715
-0.0013097
-0.00098654
0.0011501
-0.0010323
0.0012978
-0.00045117
7.2387e-05
-0.00034098
-0.00042303
-0.0013052
0.00065813
-0.0035132
0.00078813
0.0010988
0.0015919
0.00066639
0.0040161
0.00097297
-0.00077678
-8.5301e-05
-0.00089287
0.0023338
-0.00092932
-0.0026149
0.001682
0.00014773
-0.0020645
0.0018677
-0.00049156
0.0025554
0.0011428
-0.00032239
0.0034998
-0.0011993
0.0014074
0.00078848
0.0042036
-0.0032575
0.0035369
-0.001559
0.0022387
0.00034903
0.0034946
0.0022089
0.00067734
-0.0008432
-0.0019661
0.00071352
0.00090599
-0.00015987
-0.00076194
-0.0017693
-0.0007885
-0.0015021
0.0024838
-0.00017632
-0.0016155
0.0015185
-0.0027973
-0.0015651
0.001861
0.00061011
-0.00047329
0.0014792
0.0012211
0.00066875
0.0027935
-0.00065177
0.0017278
-0.0013734
0.00033703
-0.0014285
0.00040614
-0.00041515
0.00039235
-0.00025457
0.00034505
0.00029233
-0.00023216
0.00040153
-0.00035731
0.00043024
0.0010139
-0.00030691
-0.0014118
0.0022481
-0.00038773
-0.0012498
0.0025634
-0.00062407
-0.0011225
0.001912
-0.002236
0.0018729
-0.0010548
-0.0003461
0.0014206
-0.0026897
-0.0025354
-0.0006023
-0.00084687
-0.0037672
0.0011252
0.00015724
0.0020583
0.0010844
-0.0011567
0.00032348
-0.00046088
-0.0020692
0.0032929
-0.0016088
0.0024322
0.0034991
0.0026567
0.0040459
-0.0017245
0.0015434
0.00056809
-0.0011661
-0.0014411
0.0014592
0.00066942
-0.0011603
0.0001914
-0.0014885
-0.00017232
-0.00010604
-0.0018352
0.00080202
0.0012932
-0.00046748
0.0013728
-0.001025
-0.00034449
0.001246
0.00010953
0.0018776
0.0044487
-0.00087248
0.0038192
-0.0013826
0.0011158
-6.6694e-05
0.0046378
0.0036653
-0.00061609
-0.0026375
-0.00099588
-0.0008682
-0.0032685
-0.0020571
0.00017182
-0.0023188
-0.0019586
-0.002816
-0.0019531
0.0014827
-0.0014514
-0.0012041
0.001412
-0.0018423
-0.00084368
0.0014972
-0.0025699
0.0017995
0.0023566
0.00094175
0.001744
0.0012991
0.0023537
0.003255
0.0017893
0.00213
0.0036542
0.0008337
-0.0011507
-0.00081084
-0.0016475
-0.0030035
-0.00024741
-0.0016619
-0.00040419
0.001389
-0.0042717
-0.001575
-0.002501
-0.0034586
-0.00029541
0.0034537
0.0019353
-0.0010549
-0.0012211
-0.00070466
0.0014735
-0.00061301
0.0022854
0.00052181
0.0019729
0.0017642
0.0037131
-0.0045231
0.0029864
0.00098706
-0.00060502
0.0031765
0.00012248
0.0028863
-0.0023623
-0.0042837
-0.0030364
0.00025483
0.0025744
0.0010508
0.0018732
-0.00049665
-0.00075349
0.0010273
0.0015487
0.0013897
0.0051722
-0.00096023
0.00097169
0.00011474
-0.00034335
0.0021239
0.00017303
0.003321
0.0010321
0.0006011
0.00045255
-0.00077784
-0.0024763
-0.00020185
0.0040339
-0.0020502
5.6994e-05
0.00040992
-0.0034795
-3.0205e-05
-0.00013657
-0.0029821
0.00087037
-0.0017499
-0.0019679
0.0022934
-0.0017739
0.00055424
0.0021715
-0.0025827
0.00078713
-0.0028668
-0.0024605
-7.4096e-05
-0.00020876
0.0018767
-0.0022055
0.001115
-0.00051658
-0.00082589
-0.0014017
-0.0016607
-0.00015003
0.0036545
0.0083002
-0.0080771
0.0019308
-0.00012072
0.0077862
-0.0032116
0.0011028
-0.0015722
0.0042786
0.012798
-0.0031875
-0.02329
-0.0044303
-0.014674
-0.013972
0.0015146
-0.0048637
-0.0042124
0.0046117
-0.009163
0.0022082
-0.022889
-0.0030997
0.0087901
-0.015164
-0.0061652
9.2203e-05
-0.010929
0.0013803
0.013397
-0.0016277
-0.0035644
-0.0095631
-0.0052075
-0.00042645
-0.0041307
0.0068139
0.0012411
-0.0025866
0.00098757
-0.011972
0.014349
0.010723
0.0048343
0.014613
0.0062095
0.00027597
0.028664
-0.0154
0.0043431
0.0091475
-0.010173
-0.0020748
0.013096
0.013022
0.0011873
-0.0023229
0.0068618
0.011182
0.0029237
0.0045864
0.0023309
-0.0034959
0.0017406
0.001317
-0.002598
-0.0044958
-0.0012241
-0.0024636
0.0024025
0.0048666
0.0060134
0.0059925
0.0083237
0.0019067
0.0070676
0.0048363
0.0069676
0.005315
-0.00032377
0.001836
0.0066089
0.0050499
0.00066373
0.0014269
0.0013092
0.0012463
-0.00060492
-0.0098019
-0.00087132
-0.0022749
-0.0067765
-0.0047592
-0.0041617
0.0016894
0.00095365
-0.0018189
-0.00070924
0.0023216
-0.0037569
-0.0058687
-0.008939
-0.010506
-0.013748
-0.0039423
-0.0067942
-0.0013247
-0.0035265
-0.0030266
0.00042716
-0.00040951
0.0034405
0.010341
0.0065878
-0.0068297
-0.0038674
-0.0020334
-0.00095988
-0.0018901
-0.00206
-6.4652e-05
0.00033276
-0.0033456
0.0024642
0.0012286
0.0033655
0.0043321
0.0015766
0.0056974
0.00021998
0.006492
0.0063182
-0.001502
0.0017404
-0.00090238
-0.0078884
-0.0027724
-0.0031391
-0.0024961
-0.0015591
-0.0031642
0.0020716
0.0046762
0.0016075
-0.0021776
0.0016466
0.0043065
0.0020084
0.0039369
0.0052315
0.0051243
0.0044903
0.0095502
0.0026315
0.0087478
0.011523
0.011955
0.0025086
0.0015599
0.01533
-0.0036856
-0.012284
-0.0025461
-0.0003875
-0.0048562
-0.0066251
-0.0041795
-0.011721
-0.011887
-0.0048088
-0.0012784
-0.0013038
-7.8238e-05
0.004886
-0.00049806
0.0071732
0.013618
0.0068561
0.016145
0.011134
0.013516
-0.00028228
-0.0019505
-0.0056205
-0.010825
-0.009513
-0.011961
-0.016408
-0.016453
-0.018054
-0.015722
-0.0076835
-0.0056286
4.9406e-05
0.0065569
0.0062029
0.0068496
0.011849
0.013371
0.01812
0.015051
0.011418
0.010099
0.0091829
0.00064458
-0.00047416
-0.008449
-0.0084632
-0.0066872
-0.011006
-0.010922
-0.010614
-0.015208
-0.011036
-0.012598
-0.010849
-0.0065161
-0.0046172
-0.0055759
0.00082839
0.010913
0.011402
0.0083593
0.0062374
0.0090617
0.0047626
0.0053511
0.0033628
-0.001375
-0.0038056
-0.0064303
-0.007789
-0.0082276
-0.0067697
-0.0075659
-0.0063052
-0.0083333
-0.0041031
-0.0053698
0.0023963
0.0031324
0.00063242
0.0040268
0.0073413
0.0053084
0.0058463
0.011418
0.0093606
0.0093815
0.0057559
0.0068888
0.01024
-0.00048475
0.0004975
-0.0028028
-0.0035413
-0.0038627
-0.0065815
-0.0075684
-0.0090712
-0.0088632
-0.0053567
-0.0030673
0.00099547
0.0026024
0.0066117
0.0074585
0.011628
0.0091607
0.014395
0.017824
0.017292
0.007572
0.028695
0.053672
-0.019978
0.063138
0.024051
-0.063484
0.047635
0.05862
-0.069767
0.15522
0.032449
-0.027688
-0.042482
-0.01034
-0.082494
-0.080096
0.070906
-0.058043
-0.029108
-0.05814
-0.15688
0.061278
-0.18465
-0.086499
0.11469
-0.017236
-0.24676
0.14626
0.14921
-0.022603
0.24392
0.23168
0.099995
0.1425
0.11742
0.52313
0.22441
-0.015437
0.063237
0.20138
0.20709
-0.23732
-0.23769
0.2626
-0.015536
-0.23018
0.18566
0.27366
0.057866
0.24717
0.18359
-0.045782
0.37763
0.1225
-0.26288
0.40554
0.5824
-0.17264
-0.1856
0.03127
-2.1604e-05
-0.17118
0.09205
0.055186
0.0037976
-0.18091
-0.30206
-0.14488
-0.12396
0.20246
0.05006
-0.054716
0.12232
-0.22227
-0.11266
-0.07222
-0.11479
0.20826
-0.19457
-0.25408
0.01455
0.14281
-0.19923
-0.22114
0.0091869
0.037883
-0.29349
-0.13644
0.034086
0.017658
0.040511
0.23789
0.15666
0.15052
0.16517
-0.0026582
0.014806
-0.10247
0.069378
0.26354
0.21157
0.059353
-0.26695
-0.14426
-0.17415
-0.286
-0.01426
-0.09795
-0.31037
-0.12618
-0.025542
-0.10623
-0.29262
0.069158
0.059522
-0.12814
0.055749
0.11048
0.017553
0.26581
0.26156
0.16373
-0.082828
-0.26984
0.2125
0.22623
-0.25788
-0.0020435
0.1457
-0.21276
0.11526
0.17414
0.0016103
-0.10071
-0.064248
-0.081325
-0.079199
-0.054951
0.23167
0.22348
0.13587
-0.24238
-0.07736
0.11123
0.077769
-0.48698
-0.32769
-0.15867
-0.0061425
-0.2727
-0.1703
0.15148
0.15724
0.030647
0.0010135
0.12849
0.21018
0.38896
0.11326
-0.035608
0.068096
0.18585
0.54286
0.19063
-0.1841
0.25155
0.34991
0.12584
0.1068
0.081478
0.31359
-0.029616
-0.11967
0.23617
0.02002
-0.2332
0.25475
0.17789
-0.087089
-0.013513
0.11131
-0.023511
-0.21662
0.12762
0.66333
0.52144
0.001763
-0.47324
-0.21181
-0.068472
-0.17712
-0.40328
0.063511
0.042059
-0.037383
-0.13617
0.046414
-0.18011
-0.15476
-0.02538
-0.19407
-0.007997
0.10619
-0.034666
-0.020592
-0.20573
-0.038024
0.04026
-0.058543
-0.51924
-0.34671
0.2714
0.063691
-0.32811
0.18076
-0.16118
-0.49768
0.097332
0.16906
-0.15347
-0.13521
-0.22931
-0.045915
0.086384
-0.049848
-0.27839
0.074742
0.33485
-0.14308
-0.39723
-0.32242
-0.35111
-0.15659
-0.067194
-0.43777
-0.10745
0.38294
0.087357
-0.0095747
0.16038
0.1028
0.0078799
0.16955
0.44121
0.42982
0.15082
0.022268
0.31188
0.34888
0.45127
0.094266
0.054752
0.31421
0.44831
0.075742
-0.077221
0.38805
0.38299
-0.17265
-0.076824
0.42297
0.17861
-0.21327
0.17455
0.29129
0.062713
0.085699
0.20689
0.6653
0.29862
0.32829
0.36419
0.072204
-0.42264
-0.30588
-0.13505
-0.16993
-0.36623
-0.16962
0.30866
0.011911
-0.06493
0.10232
-0.014955
-0.096681
-0.19924
0.10672
0.26155
-0.083745
0.038875
0.43296
0.067786
-1.1467
-0.40283
0.081768
-0.011204
-0.33161
-0.11002
-0.46656
-0.68296
0.10469
-0.23202
-0.71972
-0.3284
0.23552
-0.22695
-0.8121
0.013672
-0.16148
-0.50363
-0.4756
-0.2406
0.30089
-0.055991
-0.35444
-0.3824
-0.30621
0.04098
-0.22164
-0.25223
-0.022979
0.070981
0.2216
-0.0065422
-0.057565
0.21501
0.54842
0.3934
0.061156
-0.032238
0.50065
0.5114
0.46871
0.025547
0.17948
0.69941
0.20944
0.076296
0.54843
0.25163
-0.0843
0.42375
0.11276
-0.06874
0.31916
0.26044
0.11335
0.061569
0.24556
0.026601
-0.1756
0.00048831
0.026694
0.061795
0.49983
0.92693
0.6752
0.37142
0.21453
-0.030349
-0.088985
0.13191
0.058043
0.082091
-0.1359
-0.32717
-0.092964
-0.25068
-0.10319
0.10523
0.068303
-0.32784
-0.25016
0.36563
0.11684
-0.060503
0.1941
0.0078904
-0.65261
-0.76045
-0.43944
-0.26245
-0.17377
-0.51732
-0.2523
-0.3412
-0.46629
-0.53704
-0.26559
-0.23049
-0.24456
-0.27399
0.056891
0.34758
0.36915
-0.16523
-0.48157
-0.4021
-0.0020747
-0.13782
-0.17912
-0.098113
0.19886
-0.24698
0.24893
0.22068
0.10926
-0.024344
0.014407
0.1207
0.19718
0.26844
0.28377
0.24984
0.31214
0.4324
0.5383
0.40245
0.0078753
0.15803
0.46568
0.17575
-0.066319
0.40365
0.25066
-0.24978
0.17303
0.27718
-0.0022634
-0.0061186
0.22323
0.13496
-0.12755
0.020181
0.15424
-0.034471
0.26948
0.7985
0.63554
0.41765
0.22363
-0.0020207
-0.30177
-0.33315
0.014759
0.024617
-0.1561
0.14011
0.15826
-0.14079
-0.10728
-0.021685
0.10942
0.097749
-0.18698
-0.16044
0.16705
-0.2181
-0.0058922
-0.2078
-0.59401
-0.7636
-0.28249
-0.085998
-0.22494
-0.49267
-0.1982
-0.31235
-0.6976
-0.15345
0.017557
-0.41987
-0.65416
0.026739
0.0078395
-0.47027
-0.38924
-0.058176
-0.022636
-0.32633
-0.35075
0.29133
0.40969
-0.046209
-0.37795
-0.19567
0.16444
0.11619
-0.23398
-0.22746
0.28599
0.25896
0.19867
-0.018261
-0.20165
-0.038106
0.5048
0.26456
-0.17619
-0.099648
0.30267
0.32233
0.1411
0.17708
0.39641
0.10467
-0.12098
0.19772
0.12136
-0.29464
0.24636
0.26118
-0.14608
0.16191
0.14436
0.16093
-0.16626
0.018376
-0.040021
0.048182
0.045159
-0.01342
0.16927
0.44763
0.22594
0.023892
-0.045337
0.28169
0.17971
-0.010666
0.2662
0.30874
-0.048252
0.025974
-0.089997
0.15007
-0.19716
-0.060434
0.084159
-0.081228
-0.13172
-0.11249
-0.3424
-0.50399
-0.28211
-0.21514
0.013197
-0.18417
-0.27171
-0.38928
0.0051816
0.14069
-0.61578
-0.30402
0.28894
0.084637
-0.12981
0.063985
0.0032421
-0.25833
-0.33551
-0.55539
-0.32295
-0.13879
-0.22521
0.02735
0.58118
0.54757
0.0014946
-0.21234
0.35522
0.45018
-0.025387
0.33231
0.41079
0.020055
0.29515
0.5034
0.29133
0.040418
-0.035529
0.20544
0.089398
-0.0023401
0.57357
0.0060626
-0.19858
-0.15938
-0.0013587
-0.13899
-0.28011
-0.18988
-0.54052
-0.09875
-0.17945
-0.37895
-0.35285
-0.13247
-0.3138
-0.14686
0.12371
-0.18384
0.0045738
0.18458
0.25024
-0.41481
-0.0052819
0.61139
0.19883
-0.12898
0.34316
0.22457
-0.060387
0.16149
0.13682
0.6847
0.36571
-0.068206
0.20736
0.10773
0.14506
-0.13879
0.21778
0.15454
-0.094461
-0.02677
0.063401
-0.13159
-0.22394
-0.0094881
-0.34911
-0.60054
-0.319
0.065332
-0.29801
-0.79929
-0.56922
0.23421
-0.40352
-0.60889
-0.10076
-0.028163
-0.25525
-0.096278
-0.21586
0.12502
0.201
-0.053343
-0.33936
-0.52375
-0.092818
-0.20409
-0.24711
-0.083604
0.087805
0.24194
0.3061
0.32147
0.39741
0.51853
0.19363
0.89076
0.43545
-0.12085
0.65822
0.039862
0.050943
0.27213
-0.030889
-0.0069998
0.41693
0.35856
-0.098141
-0.19139
-0.12535
-0.13326
0.074111
-0.0071068
-0.16284
0.13663
0.029641
-0.30464
-0.084152
0.0054081
-0.21109
-0.21886
0.17115
-0.2921
-0.23433
-0.12018
-0.0065724
-0.041598
-0.042575
-0.44078
0.074093
0.62863
-0.26967
-0.040092
0.23159
-0.05121
0.23894
0.012297
0.2944
0.095603
-0.1124
-0.10181
-0.14129
-0.037543
0.12658
-0.034054
0.027719
-0.050672
-0.085724
-0.099603
-0.019014
-0.25745
-0.14424
-0.31308
-0.29048
-0.16493
-0.15447
-0.22487
-0.33297
-0.31219
-0.15819
-0.30283
-0.24595
-0.077843
-0.22935
0.092305
0.11442
-0.099748
0.094919
0.25246
-0.22569
-0.17927
0.19644
-0.72941
-0.38551
-0.076482
-0.10988
0.057427
0.6225
0.53244
0.25665
0.37395
0.49642
0.65619
0.7019
0.58081
0.55217
0.5396
0.23527
0.22156
0.18557
0.014652
-0.16223
0.12675
0.23985
-0.26101
-0.391
-0.18767
-0.1897
-0.072881
-0.00061002
-0.40328
-0.083789
0.0032944
-0.17376
-0.098222
-0.1792
-0.28766
-0.18656
-0.12887
-0.44511
-0.25255
-0.13352
-0.12532
-0.32481
-0.13138
-0.27501
-0.26753
0.10066
-0.094997
-0.21267
0.56715
0.26147
-0.24644
0.053211
0.10388
-0.11071
0.21456
0.4121
0.55299
0.18037
-0.13895
0.17598
-0.1306
-0.019699
0.29091
0.042114
0.0021666
0.32005
0.085328
-0.10494
0.021822
0.33856
-0.089147
-0.37521
-0.28598
-0.1603
-0.102
-0.12629
-0.55767
-0.52079
-0.15649
-0.23028
-0.19257
0.14207
-0.096592
-0.18789
-0.058167
0.15145
-0.036951
0.18561
0.20619
-0.28344
-0.17504
-0.70253
-0.2924
-0.35657
-0.28558
-0.045457
0.7229
0.73158
0.86282
0.29647
0.62171
0.96028
0.60357
0.21419
0.46486
0.3426
0.067405
0.10931
0.072377
-0.26388
-0.13606
0.18152
-0.40571
-0.2762
-0.16913
-0.10505
-0.42415
-0.20363
0.17053
-0.048313
-0.18373
0.025527
0.032695
-0.25107
0.078985
-0.076418
-0.46026
-0.11598
-0.24158
-0.33578
-0.13905
-0.17244
-0.58107
-0.19525
0.10064
-0.025274
-0.24816
-0.10016
-0.23641
0.005032
-0.087608
0.030548
0.40543
0.091507
-0.26157
0.06962
-0.14216
-0.11817
-0.0072074
-0.02694
0.080074
0.1491
0.1615
0.11658
-0.10039
0.045589
-0.049248
-0.17932
-0.11451
0.048707
-0.13723
-0.17704
-0.19844
-0.54034
-0.54752
-0.14108
0.0049741
0.029863
-0.081582
-0.25914
-0.11124
0.085884
0.047362
-0.046036
-0.08402
0.018411
-0.14114
-0.074569
0.061996
0.71121
0.77291
0.26211
0.10458
0.53889
1.1121
0.95263
0.71026
0.72471
0.8717
0.63796
0.30419
0.45368
0.286
0.15845
0.16801
0.082654
-0.13871
-0.30467
-0.14095
-0.22786
-0.32107
-0.44654
-0.12582
-0.17191
-0.15811
-0.17254
-0.25805
-0.018178
0.070594
-0.017603
-0.0501
0.10152
0.15123
0.1016
-0.11937
-0.31698
-0.31572
0.024602
-0.39031
-0.083953
0.041754
-0.25003
-0.45228
-0.14043
-0.24709
-0.386
-0.52007
-0.17352
-0.20965
-0.041995
-0.30281
-0.33422
0.013112
-0.2144
-0.14132
0.0035854
0.0059981
-0.038362
-0.026364
0.014445
0.18242
0.14594
-0.029942
-0.22309
-0.12779
0.092077
-0.084166
-0.1138
0.28552
-0.1498
-0.14155
-0.26368
-0.42819
-0.42767
-0.0881
-0.11687
-0.0067006
-0.028723
0.050342
0.060171
0.14581
0.00047241
-0.063609
0.16072
0.54287
0.74427
0.48158
0.4085
0.48944
0.53423
1.0895
0.99499
1.0756
0.66636
0.99028
0.64916
0.28334
0.39859
0.29328
0.25268
0.20373
0.057898
-0.059238
-0.096632
-0.080416
-0.13453
-0.3193
-0.46555
-0.60178
-0.50997
-0.41079
-0.20329
-0.2603
-0.26658
-0.156
0.072263
-0.23117
-0.17349
-0.02591
0.12309
-0.078842
-0.24136
-0.16085
-0.13827
-0.27352
-0.1677
-0.34093
-0.39477
0.15137
-0.028247
-0.36398
-0.081338
-0.028922
-0.26184
-0.25456
0.021808
0.18056
-0.062113
-0.16281
-0.065184
-0.17278
-0.050912
-0.023216
0.055016
0.14051
0.18105
0.2278
0.21955
0.36588
0.30427
0.21792
0.11826
0.19472
0.037429
0.031871
0.066085
-0.17126
-0.0061177
-0.46568
-0.38865
-0.35931
-0.29177
-0.32945
-0.27846
-0.17319
-0.16237
-0.062436
-0.15217
-0.19907
-0.39054
-0.050829
0.19359
0.40345
0.45697
0.74863
0.46533
0.59958
0.72407
0.66524
0.85417
0.98866
0.80262
0.78523
0.64132
0.36444
0.52537
0.3582
0.29383
0.21036
0.14572
0.050028
0.032138
0.059596
0.058335
-0.0027443
-0.1051
-0.1435
-0.088411
0.011536
0.1968
-0.18489
-0.27262
0.12219
0.37431
0.10464
-0.080127
-0.098378
-0.052222
-0.15901
-0.29656
-0.28286
-0.16327
-0.34013
-0.016725
-0.26949
-0.043536
-0.03209
-0.08935
-0.076644
-0.55454
-0.5289
-0.54375
-0.48639
-0.561
-0.48689
-0.63754
-0.52016
-0.30485
-0.15802
-0.1264
-0.0038126
0.051926
0.064231
0.16054
0.25078
0.48412
0.38158
0.15578
0.44615
0.53856
0.34859
0.45507
0.449
0.23834
-0.090017
-0.15017
-0.058759
0.14354
0.12507
-0.13314
-0.1813
0.088217
0.17835
0.10448
0.11523
0.054438
0.083648
-0.10958
-0.17376
-0.14153
-0.15009
0.23808
0.13127
0.151
0.17983
0.065531
0.20068
0.17828
0.21385
0.19554
0.32254
0.13216
0.040396
0.022921
-0.1943
-0.21362
-0.26763
-0.37837
-0.33986
-0.33701
-0.20044
-0.052511
-0.054177
0.063315
0.14213
0.1203
-0.15217
0.10629
0.44899
0.34109
-0.10448
0.18229
0.42635
0.087771
-0.17247
0.15324
0.031775
-0.074471
-0.23873
0.034498
-0.032302
0.26897
0.083007
-0.34202
-0.56523
-0.49168
-0.32684
-0.33601
-0.40915
-0.27976
-0.5977
-0.54851
-0.40401
-0.36367
-0.37666
-0.15138
-0.083813
-0.070361
0.035563
-0.037765
0.062252
0.204
0.21374
0.44996
0.42284
0.33305
0.33147
0.2023
0.14745
-0.11476
-0.31068
0.035201
0.076418
-0.24092
-0.09005
-0.22912
-0.099098
0.021187
0.016332
0.0049806
-0.064585
0.087485
-0.088006
-0.274
-0.13339
0.3623
0.56032
0.54459
0.40995
0.39367
0.31409
0.38398
0.40531
0.65298
0.52949
0.2789
0.34051
0.26922
0.019745
-0.15038
-0.23068
-0.17383
-0.21823
-0.29341
-0.092821
-0.28668
-0.29733
-0.31841
-0.11594
-0.03565
0.2063
-0.11554
-0.30458
0.43262
0.32268
-0.14605
-0.0080651
0.25925
0.0047302
-0.11881
-0.2712
-0.16066
-0.04218
-0.29239
-0.26113
0.13684
0.085594
0.082979
0.10619
0.15637
-0.1686
-0.32911
-0.34746
-0.51804
-0.2999
-0.077298
-0.29063
-0.542
-0.36389
-0.31526
-0.17684
-0.084368
0.15805
-0.047463
0.04736
0.14789
0.060035
0.17275
0.26069
0.32438
0.35333
0.45838
0.40896
0.23515
0.15892
-0.10396
-0.17074
-0.4063
0.082185
0.047654
-0.17423
-0.30087
-0.063706
-0.17629
-0.1788
0.097632
0.1045
0.030298
-0.10559
-0.13216
-0.27108
-0.31288
0.53256
0.36672
0.26051
0.2761
0.28858
0.49185
0.48358
0.36473
0.5732
0.55202
0.26123
0.26685
0.19886
0.11132
-0.029539
-0.12545
-0.2215
-0.40598
-0.26632
-0.24338
-0.29312
-0.26523
-0.079241
0.054236
-0.092136
-0.012183
0.13774
-0.11139
-0.049027
0.25989
0.38766
-0.015221
-0.07725
0.064966
0.063915
-0.15396
-0.21019
-0.21635
-0.16376
-0.11004
0.026648
0.025598
0.22545
0.02691
0.139
0.065623
-0.023557
-0.026959
-0.11155
-0.36406
-0.29601
-0.62007
-0.40763
-0.3111
-0.23041
-0.1318
0.0026343
0.023309
0.080607
0.11457
0.19247
0.28207
0.22319
0.55848
0.43572
0.40794
0.35899
0.33823
0.079204
-0.10427
-0.29313
-0.1031
0.048938
-0.16927
-0.18547
-0.29995
-0.090584
-0.0084831
0.021052
0.060851
-0.092641
0.0077349
-0.093856
-0.27062
-0.16337
-0.28609
-0.29649
-0.29977
0.10056
0.41066
0.52498
0.35548
0.38278
0.38041
0.40743
0.38891
0.36152
0.40958
0.44675
0.42044
0.27141
0.18728
0.27445
-0.23697
-0.29549
-0.22028
-0.22158
-0.2632
-0.26303
-0.11751
-0.092854
-0.00072963
0.11779
-0.12028
0.11856
0.30855
0.024274
-0.043052
0.11394
0.25315
-0.060711
-0.29869
0.030981
-0.14192
-0.15294
-0.14347
0.10491
0.0079958
0.17108
0.1032
0.13925
0.056
0.021754
0.033175
-0.24287
-0.35793
-0.23866
-0.44427
-0.56104
-0.37825
-0.19925
-0.53897
-0.55982
-0.58806
-0.32957
-0.1938
0.079315
0.070174
0.35535
0.25954
0.49757
0.4251
0.44079
0.5255
0.44958
0.33435
0.18438
-0.00065729
-0.25096
-0.13641
0.1449
-0.094127
-0.15107
-0.021002
-0.11119
-0.039394
0.15
-0.021949
-0.029629
-0.2027
-0.11068
-0.28423
-0.25919
-0.26155
-0.3002
0.12331
0.55311
0.42259
0.22016
0.23568
0.14837
0.24954
0.36413
0.27752
0.27196
0.48514
0.33896
0.26111
0.12117
0.069418
0.015664
-0.14793
-0.25616
-0.25588
-0.35085
0.064423
0.091907
0.074689
0.14447
0.021002
0.23858
0.27683
0.37962
-0.0079911
0.27434
0.087831
0.0035697
0.02478
0.032437
-0.21473
-0.017118
-0.035206
0.070583
0.028896
0.25838
0.27908
0.18419
0.02021
-0.048704
-0.4549
-0.28662
-0.28403
-0.51396
-0.65867
-0.54494
-0.14957
-0.62033
-0.65327
-0.60427
-0.40535
-0.46273
-0.2097
-0.057604
-0.19499
-0.047696
-0.053852
-0.035075
0.14422
0.54306
0.32948
0.2137
0.19901
0.02473
-0.1099
-0.15142
0.24763
-0.024404
-0.092146
-0.33522
-0.17238
0.081147
0.070349
0.041056
0.021181
0.020352
-0.081885
-0.19665
-0.28381
-0.2707
-0.089426
-0.30118
0.033741
0.41225
0.60966
0.45261
0.27289
0.22994
0.22178
0.40289
0.43304
0.37969
0.70122
0.51665
0.31868
0.14908
0.18864
0.048588
-0.040793
-0.17578
-0.27611
-0.30135
-0.28449
-0.41711
-0.42116
-0.24773
-0.002936
-0.03396
-0.034806
0.19671
0.096706
0.083886
0.086727
-0.017535
0.28983
-0.16344
-0.18683
-0.051495
-0.11865
-0.1931
-0.25115
0.27916
0.11917
-0.0079225
0.30928
0.12567
-0.11079
-0.16452
-0.25052
-0.35974
-0.24861
-0.44
-0.37729
-0.47902
-0.30192
-0.29233
-0.69013
-0.44091
-0.45929
-0.16003
0.021866
-0.072605
0.24511
-0.086182
0.051905
0.18737
0.26767
0.26142
0.25385
0.41918
0.002809
-0.16404
-0.37784
0.1269
-0.06611
-0.25859
-0.066913
-0.16315
0.0021054
-0.072319
0.11769
-0.068275
0.04542
-0.17008
-0.28463
-0.24075
-0.38093
-0.31765
-0.19896
0.46694
0.53847
0.45869
0.45185
0.44978
0.30289
0.34811
0.44702
0.39552
0.38355
0.57856
0.59185
0.21408
0.24842
0.24587
0.024582
-0.089878
-0.1295
-0.2581
-0.2379
-0.21847
-0.29023
-0.22239
-0.21013
0.096882
-0.051671
-0.12829
-0.0075788
0.19591
-0.085346
-0.09567
0.1542
-0.2679
-0.2016
-0.19824
-0.20309
-0.29183
-0.14552
-0.075255
0.032068
0.14375
-0.015228
-0.00077745
0.059301
-0.18989
-0.19744
-0.23428
-0.36948
-0.48175
-0.52927
-0.27842
-0.2923
-0.67457
-0.4433
-0.27998
-0.18991
-0.021878
0.15689
-0.0070329
0.012483
0.12878
-0.014633
0.127
0.21935
0.36322
0.38734
0.42887
0.33038
0.4372
0.29327
0.31768
-0.010166
-0.13491
-0.24451
-0.1642
-0.020939
-0.12455
0.15649
0.0075841
-0.10449
-0.0010004
-0.22931
-0.25397
-0.22641
-0.31293
-0.3412
0.1509
0.41156
0.47183
0.46712
0.43326
0.32196
0.46702
0.50144
0.43525
0.49676
0.45853
0.40629
0.16279
0.11458
0.081243
0.0027627
-0.16564
-0.24739
-0.30476
-0.2627
-0.38233
-0.32618
-0.31764
-0.18362
-0.108
-0.11631
0.059022
0.14728
-0.03056
-0.029217
0.065086
-0.047873
-0.23275
-0.16669
-0.24913
-0.23848
-0.1232
0.079663
0.065687
0.18822
0.020431
0.2488
0.15021
0.015681
0.064185
-0.06085
-0.23589
-0.31068
-0.51996
-0.50698
-0.23848
-0.21908
-0.46715
-0.16828
-0.30169
-0.18262
-0.13056
0.029356
0.18882
0.17873
0.16926
0.36688
0.22927
0.4257
0.25448
0.040609
-0.10708
-0.089082
-0.36029
-0.0083264
-0.052041
-0.25251
-0.2885
-0.15284
-0.14343
-0.15657
-0.046393
0.050851
-0.16503
-0.13512
-0.074979
-0.36376
-0.38234
-0.23528
-0.29019
-0.34612
0.26721
0.50874
0.5809
0.45634
0.44378
0.43892
0.44725
0.54912
0.53888
0.51529
0.23285
0.064234
0.018791
-0.25061
-0.27164
-0.26711
-0.33766
-0.31292
-0.32699
-0.36731
-0.031765
0.002097
-0.16278
0.14112
-0.023495
-0.058426
0.15818
0.12322
0.086714
0.068691
-0.039099
0.1003
-0.017652
-0.15229
-0.26435
-0.11744
-0.14501
-0.009502
0.079187
0.036664
0.034671
-0.042507
-0.31418
-0.47221
-0.56246
-0.42097
-0.26128
-0.43057
-0.38082
-0.32018
-0.36792
-0.41797
-0.29607
-0.043787
-0.05882
-0.034512
0.072972
0.059739
0.15639
0.39433
0.3882
0.29185
0.43874
0.50536
0.25408
0.098995
0.17294
-0.0051232
-0.071793
-0.13468
-0.010189
-0.17175
-0.16118
-0.23219
-0.078337
0.019544
-0.080125
0.078303
-0.2114
-0.26024
-0.29745
-0.18719
-0.3393
0.07908
0.25785
0.67214
0.43059
0.45091
0.40456
0.37761
0.42324
0.47047
0.63814
0.76634
0.49855
0.44781
0.22957
0.19001
0.12578
0.017849
-0.08898
-0.17831
-0.2174
-0.2606
-0.33643
-0.40693
-0.26588
-0.26582
-0.14948
-0.053361
-0.076142
-0.066356
0.00080643
0.20269
0.23267
-0.13233
0.0096396
-0.023397
0.10605
-0.16521
-0.17653
0.01385
0.20485
0.094495
0.16911
0.087043
0.078673
-0.032175
-0.21398
-0.35059
-0.3305
-0.42205
-0.65644
-0.43317
-0.40657
-0.6976
-0.59406
-0.20917
-0.34128
-0.12477
-0.030643
-0.028441
-0.050411
0.039102
0.13541
0.17114
0.41451
0.51139
0.38219
0.28626
-0.017353
0.051889
-0.21253
-0.095083
-0.035885
-0.18177
-0.15996
-0.12128
-0.0063494
-0.065451
0.00061985
-0.039416
-0.073986
-0.14997
-0.19832
-0.33891
-0.35629
-0.22321
-0.17352
0.3005
0.43397
0.39147
0.47944
0.49135
0.43177
0.44882
0.50452
0.48273
0.32602
0.65287
0.65348
0.40118
0.38366
0.35477
0.17119
0.055119
-0.12776
-0.2178
-0.3243
-0.1953
-0.25052
-0.22934
-0.24897
-0.091907
0.087811
-0.13358
-0.040403
-0.13581
0.11254
0.11569
0.20732
0.31938
0.21054
-0.11675
0.033509
-0.079076
-0.22021
-0.19101
-0.052674
-0.24519
-0.25661
-0.035151
-0.096049
0.050432
0.21952
-0.05897
-0.029556
-0.015188
-0.27789
-0.40666
-0.47001
-0.5976
-0.45152
-0.54822
-0.41951
-0.33262
-0.15031
-0.04764
-0.044646
0.015771
-0.070071
0.043467
0.17433
0.24092
0.35653
0.32239
0.53212
0.43097
0.39134
0.30525
0.1748
0.12007
0.077865
-0.061192
0.074618
-0.15795
-0.21439
-0.11644
0.1267
0.0019922
0.098669
-0.28743
-0.15437
-0.21664
-0.25322
-0.18809
0.23515
0.49889
0.49123
0.56986
0.3914
0.35093
0.55019
0.4142
0.53471
0.47103
0.44918
0.37747
0.14566
0.16052
0.11972
-0.049584
-0.12508
-0.21356
-0.25411
-0.34663
-0.39055
-0.32513
-0.282
-0.14209
-0.068277
-0.12925
0.034792
-0.064952
0.0041068
0.1175
0.19135
-0.037593
0.10007
-0.029109
0.096724
-0.1406
-0.011596
-0.14094
-0.15903
-0.20573
0.27005
0.048283
0.01995
-0.073126
-0.15721
-0.30907
-0.31182
-0.37041
-0.48889
-0.63474
-0.30635
-0.55121
-0.74099
-0.56455
-0.57704
-0.36873
-0.14711
-0.19043
0.023717
0.02816
0.089549
0.0025855
0.07576
0.28945
0.21989
0.24744
0.38804
0.46619
0.39636
0.29414
0.20895
0.11605
0.077512
0.012461
-0.06358
0.092357
-0.28415
-0.017284
-0.31762
-0.088753
0.11717
-0.024225
-0.0021918
-0.0011262
0.011634
-0.22853
-0.24148
-0.35781
0.43432
0.53971
0.59779
0.53573
0.41725
0.56447
0.58795
0.51019
0.59112
0.70647
0.32618
0.33133
0.31569
0.12948
0.10959
-0.063548
-0.17379
-0.34853
-0.26267
-0.31628
-0.24785
-0.30736
-0.19125
-0.0015357
-0.14308
-0.18391
-0.059587
-0.06912
0.10265
0.11153
0.13249
0.18437
0.08906
-0.12276
-0.0064538
-0.24844
-0.10781
-0.30532
-0.13995
-0.14422
-0.015531
-0.0095353
0.12445
0.031302
-0.0689
-0.094772
-0.34024
-0.29853
-0.25316
-0.47509
-0.56333
-0.60002
-0.52427
-0.38424
-0.32768
-0.11811
0.14985
0.0053978
0.020807
0.015865
0.10495
0.19989
0.30173
0.19406
0.41419
0.4447
0.37341
0.30459
0.27789
0.2423
0.038762
0.29108
0.0065972
0.08981
0.077191
-0.13506
-0.15305
-0.04596
0.18754
0.066729
0.19715
0.1012
0.01287
0.036835
-0.1361
-0.25179
-0.16464
-0.27887
-0.2801
0.027787
0.3934
0.4242
0.3343
0.32626
0.37319
0.28641
0.29843
0.44539
0.42349
0.54954
0.29171
0.090309
0.034374
-0.0712
-0.44078
-0.24833
-0.28202
-0.29922
-0.14391
-0.047029
-0.16555
0.032139
-0.087688
-0.063586
0.1988
0.10761
-0.030402
-0.040147
0.14742
-0.071984
0.019077
-0.14286
-0.14116
-0.20322
-0.22182
-0.38232
0.053277
0.05074
0.17304
0.091859
0.19497
0.068031
-0.02641
-0.19627
-0.19806
-0.16476
-0.36277
-0.27705
-0.2227
0.0075331
-0.12889
-0.30629
-0.11712
-0.26423
-0.087135
-0.046934
0.091369
0.25019
0.24238
0.26535
0.20357
0.40021
0.41524
0.20891
0.19863
0.082621
0.01646
-0.173
-0.03413
-0.1729
-0.048383
-0.26832
-0.18456
-0.27863
-0.19823
-0.038552
-0.029706
-0.089379
-0.042026
-0.12393
-0.11599
-0.25736
-0.25186
-0.36
-0.52243
-0.41007
-0.053294
0.37358
0.3971
0.58841
0.39437
0.52614
0.45933
0.5655
0.68529
0.65876
0.60581
0.53535
0.33584
0.16054
0.13673
-0.0018543
-0.15348
-0.18992
-0.31391
-0.21487
-0.26681
-0.3136
-0.2901
-0.2593
-0.16393
-0.22302
-0.030647
-0.15752
-0.075
-0.05213
-0.043337
-0.1451
-0.24706
-0.21903
-0.29238
-0.38523
-0.30715
0.030241
-0.11874
0.005243
0.020043
0.034942
0.036838
-0.028445
-0.060554
-0.13511
-0.15954
-0.14945
-0.3058
-0.055504
-0.1428
-0.16171
-0.27608
-0.091672
-0.0090087
-0.29102
0.057086
0.16086
0.26879
0.21332
0.26021
0.28732
0.29038
0.35579
0.35744
0.22865
0.1177
0.21497
0.16563
0.13671
-0.1793
-0.037453
0.065103
-0.24233
-0.08964
-0.3282
-0.27159
-0.37968
-0.066837
0.013177
-0.13026
0.077886
-0.1359
-0.16455
-0.19688
-0.44262
-0.15328
0.14369
0.33483
0.40852
0.41002
0.43122
0.36134
0.60073
0.6943
0.6647
0.86234
0.7053
0.69005
0.53407
0.27018
0.17954
0.132
-0.008095
-0.10981
-0.17673
-0.1797
-0.24717
-0.27693
-0.14664
-0.2116
-0.16205
-0.086873
-0.18692
-0.043892
-0.11865
0.24912
0.20978
0.21946
0.034955
0.18785
-0.0086851
-0.082162
-0.048239
0.064737
-0.33455
-0.11337
0.054684
-0.051294
-0.078762
-0.20281
-0.22894
-0.38536
-0.50385
-0.39809
-0.47659
-0.43105
-0.46472
-0.3677
-0.57843
-0.60149
-0.42757
-0.16422
-0.19452
-0.028423
-0.079602
-0.041006
-0.041617
0.036824
0.12819
0.17291
0.18941
0.20486
0.29454
0.19171
0.10435
0.20031
0.15318
0.16397
-0.036047
0.024322
-0.10667
-0.048101
0.044543
-0.10012
-0.0081682
0.15153
0.074438
0.022394
0.11515
0.026416
-0.10541
-0.0525
-0.021659
0.30434
0.2893
0.64942
0.65259
0.49291
0.76383
0.84345
0.69116
0.58396
0.74967
0.34893
0.15029
0.27364
0.17614
0.048313
-0.026589
-0.11337
-0.16596
-0.27031
-0.37891
-0.41769
-0.53466
-0.51554
-0.41055
-0.44751
-0.5116
-0.30788
-0.2522
-0.34021
-0.0081246
0.032795
-0.046171
0.094765
0.062908
0.09369
-0.07185
-0.2894
-0.090246
-0.13876
-0.27889
-0.22727
-0.33594
-0.3322
-0.35945
-0.1288
-0.29785
-0.33857
-0.20999
-0.24265
-0.14081
-0.23561
-0.11966
-0.18565
-0.087628
-0.03454
0.069191
0.12837
0.046133
0.14411
0.31763
0.35387
0.32519
0.41431
0.44241
0.34797
0.43142
0.34482
0.33123
0.28598
0.24831
0.02232
-0.0040677
-0.13531
-0.20534
-0.099135
0.033708
-0.07379
-0.082135
0.068297
0.032937
-0.028955
0.13668
0.037106
0.038794
-0.089655
-0.10887
0.080642
0.28033
0.31568
0.36139
0.61408
0.28861
0.24709
0.34265
0.34244
0.51629
0.56518
0.5033
0.21606
0.057728
0.15492
-0.038654
-0.20492
-0.10595
-0.12548
-0.36712
-0.44449
-0.38923
-0.42854
-0.24108
-0.29201
-0.19392
-0.16675
0.027517
-0.057393
-0.12321
0.13864
-0.023182
-0.14463
-0.18073
-0.20374
-0.21735
-0.1738
0.092514
-0.045672
0.17601
0.0081449
0.25046
-0.0075959
-0.23544
-0.23354
-0.25389
-0.42111
-0.63126
-0.27097
-0.30398
-0.28151
-0.12498
-0.20631
-0.23194
-0.36381
-0.20693
-0.14577
-0.073985
0.051747
0.040238
0.11635
0.23033
0.16205
0.18566
0.18361
0.15545
0.076031
0.22651
0.055383
0.15146
-0.039796
0.10668
-0.364
-0.173
-0.077554
0.18009
-0.037625
0.043755
0.014775
0.0059019
-0.045585
-0.21135
-0.16081
-0.064745
-0.11767
0.23185
0.33756
0.36499
0.56934
0.68365
0.60885
0.56991
0.81005
0.75537
0.86555
0.79356
0.86113
0.48095
0.33196
0.2637
0.08039
0.15278
0.1162
0.034238
-0.062736
-0.1352
-0.25277
-0.40021
-0.19399
-0.2506
-0.41464
-0.33189
-0.33009
-0.5207
-0.38278
0.037495
-0.12922
-0.29486
-0.28329
-0.30927
-0.31575
-0.27039
-0.26572
-0.22336
-0.18709
-0.16276
0.076008
-0.04158
-0.019715
-0.34936
-0.23099
-0.39636
-0.38504
-0.28044
-0.29318
-0.27991
-0.40611
-0.13559
-0.32089
-0.562
-0.2656
-0.18208
-0.065575
0.058614
0.033405
0.095206
-0.055618
0.20001
0.25903
0.22679
0.23114
0.37595
0.27109
0.21295
0.22818
0.082805
0.12547
0.015232
0.51606
0.27494
-0.23167
-0.12883
0.058498
0.25381
0.038777
0.22868
0.12209
0.08128
-0.060854
-0.022338
-0.14223
-0.057534
-0.13157
0.091413
0.289
0.31405
0.43501
0.56576
0.56177
0.44004
0.42466
0.67737
0.57174
0.61158
0.39635
0.13928
0.088733
0.076677
0.053721
-0.037715
-0.10507
-0.23679
-0.35318
-0.36621
-0.46633
-0.23569
-0.33482
-0.37789
-0.36244
-0.29884
-0.26994
-0.18525
0.029116
-0.054346
0.11062
0.071399
-0.20731
-0.079634
-0.2847
-0.075154
-0.071833
-0.069831
-0.082451
0.16973
-0.027224
-0.058272
-0.25378
-0.32594
-0.31633
-0.3223
-0.37639
-0.34665
-0.37758
-0.16419
-0.25047
-0.37165
-0.25565
-0.36209
-0.23808
-0.045059
-0.14332
0.12946
0.20238
0.057082
0.29549
0.19056
0.21278
0.26163
0.14233
0.26846
0.27802
0.22141
0.063028
0.027192
0.13228
0.4506
-0.031205
-0.053898
-0.20605
-0.063119
-0.051992
0.040617
0.25098
0.009613
0.20872
0.21296
0.083637
-0.033431
0.049952
0.31717
0.3702
0.35929
0.46059
0.60297
0.50457
0.32503
0.51407
0.6319
0.53103
0.56815
0.46697
0.055042
0.027491
0.062885
-0.0082867
-0.13746
-0.2449
-0.42197
-0.38057
-0.41917
-0.40921
-0.264
-0.25952
-0.27982
-0.33925
-0.31611
-0.18503
-0.19717
-0.096701
0.092181
0.017488
-0.050616
-0.15388
-0.096211
-0.11118
-0.14231
-0.18395
-0.19102
-0.29173
-0.216
-0.049599
0.032514
0.033077
0.1912
-0.38021
-0.35813
-0.33209
-0.38592
-0.29424
-0.3397
-0.26437
-0.31967
-0.2798
-0.18621
0.011771
-0.043684
0.0068297
0.082243
0.15657
0.26356
0.31419
0.21715
0.073213
0.13393
0.23084
0.12555
0.18245
0.092419
0.27393
0.1989
0.28397
0.3039
-0.27389
-0.1456
0.028064
-0.11778
-0.13772
0.29133
0.20928
-0.025773
0.0736
0.13028
0.054452
0.024809
-0.14584
-0.043276
-0.10891
-0.22706
0.20584
0.35946
0.37758
0.48166
0.58189
0.63483
0.46246
0.35785
0.60461
0.73329
0.55069
0.63777
0.54761
0.27089
0.2011
-0.029049
-0.00043919
0.09981
0.069307
-0.12561
-0.23164
-0.19874
-0.37179
-0.41833
-0.3247
-0.42518
-0.27235
-0.13109
0.097337
-0.077371
0.13353
-0.056809
-0.1854
-0.30399
-0.091691
-0.18886
-0.32315
-0.10808
-0.1478
-0.1391
-0.13917
-0.0041408
0.07356
0.00099929
-0.072868
-0.26343
-0.39438
-0.27874
-0.45244
-0.39958
-0.40984
-0.40062
-0.25022
-0.14918
-0.41016
-0.26306
-0.35615
-0.21943
-0.12703
-0.12043
-0.0078807
0.08305
0.010816
0.14861
0.32702
0.0813
0.27348
0.36781
0.20777
0.35246
0.18031
0.17913
0.083724
0.23938
0.48432
0.037133
0.068295
-0.12905
-0.044869
-0.034329
0.23219
0.33567
0.062246
0.19759
0.31956
0.25418
0.17665
-0.028012
0.075818
0.10334
-0.14856
-0.17051
-0.08933
0.28205
0.39147
0.31745
0.49342
0.52538
0.38059
0.087119
0.31261
0.43494
0.23467
0.18048
0.44661
0.19317
-0.029131
-0.079002
-0.05015
-0.13243
-0.29743
-0.33705
-0.38162
-0.37919
-0.48349
-0.36674
-0.41497
-0.30342
-0.29895
-0.030299
0.00408
0.1257
-0.089261
0.053084
-0.036058
-0.024014
-0.055862
-0.058922
-0.13564
0.000157
0.062808
0.11932
0.14903
0.10021
0.15308
-0.014535
-0.27009
-0.1899
-0.42633
-0.3861
-0.35086
-0.42609
-0.31799
-0.11824
-0.23674
-0.34112
-0.36053
-0.28875
-0.2535
-0.34018
0.016106
0.014909
-0.083429
0.15295
0.16056
0.23174
0.2668
0.32516
0.35174
0.1421
0.2752
0.046654
0.11418
0.07045
0.30209
0.35454
-0.0094252
-0.26128
-0.015174
0.15514
0.29773
0.31223
0.17502
-0.016555
0.0033321
0.19174
-0.12227
-0.24963
-0.097325
0.030925
0.28617
0.27221
0.34053
0.42157
0.44075
0.22633
0.10034
0.44823
0.41351
0.23184
0.41296
0.43515
0.059908
-0.024908
-0.051553
-0.052138
-0.14214
-0.35551
-0.50127
-0.44373
-0.33746
-0.34017
-0.30201
-0.27174
-0.21664
-0.35388
-0.1104
-0.11005
-0.093575
0.15184
-0.047183
0.13516
-0.067564
-0.016345
-0.019006
0.065501
-0.1447
-0.092336
-0.090813
-0.015196
0.0029678
0.084237
0.14835
0.16169
-0.033177
-0.38095
-0.5194
-0.4434
-0.20683
-0.28686
-0.40957
-0.25305
-0.44742
-0.45529
-0.31576
-0.27073
-0.13613
-0.12154
0.063976
-0.012974
-0.0025025
0.21541
0.12011
0.21679
0.2753
0.23871
0.21122
0.15898
0.073341
0.092126
0.016581
0.29917
0.30178
0.35311
-0.054116
-0.22261
0.057916
0.16298
0.038628
0.32009
0.39827
0.23967
0.23496
0.18512
-0.0039185
-0.031111
-0.1354
-0.12352
-0.12899
0.30434
0.37208
0.42553
0.52123
0.46163
0.36049
0.17533
0.29003
0.54045
0.46691
0.4318
0.2424
0.17103
0.094922
0.0027257
-0.025242
-0.011536
-0.50797
-0.43993
-0.41222
-0.45
-0.3613
-0.2614
-0.14829
-0.086185
-0.13388
0.061825
0.033515
-0.0018187
0.097315
-0.086044
0.18546
-0.15577
-0.097545
0.024404
-0.14063
-0.36416
-0.0079231
-0.19712
-0.12368
0.060583
0.092024
0.030483
0.17458
-0.25079
-0.3332
-0.24351
-0.31316
-0.2672
0.073379
-0.21149
-0.17218
-0.20664
-0.26837
-0.21279
-0.054909
-0.12888
-0.076116
-0.09657
0.031379
0.1235
0.19621
0.26927
0.31823
0.062004
0.02642
0.00063031
0.019288
-0.060262
0.025461
-0.11024
-0.1359
-0.17342
-0.22413
-0.098323
-0.069802
-0.028473
-0.020351
0.038515
0.045342
0.20729
-0.32775
-0.31022
-0.3098
-0.20145
-0.16422
0.31088
0.68518
0.55793
0.47426
0.50956
0.44043
0.3849
0.66957
0.8325
0.82458
0.73965
0.61852
0.40893
0.189
0.16796
0.17381
0.047651
-0.14445
-0.15099
-0.20553
-0.31173
-0.41672
-0.29471
-0.34507
-0.50763
-0.22398
-0.4218
-0.58753
-0.26806
-0.1332
-0.14357
-0.13202
-0.0092088
-0.32012
-0.28676
-0.38462
-0.38252
-0.44002
-0.26465
-0.17621
-0.15651
-0.12164
0.034277
0.026854
-0.17635
-0.10599
-0.33796
-0.34935
-0.30406
-0.24511
-0.30536
-0.2716
-0.11168
-0.21438
-0.13745
-0.12878
0.069442
-0.024669
0.13053
0.16239
0.19823
0.34549
0.31474
0.27449
0.26809
0.29422
0.19879
0.29818
0.29034
0.24663
0.16725
0.093269
0.16032
0.074885
-0.12375
-0.057007
-0.1557
0.035182
-0.1421
-0.010529
0.16052
0.042854
0.0065527
0.051991
-0.019416
-0.015929
-0.40314
-0.030329
0.39869
-0.015266
0.25087
0.64544
0.37221
0.37841
0.55729
0.60108
0.46689
0.63558
0.70862
0.44807
0.2787
0.34817
0.13162
-0.15071
-0.16377
-0.16195
-0.2516
-0.43446
-0.33624
-0.33475
-0.34586
-0.28114
-0.35219
-0.28445
-0.24655
-0.23626
0.003293
-0.33131
0.24362
-0.16018
-0.014532
-0.055479
-0.008123
-0.11787
-0.20652
