-0.019063
-0.022362
-0.017738
-0.021256
-0.020843
-0.023338
-0.020708
-0.021305
-0.022814
-0.018807
-0.021086
-0.01935
-0.020677
-0.021976
-0.024444
-0.019408
-0.023285
-0.020708
-0.022345
-0.023298
-0.02251
-0.022063
-0.022335
-0.01738
-0.023497
-0.019112
-0.023273
-0.021024
-0.02495
-0.020603
-0.020249
-0.018741
-0.020254
-0.018401
-0.019408
-0.027155
-0.022546
-0.022084
-0.023045
-0.022245
-0.028997
-0.023019
-0.021086
-0.026459
-0.021862
-0.023407
-0.027161
-0.024761
-0.027218
-0.029508
-0.023802
-0.02629
-0.023729
-0.026693
-0.024737
-0.026326
-0.028549
-0.023917
-0.022657
-0.032068
-0.025096
-0.025478
-0.025805
-0.022584
-0.025004
-0.023941
-0.030728
-0.026064
-0.030729
-0.026523
-0.025019
-0.022554
-0.021619
-0.029991
-0.028029
-0.027105
-0.027254
-0.024791
-0.03045
-0.021491
-0.022313
-0.01967
-0.02145
-0.02307
-0.020002
-0.020529
-0.021209
-0.023156
-0.019398
-0.021373
-0.018908
-0.025693
-0.023048
-0.026974
-0.02445
-0.022903
-0.022757
-0.025044
-0.027258
-0.022643
-0.02302
-0.020544
-0.025065
-0.026096
-0.020074
-0.024976
-0.020347
-0.025668
-0.022566
-0.021355
-0.020113
-0.022506
-0.023948
-0.024572
-0.0239
-0.0258
-0.023029
-0.024469
-0.025135
-0.026596
-0.023518
-0.024457
-0.025449
-0.028527
-0.022093
-0.024305
-0.025774
-0.024314
-0.028247
-0.026609
-0.026414
-0.024514
-0.02726
-0.026413
-0.024447
-0.027882
-0.028903
-0.023866
-0.028056
-0.030089
-0.024733
-0.026546
-0.023974
-0.030339
-0.029545
-0.02605
-0.025671
-0.04334
-0.027058
-0.022717
-0.029202
-0.021608
-0.0291
-0.023889
-0.025391
-0.020817
-0.022348
-0.021805
-0.022009
-0.022807
-0.02387
-0.021457
-0.023394
-0.021137
-0.023239
-0.02168
-0.02755
-0.026682
-0.025135
-0.024045
-0.027757
-0.029039
-0.026103
-0.026365
-0.028693
-0.024401
-0.022782
-0.028294
-0.031522
-0.026286
-0.027569
-0.026199
-0.024372
-0.024477
-0.023417
-0.021552
-0.021003
-0.027696
-0.026282
-0.0246
-0.027061
-0.021776
-0.023832
-0.026318
-0.020564
-0.023811
-0.023014
-0.020942
-0.023466
-0.022046
-0.020685
-0.026431
-0.021183
-0.027391
-0.024147
-0.024069
-0.022766
-0.02398
-0.021117
-0.026669
-0.023744
-0.022755
-0.025071
-0.021809
-0.030479
-0.028163
-0.02134
-0.023644
-0.023802
-0.021226
-0.023396
-0.024163
-0.026742
-0.022521
-0.024139
-0.029907
-0.021443
-0.0268
-0.022621
-0.021375
-0.02357
-0.021797
-0.023106
-0.023553
-0.024081
-0.025096
-0.023417
-0.024906
-0.028246
-0.022256
-0.025074
-0.025854
-0.022403
-0.02521
-0.024901
-0.02125
-0.024212
-0.022009
-0.024691
-0.023762
-0.02833
-0.022394
-0.024632
-0.023142
-0.029442
-0.027559
-0.027723
-0.025464
-0.029789
-0.025811
-0.030026
-0.02762
-0.027928
-0.029641
-0.029074
-0.028128
-0.028481
-0.034971
-0.026028
-0.025356
-0.032369
-0.025614
-0.031504
-0.025297
-0.030088
-0.026781
-0.027124
-0.026659
-0.023957
-0.026811
-0.02635
-0.026564
-0.023075
-0.027918
-0.029198
-0.023849
-0.027282
-0.027394
-0.029356
-0.022896
-0.029009
-0.02351
-0.02852
-0.02461
-0.02397
-0.021086
-0.027327
-0.024948
-0.028906
-0.029215
-0.026825
-0.032999
-0.023032
-0.022297
-0.023018
-0.024726
-0.027572
-0.021095
-0.023716
-0.027441
-0.027254
-0.027486
-0.030206
-0.023538
-0.02782
-0.024769
-0.025154
-0.023746
-0.024578
-0.030412
-0.030523
-0.026896
-0.027491
-0.027107
-0.027243
-0.033395
-0.024365
-0.029797
-0.027798
-0.025076
-0.028199
-0.028425
-0.025472
-0.029017
-0.026817
-0.026737
-0.03727
-0.028927
-0.029963
-0.02752
-0.028723
-0.028758
-0.032334
-0.032594
-0.030317
-0.025075
-0.026986
-0.027053
-0.025163
-0.031173
-0.030158
-0.035909
-0.026317
-0.030312
-0.031311
-0.028399
-0.031026
-0.033021
-0.027917
-0.034087
-0.030859
-0.028295
-0.032225
-0.034882
-0.030381
-0.036983
-0.028785
-0.030318
-0.028532
-0.03547
-0.030665
-0.032182
-0.035849
-0.030201
-0.033168
-0.036169
-0.031257
-0.031299
-0.033265
-0.032596
-0.030155
-0.035973
-0.031178
-0.035613
-0.032061
-0.030774
-0.03505
-0.034092
-0.029546
-0.034111
-0.034832
-0.029907
-0.033042
-0.030761
-0.038929
-0.034103
-0.039068
-0.03558
-0.029754
-0.037911
-0.032125
-0.031751
-0.036413
-0.03313
-0.030094
-0.031876
-0.029234
-0.032664
-0.034026
-0.028251
-0.030943
-0.02733
-0.032329
-0.026993
-0.035405
-0.029796
-0.028957
-0.032383
-0.032914
-0.025781
-0.028348
-0.026065
-0.029221
-0.028232
-0.031664
-0.026221
-0.029076
-0.026431
-0.029933
-0.026968
-0.028982
-0.030457
-0.030445
-0.028126
-0.033514
-0.025982
-0.032967
-0.031604
-0.029253
-0.031598
-0.028155
-0.030611
-0.026656
-0.024372
-0.031339
-0.024363
-0.030754
-0.02803
-0.030518
-0.026628
-0.026872
-0.028558
-0.029495
-0.027661
-0.029888
-0.035406
-0.030446
-0.036437
-0.02603
-0.027068
-0.030463
-0.027344
-0.034042
-0.030936
-0.032523
-0.033835
-0.027851
-0.03424
-0.034808
-0.028233
-0.032016
-0.029376
-0.0288
-0.031009
-0.033619
-0.039936
-0.032827
-0.029939
-0.035711
-0.031215
-0.030918
-0.028413
-0.028364
-0.033007
-0.034308
-0.03128
-0.031672
-0.035154
-0.032103
-0.035205
-0.0322
-0.038307
-0.033329
-0.040307
-0.039736
-0.036602
-0.036766
-0.036007
-0.036813
-0.035438
-0.036031
-0.039249
-0.034214
-0.035791
-0.035168
-0.036719
-0.034931
-0.039343
-0.035886
-0.046306
-0.040798
-0.035582
-0.039827
-0.034411
-0.042745
-0.039225
-0.036907
-0.038226
-0.041472
-0.037424
-0.03797
-0.038115
-0.034142
-0.036139
-0.034331
-0.035632
-0.037023
-0.034925
-0.042526
-0.041531
-0.042659
-0.038411
-0.034713
-0.041672
-0.038006
-0.034454
-0.037395
-0.036092
-0.035912
-0.039913
-0.039399
-0.039511
-0.036269
-0.040988
-0.035764
-0.034605
-0.036545
-0.039611
-0.033797
-0.037084
-0.040611
-0.033243
-0.038094
-0.034797
-0.034173
-0.035976
-0.037077
-0.038208
-0.032933
-0.036955
-0.040351
-0.040971
-0.040807
-0.040493
-0.037162
-0.037289
-0.037294
-0.033716
-0.040064
-0.033683
-0.040403
-0.034217
-0.039802
-0.036842
-0.040378
-0.037
-0.035887
-0.03211
-0.034509
-0.035374
-0.03628
-0.040476
-0.041563
-0.037338
-0.041723
-0.035101
-0.042333
-0.03461
-0.035618
-0.042247
-0.038289
-0.038553
-0.038915
-0.039392
-0.042535
-0.035176
-0.038031
-0.036932
-0.036233
-0.043828
-0.040152
-0.03278
-0.035207
-0.037455
-0.04155
-0.033628
-0.041036
-0.036154
-0.037864
-0.037006
-0.036938
-0.037868
-0.034251
-0.042189
-0.040943
-0.039999
-0.039041
-0.037255
-0.038078
-0.037148
-0.041331
-0.039706
-0.033145
-0.037229
-0.041057
-0.031974
-0.035191
-0.040542
-0.03595
-0.040443
-0.034712
-0.03902
-0.038663
-0.040715
-0.035466
-0.036338
-0.038062
-0.038907
-0.038337
-0.038057
-0.044244
-0.037636
-0.04145
-0.036703
-0.04197
-0.036928
-0.040645
-0.034014
-0.040097
-0.036622
-0.040221
-0.035296
-0.040043
-0.040079
-0.042952
-0.035386
-0.040412
-0.036234
-0.040433
-0.035836
-0.039254
-0.041838
-0.035725
-0.039143
-0.034954
-0.035372
-0.039672
-0.039422
-0.031356
-0.036592
-0.038869
-0.03415
-0.036456
-0.038123
-0.048099
-0.03714
-0.03712
-0.036619
-0.034647
-0.036796
-0.03657
-0.038601
-0.03844
-0.034618
-0.041628
-0.038845
-0.034138
-0.042966
-0.039102
-0.042041
-0.037787
-0.034162
-0.037338
-0.033455
-0.036868
-0.035972
-0.035672
-0.03369
-0.0349
-0.038076
-0.032179
-0.042899
-0.035136
-0.038638
-0.031666
-0.038847
-0.036628
-0.033028
-0.036788
-0.034088
-0.037967
-0.031746
-0.034534
-0.037551
-0.033911
-0.029553
-0.037056
-0.030533
-0.031121
-0.031881
-0.037408
-0.034626
-0.037782
-0.03092
-0.033738
-0.033653
-0.03802
-0.034531
-0.036198
-0.03054
-0.035673
-0.038256
-0.03159
-0.039641
-0.035993
-0.036363
-0.03679
-0.033742
-0.042157
-0.040737
-0.036753
-0.035063
-0.038686
-0.045529
-0.037875
-0.039606
-0.042705
-0.034654
-0.041617
-0.04072
-0.035068
-0.035568
-0.032545
-0.035774
-0.038063
-0.033776
-0.036629
-0.037627
-0.03536
-0.036456
-0.035735
-0.039088
-0.036905
-0.038432
-0.038986
-0.034719
-0.043194
-0.037303
-0.034392
-0.041731
-0.038338
-0.033367
-0.039674
-0.039317
-0.035819
-0.033894
-0.040375
-0.037579
-0.038612
-0.040454
-0.043253
-0.033106
-0.041719
-0.040803
-0.033145
-0.038752
-0.037161
-0.037879
-0.037907
-0.032792
-0.032972
-0.03618
-0.032346
-0.036282
-0.031946
-0.040465
-0.041236
-0.037057
-0.044298
-0.036436
-0.040677
-0.03657
-0.040515
-0.041984
-0.044427
-0.043221
-0.052728
-0.039906
-0.043855
-0.045229
-0.04298
-0.039297
-0.048035
-0.035298
-0.045788
-0.03908
-0.047107
-0.042563
-0.038049
-0.044918
-0.049867
-0.048339
-0.064536
-0.061114
-0.047387
-0.048089
-0.039358
-0.039602
-0.043847
-0.035994
-0.039859
-0.03122
-0.033732
-0.038024
-0.036661
-0.04053
-0.040256
-0.03372
-0.043082
-0.040825
-0.036321
-0.043569
-0.046416
-0.047643
-0.05001
-0.050558
-0.050265
-0.04325
-0.041521
-0.048435
-0.040485
-0.044079
-0.036066
-0.034694
-0.038061
-0.035914
-0.037174
-0.032772
-0.036918
-0.040704
-0.047339
-0.040489
-0.042565
-0.044673
-0.042275
-0.0423
-0.040927
-0.038978
-0.03912
-0.036047
-0.039532
-0.036443
-0.038512
-0.035895
-0.03947
-0.046823
-0.04525
-0.035867
-0.046812
-0.046368
-0.045396
-0.047751
-0.043043
-0.046633
-0.039798
-0.035317
-0.040938
-0.038237
-0.034835
-0.040082
-0.039046
-0.048103
-0.042049
-0.044933
-0.050847
-0.046337
-0.046064
-0.048914
-0.049538
-0.053196
-0.045475
-0.050846
-0.047885
-0.0457
-0.046068
-0.043845
-0.048701
-0.051146
-0.048949
-0.048754
-0.052329
-0.043042
-0.054784
-0.04854
-0.043691
-0.051443
-0.044236
-0.042764
-0.045688
-0.040612
-0.039366
-0.036081
-0.040376
-0.044102
-0.040064
-0.045642
-0.045727
-0.038173
-0.043378
-0.034332
-0.038486
-0.036415
-0.036698
-0.04551
-0.041693
-0.040982
-0.040143
-0.0373
-0.043031
-0.037229
-0.040827
-0.045708
-0.047963
-0.045236
-0.043269
-0.045802
-0.043025
-0.04462
-0.035677
-0.037078
-0.036405
-0.033713
-0.033827
-0.032778
-0.03924
-0.036272
-0.041333
-0.034621
-0.045305
-0.045697
-0.043054
-0.046741
-0.047165
-0.046229
-0.041551
-0.044304
-0.048529
-0.039218
-0.037247
-0.038143
-0.028773
-0.031357
-0.030906
-0.029974
-0.03162
-0.033687
-0.043011
-0.047844
-0.052616
-0.061776
-0.055402
-0.065703
-0.061569
-0.054151
-0.061657
-0.054703
-0.047169
-0.037725
-0.041303
-0.02856
-0.029571
-0.033238
-0.03283
-0.026919
-0.032727
-0.027907
-0.036706
-0.033028
-0.037976
-0.04116
-0.040081
-0.038081
-0.052493
-0.040418
-0.049256
-0.044575
-0.046268
-0.051248
-0.045684
-0.049835
-0.046913
-0.040383
-0.04839
-0.037522
-0.034353
-0.03284
-0.033418
-0.036933
-0.036975
-0.036315
-0.044108
-0.045043
-0.055309
-0.053667
-0.052468
-0.055346
-0.055963
-0.05574
-0.054479
-0.048001
-0.047571
-0.051192
-0.051116
-0.042956
-0.043808
-0.04667
-0.043482
-0.042198
-0.045036
-0.042996
-0.047977
-0.049987
-0.056134
-0.049542
-0.046655
-0.050959
-0.053727
-0.047264
-0.049403
-0.045376
-0.046228
-0.045531
-0.044979
-0.045567
-0.048629
-0.046876
-0.058506
-0.05552
-0.054941
-0.06637
-0.058562
-0.063164
-0.054039
-0.053799
-0.047782
-0.04124
-0.040603
-0.035861
-0.036113
-0.033619
-0.033977
-0.03811
-0.044924
-0.048288
-0.049011
-0.045988
-0.049972
-0.04145
-0.041938
-0.070152
-0.064723
-0.058134
-0.09027
-0.083557
-0.061053
-0.027201
-0.0037663
0.037296
0.1739
0.17651
0.35325
0.4701
0.35295
0.37782
0.53462
0.58115
0.58766
0.75603
0.71032
0.65462
0.74093
0.70984
0.8227
0.75644
0.84187
0.94058
0.70584
0.81763
0.80645
0.78103
0.33851
0.3338
0.23879
0.1677
0.0048789
0
-7.9505e-05
-3.4535e-05
-0.026717
-0.0085176
0
-0.024714
-0.010747
-0.022844
-0.016354
-0.0099538
-0.073889
-0.00022332
-0.057816
-0.045182
-0.067581
-0.021321
-0.48094
-0.58609
-1.5645
-1.6108
-1.64
-1.9191
-1.7945
-1.3878
-1.0888
-0.52238
-0.33011
-0.25733
-0.13574
-0.031962
0.06424
-0.061862
-0.048501
-0.039397
-0.064367
-0.067194
-0.060494
-0.05216
-1.0196
-1.6004
-1.9747
-2.1351
-2.2787
-2.1461
-1.7382
-1.4555
-0.96639
-0.60436
-0.25824
-0.040886
0.56094
0.62757
1.1998
1.2929
1.6956
1.6095
1.8912
2.0033
2.0546
2.7369
2.4177
1.6125
1.1493
0.75535
0.52182
0.65294
0.69067
0.83162
0.50807
0.33006
0.26294
0.57384
0.64587
0.81231
1.1352
1.771
2.0044
2.1497
2.4319
2.1339
2.2074
2.1552
1.3909
0.18429
0
0.012626
0.032693
0.011985
0.00057929
0.00054015
0
0.0023624
0.00011802
-0.001854
-0.0031403
-0.0018575
-0.012791
-0.0067814
0
-0.0046534
-0.0011549
-0.00032642
-0.0082453
-0.10385
-0.18742
-0.42332
-0.52406
-0.43818
-0.44429
-0.49714
-0.60136
-0.57191
-0.46113
-0.24524
-0.17906
-0.15659
-0.11824
-0.11201
-0.12199
-0.18509
-0.24231
-0.7515
-1.7149
-2.4916
-3.4564
-3.5019
-3.7643
-3.7314
-3.0712
-2.7994
-2.9114
-1.7561
-1.5719
-1.3735
-0.45843
-0.23807
0.3332
0.48539
1.0209
0.91069
0.72105
1.1387
1.3019
1.5007
2.3335
2.727
2.9875
2.9966
3.1935
2.4234
1.9933
1.4805
1.615
1.7229
1.8002
2.2708
2.9014
3.4601
3.7038
2.8732
3.7624
3.7525
4.1771
4.2417
3.1995
2.8255
2.4885
2.1858
1.5241
0.30145
0.034256
0
0.04274
0
0.031517
0.009406
0.023795
0.010143
0.00042797
0.0023588
0
-0.0087059
-0.0071713
-0.0068274
-0.0027743
-0.00087613
0
-0.0029511
0
-0.21368
-0.35681
-0.87741
-1.4797
-1.3761
-1.1124
-0.69924
-0.38223
-0.337
-0.21334
-0.24178
-0.11645
-0.042496
-0.052913
-0.051101
-0.090692
-0.14924
-0.19424
-0.40473
-0.70904
-1.9327
-2.9671
-3.9676
-4.1518
-4.0588
-4.1401
-3.7288
-3.1
-2.7992
-2.4215
-2.1311
-1.9315
-0.82591
-0.84091
-0.23119
-0.078667
0.55929
0.41872
0.39065
0.65342
0.75799
0.65988
1.2694
2.1606
2.3766
2.0772
2.5362
1.9749
1.8475
1.4084
1.6955
2.1799
2.3046
2.4671
3.7991
4.1818
3.5331
4.0469
4.3215
4.8804
5.0016
4.1526
3.6897
3.7966
2.8261
1.9178
0.96204
0.43286
0.057985
0
0
0.0021728
0.0010082
0.013043
0.0047252
0.0057354
0.0030931
0.0075135
0.0027955
0.0009766
0.0048461
0
-0.017946
-0.11267
-0.42912
-0.60142
-0.87107
-0.77427
-0.71602
-0.61002
-0.23024
-0.14178
-0.060995
-0.1011
-0.073129
-0.039545
-0.040474
-0.012938
-0.007518
-0.0045627
-0.033487
-0.060753
-0.19959
-0.37188
-3.4665
-3.754
-3.8356
-3.8806
-3.6722
-2.793
-2.3808
-1.8005
-1.3411
-1.2684
-0.48031
0.2162
0.18374
0.85258
1.2758
1.5267
1.4945
1.791
1.8433
2.2341
3.1445
4.2443
4.0622
4.6806
3.9663
3.6584
3.2046
2.7232
2.5599
2.6156
2.7382
2.974
3.2601
3.1289
3.6108
3.3686
3.8172
3.8637
3.4205
2.9748
2.5352
2.7934
2.0034
1.387
0.82881
0.36444
0.01804
0
0.023778
0.0054416
0.025691
0.0092966
0.012358
0.0012077
0.00078419
-0.0028845
0
-0.017165
-0.0042197
-0.013462
0
-8.5209e-05
-0.0039091
-0.19927
-0.25103
-0.80468
-1.1516
-0.70625
-0.38533
-0.52825
-0.26573
-0.15714
-0.044995
-0.027522
-0.018033
0
0
0
0
-0.0011447
-0.0056405
-0.011606
-0.062354
-0.58563
-1.2454
-2.1948
-3.5678
-4.2028
-4.0705
-4.2755
-3.5827
-3.001
-2.6406
-1.7656
-1.845
-1.185
-0.8413
-0.48877
-0.54067
0.031804
0.21666
0.22951
1.8019
2.3299
2.616
3.3887
3.547
3.1091
3.1759
2.4685
2.4128
2.6394
2.8128
3.3916
3.7508
3.4538
3.7558
4.3261
4.6123
5.2783
5.7979
5.0394
5.3449
4.9837
5.4988
3.5073
3.173
2.844
0.11703
0
0.003585
0
0.020363
0.010489
0.0078235
0.0052737
0.00085516
-0.0026922
-0.00098444
-0.0040698
-0.0063365
-0.010363
-0.012026
-0.00073839
-0.014549
0
-0.017536
-0.31739
-0.3045
-0.45936
-0.97493
-1.0921
-1.0566
-0.95867
-0.94976
-0.60833
-0.39878
-0.30753
-0.21622
-0.20372
-0.10397
-0.045796
-0.025559
-0.012298
-0.010841
-0.021947
-0.073866
-1.0344
-2.0512
-3.0326
-3.6132
-3.9186
-3.6766
-3.5362
-3.4906
-2.6558
-2.2529
-1.8238
-1.2304
-0.082733
0.5478
0.54784
1.47
1.638
1.6572
1.9994
1.8849
2.7618
2.7766
3.1518
2.954
3.0137
2.8974
3.6965
3.8833
3.3954
3.3915
2.8838
3.1053
3.5836
3.555
3.5769
3.8585
4.2987
3.8833
4.9212
4.4927
4.9543
4.8494
5.0224
4.2581
3.4856
2.2443
2.1056
1.2658
0.73198
0.22493
0.0066402
0
0.015617
0.0078086
0.0084935
0.012068
0.0091133
0.0031138
5.3181e-05
-0.00086252
-0.0031334
-0.0010798
-0.00041595
-0.0033814
-0.017723
-0.40589
-0.84865
-1.0999
-1.7856
-1.826
-0.804
-0.71601
-0.26566
-0.031673
-0.00013759
0.080004
0.0073377
0.018711
0.037139
0.013042
0
0
0
0
0
-0.0049441
-0.018113
-0.077034
-0.49735
-1.1954
-2.0335
-3.2498
-4.0679
-4.5042
-5.0797
-4.0663
-3.3275
-2.486
-2.7845
-1.999
-1.0544
-0.36653
0.3876
1.2981
1.1596
1.4417
1.7299
1.7467
2.1155
2.341
2.7485
2.8312
3.0118
3.1542
2.5862
2.7016
3.1984
3.2084
3.029
3.9578
4.0369
4.4363
4.7804
5.5489
4.5605
4.9366
5.0058
5.7824
5.2499
5.6805
4.8857
3.8092
3.4595
2.6038
1.7474
1.1118
0.091959
0.010499
0.054936
0.017732
0
0.0062968
0.011112
0.017001
0
0
0.00034187
0
-0.0041701
0
-0.0029665
-0.014298
0
-0.2692
-0.11715
-0.33722
-0.73213
-1.101
-0.71128
-0.69688
-0.56891
-0.55337
-0.56992
-0.45811
-0.34742
-0.22759
-0.15762
-0.14165
-0.13639
-0.11917
-0.11816
-0.19674
-0.35321
-0.37173
-0.80108
-1.3272
-1.6352
-2.0798
-2.2932
-2.6013
-2.515
-2.8533
-2.3112
-1.9597
-1.0354
-0.45116
-0.052254
0.18049
0.92868
1.8462
2.2924
2.8746
3.4611
3.5041
3.6778
4.0023
4.0079
4.3489
4.5866
4.5604
4.5422
4.5702
4.5707
3.6006
3.3969
3.4997
3.3509
3.4986
3.56
4.2886
4.0364
4.2729
4.3679
4.0087
4.429
3.9837
4.4157
3.7253
3.1175
2.5791
1.5749
0.95199
0.38768
0.14134
0.10403
0
0
0.016841
0
0.0011065
0
0
0
-0.00098482
-0.0032864
-0.016916
-0.0095421
-0.01069
-0.0018032
-0.38031
-0.12923
-0.69236
-0.98482
-1.0693
-1.0475
-1.1294
-0.93694
-0.83113
-0.44952
-0.2824
-0.53925
-0.43598
-0.1709
-0.044115
0.071129
0.033676
-0.050431
-0.030018
-0.10328
-0.14921
-0.19103
-0.26634
-0.41785
-1.0163
-1.3737
-2.0128
-2.2505
-1.8727
-1.7195
-1.404
-1.2946
-0.58707
-0.17114
0.42632
0.44738
1.0238
2.4371
2.8929
3.4125
3.5171
3.9062
3.7787
4.434
4.502
4.3431
4.9405
5.0641
4.625
4.7306
4.7247
4.7857
4.2776
4.6582
4.7687
4.3152
4.8062
5.0551
5.1232
5.4265
5.5082
5.1737
6.1875
6.1168
6.6531
6.3239
5.3586
5.1123
5.0853
3.8303
3.5275
2.6978
1.9968
0.90581
0.41084
0.017525
0
0
0.0010454
0.0080736
0
0
0.0010574
0
1.9124e-05
-0.00087659
-0.0025376
0
-0.0025714
-0.0048159
-0.010401
-0.14591
-0.057742
-0.23616
-0.38726
-0.31933
-0.21009
-0.76812
-0.71597
-0.42428
-0.34048
-0.12206
-0.51519
-0.52298
-0.2289
-0.017467
0.00066297
-0.029324
-0.024852
-0.027841
-0.055902
-0.10731
-0.15635
-0.38547
-0.72168
-0.87508
-1.2673
-1.5753
-0.83171
-0.49761
-0.35321
0.012737
0.53198
0.57156
0.43202
0.97067
1.7752
1.675
2.1572
2.6859
2.7826
2.8874
3.2387
3.1892
3.352
3.6375
3.4243
3.6403
4.3634
3.7125
3.1914
3.2463
3.4009
2.8866
3.2384
3.2163
3.7734
3.9751
3.6988
3.9925
4.5258
3.7936
4.0422
4.3229
3.9937
3.6716
2.7098
2.3524
1.6592
0.77465
0.43536
0.094497
0
0
0
0
0
0.00023487
0
9.5783e-05
0
-0.00030755
0
-0.0035359
0
0
-0.0015218
-0.35308
-0.1634
-0.26432
-0.27139
-0.40993
-0.059272
0.12027
0.30578
-0.21688
-0.25923
0.066025
0.12953
0.12789
0.051001
0.030402
0.01302
0
0
0
0
-0.0029098
-0.0017511
-0.0031336
-0.030301
-0.16333
-0.24706
-0.23598
-0.48276
-0.51248
-0.013729
0.28162
0.16559
0.74747
1.222
1.7993
2.4118
1.9549
1.9284
2.7882
2.8002
3.3174
3.0012
3.2359
3.7228
3.7205
2.8078
2.4644
2.2221
2.3534
2.0092
2.3228
3.0045
2.1805
1.68
2.4381
2.382
2.5456
3.0871
2.5891
3.4541
3.1646
3.0364
3.667
4.1284
3.658
3.3566
2.5195
2.3568
1.9944
1.6416
0.99467
0.51758
0.10825
0.016411
0.024431
0.0019135
0.0039628
0.00011666
0
0.001213
0
-0.0030641
0
-0.017068
-0.01075
-0.3449
-0.25611
-0.173
-0.16155
-0.22996
-0.067374
0.27728
0.33727
-0.16852
-0.2028
-0.34408
-0.15459
-0.049273
-0.050648
-0.040941
-0.031595
-0.0018854
-0.0059668
-0.018513
-0.0078195
-0.030629
-0.028309
-0.026307
-0.026751
-0.025632
-0.024912
-0.027138
-0.084108
-0.25773
-0.24345
0.053288
0.50536
0.62148
0.53164
0.31361
0.71693
1.4086
1.8449
1.9176
1.7793
3.0581
3.8255
3.5818
3.7622
3.8675
4.1334
3.8739
4.3669
4.1067
3.2919
3.4822
3.7457
3.8885
3.7602
4.4505
4.305
3.545
4.3545
4.6732
4.7563
4.0764
5.1924
5.4557
4.4964
4.1894
4.1899
3.5801
3.3304
2.7034
1.7379
1.1179
0.39048
0.073914
0.019358
0.023604
0.012071
0
0
5.0027e-05
5.9518e-05
-0.00028329
-0.0022845
-0.0018158
-0.0048973
-0.0030736
-0.0047576
-0.0082533
-0.0063375
-0.0027351
-0.14173
-0.05729
0.026669
0.529
0.2647
-0.02539
0.22366
0.17258
-0.20434
-0.029635
0.16561
0.10686
0.040507
0.012047
1.8294e-06
0
-0.00022128
0
-0.00077134
-0.00011924
0
0
0
-0.0010364
-0.024352
-0.10242
-0.4137
-0.87028
-1.2222
-0.87871
-0.72239
-0.89307
-0.85872
-0.72487
-0.40159
0.37401
0.85363
0.66457
0.39543
0.94134
1.623
1.8498
1.4414
1.7756
2.3095
2.3531
2.5282
3.0499
2.9255
2.8627
2.1393
1.9066
1.7442
1.8533
2.2584
3.4083
3.7705
4.4179
5.1017
4.8005
4.5179
4.7406
4.2789
4.318
5.0532
3.5584
3.5531
3.4471
2.6154
2.2866
1.3689
0.72973
0.22132
0.013609
0
0.014433
0.038314
0.018297
0.024325
0.027729
0.030118
0.037311
0.0049333
0.024419
0.0022413
0.030653
0
0
0.0099678
0.026788
0.020994
0.30871
0.21029
0.69633
0.68247
0.44537
0.44684
0.06123
0.025398
0.0003389
0
0
0.00031267
0.00018902
0.00040719
0
-0.00040005
-0.0010483
-0.040978
-0.082638
-0.28147
-0.84162
-0.95503
-0.99755
-1.0535
-1.2474
-0.97286
-0.82371
-0.55757
-0.39321
-0.094958
0.42736
0.28108
0.23207
0.55609
1.5044
1.4967
0.86148
1.4989
2.3494
2.1524
2.264
2.9206
2.7318
2.3458
2.3409
1.6452
1.3004
1.1102
1.9768
2.0757
2.4896
3.0376
3.5144
3.8463
3.6986
4.4635
3.776
3.734
4.0604
3.5419
2.8726
2.9926
2.0806
1.7615
1.4499
0.53632
0.17559
0.011679
0
0.0097013
0.012873
0.013316
0.013588
0.017158
0.019092
0.0064031
0.0086052
0.010303
0.010518
0.0049556
0.012202
0.0029097
0.004957
0.0023466
0.0040594
0.28601
0.28776
0.94937
0.96954
0.71672
0.52497
0.31311
0.33504
0.2621
0.10002
0.019391
0.0057597
0
0
0.0014551
0.0013888
0.00038087
0.0014503
0.0056923
-0.014838
-0.10194
-0.32761
-0.34902
-0.76053
-0.74541
0.019043
0.16745
-0.17081
-0.39015
0.091891
0.96701
1.1724
0.69678
0.60471
1.9598
1.7172
1.3417
2.0061
2.0996
2.8288
2.3593
2.4502
3.2526
2.8699
2.9935
3.4292
2.7538
2.2627
1.9037
1.6763
1.8131
2.343
2.7665
2.926
2.8907
3.346
3.6282
3.8672
3.5946
3.5614
3.4717
2.5744
2.3146
2.3643
1.6521
1.2866
0.55494
0.30113
0.025126
0
0.016781
0.014064
0.0099735
0.033344
0
0.032363
0.00031131
0.0030743
0.0090596
0
0.010993
0.011261
0.0077489
0.0017647
0.0030426
0.0040473
0.19501
0.42376
1.5958
1.6341
1.5334
1.1042
0.47635
0.36407
0.059029
0.0079888
0
0.00019644
0.0074439
0.0041714
0.0033209
0.0024604
0
-0.0001173
0.00014168
0.00099933
-0.0092207
-0.10554
-0.25488
-0.60984
-1.1383
-0.81051
-0.61394
-1.0277
-1.169
-0.65087
-0.12792
-0.16217
0.59254
1.3668
0.49652
0.76421
1.3534
1.8823
1.9234
1.717
2.6035
2.8361
2.6672
2.4168
2.3939
2.9107
2.9483
1.9601
1.7906
1.5718
1.6485
2.2214
2.5083
2.4572
3.6454
4.2092
5.1581
5.9748
5.5358
4.9489
5.4922
3.5183
3.4616
2.9566
2.4648
1.973
0.71949
0.32801
0.0028838
0
0.12377
0.022257
0.021271
0.012915
0.011068
0.022068
0.042285
0.0079128
0.016126
0.020077
0.01188
0.0092668
0.0090993
0.007434
0.0084695
0.31088
0.17458
0.60919
1.2275
1.4271
1.2111
1.1438
0.982
0.70027
0.58257
0.33683
0.23282
0.21841
0.12658
0.015208
0
0
7.6509e-05
-9.3788e-05
-0.00068388
0
0
-0.0072921
-0.0248
-1.01
-1.6156
-1.2076
-1.0764
-0.90218
-1.2292
-0.98654
-0.77976
-0.44235
0.10911
0.086102
-0.045016
0.60072
1.1388
1.3717
1.0396
1.9336
2.9143
2.1272
2.1012
2.5851
2.8877
2.8556
2.8232
2.4085
2.1935
1.5359
1.4231
1.7194
1.9538
2.9106
3.0682
3.9244
4.7909
5.2135
5.5461
5.4502
6.0899
6.1384
5.7596
5.7103
5.9643
5.1338
2.262
1.079
0.48453
0.053429
0.0036935
0
0
0.019323
0.019907
0.027806
0.044477
0.034207
0.05049
0.0063042
0.022134
0.020608
0.013276
0.0091099
0.019496
0.015622
0.012374
0.22927
0.20168
0.64031
0.93937
1.0529
0.76159
0.67311
0.6085
0.35246
0.20242
0.24011
0.12083
0.0049193
0
0
0
0
3.613e-06
-0.00019295
0
-4.6463e-05
0
-0.011928
-0.056519
-0.093639
-0.39154
-0.63642
-0.67467
-0.52911
-0.36053
-0.088692
0.21596
0.32725
0.19254
0.65987
1.0769
0.97701
1.0481
1.5616
1.6682
1.6235
1.688
1.6764
1.4057
1.726
1.7048
1.0453
0.61822
0.5033
0.54743
0.90761
1.354
1.3562
1.888
2.2676
3.0186
3.4426
3.1151
3.6582
4.2339
4.1272
3.4469
4.1565
3.9774
3.9218
3.3232
3.0213
2.431
2.0317
1.649
0.76858
0.011159
0.022444
0.004848
0.0042716
0.024064
0.0052296
0.010026
0.0036465
0.01268
0.0054034
0.014363
0
0.0088812
0.010472
0.22371
0.21809
0.47904
0.93167
1.4757
1.1419
0.92726
0.78945
0.82873
0.69107
0.24997
0.18233
0.29237
0.098363
0.040912
0.0004542
0
0
0
0
0
0
-0.00080028
-0.0049033
-0.041375
-0.12508
-0.34029
-0.8119
-1.1854
-0.80801
-0.71398
-0.766
-1.1452
-0.79325
-0.37855
-0.56981
-0.22302
0.05203
0.62617
0.46181
-0.13215
0.9594
1.7584
1.3395
1.1738
2.0383
1.6645
1.553
1.5441
1.2969
0.81724
0.62677
1.0806
1.266
1.4255
2.071
2.6873
2.5142
3.2869
3.8617
3.9349
3.8507
3.7319
4.0906
4.4983
3.7123
3.7818
3.1334
2.4662
2.366
2.3019
1.417
0.78712
0.3304
0.044792
0
0.0011958
0.0072561
0.022603
0.022733
0.010497
0.025077
0.00090383
0.0091766
0.0068885
0.00063153
0.0067995
0.22758
0.29651
0.69552
1.7951
1.678
1.5774
1.2913
1.0441
0.63053
0.42629
0.43007
0.27729
0.17502
0.017286
0
0
0
0
-0.0004172
-0.00078947
-0.00054777
0
0
0
0
-0.1185
-0.33961
-0.61985
-1.2167
-1.5557
-1.1345
-1.2885
-1.6071
-1.5382
-0.8664
-0.81109
-0.65274
0.10537
0.5584
-0.15282
0.74067
1.3767
1.0212
0.85548
1.3235
1.1359
1.067
1.0779
0.99698
1.0059
0.88737
0.94158
1.5532
1.8675
2.3837
3.3731
3.4158
3.9294
4.3032
4.581
4.4439
4.9041
4.0982
4.4108
4.366
4.2286
3.4274
2.9862
2.4465
2.5572
2.1559
0.88616
0.33444
0.045365
0
0.0025636
0.0073459
0.0039797
0.0041136
0.032621
0.031985
0.015197
0.037649
0.030646
0.0018019
0.00081503
0.15026
0.51905
1.5636
2.3653
2.862
3.0359
2.1591
1.9843
1.4657
1.1534
0.8966
0.58159
0.43937
0.13657
0.0041789
0
0
0.0014319
0.00053831
6.7696e-05
0
9.414e-05
0
-0.0001152
0.00476
-0.0063565
-0.15659
-0.38667
-0.46435
-0.1125
-0.16649
-0.66061
-0.24967
0.056411
-0.14535
0.41224
0.52413
0.57089
0.51044
0.9959
1.57
1.4804
1.3076
1.3566
1.4459
1.256
1.5157
1.517
1.5506
1.0912
1.0047
1.2245
1.3612
1.8419
2.1157
2.6136
3.2509
3.5904
3.5864
3.9167
3.6804
4.0571
3.5502
3.7982
4.1153
3.2263
2.556
2.3443
1.8476
1.8579
0.003406
0.012803
0.0067395
0.020481
0.0054338
0.035068
0.00014036
0.01844
0.0097008
0.018808
0.010137
0.0054697
0.014728
0.010165
0.0034807
0.0024269
0.11414
0.52436
0.95869
1.8581
2.4276
2.0711
1.4326
1.2208
0.82521
0.63588
0.51284
0.52816
0.37378
0.16983
0.0035786
0
0
0
0
0
0
0.046657
0.089658
-0.044712
-0.34125
-0.29187
0.0068213
-0.29531
-0.7145
-0.252
0.34386
0.4937
0.6645
1.5473
1.0823
1.0348
1.244
1.694
1.962
1.9443
2.3256
2.5199
2.4563
2.1316
2.2298
2.2133
2.1719
0.94375
1.3063
1.7757
1.6539
2.3018
2.7421
3.3965
3.5539
3.9694
4.6024
3.7381
4.1184
4.4519
3.8687
3.4929
2.9613
2.2141
2.0171
2.0491
1.0562
0.37177
0.20665
0
0
0.012737
0.011592
0.016242
0
0.034687
0.023462
0.0042769
0.01055
0.0097297
0.0094772
0.006182
0.0086241
0.0030248
0.013437
0
0.078437
2.3104
2.2111
1.8852
1.5998
1.2773
1.0141
0.64929
0.30069
0.28906
0.093693
0.0021707
0
0.0026897
0
0
0
0
0
0
0
2.3709e-05
0.0064975
-0.040891
-0.20997
-0.43828
-0.60321
-0.49324
-0.39203
-0.65816
-0.84792
-0.35084
0.050509
0.19904
0.33103
0.30463
0.48623
1.1615
1.3627
0.82325
0.91338
1.7901
1.7805
1.3741
0.83962
0.64727
0.66949
0.54292
0.58024
1.0795
1.8247
2.3574
2.614
2.8371
3.6152
3.9483
3.8455
4.6586
4.439
4.1998
4.2524
4.6386
3.8733
3.0587
2.9921
2.6025
2.2462
1.7471
0.75093
0.013935
0.01088
0.032105
0.015227
0.028721
0.041422
0.0085376
0.019623
0.021119
0.0017416
0.031015
0.012898
0.00085167
0.0086115
0.24208
0.72881
1.5267
2.6027
2.7098
2.1899
1.8196
1.4496
1.3039
0.91091
0.72274
0.39476
0.40162
0.1391
0
0
0.00047238
0.0011011
-0.0001718
-1.9709e-05
-2.7538e-07
-0.00036908
-0.00079722
-0.00053809
-0.017732
-0.045558
-0.12416
-0.31549
-0.58865
-0.96101
-0.80426
-0.93741
-1.3441
-1.3522
-1.069
-1.0157
-0.84391
-0.34941
0.46725
0.2378
-0.17705
0.46715
0.6263
0.57285
0.85497
1.494
1.3635
0.67157
1.2352
1.4568
0.91368
0.75301
0.69143
0.53596
0.62757
0.8231
1.1824
1.5328
2.3231
2.5238
3.3832
5.2227
4.652
4.296
4.7558
4.0947
3.1603
3.0817
2.6137
2.2328
2.0081
0.95517
0.37717
0.09053
0
0
0.0043917
0.019242
0.019944
0.013192
0.045045
0.014598
0.010341
0.014979
0.018376
0.016951
0.0016565
0.007333
0
0.0069719
0.043581
2.3611
1.7159
1.3353
1.1622
0.79077
0.45943
0.25337
0.21408
0.039818
0.0058665
0
0
0.00040818
0
-0.0002236
0
0
0
0
-0.00083995
-0.0091047
-0.14824
-0.27918
-0.49661
-0.52315
-0.49524
-0.70105
-0.75609
-0.65762
-0.44915
-0.28044
0.23366
0.78246
0.28871
0.32725
0.63503
0.96095
0.82029
0.99775
1.8293
1.6756
1.3203
1.7516
1.6341
1.4145
0.4364
0.43054
0.7195
1.0978
1.6007
2.1282
2.5683
3.2029
3.8197
3.5603
3.8618
4.4628
4.724
4.3742
3.7016
3.7813
4.2411
2.9028
2.7455
2.2058
2.2584
1.647
0.8287
0.41529
0.21373
0
0.0015468
0.017418
0.010413
0.0040989
0
0.037491
0.045097
0.023938
0.022462
0.010907
0.016755
0.015182
0.0029297
0.0051111
0.016585
0.38686
0.60858
2.1389
2.7092
3.0562
2.6259
2.1941
0.60668
0.42705
0.11337
0.0021689
0
0
0.0026679
0.00096022
0
0
0
0
0
0.00087806
0.010964
0.039141
0.05495
-0.088763
-0.32811
-0.41766
-0.35762
-0.72925
-0.94134
-0.6247
-0.3821
-0.36862
0.25218
0.54605
0.39828
0.32493
0.15884
0.76063
0.73755
0.80363
1.208
1.4121
1.3785
1.3206
1.2731
1.4427
1.3102
0.76312
0.81755
0.72753
1.1652
1.8888
1.9006
2.0149
2.9495
3.5222
4.0581
4.0964
3.4171
4.1064
3.6507
3.3499
2.7643
2.4961
2.2977
1.7992
1.5765
0.93104
0.48678
0.095994
0
0
0
0.0081662
0.030667
0.03744
0.028649
0.019907
0.014014
0.012222
0.047373
0
0.016619
0.002435
0.012823
0.0069903
0.0080576
0.15899
0.26298
1.2404
1.8596
1.721
1.1795
1.4614
1.1939
0.84152
0.36456
0.3919
0.37714
0.21576
0.097112
0.0042825
0.0023604
0
0
0
0.0094811
0.023601
0.030675
0.063952
0.62206
0.56386
0.93631
0.96348
0.70053
0.82946
1.0825
1.362
1.0989
0.98897
1.0549
2.0753
1.4783
1.6065
1.6082
1.6269
2.5461
2.9576
1.8385
1.5587
2.19
2.4232
1.9466
1.8103
1.9615
1.6956
1.5582
1.3069
1.4045
1.845
1.737
2.2589
2.8176
3.1068
2.7612
2.9613
3.0298
3.0546
2.7788
2.7862
2.7941
2.6365
1.4915
1.3103
1.2478
0.98979
0.30197
0.11838
0.0068173
0.00024451
0.020442
0.015273
0.0029333
0.0056495
0
0.0069754
0.011795
0.0042443
0.0056104
0.002668
1.9618e-05
0.007809
0.14142
0.30594
0.56824
1.5349
2.0641
2.2972
2.3221
2.0135
1.7813
1.3019
0.95814
0.81291
0.83682
0.45564
0.23517
0.098961
0.037964
0.00071591
0
0
0
0
0.0012533
5.7266e-05
0.0014767
0.020649
0.0059784
-0.030078
0.029371
-0.10217
0.16321
0.52331
0.31599
0.21714
0.18343
0.47859
0.91395
0.99378
0.90543
1.0117
1.1244
1.7817
1.4686
1.3557
1.6102
1.4409
1.1949
1.6279
1.4944
1.4361
1.3881
1.0274
1.1802
1.0706
1.0125
0.90378
1.7858
2.2804
2.1468
2.3554
2.9247
2.9787
2.3285
2.5988
2.3121
2.2828
2.6464
1.3997
1.366
1.2411
0.96974
0.47088
0.1029
0
0
0
0.0027366
0.018356
0
0.0072238
0.011122
0.0095045
0.015983
0.0035031
0.024916
0.019611
0.00262
0.0070582
0.0073379
0.0060155
0.11885
0.21365
0.96625
1.8946
2.3078
1.8528
1.3849
1.1011
0.91297
0.96159
0.46556
0.26142
0.092096
0.0030724
0
0
0
0.002234
0.0033384
0.00025792
0
5.417e-05
0.0011035
0.02988
0.03835
0.03432
-0.083302
-0.18427
0.3486
0.38247
-0.18881
-0.12476
0.11134
0.18836
0.39609
0.80764
0.29353
1.1465
1.3655
0.84052
0.86319
1.7254
1.4049
1.0243
1.5546
1.3967
1.2869
1.3354
1.1623
0.62812
0.92833
1.5836
1.8964
2.0292
2.5018
2.7232
3.3398
3.1679
3.3159
4.2045
3.1501
2.8788
3.4731
2.8171
2.5069
2.3296
1.8857
1.5463
1.2753
0.91844
0.3988
0.15557
0
0.017393
0
0.0089415
0.0028813
0.018489
0.0089219
0.00622
0.001805
0.00056782
0.0039954
0.0053169
0.0025955
0.0038328
0.0019708
0.11962
0.18641
0.64698
1.0823
1.4019
1.6744
0.88522
0.9595
0.45791
0.15494
0.13027
0.056454
0
0
0.0002097
0.002389
0.0028836
0
0.00068242
0
0
0.023917
0.19639
0.54374
1.0191
1.6526
2.1387
2.5219
2.5622
2.5347
2.4237
2.0388
1.9126
2.5692
2.9846
2.3855
2.7003
2.8005
2.5469
2.363
2.0969
2.3121
2.2947
1.8165
1.9955
2.1237
2.2576
2.4482
1.9238
1.8048
1.4585
1.342
0.66722
1.1995
1.2679
1.0539
1.2833
1.9699
1.7264
1.2349
1.4217
1.3134
1.0178
1.0174
0.66768
0.45145
0.4051
0.26483
0.094412
0
1.2493e-05
0
0.000932
0.00010729
0
0
0.0018831
0
0.00060867
-0.00015336
0.00036612
0.0048498
0
0.0016863
0.00068944
0
0.0032863
0
0.15993
0.19058
0.4099
0.66449
0.78465
0.50504
0.25421
0.13416
0.17816
0.16239
0.11313
0.077338
0.013176
0.00053883
0
0
0
0
0.0035127
0.031878
0.072917
0.25814
0.57978
0.65409
0.50226
0.66706
1.5112
1.3067
1.0039
0.93183
1.0399
1.1822
1.7859
1.1937
0.7021
1.1159
0.80936
0.79873
0.79653
1.0595
0.82791
0.27839
0.67763
0.62051
0.41942
0.28985
0.3729
0.34057
0.38003
0.7597
1.1502
1.4114
1.6796
2.0789
2.1006
1.8326
2.2499
2.1463
1.8859
1.7306
1.6629
1.2547
1.0611
0.83007
0.49024
0.52502
0.25455
-0.011157
0.028169
0.0012204
0
0
0.0021688
0.0049985
0.0036761
0.011327
0.0002555
0
0.005134
0.011079
0
0.32577
0.53116
1.8046
3.6216
4.4261
4.6092
3.8392
3.1056
2.1755
1.4214
1.2467
0.94684
0.67691
0.46418
0.08437
0.0030186
0.0009528
0.00062905
0
0.0020505
0
0.0017486
0
0
0
0.00119
0.022336
0.11945
0.46155
0.81538
0.88469
1.4417
1.5233
1.1573
0.91619
1.2364
1.1159
1.1325
1.7008
1.6333
1.6844
1.3373
1.6836
1.8923
1.5087
1.6912
1.5585
1.3191
0.97685
1.129
0.84243
0.62686
0.77065
1.154
1.3801
1.9351
2.4876
2.9745
3.4968
3.9483
3.2588
2.6233
3.0524
2.5643
2.3128
2.2348
1.5952
1.6191
1.2697
0.94746
0.82089
0.56409
0.089272
0.044632
0.0076828
0
0.010517
0.0060439
0.0073115
0.0047781
0.020731
0.021424
0.013923
0.011155
0.0051342
0.011111
0.0092499
0.0063419
0.34233
0.2707
0.66218
2.1875
2.2114
1.9639
1.5435
1.6053
1.4034
1.0254
0.58013
0.4591
0.32185
0.16457
0.022925
0.0016791
0
0.00082252
0.00045764
0.0067968
0
0.0015741
0.0013238
0.0011867
0.0083359
0.23359
0.55969
0.77208
0.82612
1.2845
1.3028
1.2133
0.811
0.94784
1.1935
1.2092
1.3451
1.1399
0.55339
0.35858
1.0026
0.97509
0.8305
0.95658
1.2095
1.5137
1.5252
0.96409
0.85102
0.75447
0.63724
0.79157
0.81014
1.4622
2.1963
2.1757
2.4478
3.2266
3.0367
2.4493
2.886
2.9963
2.5231
2.1719
2.4311
1.6427
1.1058
1.3065
0.78441
0.68998
0.41274
0.041051
0.051193
0.0071384
0
0.0054019
0.0072292
0.0065181
0
0.011038
0
0.014296
0
0.0052681
0.0081634
0.0055637
0.0077945
0.011152
0.0074932
0.0088921
0.23286
0.29369
0.62313
1.6823
2.0627
1.4506
0.71117
0.58824
0.42528
0.2244
0.058336
0
0
0.0069039
0
0.0061152
0.00059124
3.0771e-05
0.0022472
0.0036216
0.13757
0.35296
0.76134
1.361
1.7821
1.9808
2.0041
1.9063
1.7395
1.9661
1.8472
2.0741
2.2267
1.2931
0.82725
1.3819
1.3828
1.1913
1.3578
2.0692
1.7243
1.4037
1.7229
1.5999
1.0916
1.4135
1.2503
1.0944
0.68915
0.70472
1.7907
2.6587
2.4808
2.8424
3.3249
2.9534
3.1368
2.9087
2.3734
2.2465
1.8192
2.0351
1.6873
1.2194
0.73509
0.67516
0.4606
0.047216
0.014819
0.00043709
0
0.0016135
0.0094912
0.0013857
0.0029251
0.01956
0.010435
0.010985
0.017891
0.015628
0.011678
0.0050901
0
0.010447
0.0084909
0.0052754
0.13137
0.26139
1.1532
2.0932
2.5398
2.3782
1.8628
1.6712
1.0525
0.77491
0.59994
0.4921
0.26499
0.12
0.011951
0
0
6.6683e-05
0.0011416
0.0058846
0
0.0015533
0
0
0
0.079921
0.27879
0.63738
1.0043
1.2921
0.81739
1.0068
1.3102
1.3337
1.8432
1.4233
0.47548
1.0591
1.0749
0.77667
0.74758
1.539
1.772
0.57832
0.75616
1.3542
0.95651
0.47877
0.60854
0.46857
0.42884
0.38626
0.63855
0.70498
1.3791
1.9994
1.5062
2.2122
2.9898
2.8221
2.4056
2.5606
2.5079
2.1239
1.9671
2.0066
1.1171
0.8848
1.1396
0.5884
0.42434
0.20724
-0.057576
-0.017405
0.0018726
0
-0.0048911
0.0027959
0.0083464
0.0044147
0.010094
0.0021525
0.012757
0.0068239
0.0093808
0.0045373
0.01766
0.016037
0.0019097
0
0.0039701
0.0083202
0.025278
0.10034
0.31106
0.88312
1.0494
0.76005
0.68389
0.56688
0.55087
0.39602
0.23444
0.12432
0.10054
0.04775
0.015055
0
0.0044113
0
0
0.00018418
0.0022771
0.0039552
0.088268
0.28113
0.5895
1.0812
1.4729
2.0349
1.8904
1.8047
1.6336
1.6043
1.3937
1.6141
1.0405
0.76911
1.0649
0.96548
0.61395
0.34749
-0.027902
0.52496
0.69267
0.093329
-0.030472
0.13363
0.10485
0.0023945
-0.0011563
-0.03071
0.081998
0.17441
0.30367
0.70634
0.67291
1.1222
1.5265
1.6106
1.4685
1.9532
2.2179
1.6392
1.7063
1.7924
1.0211
1.167
0.84869
0.32027
0.22047
-0.035364
-0.11373
-0.094693
-0.048704
0
-0.00042266
-0.000489
0.0049533
0.0031494
0.0028995
0.012426
0
0.0027079
0.0066042
0.0097832
0.0051564
0.012588
0.0076322
0.087065
0.12527
0.2843
0.74437
0.88745
0.74263
0.69637
0.77974
0.51395
0.48677
0.30495
0.24655
0.10244
0.072167
0.036601
0.0060632
0
0
0
0
0
0.028826
0.12816
0.3148
0.58934
1.1176
1.4356
2.1194
2.4719
2.211
1.896
1.9484
1.8388
1.9106
1.5684
1.8396
1.7281
1.2666
0.89996
1.0826
1.0428
0.91067
0.96555
1.5257
1.1482
0.54364
0.73318
0.88356
0.50671
0.45232
0.37376
0.17289
0.22829
0.23409
0.40918
0.71892
1.6375
1.8286
1.6097
1.2223
2.0121
1.8913
1.5416
1.0987
1.0544
0.70447
0.84789
0.46205
-0.027453
0.096828
0.019356
-0.17665
-0.04512
-0.0053559
0
0
4.3884e-05
0.0091651
0
0.010676
0.003223
0.010638
0.0065074
0.0034592
0.001614
0.016973
0.0018442
0.012245
0.00074854
0.018743
0.0074905
0.012241
0.12574
0.39233
0.71938
1.1063
0.82204
0.79149
0.60435
0.4228
0.33154
0.071655
0.038573
0.032055
0
0
0
0.00076636
0
0
0
0.002202
0
0.0057901
0.22066
2.3022
2.4947
2.2165
1.7195
1.861
1.2861
1.3726
1.2833
1.0812
0.77689
0.90697
0.95044
0.27794
0.65576
0.46839
0.27678
0.59911
0.36732
0.053773
0.50484
0.75253
0.24067
0.24251
0.28762
0.30665
0.099605
0.12737
0.38344
0.93075
0.94583
0.93554
1.4185
1.5812
1.9392
1.9472
1.8109
1.8501
1.929
1.578
1.0357
0.89353
0.53944
0.41606
0.033414
-0.084632
-0.0095114
-0.0045319
-0.00033411
0.00042577
0.0010874
0.0016341
0.00026124
0.00045451
0
0.0020242
0
0.0013829
-1.2499e-05
0
0.00067149
0.0060057
0.20325
0.45839
1.2709
1.6292
1.362
1.3735
1.2122
0.73854
0.48352
0.50002
0.42088
0.22979
0.16051
0.073254
0.017587
0.001933
0
0
0
0
0
0
0
0
0
0.064582
0.15676
0.47956
0.77201
1.1478
1.7057
2.1845
1.9127
1.6722
1.4731
1.8573
2.5097
2.0921
1.6428
1.2944
1.4254
1.8051
1.9647
1.324
1.5621
1.861
1.2395
1.1379
1.4978
1.1037
1.3269
1.0087
1.3653
1.2594
0.99345
1.6888
2.183
1.3222
1.4162
1.9113
1.659
1.2706
1.4212
1.4666
0.98842
1.0383
1.1188
0.5927
0.56132
0.37072
0.23019
0.075696
0.0014482
0
0
0
0.018616
0.0051388
0.012396
0.011559
0.022278
0
0.0039073
0
0.0089568
0.0073647
0.0084368
0.003758
0
0.0090323
0.0017104
0.73973
0.99273
1.8726
1.5252
1.5372
0.82432
0.53991
0.50868
0.45249
0.17984
0.07104
0.011322
0
0
0.00097737
0.0034624
0
0.0051892
0
0.0022279
0.14248
0.59076
1.1758
1.6976
1.7778
2.199
2.2237
2.2941
1.8998
2.2805
2.1442
1.7663
2.2386
1.6894
0.86141
1.2599
0.98684
1.1254
1.5028
1.0273
1.1306
1.1315
