-0.00096062
0.00090374
-0.00058811
0.0014367
-0.0019856
-0.00098798
-0.00028051
-0.0010661
-0.00098776
3.8459e-05
-0.001014
0.0011435
-0.001014
-0.000988
0.0013032
0.00095711
0.0011694
0.001902
0.0035916
0.0014894
-0.0012268
-0.0010668
0.00061015
0.0014633
-0.00082801
-0.00066759
0.0011429
-0.00098831
0.0010082
-0.000641
-0.00069376
-0.00039091
0.0020873
0.00043793
0.0013559
0.00098174
0.0012768
-9.6915e-05
6.3665e-05
0.0034078
-0.00064177
-0.0006408
0.0010601
0.00032862
-0.001772
-0.0013108
0.00041126
0.0014898
0.0014639
0.0014121
-0.0022029
-0.00098933
0.00041158
0.0014901
0.0014901
0.00076675
-0.00058351
0.00019809
0.0011151
0.0014127
6.2653e-05
-0.0010159
6.2655e-05
0.00035949
0.00033325
-0.0009634
-0.0020955
0.00073546
-0.0017968
-0.00077042
-0.0012872
0.00030712
-0.0031729
-0.0010163
0.0013869
-0.0033351
-0.00082816
-0.0012881
0.00011372
0.0012761
0.0015177
0.0015177
0.00030658
-0.00093753
0.00033048
0.00011493
0.0013291
-0.0019853
0.00065821
0.0024074
-0.00099011
0.00011409
0.0011134
0.0014912
0.00027682
0.0011924
0.00095054
0.0010871
-0.00021251
0.0004665
0.0035689
0.00092338
0.0025961
0.0033743
0.0013289
0.00057638
0.0013023
0.0013814
-0.00096446
0.00025066
0.00097593
0.00033405
0.0014391
0.0034848
0.0012758
0.0011915
-0.00096482
0.0026806
0.0016025
0.0028183
0.00017101
0.0034319
0.00025008
-0.00015596
-0.001208
0.0024332
0.0017669
0.0015451
0.0014658
0.0013281
-5.1027e-05
3.353e-05
0.00079421
0.0014064
5.9755e-05
-7.8302e-05
0.00014524
-0.0020171
-2.571e-05
0.0012757
-0.00096576
0.00011237
-0.0021817
0.002051
0.00024991
-0.0007755
-0.0010453
0.00022341
0.00017094
0.0014929
0.0011634
0.0001395
0.00022344
0.0037339
-0.00215
0.0014129
-0.00013259
8.5608e-05
-0.0019589
-0.0019898
-0.0021819
-0.0046095
0.0022147
-0.00099249
-0.00071602
0.0001121
0.0022144
-8.0265e-05
0.0012164
0.00013838
0.0025975
-0.0025674
-0.00068894
0.00022356
0.0015725
-0.0021242
-0.0025351
0.000389
0.0013014
-0.0010198
-0.00085432
-0.0030963
-0.0019054
0.0016858
-0.0010735
-0.0022365
-0.0007154
0.00077338
0.0013279
3.1137e-05
-0.0009607
0.0016063
0.00022349
0.0027377
-0.002098
-0.00049553
-0.0031174
0.00033577
0.0024059
0.00030455
0.0016606
0.0011944
-0.0009081
0.00046908
-0.00082738
-0.0016792
0.00047559
-0.0012409
-0.0014325
0.00019671
3.0109e-05
-0.00068765
-0.0022386
0.00019651
0.00047772
2.9988e-05
-0.00052075
0.0024596
-0.0013013
0.0025725
-0.00019112
-0.0018186
-0.00088103
0.0017478
-0.0018451
0.0013009
-0.0019858
0.00027686
0.0017754
0.0020239
-0.004168
0.00036359
0.00036385
-0.00088129
0.0016898
0.0016091
-0.00085425
-0.0012162
8.2309e-05
0.0010194
-0.00082733
5.5501e-05
-0.0013306
0.0011329
0.0002772
-0.00099505
-0.00063233
0.00041815
0.002237
0.00091068
-0.0010759
-0.00082724
0.00041827
0.0020956
-0.0010226
-0.001111
0.00019629
0.0014957
0.0025996
5.4764e-05
-0.00080103
0.00044459
-0.00025529
-0.0011378
-3.454e-05
-0.0024105
-0.00088093
-0.0022691
-0.001023
0.0016915
-0.0022428
0.00022302
0.00027621
0.00019615
0.001327
0.0022897
-6.098e-05
-6.1132e-05
-6.1061e-05
-0.0019586
0.0021816
-0.0017895
0.00025011
0.0004727
0.002458
-0.00085428
0.00039226
0.0022081
-0.00062291
-0.0017892
0.00084687
0.0005347
0.0013268
0.0036513
0.00022297
0.00028334
0.0015853
0.0011305
-0.0013957
-0.00051493
0.00053547
-0.00068458
-0.002013
-0.0010786
-0.00082694
0.0013889
0.0024042
-0.0023259
-0.00073891
0.00147
-0.00093479
0.001443
-0.0011614
-0.00088139
0.00014169
-0.0019043
-0.0031788
-0.0020745
-0.00096282
-0.00031639
0.00013277
0.0018382
0.0012998
-0.00085434
0.0014433
-0.0019048
0.001839
-0.00099824
5.1937e-05
0.00031227
0.00016851
0.00036652
0.0012997
0.0013537
0.00039364
-0.0014452
-0.0014445
-0.0013645
0.0012727
0.0035978
0.0032555
0.0011916
0.0022052
0.00081227
0.0001053
0.0011555
0.0011553
0.00098423
0.0024663
0.0022855
-0.00077408
0.0014984
0.0034533
0.0027195
0.00036735
0.00098323
0.00098286
0.0023228
0.00036724
0.0012993
-0.0012518
-0.0012518
0.00059288
0.00019575
0.0001688
0.0014978
0.0014983
-0.0019312
0.00011451
0.00011567
5.0333e-05
0.0014447
0.0020971
0.00098162
0.0015373
0.0021236
0.0025752
0.00022237
0.0012991
0.0022683
4.9766e-05
-0.00034906
0.00054088
0.0025217
0.0045292
0.0010993
0.0024287
0.0024025
0.0015531
0.00019528
0.00022222
0.0027217
-0.00068131
0.00027608
0.0010991
0.00042204
0.00034234
-0.00065446
-0.00082729
0.0011787
0.00068879
-0.00070802
0.0024022
0.0011524
0.0011525
-0.00094751
0.0022561
-0.0017304
0.0025489
-0.0017573
-0.0020773
-9.7809e-05
0.0010979
-6.1611e-06
-0.0010819
0.00036868
0.0027228
0.0018742
0.0012061
0.0014726
0.0002769
-0.00012563
0.00030359
4.8226e-05
0.0027522
0.0014453
-0.00077228
-0.00024553
-0.00094649
0.0011517
-0.0010016
-0.0030344
0.00047773
-0.00067995
0.00027621
-0.0011484
0.0010309
0.00094943
-0.0010289
0.00036944
-0.00050506
0.0001674
-0.00097381
0.00022211
0.00022204
0.0010961
-0.002335
0.00042422
-0.0026302
0.0035984
-0.00090945
0.00016751
-0.00067929
-0.00062445
0.0010958
-0.00070623
-7.5876e-06
0.00019492
-0.00012839
0.00024944
0.0027525
-0.0010296
-0.0010569
0.00097469
0.0016217
-0.0021061
-0.00012893
-0.0027776
0.00027611
0.0002766
0.00082603
0.00010092
0.0010951
0.0017042
0.0002489
0.0010686
0.00027606
-0.00067856
1.8842e-05
-0.0019849
0.00019458
0.00019439
-0.0031162
0.00042512
0.001325
0.00034339
-0.00042073
0.00047936
-0.002608
-0.00080016
-0.0012069
-0.0021069
0.00019463
0.00019482
-0.00065121
-0.00073162
-0.00088153
-0.001031
-0.0019034
-0.002202
-0.001154
-0.00013186
0.0012705
-0.0033601
0.0014207
0.0014202
0.00039847
-0.0018074
0.00091678
-0.0002831
4.4511e-05
0.0015285
-0.00047346
-7.8582e-05
-0.00090798
0.0012976
0.0012975
-0.0010857
0.00016786
-0.00031018
-0.00077317
0.00019446
-0.0010317
-0.0010318
-0.0019575
0.0016795
0.0013511
0.00087325
-0.0024364
0.00039906
0.00022141
0.00022146
-0.001237
0.00094168
-3.7176e-05
-0.00090879
-0.00085442
-0.0017524
-0.00070356
0.0013242
-0.00034705
-0.00034724
-0.00032005
0.0026321
0.0015026
0.00012499
0.00012415
-8.1269e-05
-1.1466e-05
-0.0001354
-0.0017249
0.00042705
-0.00070313
0.0018052
-0.0007033
-0.0010603
-0.00047022
-0.0028817
-0.0018063
0.00055128
-0.0002914
-0.0011137
-0.00064867
-0.00067569
-0.00049685
-0.0020543
0.0010635
0.0015852
0.0028823
0.00037286
0.004524
-0.00090906
-0.0007024
0.00042767
0.0004272
-0.0010879
0.00030363
-0.0010062
-0.00055077
0.0013244
-0.00090885
-0.00016494
0.0012155
-0.00096298
0.00019402
-0.00082718
0.001683
0.00040079
-0.0010615
-0.0019842
-0.00052196
0.002579
-0.00097964
0.0020123
0.00042797
0.00013902
-0.00088162
0.0014491
0.00060848
0.00034721
-0.0019572
0.00029103
0.00016629
0.00037402
-0.0018312
0.0014768
0.00078906
-0.00016073
-0.0013889
-0.0015964
-0.0020828
-0.0021104
-1.4347e-05
-0.00054776
-0.00088146
-0.0011167
-0.0009092
0.0007083
0.00052721
-0.00049323
-0.00054762
-0.00085451
0.00055484
0.0016303
0.00019367
-0.0010075
0.00034677
-0.00054717
0.0017129
-0.0019026
0.00068154
0.0018119
0.00032041
0.00055618
-0.00064572
3.9684e-05
6.6809e-05
6.706e-05
-0.00088195
0.0004022
0.0014775
-0.0018751
6.6615e-05
0.0025802
0.0020081
-0.0018744
0.00045715
-0.00025395
0.00016594
-0.00014302
0.0012959
9.3685e-05
-0.00092775
-0.00051781
-0.00079991
-0.00090945
1.1121e-05
-0.002476
6.6045e-05
-0.0021945
-0.00017133
0.00045771
0.0013954
0.0022162
-1.7326e-05
-0.00082677
0.00022067
-0.00061669
-0.0010369
0.00058589
0.001378
-0.0010094
0.00022066
-0.0027942
9.1585e-05
-0.00098226
-0.0011923
-0.00021688
-0.0032151
-0.0010651
-0.0019571
0.00019309
0.00045906
0.00019284
-0.0010652
-0.0010931
-0.0013209
0.00058721
0.00040387
-0.00069851
0.00090083
0.0023982
0.0012955
-0.00061528
0.0015342
0.00040411
0.00050393
0.0023982
0.00043214
0.00098335
-0.0010101
9.1531e-05
-0.00077096
0.0034728
0.0016914
0.0038408
-0.00045841
0.0025823
0.0041513
0.0010548
0.0013231
0.0024544
0.0016918
0.0011384
0.0015077
-0.0018725
0.0022135
0.0032885
0.00022044
0.00098271
-0.0010949
-2.0193e-05
0.0018492
0.00040511
0.0023978
6.39e-05
0.001295
0.00040519
0.0010081
0.00082499
0.0035006
0.00092488
0.0023978
0.0013506
0.0010819
0.0010801
0.0014239
-0.0010116
0.0010819
-0.0017712
-0.00066911
-0.00056843
0.00022017
0.0027676
-0.0002061
-0.00017855
-0.0034578
-0.0023281
-0.0023002
0.003286
0.00092346
6.4038e-06
6.3955e-06
0.0012947
-0.0021707
-0.0021708
0.001081
-0.0010963
0.0012946
0.00095089
0.00034969
0.00019208
0.00040613
-0.0020871
0.00019208
0.00019213
-2.1496e-05
0.0010806
-0.0012267
0.00019216
-0.00042549
0.00011814
0.00040641
0.0025553
-5.0496e-05
-5.1239e-05
-0.00015296
0.00050856
-0.00082648
8.8517e-05
8.8813e-05
3.3308e-05
-0.0010984
-0.0015552
-0.0009108
-0.00091066
-0.00082618
-0.00077919
0.0013683
0.0010509
0.0010507
0.0013225
0.0013226
0.00019165
6.124e-05
6.0766e-05
-0.00066728
-0.00015439
-0.0032942
-0.00055494
-0.00055494
-0.00012675
0.00016438
0.0013699
-0.0010974
-0.001097
-0.0011237
0.00059475
-0.0015536
0.0013987
0.0013988
-0.001334
0.00043449
-0.0010703
-0.0010422
-0.0022757
0.0012939
-0.0012301
0.00040768
0.0013216
-0.00037234
0.00086241
-0.00099146
0.00043454
5.8231e-05
-0.0021171
-0.00050583
-2.4954e-05
-0.0013137
2.9735e-06
-0.0010427
0.00037946
0.00051101
-0.0030308
-0.00085436
-0.0010709
-0.0034072
8.8502e-05
0.0010494
-0.00091008
0.00035177
0.0016983
0.0012389
0.002717
0.00013822
-7.5276e-05
0.00081263
0.0021791
-0.0010989
0.00056924
0.0014822
0.0027172
0.00046527
0.001322
0.0024996
0.00024792
0.0026125
0.0026136
0.00059671
0.0036022
-0.001874
0.0027452
0.0014547
0.0014824
-0.00085439
0.00019155
0.00024745
0.0021789
0.00032376
-0.00050544
0.00016323
0.0014541
0.0015862
-0.00085435
-0.00063795
-0.0015518
0.0011332
0.00056792
0.00027464
0.0010505
0.0012391
0.0015369
0.0015369
0.00167
0.0037903
-0.00034623
0.0012938
0.0003241
0.0024998
0.00024743
-0.0012308
0.0030378
0.0010777
3.1071e-05
-0.00085454
0.0010504
0.0009196
0.0013208
0.0019896
0.001239
0.0012386
2.9846e-06
0.0019343
0.0012657
0.00075326
0.0023397
-0.00010443
0.0011306
0.0019606
2.355e-06
0.00024663
0.00091359
0.0012389
0.0022291
0.0022597
0.0022591
0.0047045
0.0036027
0.0030765
-0.0012351
-0.00035171
0.00091229
0.0015891
0.0022036
0.00082644
0.0014837
0.0027761
0.00035385
0.00035379
0.0026912
-0.0019279
0.00099619
-0.0010736
-0.00098943
0.0011583
-0.00082638
-0.00085435
0.00021921
-0.002945
-0.0029449
-0.0010179
-0.00035536
0.00021906
0.00074586
0.00038265
0.0013202
0.0014841
0.0037669
0.00013369
0.00019061
0.0014271
-0.0018705
-0.0002204
-0.0016505
-0.0016513
-0.0030299
-0.00066316
0.00024769
-0.00071927
0.00041036
0.0022029
-0.0012926
0.0014839
0.0003543
-1.4205e-07
-4.6989e-08
0.0013758
0.0025291
0.00041039
0.0020127
-0.00016293
-0.00016296
-0.0025306
2.8022e-05
0.0006606
-8.5205e-07
-3.3224e-07
-0.001046
0.00096354
-0.00080091
-0.0016023
0.00088224
0.0010738
-0.0019551
0.00068606
-0.0026999
0.00016373
-0.00071949
0.00054561
0.0029122
0.0014257
0.00090012
0.0012343
0.0023954
0.0015429
-0.0004405
-0.0011329
-0.0021488
-0.0047082
-0.0031934
-0.0017634
-0.003001
-0.0014055
0.0015695
-0.0015149
0.00057592
0.00041147
-0.00046914
-0.001598
0.0012362
0.0031088
0.001871
0.0014851
0.0034386
0.0018136
0.0010992
-0.0017344
0.0026941
0.00035433
0.00041209
-0.0017625
-0.0020653
0.0024474
-0.00093702
-0.00082727
-0.00054991
-0.001789
-0.0028616
0.00041216
-0.0010203
0.00082757
0.0036595
-0.00079868
-0.0003339
-0.00019682
-0.00074432
0.00021871
0.0015422
0.0013483
0.00030306
0.00077184
-0.0020104
-0.00082706
0.00019083
-0.0011039
-0.00066058
-0.0020662
-0.0010208
-0.0030286
5.2351e-05
0.00024685
-0.0019834
0.00060689
0.00021862
-0.0007702
0.0017631
-0.00082722
0.0021432
-0.00068772
-0.00014319
0.0014317
0.0012914
0.00016359
0.0034098
0.0035759
0.0012916
-0.0013007
-0.00060203
5.305e-05
-0.00099024
0.00016969
-0.0014809
0.00027546
5.2017e-05
0.001376
0.0026441
-0.0018717
0.0032993
-0.0012442
-0.0021228
0.0025045
0.001514
0.0013168
0.0010688
0.0054871
0.0096765
-0.006118
0.0052218
0.0038961
0.003896
0.017359
0.0029432
0.00086085
0.0025849
0.0026215
0.001182
0.012029
0.00052956
0.00065093
-0.0062432
0.0013311
0.00025614
-0.0083534
-0.0024834
-0.0024725
-0.0066493
-0.00083514
-0.018433
-0.0046132
-0.01598
-0.0046141
-0.0018059
0.010766
0.012165
-0.0042378
-0.0056141
-0.0082655
-0.22207
-0.87033
-0.87689
-1.13
0.46944
0.6855
-2.4878
-2.3771
-0.18448
-0.18644
-1.1073
-1.2162
-0.39875
-0.13732
0.21263
0.20295
0.028801
0.61306
0.61305
0.98615
4.5933
4.5944
2.1895
0.13091
0.023621
0.023447
-0.046304
0.013722
-0.0086103
-0.0085572
0.012231
-0.0046194
0.022885
0.032964
-0.0066714
-0.0066833
-0.036848
0.033469
-0.012381
0.012715
0.012691
0.018937
0.038491
0.093686
0.0090082
0.0090901
0.0069293
0.026782
0.020078
-0.059147
-0.059199
-0.047631
-0.032553
-0.02636
0.015946
0.015836
-0.075433
-0.052027
-0.10552
0.019767
0.019676
0.0091469
0.031239
0.073514
0.092072
0.092282
0.082729
-0.067349
-0.017857
-0.018857
0.082213
0.079798
-0.00049638
-0.030091
-0.076427
-0.076365
-0.041865
-0.016958
-0.00061567
0.0059638
0.0058633
0.025167
-0.050973
-0.00079541
0.045728
0.081061
0.055239
0.050585
0.026332
-0.18592
-0.085653
-0.096879
0.65764
0.77328
0.56982
0.093393
-0.93967
-0.84892
-0.59781
-0.21484
0.26771
0.4883
1.3164
2.1593
-0.071761
-0.58617
-0.89456
-0.48539
-0.38843
0.18445
0.015982
0.0064193
-0.038212
-0.0077578
-0.033755
0.0059743
0.044252
-0.044374
-0.0041843
0.0028905
0.012641
0.017574
-0.0063048
-0.013258
-0.0091378
0.015706
0.028505
0.086056
0.075947
-0.015061
-0.057949
-0.026207
0.011666
-0.027146
-0.028022
-0.019519
-0.021215
0.013745
-0.063291
0.016455
-0.049357
-0.0020967
0.019174
0.00086782
-0.00026288
0.078431
0.042051
0.0012424
-0.028896
-0.043981
-0.014531
0.011751
-0.0031361
-0.034407
-0.0093295
0.010952
0.048858
0.010322
-0.030423
-0.041045
0.046617
0.0026486
0.0036023
-0.041674
-0.04143
-0.028405
-0.0020791
-0.0236
0.011552
0.011629
-0.049072
0.043698
0.042974
-0.0011214
0.0051921
0.0055798
-0.21123
-0.4181
-0.31321
0.097507
0.39243
-0.2059
-0.34288
-0.34531
-0.97446
-0.45627
-0.32549
0.076312
0.27484
1.3997
-0.19992
0.25594
-0.16237
0.055866
-0.0081233
-0.0081376
-0.074549
-0.035055
0.0073763
0.024937
0.024896
0.02782
-0.002722
-0.014242
-0.047275
0.0011234
0.0030802
0.0027173
0.027211
-0.0094736
-0.0033577
-0.012841
0.065251
0.052244
0.051988
-0.011013
-0.022491
-0.020089
-0.031079
-0.031096
-0.061314
-0.019095
0.013174
-0.0075175
-0.0075655
-0.021914
-0.061743
-0.019198
0.011929
0.011983
0.039651
0.064524
0.0031038
-0.0028723
-0.0028478
-0.024338
-0.079805
-0.080716
0.05056
0.047575
0.047535
0.023295
0.0074575
-0.061622
-0.02391
-0.02389
0.074473
0.043174
-0.029613
-0.067512
-0.067108
-0.038511
-0.036434
-0.0010193
-0.026961
-0.026479
0.0089265
0.0091425
0.093315
0.047876
-0.057145
-0.061359
0.63381
0.39962
0.073691
0.11209
-1.0994
-0.76852
-0.27176
0.21114
0.73126
0.72308
1.6139
0.27658
-0.22048
0.27708
-0.65439
-0.85778
-0.24317
0.19007
-0.0047843
-0.0047901
0.00063217
-0.073407
-0.050019
-0.022985
0.036544
-0.015787
-0.015815
-0.01152
-0.023452
-0.11543
0.0566
0.034336
0.011339
0.019309
0.090205
0.036564
-0.022483
-0.024211
-0.0061135
-0.035967
-0.035939
-0.0027887
-0.04221
0.0079079
0.020592
-0.043591
-0.033762
-0.058822
-0.030633
0.032691
0.079649
0.079059
-0.0030109
-0.034185
-0.051513
-0.051538
-0.034876
-0.03413
0.016704
0.0065287
-0.0071807
0.010591
-0.045833
0.031249
0.037612
-0.018032
-0.0059889
0.0062915
8.3079e-05
-0.0062152
-0.003855
-0.0038757
-0.011411
-0.031709
-0.05402
-0.053497
-0.076476
0.00057062
0.074752
0.012904
0.013814
0.013743
-0.043849
-0.025074
0.74639
0.045338
0.045779
0.37075
-0.33719
-0.86685
-0.74678
-0.42389
-0.045301
0.43696
0.43292
1.0725
-1.085
-0.82505
-0.33259
0.14011
-0.040076
-0.040041
-0.066419
-0.008577
0.0035982
0.030754
0.048193
0.048207
0.0029983
-0.055779
-0.1626
-0.1882
-0.18837
-0.14012
0.036924
-0.052695
0.20135
0.20125
0.17285
0.13197
0.049088
0.049215
0.055519
-0.010602
-0.0043464
0.006214
0.0011242
0.0011039
-0.0032806
-0.032996
-0.036642
-0.020427
-0.020469
0.0023905
0.090847
0.067846
-0.014799
-0.014823
-0.057223
-0.042706
0.08883
0.032226
0.032076
0.0034481
-0.0034011
-0.032331
0.016622
0.017142
0.040584
0.024822
-0.0016305
-0.019663
-0.011616
-0.011619
-0.017928
0.0083134
-0.0030465
-0.019254
-0.083858
-0.041044
-0.041581
-0.022398
0.048268
0.032402
0.03228
-0.024614
-0.19424
-0.18963
0.20486
0.20304
0.28472
-0.13118
-0.049486
-1.0115
-1.0055
-0.38827
-0.21027
0.47667
1.2114
1.2096
1.5365
-0.45508
0.16041
0.18857
-0.32362
-1.0624
0.068331
0.056653
0.047415
-0.011613
-0.053102
-0.052112
0.0026856
0.018637
0.018636
0.052928
0.024249
-0.031838
-0.0078804
0.059749
-0.015373
-0.015426
0.011365
0.040123
0.065853
0.047819
0.032949
0.018429
-0.04131
0.00090888
0.014211
0.032617
0.0033342
-0.0025112
0.013126
0.012998
-0.057192
-0.0092824
-0.038867
-0.032684
0.030114
-0.010685
-0.017667
-0.022661
0.013695
0.068949
0.030449
0.061184
-0.057771
-0.026402
-0.05975
-0.0067502
0.029215
0.073841
0.028453
-0.009356
-0.009271
-0.0092085
-0.0036619
0.01094
0.016359
-0.035081
-0.035184
-0.042319
0.0021861
0.012363
-0.039653
-0.039668
-0.10434
-0.051223
0.013373
0.11056
0.13187
0.69729
1.0875
-0.37847
-0.13249
0.43484
0.078274
-1.1549
-0.87669
-0.53754
-0.29059
0.17345
0.40386
1.2907
1.6603
0.19377
-0.96598
-0.58668
-0.81868
-0.38306
-0.038862
0.15897
0.25154
0.02502
-0.34907
-0.349
0.018777
0.023409
-0.0008677
0.036086
0.032676
-0.098969
-0.23254
-0.15486
-0.30052
0.11069
0.27227
0.18378
0.037905
0.05218
0.057911
0.069822
0.067021
-0.015172
-0.033343
-0.033396
0.0028458
-0.0019346
-0.053305
-0.083651
-0.07898
0.251
0.44608
0.51013
0.51951
0.22707
-0.019363
-0.39343
-0.36928
0.048459
0.048582
-0.057804
-0.05609
-0.23649
-0.25895
-0.25863
-0.0072505
0.01107
0.03239
-0.018114
-0.017927
0.0093115
0.0013767
-0.013259
0.0085021
0.0072696
0.0071954
-0.010713
-0.01004
0.0026212
0.022668
-0.036838
0.015566
0.038656
0.10262
0.098644
0.18155
0.38842
0.61486
-0.1163
-0.35887
-0.40366
-0.1287
-0.72408
0.081419
-0.81419
-1.6909
-1.2327
-1.1378
-1.1359
-1.0743
-0.45047
0.021092
0.054014
0.31152
0.54255
0.2741
0.2713
0.15556
0.17289
-0.23889
-0.047968
-0.048205
0.14381
-0.11403
-0.047433
0.015729
0.015681
-0.25842
-0.04201
0.062411
0.061821
0.06945
-0.031283
-0.027903
-0.0048411
-0.0045163
0.0057894
-0.0038201
0.020397
0.013067
0.018344
0.018279
0.0041088
-0.0079934
-0.012184
0.005869
0.0058639
-0.012013
-0.033383
-0.017029
-0.040292
0.13982
0.46334
0.57192
0.2517
-0.099407
-0.43853
-0.30239
-0.36974
0.032752
0.032763
-0.014943
-0.0086096
-0.0059701
0.026828
0.0018955
-0.030214
-0.0018865
-0.024656
0.0086902
-0.0090924
0.00041835
0.00038007
-0.045101
-0.025881
-0.013492
0.029183
0.071451
0.066825
0.16916
0.16187
0.33966
0.43787
0.4704
0.42113
-0.63808
-0.83895
-0.77996
-0.53246
-0.32478
-0.33464
-1.5577
-1.5415
-1.5653
-1.2681
-1.0839
-0.47868
0.63632
1.6435
2.3865
0.9662
0.97158
1.4492
1.4545
0.031681
0.11855
0.035318
0.082677
-0.18749
-0.39971
-0.092362
-0.024903
0.0052309
0.0052446
0.017143
-0.00055884
0.01829
-0.0065331
-0.0065231
-0.016641
-0.013472
-0.0019209
-0.011047
-0.010732
-0.054367
-0.0194
0.004233
0.019981
0.020018
-0.0076546
-0.0041526
-0.020078
0.018468
0.018468
-0.0086969
-0.00041915
0.035523
0.037045
0.048298
0.45851
0.52085
0.46559
0.46501
0.2473
-0.25097
-0.26546
-0.35744
-0.3577
-0.02574
-0.058254
-0.087987
-0.25764
-0.25739
-0.24548
-0.020766
0.018945
0.0053676
0.0053979
-0.036745
0.037302
0.01956
0.028102
-0.013649
-0.013904
-0.041545
0.0026649
0.028527
-0.05145
-0.052282
0.096897
0.07577
0.1338
0.12832
0.17484
0.6485
0.62778
-0.34551
-0.40286
-1.0248
-1.4581
-0.65963
-0.68996
-0.83648
-1.7966
-1.7979
-0.81532
-1.1799
-1.1468
0.144
0.15649
1.3832
2.1654
3.0867
1.5002
1.5106
0.26987
-0.40824
-0.14791
-0.026001
-0.0073229
-0.0073365
-0.015778
0.023654
0.028045
0.043236
0.042999
0.0044703
0.0080979
-0.005419
-0.0063394
-0.0063746
-0.037011
-0.042322
-0.10404
-0.058584
0.018251
0.0069267
0.0070223
-0.0072735
-0.045679
-0.0097168
-0.046759
-0.046842
0.0061527
-0.0079146
-0.0077678
0.010586
0.035424
0.12981
0.11226
0.068218
0.16766
0.19779
-0.023725
-0.20211
0.056136
0.0086211
0.033811
-0.055926
-0.056181
-0.029396
-0.029533
0.046546
0.01422
-0.0073347
-0.034725
-0.034794
0.019147
-0.011978
-0.016476
0.014261
-0.016501
-0.027348
0.036828
0.18423
0.1405
0.13639
0.22168
0.73755
0.50375
0.1616
0.1273
-1.7147
-1.2913
-1.0208
-1.2093
-1.2281
-1.0372
-1.3055
-1.311
-1.2981
-1.2727
-0.80698
0.68884
0.77534
2.0327
0.37867
-0.1983
-0.21159
-0.10775
0.13683
0.14851
-0.18148
-0.30239
-0.0070983
0.024646
0.066413
-0.030453
-0.030569
0.044085
0.040082
0.058055
0.019633
0.020691
0.013285
0.05998
-0.017894
-0.0062934
-0.0061832
-0.04712
-0.040225
-0.00079362
-0.026996
-0.027104
-0.0094013
0.0061512
-0.0025312
-0.026775
-0.02037
-0.020452
0.0051715
-0.008783
0.0048814
0.0051745
0.023112
0.035915
-0.0048286
-0.036915
-0.047242
-0.047442
-0.098163
0.00090138
0.02181
0.066038
0.066171
0.060665
-0.0084208
-0.02681
0.10796
0.021931
-0.03945
0.0064135
0.013579
0.013753
0.036223
0.027181
-0.048201
-0.030611
-0.030608
-0.011131
5.2304e-05
0.066782
0.067046
-0.091542
-0.024165
0.16275
0.88445
0.87022
0.95761
-0.89282
-2.2424
-2.4385
-2.4587
-1.3352
-1.1893
-1.3349
-1.0619
-1.0427
-1.2026
-0.98813
0.051023
2.326
2.3232
1.101
0.086687
0.22762
0.44142
0.040987
-0.088943
-0.090613
0.045013
0.10394
-0.078501
-0.047208
-0.047244
0.024883
-0.57849
-0.14127
0.078778
0.079454
-0.12708
0.059266
0.12578
0.21694
0.17614
0.35141
0.2537
0.029376
-0.052186
-0.06438
-0.08441
-0.066009
-0.021661
-0.010503
-0.035312
-0.039785
-0.012999
-0.0068612
0.032445
0.02897
0.013399
0.055204
0.12325
0.17521
-0.09441
-0.12046
-0.18472
-0.11711
-0.13802
-0.085754
-0.085856
0.017793
0.017485
-0.03589
-0.13867
0.011981
0.01219
-0.046142
0.01582
-0.00045653
0.01118
0.011178
-0.0033177
-0.035595
0.007366
0.020773
-0.0096926
-0.021697
-0.026783
-0.0064114
0.084793
0.24099
0.68738
0.98643
0.7382
-0.15795
-1.2219
-1.3308
-1.2827
-1.5925
-0.89336
-0.90119
-1.1502
-0.59357
-0.69546
-0.61162
-0.23985
-0.25161
0.86972
2.3196
0.40704
-0.54427
-0.046481
-0.049457
-0.027839
-0.10766
0.022484
-0.10609
-0.10582
-0.045606
0.013047
0.018815
-0.042207
-0.00026474
-0.057467
-0.056916
-0.15759
-0.32842
-0.11478
0.11691
0.17516
0.13469
-0.040847
-0.039557
0.20263
-0.15873
-0.088044
-0.048891
-0.048695
-0.022034
-0.018937
-0.023692
-0.028045
-0.015709
-0.015891
0.0074505
0.004344
0.010667
0.011636
-0.0011551
0.013275
0.013252
0.0027587
0.0018918
0.00026086
0.0023207
0.002324
0.0066884
0.011458
0.0083939
-0.004328
-0.0043111
-0.0029534
0.042644
0.042696
0.032706
0.032712
-0.0012007
0.012658
0.066132
0.037357
0.037415
-0.0059428
-0.01052
0.075512
0.06643
0.024612
-0.041596
-0.069824
0.097856
0.097846
0.084072
0.55758
0.46483
1.458
1.4586
1.6204
1.0855
0.90337
0.59404
-0.065338
-0.9256
-1.3809
0.097919
-1.0851
-1.0746
-0.41009
-0.4587
-1.1231
-1.6536
-1.6502
-0.0047364
-0.00067411
-0.00075361
0.011907
-0.0013043
0.012657
0.068431
0.06838
0.075304
-0.24455
-0.24472
-0.26314
-0.21769
-0.0061243
0.14562
0.14903
0.14632
0.092162
-0.070982
-0.057332
-0.033718
-0.033639
0.015335
0.024223
0.033966
0.022737
0.00069162
0.00054734
0.004142
0.0084702
0.03249
0.014282
0.020185
-0.010887
-0.056524
-0.050314
-0.019775
-0.041096
-0.034906
-0.080021
-0.033906
-0.025873
0.11355
0.063367
-0.009978
-0.029994
-0.0097922
-0.002191
0.028717
0.018409
0.0026685
-0.0095764
0.0023718
0.0023837
0.0055977
0.014604
0.0068509
0.011107
0.0067708
-0.0066045
0.098536
-0.023563
-0.079714
-0.01631
0.09838
0.16933
1.1117
0.14923
0.58291
1.0179
0.27484
0.2765
0.81775
-0.079965
-0.4037
-0.56429
-0.91594
-1.077
0.30059
-0.2836
-0.15105
-0.15456
0.56146
-0.2323
-0.036491
0.0026123
0.0044321
0.0044586
-0.10783
-0.080523
-0.049674
-0.050094
0.011036
0.083094
0.082564
0.12128
-0.039236
-0.039239
0.11868
0.030661
0.097814
0.09719
-0.035542
-0.13663
-0.38423
-0.13835
-0.13809
-0.029121
-0.014337
-0.0064857
0.0062051
-0.0034558
0.012138
0.025658
0.025714
0.081193
0.0065604
0.0013565
-0.0091948
0.058989
-0.075036
-0.075197
-0.025182
-0.076692
-0.065789
0.00818
0.0081718
0.027562
0.019001
-0.0021721
-0.075978
-0.10566
-0.10554
-0.0093945
0.10529
-0.052205
-0.077653
-0.077631
-0.048761
0.037419
0.036697
-0.022216
-0.02216
0.039604
-0.033384
0.21314
0.043289
0.043225
-0.10327
-0.023074
0.082553
0.08794
0.087916
0.21371
-0.3209
1.3082
1.7273
1.7232
1.2535
1.172
0.21089
-0.082925
-0.802
-0.79863
-1.0997
-0.94054
-0.47309
-0.47195
-0.70958
-0.30129
-0.11298
-0.0075355
0.022997
0.04821
-0.0090567
-0.0091832
-0.024114
-0.0082071
-0.0083882
-0.030154
0.048894
-0.14183
-0.39308
-0.39429
-0.32305
-0.20333
0.06863
0.15151
0.15013
0.21746
0.29215
-0.030667
-0.039318
-0.039003
-0.038947
-0.0060814
0.017653
0.020857
0.020784
0.031443
0.0063166
0.0072889
0.013778
0.013806
0.026804
0.019486
0.0074314
-0.0043135
-0.0043488
-0.053118
-0.1097
-0.083016
-0.029471
-0.0030127
-0.0030159
0.0089751
-0.054948
-0.052185
0.025018
0.059087
0.22036
-0.0029195
0.0093025
0.0070756
0.0039481
0.00081756
0.022575
0.00085471
0.00097593
0.0073133
-0.0031848
0.018508
0.039591
-0.0013511
-0.073673
-0.073572
0.028329
0.16932
0.95538
0.035191
0.033533
0.85018
1.2073
0.47088
0.4343
0.35982
-0.95915
-0.95654
-1.1335
-1.7462
-0.95303
-0.73694
-0.31136
-1.4449
0.20469
-0.052762
0.15379
1.1773
0.17833
-0.13582
-0.0026008
0.0044978
0.004635
0.014126
-0.0215
-0.027372
-0.041882
-0.04196
-0.0045544
-0.0020101
0.022624
-0.079346
-0.28014
-0.19804
0.15548
0.17494
0.15344
0.15359
-0.046998
-0.046808
-0.076557
-0.02216
0.008071
0.014203
0.01487
0.01761
0.020527
0.02054
0.033939
0.033868
0.024544
0.029856
-0.0037447
-0.062178
-0.062254
-0.049579
-0.085146
0.0072061
0.0072111
0.014096
0.006385
0.015146
0.041613
0.041506
0.032956
0.031788
0.097519
0.069529
-0.052697
-0.015232
0.0041094
0.025743
0.0049909
0.0049537
-0.015216
-0.0031029
0.0047266
0.0090084
-0.02111
-0.0080047
-0.0080313
-0.056036
-0.058958
-0.006536
0.047714
0.23018
0.22822
1.0809
-0.76368
1.7998
1.7945
0.84154
1.5963
0.36201
0.044694
-0.56515
-1.1466
-1.2762
-0.49386
-0.49444
-0.72567
-0.62456
0.010739
-0.93885
1.5521
-0.4382
-0.039111
-0.012841
-0.0081036
0.0026293
0.0049734
-0.0055948
-0.0056258
-0.021487
-0.016217
-0.014628
-0.016649
0.019954
-0.11907
-0.3674
-0.29732
-0.17001
-0.044688
0.05342
0.23184
0.21123
-0.026653
0.010444
0.017425
0.025106
0.028685
0.033772
0.0144
0.010618
0.025875
0.0065036
0.011504
0.0086623
0.0074816
-0.023671
-0.054131
-0.057721
-0.076719
-0.052009
-0.040604
-0.009497
0.0080078
-0.047419
-0.047227
-0.025196
0.10005
0.23641
0.036271
-0.034281
-0.033412
-0.026933
0.0076534
0.04097
0.038909
0.025516
0.017283
-0.026152
0.014841
0.014915
0.021543
0.029209
0.0072391
-0.036445
-0.016807
-0.091444
0.28592
0.15064
0.93729
0.19696
0.18965
1.1397
0.12793
0.082483
-0.10031
0.079966
-0.69943
-1.3262
-1.6128
-0.6928
-0.69389
0.041466
-0.1085
-0.75365
-0.066802
0.29313
0.21478
0.38173
-0.17173
-0.025139
-0.025192
0.019423
-0.13587
-0.035713
-0.021408
-0.021295
-0.087132
0.011427
0.026174
0.043724
0.12853
0.089422
-0.2264
-0.22067
-0.19739
-0.063239
0.20901
0.21264
0.19378
0.024622
0.024516
-0.057304
-0.059262
-0.013523
0.033715
0.01894
0.012051
0.030827
0.0054712
0.0055501
0.021291
0.014904
0.026248
0.026271
0.015486
-0.065814
-0.076426
-0.0046811
-0.0046691
-0.016773
0.0018744
-0.047465
-0.014913
-0.014884
0.044001
0.063934
0.064464
0.064297
-0.0041265
0.0079906
0.013841
0.019034
0.019024
0.013556
-0.0076848
0.020399
0.016502
0.016485
0.016709
0.026351
0.0003385
0.038073
0.038389
0.08882
-0.089405
-0.088556
0.88711
-0.24182
1.4889
1.7828
1.0827
0.71646
0.71972
-0.057231
-1.4237
-1.7144
-0.3886
-0.37884
-0.85379
-0.37577
-0.91972
-0.43059
-0.43151
-0.51316
-0.1226
-0.0034368
0.0020008
0.0022532
-0.0054377
-0.0055652
-0.021942
-0.028802
-0.028821
-0.038269
-0.051235
-0.030065
-0.39787
-0.39846
-0.53315
-0.41085
-0.046036
0.090528
0.090145
0.17029
0.21629
0.36062
0.51714
0.46463
0.46402
-0.12568
0.011549
0.0076455
0.007613
0.018344
0.024841
0.023022
0.025959
0.018008
0.017044
0.017064
0.00016712
-0.075493
-0.060515
-0.016263
-0.01628
0.010006
0.024951
-0.018371
-0.018275
0.019985
0.046768
0.058616
0.0094022
-0.0088068
-0.0088281
0.0026705
0.016485
0.023192
0.01761
0.017602
0.017025
0.0070801
0.028301
0.028465
0.015988
0.0073657
-0.028353
0.025683
0.038126
0.038158
-0.016349
-0.031033
0.054414
0.2515
0.2249
1.2382
0.50681
-0.12735
-0.64197
-0.76803
-0.76846
-1.6328
-0.23752
-0.79569
-1.0676
-1.0638
0.29198
-0.89862
1.665
0.3801
0.37855
-0.0066546
-0.00219
-0.0083427
0.030225
0.0088718
-0.0024311
-0.058702
-0.013847
-0.013906
-0.014304
0.010545
0.014248
-0.32215
-0.32188
-0.19874
-0.083894
0.06145
0.13092
0.13087
0.24337
0.30245
-0.09363
0.00083357
0.0010151
0.0048468
0.019992
0.028146
0.054754
0.023686
0.023705
0.020026
0.034644
0.017187
-0.024481
-0.024555
-0.080679
-0.053115
-0.0052598
0.014588
0.014724
-0.013681
-0.076331
-0.022309
0.023839
0.023908
0.042901
0.056558
0.039701
-0.030293
-0.023071
-0.023199
0.00067623
0.027662
-0.0038929
-0.0015595
0.0063024
0.0096594
0.0022715
-0.0013636
-0.014536
0.0025504
0.0060985
-0.078432
0.058737
0.10495
0.30582
1.148
1.0797
0.85581
0.85758
0.35335
0.60434
-0.51041
-0.50737
-0.79816
-1.1423
-1.5934
0.015522
-0.78623
-0.78392
-1.0434
0.77746
-0.47694
1.4904
1.5086
-0.4454
-0.21415
0.070336
0.00129
0.043915
0.033774
0.033632
0.01232
-0.0924
-0.043743
-0.032786
-0.26822
-0.25889
-0.2585
-0.15133
0.12309
0.16222
0.24532
0.37954
0.22548
-0.062491
-0.043842
-0.028926
0.003446
0.010248
0.01073
0.016312
-0.001354
-0.0016118
0.0013142
0.019205
0.0019511
0.010574
0.015054
0.015159
0.0020531
-0.027607
-0.027656
-0.072349
-0.036066
-0.084762
-0.011193
0.032842
0.15842
0.033415
-0.010443
-0.0071527
-0.0027559
0.0050266
0.0063272
0.0029783
0.0071418
0.011651
0.011688
0.02032
0.021926
0.00067745
0.0033561
0.0023396
-0.02155
-0.02146
0.037551
0.032082
-0.041632
0.0093979
0.14341
0.094967
0.85272
0.85373
0.54847
0.99886
0.33351
0.6519
0.65007
-0.00047991
-0.45816
-0.95021
-1.0702
-1.2862
-0.39062
-0.4315
0.89828
1.3982
0.41848
-0.30003
-0.29984
-0.017914
0.016815
0.061426
-0.00069732
-0.00081268
-0.044153
-0.056841
0.0033208
0.054555
0.054565
0.039237
-0.18821
-0.37014
-0.32548
-0.32473
-0.043178
0.096779
0.16222
0.16379
0.1643
0.30831
-0.053693
-0.06591
-0.014957
-0.0097045
0.013184
0.012475
0.012716
-0.0057607
0.021651
0.032126
0.0090618
0.041824
0.042008
-0.0010506
-0.038966
0.001721
-0.025971
-0.024415
-0.0083191
-0.0081913
0.015556
0.039803
0.11215
0.15567
-0.038639
-0.0034459
0.013956
0.023502
0.023567
0.033568
-0.010041
0.0036834
0.021966
0.022005
0.044995
0.0097416
-0.012466
-0.022182
-0.022208
0.032324
0.05551
0.040027
0.86806
0.46266
0.45455
0.12086
1.3877
0.69945
0.78856
0.78669
0.36247
-0.80162
-1.4426
-0.95966
-0.96467
-0.51103
-0.75694
-0.85418
-0.0006519
0.17892
0.98139
-0.2635
-0.17515
-0.0014645
-0.0015262
0.0047108
0.0038594
0.0021266
-0.0051573
-0.0051756
-0.021535
-0.012407
-0.032881
-0.031333
-0.030994
-0.17949
-0.45854
-0.51013
-0.39236
-0.39291
-0.15378
0.071193
0.20737
0.28354
0.37085
0.55591
0.97136
-0.29088
0.036074
0.0090758
0.0090865
-0.0036391
0.0037852
0.0070805
0.025408
0.025301
0.022534
0.047624
0.0087404
0.0089198
0.017534
0.015252
0.015557
-0.023844
-0.040686
-0.056217
-0.033355
0.0024718
-0.020004
0.0076255
0.0076589
-0.0075289
-0.00066625
0.048524
-0.001286
0.029927
0.016935
0.023328
0.02379
0.012896
0.019815
0.048846
0.022211
0.023418
0.034213
0.0017266
0.073486
0.029837
-0.05384
-0.17948
-0.029797
0.14348
0.24409
0.21985
1.176
-0.096713
1.0042
1.2815
0.047068
0.081151
-0.062038
-0.78996
-1.3087
-1.6644
-0.60611
-0.20047
-0.30746
2.3222
0.35376
-0.32773
0.008878
-0.0031143
0.030082
0.03802
-0.01025
0.0080922
-0.050355
-0.049359
0.022206
0.0069764
0.04345
0.044372
-0.22456
-0.31099
-0.33665
-0.23049
-0.019715
-0.020392
0.092658
0.1448
0.26208
0.41786
0.018412
-0.082995
-0.0096392
-0.0095889
0.0050673
0.017532
0.014818
-2.8413e-05
0.00355
0.0034489
0.026475
0.021329
0.010298
0.029452
0.021303
0.021348
-0.057856
-0.084729
-0.0022526
0.0041743
-0.051561
-0.035852
-0.035653
-0.015997
0.10662
0.043278
0.043262
-0.024587
-0.017629
-0.0012247
0.026853
0.03073
0.030225
0.017057
0.0081087
0.018491
0.018511
0.057619
0.025279
-0.028139
-0.034616
0.018141
0.062465
0.062183
-0.075985
-0.08098
-0.080864
0.032606
0.17754
0.046875
0.93744
0.94332
-0.06216
1.6809
1.0255
1.2108
1.2103
0.40535
-0.49297
-1.2096
-1.1802
-0.11835
-0.11266
-1.7747
-0.18909
0.30107
0.014619
0.014575
0.0079989
0.01167
0.0028859
-0.013372
-0.013441
-0.031138
-0.044257
-0.023687
-0.03462
-0.0025555
-0.21719
-0.5048
-0.46395
-0.40113
-0.20185
-0.025866
0.15395
0.1935
0.30945
0.33881
0.56211
0.31982
-0.10021
-0.0021905
-0.01742
0.011444
0.026062
0.026045
0.018267
0.012653
-0.0032005
0.01535
0.015289
0.018214
0.018334
0.014141
-0.050752
-0.077668
-0.061722
-0.059374
-0.021338
0.0038208
0.011196
0.0089494
0.014299
0.053527
0.077362
0.087328
-0.012504
-0.0087088
0.014864
-0.003416
0.0035688
0.0039798
0.038113
0.036208
0.028158
0.012755
-0.029905
0.077914
0.041926
0.041644
-0.023366
-0.087923
-0.049897
0.019344
0.20894
0.31139
1.4668
-0.29783
1.135
0.9853
0.60389
0.81505
0.61805
0.077232
-0.66001
-1.3994
-1.5604
-0.40699
-0.77443
-1.5318
-0.41078
-0.62565
1.6581
0.59229
-0.30112
-0.11896
-0.11863
0.0062189
0.01994
0.021654
-0.0019665
0.0020755
-0.012363
-0.010751
-0.011332
0.0010376
0.071581
0.056496
-0.1079
-0.083838
0.099794
0.0084453
-0.064519
-0.0014187
-0.0035603
0.01802
0.029703
0.0061887
0.0062588
0.0046841
0.036687
0.009563
0.026762
0.045531
0.044538
0.0054925
0.005483
0.023334
0.0067307
0.020225
-0.01176
-0.11695
-0.10561
0.0055787
0.016208
0.016264
0.0098865
-0.0035331
0.010988
0.017131
0.018811
0.012911
-0.0077905
-0.0056272
-0.0055957
0.0059761
0.0052619
-0.0014328
-0.0029321
-0.0019483
0.00069529
0.00069074
-0.0078184
0.0029907
0.001019
0.013128
0.047621
0.031548
-0.043504
-0.043418
-0.063443
1.2487
1.2496
0.1106
0.2906
-0.081847
0.38927
0.38402
-0.75602
-0.18899
-0.82049
-0.53491
-1.0304
-1.4964
-0.265
-0.2422
-0.238
-0.18598
1.0893
0.37964
1.1785
-0.62418
-0.62303
-0.044635
-0.0030757
0.03647
0.14849
0.051368
-0.0026208
-0.14426
-0.058926
0.039847
0.10769
0.12038
0.10941
0.039689
0.012053
-0.031817
-0.0086714
0.030385
-0.0077503
-0.0071696
-0.09992
-0.057532
-0.049496
-0.070004
-0.058461
-0.003245
0.01853
0.014498
0.012754
0.0091427
0.017774
0.026817
0.027279
0.0099646
0.0012497
-0.0042546
-0.013842
-0.049711
-0.0042897
0.00029459
0.00030923
0.017209
-0.0086794
-0.081391
-0.04503
-0.044982
0.01459
0.0096072
0.0097235
-0.0042709
-0.0043013
0.0044988
-8.3041e-05
-0.0080449
-0.0069473
-0.0069268
-0.0071038
-0.0038411
0.0027311
-0.0020774
-0.0022278
-0.010234
0.0065434
0.10738
0.091134
-0.093939
-0.084827
0.14797
0.022111
0.32857
1.449
-0.093182
1.2777
0.47008
0.14886
0.14946
0.00078629
-0.27064
-0.71319
-0.71181
-0.99564
-1.3023
-1.3929
-1.0531
0.036111
0.21662
1.8848
-0.41098
0.0085477
0.030555
0.053234
0.005627
0.0055649
-0.0015445
-0.15855
-0.036694
-0.016474
-0.016514
0.12428
0.15047
-0.033348
-0.14337
-0.14286
-0.094551
-0.052547
0.0080842
0.062708
0.062393
0.07665
0.046603
-0.05488
-0.087318
-0.086958
-0.060562
-0.0064348
0.0068372
0.0049116
0.0050726
0.014177
0.0211
-0.011699
0.032209
0.032247
0.012351
0.027093
-0.0013473
-0.012198
-0.012196
-0.055283
-0.021752
-0.036045
-0.030511
0.0077122
0.0072418
0.12233
0.13498
-0.01059
-0.016114
-0.016183
0.0044775
0.0090793
0.0087013
0.0061554
0.022154
0.022197
0.012664
0.028167
0.043991
0.044235
0.011843
-0.010686
0.020188
0.035578
0.035803
-0.0042886
0.067125
0.16582
0.032923
0.10369
-0.96197
-0.22364
-0.27968
-0.25917
-0.405
-0.37583
0.13027
-0.17745
-0.47823
-1.0222
-0.98163
0.075698
-1.1217
-1.1126
-0.23868
-0.23509
0.55416
-0.041947
0.039068
-0.018188
-0.026695
0.036439
0.07107
-0.29276
-0.29354
-0.2587
-0.34977
-0.18053
0.16695
0.050716
0.048283
0.048336
0.089052
0.13504
0.19318
-0.001074
0.30642
-0.16925
-0.076503
-0.090774
-0.033859
-0.013489
0.0020632
-0.0044048
-0.0044088
0.0017103
-0.00025729
0.010972
0.01395
0.013801
0.038732
0.073796
0.11348
0.12516
0.19752
0.13739
0.031599
-0.01894
-0.019572
-0.076603
0.071817
0.10869
0.00054374
-0.085021
-0.058504
-0.10518
-0.0015968
0.0076904
0.087263
0.085564
-0.044555
-0.031885
-0.087583
0.021972
-0.00028221
0.017324
-0.034811
-0.13921
0.042161
0.020035
0.051401
0.097529
0.30045
0.66659
0.69864
0.87581
-0.51353
-0.28854
-1.2075
-0.85272
-0.77314
-0.64867
-0.54718
-0.57975
-0.37232
-0.60958
-0.44712
0.88116
-0.3764
0.17696
0.52821
1.0697
-0.011848
-0.12357
0.08053
0.022116
-0.061454
-0.062706
0.02981
-0.09802
0.080291
0.025893
0.012281
0.038797
0.011276
0.098303
0.0051643
-0.086829
-0.078976
0.012025
0.00069652
-0.044699
-0.043093
-0.08862
-0.11798
-0.067182
-0.080598
-0.020086
0.011519
-0.0093823
0.070691
-0.026343
0.046922
0.14375
0.016457
-0.074795
-0.12982
-0.09745
-0.049016
-0.038137
0.0049952
-0.034087
-0.064214
-0.0048266
-0.0064717
0.11652
0.21026
0.17362
-0.004924
-0.085058
-0.060502
0.060069
-0.052211
-0.014875
-0.014841
-0.053995
-0.012899
-0.0058204
0.026086
0.025303
0.025261
0.013261
0.063222
-0.014079
0.0089773
0.2376
-0.13858
-0.055965
0.078787
0.1545
0.069378
0.44764
0.0085126
0.19591
-0.26554
-0.26521
-0.56914
-1.1528
0.021867
-1.3799
-1.381
-1.2233
-0.11816
2.2162
0.71635
0.71496
-0.064389
-0.093234
0.010465
0.050055
0.050019
0.037333
0.0052995
-0.094481
-0.18318
-0.062877
-0.062963
0.069387
0.22338
0.12905
-0.20716
-0.068259
-0.15477
-0.13282
-0.13274
-0.11499
0.065103
0.024613
0.10343
0.10195
0.23099
0.073725
-0.11909
-0.077886
-0.016634
-0.016609
0.010193
0.023949
0.032644
0.019177
0.037209
-0.048933
-0.0014997
-0.060878
-0.020259
-0.029418
-0.036346
-0.051985
-0.052017
-0.051697
-0.012423
0.01549
0.056084
0.054181
0.04352
0.0012385
-0.0025261
-0.00062941
0.027471
0.012232
-0.0081758
-0.0080692
-0.014562
0.01815
0.0031816
0.05706
0.049701
0.052823
-0.018894
-0.01224
-0.0067774
0.049141
0.049079
-0.0032527
-0.036403
0.060013
0.12012
0.029007
1.0323
0.27074
0.64182
0.6768
0.7254
0.72587
-0.8027
-1.0636
-0.5664
-1.2868
-0.36259
-0.35723
-0.98998
0.2239
1.2824
-0.51043
0.12634
-0.0069548
0.016623
0.027153
0.027122
0.0060168
-0.037137
-0.043249
0.0027138
0.079606
0.1943
0.19423
-0.25475
-0.078185
-0.072465
-0.20826
-0.0016337
0.13793
0.046434
0.12399
0.028026
-0.020535
-0.021106
-0.089825
0.0047463
0.020459
0.022831
0.022774
0.019512
0.019191
-0.0062319
0.024762
0.024794
-0.016412
-0.016337
0.05808
0.011104
0.032512
-0.042646
-0.042663
0.010971
0.020165
0.012948
0.040999
0.041128
0.04418
0.064654
0.015232
-0.022151
-0.022139
0.0015896
0.021951
0.008676
-0.010328
-0.010204
-0.013081
0.012849
0.026558
0.022703
0.0227
0.030797
0.015944
0.004166
0.0042497
0.040889
-0.077886
-0.074985
-0.035081
-0.034709
0.13168
0.67919
0.67789
0.085382
0.067525
1.405
0.7558
0.054764
0.11234
0.11398
-0.24133
-1.2073
-1.5758
-0.071898
-0.06686
-1.4194
-0.085139
-0.16645
-0.011728
0.0037544
0.050895
0.051015
0.0003032
0.00042645
-0.040685
-0.012984
-0.013042
0.028692
0.028713
0.1963
-0.086486
-0.038487
-0.038546
-0.11107
-0.1106
0.067613
0.073437
-0.0024921
-0.0011596
-0.10666
-0.13519
-0.018808
0.051318
0.033428
0.033298
0.01933
0.0022234
0.0019503
0.031637
0.031655
0.038524
0.027666
0.027606
-0.071703
-0.071691
0.014919
-0.07172
-0.071745
-0.058051
-0.1091
-0.022818
0.023553
0.051173
0.010165
0.0064987
-0.021681
-0.011299
-0.011311
0.021606
0.0056717
0.0057969
-0.009049
-0.019915
-0.020027
0.024303
0.055056
0.041216
-0.029716
-0.00075374
-0.01115
-0.011129
0.053595
-0.02397
-0.023965
-0.053729
0.036444
0.08335
1.1815
-0.019234
0.39725
1.7709
-0.09486
0.90505
0.34454
-0.24301
-0.38061
-1.1549
-1.8103
-1.8102
-0.94256
-0.61723
-1.2171
0.17528
-0.19278
2.4391
0.63703
-0.2279
-0.056167
-0.056311
0.032822
0.09146
0.00019046
-0.051176
-0.051657
-0.093572
0.008683
0.031798
0.11367
0.1135
0.0080057
-0.28951
0.04094
-0.040383
-0.0416
0.16343
0.094398
-0.087095
-0.014804
-0.022785
-0.078143
-0.0020793
0.009057
0.0089871
0.022791
0.023851
0.023746
0.027028
0.00029764
0.038955
0.019103
0.019112
0.022472
0.019486
-0.075538
-0.085021
-0.085079
-0.10263
-0.0034356
0.0075506
0.0064666
0.0064743
-0.036203
0.03385
0.071422
0.18163
0.18139
0.059475
-0.018914
0.0051918
0.034581
0.034548
0.024854
-0.0098993
0.00040806
0.0081545
0.0081554
0.054405
0.062216
0.034616
-0.052818
-0.052861
-0.025525
0.0040118
-0.068134
-0.075604
-0.075659
-0.039648
0.15079
0.78165
0.1301
0.12805
0.33008
0.24162
0.69654
0.6919
0.21699
-0.0016627
-0.69077
-1.2703
-1.2708
-1.5041
-0.056644
-1.4581
-0.53752
-0.64146
0.021246
-0.18354
-0.18625
1.8588
0.16672
-0.22454
0.010194
0.074938
0.074738
-0.015944
-0.033844
-0.043431
0.077737
0.05476
0.054923
0.15937
0.029675
-0.10706
-0.045096
-0.042528
-0.06819
0.062339
-0.058144
-0.070728
-0.070671
-0.04991
-0.075678
0.022892
0.060606
0.060461
-0.076965
-0.077228
0.0193
0.027642
-0.016563
0.031563
0.014357
0.055722
-0.026781
-0.089757
-0.045913
-0.063674
-0.03991
-0.0050344
-0.011286
-0.10765
-0.039655
0.016214
0.21028
0.31677
-0.0011956
-0.066143
-0.061695
-0.006276
0.021314
0.021286
0.020022
-0.016279
0.0046973
-0.011459
0.024275
0.041654
0.018561
0.059244
0.0018211
-0.043621
0.0276
0.019351
-0.023893
-0.012039
-0.011986
0.20209
0.12729
0.29004
0.43877
0.072005
1.3549
0.40165
-0.13561
0.11465
0.11489
-0.402
-0.74662
-1.3109
-0.97031
0.70917
-0.25552
-0.24757
2.1766
0.63472
-0.012977
-0.013046
-0.0052006
0.020095
0.057391
-0.033655
-0.027196
-0.060047
-0.023696
0.063259
0.06886
0.087482
0.0023945
-0.083847
-0.051554
-0.050004
-0.083825
0.069929
0.056972
-0.077023
-0.12529
-0.062106
-0.070255
-0.070269
-0.034008
0.033804
0.027922
0.011428
0.014876
0.014995
0.0028649
-0.0039256
0.0038572
0.02824
0.027
0.028301
0.021559
-0.029505
-0.066319
-0.065278
-0.10625
-0.056309
-0.056307
-1.6423e-05
-0.017277
-0.049416
-0.037806
0.22229
0.2218
0.072204
-0.082362
0.0089333
0.0092497
0.046348
0.0091628
-0.078565
-0.014584
0.059552
0.083682
0.028024
0.028048
0.035057
0.025338
0.098585
-0.019553
-0.019624
-0.11974
-0.07808
0.073959
0.15214
0.050497
0.13199
-0.51914
0.92695
0.90446
1.2561
-0.25839
0.75619
-0.13662
0.4557
0.45687
-0.45092
-0.60643
-0.60381
-0.77749
-0.77558
-0.99381
-0.48521
-0.082945
1.5324
1.5302
-0.45889
-0.074983
-0.00046448
0.009309
0.011338
0.022271
0.0012438
-0.0027956
-0.010686
0.026973
0.045035
0.13106
0.14168
-0.095373
-0.094921
-0.21797
-0.13275
0.019633
-0.065378
-0.084847
-0.020984
-0.016508
-0.016498
-0.012055
0.027221
0.027398
0.018375
0.018374
-0.0074404
-0.050981
-0.05094
0.058963
0.011965
0.061514
0.12406
0.12429
0.064928
0.012725
-0.14256
-0.094538
-0.094512
-0.13418
-0.089953
0.043578
0.050065
0.050004
0.00050476
-0.00017461
-0.046963
-0.030464
0.0037804
0.0048043
0.004794
-0.0079587
-0.012551
0.0065094
0.026418
0.026382
-0.010192
-0.021431
-0.021413
-0.0036937
0.013404
-0.039526
0.39054
0.99383
0.99722
0.38324
-0.43037
-0.32614
-0.44298
-0.44436
-0.50139
-0.27417
-0.34225
-0.49899
-0.82235
-0.83381
0.089788
-0.60155
-1.0345
-1.026
0.98484
1.8231
1.6234
0.1782
0.18154
0.13093
0.0050618
0.10907
-0.0082084
-0.0060063
-0.064127
-0.1526
-0.038766
0.0945
0.12261
0.15015
0.135
0.076486
0.19463
0.28521
0.021017
-0.052002
-0.094076
-0.093889
-0.51844
-0.29684
-0.24882
-0.17218
-0.17211
0.011631
-0.002282
-0.0071291
-0.040438
-0.040422
0.04938
-0.012274
0.062851
-0.014007
-0.086846
-0.058055
-0.05805
-0.051957
-0.071722
0.0036256
0.042766
0.00042765
-0.034109
-0.034084
0.076835
0.10583
0.10585
-0.021641
-0.035146
0.02953
-0.018698
-0.018713
-0.064878
0.014534
0.0064364
0.015923
0.011864
0.011867
-0.0072632
0.037657
0.037631
0.05241
0.055939
0.064887
0.009313
0.009326
0.0025262
0.026228
0.33397
1.1005
1.0988
0.035488
0.48035
-0.07176
0.57176
0.57158
0.049349
-0.51432
-0.29395
-0.71076
-0.71093
-1.1299
0.059078
-1.1764
-0.089159
-0.28982
-0.26057
-0.26047
0.028658
0.080996
0.021536
-0.099487
-0.099518
-0.060665
-0.027647
0.032171
0.070712
0.070699
0.10171
0.11275
0.059798
0.013351
-0.12947
-0.12991
0.0058732
-0.089333
-0.0085036
-0.0043365
0.12239
-0.13727
-0.0023583
0.036004
0.035859
0.031727
0.050574
-0.014234
0.015723
0.015681
0.034405
0.010805
0.020179
0.03991
0.06985
0.069882
