0.3064
0.29409
0.2793
0.26895
0.30173
0.27357
0.29659
0.27804
0.29278
0.2814
0.27819
0.31578
0.29704
0.27776
0.30147
0.28047
0.29451
0.29479
0.28999
0.29736
0.29942
0.30485
0.29773
0.27417
0.30027
0.27841
0.29701
0.27867
0.27627
0.29344
0.2914
0.28281
0.29669
0.28243
0.28259
0.28652
0.28939
0.28517
0.299
0.26459
0.29662
0.29312
0.28898
0.29742
0.2872
0.28745
0.30035
0.2752
0.29522
0.29515
0.2803
0.29928
0.28295
0.30309
0.28415
0.28244
0.29688
0.25614
0.27202
0.29675
0.2703
0.28274
0.29801
0.28284
0.29701
0.28558
0.2863
0.29784
0.289
0.28314
0.29632
0.28944
0.27701
0.29597
0.29084
0.2831
0.30458
0.29613
0.2985
0.28187
0.29501
0.27187
0.2973
0.29098
0.29009
0.28817
0.30351
0.2761
0.28033
0.29484
0.26904
0.30165
0.27955
0.30144
0.30975
0.27444
0.26769
0.27903
0.27768
0.29915
0.28263
0.27242
0.29699
0.27026
0.28286
0.28247
0.28883
0.29808
0.28217
0.28509
0.28078
0.29187
0.25164
0.28241
0.28395
0.29978
0.2747
0.30015
0.29585
0.2814
0.27147
0.30531
0.2826
0.29969
0.26866
0.29398
0.28478
0.28246
0.30537
0.27957
0.30207
0.28239
0.28214
0.27424
0.28002
0.26355
0.28565
0.28056
0.28938
0.29291
0.28017
0.29164
0.27635
0.30385
0.30484
0.28268
0.29841
0.28162
0.28568
0.27993
0.29456
0.30144
0.28107
0.28179
0.28667
0.28113
0.29903
0.28761
0.26976
0.30244
0.29697
0.28365
0.29438
0.27477
0.29616
0.2787
0.29679
0.30579
0.29528
0.2729
0.29843
0.28013
0.30566
0.27909
0.29755
0.2924
0.28228
0.30218
0.30307
0.27965
0.28502
0.28196
0.28897
0.28052
0.29216
0.28791
0.2834
0.2826
0.28165
0.28037
0.29896
0.27482
0.27631
0.29739
0.28366
0.25787
0.29254
0.28227
0.30448
0.29579
0.28117
0.30663
0.28309
0.2831
0.31161
0.25223
0.30249
0.29734
0.2827
0.29629
0.28687
0.29541
0.275
0.28028
0.2877
0.29718
0.28527
0.29629
0.27782
0.28142
0.30379
0.2702
0.29298
0.28748
0.27276
0.29534
0.28112
0.29627
0.29781
0.28765
0.29243
0.27741
0.27681
0.29579
0.30046
0.28266
0.29696
0.28227
0.29512
0.26945
0.30232
0.29723
0.27469
0.29815
0.29717
0.27357
0.29888
0.28014
0.27957
0.28739
0.29615
0.27727
0.28618
0.28056
0.28347
0.28438
0.29512
0.27569
0.31822
0.30808
0.29958
0.27891
0.298
0.29705
0.27706
0.29591
0.27543
0.31106
0.25746
0.28139
0.29529
0.28022
0.29685
0.27791
0.30487
0.31041
0.30337
0.29035
0.27283
0.29792
0.28707
0.29458
0.27963
0.28794
0.29646
0.28263
0.30128
0.28449
0.29751
0.27369
0.29462
0.27041
0.27684
0.29847
0.29531
0.28548
0.29486
0.28979
0.29909
0.29727
0.28967
0.29806
0.28391
0.28158
0.28536
0.27346
0.29514
0.28011
0.30377
0.3025
0.28188
0.29707
0.29594
0.27042
0.29648
0.27667
0.27442
0.2844
0.27591
0.28037
0.30109
0.28149
0.29845
0.28906
0.29886
0.2981
0.27638
0.29659
0.28922
0.27357
0.29763
0.2977
0.27792
0.29226
0.27646
0.27268
0.31117
0.28411
0.29143
0.28074
0.2817
0.29956
0.2949
0.27888
0.29925
0.2834
0.27861
0.29765
0.28751
0.28793
0.28082
0.2919
0.27055
0.31112
0.26915
0.28816
0.27988
0.28857
0.2795
0.27797
0.2921
0.27034
0.27816
0.3035
0.29117
0.29691
0.28226
0.28984
0.28263
0.29665
0.31192
0.28335
0.29805
0.28436
0.28441
0.29335
0.28721
0.2907
0.29519
0.28992
0.28142
0.29633
0.27621
0.29712
0.28363
0.28889
0.28151
0.27788
0.28997
0.28258
0.28241
0.28552
0.28938
0.2795
0.29726
0.28409
0.29777
0.28919
0.29704
0.29788
0.27854
0.29289
0.29836
0.29872
0.2778
0.27048
0.28783
0.29639
0.28867
0.28009
0.2967
0.2882
0.29615
0.2885
0.29377
0.30079
0.29878
0.28784
0.29677
0.28964
0.28229
0.27549
0.28013
0.29816
0.30444
0.27822
0.29389
0.28077
0.29537
0.28098
0.27277
0.28191
0.28232
0.27475
0.29317
0.27665
0.29528
0.29625
0.28397
0.29546
0.27448
0.30335
0.2885
0.28018
0.29608
0.27761
0.29718
0.28106
0.28108
0.28121
0.28319
0.26621
0.29527
0.28396
0.29642
0.28432
0.28449
0.29503
0.26522
0.28025
0.3003
0.28266
0.29696
0.28535
0.28613
0.29552
0.27688
0.27996
0.29354
0.27673
0.294
0.2842
0.28363
0.28212
0.29338
0.2973
0.2832
0.28638
0.30173
0.27451
0.28072
0.28193
0.28059
0.3044
0.28087
0.28192
0.28668
0.29242
0.27756
0.28909
0.28175
0.28494
0.2619
0.29826
0.30319
0.27548
0.29615
0.28465
0.28356
0.2962
0.27853
0.2836
0.28825
0.27566
0.27157
0.2968
0.28104
0.29007
0.28124
0.29698
0.28561
0.28288
0.29687
0.27354
0.29684
0.29839
0.27444
0.29704
0.29984
0.28525
0.295
0.29283
0.28339
0.28509
0.27887
0.29324
0.28329
0.27333
0.30176
0.29342
0.29467
0.30237
0.28401
0.31922
0.27405
0.28222
0.29818
0.29709
0.28493
0.28909
0.28262
0.29593
0.27402
0.295
0.2995
0.28007
0.27663
0.2884
0.27885
0.28035
0.29506
0.28374
0.29009
0.28907
0.30558
0.29648
0.29529
0.28598
0.28062
0.29564
0.29108
0.28696
0.2948
0.30028
0.28005
0.30093
0.29436
0.27788
0.29698
0.28316
0.30368
0.27859
0.28964
0.28931
0.28178
0.28229
0.29739
0.28077
0.28394
0.30122
0.27843
0.28432
0.30087
0.28119
0.2951
0.282
0.2983
0.27438
0.30183
0.30201
0.28127
0.27887
0.29402
0.28195
0.29591
0.27713
0.27328
0.29816
0.28268
0.31382
0.28882
0.28617
0.29449
0.28013
0.29422
0.28478
0.29682
0.28938
0.29506
0.2854
0.28194
0.27926
0.25913
0.29175
0.2891
0.29224
0.29991
0.2745
0.2955
0.27948
0.30488
0.27475
0.27149
0.29574
0.29501
0.27252
0.29335
0.285
0.28229
0.28209
0.27741
0.29188
0.27871
0.27878
0.27909
0.29113
0.28735
0.29572
0.29438
0.28311
0.28667
0.28156
0.29491
0.2844
0.29387
0.30038
0.29983
0.27729
0.29544
0.27769
0.29045
0.26178
0.28113
0.295
0.29583
0.27943
0.29566
0.27904
0.29837
0.28226
0.29327
0.29135
0.28102
0.29472
0.28782
0.28302
0.29595
0.2907
0.27471
0.29277
0.29074
0.2776
0.28154
0.29239
0.29899
0.27947
0.29025
0.29403
0.27531
0.30924
0.28701
0.28301
0.29241
0.2822
0.2923
0.29739
0.27924
0.28501
0.29764
0.31522
0.29613
0.28371
0.29956
0.27199
0.28162
0.29984
0.28513
0.28055
0.28492
0.28345
0.27967
0.2974
0.28248
0.29398
0.27791
0.29928
0.28708
0.29073
0.27065
0.29299
0.29637
0.28062
0.30369
0.26883
0.2939
0.26139
0.30132
0.26624
0.27858
0.28539
0.29531
0.29104
0.29757
0.27016
0.28275
0.28936
0.28066
0.27908
0.27183
0.27589
0.29325
0.2949
0.28379
0.29132
0.26743
0.27324
0.29174
0.2723
0.29476
0.27756
0.28167
0.2907
0.27339
0.29287
0.26945
0.28139
0.29428
0.27704
0.29851
0.29462
0.27819
0.30651
0.2635
0.28416
0.29549
0.2898
0.28723
0.28751
0.2813
0.28942
0.30291
0.29347
0.30217
0.27969
0.29732
0.27497
0.29694
0.27799
0.26561
0.29488
0.29666
0.27359
0.2944
0.29898
0.28258
0.28497
0.29264
0.30769
0.27011
0.27389
0.29403
0.26648
0.29679
0.29215
0.27297
0.29653
0.28724
0.2781
0.29653
0.27138
0.27886
0.28725
0.27518
0.3033
0.27033
0.2966
0.28531
0.28329
0.29008
0.28609
0.29537
0.26896
0.28159
0.30819
0.29636
0.28497
0.29714
0.27433
0.28234
0.28614
0.28018
0.26523
0.28442
0.26519
0.29849
0.29645
0.29343
0.30166
0.27305
0.29363
0.28624
0.28075
0.26855
0.29488
0.27713
0.28675
0.28025
0.28139
0.27594
0.28435
0.2901
0.2853
0.27972
0.29714
0.27352
0.29252
0.27192
0.29456
0.29402
0.27569
0.27681
0.28907
0.27631
0.30122
0.27717
0.2921
0.29757
0.26903
0.28999
0.3
0.29835
0.28014
0.29875
0.2775
0.29567
0.27511
0.2773
0.28773
0.26895
0.2927
0.27762
0.29739
0.28091
0.27912
0.30792
0.29144
0.28068
0.27676
0.28307
0.26304
0.28896
0.27506
0.27295
0.27236
0.27537
0.29633
0.2841
0.27188
0.28024
0.28588
0.26702
0.28395
0.269
0.29512
0.28561
0.27733
0.29345
0.27955
0.27798
0.28072
0.28608
0.29863
0.2731
0.26102
0.29912
0.282
0.28558
0.28841
0.28064
0.29796
0.28353
0.30823
0.27216
0.315
0.29235
0.27474
0.30225
0.28329
0.2802
0.28382
0.29684
0.28085
0.29431
0.28946
0.27788
0.30329
0.31119
0.29775
0.3032
0.28477
0.30267
0.28841
0.29399
0.27996
0.30527
0.30281
0.30365
0.27614
0.29899
0.27727
0.29497
0.27761
0.27498
0.30252
0.30271
0.2802
0.28654
0.28293
0.30117
0.27648
0.27482
0.29934
0.29453
0.27492
0.28558
0.29545
0.29717
0.28228
0.28417
0.29967
0.28246
0.26148
0.29902
0.28556
0.29572
0.28125
0.29886
0.27287
0.29624
0.29536
0.28474
0.28216
0.28457
0.29695
0.28135
0.29028
0.28587
0.29095
0.28869
0.29612
0.28297
0.30331
0.3007
0.28147
0.30736
0.27553
0.27786
0.28181
0.27669
0.28553
0.26547
0.27723
0.28014
0.26132
0.29533
0.29021
0.2711
0.27275
0.30037
0.28107
0.31213
0.29719
0.31667
0.29196
0.30836
0.28864
0.31073
0.29378
0.27504
0.29368
0.26574
0.26315
0.28842
0.27482
0.29894
0.28501
0.27436
0.30304
0.28976
0.30562
0.31036
0.29431
0.31101
0.27627
0.30244
0.3156
0.3186
0.3161
0.30741
0.27906
0.3019
0.27652
0.29292
0.2862
0.27115
0.28357
0.27336
0.27301
0.2764
0.27486
0.29476
0.29911
0.30862
0.29486
0.31362
0.29237
0.29229
0.2986
0.29764
0.28656
0.29923
0.28671
0.30011
0.29268
0.28521
0.29594
0.29989
0.27265
0.28787
0.27069
0.29321
0.28183
0.29641
0.3026
0.30382
0.27718
0.30656
0.28404
0.28864
0.30704
0.29712
0.30359
0.29405
0.2943
0.27278
0.27162
0.30084
0.28639
0.28408
0.28385
0.28566
0.24862
0.29097
0.28271
0.28631
0.27319
0.2757
0.28003
0.2786
0.3084
0.28604
0.25406
0.2808
0.29298
0.3365
0.30486
0.35788
0.35665
0.36513
0.35779
0.3471
0.36237
0.33691
0.32642
0.36003
0.38656
0.32756
0.35826
0.32371
0.32211
0.36751
0.27446
0.23077
0.20287
0.1734
0.15657
0.18918
0.29111
0.24797
0.26373
0.14745
0.1607
0.1252
0.10062
-0.014048
0
0.0014038
2.6115e-05
-0.025156
0.0023007
0
-0.011958
0.001683
-0.010639
0.002507
0.0014464
-0.0086229
-0.00010114
-0.015822
-0.01291
-0.034336
-0.01493
-0.23208
0.027881
-0.0090229
-0.093954
-0.16263
-0.22231
-0.36932
-0.48612
-0.45087
-0.30928
-0.061248
-0.10154
0.054857
0.03662
0.030847
0.048097
0.053772
0.031382
0.046404
0.04018
0.037838
0.021695
0.056221
-0.042377
-0.24076
-0.45465
-0.53167
-0.42427
-0.55215
-0.49476
-0.42732
-0.44491
-0.34672
-0.54496
-0.56819
-0.62965
-0.49891
-0.20233
-0.037437
0.074451
0.12499
0.11869
0.24775
0.27038
0.45872
0.51594
0.42282
0.28493
0.19629
0.23983
0.25746
0.16793
0.066971
0.064065
-0.23856
-0.36613
-0.69764
-0.73464
-0.8174
-0.85014
-0.70328
-0.65726
-0.4998
-0.30432
-0.018178
0.20273
0.31247
0.038972
0
-0.0087601
-0.024013
-0.0056077
0.00015108
0.00017772
0
-0.0083854
-0.0024888
-0.0049438
-0.0062683
0.00092077
-0.016925
-0.017495
0
-0.01017
0.00079714
-0.00044688
0.0034106
-0.087443
0.035797
0.055654
-0.0094854
0.0085168
-0.0053651
-0.032384
0.078274
0.16599
0.15849
0.088355
0.053725
0.037571
0.03446
0.03141
0.03193
0.032923
0.0084349
-0.074282
-0.2285
-0.37509
-0.62829
-0.59879
-0.80074
-1.0368
-1.0514
-1.1584
-1.2688
-1.175
-1.3059
-1.1224
-1.1582
-0.99021
-0.81624
-0.64714
-0.57248
-0.55031
-0.39598
-0.37192
-0.37137
-0.40747
-0.59132
-0.61001
-0.6782
-0.68416
-0.45509
-0.38158
-0.2255
-0.27666
-0.48343
-0.4002
-0.44431
-0.50259
-0.85273
-0.79188
-0.89158
-0.83089
-0.93295
-0.85084
-0.86673
-0.79685
-0.56191
-0.416
-0.41422
-0.33792
-0.27367
-0.018239
-0.0023554
0
-0.029105
0
-0.021067
0.0027709
-0.023854
-0.019332
0.00040752
-0.013131
0
-0.013023
-0.0066364
-0.011377
-0.0063191
0.00088565
0
0.0018176
0
-0.24528
-0.28
-0.3994
-0.41955
-0.40499
-0.4622
-0.19092
-0.098434
-0.057891
0.0082989
0.045442
0.021496
0.01977
0.016836
0.015286
0.024324
0.035635
0.037493
-0.039233
-0.1166
-0.39212
-0.60403
-0.69013
-0.80777
-0.924
-1.1314
-1.1508
-0.98102
-1.0216
-1.1
-1.0869
-1.1507
-1.0232
-0.93137
-0.80058
-0.82599
-0.80564
-0.72851
-0.5536
-0.41399
-0.25789
-0.23678
-0.32184
-0.52373
-0.58825
-0.52528
-0.56385
-0.51853
-0.78927
-0.74193
-0.80873
-0.8282
-0.92352
-0.87544
-1.0938
-0.99127
-1.1221
-1.0397
-1.1242
-1.1351
-1.0209
-0.72694
-0.5399
-0.59666
-0.23915
-0.15622
-0.054576
-0.091164
0.0094563
0
0
-0.0015631
-0.0010377
-0.0084201
-0.0050408
-0.0017779
-0.013281
-0.02378
0.0017877
0.00077252
-0.016474
0
-0.12665
-0.28923
-0.62821
-0.38708
-0.52047
-0.59656
-0.66392
-0.67846
-0.66252
-0.5188
-0.23735
-0.1493
-0.06958
0.02747
0.03515
0.015721
0.0058742
0.0023924
-0.017152
-0.021601
-0.037379
-0.045096
-0.88025
-0.93845
-1.0853
-1.2178
-1.3742
-1.346
-1.3783
-1.2781
-1.3155
-1.2656
-1.1099
-0.9837
-1.0327
-0.91907
-0.87685
-0.82858
-0.66609
-0.74406
-0.76775
-0.85067
-0.93189
-0.95663
-0.95676
-0.96402
-0.6737
-0.61679
-0.52305
-0.51881
-0.7352
-0.68634
-0.66219
-0.68634
-0.53409
-0.63846
-0.7095
-0.82155
-0.96784
-0.89493
-0.76283
-0.44818
-0.31947
-0.34746
-0.23412
-0.0033675
-0.036912
-0.086091
0.0035599
0
-0.011205
0.0014991
-0.015532
0.0043351
-0.0017381
-0.0056673
-0.0066762
-0.0099771
0
-0.0062267
-0.0049346
-0.01625
0
9.1214e-05
-0.0037439
-0.30962
-0.28754
-0.66359
-0.86036
-0.82336
-0.71773
-0.60773
-0.20608
-0.10796
0.024924
0.0081776
-0.0043663
0
0
0
0
0.00042402
0.0017523
0.0031439
0.01376
-0.1026
-0.32904
-0.62344
-0.90226
-1.1002
-1.0926
-1.4023
-1.2441
-1.2804
-1.2418
-1.184
-1.2307
-0.99938
-1.0411
-0.94024
-0.91535
-0.73822
-0.75979
-0.86913
-0.9401
-0.86233
-0.98454
-1.1015
-0.9398
-0.82688
-0.67943
-0.63095
-0.65146
-0.89557
-0.86746
-0.79005
-0.80707
-0.80325
-0.74053
-0.73101
-0.81734
-0.83443
-0.80483
-0.87546
-0.78276
-0.72285
-0.80628
-0.37218
-0.27831
-0.27472
-0.014452
0
0.000884
0
-0.0088281
0.0041889
-0.00206
-0.0024804
0.0018158
-0.018714
0.0013078
-0.012165
0.0035386
-0.011568
-0.02434
0.00069085
-0.012962
0
-0.0068936
-0.37627
-0.32689
-0.37641
-0.61026
-0.60044
-0.57571
-0.63109
-0.65617
-0.58212
-0.45498
-0.34463
-0.1137
-0.035298
0.017694
0.023545
0.010461
-2.4382e-05
0.0028106
-0.018139
-0.047332
-0.34321
-0.79816
-1.1002
-1.1607
-1.3436
-1.4885
-1.3669
-1.4832
-1.385
-1.3151
-1.3406
-1.1396
-1.2035
-1.2445
-1.1715
-1.2235
-1.1779
-1.0968
-1.0702
-1.0221
-1.115
-1.0837
-0.9281
-0.8437
-0.8059
-0.69442
-0.71224
-0.94115
-0.86241
-0.86593
-0.79335
-0.65096
-0.78232
-0.73955
-0.81258
-0.82608
-0.91231
-0.89766
-0.93365
-0.88567
-0.73856
-0.61338
-0.45143
-0.49999
-0.2806
-0.049469
0.027365
0.13012
0.031888
0.015838
-0.0039964
0
-0.013035
-0.0067009
0.0029841
-0.015324
-0.0024221
-0.0019555
9.0954e-05
-0.01773
-0.0071803
-0.0029674
-0.0095457
-0.3278
-0.37667
-0.94242
-1.2275
-1.4287
-1.2777
-1.3246
-1.1741
-1.0899
-1.0487
-0.82272
-0.63184
-0.52933
-0.21588
-0.15855
-0.073358
-6.3095e-05
0
0
0
0
0
-0.0026193
0.006662
0.02476
-0.16227
-0.27793
-0.25896
-0.27807
-0.43255
-0.61667
-0.56982
-0.4361
-0.4217
-0.44057
-0.08991
-0.18535
-0.19964
0.012571
0.20598
0.34965
0.29103
0.24847
0.13495
0.041121
-0.13146
0.0083747
-0.043361
-0.068016
-0.0092996
-0.067553
-0.076683
-0.073646
-0.073974
-0.041433
0.024057
-0.13053
-0.19528
-0.22286
-0.39923
-0.30828
-0.39619
-0.37459
-0.42166
-0.51178
-0.46721
-0.25442
-0.14537
0.21602
0.3479
0.42548
0.27733
0.1932
0.0094052
-0.00040852
-0.017909
-0.0085789
0
0.0020892
-0.0070976
-0.0070472
0
0
-0.0020533
0
0.0005127
0
-0.0022348
-0.011283
0
-0.28209
-0.12319
-0.31703
-0.64577
-0.98842
-0.90911
-0.9209
-0.87903
-0.89748
-0.81888
-0.67428
-0.53871
-0.47797
-0.39271
-0.30343
-0.24564
-0.16058
-0.16697
-0.22507
-0.27311
-0.27427
-0.42778
-0.46238
-0.50285
-0.64934
-0.71602
-0.7825
-0.80032
-0.82822
-0.62238
-0.62172
-0.54379
-0.34769
-0.17763
0.048955
0.029408
0.16236
0.030159
0.10833
0.20174
0.32499
0.38911
0.48179
0.38499
0.35959
0.3654
0.27229
0.4199
0.48819
0.5449
0.6324
0.7168
0.72471
0.70923
0.63773
0.61696
0.6658
0.62167
0.63799
0.62902
0.46199
0.41092
0.3065
0.34923
0.60618
0.63679
0.57534
0.378
0.22201
0.072675
0.0079003
-0.037568
0
0
-0.0065459
0
-0.0009863
0
0
0
-0.0014565
-0.0025433
-0.011396
-0.0057578
-0.0055984
-0.0012714
-0.27072
-0.09278
-0.43576
-0.66832
-0.84135
-0.8418
-0.82488
-0.60167
-0.45847
-0.39866
-0.35204
-0.31811
-0.36225
-0.42635
-0.35015
-0.31837
-0.16275
-0.13484
-0.082833
-0.051868
-0.043713
-0.047592
-0.087151
-0.080846
-0.13021
-0.18374
-0.2431
-0.21739
-0.28036
-0.20025
-0.013129
-0.053313
-0.003197
0.12716
0.14172
0.2681
0.28423
0.34351
0.42102
0.41116
0.4576
0.57844
0.58813
0.69358
0.6885
0.6388
0.68598
0.66348
0.76492
0.77823
0.6159
0.61742
0.48225
0.46669
0.54456
0.52866
0.49231
0.52433
0.40228
0.35617
0.32021
0.28901
0.3048
0.2879
0.28519
0.35938
0.3225
0.35665
0.42068
0.48324
0.54626
0.52816
0.38539
0.19575
0.08986
-0.0036277
0
0
0.00030558
-0.0024127
0
0
-0.00060166
0
0.00039889
0.0014871
0.00098251
0
-0.00084422
0.00065371
0.0022028
-0.050972
-0.014894
-0.15561
-0.2592
-0.32531
-0.26055
-0.2058
-0.20262
-0.0033206
0.038067
0.11454
0.18448
0.118
0.10464
0.02776
0.044289
0.046156
0.056219
0.038956
0.04842
0.059833
0.071254
0.1017
0.17337
0.19789
0.20479
0.20394
0.24277
0.30226
0.36653
0.38804
0.39847
0.43345
0.47129
0.59232
0.67763
0.71995
0.81058
0.84472
0.94561
0.94932
1.0478
1.0004
0.97152
0.99534
0.92389
0.86489
0.88864
0.75347
0.68273
0.70277
0.79479
0.73272
0.78311
0.72334
0.78542
0.75789
0.74093
0.76943
0.81183
0.71618
0.69518
0.70099
0.65722
0.67443
0.62658
0.57844
0.42254
0.22227
0.095912
0.013564
0
0
0
0
0
-5.8379e-05
0
0.00038748
0
0.00029904
0
0.001668
0
0
-0.00013898
-0.014725
-0.014059
-0.015437
-0.014164
0.0085396
0.18693
0.34215
0.36608
0.26023
0.11537
0.062023
0.066021
0.095182
0.094859
0.061498
0.020286
0
0
0
0
0.009808
0.01944
0.017752
0.011219
0.10246
0.17058
0.18505
0.17798
0.27447
0.29711
0.3379
0.34993
0.38745
0.43386
0.49222
0.63085
0.64453
0.70769
0.79305
0.78078
0.89777
0.88582
0.90223
0.98483
1.0234
0.71889
0.73643
0.70969
0.68705
0.69866
0.63198
0.63988
0.62166
0.6108
0.67902
0.72283
0.72507
0.78106
0.70589
0.77874
0.74234
0.71245
0.70965
0.70064
0.61444
0.63792
0.62646
0.62524
0.5875
0.582
0.34416
0.19064
0.023332
-9.2398e-05
0.0096315
0.00099927
0.0026243
1.254e-07
0
0.0013288
0
0.0027599
0
0.0053365
0.0053138
0.030535
0.030191
0.038715
0.079835
0.13588
0.20673
0.2515
0.25991
0.3101
0.174
0.064556
0.046388
0.02875
-0.01013
-0.030307
-0.030119
-0.0015346
-0.01428
-0.019131
-0.0079904
-0.037642
-0.032558
-0.03827
-0.050062
-0.041208
-0.056916
-0.085854
-0.0036024
0.13737
0.16837
0.20301
0.30033
0.44044
0.45518
0.50053
0.51879
0.62832
0.64533
0.75015
0.77686
0.95781
0.99328
1.0574
1.1393
1.0665
1.0908
1.0685
1.1433
1.0659
0.83053
0.87356
0.80121
0.85141
0.79359
0.7555
0.81057
0.80926
0.84162
0.81363
0.86347
0.78077
0.82787
0.80492
0.73825
0.68816
0.71753
0.62227
0.5454
0.49497
0.3964
0.28712
0.13484
0.026367
0.0042209
0.0024359
0.0033667
0
0
1.9114e-05
0.00019131
0.00033838
0.0045979
0.0011613
0.0051452
0.00062891
0.0029346
0.0074213
0.005207
0.0025245
0.040095
0.03769
0.10752
0.38788
0.41107
0.42847
0.36621
0.23776
0.18537
0.10704
0.065663
0.070112
0.038686
0.015663
3.2368e-06
0
-0.00041074
0
0.0013199
0.00015665
0
0
0
0.00097102
-0.0045001
-0.013856
0.084291
0.28453
0.37611
0.39529
0.47472
0.56854
0.5328
0.54005
0.5985
0.59988
0.59637
0.73604
0.693
0.77539
0.71655
0.73101
0.69238
0.71844
0.76096
0.7243
0.70179
0.74125
0.66102
0.60592
0.55564
0.54194
0.48408
0.47781
0.48263
0.6423
0.68953
0.71474
0.753
0.73065
0.72777
0.80594
0.7802
0.78116
0.82714
0.65265
0.66496
0.635
0.58034
0.48588
0.36443
0.20557
0.060271
0.0059327
0
0.0054036
0.0055348
0.0010399
0.0043383
0.005723
0.0013084
0.0025518
0.00029177
0.0047403
0.00012409
0.0014931
0
0
0.00059126
0.0025804
0.0015644
0.0079985
0.070694
0.22404
0.23052
0.21272
0.23014
0.027449
0.01427
0.00023584
0
0
0.00051401
0.00047404
0.00058624
0
0.00093254
0.0004403
0.01783
0.080466
0.18184
0.3849
0.44481
0.51131
0.55173
0.59984
0.67927
0.68597
0.64108
0.73928
0.70944
0.76962
0.73273
0.79613
0.75873
0.76349
0.81572
0.81387
0.76053
0.79745
0.75356
0.72497
0.74995
0.74128
0.70803
0.71701
0.59348
0.58836
0.5128
0.47354
0.51667
0.52359
0.59718
0.61188
0.65603
0.633
0.71924
0.6888
0.70257
0.72428
0.6471
0.55427
0.58848
0.42567
0.39903
0.37788
0.16903
0.059451
0.0067701
0
0.0058712
0.0013137
0.0019586
0.004464
0.0015981
0.0059833
0.0018176
0.0062465
0.0037288
0.0036781
0.00083053
0.0024209
0.0038278
0.0035252
0.000525
0.0043436
0.083276
0.14059
0.41219
0.40772
0.32768
0.28948
0.18586
0.15247
0.12917
0.066749
0.01585
0.0046339
0
0
0.0017522
0.0069004
0.013806
0.014394
0.033349
0.090339
0.12315
0.35342
0.48081
0.61004
0.59762
0.60817
0.75019
0.7267
0.65277
0.73724
0.70078
0.73217
0.77334
0.76149
0.78782
0.7862
0.71901
0.74428
0.72692
0.73762
0.68173
0.71203
0.76298
0.74846
0.74193
0.75868
0.61198
0.5732
0.488
0.45771
0.50763
0.59873
0.59874
0.65194
0.65585
0.61321
0.68687
0.69177
0.72396
0.74008
0.67341
0.54634
0.48247
0.46091
0.39149
0.30219
0.13612
0.065806
0.01146
0
0.0086923
0.0012273
0.00073638
0.0060974
0
0.0040552
7.6474e-05
0.00024631
0.00092763
0
0.0022247
0.00097434
0.00065289
0.00070079
0.00032957
0.00056757
0.032495
0.10852
0.36818
0.4768
0.47299
0.40339
0.11349
0.075459
0.020247
0.0036933
0
0.00011594
0.0048192
0.0045519
0.006215
0.0043384
0
0.0045211
0.0025432
0.006701
0.077402
0.10112
0.32447
0.46571
0.56955
0.5954
0.56781
0.64548
0.63766
0.72443
0.72163
0.82288
0.7857
0.82832
0.76176
0.81557
0.78094
0.78021
0.8235
0.75655
0.80564
0.7664
0.81462
0.73905
0.69454
0.66768
0.69835
0.57892
0.54341
0.51108
0.47483
0.55024
0.5829
0.50108
0.62958
0.63251
0.70971
0.79895
0.83065
0.7637
0.79184
0.5836
0.53642
0.54099
0.42332
0.3806
0.1959
0.064531
0.00028484
0
0.018659
0.0015375
0.0012878
0.0022021
0.00057377
0.0049663
0.0056804
0.0010382
0.003056
0.0043226
0.0019393
0.00075615
0.0023907
0.0040508
0.0010271
0.045691
0.023664
0.12888
0.22402
0.36164
0.39048
0.3714
0.36863
0.2897
0.24534
0.16052
0.082105
0.067617
0.059825
0.021693
0
0
0.00050714
0.00019359
0.0014248
0
0
0.0073978
0.017423
0.44005
0.62402
0.59551
0.66782
0.66211
0.68182
0.69383
0.72269
0.79907
0.81551
0.73026
0.81045
0.7656
0.76466
0.81917
0.83127
0.77927
0.81088
0.74441
0.81136
0.75188
0.78431
0.74485
0.73997
0.65423
0.62396
0.46773
0.46787
0.5032
0.48571
0.57446
0.54745
0.66271
0.69388
0.69183
0.76271
0.70866
0.79098
0.80897
0.799
0.8307
0.8506
0.75806
0.37414
0.23165
0.09791
0.014071
0.00039612
0
0
0.0014704
0.0043067
0.0060591
0.0032736
0.0065837
0.0049906
0.0004465
0.0046308
0.0033835
0.0032691
0.00061746
0.0023618
0.0049115
0.0012299
0.032767
0.035675
0.1194
0.20581
0.28314
0.25978
0.22152
0.22556
0.16118
0.085469
0.062609
0.02253
0.0026146
0
0
0
0
0.00034933
0.00074138
0
0.00019309
0
0.0045027
0.038915
0.059939
0.19134
0.35245
0.45336
0.58172
0.66282
0.67683
0.74821
0.73788
0.81854
0.74385
0.76606
0.7346
0.78355
0.72124
0.74024
0.73131
0.65743
0.67613
0.60137
0.59588
0.5827
0.54973
0.37491
0.28202
0.30493
0.37181
0.42088
0.41495
0.51965
0.51421
0.57357
0.67231
0.65726
0.7287
0.7305
0.80522
0.77063
0.80884
0.75338
0.785
0.65248
0.6405
0.55216
0.49414
0.44232
0.27536
0.0012264
0.0022909
0.0017635
0.0014565
0.0034608
0.001915
0.0019646
0.0007991
0.0038536
0.00062852
0.0019692
0
0.0035874
0.0033547
0.040946
0.036591
0.1024
0.18798
0.38416
0.37026
0.36015
0.30928
0.28275
0.27335
0.16089
0.087664
0.091551
0.04744
0.033304
0.00063601
0
0
0
0
0
0
0.0018854
0.0084202
0.075582
0.14364
0.28199
0.4542
0.57292
0.62341
0.63259
0.69396
0.76917
0.70951
0.76714
0.81128
0.8415
0.74863
0.82555
0.77547
0.82432
0.7431
0.76513
0.77514
0.70119
0.74379
0.68022
0.66538
0.64827
0.56889
0.42513
0.37262
0.45968
0.44583
0.48901
0.49267
0.59465
0.61328
0.69611
0.70271
0.69771
0.75107
0.74887
0.76166
0.88875
0.80852
0.82916
0.62422
0.57946
0.51326
0.53656
0.39497
0.24055
0.095005
0.015788
0
0.00057116
0.0013204
0.0057208
0.0044061
0.0028694
0.0078348
0.00020447
0.0011534
0.0022006
0.00022545
0.0011983
0.055513
0.055234
0.14852
0.39895
0.45986
0.50955
0.4486
0.39296
0.33164
0.28707
0.16345
0.072943
0.037743
0.0033276
0
0
0
0
0.0013826
0.0010468
0.00087167
0
0
0
0
-0.061486
-0.042455
0.14284
0.39489
0.56637
0.55946
0.54871
0.59694
0.61999
0.62493
0.79291
0.78543
0.7888
0.85391
0.82504
0.77456
0.76682
0.81254
0.73422
0.78703
0.78015
0.68423
0.68304
0.6963
0.60804
0.57783
0.58975
0.68393
0.62455
0.67702
0.74655
0.71348
0.75534
0.82608
0.85346
0.80639
0.93389
0.89658
0.94959
0.86595
0.88831
0.72333
0.64015
0.60527
0.58474
0.49383
0.29969
0.10837
0.017699
0
0.00099058
0.00079787
0.00038808
0.0010404
0.0046903
0.0031111
0.0016636
0.0050519
0.005486
0.00044724
0.00026065
0.016763
0.056801
0.20469
0.39753
0.51059
0.58002
0.45271
0.46808
0.36482
0.3256
0.24243
0.14041
0.098576
0.037086
0.002577
0
0
0.0012806
0.00071898
0.00020586
0
0.00037459
0
0.00029737
0.03947
0.11759
0.21152
0.45715
0.56782
0.6531
0.67588
0.67627
0.74821
0.71399
0.83148
0.78069
0.85647
0.80436
0.81205
0.83029
0.77544
0.80917
0.77748
0.7693
0.80693
0.72493
0.71533
0.71215
0.6765
0.59656
0.57298
0.6465
0.60293
0.62342
0.57618
0.63275
0.71368
0.7144
0.76191
0.78411
0.75068
0.82194
0.74989
0.83583
0.84835
0.75289
0.64078
0.56706
0.45223
0.4365
0.0014105
0.0016767
0.00084497
0.0029196
0.0015321
0.0048524
3.6702e-05
0.0042783
0.0021664
0.0026927
0.0033724
0.00097123
0.0045352
0.0034113
0.0024659
0.00070363
0.027111
0.10241
0.20543
0.44105
0.58153
0.55446
0.4961
0.43615
0.33463
0.30534
0.21601
0.1404
0.077723
0.04
0.0019775
0
0
0
0
0
0
0.048555
0.13753
0.34223
0.48708
0.53204
0.62439
0.59029
0.65524
0.6439
0.66593
0.79627
0.73716
0.82853
0.75337
0.82051
0.7735
0.81125
0.82482
0.79682
0.77979
0.72172
0.76197
0.7109
0.71869
0.63302
0.65002
0.50336
0.54153
0.52691
0.50139
0.59302
0.63605
0.75983
0.80761
0.78392
0.83815
0.80813
0.86956
0.88871
0.81925
0.82618
0.70093
0.54058
0.54533
0.54302
0.33477
0.16782
0.076247
0
0
0.002309
0.0016462
0.0021627
0
0.0068899
0.0047831
0.0013759
0.0035759
0.0021234
0.0036202
0.0015765
0.0021777
0.0015023
0.0042932
0
0.019744
0.50517
0.54697
0.52124
0.4704
0.41018
0.31659
0.22911
0.0945
0.069382
0.028349
0.0012706
0
0.0021696
0
0
0
0
0
0
0
0.00089033
0.0077909
0.16338
0.14189
0.3886
0.56969
0.62231
0.67571
0.73467
0.70936
0.73447
0.85338
0.85663
0.89756
0.84618
0.91488
0.89695
0.81151
0.82251
0.83329
0.79782
0.75579
0.59911
0.56283
0.52462
0.40937
0.32159
0.41169
0.55364
0.54217
0.55486
0.62505
0.67417
0.71462
0.77552
0.81997
0.91243
0.90454
0.95097
0.93975
0.95875
0.91855
0.69733
0.67115
0.64072
0.57759
0.48693
0.2552
0.0027918
0.0020467
0.005773
0.0015909
0.0043437
0.0062064
0.0020113
0.0045086
0.0059748
0.00052937
0.005108
0.0020042
0.00027204
0.0029516
0.047599
0.16378
0.29258
0.5181
0.63551
0.57588
0.56797
0.48392
0.46386
0.42226
0.27142
0.10497
0.10348
0.035635
0
0
0.00047296
0.0017505
0.0033966
0.00019869
0.00021646
0.0021318
0.0017277
0.0009526
-0.03267
-0.12495
-0.23506
0.051457
0.13529
0.28242
0.48402
0.52755
0.58126
0.58285
0.59812
0.70941
0.81768
0.83646
0.89269
0.90571
0.8447
0.87086
0.78684
0.80078
0.75448
0.81885
0.77581
0.69201
0.65135
0.63692
0.55058
0.532
0.53475
0.48136
0.47098
0.47201
0.56982
0.59109
0.69815
0.65219
0.80408
1.0134
0.99272
0.98364
1.0422
0.90393
0.78913
0.7436
0.69694
0.60635
0.54222
0.36599
0.1613
0.036349
0
0
0.00086413
0.0030956
0.0058669
0.0033869
0.005526
0.0030622
0.0014821
0.0047414
0.0054088
0.0043953
0.00037544
0.0027636
0
0.0021461
0.013
0.52933
0.45606
0.40827
0.37918
0.27971
0.20084
0.10753
0.070281
0.013193
0.0039908
0
0
0.00095564
0
0.0011562
0
0
0
0
-0.003738
0.032557
0.17109
0.2084
0.51108
0.61184
0.67766
0.74153
0.71431
0.74894
0.80459
0.9079
0.89834
0.9328
0.87908
0.9091
0.84312
0.87916
0.83717
0.83865
0.8296
0.79619
0.76324
0.75588
0.67463
0.63652
0.37969
0.33693
0.44924
0.49021
0.55832
0.5815
0.63468
0.7147
0.8324
0.81195
0.90327
0.90488
1.0347
1.0513
0.94838
0.98062
1.0043
0.76348
0.75772
0.61364
0.6226
0.5138
0.34749
0.17626
0.073302
0
0.00085728
0.0043725
0.0020128
0.00076879
0
0.0054017
0.0056152
0.0036509
0.0058605
0.0031572
0.0026555
0.0021292
0.00084576
0.0015021
0.0048929
0.068687
0.12013
0.49424
0.56532
0.6384
0.63415
0.66323
0.1308
0.093229
0.025255
0.0008953
0
0
0.0020675
0.0014396
0
0
0
0
0
-0.0059267
-0.09708
-0.077172
0.20998
0.22306
0.40576
0.65415
0.65647
0.76444
0.70516
0.76751
0.82272
0.8395
0.90987
0.91653
0.90267
0.92957
0.84915
0.821
0.85762
0.78149
0.77201
0.81625
0.7293
0.65839
0.64859
0.568
0.62123
0.53573
0.53432
0.49062
0.55466
0.62331
0.62727
0.638
0.79947
0.78252
0.88854
0.98028
1.034
1.0807
1.0237
1.0594
0.78033
0.72591
0.72025
0.60283
0.567
0.36953
0.18334
0.048767
0
0
0
0.0018177
0.0095073
0.0072893
0.0048245
0.003722
0.0028618
0.0023064
0.01018
0
0.0033309
0.00051618
0.0033125
0.0015327
0.0019337
0.037042
0.060814
0.28489
0.36499
0.43676
0.40933
0.47734
0.43263
0.38084
0.25125
0.17097
0.12943
0.084316
0.05242
0.0040074
0.0018002
0
0
0
0.012234
0.050942
0.057469
0.093949
0.84598
0.88694
0.94281
0.94684
0.93511
0.9849
1.0653
0.97954
1.0867
1.0329
1.0232
1.0775
0.9855
1.0351
0.94558
0.978
0.90011
0.94247
0.8608
0.85122
0.85395
0.92968
0.85698
0.85201
0.80272
0.68563
0.68418
0.65243
0.6761
0.69585
0.65763
0.76705
0.79487
0.83397
0.82076
0.83514
0.81304
0.87323
0.85187
0.90835
0.86997
0.89942
0.627
0.49679
0.47443
0.3825
0.17009
0.060936
0.0030501
0.00010036
0.0080318
0.0043948
0.0010523
0.0021681
0
0.0029867
0.0047729
0.003146
0.0033513
0.0013476
1.6887e-05
0.0073878
0.086668
0.12414
0.19679
0.55566
0.64504
0.75507
0.84461
0.79913
0.76426
0.60835
0.53787
0.4316
0.41399
0.22856
0.16222
0.081946
0.040788
0.00093021
0
0
0
0
0.006036
0.010507
0.024433
0.10637
0.18382
0.31237
0.56751
0.7346
0.78279
0.81146
0.80908
0.88249
0.81324
0.88311
0.97134
0.94922
1.0248
0.9773
1.0294
0.92084
0.90553
0.9614
0.93649
0.92741
0.88385
0.92876
0.92275
0.87971
0.80141
0.75756
0.7894
0.69089
0.78393
0.73227
0.8079
0.78677
0.79506
0.80328
0.77881
0.80323
0.76623
0.84978
0.82913
0.79785
0.81646
0.5767
0.44549
0.39309
0.29448
0.14119
0.053102
0
0
0
0.00069364
0.0045069
0
0.0015881
0.0021288
0.0028181
0.0044286
0.0013911
0.0072782
0.0062084
0.00083641
0.0036959
0.0036598
0.0039035
0.076709
0.073828
0.26238
0.52994
0.74778
0.70889
0.57155
0.52758
0.39944
0.35638
0.16183
0.11396
0.046722
0.0020784
0
0
0
0.0024815
0.0041485
0.00035575
0
0.00040613
0.000463
0.029171
0.13843
0.23095
0.41756
0.54198
0.66724
0.69097
0.75538
0.67472
0.70481
0.79083
0.86381
0.7908
0.88214
0.8221
0.79338
0.85297
0.80388
0.81207
0.73057
0.67028
0.67447
0.56456
0.49576
0.53687
0.51566
0.3904
0.47725
0.50775
0.56739
0.76032
0.73184
0.75488
0.88213
0.89613
0.87879
0.98902
0.93174
0.96852
0.89813
0.85117
0.90258
0.81473
0.72653
0.63569
0.52293
0.38852
0.18377
0.06457
0
0.0072914
0
0.0032067
0.0010417
0.0071607
0.004
0.0029886
0.00092013
0.00036097
0.0020033
0.002424
0.002147
0.0039015
0.0024274
0.19161
0.20724
0.45856
0.58333
0.753
0.78738
0.50634
0.41763
0.30022
0.14868
0.030769
-0.0067949
0
0
0.00010159
0.0010292
0.0010032
0
-0.00013553
0
0
-0.0041697
-0.032245
0.035899
0.25329
0.3739
0.44898
0.48795
0.67443
0.72567
0.71501
0.76673
0.7222
0.74849
0.70518
0.7082
0.80464
0.86798
0.98755
1.0641
0.98448
0.98428
1.0681
0.96119
0.958
1.0798
1.0467
0.9845
0.8626
0.84539
0.82736
0.81135
0.93755
0.98956
0.9916
0.945
1.0357
1.1143
1.1389
1.1895
1.0073
0.9689
0.84847
0.82358
0.56324
0.42062
0.31541
0.099629
0.043829
0
1.9355e-05
0
0.0010978
0.00017746
0
0
0.002456
0
0.0020299
0.0043099
0.00098197
0.0072002
0
0.0065035
0.0010885
0
0.0066312
0
0.16175
0.15451
0.29425
0.36596
0.47374
0.54046
0.46532
0.24158
0.17779
0.10347
0.087041
0.069538
0.0097112
0.00046354
0
0
0
0
0.0069549
0.0528
0.16416
0.29836
0.52715
0.75354
1.0033
0.96811
1.1277
1.0724
1.148
1.2331
1.2111
1.2446
1.2784
1.2136
1.3019
1.1616
1.1179
0.84752
0.85595
0.78853
0.84216
0.73572
0.71063
0.81606
0.53701
0.55508
0.59784
0.60798
0.73735
0.70259
0.74265
0.8309
0.8514
0.9374
1.0977
1.0034
1.0922
1.1434
1.154
1.257
1.1358
1.1114
0.82909
0.75899
0.74644
0.55846
0.37072
0.20627
0.074705
0.0017131
0
0
0.001847
0.0028649
0.00092629
0.003259
4.6526e-05
0
0.0018952
0.0039826
0
0.14322
0.16678
0.45261
0.88661
1.0578
1.1098
1.057
0.99885
0.87452
0.71479
0.66044
0.46202
0.27487
0.18597
0.031954
0.00096949
0.00039316
0.00038127
0
0.0015704
0
0.0010496
0
0
0
0.0006726
-0.0039563
-0.021052
0.11126
0.48012
0.4604
0.73889
0.90257
0.96336
0.9611
0.99261
0.94875
1.1299
1.1587
0.93841
0.92052
0.92081
0.80918
0.83462
0.76535
0.72893
0.73444
0.65234
0.55794
0.58517
0.54983
0.57211
0.69625
0.82119
0.82312
0.81744
0.91729
1.0886
1.0488
1.1491
1.0935
1.1598
1.3283
1.3088
1.2674
1.2195
1.1438
0.99213
0.78818
0.80186
0.65687
0.52049
0.17488
0.1002
0.0066184
0
0.01491
0.0061571
0.0028635
0.0016969
0.007737
0.0035908
0.0047246
0.0044625
0.0027219
0.0030893
0.003406
0.0026941
0.16404
0.099628
0.18489
0.48872
0.54633
0.55009
0.52123
0.57321
0.55648
0.49698
0.32134
0.18993
0.10677
0.050395
0.007022
0.00069079
0
0.00031849
0.00043412
0.0026591
0
0.0007938
0.00063834
0.00049576
0.0035724
0.080824
0.31786
0.40063
0.68678
0.92949
1.0287
1.1982
1.106
0.98825
1.0539
1.1815
1.1474
1.271
1.1788
1.0893
1.0371
1.0088
1.0206
0.93668
0.87159
0.79694
0.76671
0.59076
0.56304
0.52763
0.503
0.64253
0.72945
0.68839
0.73976
0.84963
0.89503
1.0171
1.047
1.1528
1.1349
1.1503
1.2835
1.2273
1.2968
1.123
0.88029
0.86708
0.75004
0.59967
0.39831
0.16095
0.10695
0.010998
0
0.0054716
0.0069627
0.0039603
0
0.0044005
0
0.00502
0
0.0032758
0.0019352
0.0023421
0.0025777
0.0043813
0.0020713
0.0054183
0.13247
0.13174
0.23239
0.46503
0.58029
0.5188
0.28812
0.17421
0.10914
0.053874
0.015648
0
0
0.0020915
0
0.0031492
0.00020079
1.1102e-05
0.00075273
0.0010598
0.053541
0.15331
0.25393
0.55244
0.78885
0.9647
1.1143
1.2934
1.2097
1.095
1.1026
1.259
1.2168
1.2431
1.3202
1.0808
1.049
1.0992
0.99252
0.98063
0.87286
0.77396
0.79953
0.83523
0.74348
0.87632
0.80101
0.68395
0.56269
0.52314
0.86812
0.92809
0.94787
1.0918
1.0424
1.0811
1.157
1.3085
1.3189
1.1176
1.2014
1.2251
0.97191
0.82641
0.82297
0.60309
0.35919
0.18562
0.092492
0.00047468
0
0.0018582
0.0084959
0.00034355
0.0013434
0.0069571
0.0034281
0.0047949
0.007524
0.005599
0.0024101
0.0024365
0
0.0051227
0.002984
0.0030314
0.065929
0.10467
0.45944
0.62156
0.72737
0.84254
0.75485
0.79812
0.64849
0.59828
0.40394
0.22137
0.14215
0.057373
0.0055596
0
0
4.3684e-05
0.00165
0.0046022
0
0.00090441
0
0
0
-0.006629
0.080046
0.3467
0.42284
0.70794
1.0009
1.0277
1.0739
1.1705
1.1951
1.1643
1.1617
1.1171
0.93062
0.96745
0.89241
0.81203
0.81661
0.72947
0.62351
0.56291
0.50069
0.49456
0.48254
0.54676
0.49956
0.42239
0.58531
0.64733
0.71132
0.82243
0.85978
0.99272
1.0783
1.1863
1.3002
1.2628
1.3445
1.4453
1.422
1.3972
1.2073
0.98123
0.9799
0.82428
0.63365
0.41327
0.20805
0.11212
0.0066293
0
0.038755
0.0048559
0.0083267
0.0014151
0.0053942
0.00042956
0.0064306
0.0041422
0.0052689
0.0012357
0.0080835
0.0074763
0.00083581
0
0.0020437
0.0018241
0.012774
0.048113
0.1277
0.23241
0.31524
0.26559
0.26267
0.22177
0.24015
0.2167
0.12798
0.03304
0.019525
0.010046
0.0040478
0
0.0013216
0
0
6.3111e-05
0.00071634
0.0014866
0.056972
0.15824
0.29121
0.62399
0.89047
1.2381
1.1713
1.2533
1.3052
1.2777
1.1187
1.2829
1.2095
1.1572
1.0127
1.1362
1.0285
1.01
0.92206
0.8548
0.88074
0.75769
0.67292
0.58771
0.57063
0.59207
0.53704
0.42997
0.43841
0.54084
0.63479
0.65428
0.71593
0.79363
0.89619
1.1595
1.1866
1.1727
1.3764
1.2493
1.2841
1.4132
1.2056
1.1371
1.0508
0.82027
0.85045
0.54259
0.42636
0.22427
0.078226
0
0.00032853
0.0077907
0.0095099
0.0032842
0.00136
0.010218
0
0.0017959
0.0080787
0.0064118
0.0010675
0.0042255
0.0036224
0.045744
0.067535
0.12495
0.21399
0.3144
0.31263
0.26393
0.28951
0.2556
0.27158
0.14049
0.068024
0.020529
0.015642
0.0096149
0.001626
0
0
0
0
0
0.0093376
0.053112
0.14257
0.24535
0.54659
0.77651
1.0958
1.236
1.213
1.196
1.1993
1.1306
1.1976
1.195
1.2169
1.2769
1.2017
1.1302
1.0676
1.0579
1.0945
0.98579
0.91859
0.77164
0.72503
0.59168
0.56314
0.49705
0.4899
0.64196
0.43132
0.3876
0.40191
0.5464
0.8884
0.87676
0.98346
1.1797
1.1492
1.3319
1.3378
1.4376
1.3914
1.4573
1.3851
1.161
0.94431
0.84211
0.84468
0.61458
0.33146
0.13274
0.012343
0
0
0.00015858
0.010547
0
0.002914
0.00061837
0.0036069
0.0017176
0.0013876
0.00031698
0.0028462
0.00095157
0.0041606
0.00017096
0.01412
0.0020243
0.0072836
0.068147
0.13827
0.23514
0.23301
0.25402
0.27423
0.24882
0.22383
0.16531
0.028746
0.00081523
0.00048693
0
0
0
0.00023889
0
0
0
0.0006043
0
0.0015193
0.085108
1.0998
1.1981
1.2129
1.0485
1.175
1.1835
1.2036
1.1274
1.1727
1.0042
1.0112
0.99009
0.94709
1.0219
0.95646
0.98416
0.90272
0.87635
0.78046
0.73069
0.66652
0.54916
0.45555
0.25878
0.19711
0.21147
0.22984
0.29904
0.36365
0.40082
0.50278
0.65837
0.68488
0.85393
1.0491
0.9279
0.92039
0.96591
0.93625
0.80513
0.92763
0.80357
0.77381
0.59874
0.50293
0.24867
0.072646
0.0020087
0.0019776
0.0047956
0.0011543
0.00061648
0.00049116
0
0.0054436
0
0.0058796
0.0014837
0
0.0012658
0.014129
0.23756
0.34341
0.6932
0.79169
0.88204
0.82411
0.93346
0.83751
0.69381
0.56353
0.35986
0.1788
0.10906
0.046896
0.016494
0.0012743
0
0
0
0
0
0
0
0
0
0.019104
0.050809
0.24726
0.32571
0.51181
0.71974
0.81259
0.88611
0.99573
0.95584
1.1183
1.1472
1.0572
1.1117
1.0556
1.0587
0.87052
0.91599
0.84728
0.88451
0.87063
0.88251
0.89909
0.77107
0.76898
0.88188
0.78018
0.93883
0.95323
0.96152
0.98876
1.0599
0.91521
1.0035
0.89165
0.95675
1.009
0.93199
0.99806
0.80788
0.80502
0.75082
0.61058
0.45321
0.2759
0.12835
0.086693
0.0020095
0
0
0
0.0081282
0.0031826
0.0021039
0.0025424
0.0038796
0
0.00072569
0
0.0030871
0.0015524
0.0059009
0.0025438
0
0.005894
0.0010063
0.39234
0.3852
0.7273
0.68337
0.74256
0.59843
0.45829
0.24796
0.18138
0.09649
0.033227
0.0043038
0
0
0.00031327
0.0011355
0
0.0017158
0
0.00075216
0.11155
0.27832
0.40685
0.77463
1.0759
1.1282
1.1394
1.4632
1.3104
1.2741
1.3612
1.386
1.3789
1.4919
1.3461
1.3126
1.1688
1.1072
0.99242
0.93381
0.92634
0.86462
