0.0024813
0.0036833
-0.0020969
-0.00096333
-0.0019313
0.0013894
-0.0006486
-0.0018738
0.0013912
-0.00079906
0.00030286
0.00027368
0.00030476
0.0013912
0.00019853
-0.00073897
0.0013604
0.00040987
0.0056088
0.0012129
-0.0017994
-0.0018733
-0.0016829
0.00012323
0.0013177
0.0012425
0.00027196
0.0013911
0.0014304
0.0023308
0.0001544
0.0016038
0.0014219
0.0023152
0.0023751
0.0003423
-0.00088973
0.00036496
0.00028951
-0.0020088
0.0023341
0.0023304
0.0036141
0.0045671
0.00016937
0.001544
0.0012285
0.0012134
0.00012492
-0.0020505
0.0025691
0.0013916
0.0012284
0.0012131
0.0012132
-0.0017563
-0.0020949
-0.00087384
-0.0008136
-0.0020502
0.00028765
0.00030296
0.0002895
-0.00094918
-0.0020373
0.0024811
0.00031676
0.0010764
-0.00091617
-0.0031093
0.0026316
-0.0031256
0.00033532
0.00030121
-0.0031386
0.00040715
0.0013176
0.0026271
0.0024626
-0.00088924
0.0022996
0.0022997
-0.0031257
0.0035682
0.0045668
0.0024662
0.0012869
-0.0019315
-0.0021886
0.0012714
0.0013934
0.0024644
-0.000816
0.0012131
0.0023906
0.0024507
-0.00073854
-0.0019042
0.0026066
0.0034034
-0.0020828
-0.0018273
0.002286
0.003504
0.0012868
0.0011552
0.00019868
0.0034633
0.0024796
0.0013023
0.00034892
-0.0020374
-0.00096337
0.0012561
-0.00088973
0.0024487
0.0024797
-0.0010533
-0.0010368
-0.0022091
-0.0019627
-0.00092031
0.0013022
-0.0018164
-0.0007091
0.0023596
-0.0011088
0.0033887
0.00012552
0.0012869
0.00254
-0.0007993
0.0032593
0.0045519
0.00028913
0.0014489
-0.0030509
0.0035843
0.0036258
-0.0008895
0.002481
0.0024657
0.0036595
0.00033054
0.0013023
0.0034942
-0.00078326
0.0002146
-0.0019625
0.0012117
0.0013586
0.0035539
0.00021358
-0.0021565
-0.0018579
-0.002053
-0.00072317
0.0013777
-0.00084306
0.0046733
0.0036605
-0.00058533
0.00025893
0.0013934
-0.00093409
0.0024661
0.00025717
0.0014501
0.0035389
0.0035543
0.0022858
0.0016215
0.00015407
0.00021403
0.0044779
-0.00076787
-0.0038815
0.00014033
0.00019839
0.000303
0.00022939
0.0035987
0.0013332
0.0022273
-0.001871
0.0014844
-0.00093399
0.0021737
0.0012868
-0.00080031
-0.0041235
-0.0010406
0.00021398
0.0011236
0.00032086
0.0011702
-0.0040917
-0.0020376
0.0012712
0.0034786
0.0011364
-0.0041548
-0.0019466
0.003407
0.0013179
-0.0031668
-0.0032006
-0.0017964
1.9835e-05
-0.00087436
-0.00080099
0.0001545
0.0014803
-0.00087403
-0.0031951
-0.00080105
7.9501e-05
0.0034475
0.0026266
0.0011959
-0.0028998
-0.0020049
-0.00085873
-0.0022036
-0.0030933
0.0001981
-0.001931
0.0023905
-0.001116
0.0020733
-0.002988
-0.00094939
-0.00094798
-0.00085838
0.0022241
-0.0010372
0.00022976
-0.00071139
0.0013759
0.0025257
0.0013178
0.00028946
0.0015438
0.00027417
0.0023905
0.0013934
0.0023306
0.0012269
0.0013446
-0.0018271
-0.0018733
0.0013179
0.001227
0.0025105
0.00030315
0.0036416
-0.00087392
0.0012116
0.002286
0.00028973
0.0024059
0.0023169
0.0015285
0.0025562
0.0036259
0.0015586
-0.00085897
0.00038781
0.00030453
0.002225
0.0014796
0.00021419
0.0023905
-0.00087397
0.0012868
0.0035229
0.0025409
0.0025409
0.002541
-0.00084306
-0.00083172
-0.00091841
0.0013023
0.0034052
0.0034477
0.00022968
0.00013898
0.0002565
-0.0042708
-0.00091817
-0.0022572
-0.0010245
0.0012864
0.00118
0.00021414
-0.0042138
-0.0021256
0.00027186
0.001113
8.2148e-05
-0.0010214
0.0001574
-0.0030191
-0.0018712
0.001318
-0.0031402
0.0012708
-0.00178
-0.0020218
0.0001246
-0.0030357
-0.00096373
-0.0033797
-0.00085861
-0.0030509
0.0013336
0.00033461
0.0014087
-0.0041229
0.0011016
0.0035523
0.0010653
0.00019871
0.0002295
-0.00096474
0.0013333
0.0010611
0.0013912
0.00028964
-0.0031254
-0.0019621
-0.00094906
0.00019873
0.0023751
0.00013903
-0.0010685
-0.0010594
0.0021956
-0.00088925
-0.00099483
-0.0008443
-0.0041536
0.00025692
0.001503
0.0024643
0.0013623
0.0013604
0.0014378
-0.0031566
0.0035218
0.0034941
0.0012143
0.0001682
3.3001e-05
-0.00094779
0.0014376
0.0014339
-0.0019933
-0.00094911
0.00019845
-0.0017966
-0.0017966
0.0011553
-0.00087428
-0.0019621
0.0012136
0.0012118
0.00024471
-0.0041383
-0.004139
0.00028982
-0.00096324
-0.0040954
0.0014385
-0.0043018
-0.003007
0.0011969
0.00021431
0.00019918
-0.0041685
0.00028959
-0.0017417
-0.0010215
-0.00097831
0.00015282
-0.00081423
0.0023599
0.0012717
0.0033884
-0.00087457
0.00021376
3.35e-05
0.00015586
0.0023905
-0.00081805
0.0012302
-0.0020349
0.0012456
0.0013177
0.0024471
-0.0021831
-0.00093385
0.0012718
0.0013622
0.0013621
0.0035675
0.002435
0.0012579
0.00010989
0.00016989
0.0014082
0.0014523
-0.00081661
-0.0018871
-0.0018758
-0.00094912
3.2855e-05
0.0021549
0.0035367
0.00012342
0.0023905
0.00036476
0.0034788
0.00028945
0.0011238
-0.00096486
0.0034941
0.0026168
0.0035696
0.0013623
0.0013915
-0.00082789
0.003405
0.00015409
0.0023905
0.0025567
0.0036106
0.00034573
0.00030311
-0.00094795
8.2184e-05
-0.0019626
0.0024815
0.00021416
0.00021395
-0.00081416
-0.0017836
0.0012284
0.0012049
-0.00099639
-0.0019465
-0.0019625
0.00015418
0.0023305
-0.00081385
-0.00093126
-0.0018888
-0.00087461
0.00036497
0.0013023
0.0011207
0.00030496
-0.00078525
0.0014342
-0.001037
0.00031859
0.00036505
0.0023651
0.0023905
0.0023905
0.0026011
0.0024658
-0.00081401
0.0022248
0.0013023
-0.0019066
0.0023905
0.00015443
-0.00080097
-0.0019317
-0.00087434
-0.00087402
-0.0040923
0.0012273
0.0012869
-0.0020373
0.0033437
0.0034036
0.0016336
0.0024057
0.00037975
0.00031794
-0.00087389
-0.00087424
0.0012437
-0.0020211
-0.00085881
0.00030299
0.0013325
0.00366
0.0025535
0.00035788
-0.00088902
0.00040697
-0.0020513
-0.0020526
0.00013894
-0.0020077
-0.0007378
0.0015183
0.00028777
0.0023004
0.0011668
0.0025412
-0.0019475
0.00019939
0.00019914
-0.0018716
-0.0019625
0.00043511
0.0034938
-0.00087387
0.00030475
0.00030471
-0.00084384
0.0011366
0.0023756
0.0047779
0.0015532
0.0001405
0.00021408
0.00021431
-0.00070828
0.00034637
-0.0029771
-0.001947
0.00022938
0.00016932
-0.00093263
0.0012872
-0.0010754
-0.0010796
8.1389e-06
0.0033751
0.0012122
0.003554
0.0035523
0.0025377
-0.0018868
0.0003612
0.001259
0.0012271
-0.0009327
-0.0011155
-0.00093415
-0.00078322
0.0011697
-0.0019908
-0.0020072
-0.0010251
0.0010957
-0.002964
0.0012436
0.00015548
8.1798e-05
0.0024963
-0.0019017
0.0044764
-0.0011258
-0.00094918
0.00015333
-0.001947
-0.00093261
0.0012272
0.0012304
-0.0018738
0.0034787
0.0013929
-0.0020972
0.0012871
-0.0019473
-0.00072688
-0.0030658
-0.0041239
-0.00087425
0.0013175
0.0011399
0.00013899
-0.00078352
-0.0019323
-0.0010062
0.0011989
0.0024807
0.00033037
0.0012291
-0.0030503
-0.0008591
-0.00096432
0.0011556
-0.0020347
-0.0008438
-0.0042136
-0.0019618
-0.0009477
-0.0030939
0.00012388
0.0010819
-0.0011597
1.9021e-05
-0.00099107
0.001408
0.00031795
-0.0018868
-0.0020944
-0.0008594
-0.002962
-0.001947
-0.0021834
-0.0021126
8.198e-05
-0.0020945
0.00022905
-0.0010244
-0.0010396
-0.00087427
0.0013929
-0.0020374
-0.0020945
0.0022251
0.0013327
-0.0032757
-0.0011147
-0.0031244
-0.0010183
0.0012424
0.0002894
0.0013758
0.0013776
-0.00085873
0.00014053
0.00012667
0.0024211
0.0013758
0.0011982
0.00033061
0.0024211
0.002317
0.0021802
-0.0019626
0.00036124
0.00019867
0.0024643
0.0046548
-0.0010064
0.0024059
-0.0019472
-0.0008005
0.0004664
0.001376
-0.0029461
-0.00072659
0.0023184
-0.00314
0.0013452
-0.0018866
0.0013177
0.00021399
0.0023322
0.00030498
6.3626e-05
0.0034635
0.0013929
0.00021422
0.0012747
0.0024608
0.0024796
0.0014685
0.0047931
-0.00075258
-0.00078308
-0.00084344
-0.00087421
0.002315
-0.00087386
-0.00078507
-0.001871
0.0037206
6.9109e-05
0.00014019
-0.00093302
-0.00073792
0.0012718
0.00019897
0.0023304
0.0023014
0.00013874
-0.003201
0.0012716
0.001227
0.0025225
0.0013932
0.0024625
0.0034943
0.0012555
0.0011358
0.0011081
0.0011702
0.0011957
0.00029592
-0.0019021
0.0012867
0.0034476
0.0011355
0.0013589
0.0012111
0.0024217
0.0013451
0.0013312
0.00021419
0.0025261
-0.001873
-0.0018888
-2.2676e-05
0.00013885
0.0012707
0.0013775
0.00019793
0.00014032
0.0036072
0.0036891
0.0023438
0.00034588
0.0012711
0.002375
-0.00081581
-0.00081576
-0.0020531
0.0013918
-0.0008156
-0.00091632
0.0001555
-0.0031861
0.00021405
0.0011245
-0.0018147
-0.00072634
-0.002857
-0.00069199
0.00039264
0.00133
0.00034692
-0.00079827
-0.00079822
0.00019843
-0.0018574
-0.0018558
-0.00081634
-0.0018716
0.0001988
0.0014374
-0.0020374
-0.00087399
0.00013883
0.0014066
-0.000874
-0.00087394
-0.001889
-0.00081384
0.0003801
-0.00087433
0.0022552
0.003554
0.00014024
0.00010897
-0.0029773
-0.002975
0.00036115
-0.0032007
0.0013177
0.0024623
0.0024638
0.00028923
-0.0018737
9.8658e-05
-0.0019467
-0.0019467
0.0013178
-0.0041971
-0.0042292
-0.0019028
-0.0019026
0.0012868
0.0012867
-0.00087402
0.0013775
0.0013758
0.00015596
0.00036431
0.0036718
0.0045071
0.0045071
0.0014528
-0.0019626
-0.0042287
-0.0018718
-0.0018738
-0.0029644
6.3641e-05
9.6965e-05
-0.0031396
-0.0031395
0.0037199
0.0012304
-0.0007849
0.00030434
0.0014838
0.0001994
0.00037926
0.00013913
0.0012873
-0.00065372
-0.0018309
0.0024773
0.0012298
0.0013764
0.00031805
-0.0010096
-0.001886
-0.0028849
-0.00079982
0.00030508
-0.00094973
-0.0032019
-0.00082695
0.00022955
-0.00078449
-0.00068019
0.0024669
-0.0019008
-0.0019472
-0.0020384
0.0011351
-0.0019769
-0.001055
-0.0030503
0.0036288
0.0010732
0.00025955
-0.0018699
-0.0010207
0.00012267
-0.0010534
0.0023153
0.0012874
-0.0020682
0.0013025
0.002284
0.0022834
6.1917e-05
-0.00099467
0.0024202
3.1744e-05
-0.000964
0.0001255
0.00022943
-0.00087422
0.0013023
0.00025685
-0.0031245
-0.0010065
-0.0019621
-0.00096435
-0.0032159
0.0002296
0.0012431
0.00010107
0.0013603
-0.001024
0.0023906
-0.0019042
-0.0019781
0.0023019
0.0023019
5.1265e-05
-0.0010704
-0.0021738
0.00019859
-0.0031247
-0.0020681
0.0013023
0.00037963
-0.00077231
-0.00081365
0.00028736
0.00022889
-0.0019024
-0.0022598
0.0012879
0.00032996
-0.0019768
-0.001977
-0.00080165
-0.0018472
-0.00088908
0.0015107
-0.00090336
0.0025401
0.0013589
-0.00075724
-0.0008007
0.0013024
0.00035018
-0.0019776
-0.0052556
0.0035254
0.0035239
7.9032e-05
-0.0009948
0.0054064
0.00037819
0.00044198
0.00035072
-0.0032171
0.0013441
-0.0029142
0.00012503
0.0011246
-0.0020363
-0.0020363
-0.0021439
0.00024508
0.0036142
-0.00078294
0.0024797
0.002451
0.0013176
0.00022953
0.00021432
0.0024359
0.002436
0.0013916
0.00044147
0.00021412
0.0015087
-0.00094798
0.0012871
0.00012376
-0.0021528
-0.0030503
-0.000874
-0.0020519
0.0024219
-0.0018119
0.0034348
0.0034366
-0.00082757
0.00015617
0.0013024
-0.0020208
0.00014033
0.0013456
-0.0017967
0.00012562
-0.0020375
-0.00079866
-0.0008007
0.0034637
-0.00098
0.00014065
0.0014196
0.00036329
0.00036262
-0.00062465
0.00028588
-0.0017623
-0.00080212
-0.00080267
0.00030129
0.0025205
0.0024049
0.0056117
-0.00074274
-0.00081299
-0.00084565
-0.0043601
0.0045349
-0.0019628
-0.0020231
-0.0021142
-0.0011354
-0.0020546
-0.0033489
-0.0019788
0.0012696
0.0023005
0.0011694
-0.0029627
-0.00076819
-0.0016832
0.00033474
-0.0009161
0.00026004
-0.0021482
0.0033879
0.0011831
-0.001027
0.00013754
7.7322e-05
-0.0020879
-0.0019757
-0.0012126
-3.1892e-05
0.00012533
0.00016733
-0.002201
0.00027307
0.00017146
-0.0021402
-0.0020365
0.00014031
-0.0009167
0.0024929
0.0034485
-0.0030364
0.001317
-0.003184
-0.0020076
-0.0019927
0.00013933
0.0013926
0.0010746
0.0011841
0.0024057
0.0015254
-0.00072217
-0.0031083
0.000214
0.0023005
0.0023754
0.0034788
-0.0010953
-0.0030213
0.0013172
-0.00087427
-0.0018744
0.00015556
0.0024927
0.0013895
-0.00082917
0.0013752
0.0013024
-0.0019323
6.3776e-05
0.00021403
0.003494
0.0033166
0.0013169
-0.00082859
-0.00093502
0.0014496
-0.0020499
0.00019991
-0.0019626
-0.0009192
-0.0020811
0.00019802
-0.0018003
0.0023351
0.0013733
0.0024796
0.0057281
0.0022803
0.0023904
0.0013738
0.0034634
0.0033741
0.0024211
0.0024195
0.00038017
0.0003158
-0.0020653
0.001213
0.0012898
-0.00081618
-0.00021362
0.0051523
-9.0462e-05
-0.0023412
-0.0033642
-0.0033514
-0.0011774
-0.00011769
-0.00078055
0.0063078
0.0063095
0.0065237
-0.0018497
0.0030854
0.0033914
0.0028237
-0.0021124
-0.0020422
0.003042
0.0028267
0.0028207
0.0020474
0.0025277
0.00068934
0.00080584
0.0060842
0.0052915
0.001454
0.0017816
-0.00016807
0.043959
0.13892
0.1402
0.16858
0.24729
0.84313
0.86539
0.32179
-0.26205
-0.092842
0.038075
-0.66142
-0.66063
-0.80289
-0.21491
-0.17726
-0.32245
-0.34743
-0.35279
-0.54715
-0.1748
-0.17577
0.13986
0.29332
0.18512
-0.072245
-0.086765
-0.032104
-0.032101
-0.0067052
-0.00856
0.0059331
0.0060103
0.0056333
0.0077572
0.0053013
0.0056013
0.0039604
0.003905
0.0037408
0.076108
0.097131
-0.0058687
-0.0057351
-0.0031184
-0.0046266
-0.00068897
0.0036613
0.0036983
0.00079178
-0.0009148
0.0036242
0.0037733
0.0037859
-0.0062549
0.0021495
-0.0028677
-0.0083298
-0.0085744
0.013727
-0.0026592
-0.0013194
0.0016266
0.0017835
0.0042235
0.011207
0.0068828
0.0078871
0.0079685
0.0097066
-0.0036788
0.19242
0.19054
0.058695
0.009854
-0.0022009
-0.001158
-0.0024575
-0.0035318
0.0006871
-0.0010757
0.0020976
0.006839
0.0060739
-0.00031073
0.0091135
0.0069761
0.00080497
-0.0059447
-0.0029999
-0.013236
0.032104
0.21895
0.81409
0.82428
0.51459
0.067957
-0.029979
-0.18787
-0.31398
-0.43165
-0.59172
-0.57782
-0.10009
0.28994
-0.15201
-0.66754
-0.40559
-0.032399
0.27159
-0.36296
0.088056
0.18542
0.20408
0.013245
0.0067408
0.0051761
0.038782
0.11246
0.056408
0.38328
0.25355
0.027476
-0.013004
-0.0055807
-0.011788
-0.019272
-0.018329
-0.0063205
-0.033956
-0.021718
-0.0036918
-0.0042802
-0.0065466
-0.008831
-0.0044697
-0.0022898
-0.0087401
-0.0076477
-0.010099
-0.006304
0.00052495
-0.0031691
0.0054088
0.0029514
-0.00093531
-0.0015973
-5.0319e-05
-0.0035688
0.0024329
0.0014073
-0.0007788
0.0037265
-0.0031935
-0.0014221
-0.0082199
-0.0083525
-0.0047896
0.01386
-0.00015594
-0.00089963
0.0061137
-0.00053972
-0.0055043
0.003034
0.0007866
0.0089737
0.0095217
0.0077703
0.015346
0.016026
0.0052968
0.0054697
0.0146
0.0040946
0.00090064
-0.0023808
0.0038005
0.0039313
0.0061317
0.61038
0.77131
0.19096
0.096684
0.29623
-0.36102
-0.35827
-0.11075
-0.20084
-0.24064
-0.20607
-0.26279
-0.45791
0.22288
-0.2722
-0.005745
-0.0089561
0.0024375
0.002674
0.0066727
0.11021
0.017568
0.0050404
0.004491
0.0056662
0.0014023
0.0019518
0.027238
0.049012
0.054475
0.054417
0.0054528
0.0032521
-0.010914
-0.0085517
-0.0016494
-0.0011103
-0.0027307
-0.0079166
-0.0042759
-0.0040608
-0.0040755
-0.0038438
-0.013515
-0.012683
-0.003155
-0.0036565
-0.0034984
-0.00078543
0.00032943
0.0028934
0.0018176
0.0024926
0.0034107
-6.808e-05
0.0031969
-0.00066208
-0.00055767
-3.228e-05
-0.010382
-0.01226
0.0067646
0.014868
0.016852
0.0097339
0.0015051
-0.0028305
4.0065e-05
0.00045467
-0.0038272
-0.0070401
-0.00080536
0.0069452
0.0074221
0.007467
0.015017
0.012084
0.010284
0.0072486
0.003564
0.0084374
-0.0049629
-0.0043665
0.3704
0.40887
0.050349
-0.11969
-0.15457
-0.19086
0.025995
0.012283
-0.0756
0.083759
0.38484
0.39655
-0.61071
-0.46743
0.033273
-0.17921
0.22073
0.51636
-0.041659
-0.047707
-0.0029561
-0.0027123
8.4564e-05
0.010126
0.0064137
0.0059537
-0.0077324
0.0075881
0.0074349
0.0078005
0.0073072
0.045083
0.00052942
0.0046254
-0.0027692
-0.00023781
-0.0036223
-0.0079437
-0.0071866
-0.0048539
-0.0028347
0.0016327
0.0023079
-0.000528
0.0042363
-0.0077496
-0.0083652
0.0087603
0.0056911
0.0063304
-0.0027926
-0.0074796
-0.0093537
-0.0090621
0.0037138
0.016059
0.019875
0.019478
0.0037009
-0.0086888
-0.012295
-0.0065996
-0.0067854
-0.0053643
0.01277
0.017335
0.0091061
-0.0068764
-0.0021944
-0.0016651
-0.00090792
0.0054247
-0.0012749
-0.0012758
-0.0029505
0.013586
0.024267
0.025055
0.026647
0.051593
0.041501
0.0099295
0.0078641
0.0079295
0.0073725
0.15984
0.024883
0.047568
0.070639
0.12861
0.32213
0.03285
-0.31005
-0.45982
-0.18664
0.3085
0.39619
-0.083805
0.48728
0.52664
-0.07479
-0.04492
0.0029578
0.0029478
0.0062021
0.0027594
0.00058006
-0.0015694
0.0032099
0.0029995
0.0038015
0.017471
0.015498
0.017374
0.015574
0.0052254
0.043425
-0.052408
0.037276
0.035627
0.051643
-0.0079297
0.00043611
-0.00046584
-0.0064017
0.00057004
-0.0046564
-0.0078488
-0.0056613
-0.005766
0.00086608
0.0016692
0.0072882
-0.0017263
-0.00093983
-0.00033836
-0.016488
0.0044303
0.0083904
0.0083342
0.01909
0.0070077
-0.01457
-0.01203
-0.011962
-0.0070163
-0.0033979
0.00065641
0.004833
0.0059474
0.0085674
0.0050514
0.0039322
0.0087678
-0.00237
-0.0023484
0.0055578
-0.0046049
-0.0025784
0.0038302
0.038261
0.024648
0.023517
0.045042
0.016316
0.011055
0.011445
0.0076358
0.066115
0.41791
-0.067938
-0.058954
-0.33437
-0.11023
0.11957
-0.37138
-0.39633
-0.43115
-0.0013259
0.034059
0.058644
0.074235
-0.59513
-0.048321
-0.044596
0.1783
0.15419
0.43694
-0.15262
-0.0021228
-0.0049556
-0.0019355
0.0036828
0.0043683
0.0046243
-0.0027395
-0.0027408
-0.0023966
0.0015034
-0.0047213
-0.00019841
0.0067196
0.0034384
0.003884
-0.0035938
-0.001488
-0.0019189
-0.0092513
-0.00045143
-0.0018595
0.00277
-0.0086139
-0.0052285
-0.011154
-0.0077377
-0.00044439
-0.0047645
-0.0050583
0.011187
0.0018853
0.0061405
0.0063142
-0.016681
0.0025677
0.0058544
0.0051052
0.0041632
-0.0012467
-0.0027887
-0.0076165
0.025032
0.01144
0.01495
0.0006649
-0.01088
-0.025808
-0.0051121
0.0058581
0.0076188
0.0075515
0.00099789
-0.0052279
-0.0076848
0.013361
0.013044
0.015172
-0.0056201
-0.0052644
0.016796
0.0162
0.035405
0.15808
0.21782
0.77046
1.2766
1.1169
0.90437
1.0985
1.4878
1.1294
1.2431
1.2736
1.1643
1.122
1.5462
1.7454
1.5372
1.4367
1.3696
0.88201
0.8832
1.154
0.66081
0.0056918
0.0094057
0.022114
0.019453
0.016816
-0.00049457
-0.0065214
0.0070746
0.0020294
-0.020061
0.0089514
0.007703
0.0852
0.306
0.33909
0.1842
0.095624
0.089383
0.028274
0.00041507
-0.027881
-0.013692
-0.0088886
-0.00096084
-0.0045349
-0.0032547
-0.0024727
-0.0092259
-0.004079
0.007693
0.011822
0.012481
-0.0016013
0.0029325
0.83893
0.83285
1.2055
0.86957
0.25927
0.056244
0.084583
0.084418
0.11388
0.022551
0.025756
0.02628
0.029029
0.0012871
-0.0020463
-0.012691
0.00030674
0.0016101
-0.0022107
0.0035197
0.0097351
0.00017545
-0.0053621
-0.0054788
0.0075035
0.012936
0.0039045
-0.0019937
0.020929
-0.0020233
0.13455
0.4231
0.42622
0.54814
1.2607
1.8228
1.7741
1.3835
1.3807
1.0748
1.3911
0.85508
0.4916
0.52023
0.51509
0.66191
1.2781
1.6256
1.477
1.0346
1.0801
1.1631
0.52398
0.058059
0.063928
0.046786
0.12214
0.026855
-0.00023422
0.00016171
0.00018164
-0.041828
-0.091163
-0.0071221
-0.0056437
0.0076906
-0.038869
0.042534
0.042487
0.10154
0.0066992
-0.018479
0.0021922
0.0030678
0.0004969
-0.0046965
-0.0066702
-0.005441
-0.0096704
-0.0098159
-0.014098
-0.0137
-0.0069969
-0.0099713
-0.012379
-0.002796
0.011053
0.0098779
0.011601
0.0071702
0.027565
0.27621
0.74231
0.73404
0.15264
0.038657
0.064545
0.029733
0.029214
0.01117
-7.0551e-07
-0.0012825
-0.0084784
-0.0019047
0.0039308
0.0045137
0.00014025
0.00030503
0.0057725
0.010266
0.010255
0.023701
0.027588
0.017431
0.010992
0.20267
0.34746
0.62965
0.63358
1.4586
2.0644
1.9902
1.406
0.95235
0.86715
1.1794
0.69135
0.38511
0.38146
0.91459
0.94385
1.1846
1.2322
0.9275
0.80263
1.1466
1.2926
0.99207
0.9552
0.99762
0.91764
0.93622
0.86415
0.13328
0.018839
0.016151
0.0046177
-0.00043379
-0.0045658
0.00409
-0.0033783
-0.0039219
-0.00381
-0.0079134
-0.01048
-0.018386
-0.018347
0.0016717
0.0012282
0.0011379
-0.0034808
-0.0041174
-0.0043915
-0.010587
-0.011044
-0.016752
-0.016796
-0.012603
-0.015438
-0.0088895
-0.013385
-0.013688
-0.0059505
-0.0082793
-0.0092414
-0.0075877
-0.0086808
-0.040446
-0.037679
0.018637
0.01426
0.2647
0.27307
0.041376
0.067643
0.068789
0.021339
0.085103
0.023203
0.046699
0.047238
0.032687
-0.0021428
-0.0044126
-0.0045988
-0.0042897
0.006892
0.0035203
0.00092032
-0.0023823
-0.0053848
-0.005065
0.007942
0.010116
0.010997
0.014488
0.013923
0.0034552
0.024392
0.22084
0.22608
0.37735
1.0314
1.0435
1.3226
1.3072
1.0732
1.2524
1.1334
1.1247
0.38729
0.50702
0.50203
0.56446
0.61701
1.4543
1.2005
1.1976
1.1006
1.3064
0.79702
1.2108
1.2401
0.77599
0.50312
0.0051824
-0.0040731
0.0006968
0.00032146
-0.014774
-0.0060686
-0.0037188
0.0048768
0.0034257
-0.0060173
-0.0025349
-0.0023276
-0.0054309
-0.0053581
-0.0056257
-0.04001
-0.048126
-0.0097117
-0.0051501
-0.015818
-0.015874
-0.0087111
-0.0077397
-0.0078091
-0.0069181
-0.0060484
-0.014783
-0.0016708
-0.001843
-0.010343
-0.0015026
0.00045632
0.0087856
0.018725
0.2226
0.35849
0.43218
0.044411
0.0086269
0.0024111
-0.0035507
-0.0097687
-0.009454
-0.0088848
-0.0097458
-0.0021183
0.0049903
2.7597e-06
0.0033314
0.0035764
0.0047175
0.0058255
0.0080436
0.0099276
0.010658
0.0039771
0.00719
0.025059
0.2511
0.2537
0.60837
1.7631
1.9207
1.1645
1.1688
0.35035
1.6133
1.381
0.76365
0.75305
0.21398
0.56683
0.9645
1.1243
1.1415
0.92103
1.0334
0.96335
1.1648
0.81487
0.68948
0.69836
0.066397
0.0055255
0.017513
0.0028826
-0.016852
0.00226
0.0062684
0.0067878
-0.018649
-0.017846
-0.001649
-0.045991
-0.10233
-0.19451
-0.19596
-0.098695
0.0027309
0.010051
-0.0040919
-0.0040096
-0.031347
-0.0072108
-0.0068399
-0.012348
-0.01308
-0.01974
-0.0082228
-0.0020935
-0.0027878
-0.0085986
-0.0080476
-0.0081902
-0.0047009
-0.002463
-0.0027187
0.0028328
0.025693
0.015976
0.00855
0.0075499
0.0056908
0.011892
0.018151
0.026638
0.010643
0.0096471
-0.0055356
-0.014849
0.0017551
0.0086059
-0.0055037
-0.0012602
0.0027239
0.015599
0.01581
0.017552
0.012147
0.0035463
-0.0050088
-0.005382
-0.010081
-0.0091006
0.0041147
0.002654
0.016565
0.021677
0.18832
1.3609
0.1155
1.444
0.60029
0.12019
0.93513
0.91241
0.81499
0.63653
0.40407
0.73016
0.75177
0.8628
0.7427
0.60782
1.3009
1.2969
1.3987
1.2472
0.42406
0.1305
0.10622
-0.043477
-0.038268
-0.013816
-0.032036
-0.097253
-0.18476
-0.18593
-0.1575
-0.14411
0.035422
-0.30825
-0.31241
-0.46153
-0.35785
-0.024462
0.37915
0.28462
0.11604
-0.064899
0.018022
0.0081414
0.0033817
0.0060191
0.0064745
-0.0021434
-0.0057373
-0.0018904
-0.0030056
0.0011145
-0.010363
-0.0065136
-0.006075
0.00053114
0.0068783
0.015423
0.018019
0.51451
0.37453
0.11883
0.0018863
0.013408
0.021251
0.020506
0.01504
-0.012587
-0.012398
-0.0003025
0.010925
0.010448
0.0090921
0.020414
-0.0038992
-0.00027507
-0.0002966
-0.010677
0.0043251
0.024907
0.011711
0.0080347
0.0015963
-0.0035253
0.0032628
0.011958
0.041933
0.22078
0.32017
0.088351
-0.082976
-0.20423
-0.37825
-0.12009
-0.35891
-0.44729
-0.43348
-0.48496
-0.55717
-0.88854
-0.85568
-0.6092
-0.5993
-0.19487
0.5062
1.0071
0.14179
-0.0088755
-0.00029474
-0.00013823
-0.0074635
0.0078519
-0.016202
-0.016796
-0.014543
-0.010156
-0.079773
-0.031675
-0.11038
-0.21519
-0.22028
-0.431
-0.19599
-0.016481
0.0074663
0.076386
0.18498
0.12647
0.13
0.27496
0.031719
-0.016717
0.0025509
0.0023992
0.0071993
0.0037535
0.0074927
0.0017186
-0.0047995
-0.0046639
-0.0074579
-0.0082811
-0.0066476
-0.017517
-0.0034404
-0.0030715
-0.0032235
-0.0032442
0.00054716
-0.0030681
-0.0018977
-0.0019013
0.003852
0.0072773
-0.0078817
-0.0028365
-0.0029056
-0.0028452
-0.010635
-0.010298
-0.0039067
-0.0035796
-0.011491
0.0037714
0.00098329
0.00012913
0.00025765
0.005626
0.0031543
-0.0026092
-0.0073522
0.0076721
0.034324
0.031401
0.0008418
-0.0018683
0.0018173
-0.18094
0.13784
-0.043712
-0.0037653
-0.059906
-0.36131
-0.40396
0.068376
0.16373
-0.34667
-0.21252
0.563
-0.18507
-0.20133
-0.4106
-0.20574
-0.16116
-0.56354
-0.57168
0.00060062
0.0012475
0.0013324
-0.00092077
-0.0033387
0.0045694
0.0056867
0.0063298
-0.021979
0.095113
0.090587
0.063021
0.092038
0.04848
-0.15896
0.1456
0.16646
0.009794
0.00071482
-0.002972
0.00052784
5.3839e-05
0.0037897
-0.0039279
-0.0021385
-0.015009
-0.016732
-0.016926
0.00080498
-0.0011088
0.014161
0.0030942
0.00080135
-0.0076832
0.00063237
0.0053707
0.0091399
0.0043554
0.00054832
0.0024127
0.0071068
0.011805
0.015378
-0.00027567
0.00033514
-0.0094439
-0.0058267
0.0042352
0.0078866
-1.3598e-05
-0.013744
-0.0080295
-0.00594
-0.0060421
0.00078614
0.0084354
0.0022539
0.003042
0.0088335
0.010992
0.035134
0.0004669
-0.00032494
0.003939
0.0050298
0.023825
0.12926
0.59696
0.43445
0.47095
0.021982
0.034377
0.34368
0.19001
-0.43295
-0.50634
-0.2953
0.038633
0.15919
-0.17467
-0.49385
-0.48348
0.75196
0.011184
-0.0067624
0.0060832
0.007813
0.0083132
0.066127
0.045227
0.015779
0.0028951
0.0075492
0.020445
0.022099
0.064873
0.0047537
0.0045187
-0.13756
-0.12631
-0.096706
-0.095464
0.044417
-0.029931
-0.02652
0.0037028
0.00024912
0.0078506
0.0031643
-0.002033
-0.0060557
-0.0022542
-0.0026333
-0.0020361
-0.0015079
-0.012846
-0.0018798
-0.0019018
0.0024124
-0.0024367
-0.01082
-0.010292
-0.0051733
-0.00069019
0.0058704
0.0056816
0.0057974
0.0082698
-0.0064874
-0.0032436
0.0086684
0.0037111
0.0027216
-0.0080077
-0.00010049
-0.00042346
-0.00075035
-0.0010579
-0.0079272
-0.0065174
0.0010015
0.0064407
0.0064999
0.015472
0.011151
0.015689
0.0026685
0.0031136
0.0070891
-0.0015343
-0.00034517
-0.0009864
-0.0027619
-0.12099
-0.022078
0.48797
0.15692
0.19935
-0.44855
-0.34589
-0.048562
-0.21921
-0.1431
-0.15363
0.23513
0.33943
-0.053419
-0.051574
-0.47055
-0.27905
0.31293
0.0031702
0.0055296
0.0044695
0.0075516
0.0074021
0.0045088
0.0073124
0.0070649
0.0029969
-0.011188
-0.0057368
-0.061703
-0.064773
-0.21612
-0.48919
0.01613
0.13837
0.13984
0.166
0.04696
0.025638
-0.0022847
-0.0039404
-0.0032941
-0.0026029
-0.0035867
0.0016351
0.0016345
-0.011889
-0.011648
-0.0050887
-0.0023623
-0.0017818
0.0025338
0.0031131
0.0029819
-0.0043604
-0.0046413
-0.0052933
0.00030435
0.00019187
0.0069636
0.0057657
0.0057548
0.0055234
-0.0020389
0.020279
0.012894
0.016324
-0.018388
-0.014942
0.01379
-0.0018217
-0.0032807
-0.0075616
-0.0017363
0.0064836
0.0069134
0.0073046
-0.00024317
0.023973
0.020807
-0.001493
0.0034368
0.0053551
0.017489
0.00038133
-0.15349
-0.026902
-0.020837
0.44149
-0.033127
-0.081187
-0.30231
-0.063663
-0.079832
-0.090837
-0.46544
0.021779
0.53107
0.72972
0.20433
-0.28629
-0.20945
-0.35554
-0.15224
0.58909
-0.0053755
-0.066255
-0.0042568
0.0069882
0.0075363
0.001815
0.0059968
0.00082915
0.0049484
0.0045654
0.0040516
0.0020573
-0.016229
-0.038114
0.012752
0.13947
0.2658
0.1232
0.018221
0.016264
0.0035768
0.0019654
-0.0032853
-0.003385
-0.0021493
0.0017588
8.6523e-05
-0.0017976
-0.0082574
-0.00013442
0.0051362
0.0058806
0.0024979
0.0033984
-0.011171
-0.0038764
-0.0031241
0.0034789
-0.0067208
0.0033077
0.0033276
0.00091543
0.00018372
-0.0015481
0.014665
0.014406
0.013815
0.012894
-0.0081631
-0.020512
-0.015646
-0.0037547
0.0031987
0.013918
-0.0098832
-0.010107
-0.015369
-0.0050753
0.0011551
0.011682
0.0164
0.015971
0.015619
0.014204
0.0009866
0.0092006
0.011794
-0.088996
-0.094553
-0.38876
0.1381
0.16475
0.21663
-0.11121
-0.15486
-0.10143
-0.17969
0.15228
-0.14959
0.30798
0.18083
0.2021
-0.28806
-0.4206
-0.30137
-0.33948
0.60627
-0.31202
-0.089419
-0.0092993
0.013919
0.0021934
-0.00074042
-0.00027699
-0.00016386
0.0018449
0.0028435
0.0015326
-0.013606
0.00056945
-0.041891
-0.14153
0.029592
-0.02105
0.10745
0.29437
-0.022458
0.067539
-0.0044548
0.0042723
-0.0021152
-0.0033491
-0.0047637
-0.011618
-0.022705
-0.011809
-0.0042524
0.00096863
0.0059255
0.009159
0.0070403
0.0045699
0.006619
0.0070512
0.0004203
0.0052675
0.0041933
0.0041955
0.00044144
0.0067018
0.0072034
0.019721
0.015755
-0.014995
-0.014642
-0.0053694
-0.002798
0.001478
0.01349
0.0029155
-0.012707
-0.007648
-0.019152
-0.015509
0.0039948
0.0040269
0.0067806
0.0091394
-0.00057482
-0.00139
0.022
-0.00063768
0.014326
0.10777
0.19881
0.4883
0.4925
0.28857
-0.17296
0.091863
-0.0032914
0.22609
-0.28669
-0.35324
-0.15061
0.030969
0.048864
0.24153
0.023313
-0.28984
-0.066278
-0.067629
0.22186
-0.093651
-0.035089
-0.0061757
-0.0058315
0.0092091
0.090929
0.018559
0.021109
0.02111
0.00097121
-0.00093102
-0.0013727
0.0078299
0.012455
0.00062966
0.085979
0.1684
0.02323
0.10796
0.12715
0.056649
0.0066222
-0.0065425
-0.0078108
0.0030777
-0.00043452
0.0024833
-0.0083784
-0.014119
-0.0084787
-0.002442
-0.0058003
-0.0056627
-1.4378e-05
0.0041696
0.00080379
0.001012
-0.0039436
-0.0035963
0.0064707
0.0028614
0.00293
0.00053154
0.0033522
0.0013487
0.0051202
0.0050692
0.01781
-0.014687
-0.0044309
-0.0046787
-0.017338
0.0043229
0.0039037
0.00048886
0.00055342
-0.014312
-0.0077468
0.0022203
0.0062088
0.0065948
0.0018297
0.014262
0.015714
0.025153
0.024845
-0.0077964
0.019362
-0.0036226
-0.51981
-0.066051
0.35485
-0.16877
-0.12494
-0.33125
-0.32253
-0.22199
0.023845
0.20157
0.60877
0.63398
0.11682
-0.13839
-0.31328
-0.10666
-0.10664
-0.027381
-0.16241
-0.0019527
0.0157
0.015875
0.0064841
0.0048264
-0.0017556
0.0098643
0.0096007
0.0090755
-0.0045742
-0.25093
0.02325
0.015503
0.031859
-0.26506
-0.088652
0.14697
0.14704
0.30893
0.078951
0.0044699
0.094033
0.071757
0.074963
-0.003178
0.0021874
-0.0043906
-0.0043415
4.0344e-05
-0.012515
0.006563
0.0095819
0.0049342
0.0046765
0.0048158
-0.0030116
-0.0019796
-0.006863
0.0027482
0.0024044
0.00067591
0.00033188
0.01279
0.012902
0.019407
0.017189
-0.0018251
-0.012658
-0.012302
-0.012665
0.00086636
0.0039317
-0.0074614
-0.0068501
-0.0069788
-0.0098309
-0.0022247
0.0030917
0.0034405
0.012229
0.011608
0.0039088
0.018541
0.0058602
0.0058503
-0.002919
0.0050204
0.013103
0.0023038
-0.044795
0.063591
-0.18158
-0.011874
-0.12258
0.1995
0.19069
0.18757
0.37175
0.39086
-0.082271
-0.08565
-0.17334
-0.15456
0.67195
0.043177
0.061902
-0.016294
-0.0056144
0.007822
0.0096091
0.0053738
0.0059281
0.0025361
0.0048871
0.0047104
0.0023027
-0.023913
-0.26407
-0.014434
-0.020506
0.12329
0.05505
0.057979
0.052045
0.054023
-0.018897
0.025929
0.013395
-0.0046762
-0.0061224
-0.0039448
0.0022988
-0.0052015
-0.0043411
0.0081185
0.0085056
0.0063728
0.0067369
-7.7311e-05
-0.0071494
-0.0072825
-0.0023974
-0.001783
0.0015692
0.013731
0.013777
-0.011945
-0.0016469
0.0058921
0.018204
0.018253
0.0078993
0.0078648
-1.393e-05
-0.0091377
-0.0098119
-0.010321
0.0063177
0.0066191
-0.0074698
-0.0038549
-5.5018e-05
0.0045853
0.0035644
0.00093247
-0.0057485
0.013505
-0.0030439
-0.0086002
3.0515e-05
0.0067221
-0.036038
0.037406
0.35476
-0.058511
-0.035668
-0.41148
-0.12202
-0.41032
-0.41294
-0.076475
-0.00055788
-0.13561
0.35716
0.010936
0.015888
-0.21135
-0.079898
-0.15074
0.29844
0.043487
-0.04798
-0.019905
-0.016303
0.0099371
0.0095503
0.0044348
0.0054308
0.0055654
-0.0025727
-8.0172e-06
0.0021653
-0.10467
0.071456
0.069697
0.011455
0.20179
0.014017
0.080226
-0.011123
0.032387
-0.0068208
-0.0054122
-0.0010111
0.0038281
0.0017086
-0.00088327
-0.0021304
-0.019409
-0.019476
-0.0083805
0.0043556
-0.0027699
-0.0015424
0.0051922
0.0049638
0.00044557
0.0017244
0.0017463
-0.00076005
-0.0038331
0.0090323
0.0077453
0.019955
-0.0028983
-0.0059421
-0.014413
-0.0044937
0.0080052
0.011548
-0.003618
-0.0082958
-0.0095207
-0.0031426
-0.003192
-0.0020905
0.0095703
-0.0015203
0.0034091
0.010398
0.010074
0.010336
0.033823
0.014745
0.0033044
0.011143
0.0061048
0.053557
0.19192
0.18982
0.73821
0.29582
0.026472
0.23925
0.24843
0.11881
-0.58506
-0.17492
-0.062088
0.0022725
-0.21992
0.11964
0.31912
0.43792
-0.0077649
-0.01549
-0.018724
0.00011523
0.0016687
0.014793
0.013176
0.013245
0.0046884
-0.00017881
-0.00069697
0.00045403
2.9829e-06
-0.13006
-0.31841
-0.051515
0.10574
0.10058
-0.01289
0.37326
0.30898
0.12796
0.12937
0.067977
0.0013284
-0.0053195
0.0019276
0.00029362
-0.00056194
-0.00023505
-0.0038227
-0.0079171
-0.0043663
-0.0024726
0.0051721
0.0094325
0.0085005
-0.0033528
-0.0027053
0.0054826
-0.0047163
-9.4591e-05
-0.0030992
-0.0029741
0.023844
0.026353
0.00047565
-0.025026
-0.0018281
-0.00079986
0.0064711
0.0089286
0.0084181
-0.0095462
-0.011711
-0.0030559
-0.0028005
-0.0024555
0.0058528
0.012537
0.015429
0.014361
0.014375
0.0053016
-0.0027407
0.0052064
-0.24277
-0.21734
-0.22097
0.31185
0.070268
-0.13231
-0.37975
-0.38411
-0.13733
-0.19817
0.054298
0.54622
0.5531
0.72054
-0.20231
-0.27667
-0.00083003
0.0096339
1.0816
-0.17243
-0.00038281
-0.0062121
-0.0060959
0.010792
-0.00026114
0.00034035
0.0014957
0.0014191
0.0044413
0.0097243
0.00050114
-0.023301
-0.027946
-0.17557
-0.11957
-0.24839
-0.077981
-0.076538
0.081863
0.066797
-0.0085392
0.0023607
0.096905
-0.052693
0.088915
-4.6741e-05
0.0071109
-0.0023453
-0.0025673
-0.0038151
0.0016256
-0.0012872
-0.0055851
-0.006054
-0.014143
-0.00082701
0.0024299
0.0022922
0.0087634
0.009922
0.0086023
0.0015355
-0.0050529
-7.2738e-05
0.0071726
0.0056513
0.0028014
0.003621
0.0035822
0.0094755
0.01915
0.021236
-0.0037649
-0.011584
-0.0089404
-0.0060591
-0.0091017
-0.0073334
0.0017643
0.0059172
0.00066022
0.0062377
0.015982
0.016331
0.0064044
-0.0049946
0.037505
-0.0040871
0.0052741
0.0017157
0.012916
0.043156
0.19539
0.71844
0.61195
0.37741
0.098105
0.028269
-0.31749
-0.31507
-0.38628
0.10747
0.3952
-0.11054
-0.22242
0.75571
0.051546
-0.065069
-0.012025
-0.010411
0.014841
0.006916
0.0049006
0.011374
-0.0051083
0.0016646
-0.010215
-0.027716
-0.21875
-0.2207
-0.3558
-0.044981
0.15253
0.18521
0.29407
0.29015
0.059534
0.020883
0.026556
0.11498
0.017516
-0.006038
-0.00094772
-0.001277
0.0031184
0.0012724
-0.0091596
-0.012324
-0.0084906
-0.0085664
-0.0019444
-0.00059504
-0.0031033
0.0088157
0.0026899
0.0024782
0.0036876
-0.0033408
0.0027566
-0.00083322
0.0016759
0.009836
0.010524
0.021084
0.014747
-0.0070954
-0.0071811
-0.010943
-0.0086479
0.00096083
0.0086619
0.00078517
-0.011599
-0.00578
-0.012794
-0.0012156
-0.0011456
0.0034021
0.011569
0.020427
0.025681
0.0057506
-0.020204
-0.018942
0.038204
0.0053255
0.0068957
-0.0014517
-0.0079134
0.011351
-0.17048
-0.11745
0.41995
0.49265
-0.14281
0.002829
0.03502
0.2008
-0.16618
-0.45703
0.78672
0.91051
0.92025
0.2409
-0.11151
0.079473
0.0016137
0.0020398
0.0014375
0.0046446
0.0068463
0.0049149
0.0047211
-0.002965
0.0067865
0.0040045
-0.016928
-0.02431
-0.011463
-0.11008
-0.16183
-0.4147
-0.0938
0.1629
0.11561
0.18385
0.16321
0.099968
-0.028986
0.059219
0.01061
-0.002068
-0.0015676
-0.002364
-2.0529e-05
0.00051475
-0.014405
-0.011597
-0.017082
-0.0050835
-0.0052286
0.0087043
0.0086201
9.5226e-05
0.0057827
-0.0010215
-0.00049002
0.00078542
0.0047763
0.0060893
0.0018898
-0.0041256
0.017816
0.027714
-0.00097004
-0.016143
-0.021145
-0.013208
-0.01337
-0.010906
-0.0027064
0.0019067
0.0080329
0.0027719
0.0076411
0.012225
0.019068
-0.011755
-0.0015794
-0.0017481
0.032978
0.010636
0.0063506
0.010623
0.011549
-0.046531
0.072969
0.52487
0.29916
0.02647
-0.20673
0.090659
-0.00094851
-0.12936
-0.26348
-0.069341
0.32791
0.53303
0.41925
-0.016515
-0.14051
-0.25112
0.54567
0.21969
-0.22155
-0.024512
-0.027842
-0.0013383
0.0064546
-0.0022517
-0.0021142
0.0099357
0.0014132
0.0048862
0.005387
0.0067074
0.0040277
-0.0025337
0.06982
-0.070767
0.038003
-0.0067321
0.0021539
-0.00091852
-0.0073109
2.5366e-05
-0.0037799
-0.0046792
-0.0046849
-0.008521
-0.0046983
-0.0057311
0.002839
0.0011449
0.010802
-0.0018701
-0.001896
0.0081702
0.0024148
0.01468
0.00071724
-0.0051971
-0.0040343
0.012848
0.011871
0.011895
0.0050716
-0.0047407
0.0010207
0.0098282
0.012611
0.0073882
-0.0092613
-0.003915
-0.0042112
0.0088347
0.0070527
-0.0026665
0.0005005
-0.0075185
-0.0015777
-0.0015738
-0.0054054
0.0058153
0.0035668
0.009655
0.039352
0.012871
0.013984
0.01424
-0.0083597
0.22078
0.21345
0.26926
0.036122
0.10881
0.21353
0.21886
-0.54881
-0.71146
-0.1996
-0.45294
-0.52707
-0.24623
0.30137
-0.043615
-0.031156
-0.024647
0.18494
-0.089396
0.13771
-0.010641
0.0050917
-0.001372
0.0051934
0.0063845
0.024046
0.013256
0.014351
-0.002575
0.0022247
0.0078252
0.0099849
0.0092429
0.0043335
-0.052903
-0.092324
-0.010768
0.018415
0.057513
0.055466
0.028347
0.01051
-0.0077923
-0.00018627
0.00099266
0.0042343
-0.0059157
-0.00057535
-0.0021347
-0.008314
-0.0045002
0.00045825
-0.00024216
0.0079599
-0.0047405
0.0016704
-0.0083061
-0.0090845
-0.0052015
0.0078094
0.0081161
0.0081135
-0.002941
-0.012156
-0.010594
0.00094156
0.00083881
-0.0082877
0.0028617
-0.0071807
-5.8658e-05
-4.9098e-05
0.008985
0.0033167
-0.0073262
-0.0051157
-0.0052932
0.0014195
0.0040472
0.0087297
0.012989
0.012874
0.0050449
0.01556
0.016176
-0.0052712
0.0032134
-0.002902
-0.0054482
-0.031195
-0.028797
0.093745
-0.10287
-0.12118
-0.097196
-0.38817
-0.3924
-0.1384
-0.27099
-0.22833
-0.2353
-0.25871
0.028848
0.1186
-0.21432
-0.18888
0.23573
0.52921
-0.077965
0.0018161
0.010375
0.012264
0.016291
0.016437
0.013041
-0.0059088
0.0064464
0.0014005
0.0019038
0.0019169
-0.010141
0.0013704
0.041877
0.039767
0.12838
0.04176
0.026722
0.10366
0.10392
0.035407
0.10139
-0.0010476
-0.0012311
-0.0015686
-0.0011865
-0.0016066
-0.0013843
0.0053319
0.0051428
-0.0033299
-0.011164
-0.018429
0.0014601
0.0020551
-0.00096014
0.0014376
-0.0050651
0.0026405
0.0026501
0.0040676
0.0088732
0.011085
0.010007
0.018285
0.018892
-0.0030053
-0.022424
-0.0090997
-0.0081166
-0.0076969
0.0035435
-0.0052442
-0.0033218
-0.0085059
-0.0054157
-0.0052362
-0.0027373
0.0016846
0.00374
0.0038409
-0.00090562
-0.011275
0.016119
0.012414
0.011896
0.0061711
0.030583
0.1918
0.88701
1.0925
1.5957
1.6398
1.4493
1.4541
1.0601
0.60943
1.0356
1.244
1.4108
1.5855
1.5972
1.9594
1.2673
1.2787
0.29148
0.29638
-0.17315
8.8015e-05
0.038086
0.015734
-0.0051293
-0.0029569
0.010606
-0.058045
-0.054914
0.031203
0.10581
0.20514
-0.12464
-0.27297
0.083153
0.082411
0.26613
0.021315
-0.26638
-0.00065783
0.048528
0.024222
0.0015564
0.0026274
-0.0038534
-0.0024966
-0.0074933
-0.0010178
-0.0010398
-0.0011231
-0.01285
-0.010049
-0.01136
-0.011473
0.00051308
0.011586
0.01438
0.022881
0.055205
0.17277
0.21049
0.30266
0.51192
0.017698
0.015034
0.00017654
-0.014541
-0.013336
-0.0003304
-0.0037222
0.0080158
-0.0010888
0.0074139
-0.011033
-0.0054371
0.0021792
0.00961
0.019007
0.0021197
0.00011003
-0.0080215
-0.0017268
0.0059599
-0.0018743
0.0067213
0.0016874
0.071211
0.14808
-0.0040307
0.20871
0.36498
0.27336
-0.17379
-0.32561
0.19278
0.073339
-0.2502
-0.60135
-0.6012
-0.71517
-0.42631
-0.13758
-0.35559
-0.43887
0.11534
0.31277
0.0049858
-0.019438
0.0075907
0.0071859
0.2675
0.26794
0.13408
-0.0017452
-0.0054884
-0.0019876
0.0052265
0.033107
0.19488
0.33363
0.16532
0.12635
0.2418
0.3696
0.48922
0.36756
0.2663
0.00099285
-0.0077072
-0.0023187
-0.0036116
0.00041076
-0.0047165
-0.0071065
-0.011726
-0.0084955
0.0012487
0.0068985
-0.0041187
-0.0050233
-0.0045259
-0.0033798
-0.00085349
-0.00039819
0.0005128
0.0043883
0.0026715
0.0075169
0.0044817
-0.00077213
-0.0062319
0.0067852
0.004534
0.0060124
-0.001004
0.0054415
-0.00085039
-0.002402
-0.0025605
-0.0023993
-0.0072954
-0.010431
0.0020291
0.0089527
0.0092113
0.0093951
0.012476
-0.00016857
0.0023797
0.010939
0.002532
-0.0057666
-0.0027034
0.0016753
-0.0015851
-0.12594
0.20744
-0.88465
0.19397
0.20043
-0.073666
0.052142
0.43521
0.20919
0.19697
-0.33071
-0.53378
0.83623
0.044569
0.077992
-0.10915
-0.0069717
0.012324
0.019858
0.020193
0.017786
0.010326
0.013632
0.004092
0.0067484
0.0067703
0.0089458
-0.024803
0.021299
-0.086574
-0.29125
-0.26944
0.14573
0.14331
0.021855
0.15249
0.093273
0.23387
0.23571
0.15585
0.09338
0.0030857
-0.0062019
-0.0010379
-0.0010751
-0.01243
-0.0076081
-0.0017737
-0.0011582
-0.00048408
0.0035633
0.0077508
-0.0033339
0.005167
-0.0026316
-0.0018002
0.0036222
0.0030275
0.0042835
0.0069607
0.0043413
0.016334
0.0087131
0.0030031
-0.0049235
-0.0084317
-0.0051033
0.010138
-0.0044228
-0.014504
-0.015169
-0.0082773
-0.002228
0.0014911
0.018361
0.0088081
0.010067
-0.0063508
-0.0042433
0.023209
0.017153
0.017381
-0.0049878
0.0053628
0.0063699
0.0016712
-0.01183
-0.10889
0.21168
0.44489
-0.31421
0.077342
0.07218
0.0080142
0.35139
0.377
-0.010259
-0.28651
-0.28062
-0.12854
-0.18184
0.28906
-0.15816
-0.039118
-0.010296
-0.0028418
0.0075828
0.0078748
0.021237
0.0089194
0.001769
0.0036082
0.011018
0.022568
0.022704
0.14949
-0.0052953
-0.18758
-0.29898
0.026336
0.17174
0.066552
0.10394
0.096803
0.037496
0.036978
-0.0079766
-0.0015629
0.0013631
-0.0019273
-0.0019299
-0.005705
-0.0096858
-0.016765
-0.0097229
-0.0096922
0.014801
0.014944
0.0074705
-0.003236
0.0047431
-0.0031418
-0.0028784
0.0059992
0.0060888
5.2271e-05
0.0073519
0.0065014
0.017685
0.0032198
-0.0085707
3.418e-05
-0.00015511
-0.00049465
0.0061343
-0.0060959
-0.010903
-0.011363
-0.010242
0.0021451
0.0055929
0.003649
0.0039439
0.0079878
0.0084977
0.0085528
0.00851
0.021417
-0.0041945
0.0012512
0.012627
0.013441
0.0035598
-0.032943
-0.041201
0.45033
0.44739
0.55168
-0.2896
-0.17232
-0.14358
-0.13842
0.065362
-0.043673
0.32234
0.65607
0.65943
0.14456
-0.26616
-0.053091
-0.0082346
-0.003922
-0.00040367
0.00039326
0.0064479
0.0076378
0.0044598
0.0030466
0.0027971
0.0034211
0.0034966
0.0086714
0.099221
-0.031689
-0.037746
-0.11863
-0.11475
0.10778
-0.25195
-0.12087
-0.12469
-0.0030609
-0.010779
0.0027671
0.0056917
-0.003435
-0.0036013
-0.0056867
-0.01223
-0.012521
-0.0029201
-0.0026931
0.0066031
0.0033697
0.0036064
0.0062005
0.0064904
0.005136
-0.0046983
-0.0047884
-0.00055603
0.0034653
-0.0019824
0.0072376
0.0052717
0.0046119
0.0052893
-0.0041493
0.0008874
0.00072891
0.001884
-0.0077837
-0.0079287
-0.015299
-0.014982
-0.01503
0.014056
0.019546
0.0086157
-0.0090477
0.0074066
0.010752
0.010756
0.016781
-0.0017067
-0.0018127
-0.0052188
-0.0024948
-0.0011657
-0.24714
-0.0012035
0.11167
0.16601
-0.052715
-0.19498
-0.31429
-0.20238
0.058741
-0.0069783
-0.029136
0.0136
0.45884
0.5612
-0.54793
-0.082778
-0.022532
0.60538
0.024556
-0.10796
-0.019555
-0.019261
-0.00029463
0.014922
0.0089362
0.039873
0.039264
-0.0043202
-0.0017757
-0.0012447
-0.01177
-0.012868
-0.00097057
-0.12542
-0.17497
-0.26798
-0.2686
0.27312
0.080983
0.12849
0.17609
-0.0022076
-0.0060491
-0.0025758
-0.0035085
-0.0033899
7.8268e-05
-0.0062165
-0.0065882
-0.011802
-0.0081812
-0.00069447
0.0015313
0.0015286
0.01153
0.0056886
0.0042108
0.0018855
0.00031346
-0.0050285
-0.0023759
0.0065788
-0.00040009
-0.00042786
0.0044784
0.01682
0.01577
-0.013652
-0.016531
-0.01186
-0.0043783
0.0043669
0.0059523
0.0061135
-0.0023355
-0.0094836
-0.0056007
0.0020949
0.0021032
0.012109
0.011644
0.0058335
0.0020611
0.0010032
0.0070295
0.0050006
-0.0058784
-0.0027537
-0.00013161
0.0042794
0.012127
-0.11193
0.29457
0.31198
0.54732
-0.098816
-0.30391
-0.31551
-0.11067
-0.13623
-0.32055
-0.066826
-0.043455
0.29812
0.62932
0.19316
-0.16996
-0.27436
-0.1327
-0.47561
-0.47227
0.063143
-0.069282
-0.013089
0.0094035
0.022133
0.022431
0.016443
0.0078693
-0.00048748
0.0053543
0.012423
0.01166
0.018162
0.069283
0.32487
0.21866
0.21639
0.18141
0.21418
-0.040674
-0.008179
-0.0087958
-0.0025887
8.1894e-05
0.004454
-0.0013512
7.9986e-05
-0.015225
-0.014867
-0.0019554
0.0022091
0.0055487
0.010195
0.0048514
0.01112
0.002685
-0.0028114
0.0015445
-0.0015844
0.0010816
0.00086783
-0.00042126
0.0068402
0.011474
0.0093162
0.016557
-0.012657
-0.0051398
0.0031799
-0.0015637
0.0032815
0.0088357
0.0086405
-0.0018352
-0.015961
-0.0075596
0.0013852
0.0073397
0.0054595
0.0015435
0.014511
0.0065422
0.006504
0.024422
0.0045709
-0.00012199
0.0024054
0.0026952
0.016624
0.011245
-0.0024149
0.22703
0.71635
0.76352
-0.03257
-0.025806
0.16521
0.16117
0.17097
0.55153
-0.033844
-0.41468
-0.015878
-0.55879
-0.564
0.16473
-0.016533
0.0031069
0.0029973
-0.0014559
0.008165
0.0099485
0.020939
-0.25763
-0.0014783
-0.00082877
0.0075635
0.017267
0.012283
0.036398
0.19052
0.18751
0.1872
0.022932
0.078511
0.11447
0.002693
-0.0048
-0.0032943
-0.0030786
-0.003788
0.001752
0.0039935
-0.002122
-0.007456
-0.0091695
-0.0093458
-0.011511
-0.014468
-0.0049065
-0.0016596
0.0074838
0.0047119
0.0061909
-0.0057822
0.0011837
0.00045599
-0.0017154
0.0057041
0.0056993
0.001056
0.00054898
0.0073613
0.0090241
-0.011043
-0.01779
-0.0016509
-0.00014095
0.00019935
7.3085e-05
-0.0010275
-0.013017
-0.015568
-0.0017526
0.0067676
0.0071185
0.0012421
0.0018445
0.014258
0.014852
0.0058832
-0.0036729
-0.003389
0.012544
0.0010688
0.0044078
0.0051957
-0.0035735
-0.22021
-0.45322
0.77196
0.81778
0.36919
-0.10802
-0.13323
-0.33873
-0.21716
-0.21595
0.057473
0.70831
0.63268
0.12265
0.13581
-0.11793
-0.096236
-0.342
0.096638
0.12693
-0.1034
-0.024436
-0.0057964
0.0049602
0.0026763
0.0030644
0.0024723
0.0015282
-0.012593
-0.017992
-0.13046
-0.11137
-0.073678
0.0092475
0.0090791
0.088662
0.01811
0.032228
-0.0080378
-0.0049278
-0.0053968
-0.0044758
-0.0046403
-0.0037078
-0.0019581
-0.0041002
-0.0036542
-0.0036155
-0.013249
0.0011586
0.00096383
0.0078761
-0.00065371
0.01161
0.018115
0.01703
0.0058808
-0.0017984
-0.0044339
-0.0034177
-0.0032476
-0.0047614
4.7114e-05
0.018024
0.015498
0.015588
0.0075968
0.0095045
0.0022164
0.007105
0.0071599
0.0029181
0.0029439
-0.0064126
-0.0070865
0.0038197
0.0090074
0.0092459
-0.0071421
-0.0074444
-0.0075636
0.0034403
0.017521
-0.00018559
0.12251
0.33128
0.32661
0.80081
0.57341
0.10238
0.23572
0.23311
-0.34398
-0.30663
-0.36638
-0.30849
-0.43516
-0.42636
-0.024355
-0.2128
-0.64994
-0.68378
0.05744
0.43567
0.29044
0.035739
0.035218
0.015234
-0.0027076
0.10884
0.14879
0.027376
0.010729
0.0013972
0.011348
0.017111
0.046532
0.19202
0.24947
-0.054728
-0.35323
-0.14975
0.032968
0.0127
-0.037272
-0.034379
0.13787
0.017579
-0.015496
-0.0095745
-0.010978
-0.0052589
-0.0046683
-0.0005452
-0.003847
-0.0041011
-0.002652
-0.0065023
0.0018747
-0.0013856
0.0014198
0.00060211
0.00098852
0.0014086
0.0041296
-9.2727e-05
0.0022486
0.00045793
0.0027131
0.0029201
-0.0057172
-0.0031734
-0.0054997
-0.00060217
-0.00071288
0.0035677
0.0018834
0.0017424
0.0035017
0.0011071
-0.0022055
-0.0039343
0.00037252
0.00027069
0.00096343
-0.0035207
-0.0037014
0.0034009
0.0010432
0.0013812
-0.0025724
-0.0024798
-0.023165
-0.030112
-0.23532
-0.14194
-0.15488
-0.1154
-0.12166
-0.22426
-0.39982
-0.40014
-0.15802
0.021
0.0032448
-0.07826
-0.086178
-0.34922
-0.41012
-0.3926
-0.3759
0.022758
-0.00024348
-0.007075
0.0034329
-0.0058281
0.0070987
0.018761
0.018778
0.00091185
0.0057103
0.0025768
0.0042411
0.0044684
0.0065937
-0.015163
-0.052106
-0.05555
-0.036966
-0.035421
0.12845
0.21215
0.26786
0.26685
0.08595
0.00747
-0.00029153
0.0035372
0.0044793
-0.00014748
-0.0015174
-0.013476
-0.0037543
-0.0039383
-0.001263
-0.0065507
0.00048685
0.0014406
0.0018196
0.0020294
