1.4879
1.4298
1.4216
1.3969
1.5073
1.4733
1.4617
1.4199
1.4575
1.451
1.4668
1.5076
1.5036
1.4744
1.4534
1.4096
1.4903
1.4804
1.4983
1.4576
1.4516
1.4182
1.4456
1.4206
1.374
1.4061
1.4482
1.4305
1.4605
1.4158
1.4188
1.4175
1.433
1.4335
1.4873
1.4571
1.5098
1.4657
1.4122
1.4966
1.3933
1.4268
1.4489
1.4494
1.4176
1.4845
1.4487
1.4619
1.4778
1.4467
1.4444
1.4866
1.4716
1.4078
1.3825
1.4203
1.457
1.4505
1.4001
1.4576
1.4973
1.4089
1.4185
1.4146
1.5061
1.4006
1.4621
1.4601
1.4815
1.4482
1.5083
1.4487
1.4208
1.4155
1.5072
1.4068
1.4429
1.4613
1.4993
1.5014
1.4103
1.4532
1.5004
1.4552
1.5022
1.447
1.3836
1.4861
1.4488
1.4472
1.42
1.3711
1.4523
1.4565
1.4318
1.4139
1.4588
1.4408
1.4559
1.4616
1.4132
1.5085
1.4658
1.463
1.43
1.4752
1.4607
1.4156
1.4433
1.4554
1.4607
1.4765
1.5018
1.458
1.4698
1.4995
1.4973
1.43
1.4624
1.4695
1.506
1.4726
1.4165
1.5199
1.3939
1.4599
1.4801
1.4684
1.4255
1.521
1.5179
1.4685
1.4244
1.5068
1.4224
1.42
1.4114
1.486
1.4606
1.5133
1.4551
1.4403
1.4155
1.4622
1.4224
1.4527
1.4165
1.4502
1.4218
1.4608
1.4964
1.4972
1.4509
1.462
1.4202
1.5033
1.503
1.4608
1.4585
1.496
1.3792
1.4447
1.4573
1.4547
1.3651
1.4974
1.4483
1.4509
1.4397
1.4465
1.5001
1.4403
1.4077
1.4081
1.5048
1.4099
1.4597
1.4536
1.4197
1.4562
1.461
1.3923
1.4516
1.4978
1.4481
1.4141
1.4071
1.4111
1.4949
1.4961
1.4215
1.4514
1.4875
1.505
1.5016
1.4813
1.5106
1.409
1.4342
1.4139
1.4191
1.4629
1.4137
1.4297
1.4639
1.5041
1.4702
1.4005
1.4606
1.4187
1.4579
1.4656
1.4146
1.4338
1.4083
1.4192
1.4391
1.4687
1.5005
1.4104
1.4332
1.4564
1.4225
1.4248
1.5063
1.5081
1.5047
1.4637
1.4623
1.4597
1.4769
1.4633
1.493
1.4562
1.3674
1.4653
1.4192
1.4631
1.4585
1.4636
1.4183
1.4344
1.4168
1.4479
1.3998
1.5086
1.4973
1.5052
1.4681
1.4661
1.48
1.4824
1.424
1.5069
1.3978
1.4208
1.411
1.4694
1.4884
1.5062
1.4461
1.4131
1.4663
1.4155
1.4604
1.3817
1.4254
1.4976
1.3785
1.5144
1.4716
1.5045
1.4151
1.4673
1.4174
1.4087
1.4617
1.4638
1.4831
1.4597
1.4422
1.4701
1.4457
1.5119
1.3759
1.4086
1.4189
1.4027
1.4421
1.4617
1.4992
1.4763
1.4423
1.4626
1.4111
1.4127
1.4633
1.5011
1.4461
1.4556
1.424
1.5099
1.4641
1.4511
1.4592
1.4509
1.4538
1.4638
1.4212
1.511
1.5097
1.4684
1.4516
1.4079
1.4205
1.4513
1.4678
1.4556
1.4613
1.4412
1.4686
1.4503
1.4427
1.4192
1.4221
1.4465
1.4704
1.4705
1.442
1.4738
1.4592
1.4672
1.457
1.4482
1.4673
1.3901
1.3884
1.4685
1.4686
1.4537
1.4495
1.4633
1.4278
1.4574
1.4558
1.4628
1.4316
1.4604
1.4615
1.4561
1.4277
1.4469
1.4642
1.4184
1.4787
1.5087
1.504
1.472
1.4576
1.4689
1.4625
1.4241
1.4688
1.4585
1.4189
1.5133
1.503
1.4996
1.5021
1.4123
1.4776
1.4582
1.4553
1.433
1.5009
1.4579
1.4172
1.4539
1.4673
1.4664
1.4669
1.4213
1.5092
1.43
1.4383
1.474
1.4248
1.4763
1.5216
1.4742
1.4537
1.4277
1.5142
1.5164
1.4525
1.4298
1.4681
1.468
1.4978
1.4736
1.467
1.4306
1.4676
1.4251
1.484
1.4985
1.4688
1.4192
1.4067
1.5273
1.4575
1.4677
1.4655
1.4755
1.4749
1.4601
1.5206
1.4669
1.5132
1.4691
1.4725
1.3754
1.4535
1.4653
1.4629
1.4375
1.4943
1.4227
1.4578
1.4674
1.4653
1.4353
1.4612
1.4591
1.46
1.4289
1.4656
1.4642
1.4661
1.4219
1.462
1.465
1.4593
1.4397
1.3887
1.4181
1.4442
1.4529
1.4593
1.4234
1.4504
1.4569
1.4862
1.4639
1.4584
1.4276
1.4453
1.4878
1.5136
1.4279
1.4323
1.468
1.4298
1.4691
1.4731
1.4639
1.4744
1.4621
1.4625
1.3915
1.4648
1.4479
1.4603
1.4164
1.4577
1.4388
1.4307
1.4275
1.4596
1.4149
1.4567
1.4613
1.4669
1.4402
1.4979
1.4615
1.4661
1.4616
1.4616
1.4977
1.4595
1.4678
1.4645
1.4719
1.4413
1.514
1.4646
1.4258
1.4613
1.4578
1.4354
1.4586
1.4756
1.4199
1.436
1.4548
1.5058
1.4636
1.4657
1.4946
1.4509
1.4201
1.4561
1.4572
1.4188
1.4655
1.4099
1.4284
1.46
1.46
1.4209
1.4227
1.4368
1.4618
1.4666
1.4182
1.4105
1.4188
1.4547
1.4652
1.4638
1.3939
1.4664
1.4648
1.4762
1.47
1.463
1.4696
1.4574
1.4632
1.4639
1.4601
1.4198
1.4659
1.4676
1.4338
1.5096
1.464
1.4201
1.4616
1.4606
1.5127
1.3972
1.419
1.4629
1.4501
1.4982
1.4613
1.4524
1.4075
1.4454
1.4478
1.4497
1.4623
1.4563
1.4457
1.4176
1.5041
1.512
1.4654
1.4143
1.4691
1.4218
1.4754
1.5081
1.4645
1.4315
1.4656
1.46
1.4489
1.4215
1.4132
1.4639
1.4643
1.5085
1.4569
1.5501
1.38
1.4204
1.4666
1.4341
1.5178
1.4518
1.5058
1.4671
1.4726
1.4847
1.4713
1.4338
1.4645
1.5095
1.4689
1.5224
1.4659
1.4647
1.4552
1.464
1.4527
1.42
1.4585
1.4293
1.4138
1.3951
1.4542
1.4579
1.4531
1.4647
1.4084
1.4268
1.4619
1.4566
1.4652
1.4131
1.4626
1.4088
1.4229
1.4523
1.4552
1.4576
1.4175
1.4465
1.4173
1.5111
1.4365
1.4611
1.4614
1.5129
1.469
1.4659
1.4619
1.4838
1.5121
1.4629
1.4207
1.4361
1.4618
1.4176
1.4369
1.4575
1.4596
1.4382
1.4584
1.4137
1.508
1.4657
1.5018
1.4541
1.3731
1.4932
1.4619
1.4447
1.4141
1.4488
1.4083
1.4599
1.4507
1.4587
1.4111
1.4662
1.5142
1.5105
1.4424
1.5063
1.401
1.4502
1.4602
1.4634
1.5063
1.4606
1.5071
1.4113
1.4242
1.4895
1.4577
1.4056
1.4478
1.4065
1.4363
1.4221
1.45
1.402
1.4411
1.4094
1.4998
1.4099
1.4547
1.4549
1.4429
1.5082
1.4369
1.4595
1.502
1.4308
1.4721
1.4601
1.5109
1.4511
1.448
1.3893
1.4955
1.4866
1.4569
1.4438
1.4148
1.5022
1.4461
1.3986
1.4223
1.4519
1.4572
1.496
1.5087
1.468
1.459
1.4149
1.4692
1.5138
1.4176
1.4583
1.5604
1.5118
1.4663
1.4068
1.4509
1.414
1.4513
1.4411
1.3701
1.4052
1.461
1.4495
1.4442
1.4091
1.455
1.4536
1.4467
1.4581
1.4889
1.3681
1.5012
1.4926
1.4935
1.4091
1.4501
1.4968
1.4636
1.513
1.5118
1.4084
1.4429
1.5169
1.4708
1.4546
1.4702
1.4673
1.4927
1.4676
1.4641
1.4956
1.4614
1.4547
1.455
1.468
1.4656
1.5156
1.5075
1.4163
1.4597
1.4106
1.4228
1.4642
1.4306
1.4195
1.5276
1.4569
1.3876
1.5212
1.4522
1.3984
1.472
1.471
1.4197
1.4231
1.4664
1.4251
1.4955
1.5182
1.4713
1.4163
1.5114
1.4539
1.4584
1.4949
1.4638
1.4568
1.4592
1.4648
1.3761
1.4593
1.3769
1.4621
1.4548
1.5064
1.4637
1.4674
1.5108
1.4719
1.5212
1.4252
1.4515
1.5228
1.4693
1.486
1.4855
1.398
1.4863
1.4924
1.4339
1.4609
1.4852
1.5024
1.4521
1.4512
1.4183
1.4781
1.4632
1.4605
1.4352
1.3907
1.4386
1.3901
1.4171
1.392
1.4297
1.4761
1.426
1.3782
1.4301
1.422
1.4245
1.4001
1.4028
1.4284
1.4283
1.4184
1.4302
1.4389
1.4686
1.4425
1.4583
1.4668
1.4403
1.5123
1.4634
1.434
1.4983
1.5035
1.4529
1.4539
1.4612
1.4255
1.4363
1.4435
1.4686
1.4397
1.5031
1.4682
1.4777
1.4236
1.4602
1.5057
1.4528
1.4769
1.4616
1.4168
1.4066
1.5024
1.4582
1.4326
1.456
1.5218
1.5289
1.4838
1.4869
1.4693
1.4729
1.4979
1.5002
1.4505
1.5062
1.5268
1.5508
1.4973
1.5144
1.5106
1.4424
1.4532
1.4873
1.4904
1.4398
1.4388
1.4805
1.4509
1.4471
1.4638
1.4563
1.4538
1.444
1.4495
1.3938
1.4492
1.4625
1.4611
1.4307
1.4699
1.4764
1.5304
1.4277
1.4726
1.4196
1.5283
1.4569
1.469
1.4158
1.4699
1.3964
1.4758
1.4013
1.4455
1.3807
1.526
1.5146
1.5136
1.4112
1.4751
1.4347
1.4439
1.4641
1.4798
1.4831
1.414
1.4843
1.4893
1.431
1.4082
1.5242
1.4895
1.4664
1.459
1.4529
1.471
1.4686
1.4552
1.3733
1.4949
1.4148
1.5053
1.4471
1.4832
1.4964
1.5452
1.4988
1.5157
1.5113
1.4999
1.511
1.5217
1.4255
1.5372
1.5473
1.4665
1.3833
1.4614
1.4552
1.3988
1.442
1.4104
1.416
1.3886
1.423
1.4729
1.3893
1.4281
1.473
1.4355
1.4461
1.5016
1.4902
1.5108
1.492
1.5217
1.4427
1.5069
1.4428
1.3991
1.4118
1.4066
1.3993
1.3887
1.3539
1.4365
1.3947
1.4299
1.3654
1.4512
1.4771
1.4301
1.5115
1.4676
1.5034
1.5247
1.4753
1.5144
1.5192
1.4987
1.4393
1.4753
1.5098
1.4501
1.4022
1.4187
1.415
1.384
1.4451
1.4458
1.4082
1.4653
1.5201
1.4211
1.5099
1.5489
1.4708
1.5141
1.5211
1.4693
1.4696
1.5069
1.5015
1.5026
1.4853
1.4844
1.4665
1.4481
1.519
1.5052
1.4476
1.4542
1.4825
1.3997
1.3712
1.4533
1.4636
1.4633
1.4872
1.5463
1.4541
1.5628
1.5011
1.5224
1.4916
1.5367
1.5809
1.5305
1.4632
1.5328
1.4684
1.4341
1.4106
1.4306
1.4097
1.3264
1.233
1.1569
1.0852
1.0735
0.97138
0.94935
0.95133
0.94606
1.0318
0.9277
0.89115
0.99583
0.90248
0.96031
1.0088
1.0432
1.0203
1.0366
1.1229
0.92832
1.0661
1.0875
1.0429
1.0297
0.93463
1.0406
1.0017
0.90297
0.85216
1.1114
1.018
1.1012
1.4874
1.1662
1.1785
1.0195
1.2693
1.1297
0.98011
1.4736
2.1628
2.4991
2.113
1.9758
3.0051
3.0825
1.9691
2.0794
2.4566
2.087
1.5657
2.1385
1.8765
1.3826
0.73029
0.33622
0.25872
0.33324
0.33873
0.24465
0.68256
1.0033
1.0681
1.4242
2.2893
2.1548
2.3641
2.9299
3.3382
3.7054
3.4389
2.9984
2.9595
0.83877
0.53287
0.18157
0.14948
0.047097
0.021301
0.042008
0.047279
0.05503
0.052889
0.036977
0.052685
0.062914
0.068259
0.061505
0.056889
0.031388
0.042159
0.026653
0.03176
0.028541
0.32866
0.66374
1.5275
1.783
1.8674
1.4267
1.7779
1.5264
0.98136
0.73083
0.51143
0.53964
0.39824
0.30835
0.32027
0.14355
0.11852
0.093431
0.10616
0.16411
0.3205
0.6563
2.2453
2.5404
3.3504
3.2321
3.2033
3.375
2.9602
2.1134
2.0254
2.5724
3.2151
2.6894
2.2613
3.3593
2.8985
2.1529
2.7991
2.507
2.3537
2.9285
3.2952
2.762
2.4262
2.3477
2.0677
1.1055
0.85983
0.81962
1.1063
1.4391
1.298
1.1121
1.895
2.2394
1.8548
1.7243
2.2436
2.4924
1.7326
0.66203
0.62925
0.45022
0.18866
0.091285
0.050372
0.019696
0.0022719
0.012909
0.013642
0.016706
0.014248
0.03456
0.034547
0.026467
0.033132
0.051883
0.054102
0.037468
0.078047
0.031898
0.026847
0.031008
0.026003
0.027429
0.025282
0.057716
0.61824
0.64837
0.68459
0.60149
0.55366
0.50724
0.75305
1.3969
0.79746
0.55756
0.3217
0.34145
0.4051
0.37869
0.3801
0.4593
0.49544
0.51224
0.70243
1.4305
2.6068
3.9542
5.194
5.4021
6.0408
6.7533
5.7361
4.5861
3.7189
3.8498
4.8623
4.9719
4.0371
3.8094
4.5273
4.2071
4.372
5.47
4.5392
3.9856
4.5677
4.3001
4.1551
3.886
2.943
1.947
0.87691
1.2113
1.1159
1.7536
3.0909
3.5174
3.4516
2.6504
2.0831
1.9396
1.7487
0.86623
0.87481
1.3265
0.36458
0.17557
0.10321
0.022702
-0.031593
-0.01883
0.0069006
0.007807
0.0049826
0.0099465
0.012426
0.017792
0.030919
0.018358
0.018191
0.036877
0.052453
0.042772
0.02396
0.059269
0.022591
0.03477
0.025677
0.052654
0.031422
0.042517
0.11218
0.79476
0.91472
0.68506
1.0005
0.48091
0.40666
0.55554
0.80524
0.66518
0.4344
0.33118
0.32103
0.38582
0.35441
0.51462
0.62168
0.62474
0.71033
1.44
3.0017
4.6188
5.0683
6.3629
6.8007
6.4129
7.0573
6.5562
5.2807
3.5434
3.7701
4.5365
4.449
4.3001
4.658
3.6113
3.6576
4.5998
3.767
2.5473
2.7422
2.2962
1.0034
0.45554
0.64643
0.85327
0.73523
0.65558
1.0189
1.6955
2.2
1.8572
0.85547
0.86141
0.84928
0.43477
0.022654
-0.35139
-0.23865
-0.50497
-0.1335
-0.096664
-0.025222
-0.0026684
0.002069
-0.0045813
-0.0096607
0.00010406
0.011079
0.017715
0.012547
0.02915
0.048716
0.045509
0.059326
0.044436
0.044545
0.048938
0.049619
0.031505
0.036794
0.042348
0.25678
0.61195
0.7199
0.88568
0.50563
0.42553
0.51155
0.74396
0.64499
0.70126
0.97789
1.3768
1.4524
0.65479
0.78827
0.99792
1.0385
0.99677
1.7217
2.8735
4.8518
6.488
7.1547
7.2528
8.2639
7.7281
6.0966
5.5297
6.0023
5.6858
6.2972
7.4467
7.6676
6.5446
6.4517
6.4412
6.3442
5.3804
4.8075
4.9915
5.278
4.2879
3.564
3.2832
0.50196
0.5892
0.99295
0.93955
1.9241
2.9917
3.3373
2.9961
2.86
3.1139
2.6452
2.0331
1.8962
1.1754
0.7163
0.87411
0.69417
0.41317
0.087343
-0.014743
-0.011853
-0.002395
0.002123
0.020677
0.0029605
0.0060023
0.0085082
0.013004
0.011362
0.019488
0.019296
0.021276
0.017366
0.018015
0.011125
0.018236
0.026646
0.040029
0.018876
0.24877
0.44715
0.54468
0.3466
0.23495
0.26654
0.39672
0.32513
0.33922
0.51218
0.68834
0.91512
0.92993
0.74292
0.54878
0.43225
0.5529
0.63329
0.74543
0.95036
1.1838
1.4645
2.45
6.7692
7.8285
7.8445
6.5968
5.7647
5.8553
5.9262
6.4973
7.3981
6.7139
5.6411
5.5985
5.5785
5.3522
4.8593
5.3754
4.4864
3.8622
4.3459
4.1045
2.8975
2.4809
2.4959
1.37
0.63408
0.41201
0.64848
0.76487
0.46293
0.40491
1.0387
1.9577
1.8033
1.0742
0.68196
1.2434
1.1858
0.41293
0.14032
0.02834
0.054907
0.065564
0.014619
-0.019672
-4.4668e-05
0.01676
0.0058293
0.0020071
-0.0019082
0.002915
0.0023608
0.0046243
0.0082041
0.013904
0.022888
0.022237
0.025361
0.02205
0.023596
0.033632
0.024305
0.013906
0.021566
0.017029
0.025557
0.11569
0.28168
0.26001
0.39669
0.25484
0.16008
0.24203
0.28208
0.21849
0.1524
0.20073
0.16845
0.20862
0.22203
0.29935
0.35027
0.48704
0.58504
0.9774
1.5184
2.4612
4.2291
5.1913
5.5167
6.6207
7.1722
6.6993
7.0389
6.7411
7.1872
7.6013
8.087
7.6393
7.2276
8.5017
8.3715
8.3738
7.1808
6.7472
5.1988
3.5759
2.2828
1.5046
1.0633
0.72888
1.3471
1.8844
3.6635
4.7552
4.2053
6.4343
8.7217
9.4463
9.288
8.8913
8.5263
8.3055
9.0343
8.7908
8.3477
7.3872
5.08
4.1207
2.6976
1.349
0.90783
0.48154
0.1584
0.12808
0.060863
0.079605
0.07264
0.034706
0.030704
0.038418
0.052506
0.056972
0.029654
0.065724
0.013628
0.035464
0.0048946
0.015957
0.016218
0.019436
0.018929
0.053661
0.12803
0.23541
0.16321
0.14282
0.21885
0.040636
0.0529
0.13236
0.070286
0.037996
0.013108
0.025856
0.089751
0.10593
0.07746
0.047462
0.053746
0.13023
0.31789
0.68018
1.514
2.2179
3.3058
4.1258
4.5174
5.9197
6.6946
6.3749
5.7969
6.6107
7.8869
8.0016
7.1579
8.0595
8.4116
7.7111
7.2171
7.311
7.6718
8.2972
7.9768
6.7961
6.3953
5.067
2.0673
1.7813
2.4043
3.287
4.0642
4.9679
4.0867
4.9705
6.4352
6.5192
5.6208
5.6498
5.0402
5.0571
6.0609
6.0309
6.2379
4.5269
2.714
2.1408
1.0211
0.42791
0.32481
0.22502
0.14712
0.13266
0.092117
0.070277
0.077287
0.060335
0.04031
0.034397
0.031014
0.024596
0.017067
0.023151
0.026191
0.0059302
0.0046935
0.015573
0.0063257
0.0016933
0.0043305
0.0031278
0.086683
0.076405
-0.043587
0.090246
0.23393
0.016376
-0.085778
-0.0063106
0.037071
0.072061
0.053143
0.082204
0.096013
0.02181
0.031657
0.018433
0.090537
0.25357
0.40693
0.61044
1.0269
1.4724
2.3924
2.7454
3.2724
3.4769
3.322
3.5483
4.6255
5.4962
5.9674
5.6633
5.5277
5.7547
5.0828
4.9089
5.6746
5.7549
6.7773
5.9457
4.183
4.1929
2.6829
1.3736
1.5282
1.4648
1.6327
2.4486
2.5959
2.9871
3.3223
2.6115
2.9644
3.7988
4.1516
4.9941
5.4058
6.0729
6.4234
5.7775
3.7735
2.9506
2.2822
1.3892
0.96264
0.51587
0.24706
0.09022
0.15056
0.11377
0.045252
0.029632
0.048084
0.031531
0.025861
0.025158
0.017115
0.022349
0.021719
0.0099069
0.0007373
-6.5336e-06
0.0041765
0.0015958
0.00036429
0.0029803
0.0026144
-0.0010754
-0.002438
-0.075644
-0.127
-0.082007
-0.21568
-0.13603
-0.085703
-0.091544
-0.28723
-0.36429
-0.26379
-0.15503
-0.16614
-0.21007
-0.14568
-0.18832
-0.19116
-0.18461
-0.39791
-0.48119
-0.40602
-0.89976
-1.5553
-1.0756
-0.78309
-0.57339
0.34221
1.6459
2.234
2.5824
3.1712
3.5889
4.4911
5.0488
4.8195
5.1727
5.3833
5.26
5.8706
7.1768
6.7903
6.4509
6.6723
4.9418
3.8056
4.2659
2.3176
0.98004
0.78332
0.80107
1.1865
1.1203
1.0587
1.2778
2.1236
6.0899
5.9727
5.7434
6.1085
7.378
8.2234
7.3529
4.9546
3.3657
2.3297
1.532
1.1443
0.46093
0.33592
0.1073
0.059939
0.069959
0.085872
0.032763
0.048995
0.026384
0.030552
0.020032
0.014633
0.010732
0.007892
-0.0012598
0.00056613
-0.0094622
-0.0046884
0.0045324
0.0023869
-0.002169
0.0025714
-0.0030206
-0.11917
-0.10068
-0.088124
-0.15405
-0.27926
-0.45745
-0.39757
-0.36523
-0.31208
-0.25779
-0.17508
-0.18403
-0.35986
-0.34811
-0.46135
-0.57343
-0.78038
-0.96608
-1.3511
-1.4232
-1.3816
-1.8824
-1.6279
-1.2111
-0.89826
-0.70041
0.57054
1.2861
2.0176
2.8103
3.1961
2.5792
2.6568
3.8053
4.4696
5.0105
5.3077
5.3058
4.9536
4.2135
3.3002
2.2617
0.89565
1.0673
1.4833
1.0507
1.4815
1.8682
2.2242
3.0398
2.6394
3.1834
4.5263
4.8903
4.3128
4.8858
6.7706
7.0352
7.1002
4.9334
5.1086
3.8513
1.6677
1.2827
0.68116
0.42592
0.34196
0.083923
0.088791
0.063264
0.067423
0.084617
0.045036
0.034604
0.015345
0.016741
0.0062688
-0.0037656
-0.012544
-0.017544
-0.010325
-0.0028579
0.069721
-0.062184
-0.041127
-0.029059
-0.26792
-0.21062
-0.10007
-0.18394
-0.27424
-0.28406
-0.18787
-0.23569
-0.39427
-0.32748
-0.34967
-0.35531
-0.41501
-0.491
-0.50181
-0.54857
-0.62875
-0.64942
-0.85875
-1.3316
-2.5108
-3.0046
-2.5508
-2.4852
-2.6483
-2.4807
-2.3979
-1.4457
-1.8003
-0.48946
0.49223
0.69905
1.4974
1.4138
1.7288
1.733
1.9869
2.3243
2.8141
2.569
1.8723
1.6167
1.0624
0.45719
0.43323
1.2807
2.055
1.9618
1.8161
2.0524
1.5899
2.2491
3.535
4.4628
4.8533
5.4299
7.0359
8.1528
8.7851
9.5408
7.879
7.4562
6.7424
5.5001
3.0726
1.765
0.62477
0.27615
0.26019
0.16862
0.079021
0.06675
0.074595
0.047119
0.044392
0.020228
0.017388
0.0026394
-0.013906
-0.025848
-0.026603
-0.013781
-0.014921
-0.0065382
-0.005047
-0.094922
-0.099154
-0.1101
-0.23838
-0.35146
-0.23631
-0.27029
-0.4476
-0.43806
-0.45887
-0.58743
-0.51266
-0.45803
-0.30788
-0.35558
-0.44361
-0.55124
-0.73943
-0.92631
-1.9525
-3.0478
-3.7144
-4.4531
-4.7152
-4.6186
-4.2492
-3.7699
-3.1188
-2.4868
-1.5634
-1.0164
0.032285
0.66312
1.5647
2.2141
1.7578
2.3325
2.6476
3.0631
3.3984
3.7452
3.5431
3.1595
1.6466
0.7418
0.37959
0.3254
0.27215
0.33165
-0.03394
-0.3743
-0.49575
-1.6516
-1.7298
-1.3409
-1.8644
-0.84647
-0.29259
0.48594
1.0786
1.4805
2.5542
2.3827
2.4051
2.4651
3.0515
2.7457
1.864
1.1056
0.20897
0.013648
0.3272
0.064491
0.036129
0.039954
0.041718
0.052213
0.034348
0.021548
0.014659
0.011835
0.014489
0.0095142
0.021151
0.010334
0.01056
0.0057221
0.046527
-0.17716
-0.48572
-0.36796
-0.65726
-0.43279
-0.3432
-0.26172
-0.01132
-0.058223
-0.074718
-0.11512
-0.1346
-0.1623
-0.19379
-0.27407
-0.36253
-0.43734
-0.25713
-0.44729
-0.87015
-2.0056
-3.794
-6.6581
-8.404
-8.4355
-8.2581
-9.2239
-7.741
-6.1303
-4.279
-2.741
-1.9466
-1.5977
-1.0087
-1.0531
-0.41608
0.77884
1.4794
1.2017
1.5362
2.367
3.0711
3.6144
3.8847
3.9998
3.2038
1.9081
1.6181
1.6005
3.3654
3.7959
4.397
4.6073
4.1304
3.692
3.8051
4.0714
3.9056
4.8818
5.7622
3.5041
3.4306
1.9332
1.1235
0.63639
0.20697
0.030005
0.0050485
0.01926
0.022841
0.0079331
0.014662
0.019302
0.0088858
0.0018465
-0.017066
-0.023703
-0.026108
-0.020219
-0.039737
-0.028071
-0.0063839
-0.012162
-0.012019
-0.0099753
-0.051473
-0.56577
-1.1934
-1.464
-1.5474
-1.3703
-0.56346
-0.25333
-0.20007
-0.18862
-0.097609
-0.10575
-0.074871
-0.099098
-0.14626
-0.16126
-0.19922
-0.19413
-0.17401
-0.37173
-0.82139
-2.562
-5.626
-7.8848
-8.9457
-8.9171
-8.4072
-6.9437
-5.4479
-3.3476
-3.0713
-2.306
-1.6476
-1.7299
-1.6187
0.054597
0.70667
1.21
1.3722
1.4373
1.8508
2.5796
3.257
3.0581
3.2651
2.4093
0.74273
0.7064
0.44937
0.52777
1.0141
0.97075
1.1975
1.0038
0.82574
1.206
1.8657
3.1785
4.1098
4.7444
5.5309
3.3965
3.1547
2.3935
1.8939
0.97652
0.60018
0.10655
0.0038671
0.055337
0.038836
0.026677
0.038604
0.017815
0.020545
0.0087409
-0.0076643
-0.016121
-0.022124
-0.037733
-0.03648
-0.011656
-0.0022531
-0.0056348
-0.01104
-0.019066
-0.0076339
-0.31903
-0.69499
-0.9662
-0.88014
-1.0497
-0.6009
-0.61556
-0.54927
-0.42237
-0.37578
-0.38858
-0.2804
-0.20746
-0.30867
-0.38032
-0.41563
-0.39037
-0.53156
-0.71781
-1.4771
-3.2933
-5.2134
-6.7191
-7.9469
-7.3009
-7.5372
-6.9213
-5.5788
-3.4174
-2.7008
-1.4624
-1.0631
-0.2084
-0.27089
-0.15218
0.87575
1.4567
1.4395
1.4146
2.0354
1.9759
2.293
2.8887
3.0389
2.4389
1.3534
0.65948
0.46556
1.5581
2.0502
1.9584
2.1674
2.2236
2.1098
2.5317
2.7155
2.5957
3.6409
4.5385
5.3345
4.0873
4.182
3.7258
2.4099
1.048
0.5653
0.16358
0.0088115
0.012828
0.0085208
0.051435
0.023671
0.030134
0.041528
0.019923
0.0095685
-0.00047434
-0.020237
-0.019827
-0.0032094
-0.0022482
-0.007281
-0.0048569
-0.010513
-0.011018
-0.026593
-0.10413
-0.6439
-0.73304
-0.90347
-0.7559
-0.43869
-0.76872
-0.86181
-0.61883
-0.43308
-0.23756
-0.26079
-0.24483
-0.12338
-0.15704
-0.2337
-0.27291
-0.39837
-0.54728
-1.5169
-3.0747
-4.8249
-6.3921
-6.1956
-7.142
-6.6853
-5.5327
-4.0672
-2.8538
-1.7256
-0.76631
-0.25717
0.28847
0.23224
1.3699
2.0733
2.6377
2.1822
2.2543
2.6985
2.9807
3.6691
3.8449
4.0013
2.5896
1.3217
0.71416
0.67786
0.65945
0.7358
0.80334
0.6528
1.1473
1.1788
1.3082
1.4052
1.7259
1.9149
1.8156
2.1698
2.8006
3.25
4.2399
4.4969
3.4719
0.72011
0.4016
0.071843
0.0095569
0.019733
0.030179
0.022898
0.0091619
0.018052
0.010054
0.0033537
-0.01388
-0.025238
-0.027627
-0.023817
-0.026618
-0.012997
-0.0094533
-0.023068
-0.020568
-0.024185
-0.21843
-0.4652
-1.2335
-1.298
-1.3292
-1.0444
-0.80999
-1.0632
-1.2363
-0.97235
-0.38492
-0.43241
-0.40323
-0.24951
-0.2269
-0.33232
-0.23173
-0.21695
-0.27171
-0.34629
-0.33415
-0.30752
-4.4996
-6.7841
-7.591
-7.5752
-7.9235
-7.1316
-5.7426
-4.4505
-2.9486
-1.7897
-1.0494
-0.28565
0.072852
-0.15642
0.60743
1.6609
1.6676
2.0902
2.453
2.7122
3.0784
3.2667
3.7816
3.6727
2.3196
1.4958
1.0081
1.0904
1.0065
0.95546
1.1171
1.744
1.9009
2.1171
2.4988
2.1675
2.58
2.767
2.1413
2.481
3.4715
4.6197
4.6121
3.3803
3.2196
2.6762
1.4253
0.6815
0.21669
0.02736
0.011096
0.024145
0.018379
0.010048
0.005415
-0.0051569
-0.0087022
-0.0098773
-0.0084387
-0.0010349
-0.0028454
-0.0069507
-0.0043621
-0.0098972
-0.055943
-0.64595
-0.78789
-1.1548
-1.1244
-0.64144
-0.40513
-0.44898
-0.079524
-0.0083834
-0.37533
-0.076275
-0.010956
-0.014317
-0.086633
-0.021234
-0.018733
-0.054127
-0.10892
-0.12292
-0.17547
-0.25958
-0.33301
-0.24894
-0.48631
-1.8773
-5.1982
-6.9552
-7.4318
-4.5411
-3.2787
-2.9549
-2.3068
-2.1473
-2.2606
-0.67653
-0.050345
0.73999
0.98247
1.0556
1.4846
2.055
2.7063
2.7216
2.8265
2.9217
1.7082
0.68437
0.56026
0.63535
0.78031
0.65085
0.59807
0.87942
1.1286
1.1524
1.2033
1.3859
0.96705
1.364
1.5808
2.0308
3.0128
4.1931
4.1812
3.1932
3.3995
2.6989
1.4852
0.85732
0.43608
0.064415
0.0084298
0.098845
0.02689
0.034789
0.022132
0.01227
0.0032132
-0.0059153
-0.012503
0.0044447
0.0070715
0.0044084
0.0025735
-0.0055294
-0.01329
-0.11133
-0.3003
-1.0849
-1.1903
-0.81714
-0.62417
-0.63188
-0.72755
-0.57038
-0.57535
-0.18071
-0.25458
-0.1843
-0.15617
-0.1633
-0.17607
-0.24274
-0.19369
-0.28354
-0.37938
-0.39813
-0.37797
-0.41174
-0.67022
-1.2534
-3.161
-5.2427
-7.5643
-8.2714
-7.4455
-8.2891
-7.6499
-5.1469
-4.3942
-4.901
-4.8602
-3.3883
-2.7995
-2.1568
-1.9682
-1.6516
-1.1339
-0.49556
0.035388
0.74125
0.72949
0.37938
0.23522
0.16123
0.10252
-0.10618
-0.30699
-0.2156
-0.19446
-0.83682
-0.85563
-0.88411
-1.1059
-0.62567
0.077663
0.3152
0.59784
1.9375
2.9467
3.4463
2.8061
3.0383
2.3561
1.992
1.1446
0.45669
0.12828
0.0016118
0.010596
0.057489
0.044649
0.014767
0.013723
0.02196
0.0074591
-0.0078424
-0.0040201
-0.003241
0.0015234
-0.0041686
-0.0062151
-0.0098614
-0.12404
-0.37909
-0.43147
-0.71054
-0.36135
-0.33451
-0.55106
-0.50404
-0.31653
-0.14144
-0.23118
-0.19081
-0.19339
-0.1497
-0.14851
-0.13392
-0.1848
-0.2835
-0.30353
-0.31375
-0.40359
-0.46682
-0.70511
-1.4858
-3.2499
-5.2079
-7.5602
-8.2875
-8.5093
-8.5186
-7.3363
-5.9062
-4.5158
-3.2331
-1.7559
-1.5017
-0.57679
-0.30087
-0.087766
0.19148
0.54938
1.0682
1.6825
1.6009
1.0493
0.57404
0.34912
0.26726
0.3201
0.24365
0.17241
0.097119
0.091341
-0.20479
-0.039439
-0.11847
-0.16519
0.67453
1.2928
1.7197
2.2269
3.1455
3.9763
4.4697
3.3226
3.4097
2.5394
1.4944
0.78545
0.36943
0.069431
0.011592
0.0066414
0.033157
0.024818
0.011234
0.011534
-0.0019717
-0.0089486
-0.0024048
0.00060833
0.0038258
-0.0019762
-0.0054494
-0.0071831
-0.01284
-0.11449
-0.23863
-0.64752
-0.66776
-0.6016
-0.43256
-0.51144
-0.69468
-0.68934
-0.30513
-0.37223
-0.39076
-0.33539
-0.37145
-0.36169
-0.21482
-0.21358
-0.22968
-0.27039
-0.38352
-0.47618
-0.61149
-1.2042
-2.5748
-4.6586
-7.6672
-6.9354
-5.3386
-3.7057
-2.4986
-1.8082
-1.1279
-0.90063
-0.42101
0.27646
0.88017
1.0225
1.0234
1.4383
1.7356
2.0155
2.5086
2.6209
2.0979
1.2128
0.60576
0.30484
0.23483
0.24883
0.15721
0.14223
0.057039
0.18972
0.23929
0.058063
-0.23238
-0.49998
-0.092108
0.33955
0.94273
0.92406
1.2648
1.496
1.1278
0.49931
0.22354
0.05895
0.0022901
0.0015698
0.021346
0.0049526
0.0079664
0.0065707
0.00088262
-0.0058729
-0.023706
-0.03352
-0.043632
-0.049432
-0.025486
-0.017992
-0.018736
-0.025231
-0.024766
-0.02516
-0.026564
-0.24156
-1.2492
-1.2442
-1.3187
-1.2479
-0.54358
-0.32356
-0.26839
-0.23561
-0.2486
-0.13526
-0.11504
-0.15487
-0.17999
-0.23339
-0.29703
-0.36194
-0.50122
-0.71378
-1.7296
-3.7566
-5.6956
-7.5804
-8.5748
-7.3326
-7.5971
-6.8831
-5.1865
-3.4165
-2.681
-1.8512
-1.5432
-0.97802
-0.27605
0.95594
1.0514
1.5967
1.7912
1.8876
2.4558
2.9363
2.8593
0.67061
0.30829
0.25027
0.28396
0.26972
0.22069
-0.037049
-0.0082969
-0.12974
-0.55888
-0.62827
-0.91481
-0.49846
-0.28552
0.01824
1.2467
2.0474
3.0252
3.6704
3.0308
3.0949
3.0351
2.3749
1.2721
0.67015
0.15302
0.035892
0.014835
0.013692
0.060447
0.027482
0.0056834
0.021045
0.017461
-0.001905
-0.01295
-0.014607
-0.02913
-0.0074461
-0.0046984
-0.0085083
-0.014334
-0.83018
-1.0866
-1.0894
-0.87742
-0.88179
-0.76222
-0.8583
-0.46832
-0.16924
-0.053754
-0.059178
-0.016328
-0.098027
-0.14216
-0.11528
-0.15588
-0.19891
-0.24116
-0.23127
-0.26983
-0.37975
-0.52221
-0.84974
-2.4924
-5.253
-7.2631
-7.4707
-5.2601
-3.9802
-2.9097
-2.8629
-1.9617
-1.7501
-1.2935
-0.32196
0.30161
0.74643
0.69771
1.3391
1.5125
2.0932
2.137
1.945
1.1902
0.7291
0.43861
0.22292
0.29144
0.24935
0.2897
0.26196
0.17475
-0.35507
-0.57824
-0.65705
-0.56631
-0.25594
0.43727
0.47123
0.74082
1.9861
3.2709
3.7387
3.3517
3.5756
3.142
2.6606
1.6939
0.76369
0.1847
0.020953
0.0067217
0.086353
0.051758
0.049074
0.029557
0.042042
0.015462
0.0053983
-0.0068162
-0.01993
-0.020186
-0.0033986
-0.0039002
-0.011982
-0.010636
-0.012992
-0.017802
-0.090761
-0.46417
-1.2892
-1.1941
-1.3104
-1.5652
-1.1718
-1.211
-1.1195
-0.52975
-0.17744
-0.13325
-0.088085
-0.084663
-0.13455
-0.15943
-0.17611
-0.21599
-0.26931
-0.47197
-0.8081
-2.1521
-4.9268
-7.4449
-8.011
-8.95
-8.8391
-8.8384
-7.4136
-5.0869
-4.1714
-3.2218
-2.4415
-2.3514
-1.6202
-1.3053
-0.077988
0.70209
1.0263
0.82265
1.1868
1.8716
2.1745
0.27873
0.16943
0.36721
0.2872
0.12073
-0.2309
-0.27509
-0.57018
-0.8157
-0.4485
-0.64392
-0.34189
0.313
0.85337
1.5309
2.1996
3.1726
3.7072
3.0061
3.1587
2.7471
2.1791
1.1817
0.59781
0.17618
0.03414
0.0055576
0.074234
0.035346
0.032241
0.010151
0.012301
0.0042591
-0.004857
-0.015753
-0.027388
-0.027004
-0.018582
-0.012284
-0.020937
-0.016089
-0.021527
-0.023775
-0.14525
-1.1875
-1.1267
-1.0743
-1.1635
-0.98313
-0.48813
-0.22531
-0.19564
-0.10464
-0.08225
-0.11725
-0.12371
-0.081347
-0.12909
-0.17762
-0.17613
-0.2266
-0.31362
-0.42979
-0.43192
-0.80057
-2.1291
-4.7287
-7.5417
-8.7729
-8.4866
-8.9567
-8.7923
-7.2862
-5.1611
-3.7944
-3.0249
-2.4511
-2.0691
-1.232
-0.95283
0.26734
0.52971
0.9119
1.1618
1.0183
1.6068
2.1177
2.1161
1.9816
1.0351
0.39898
0.32827
0.37138
1.2987
1.2922
1.3121
2.0299
1.6586
1.8023
1.9807
2.2339
2.2447
3.8436
4.8283
5.2802
4.7789
4.9377
4.0115
3.2341
2.0837
0.86753
0.22614
0.090247
0.023107
0.033798
0.048318
0.033648
0.027165
0.033367
0.0254
0.014074
0.0048618
-0.0034703
-0.010169
-0.0025341
0.0035651
-0.0095507
-0.0070259
-0.01153
-0.010142
-0.099867
-0.31768
-0.6837
-0.97384
-0.82076
-0.68619
-0.55872
-0.6854
-0.60974
-0.43714
-0.43843
-0.23088
-0.18739
-0.13269
-0.21546
-0.19973
-0.29644
-0.31302
-0.2859
-0.3916
-0.49916
-0.84825
-2.4237
-4.9659
-7.5486
-8.1921
-8.9129
-9.1193
-8.593
-6.9774
-5.376
-3.996
-3.1771
-3.1909
-2.1955
-1.7136
-1.1592
-0.25082
0.33235
0.50635
0.52728
0.7977
1.4038
1.8707
2.3487
2.6294
2.6124
1.657
0.72616
0.6418
0.77069
0.79072
0.67426
0.67399
0.95952
1.1819
0.99706
1.4505
1.7552
1.4881
1.9265
2.1765
2.6109
3.5344
4.2589
4.7122
3.0038
0.20011
0.0058734
0.0069343
0.023417
0.023242
0.0098914
0.021049
0.0066821
0.0012674
-0.010488
-0.016675
-0.029754
-0.046929
-0.052482
-0.04476
-0.027358
-0.028363
-0.031665
-0.019259
-0.031674
-0.032488
-0.034352
-0.31749
-0.9178
-0.63904
-0.78689
-0.67547
-0.55887
-0.6526
-0.76266
-0.47764
-0.3916
-0.48578
-0.43368
-0.39641
-0.30015
-0.22132
-0.33202
-0.34322
-0.426
-0.56673
-0.61616
-0.76299
-1.3613
-3.3011
-5.3273
-7.1876
-7.8051
-6.9644
-6.0762
-6.1238
-4.1375
-3.0011
-3.1696
-2.238
-1.5246
-0.439
0.015843
0.65528
1.028
0.89464
1.1709
1.972
1.6015
1.8395
1.2909
0.55972
0.24443
0.1717
0.21893
0.19747
0.13465
0.05594
0.020456
-0.1766
-0.25291
-0.56889
-0.76414
-0.72483
-0.52631
-0.17264
0.24036
1.3566
2.302
3.2512
3.8424
2.8379
2.6034
1.8033
1.0868
0.54117
0.35313
0.07567
0.0094418
0.0080416
0.033076
0.034079
0.017359
0.020142
0.013774
-0.0039268
0.0016094
0.0071715
0.0042781
0.00084698
-0.0042989
-0.010672
-0.011313
-0.024198
-0.09077
-0.26354
-0.42537
-0.41694
-0.29742
-0.2748
-0.29423
-0.42654
-0.31573
-0.37438
-0.36287
-0.54015
-0.68207
-0.5906
-0.57396
-0.59698
-0.60822
-0.52308
-0.68183
-0.86345
-1.082
-1.6022
-2.8957
-4.7995
-6.1195
-7.2971
-7.3588
-6.8089
-5.5979
-5.3544
-3.5628
-2.4035
-1.2072
-0.57831
-0.39643
0.91757
0.92058
1.7927
1.5745
2.112
1.9266
1.9679
2.6953
3.1029
3.3037
3.4088
2.341
0.13559
0.16264
0.15365
0.11404
0.0065657
-0.088439
-0.28025
-0.50778
-0.97396
-1.963
-1.1283
-0.96531
-0.27478
0.51197
1.3545
2.6085
3.5242
2.6135
3.0064
2.965
2.1616
1.1116
0.54727
0.30663
0.013342
0.037003
0.033712
0.022133
0.025159
0.027438
0.020566
0.0055891
0.00097319
0.0016392
-0.0039994
-0.010045
-0.019007
-0.022599
-0.01586
-0.01243
-0.0063473
-0.0019112
-0.19566
-0.54224
-0.75137
-0.30635
-0.34483
-0.21362
-0.063936
-0.088649
-0.07762
-0.042154
-0.034299
-0.068657
-0.089487
-0.14094
-0.20828
-0.2093
-0.20733
-0.22497
-0.33292
-0.64681
-1.161
-3.1818
-5.0856
-6.6125
-7.9071
-8.1612
-8.7538
-8.3885
-7.1592
-6.1932
-5.0721
-3.6609
-3.2071
-2.9938
-1.7605
-0.90659
-0.81295
-0.087105
0.17387
-0.17468
0.16539
0.60584
0.58669
0.46234
0.36174
0.28558
0.28653
0.18313
0.061385
-0.45926
-0.39026
-0.078898
-0.45818
-0.3824
0.45772
1.6812
1.9886
3.2188
4.7596
4.7826
5.5011
5.1931
4.6331
4.5813
4.1652
2.4828
0.95009
0.53809
0.022421
0.06551
0.027329
0.063143
0.032102
0.031899
0.02291
0.0065086
-0.0038951
-0.014213
-0.020544
-0.036544
-0.051122
-0.043781
-0.023786
-0.017268
-0.031928
-0.015419
-0.01157
-0.02268
-0.38017
-0.22469
-0.50872
-0.56891
-0.53676
-0.7224
-0.74153
-0.37738
-0.26302
-0.14748
-0.11425
-0.21321
-0.19804
-0.11994
-0.11276
-0.56329
-0.76482
-1.0259
-1.3361
-2.9494
-6.0476
-8.7071
-8.6065
-7.8265
-7.1608
-7.1469
-5.1597
-3.96
-3.1925
-2.4288
-2.2981
-1.6253
-1.1204
-0.045144
0.16859
0.78573
1.4538
1.6694
2.2131
2.537
2.8308
3.0025
2.6239
2.7081
1.7615
0.94758
0.58057
0.71804
0.8488
0.40369
0.4895
0.99999
1.2054
1.6121
1.6761
1.6656
2.1147
3.2057
4.1516
4.2867
2.3495
2.1027
1.4599
0.8805
0.54269
0.37938
0.078743
0.085746
0.011148
0.01716
0.02274
0.0040614
0.016554
0.007723
0.0012103
-0.017496
-0.025295
-0.033493
-0.018571
-0.024149
-0.017703
-0.021332
-0.20658
-0.63881
-0.91465
-0.71954
-0.7836
-0.90479
-0.69052
-0.7122
-1.0188
-0.55037
-0.38077
-0.59343
-0.50684
-0.41891
-0.38499
-0.2918
-0.26261
-0.26093
-0.31729
-0.39623
-0.47469
-0.49037
-0.78327
-1.8676
-3.5093
-5.174
-6.9517
-7.3561
-7.7292
-7.8702
-7.5214
-5.8284
-4.2752
-3.1707
-2.5629
-2.4936
-2.6515
-2.4198
-2.4785
-1.9077
-1.215
-0.84456
-0.32745
-0.08078
0.065551
0.031233
-0.0028411
-0.00035723
-0.083431
-0.16054
-0.35594
-0.96088
-1.7514
-2.4341
-3.4522
-3.7092
-4.0044
-3.7314
-2.247
-1.6031
0.00062722
1.1531
1.9486
2.9715
2.6739
2.8502
2.9611
3.2077
2.4224
1.1895
0.64571
0.11312
0.033288
0.035633
0.044148
0.032427
0.023255
0.018854
0.026508
0.017902
0.020868
0.017197
0.006791
0.00049248
-0.0072974
-0.028469
-0.12135
-0.38945
-0.5709
-0.62127
-0.49083
-0.44657
-0.49211
-0.69265
-0.59174
-0.31766
-0.32789
-0.51017
-0.37332
-0.29124
-0.32179
-0.3221
-0.28785
-0.35222
-0.3569
-0.44606
-0.4965
-0.56286
-0.79307
-1.4902
-3.553
-6.4566
-8.2042
-8.8947
-9.6959
-10.209
-9.0076
-7.2185
-5.2405
-4.715
-3.8856
-3.9491
-3.3772
-2.3014
-1.5301
-1.7745
-1.1179
-0.67922
-0.45627
0.19398
0.51362
0.81416
0.37119
0.27962
0.18402
0.32612
0.34703
0.16427
0.20315
-0.080262
-0.65016
-1.0386
-0.86354
-0.58915
-1.0984
-0.52151
-0.13925
0.73024
1.851
2.7467
3.2812
2.6338
2.7249
2.7
1.7626
0.88627
0.52122
0.16499
0.0096517
0.027415
0.0089226
0.022725
0.015367
0.01416
0.0075212
0.00016486
-0.011946
-0.024176
-0.037506
-0.05955
-0.043803
-0.01935
-0.025534
-0.038653
-0.015473
-0.86928
-0.89346
-0.67366
-0.66653
-0.84504
-0.9298
-0.86302
-0.67167
-0.61663
-0.48727
-0.46363
-0.35414
-0.32528
-0.23064
-0.2712
-0.30123
-0.35284
-0.43304
-0.48922
-0.7247
-1.0425
-1.9514
-3.9392
-6.1065
-7.7082
-7.8255
-8.3577
-8.8793
-8.2869
-7.0442
-4.9221
-4.1121
-3.4046
-3.7116
-2.8614
-2.2596
-1.5902
-1.4207
-0.90244
-0.74069
-0.70886
0.11611
0.45176
0.49068
1.1632
1.7522
1.2717
0.66266
0.38236
0.52615
0.28409
0.012225
-0.032995
0.54635
0.53711
0.55519
1.0306
1.5178
1.92
2.815
3.6269
3.9637
3.0798
3.6027
2.4847
2.0644
0.79214
0.40396
0.15129
0.029935
0.0059081
0.019987
3.5708e-05
0.010556
0.011594
0.0057594
-0.0032425
-0.016438
-0.026169
-0.035264
-0.047628
-0.044258
-0.029795
-0.017687
-0.028183
-0.035547
-0.028262
-0.015267
-0.41558
-0.86426
-1.1938
-1.1366
-0.87273
-0.72259
-0.70412
-0.64928
-0.63842
-0.52094
-0.58281
-0.45547
-0.43776
-0.39204
-0.35616
-0.52686
-0.78282
-0.81963
-0.98608
-1.6314
-3.4597
-5.7912
-7.6979
-8.5968
-10.11
-9.2735
-8.4212
-6.8667
-5.0997
-4.0028
-3.4804
-3.5826
-2.6099
-2.3443
-1.8263
-1.3545
-0.8629
-0.78961
-0.81525
-0.0099819
0.35228
0.68092
1.0078
1.1701
0.86381
0.49581
0.21571
0.20864
0.16698
0.10933
0.13093
-0.034153
-0.23728
-0.70174
-0.71568
-0.4016
-0.37476
-0.51011
0.30646
0.60479
1.5286
2.7634
3.4176
4.1774
3.3471
3.1048
2.7402
2.8764
1.6694
0.84067
0.20141
0.016455
0.012724
0.039363
0.024533
0.015378
0.0036384
-0.0014342
-0.011005
-0.0066063
-0.0042669
-0.0082616
-0.018955
-0.017198
-0.018843
-0.020867
-0.026728
-0.35954
-0.80647
-1.2602
-1.2965
-1.1317
-0.81102
-0.93521
-1.0731
-0.89674
-0.50581
-0.60831
-0.43979
-0.40438
-0.32692
-0.27447
-0.27158
-0.21875
-0.26997
-0.30764
-0.30494
-0.41524
-0.6187
-0.44986
-0.98791
-3.0313
-7.0297
-8.4368
-9.2496
-9.6856
-10.275
-8.874
-7.6003
-5.8575
-5.2676
-4.5697
-4.8949
-4.0611
-3.638
-2.6534
-1.8113
-1.699
-1.4399
-1.3703
-0.82486
-0.21937
-0.27391
0.53929
1.0439
1.9557
1.8023
1.2103
0.86465
0.88302
0.95864
0.86495
0.90577
1.2589
1.3417
1.4274
1.7381
2.6131
2.3779
2.0261
2.4388
2.8398
2.7139
3.6694
4.5707
3.2427
2.371
1.6148
1.1318
0.56631
0.35515
0.039445
0.017175
0.021919
0.031056
0.010397
0.010525
0.015857
0.0021944
-0.010841
-0.0067665
-0.0059598
-0.0007571
-0.0082316
-0.010954
-0.017165
-0.023069
-0.013266
-0.33005
-0.62386
-1.1549
-1.0459
-0.8478
-0.62728
-0.78403
-0.88185
-0.68504
-0.54372
-0.53612
-0.3137
-0.28751
-0.30634
-0.22929
-0.098497
-0.14035
-0.18083
-0.23526
-0.24133
-0.35625
-0.5537
-0.36381
-1.1464
-3.261
-6.1145
-7.0325
-8.6902
-8.2448
-8.375
-7.6768
-6.1272
-4.9556
-3.8371
-3.5034
-3.7392
-3.133
-2.251
-1.8243
-1.7322
-0.85588
-0.75237
-0.015552
0.6721
1.2288
0.99018
0.93145
0.75991
0.60928
0.60254
0.47177
0.60276
0.62815
0.59468
0.5591
1.1415
1.7679
1.1607
1.3813
1.6544
1.8213
2.5119
3.4931
4.1219
2.7232
2.4438
1.6732
1.0601
0.66196
0.41147
0.08756
0.017302
0.035522
0.02886
0.019225
0.0090037
0.012876
0.0045698
-0.0018003
-0.012535
-0.034665
-0.049589
-0.050392
-0.028138
-0.027461
-0.044396
-0.045663
-0.048792
-0.036212
-0.32462
-1.5055
-1.8243
-2.2186
-2.1805
-1.4661
-1.2793
-1.6994
-0.54079
-0.50217
-0.38259
-0.29639
-0.28517
-0.23088
-0.24246
-0.28887
-0.28614
-0.32056
-0.367
-0.44788
-0.29769
-0.76517
-2.8112
-5.4596
-7.875
-8.5453
-8.4372
-9.3951
-8.3659
-7.5716
-6.0237
-4.5159
-4.0738
-4.3119
-4.2908
-3.3516
-2.1526
-2.1032
-2.0144
-1.2495
-1.1952
-1.0718
-0.28416
0.16265
0.57976
1.3172
1.7667
1.7343
1.0101
0.57836
0.51303
0.38924
0.54374
0.53183
0.5073
0.70065
1.4454
1.5823
1.1406
1.6366
2.0075
2.3191
2.7976
3.0566
3.7151
4.0154
2.9621
3.3318
0.066407
0.033249
0.05329
0.034807
0.019277
0.0099504
0.010747
0.0047215
-0.0028764
-0.0091018
-0.016367
-0.029274
-0.044531
-0.017129
-0.028827
-0.029879
-0.039513
-0.04741
-0.0161
-0.037432
-0.15754
-0.52445
-0.79104
-1.0084
-0.8037
-1.0391
-1.2114
-1.413
-1.2214
-0.86067
-0.65607
-0.77575
-0.6413
-0.4913
-0.3984
-0.32269
-0.35055
-0.43566
-0.48537
-0.46045
-0.57168
-0.74591
-0.8626
-1.3927
-3.1971
-5.6343
-6.9011
-5.146
-4.1146
-3.4606
-3.4606
-3.5724
-2.7813
-2.122
-1.6854
-0.96383
-0.90641
-0.68008
-0.3783
0.078284
0.44367
0.84294
0.805
1.2243
0.51894
0.14046
0.058296
0.030237
-0.039146
-0.20483
-0.32561
-0.58902
-1.0588
-1.3398
-1.5412
-1.9207
-2.1479
-1.5528
-0.46056
0.62849
1.7663
2.7719
3.6874
4.0498
3.8279
3.966
3.3592
3.0266
2.1604
1.012
0.46511
0.085973
0.0096513
0.10777
0.035438
0.023108
0.017476
0.0089724
0.0098884
-0.0039166
-0.01776
-0.026598
-0.012672
-0.012888
-0.010281
-0.026223
-0.037345
-0.41911
-0.51527
-0.53091
-0.54427
-0.47312
-0.43318
-0.35317
-0.42475
-0.46433
-0.59759
-0.64281
-0.59853
-0.50765
-0.5496
-0.63159
-0.52002
-0.65111
-0.70834
-0.78832
-1.0409
-1.2997
-1.7826
-2.824
-4.497
-6.8346
-8.0109
-9.0771
-8.0834
-8.0779
-7.0975
-5.1985
-4.0258
-3.3239
-3.0248
-2.5109
-1.5769
-0.97304
-0.5197
-0.49279
0.042357
0.44794
0.72768
1.281
1.9183
1.9957
2.1536
2.1574
1.4346
0.26745
0.15764
0.3467
0.36507
-0.19003
-0.14787
-0.29725
-0.65813
-0.68041
-0.16674
-0.069058
0.17137
1.4235
2.3111
3.1199
3.4908
2.8332
2.3816
1.8135
1.1658
0.67848
0.27406
0.10689
0.043765
0.013828
0.026047
0.031819
0.013953
0.010725
0.0074833
0.0021236
-0.015028
-0.032611
-0.036293
-0.047442
-0.03662
-0.043446
-0.019976
-0.01746
