-0.012541
-0.01256
-0.012197
-0.012873
-0.01298
-0.01266
-0.012525
-0.012029
-0.012582
-0.012089
-0.013311
-0.012891
-0.013815
-0.012806
-0.013299
-0.012864
-0.013147
-0.012937
-0.012766
-0.012451
-0.012338
-0.012073
-0.012257
-0.01202
-0.012506
-0.012838
-0.012708
-0.01267
-0.012593
-0.012004
-0.012125
-0.012007
-0.01201
-0.012385
-0.013015
-0.012605
-0.012992
-0.01314
-0.012019
-0.013774
-0.011948
-0.011942
-0.0123
-0.012649
-0.011977
-0.012644
-0.012585
-0.012721
-0.012525
-0.013162
-0.012538
-0.012774
-0.012407
-0.01205
-0.011578
-0.012052
-0.012597
-0.012575
-0.011971
-0.012638
-0.01291
-0.011979
-0.012054
-0.012486
-0.01307
-0.012438
-0.012525
-0.012606
-0.013279
-0.01265
-0.013082
-0.012435
-0.012184
-0.011887
-0.013101
-0.012013
-0.012442
-0.01258
-0.012938
-0.013102
-0.012052
-0.012361
-0.013019
-0.012311
-0.012955
-0.01243
-0.01202
-0.012712
-0.013068
-0.012511
-0.011882
-0.011728
-0.01238
-0.012485
-0.012536
-0.012101
-0.012504
-0.012597
-0.012481
-0.012486
-0.012064
-0.012955
-0.012505
-0.012627
-0.013045
-0.012518
-0.012386
-0.012108
-0.013239
-0.012374
-0.012462
-0.012924
-0.012891
-0.012534
-0.012391
-0.013644
-0.012753
-0.013197
-0.012506
-0.012633
-0.013074
-0.013044
-0.012072
-0.013173
-0.011732
-0.012872
-0.012299
-0.013007
-0.012385
-0.013728
-0.013083
-0.013025
-0.012325
-0.013736
-0.012246
-0.012126
-0.011925
-0.012669
-0.01248
-0.013174
-0.01271
-0.012701
-0.012192
-0.01276
-0.012337
-0.013122
-0.012138
-0.012546
-0.011934
-0.012666
-0.012926
-0.012894
-0.012339
-0.011946
-0.012106
-0.012808
-0.012877
-0.012433
-0.012515
-0.013062
-0.011491
-0.012332
-0.012278
-0.01249
-0.011246
-0.012846
-0.012603
-0.012554
-0.012606
-0.012366
-0.01283
-0.013028
-0.011995
-0.012164
-0.013068
-0.011991
-0.012526
-0.012432
-0.011923
-0.012604
-0.012566
-0.012162
-0.012757
-0.012853
-0.012349
-0.012006
-0.011892
-0.012394
-0.012762
-0.013039
-0.011875
-0.012315
-0.013004
-0.012919
-0.012884
-0.013011
-0.012923
-0.012011
-0.012016
-0.012291
-0.011912
-0.012497
-0.012626
-0.011692
-0.012464
-0.012908
-0.012591
-0.011466
-0.012347
-0.012115
-0.012989
-0.012488
-0.012005
-0.011798
-0.012652
-0.012045
-0.012054
-0.012601
-0.013097
-0.012447
-0.01205
-0.01244
-0.012105
-0.012126
-0.012902
-0.012922
-0.012902
-0.012461
-0.012402
-0.012472
-0.012162
-0.012521
-0.013411
-0.012326
-0.012174
-0.012479
-0.012525
-0.01246
-0.012372
-0.012464
-0.012046
-0.013169
-0.012037
-0.012245
-0.012127
-0.012772
-0.013485
-0.01304
-0.012234
-0.012422
-0.012431
-0.012884
-0.011502
-0.012932
-0.012718
-0.0122
-0.011996
-0.01238
-0.013097
-0.013115
-0.013183
-0.012799
-0.01257
-0.012045
-0.012739
-0.01236
-0.012099
-0.012682
-0.011764
-0.013699
-0.012736
-0.012858
-0.012871
-0.012555
-0.012087
-0.01224
-0.01256
-0.012518
-0.012946
-0.012443
-0.012036
-0.013076
-0.012239
-0.012947
-0.011326
-0.012272
-0.012037
-0.012237
-0.012151
-0.012414
-0.013639
-0.0124
-0.011946
-0.012427
-0.011969
-0.011849
-0.012467
-0.012858
-0.012012
-0.012336
-0.011941
-0.013026
-0.012502
-0.012954
-0.012559
-0.01262
-0.013001
-0.012459
-0.012536
-0.013001
-0.013026
-0.012542
-0.012911
-0.01193
-0.011821
-0.012346
-0.012408
-0.012638
-0.01263
-0.012527
-0.012528
-0.012758
-0.012647
-0.012052
-0.012043
-0.012694
-0.012548
-0.012687
-0.013244
-0.012565
-0.012548
-0.01249
-0.012432
-0.012234
-0.012632
-0.011729
-0.011672
-0.012645
-0.012686
-0.012553
-0.01285
-0.01252
-0.01207
-0.012748
-0.012375
-0.012681
-0.011815
-0.012573
-0.012547
-0.012596
-0.011384
-0.012484
-0.012586
-0.012989
-0.013244
-0.013543
-0.013447
-0.012674
-0.013307
-0.0128
-0.01253
-0.01231
-0.012672
-0.012519
-0.012148
-0.013202
-0.012997
-0.012991
-0.013002
-0.012083
-0.013775
-0.012426
-0.012734
-0.012629
-0.013006
-0.012628
-0.012316
-0.012594
-0.012745
-0.012705
-0.012072
-0.012249
-0.013008
-0.01194
-0.012592
-0.012726
-0.012351
-0.012499
-0.013183
-0.012712
-0.0123
-0.012174
-0.013317
-0.013066
-0.013196
-0.011899
-0.012636
-0.012565
-0.013305
-0.012549
-0.012796
-0.011886
-0.012642
-0.01233
-0.012655
-0.013265
-0.012813
-0.012825
-0.011869
-0.013041
-0.011649
-0.012639
-0.012603
-0.011979
-0.012638
-0.012395
-0.013083
-0.012492
-0.01239
-0.012615
-0.012626
-0.011693
-0.012753
-0.012497
-0.012431
-0.011995
-0.013147
-0.012532
-0.012607
-0.012196
-0.012514
-0.011977
-0.011715
-0.012547
-0.012371
-0.011805
-0.012581
-0.012546
-0.012491
-0.012113
-0.012299
-0.012469
-0.01228
-0.012477
-0.011407
-0.012019
-0.012588
-0.012266
-0.012388
-0.012075
-0.012711
-0.012413
-0.013175
-0.01257
-0.012454
-0.012194
-0.012596
-0.013133
-0.013063
-0.012379
-0.012031
-0.012602
-0.012137
-0.011937
-0.012606
-0.012643
-0.012363
-0.01244
-0.012562
-0.01154
-0.012526
-0.012221
-0.012623
-0.012844
-0.013563
-0.01287
-0.012277
-0.012156
-0.012815
-0.01266
-0.01283
-0.013335
-0.012653
-0.012091
-0.013184
-0.013347
-0.012606
-0.012627
-0.01269
-0.012843
-0.013105
-0.012857
-0.012836
-0.012829
-0.013575
-0.013263
-0.012726
-0.012102
-0.012861
-0.012791
-0.012743
-0.013361
-0.012945
-0.012278
-0.01269
-0.012929
-0.013212
-0.012785
-0.012476
-0.013732
-0.012639
-0.012382
-0.01258
-0.012823
-0.012399
-0.012814
-0.01217
-0.01217
-0.012754
-0.012703
-0.01239
-0.012423
-0.012311
-0.012709
-0.012819
-0.012328
-0.012117
-0.01248
-0.012862
-0.012911
-0.012896
-0.012368
-0.012804
-0.01282
-0.012647
-0.012593
-0.012691
-0.012646
-0.012572
-0.012819
-0.012717
-0.012645
-0.012336
-0.01281
-0.012749
-0.012209
-0.01315
-0.012658
-0.01213
-0.013474
-0.013401
-0.013262
-0.012245
-0.012237
-0.012677
-0.012577
-0.01302
-0.012626
-0.012631
-0.01219
-0.012454
-0.013268
-0.013275
-0.01266
-0.01259
-0.012819
-0.011855
-0.013062
-0.01316
-0.012693
-0.012472
-0.012872
-0.012372
-0.012614
-0.013102
-0.012659
-0.012512
-0.012641
-0.013394
-0.012698
-0.012289
-0.012195
-0.012935
-0.012783
-0.013206
-0.012644
-0.013615
-0.011981
-0.01228
-0.012733
-0.012155
-0.013474
-0.012398
-0.01341
-0.012915
-0.012968
-0.012635
-0.012709
-0.01212
-0.013366
-0.013135
-0.013494
-0.013262
-0.01277
-0.012707
-0.01293
-0.012675
-0.012989
-0.012215
-0.012639
-0.012103
-0.012135
-0.011743
-0.012571
-0.012946
-0.012888
-0.012776
-0.012114
-0.012018
-0.01261
-0.012583
-0.012513
-0.012207
-0.012838
-0.012498
-0.012205
-0.012889
-0.013333
-0.012586
-0.011974
-0.012834
-0.012296
-0.013184
-0.011933
-0.01315
-0.012781
-0.013131
-0.012723
-0.012773
-0.012752
-0.013812
-0.013085
-0.0127
-0.012078
-0.01259
-0.012544
-0.012207
-0.012118
-0.012634
-0.012446
-0.012891
-0.012564
-0.012183
-0.013105
-0.012635
-0.013103
-0.013255
-0.012213
-0.01323
-0.012606
-0.012804
-0.012007
-0.012378
-0.01205
-0.012092
-0.013153
-0.01259
-0.011982
-0.012675
-0.013023
-0.01308
-0.011578
-0.013203
-0.011742
-0.013153
-0.012538
-0.012591
-0.013012
-0.012571
-0.013031
-0.01227
-0.012405
-0.013773
-0.012607
-0.011995
-0.012502
-0.011971
-0.012237
-0.013138
-0.01255
-0.012763
-0.012723
-0.012058
-0.012935
-0.012469
-0.012446
-0.012353
-0.012688
-0.012983
-0.012161
-0.01269
-0.013654
-0.012008
-0.011949
-0.012628
-0.013018
-0.012409
-0.012307
-0.011557
-0.012857
-0.012993
-0.011746
-0.012726
-0.011888
-0.012942
-0.013113
-0.01219
-0.011867
-0.012422
-0.012398
-0.013141
-0.012952
-0.012652
-0.01239
-0.012671
-0.012528
-0.012954
-0.01201
-0.01315
-0.013547
-0.013007
-0.012281
-0.012627
-0.01233
-0.012138
-0.012414
-0.012229
-0.0116
-0.011954
-0.012284
-0.012333
-0.012705
-0.012078
-0.012834
-0.012559
-0.012868
-0.012674
-0.013679
-0.01146
-0.012964
-0.012865
-0.013157
-0.011931
-0.012334
-0.012819
-0.012563
-0.013005
-0.013
-0.011922
-0.012686
-0.013141
-0.012669
-0.01235
-0.012731
-0.0128
-0.013666
-0.012745
-0.012701
-0.013239
-0.012444
-0.012368
-0.012493
-0.012407
-0.012484
-0.012973
-0.012876
-0.012002
-0.012395
-0.012191
-0.012087
-0.01251
-0.011982
-0.012376
-0.013128
-0.012369
-0.011839
-0.013113
-0.013222
-0.012796
-0.012562
-0.012593
-0.012312
-0.012127
-0.012652
-0.012012
-0.012671
-0.013102
-0.012711
-0.01252
-0.013436
-0.013203
-0.012502
-0.01321
-0.013502
-0.012694
-0.012658
-0.012775
-0.011662
-0.012632
-0.011602
-0.01272
-0.012722
-0.013192
-0.012481
-0.012769
-0.013113
-0.012963
-0.013429
-0.012277
-0.012805
-0.012782
-0.012875
-0.012897
-0.013323
-0.012216
-0.013247
-0.013346
-0.011506
-0.012754
-0.013055
-0.013032
-0.012242
-0.012263
-0.01167
-0.012544
-0.012674
-0.012564
-0.012189
-0.011726
-0.012131
-0.012492
-0.013231
-0.011861
-0.012355
-0.012908
-0.012358
-0.012001
-0.012344
-0.012218
-0.012093
-0.011367
-0.012188
-0.011907
-0.011927
-0.011901
-0.011781
-0.012171
-0.012139
-0.01222
-0.012134
-0.013304
-0.012354
-0.013161
-0.012624
-0.012549
-0.012775
-0.012769
-0.012062
-0.01251
-0.012378
-0.011974
-0.012184
-0.01263
-0.013053
-0.012209
-0.013264
-0.012441
-0.012402
-0.012207
-0.012794
-0.0137
-0.012444
-0.012362
-0.01269
-0.011977
-0.011971
-0.012749
-0.011926
-0.01191
-0.012439
-0.013446
-0.01301
-0.012439
-0.011748
-0.013303
-0.012234
-0.013514
-0.012684
-0.012169
-0.012952
-0.013022
-0.013094
-0.012578
-0.012041
-0.012799
-0.012042
-0.012245
-0.012454
-0.012558
-0.011849
-0.012172
-0.012252
-0.012471
-0.012464
-0.012336
-0.01225
-0.012299
-0.012627
-0.011776
-0.011507
-0.01253
-0.011993
-0.011898
-0.011787
-0.012032
-0.01217
-0.012606
-0.011427
-0.011598
-0.012134
-0.012557
-0.013047
-0.011974
-0.011833
-0.012039
-0.012046
-0.012728
-0.012162
-0.012026
-0.011279
-0.012373
-0.012599
-0.012555
-0.011819
-0.012088
-0.011446
-0.01156
-0.01173
-0.011985
-0.011945
-0.011005
-0.01275
-0.012061
-0.011397
-0.010882
-0.012233
-0.012001
-0.011991
-0.012363
-0.012387
-0.012477
-0.012467
-0.012574
-0.012116
-0.012646
-0.011935
-0.013294
-0.011917
-0.012287
-0.012452
-0.012551
-0.011753
-0.011775
-0.01276
-0.01294
-0.012235
-0.012801
-0.011845
-0.014286
-0.014163
-0.013333
-0.012673
-0.0136
-0.01345
-0.012912
-0.013274
-0.012319
-0.012456
-0.012166
-0.012118
-0.012225
-0.011635
-0.01197
-0.011915
-0.011537
-0.011671
-0.012279
-0.012603
-0.012492
-0.012891
-0.013186
-0.012319
-0.012885
-0.012363
-0.012033
-0.013052
-0.012375
-0.012292
-0.01224
-0.011699
-0.012368
-0.01202
-0.011875
-0.010709
-0.012408
-0.011796
-0.012117
-0.01205
-0.011758
-0.011955
-0.012595
-0.012254
-0.012844
-0.012939
-0.013104
-0.013031
-0.013002
-0.013457
-0.013044
-0.012272
-0.012078
-0.012431
-0.01133
-0.012164
-0.012069
-0.011515
-0.012147
-0.012552
-0.011959
-0.011938
-0.014113
-0.012286
-0.012763
-0.012809
-0.012324
-0.012444
-0.012801
-0.012588
-0.012404
-0.012458
-0.012368
-0.012086
-0.012256
-0.012729
-0.012686
-0.012276
-0.012599
-0.013131
-0.012598
-0.01237
-0.013149
-0.013009
-0.012853
-0.012309
-0.013263
-0.012194
-0.013111
-0.011994
-0.012311
-0.012095
-0.01246
-0.013136
-0.012869
-0.012634
-0.013358
-0.012782
-0.012459
-0.012345
-0.012159
-0.012802
-0.012335
-0.015107
-0.014391
-0.013945
-0.014156
-0.012252
-0.011111
-0.0093157
-0.0074082
-0.0094952
-0.0082273
-0.009068
-0.010442
-0.0087254
-0.0084308
-0.0068345
-0.0070995
-0.0093198
-0.011776
-0.013367
-0.0044251
-0.0034472
-0.0023953
-0.00029742
0.004276
0.0084925
0.01272
0.023333
0.024621
0.02232
0.022251
0.02807
0.065919
0.090412
0.070164
0.086905
0.075164
0.08584
0.042893
0.012148
-0.029628
-0.037
-0.059076
-0.06649
-0.11441
-0.13571
-0.14816
-0.18688
-0.24577
-0.22362
-0.26541
-0.2992
-0.31573
-0.28235
-0.22318
-0.083742
-0.046657
-0.040214
-0.03167
-0.034409
-0.038632
-0.019669
-0.0078416
-0.0043679
0.011101
0.050067
0.069914
0.037915
0.034391
0.0038215
-0.00010726
-0.030613
-0.037568
-0.053879
-0.04074
-0.033117
-0.014793
-0.0092686
0.00063724
-0.00048291
-0.00047127
8.4744e-05
-0.0010213
-0.00052341
-0.0011077
-0.0015845
-0.0021617
-0.0023126
-0.0025525
-0.0027724
-0.00096792
-0.001253
-0.001134
-0.0013124
-0.0011944
0.030917
0.052038
0.1444
0.16021
0.1615
0.11031
0.12344
0.091839
0.066938
0.029707
0.01018
0.00035088
-0.00070771
-0.00082394
-0.00049896
-0.00016347
5.4086e-05
-0.0021488
-0.0022971
-0.0060435
-0.0052091
0.017292
0.099646
0.16987
0.18553
0.20802
0.17405
0.206
0.18923
0.12616
0.12141
0.1448
0.15995
0.14959
0.07412
0.081254
0.043289
0.0026959
0.037893
-8.9116e-05
-0.044481
-0.070887
-0.11183
-0.125
-0.15268
-0.18676
-0.12428
-0.082755
-0.05151
-0.047987
-0.033944
-0.064114
-0.076151
-0.07209
-0.037354
-0.045208
-0.077493
-0.097236
-0.10872
-0.12292
-0.15148
-0.069665
-0.054584
-0.048119
-0.046426
-0.039396
-0.025523
-0.0063749
9.6248e-05
-0.00074288
0.00037756
0.00054489
-2.8306e-05
-0.00036282
-0.00035882
-0.00091466
-0.0013691
-0.0021504
-0.0024785
-0.0016496
-0.0020564
-0.00097695
-0.001044
-0.00025763
-0.00084283
-0.0011848
-0.0011908
-0.00064125
0.029051
0.042619
0.051028
0.035679
0.018692
0.02603
0.051495
0.091655
0.055034
0.026517
0.021352
0.019122
0.016625
0.023971
0.030539
0.036428
0.039464
0.052465
0.085886
0.17972
0.33265
0.46681
0.56293
0.56886
0.5486
0.50499
0.39323
0.27906
0.20784
0.19346
0.20446
0.19839
0.17664
0.12476
0.10923
0.088054
0.079435
0.096151
0.036585
-0.0043626
-0.030668
-0.050395
-0.052471
-0.073254
-0.12482
-0.065139
-0.031428
-0.0076813
-0.0014223
0.005052
0.020064
0.010049
-0.011022
-0.012621
-0.014266
-0.044343
-0.056352
-0.10357
-0.14595
-0.15767
-0.076731
-0.078454
-0.047743
-0.070312
-0.041978
-0.020078
-0.0085224
-0.0022644
-0.00086135
0.0011778
0.00089971
0.0004937
0.00031804
2.8523e-05
-0.00048885
-0.00099625
-0.0017585
-0.0018179
-0.00082564
-0.001354
-0.00067665
-0.00059632
-0.00030971
-0.0011546
-0.00087719
-0.0018367
0.0043634
0.03674
0.064999
0.048331
0.066504
0.01992
0.01737
0.022324
0.023489
0.022205
0.01825
0.014623
0.0091128
0.017799
0.020065
0.039128
0.040817
0.053125
0.066409
0.15369
0.33643
0.58227
0.72688
0.76495
0.77862
0.69549
0.66942
0.55289
0.37456
0.31365
0.29891
0.26124
0.22301
0.2237
0.21818
0.1513
0.11951
0.10129
0.054201
0.022855
-0.0071398
0.0001585
-0.010273
-0.010883
-0.0027535
-0.010861
0.0011256
0.004972
0.014581
0.022084
0.025337
0.012205
-0.027162
-0.017259
-0.022878
-0.048801
-0.070328
-0.088276
-0.13833
-0.18522
-0.027405
-0.010614
-0.004386
0.00053976
0.00097137
0.0010199
0.0009501
0.00061205
-6.3369e-05
-0.00042486
-0.00088245
-0.0020222
-0.002658
-0.0031983
0.0014133
-0.002164
-0.0018037
-0.001407
-0.0019646
-0.0013896
-0.0018825
-0.0021088
0.010475
0.039569
0.05326
0.067438
0.050679
0.05183
0.059075
0.093865
0.086966
0.071959
0.079221
0.083931
0.08409
0.028188
0.035661
0.051519
0.053188
0.058798
0.116
0.23646
0.41056
0.60319
0.69164
0.74348
0.68984
0.61384
0.50878
0.38426
0.3406
0.2942
0.2736
0.26981
0.26704
0.19352
0.18012
0.12504
0.11325
0.056652
0.032146
0.022252
-0.020959
-0.032905
-0.063094
-0.097103
-0.0057525
-0.012435
-0.0083076
-0.017032
0.0072379
0.039889
0.051846
0.030677
0.0087402
0.0193
0.011408
-0.011092
-0.031564
-0.080915
-0.14044
-0.1541
-0.11883
-0.12248
-0.07623
-0.079606
-0.045804
-0.024331
-0.0056426
0.0041424
-0.0015693
0.00094833
0.00066036
0.00012907
0.00025936
-0.00093983
4.3284e-05
-0.00082876
-0.00050408
-0.00042777
-0.00025261
-0.00037812
-0.0010916
-0.0015759
-0.00075871
0.012647
0.027592
0.03151
0.028097
0.023589
0.025894
0.042045
0.045197
0.04516
0.043148
0.044162
0.05913
0.057317
0.050295
0.047259
0.040466
0.042452
0.054696
0.064845
0.086702
0.10794
0.15722
0.26117
0.73139
0.67226
0.5723
0.48759
0.36529
0.3226
0.28892
0.25735
0.26232
0.21224
0.17239
0.16059
0.11761
0.10134
0.076315
0.065456
0.011056
-0.0042149
-0.039494
-0.041421
-0.059403
-0.1159
-0.10059
-0.05965
-0.03933
-0.027764
-0.049086
-0.041291
-0.046487
-0.045063
-0.062607
-0.054977
-0.069354
-0.099702
-0.12413
-0.11586
-0.098891
-0.13954
-0.1807
-0.068959
-0.052542
-0.040998
-0.025511
-0.0098924
4.567e-05
-0.0012911
0.00053467
0.00046253
0.00048065
0.00019742
-5.8855e-05
-0.00042977
-0.00056505
-0.00086125
-0.001704
-0.0021232
-0.0020093
-0.0023535
-0.0026134
-0.0025659
-0.0015887
-0.0012057
-0.0011496
-0.00098386
-0.0013226
0.016573
0.040377
0.030071
0.04129
0.025404
0.04445
0.057438
0.043289
0.025544
0.022229
0.032326
0.016652
0.028916
0.03786
0.042327
0.055588
0.074402
0.080943
0.14334
0.20576
0.3465
0.49875
0.55109
0.56349
0.54194
0.50981
0.42563
0.41633
0.37306
0.32314
0.31596
0.26788
0.2317
0.19095
0.17001
0.16794
0.065394
-0.025229
-0.043672
-0.079959
-0.032833
-0.04075
-0.047941
-0.015309
-0.021772
-0.013913
-0.0078477
0.022365
0.09557
0.10673
0.14791
0.17717
0.21584
0.2374
0.19933
0.11533
0.10148
0.049778
-0.06358
-0.12374
-0.12104
-0.13731
-0.1423
-0.14082
-0.10623
-0.078098
-0.045909
-0.011732
0.003128
-0.00017231
0.00050629
0.0011562
-0.00020266
-0.00032771
-0.00074302
-0.00069179
-0.0013634
-0.0012374
-0.0007382
-0.00059648
-0.00050539
-0.00013725
-0.00025807
-0.00047905
-0.00071617
-0.00094165
-0.0039579
-0.0084216
-0.013235
-0.016249
-0.011054
-0.01111
0.00037147
0.0023606
-0.0012403
-0.0016759
0.00105
0.001142
0.0022564
0.0047799
0.0081898
0.0091756
0.0055605
0.0038439
0.012532
0.033235
0.10749
0.25647
0.38661
0.46108
0.4686
0.4644
0.49723
0.48176
0.43571
0.3697
0.39492
0.36961
0.35848
0.29487
0.27708
0.22213
0.17951
0.14294
0.098743
0.090461
0.10132
0.049541
0.016565
0.011761
-0.0080911
-0.020742
-0.010311
-0.011841
0.00044559
0.027232
0.058491
0.039731
0.050125
0.062505
0.056751
0.074048
0.059563
0.027505
0.0078193
-0.00085171
-0.071197
-0.074958
-0.11451
-0.10999
-0.092591
-0.0602
-0.027997
-0.019242
-0.0089327
0.0013746
0.00052768
-0.0012861
-0.00076707
-0.0010118
-0.00079183
-0.00093868
-0.0013278
-0.0019309
-0.001088
-0.0020882
-0.0025
-0.0031942
-0.0020296
-0.0021965
-0.0015373
-0.00093103
-0.00050592
-0.00050871
-0.00054277
-0.017253
-0.026157
-0.025916
-0.032403
-0.035348
-0.032475
-0.031816
-0.037326
-0.037256
-0.033155
-0.029089
-0.021372
-0.02614
-0.026348
-0.02305
-0.021374
-0.016949
-0.017383
-0.014254
0.025026
0.11429
0.16838
0.24906
0.27309
0.29662
0.31123
0.30614
0.27424
0.25548
0.25064
0.18125
0.14394
0.1318
0.10337
0.10201
0.078048
0.018477
-0.031394
-0.086249
-0.087297
-0.064934
-0.059661
-0.037694
-0.035356
-0.036976
-0.030836
-0.029464
-0.029231
-0.035408
-0.01034
0.0026984
0.01588
0.04237
0.089526
0.12298
0.11095
0.11266
0.037476
0.00059949
-0.043514
-0.068652
-0.083738
-0.080994
-0.076416
-0.057945
-0.030133
-0.012225
0.0017273
-0.00022965
0.0011278
-0.00083434
-0.00035142
-0.00047403
-0.00054736
-0.0011064
-9.5899e-05
-0.0013691
-0.0021322
-0.0019645
-0.0020228
-0.00077978
-0.00060456
-0.001154
-0.0009926
-0.00060574
-0.00078057
-0.00085218
-0.00076336
-0.0013928
-0.012371
-0.018872
-0.021243
-0.020669
-0.011273
-0.012211
0.003249
-0.00069628
-0.014386
-0.01338
8.2406e-05
0.0097753
0.0099048
0.0038976
0.0082909
0.002755
-0.0041791
0.0024652
0.031133
0.036984
0.11336
0.26527
0.38133
0.39716
0.33471
0.35952
0.38856
0.39918
0.37212
0.32739
0.32553
0.2834
0.26842
0.21417
0.16972
0.1359
0.10046
0.045978
0.019659
0.044453
-0.030742
-0.06767
-0.067699
-0.074927
-0.06979
-0.069835
-0.032916
-0.028307
-0.020488
-0.024371
-0.01983
-0.026199
-0.019554
-0.020125
0.039024
0.081216
0.057751
0.035169
-0.014363
-0.091485
-0.10764
-0.1173
-0.10365
-0.10474
-0.083425
-0.070585
-0.028196
-0.015899
0.0030583
0.00095875
0.0013606
-0.00046996
-8.545e-05
-0.00070209
-0.00056219
0.00061082
-0.0012425
-0.0010843
-0.0016003
-0.00098748
-0.0019593
-0.0020036
-0.0008573
-0.0010937
-0.001008
-0.00072033
-0.0010923
-0.00099713
-0.00095782
-0.015288
-0.021319
-0.02052
-0.018266
-0.023559
-0.031525
-0.029489
-0.032606
-0.022304
-0.020798
-0.01857
-0.016073
-0.02584
-0.027842
-0.03719
-0.050483
-0.050879
-0.048116
-0.034883
0.072193
0.17285
0.20478
0.19877
0.21061
0.24673
0.27215
0.26934
0.27976
0.23829
0.19902
0.16835
0.12904
0.098121
0.059566
0.065549
0.016573
-0.055323
-0.091761
-0.12206
-0.091552
-0.069641
-0.046481
-0.033094
-0.029519
-0.027669
-0.017034
0.0075819
0.019669
0.058218
0.12025
0.18415
0.16228
0.18774
0.1742
0.14304
0.1195
0.033163
-0.024432
-0.027611
-0.083442
-0.12403
-0.13562
-0.092607
-0.081957
-0.043979
-0.027243
0.010938
-0.00012793
0.0025341
-0.00023066
0.00096185
0.00037777
-0.00081127
-0.0010948
-0.00097193
-0.001894
-0.0021028
-0.0024883
-0.0022857
-0.0023248
-0.00053383
-0.00084983
-0.0019368
-0.010899
-0.021582
-0.033351
-0.027177
-0.02657
-0.019579
-0.019194
-0.021589
-0.025317
-0.021633
-0.021528
-0.02454
-0.01857
-0.022511
-0.019002
-0.017626
-0.022596
-0.022561
-0.024217
-0.027906
-0.03078
-0.04301
-0.069677
-0.10522
-0.08633
-0.041326
-0.0099548
0.007885
0.059433
0.10005
0.18117
0.22478
0.23937
0.23649
0.19251
0.1804
0.20209
0.13744
0.11335
0.04729
0.00033979
-0.039194
-0.083615
-0.067649
-0.050911
-0.042858
-0.025008
-0.017522
-0.017687
0.00076462
0.043095
0.092068
0.10907
0.17472
0.12477
0.09466
0.10187
0.017469
-0.021829
-0.095763
-0.16532
-0.21932
-0.2626
-0.27907
-0.29679
-0.29256
-0.27142
-0.18226
-0.11028
-0.042657
-0.017074
0.0054013
-0.0078108
0.00019543
-0.0010851
-0.00033913
-0.00101
-0.0006674
-0.0012169
-0.0026355
-0.0022349
-0.003183
-0.0030798
-0.0027007
-0.00064346
-0.0013426
-0.0010277
-0.00072336
-0.014969
-0.014049
-0.021598
-0.02203
-0.02684
-0.025344
-0.023108
-0.024758
-0.027634
-0.030134
-0.032107
-0.02404
-0.025928
-0.018724
-0.019697
-0.022666
-0.026328
-0.034142
-0.043134
-0.069394
-0.0999
-0.10199
-0.10449
-0.095712
-0.058494
-0.011416
0.0095312
0.028829
0.043648
0.057056
0.05397
0.029364
0.0044877
-0.02192
-0.0487
-0.040824
-0.081837
-0.090194
-0.11037
-0.11182
-0.1274
-0.11179
-0.12133
-0.041078
-0.0002307
0.0062108
0.0049297
0.0049505
-0.0021403
0.0011238
0.0020453
0.016183
0.050375
0.058878
0.04304
0.035383
-0.0049742
-0.0037001
-0.034404
-0.067436
-0.11009
-0.155
-0.1138
-0.12519
-0.11807
-0.17981
-0.17791
-0.13799
-0.083574
-0.014433
0.00040673
0.011375
-0.0012771
0.00092614
0.00056296
0.00051077
0.00022645
-3.8485e-05
-0.00024775
-0.0006069
-0.00075178
-0.00086663
0.00021083
-0.0004997
0.00020853
-0.00018711
-0.00068051
0.0059505
0.048516
0.098782
0.082699
0.1068
0.090675
0.081255
0.077799
0.0093293
0.011368
0.010466
0.012816
0.011821
0.013577
0.015714
0.021977
0.029189
0.036633
0.020288
0.036786
0.070961
0.17125
0.33653
0.55658
0.70226
0.73524
0.68452
0.72735
0.66242
0.56563
0.43597
0.36193
0.36854
0.35539
0.27579
0.21461
0.18258
0.15865
0.1533
0.14869
0.10573
0.069843
0.042299
-0.015684
-0.045823
-0.067561
-0.059131
-0.027546
-0.0055508
0.0033434
0.0038437
-0.010365
-0.041059
-0.053857
-0.050752
-0.046381
-0.033286
-0.048425
-0.074174
-0.10914
-0.1645
-0.082635
-0.071288
-0.074412
-0.069857
-0.04119
-0.012356
-0.0021025
0.00015376
-0.00069298
0.00071396
0.00025115
0.00047229
0.00023446
0.00011536
-5.4003e-05
-0.00059109
-0.00090348
-0.0011401
-0.00093874
-0.0011529
-0.00088008
-0.00052398
-0.00072621
-0.00092044
-0.00051055
0.003978
0.05543
0.1198
0.1473
0.15888
0.13428
0.076318
0.042108
0.029611
0.028054
0.013995
0.011692
0.0069264
0.007738
0.01001
0.010933
0.013789
0.012333
0.0090167
0.028856
0.07413
0.22681
0.49426
0.59554
0.57625
0.47298
0.40133
0.3601
0.27648
0.21004
0.18349
0.18987
0.15859
0.12761
0.096711
0.072368
0.076989
0.045578
0.022055
-0.010107
-0.024613
-0.047803
-0.082171
-0.10344
-0.12862
-0.090299
-0.016823
-0.0028856
0.0086338
0.01885
0.03742
0.069227
0.052302
0.046231
0.06257
0.033552
0.019609
-0.026533
-0.11819
-0.15298
-0.18396
-0.10029
-0.10847
-0.084885
-0.075513
-0.058393
-0.037673
-0.0076667
0.0001219
8.0681e-05
0.0013071
0.00075236
0.00042576
0.0001118
0.00022215
-0.00013083
-0.00069729
-0.0014221
-0.0016035
-0.0011735
-0.0015085
-0.0011056
-0.0010059
-0.0013697
-0.00091274
0.00021235
-0.0005856
0.02345
0.055102
0.097358
0.087316
0.099893
0.059486
0.059872
0.052168
0.039798
0.034967
0.032792
0.023895
0.017234
0.024469
0.029091
0.032111
0.03053
0.041426
0.061282
0.13677
0.28505
0.45356
0.59405
0.67219
0.61703
0.56512
0.49682
0.43832
0.33396
0.31036
0.24773
0.27703
0.22981
0.15766
0.11747
0.11441
0.098501
0.08547
0.090292
0.069659
0.044362
-0.0026003
-0.043328
-0.053628
-0.058879
-0.024023
-0.016832
-0.0042944
0.036541
0.069167
0.092436
0.076045
0.050498
0.067246
0.058229
0.040517
0.022442
-0.015466
-0.055492
-0.08964
-0.065231
-0.06549
-0.079944
-0.072267
-0.064666
-0.036913
-0.0057049
0.00027465
0.00040173
0.00025566
0.00039134
0.00031512
0.0008993
0.00060525
0.00054745
1.8716e-05
-0.00012233
-0.0007235
-4.8677e-05
-0.00062109
-0.00066799
-0.00092843
-0.0010444
-0.0012271
-0.0010139
-0.0013231
0.0074667
0.059362
0.074534
0.084528
0.071185
0.042749
0.073455
0.094943
0.07585
0.060641
0.039367
0.031939
0.031002
0.0087862
0.011488
0.017471
0.022072
0.033512
0.049868
0.15045
0.30793
0.46589
0.58898
0.59185
0.60688
0.52785
0.48043
0.40392
0.32945
0.27303
0.25439
0.2387
0.17871
0.15029
0.11948
0.11738
0.080657
0.08568
0.063215
0.03252
0.025442
-0.0084478
-0.061286
-0.09537
-0.066524
-0.027816
-0.0053686
0.006713
0.0085312
0.0020655
-0.0041918
0.00047277
0.013654
0.032617
0.022798
0.0072019
-0.010923
-0.010956
-0.013786
-0.048707
-0.071251
-0.073905
-0.12365
-0.17388
-0.10213
-0.0529
-0.027741
-0.0040772
0.00028927
0.00060031
0.00094051
0.0007165
0.00030104
0.00042698
0.00013089
-8.9711e-05
-0.00057579
-0.0011212
-0.0012734
-0.0010399
-0.0010487
-0.0011018
-0.0013104
-0.0016559
-0.0015297
-0.0018336
0.012677
0.037639
0.11658
0.12288
0.13008
0.10645
0.082311
0.11039
0.14217
0.13171
0.070449
0.05725
0.053504
0.038755
0.029225
0.034143
0.022416
0.020023
0.023254
0.027723
0.027138
0.024474
0.46947
0.65372
0.72506
0.71411
0.70467
0.61384
0.52336
0.44087
0.37594
0.32282
0.32903
0.31165
0.22194
0.19271
0.16853
0.10443
0.12789
0.10739
0.094636
0.055054
0.03744
-0.0020708
-0.038345
-0.039497
-0.041653
-0.013729
-0.0058966
0.015851
0.01254
0.0042473
-8.3306e-05
0.01532
0.034424
0.036629
-0.0020139
-0.0021396
0.00079104
0.00029273
-0.0051846
-0.014938
-0.031774
-0.086689
-0.11652
-0.051616
-0.033966
-0.041045
-0.066038
-0.045843
-0.014377
0.00073967
0.000354
0.00049731
0.00056817
0.00025926
0.0001053
-0.00027636
-0.00036777
-0.00018122
-0.00048683
-0.00051689
-0.00055152
-0.00063349
-0.00074844
-0.00082403
0.0074352
0.073089
0.092307
0.11518
0.11236
0.067007
0.051029
0.076232
0.070749
0.041289
0.060948
0.032002
0.017773
0.013983
0.010992
0.0034289
0.00044664
0.0034537
0.0073839
0.0079381
0.010754
0.01565
0.019742
0.012916
0.038107
0.16866
0.43284
0.52649
0.44192
0.3161
0.23133
0.23148
0.232
0.23836
0.19394
0.12492
0.16606
0.14342
0.11057
0.075788
0.065813
0.065474
0.026126
-0.018798
-0.042939
-0.070028
-0.027047
-0.0080567
0.0036048
0.0052258
-0.0029817
0.0047354
0.0019072
0.015478
0.049633
0.055254
0.039151
0.010124
0.037631
0.030926
-0.0048814
-0.026192
-0.042355
-0.0947
-0.13306
-0.087785
-0.083992
-0.069799
-0.063958
-0.058766
-0.029496
0.0010202
0.00026315
-0.0024377
0.00086359
0.0011125
0.00025511
0.00033272
-2.4452e-05
-0.00029794
7.6524e-05
-0.00010388
0.00014195
-0.00027512
-0.00062648
-0.00063216
-0.00093233
0.0068146
0.027757
0.095032
0.10702
0.086292
0.059512
0.057376
0.075613
0.070797
0.070098
0.040201
0.033727
0.026405
0.019692
0.0199
0.016798
0.019739
0.014721
0.021342
0.027925
0.028829
0.028012
0.0305
0.053133
0.10876
0.27995
0.44448
0.62895
0.71139
0.66241
0.68333
0.61005
0.49109
0.4099
0.35034
0.34348
0.29814
0.27647
0.23858
0.24006
0.22371
0.16518
0.10976
0.060766
0.021049
-0.010427
0.0003355
-0.0026122
0.00021799
0.0043029
0.0064246
0.015955
0.028028
0.047443
0.088509
0.11105
0.083553
0.073892
0.068463
0.034441
0.010875
-0.0084514
-0.032145
-0.067202
-0.099032
-0.059917
-0.061857
-0.068635
-0.077723
-0.072806
-0.033221
-0.0060907
-4.9056e-05
0.00026578
-0.00010766
0.0017477
0.00032758
0.0005546
0.00055771
0.00015574
-0.00033144
-8.2673e-05
-0.00048831
-0.00071584
-0.00065315
-0.00058829
-0.00095917
0.0082252
0.029266
0.034437
0.054219
0.029355
0.027262
0.043346
0.047463
0.036239
0.015132
0.021253
0.01505
0.014987
0.011148
0.010319
0.0089254
0.012156
0.018764
0.020804
0.021424
0.027237
0.032682
0.052503
0.12744
0.28148
0.45836
0.62126
0.69857
0.69587
0.6438
0.60178
0.52555
0.42929
0.3527
0.27738
0.37972
0.31348
0.2682
0.25675
0.22485
0.17465
0.12908
0.072191
0.018307
-0.011084
-0.00461
-0.0049299
0.0049636
0.0098277
0.0099522
0.014083
0.032869
0.061708
0.1082
0.11223
0.10647
0.10403
0.080862
0.051981
0.023336
-0.0096048
-0.03274
-0.067506
-0.11206
-0.060128
-0.047773
-0.064204
-0.064118
-0.049683
-0.022469
0.00091113
-0.00031952
0.0001963
0.00030983
0.00074641
0.00035398
0.00037097
-0.0001782
2.7101e-06
-0.00015941
-0.0002377
-0.00060998
-0.0005287
-0.00045389
-0.00043972
-0.00059803
0.0056759
0.016203
0.049042
0.052798
0.046041
0.028573
0.038612
0.059432
0.064663
0.037399
0.035738
0.03984
0.031162
0.029556
0.027515
0.015414
0.014468
0.016273
0.018176
0.026607
0.034525
0.046808
0.10405
0.22882
0.40887
0.58011
0.53698
0.45556
0.34739
0.27978
0.25699
0.25679
0.18647
0.14142
0.17598
0.14999
0.093293
0.078356
0.069638
0.028419
0.010496
-0.0082399
-0.051094
-0.072763
-0.041863
-0.023158
-0.0073628
-0.00095971
0.0015372
0.00086016
0.0010903
0.016469
0.036936
0.077669
0.10349
0.10297
0.099914
0.085164
0.070424
0.030297
-0.00074825
-0.0045194
-0.02169
-0.039211
-0.029074
-0.015647
0.001805
7.2404e-05
5.0223e-05
0.00025118
0.00018352
0.0002416
0.00019368
-1.2691e-05
-0.00037818
-0.00091005
-0.0011097
-0.001426
0.00024868
-0.0011311
-0.000543
-0.0006244
-0.0016695
-0.0015245
-0.00087141
-0.0012601
0.019363
0.096056
0.09854
0.11554
0.12288
0.060673
0.037868
0.028957
0.022644
0.02173
0.010623
0.0069077
0.0097229
0.011615
0.015245
0.019567
0.024372
0.035988
0.058511
0.14594
0.31638
0.47669
0.56757
0.60944
0.52353
0.5158
0.47738
0.39914
0.30582
0.24051
0.21423
0.23838
0.21817
0.14374
0.096445
0.1226
0.073986
0.024425
0.03985
0.011006
-0.034471
-0.012664
-0.0051244
0.00086948
0.0047711
0.0071152
0.0049794
0.010148
0.026347
0.046229
0.086772
0.12152
0.12243
0.12252
0.097963
0.080987
0.054549
0.014301
-0.0053534
-0.045679
-0.087649
-0.064463
-0.056773
-0.07393
-0.086111
-0.077973
-0.04719
-0.010452
0.0010873
0.00045397
7.5277e-05
-0.00022258
0.00086545
0.00017946
0.00052635
0.00039369
-0.00018983
-0.00052531
-0.00057022
0.00035267
-0.00043748
-0.0002607
-0.00083654
-0.0011455
0.079809
0.099469
0.097759
0.085326
0.085475
0.069414
0.087352
0.074778
0.055211
0.028551
0.020178
0.011394
0.014984
0.013423
0.0091312
0.010364
0.012968
0.016355
0.015886
0.018601
0.0267
0.037595
0.071603
0.21207
0.44988
0.60262
0.56862
0.44377
0.38211
0.35568
0.38569
0.32086
0.2496
0.20518
0.16642
0.14596
0.1233
0.11804
0.090233
0.069862
0.027662
-0.011745
-0.041374
-0.024486
-0.019306
-0.0072295
0.0039218
0.0075881
0.0093083
0.0087973
0.024802
0.062651
0.090352
0.10825
0.11676
0.091278
0.086954
0.060886
0.029196
0.027575
0.010859
-0.026616
-0.063689
-0.064351
-0.055315
-0.077502
-0.07881
-0.090505
-0.049476
-0.012192
0.00067301
0.00017263
-0.0030082
0.00046736
-6.0832e-06
0.00096519
0.0009457
0.00054202
6.9292e-05
-0.00025447
-0.0004247
-0.00019106
-0.00033979
-0.0003551
-0.00071318
-0.0008702
-0.00092689
-0.00094081
0.0097461
0.04552
0.10569
0.098981
0.11119
0.12119
0.0911
0.10905
0.10408
0.056878
0.027566
0.022128
0.0096281
0.0023537
0.0061363
0.0083233
0.008759
0.011487
0.014584
0.025643
0.058249
0.17935
0.41688
0.59072
0.6319
0.69019
0.60546
0.59967
0.52356
0.40143
0.36183
0.29828
0.28793
0.33606
0.26489
0.19079
0.15702
0.12128
0.074329
0.072752
0.057455
0.033967
0.014375
0.0052407
0.0039015
0.014255
0.010625
0.012293
0.029865
0.045184
0.081704
0.11116
0.074399
0.07104
0.072887
0.037791
-0.0038625
-0.014794
-0.023634
-0.067157
-0.10822
-0.07058
-0.061316
-0.068599
-0.082036
-0.073112
-0.041719
-0.0098666
0.00067653
0.0001488
-0.0012153
0.00079816
0.00097421
9.9754e-05
0.00031238
-8.7637e-07
-0.00020858
-0.00054481
-0.00068524
-0.00034315
-0.00071652
-0.00060263
-0.001194
-0.0010988
-0.0011854
-0.0014113
0.011095
0.095368
0.093066
0.087157
0.10303
0.10338
0.065939
0.04955
0.039538
0.025676
0.01292
0.013645
0.010599
0.0054112
0.0073434
0.0099633
0.0098528
0.013286
0.01907
0.02759
0.028897
0.059341
0.17966
0.38261
0.58227
0.68892
0.6912
0.68058
0.62329
0.53222
0.41927
0.35478
0.32105
0.31857
0.31862
0.22412
0.15844
0.12487
0.14202
0.13402
0.064643
0.070848
0.04574
0.015902
-0.020299
-0.059326
-0.028807
-0.012482
-0.0029448
0.0051077
0.048103
0.074222
0.10145
0.075556
0.06238
0.074054
0.056897
0.031879
0.017745
-0.017339
-0.059512
-0.095686
-0.070821
-0.080197
-0.080642
-0.10332
-0.10053
-0.058204
-0.014061
0.0027901
0.00066417
-0.0017861
0.00052536
0.00099046
0.00056456
0.00088853
0.00072223
0.00031806
6.0695e-05
-0.00016976
7.6671e-05
-0.00030858
-8.7833e-05
-0.00057529
-0.00059996
-0.00075456
-0.00021399
0.0050685
0.024117
0.056954
0.084101
0.067986
0.060034
0.047559
0.064975
0.071166
0.052674
0.048959
0.020504
0.016549
0.0094385
0.013358
0.010747
0.016741
0.01873
0.017612
0.023912
0.031727
0.059081
0.18964
0.38818
0.58426
0.65899
0.68866
0.67197
0.61058
0.52951
0.4044
0.32609
0.31522
0.35197
0.28255
0.21548
0.20869
0.2022
0.16616
0.12535
0.10019
0.088665
0.061308
0.032172
-0.019815
-0.053618
-0.068073
-0.048565
-0.015154
-0.0074791
0.0042737
-0.0040747
-0.016156
-0.0096119
-0.0040472
0.018168
0.026999
0.0017362
-0.018546
-0.0053863
-0.016923
-0.034552
-0.038535
-0.072387
-0.12067
-0.12738
-0.066751
-0.01299
-0.00036262
8.001e-05
-0.00044816
-0.00023516
0.00026433
-0.00016914
5.8811e-06
-0.00011691
-0.00048728
-0.00055839
-0.0010567
-0.0015957
-0.00081993
-0.0015291
-0.0011367
-0.0014988
-0.0016825
-0.00096175
-0.0013818
-0.0015382
-0.0011611
0.019372
0.055739
0.040193
0.04681
0.032196
0.02192
0.036075
0.055506
0.029201
0.022012
0.031518
0.026662
0.024207
0.016148
0.008705
0.016791
0.019082
0.023912
0.035374
0.040227
0.053478
0.10658
0.25934
0.40436
0.50184
0.53396
0.4856
0.41746
0.40106
0.28831
0.25251
0.26381
0.2048
0.18143
0.13671
0.093961
0.045656
0.027292
0.03031
-0.0025771
-0.040367
-0.032142
-0.067073
-0.054901
-0.020924
-0.0075904
-0.0063432
-0.0023594
-0.001378
-0.0022281
-0.0028278
0.00017782
0.017959
0.033523
0.046697
0.0525
0.054693
0.049839
0.03113
0.0056687
-0.023428
-0.051726
-0.10396
-0.14589
-0.089596
-0.071703
-0.053638
-0.046792
-0.035809
-0.017983
-0.0035997
9.3254e-05
0.00022863
0.00097679
0.00077561
0.00012727
0.00049492
0.0002357
-8.2364e-06
-0.0003016
-0.00016168
-0.00033651
-0.00058945
-0.00047868
-0.00084033
-0.00072478
-0.0010304
0.0036046
0.015183
0.026113
0.025528
0.017881
0.016444
0.018356
0.030236
0.021813
0.024337
0.021966
0.034254
0.043832
0.037394
0.03588
0.039249
0.040003
0.033552
0.044882
0.059036
0.076494
0.12422
0.23463
0.38777
0.49879
0.53958
0.53168
0.50247
0.43363
0.3981
0.28947
0.22495
0.18378
0.17395
0.15966
0.083212
0.049714
0.043313
0.051006
-0.0022756
-0.021371
-0.020914
-0.061145
-0.10099
-0.11609
-0.15652
-0.12784
-0.0050839
-0.0031073
-0.0033936
-0.0025065
0.0066602
0.025952
0.049961
0.066564
0.087879
0.12664
0.099043
0.092944
0.069093
0.042841
0.010975
-0.038169
-0.094799
-0.056119
-0.05738
-0.066966
-0.059071
-0.060758
-0.037928
-0.020544
-0.00027494
0.00022309
0.00065174
0.0006752
0.00061374
0.00081813
0.00039232
6.589e-05
-3.7055e-05
-0.00015559
-0.00045633
-0.00050969
-0.00075424
-0.00090736
-0.00079302
-0.00035828
-0.00068176
-0.0001386
0.019564
0.051235
0.069964
0.031501
0.032194
0.026975
0.013145
0.0077733
0.0061576
0.003834
0.00092846
0.0031091
0.0031239
0.0045076
0.010426
0.011608
0.0098633
0.011418
0.018332
0.044038
0.091556
0.25214
0.40551
0.5327
0.62602
0.66003
0.72534
0.71538
0.65224
0.59589
0.52145
0.41824
0.38944
0.37272
0.3001
0.2354
0.235
0.16547
0.12151
0.12854
0.096204
0.0413
-0.021863
-0.073295
-0.049592
-0.023493
-0.029011
0.090369
0.15527
0.23355
0.21269
0.25177
0.3074
0.28679
0.27962
0.1936
0.19662
0.14189
0.044062
0.026791
-0.004301
-0.069163
-0.094867
-0.16406
-0.21812
-0.16132
-0.08714
-0.051047
0.0009139
-0.0032406
0.0016434
-0.00015756
0.00095844
0.00049193
0.00035078
5.9611e-05
0.00019005
-0.0010351
-0.0013314
-0.0012392
-0.0014915
-0.0013801
-0.00076015
-0.00076931
-0.00090475
-0.00062532
-0.00024287
-0.00073126
-0.016535
-0.0092298
-0.019788
-0.02141
-0.013619
-0.021252
-0.022293
-0.011561
-0.0064846
-0.0041128
0.00037648
0.0032805
0.0024212
-0.00062522
-0.0011184
-0.0087864
-0.012255
-0.015358
0.016101
0.069498
0.15221
0.28183
0.25356
0.18519
0.15411
0.17916
0.15445
0.11821
0.10587
0.11373
0.12164
0.087908
0.057332
0.028445
0.024047
-0.022168
-0.063982
-0.07432
-0.10111
-0.12551
-0.15288
-0.15088
-0.1175
-0.11565
-0.078535
-0.036484
-0.017843
-0.023248
-0.026879
-0.0032781
-0.0019376
-0.024292
-0.039558
-0.049374
-0.04811
-0.052597
-0.080936
-0.11892
-0.1767
-0.19118
-0.091744
-0.088027
-0.051667
-0.056266
-0.037199
-0.023193
-0.0043519
0.0029741
0.00027374
0.00054211
0.00069331
0.00012522
8.3681e-05
0.00018996
-2.2909e-05
-0.00054455
-0.00075672
-0.0010145
-0.00063046
-0.00083998
-0.00062616
-0.00058273
0.011026
0.038013
0.059833
0.050131
0.053076
0.058698
0.043362
0.049037
0.073785
0.038183
0.024758
0.038014
0.029357
0.021339
0.020897
0.014217
0.011378
0.01136
0.015323
0.020073
0.026028
0.025756
0.047898
0.12714
0.24152
0.36618
0.49265
0.49903
0.48099
0.4535
0.45177
0.35134
0.2798
0.20118
0.17752
0.18779
0.19595
0.16465
0.15788
0.11348
0.05565
0.019503
-0.032351
-0.032778
-0.012629
-0.0048438
-0.0045708
-0.0018418
-0.00014931
0.00097677
0.0093334
0.036563
0.082357
0.1203
0.16695
0.18051
0.19015
0.1727
0.11983
0.10379
0.061839
0.025639
-0.003565
-0.053069
-0.051988
-0.050533
-0.060681
-0.10277
-0.10512
-0.076772
-0.044985
-0.0033185
0.0011826
0.0010898
0.0013454
0.0010064
0.00042873
0.00056053
0.00084617
0.00034154
-7.4005e-05
0.00050477
5.1822e-05
-0.00027751
-0.00035106
-0.00093778
-0.00018428
0.017375
0.034298
0.042742
0.032723
0.029394
0.034625
0.049079
0.039828
0.020363
0.014847
0.018929
0.014337
0.0082471
0.013257
0.014001
0.010346
0.014703
0.016427
0.021306
0.025926
0.028998
0.04295
0.099719
0.24425
0.44718
0.58444
0.63045
0.65708
0.61857
0.55012
0.44487
0.33219
0.29493
0.26015
0.27961
0.24264
0.16476
0.11706
0.14759
0.10532
0.053266
0.036871
-0.0082708
-0.048091
-0.061053
-0.01063
-0.0052829
0.0048139
0.011433
-0.002057
0.0057145
0.013585
0.027491
0.071722
0.095285
0.088155
0.063038
0.087961
0.076884
0.06195
0.041104
-0.0056085
-0.045581
-0.071963
-0.041093
-0.046403
-0.06742
-0.067139
-0.05566
-0.036904
-0.0077558
0.00011043
0.00011983
0.00013153
0.0007032
8.5879e-05
0.00031789
0.00025408
9.6821e-05
-0.00035669
-0.00059738
-0.00091497
0.00068928
-0.0012874
-0.00082
-0.0010428
-0.0012578
-0.00062694
0.056293
0.058753
0.044947
0.043864
0.05679
0.064667
0.060482
0.044352
0.037105
0.024158
0.018758
0.015655
0.014498
0.007219
0.0096003
0.01166
0.014854
0.018897
0.023749
0.038097
0.056678
0.12561
0.26664
0.42871
0.54623
0.55039
0.55359
0.52557
0.49333
0.42216
0.32039
0.27904
0.23619
0.2631
0.20532
0.15264
0.11542
0.12646
0.09847
0.072406
0.060636
0.0086109
-0.013151
-0.016425
-0.057595
-0.10179
-0.080692
-0.034014
0.00077928
0.00078557
0.022839
0.053205
0.057631
0.025994
0.02479
0.03589
0.027782
0.006822
-0.013002
-0.043236
-0.07803
-0.10667
-0.064403
-0.075878
-0.086417
-0.074253
-0.05853
-0.030353
-0.0089465
0.00019476
0.0001951
0.00071948
1.6214e-06
0.00023571
0.00039933
0.00026799
-0.00010558
-0.00048248
-0.00077929
-0.001047
-0.00032936
-0.001123
-0.00067532
-0.00082077
-0.0012567
-0.001517
-0.00097447
-0.00048081
0.0182
0.047077
0.074781
0.075728
0.058107
0.050066
0.04022
0.030793
0.029428
0.02218
0.026414
0.015549
0.017206
0.017266
0.015867
0.026514
0.039608
0.040611
0.055239
0.10636
0.23221
0.40304
0.54743
0.60445
0.626
0.5172
0.49376
0.39213
0.29847
0.25843
0.23301
0.237
0.17162
0.15192
0.13516
0.11003
0.076687
0.073876
0.068722
0.0094626
-0.014313
-0.033266
-0.055669
-0.076158
-0.059735
-0.023784
-0.0019203
-0.00090809
0.0031778
0.0021418
-0.00014091
0.012605
0.034434
0.058414
0.063478
0.048617
0.042879
0.054218
0.0292
0.0063526
-0.013806
-0.053632
-0.094222
-0.13422
-0.082608
-0.068259
-0.067345
-0.10195
-0.08849
-0.060505
-0.014223
0.00049961
0.00039269
0.00014195
0.00079241
0.00060304
7.3871e-05
-1.215e-05
-0.00023522
-0.00020257
-0.00018907
-0.00037903
-0.00064964
-0.00072809
-0.0007383
-0.00082356
-0.00081009
0.01994
0.054314
0.089075
0.091754
0.079728
0.052722
0.065827
0.077606
0.065475
0.037739
0.038331
0.019275
0.017709
0.011821
0.011056
0.008551
0.0074421
0.011068
0.013376
0.01002
0.019731
0.03342
0.020912
0.060682
0.21155
0.49079
0.59642
0.62844
0.58211
0.5482
0.49596
0.41585
0.34867
0.31706
0.27362
0.29411
0.25144
0.21613
0.16709
0.13516
0.13301
0.12064
0.10647
0.068153
0.028382
0.039048
-0.013664
-0.042611
-0.084645
-0.072962
-0.038461
-0.02296
-0.014506
-0.02362
-0.017373
-0.013008
-0.025222
-0.011594
-0.0043434
-0.0097966
-0.057442
-0.046382
-0.02748
-0.038891
-0.067006
-0.064328
-0.099806
-0.16006
-0.079147
-0.051418
-0.048475
-0.049876
-0.039199
-0.023083
0.00025519
-0.00020955
-0.00024647
0.00097761
0.00032544
0.00033271
0.00046002
7.3206e-05
-0.00025836
7.553e-05
-0.00015414
-5.5705e-05
-0.00029625
-0.00046729
-0.00068479
-0.00077519
-0.00044921
0.021823
0.042662
0.082895
0.07492
0.05736
0.041107
0.055608
0.064356
0.050785
0.039752
0.034995
0.018703
0.014407
0.016546
0.0090745
0.0020544
0.0046281
0.0064639
0.0092678
0.010991
0.015335
0.02606
0.016426
0.074654
0.2278
0.43401
0.47928
0.5204
0.44712
0.42585
0.41566
0.3389
0.26656
0.20253
0.18369
0.20808
0.16915
0.12224
0.11896
0.1262
0.076036
0.034491
-0.0077074
-0.040059
-0.062142
-0.044329
-0.043774
-0.03233
-0.021648
-0.0085762
-0.0094559
-0.0065334
-0.0064437
0.0094414
0.013656
-0.014038
-0.037953
-0.015284
-0.017152
-0.035617
-0.043117
-0.067926
-0.12354
-0.18236
-0.089601
-0.085705
-0.060083
-0.061697
-0.05035
-0.031636
-0.0061967
-0.00016182
0.0011936
0.0010319
0.00070924
0.00029003
0.00043617
0.00025946
1.0894e-05
-0.00043593
-0.00099516
-0.0012801
-0.00042712
-0.0010184
-0.00094808
-0.0015475
-0.0014816
-0.0016981
-0.0013165
0.011493
0.098352
0.12456
0.15749
0.15655
0.10526
0.089341
0.12422
0.03487
0.02831
0.019721
0.014795
0.014133
0.0081963
0.0088868
0.01302
0.013242
0.015785
0.019235
0.022786
0.015571
0.048554
0.19234
0.37846
0.56269
0.60799
0.58232
0.60031
0.5087
0.45319
0.38002
0.29979
0.26771
0.27552
0.26753
0.20229
0.12796
0.13074
0.12422
0.070215
0.061483
0.04682
-0.0030433
-0.027071
-0.049019
-0.077749
-0.096082
-0.10096
-0.055085
-0.036028
-0.027999
-0.033091
-0.031059
-0.024539
-0.010822
-0.01064
-0.049837
-0.064098
-0.046827
-0.06286
-0.063504
-0.047501
-0.048772
-0.055049
-0.092267
-0.11653
-0.094265
-0.14042
-0.0046342
0.00086851
-0.0014792
0.00015153
0.00059517
0.00029895
0.00038632
0.00028478
-4.5092e-05
-0.00021979
-0.00041293
-0.00065586
-0.00060106
-0.00051317
-0.00080527
-0.0008445
-0.001167
-0.0013427
-0.00056644
-0.00060263
0.0049647
0.023249
0.04276
0.043079
0.026809
0.028802
0.044873
0.084795
0.070699
0.039014
0.023888
0.010003
0.004922
-0.0020765
0.0019687
0.0053029
0.0098126
0.013939
0.016379
0.016534
0.022397
0.027017
0.02252
0.057108
0.12756
0.22282
0.26549
0.094287
0.098846
0.10016
0.14274
0.16508
0.13775
0.11326
0.091957
0.053156
0.049783
0.034749
0.015164
-0.019137
-0.043526
-0.069068
-0.060718
-0.082803
-0.024568
-0.0017278
-0.00088684
-0.00091137
-0.0022768
0.0028685
0.0087564
0.021542
0.041552
0.0541
0.066266
0.080227
0.098616
0.076542
0.036133
0.0024728
-0.044415
-0.094329
-0.15178
-0.16527
-0.14955
-0.15294
-0.12221
-0.11722
-0.099492
-0.06216
-0.028698
-0.0057806
0.00036123
-0.0014992
9.8338e-05
0.00072412
0.00028757
0.00020232
0.00078087
9.6085e-05
-0.0003609
-0.00051921
-0.00057247
-0.00057539
-0.00041988
-0.00094334
-0.0007431
0.013777
0.01925
0.018253
0.022403
0.019561
0.018393
0.013845
0.016609
0.020785
0.021793
0.019946
0.025231
0.021199
0.019688
0.025607
0.022145
0.027747
0.030481
0.037054
0.049663
0.064314
0.10554
0.17898
0.29585
0.4634
0.53057
0.57741
0.49919
0.47414
0.41299
0.2994
0.23637
0.20189
0.18319
0.15386
0.11028
0.084807
0.059832
0.055404
0.015675
-0.021565
-0.046702
-0.084874
-0.12041
-0.13847
-0.16989
-0.16517
-0.091132
-0.011263
-0.022751
-0.025935
-0.017097
0.0075237
0.010457
0.019996
0.037536
0.037465
0.018428
0.013318
0.0067108
-0.060072
-0.10547
-0.13379
-0.15209
-0.13264
-0.093178
-0.098035
-0.085876
-0.052687
-0.020311
-0.006049
0.0013025
0.00044932
0.00082199
0.0010223
0.00057513
0.00030774
0.00027412
4.1181e-05
-0.0005276
-0.00097208
-0.0011508
-0.0010892
-0.00080199
-0.0008157
-0.0008055
-2.8708e-05
