0.003642
0.0088377
-0.0081458
0.00090774
0.015002
-0.016824
-0.0035746
0.0001436
0.00074625
0.013704
-0.017012
-0.0021998
0.019132
0.0048505
-0.0089464
0.0033613
0.0078933
0.0022649
0.0079472
-0.0010453
-0.007237
0.010569
-0.0044661
-0.0025527
-0.004818
-0.0055303
0.0055953
-0.010012
0.0032243
0.013894
-0.00092099
-0.011497
-0.025939
-0.011014
-0.0043455
0.007934
-0.0012504
0.018919
-0.019794
0.014357
-0.0012333
0.011158
-0.0088433
-0.010442
0.0087106
-0.012188
0.0007842
-0.01576
-0.0054244
0.0041239
-0.020021
0.0060577
0.0059546
0.00037497
0.013067
-0.0080468
0.0046779
0.0053973
-0.0024546
-0.013847
0.011547
0.0056863
-0.0067542
0.014083
-0.0082923
-0.013651
0.027112
-0.010546
0.0072646
0.012958
-0.021779
0.01371
0.013046
-0.00080331
-0.0026388
-0.0059067
-0.0024282
0.0010135
-0.004766
-0.0019413
0.002109
0.0042065
-0.015946
0.016899
0.013265
-0.0086274
0.011085
-0.0010081
0.00039675
0.017948
-0.014355
-0.0031937
0.0034775
-0.010096
-0.0076747
-0.0042343
0.0066521
0.00070719
-0.013711
0.00019037
0.0073915
-0.0065364
-0.009726
0.012581
0.0090312
0.0037483
0.0040165
-0.0041419
0.0035343
0.009575
-0.0048448
-0.0095253
-0.0016837
-0.0045206
0.0056757
0.0024553
0.012245
0.0025759
-0.0079515
-0.0054581
0.0056786
-0.0067001
-0.003813
0.0089403
-0.010614
-0.0006307
-0.0077188
-0.0054266
-0.013941
-0.0090721
-0.0029985
0.014287
0.0011126
0.0094793
0.0093824
-0.0045297
0.017509
-0.010485
-0.0067267
0.0063115
0.0052122
-0.017647
0.0028558
0.0016884
-0.0032481
-0.0069523
-0.014725
-0.0047977
0.015161
0.0098945
0.00935
0.027552
-0.012964
0.0090061
-0.0071864
-0.0016103
0.010547
-0.010068
-0.0089249
-0.0011502
-0.00183
-0.0077761
0.0073649
-0.0055957
-0.0047219
-0.0054115
0.0055165
-0.010459
0.019759
0.012586
0.0019455
0.0052503
-0.0079366
-0.004162
0.0083434
-0.01648
0.011413
0.0058587
0.0075832
-0.00019832
-0.0036908
-0.0012336
0.0063296
-0.0015821
-0.0095624
0.0064691
0.015579
0.010149
0.010254
-0.00015382
-0.0043047
-0.014171
-0.0054324
-0.0066847
-0.021642
-0.0040924
-0.0055774
-0.022613
0.006923
-0.011844
-0.0020992
0.0073399
0.0083223
-0.0064683
-0.00057148
-0.0027986
-0.012375
-0.0080493
0.011078
-0.0070691
0.00024225
0.013853
0.011138
0.00987
0.013199
-0.030588
-0.019854
0.010679
-0.0058182
0.0045471
0.0060626
-0.013888
0.0051679
-0.0094817
-0.004088
0.014681
-0.0018815
0.0029776
0.0013049
0.005099
0.010958
0.0042268
0.0019231
-0.010172
-0.014515
-0.013691
-0.0060138
-0.00078543
-0.0013604
0.00058316
0.013221
-0.0036012
0.0020131
-0.0046328
0.0020766
0.0090958
0.0058302
0.0056947
-0.00028172
-0.0008416
0.0055638
-0.013642
-0.0032458
-0.015603
-0.019891
0.013424
0.0066873
-0.0012571
0.005966
0.00055107
0.0015881
-0.0032
-0.020544
-0.0031615
-0.0027783
0.0053078
-0.010573
0.00081266
0.014808
0.0067257
0.0024007
-0.032126
0.0025047
-0.0055456
-0.0034835
0.012209
0.0026817
0.0050481
0.0061959
0.0081962
0.0012555
0.00046438
-0.0085049
-0.0032977
-0.0075744
0.006476
0.0018265
-0.0030983
0.0034803
0.0072674
0.0014974
-0.0082898
0.0045496
0.0046806
0.0053802
0.015208
0.0064756
0.0031161
0.0078241
-0.0086766
0.0014594
0.0047514
0.0060965
0.0027031
0.0052949
0.019341
0.0037306
0.0036304
-0.02171
0.0023712
0.002294
-0.0079471
0.013416
0.011016
0.013999
0.0016815
-0.011145
-0.0034241
0.0012841
-0.010956
0.0055859
-0.01083
0.013023
-0.0025884
0.0006994
-0.0030157
-0.0018853
-0.010632
0.0022417
-0.0052239
0.010393
0.0087719
-0.0054201
0.0070106
-0.0057034
0.0045987
0.0014396
0.00019251
-0.019207
0.0081501
-0.0051745
-0.0073852
0.0037159
-0.00603
0.0044255
0.011009
0.0036491
-0.0075925
0.010565
0.0086653
-0.0041844
0.012954
0.0021894
-0.0096122
0.0077627
0.010227
-0.00073178
0.016704
-0.014938
0.022415
-0.0022314
-0.0026625
0.0037964
-0.010848
0.0027096
0.00063879
-0.002693
-0.006333
-0.0025403
-0.013365
-0.0073027
0.0071985
-0.012886
0.0073002
0.012759
-0.011997
0.0032007
0.0034899
-0.027975
0.013486
-0.0075097
0.0056384
0.0013137
-0.0098439
-0.0024853
0.014628
0.0049972
-0.0043334
0.0028237
-0.0056633
0.011556
0.0098259
-0.00052068
0.0015711
0.0090273
-0.010924
-0.0007849
0.0078972
0.00058803
0.0069024
-0.01368
-0.0046665
0.023898
-0.014361
-0.006368
0.0073327
-0.0054578
0.018055
0.00933
-0.0027312
-0.00020096
0.022154
-0.017176
0.011948
0.0060442
-0.0086055
0.00044904
0.01072
0.0062897
0.0089797
-0.011853
-0.0019423
0.0013267
-0.0092556
0.00035734
-0.0053483
0.0059726
0.0038352
-0.0051162
0.0055104
-0.0177
0.015225
-0.01185
0.0008383
0.0014613
-0.016633
-0.00022634
0.0070016
-0.0053228
0.0052869
0.0055457
-0.0030155
0.0037128
0.0048139
0.0017309
0.0019884
0.0083653
-0.003232
-0.018177
0.0056017
-0.010459
-0.0015796
-0.0030479
0.0065144
-0.0024655
-0.0055036
0.001873
0.0031753
0.020131
0.0080164
-0.0059633
0.0066168
-0.0085714
0.0017818
0.0068943
-0.017579
0.014203
-0.00067358
-0.018001
-0.0044406
0.0056921
-0.002718
-0.013704
0.012548
0.00050952
0.010708
0.022264
-0.0072238
0.0025017
-0.0028983
-0.0072967
0.012897
-0.019526
-0.0048588
0.0090825
-0.013816
-0.0012169
-0.021258
-0.0080746
0.00050234
-0.0049225
0.0050963
-0.0014847
-0.00090856
0.015783
-0.0014088
0.0050164
-0.0024785
0.015427
-0.013119
-0.0025506
0.0089265
-0.0068642
-0.00070268
0.0060996
-0.014892
0.0038556
-0.0060675
0.0084689
0.0067901
-0.0011524
0.019469
-0.0060008
0.014638
0.0023698
0.023593
-0.0011638
0.006304
0.012149
-0.014004
0.0049015
0.0067466
-0.016285
0.018085
0.0034632
-0.015113
0.0039696
-0.0085152
-0.0019913
0.0034675
-0.010607
-0.007974
0.0012124
0.013701
-0.01345
0.0097246
-0.028163
-0.0065182
0.019833
-0.0038511
0.00051386
-0.0056247
-0.0088996
0.022405
-0.0092112
-0.015702
0.0050542
-0.0083857
0.0096623
0.0014766
-0.0046642
0.0073823
0.01204
-0.010419
0.0079048
0.013827
-0.0057532
-0.0020372
0.017731
-0.0090849
0.00027134
-0.0017431
-0.00096219
0.018839
-0.0035662
-0.012495
0.007328
-0.012018
-0.0096316
-0.0011613
0.0073145
0.0070167
-0.0044667
-0.0052457
-0.0075519
0.0061425
-0.010823
0.003649
-0.0020067
0.0024512
0.01478
0.0034539
-0.0075086
0.011819
-0.0013491
-0.0044258
0.0020616
-0.0095627
0.0042562
0.0059966
-0.002781
-0.014601
0.0079662
0.0086567
-0.0058695
0.010912
0.0048338
0.0095136
0.012287
-0.0045403
0.0078992
0.0019725
-0.0066591
0.0082898
-0.01254
0.017495
0.012062
-0.010072
0.005142
0.0017777
-0.0016192
0.0017843
-0.017698
0.0038708
0.0015848
0.0051045
-7.3783e-05
-0.0024193
0.0037664
0.0056532
0.0064087
0.01006
0.013385
0.0024503
0.0068278
0.029763
-0.0087595
3.0511e-05
0.003169
0.010035
0.013193
-0.009404
-0.0017129
-5.9686e-05
0.0024257
0.0051989
0.0067811
0.0056469
0.0062835
-0.0020604
0.0091276
-0.012448
0.018176
0.0012638
-0.0111
0.019896
-0.018429
0.024906
0.011495
-0.0075392
0.00042232
-0.00065433
-0.0051553
-0.016893
-0.0057538
-0.0093866
0.0087675
-0.0021931
0.0016965
0.011174
0.0016926
-0.018062
0.017589
-0.0040777
0.0043765
0.0021914
-0.017943
0.0070359
0.0028781
-0.0052577
-0.0066557
-0.0063406
-0.00099067
-0.00092723
-0.0035821
0.0067895
-0.0032773
0.011413
-0.012823
0.007114
0.0056032
-0.0025983
0.0093078
-0.017384
-0.0062952
0.00050257
-0.0036895
-0.0039707
0.0076388
-0.019529
0.0080089
-0.0028571
0.00581
0.02103
-0.0011741
0.0097274
-0.011408
0.00044871
0.0080319
0.0035333
0.010806
-0.010646
0.0077044
-0.0064193
0.0068925
-0.015496
-0.0063704
-0.0027065
0.0054991
-0.0010359
0.013237
-0.01023
0.0096373
-0.0048532
0.0056607
0.016069
0.0058133
0.006048
0.0041275
-0.016642
0.0081745
0.0045105
-0.011755
-0.012006
0.0089787
0.0028409
-0.0034518
-0.0034985
-0.013211
0.0097798
0.014756
-0.0077494
0.012786
0.0023925
-0.014119
0.0063221
-0.0044371
0.00088687
0.0013963
-0.0019893
-0.0065918
0.00044073
0.0040684
-0.0080545
0.0052573
-0.0017976
0.01553
0.0095756
-0.0069811
0.0066904
-0.0097053
0.007718
0.0043405
-0.015204
0.0064105
-0.0027069
-0.022955
0.0073999
-0.015077
0.0039518
0.007861
-0.013252
0.010117
0.0028315
0.0034182
-0.0093684
0.0050166
-0.0020648
-0.0050889
0.0032872
-0.009051
-0.019069
0.010924
-0.022063
-0.01556
0.002244
0.0082681
0.0045175
-0.019633
-0.0061216
0.01923
0.0061917
0.00078156
-0.0051658
0.0019525
-0.0028504
0.016573
-0.011315
0.014578
0.0097391
0.021603
-0.010933
-0.002447
0.001828
-0.0024473
0.0033838
-0.017584
0.0027765
0.0018984
0.010014
0.0060286
-0.0097674
0.01117
0.010341
-0.010062
-0.0060679
-0.0014389
-0.013544
-0.0070513
0.013223
-0.0087311
0.0054005
0.0061297
-0.035508
0.0070025
0.0065853
0.0048196
0.0045408
0.00176
0.011107
-0.0062181
-0.011286
0.0037169
0.0055858
0.011667
-0.011849
-0.01282
-0.0012252
0.0007711
0.0085179
-0.020709
0.0060565
0.0034205
-0.0046965
0.0054096
0.012909
0.0083939
0.01492
-0.00096032
0.0028474
0.017084
-0.010641
-0.00022327
-0.0080668
0.013342
-0.0095738
-0.0026663
0.0062207
0.0083254
0.0038841
-0.021612
0.002137
-0.0061061
-0.0023132
0.010088
-0.0034418
0.010184
-0.0008247
-0.0055661
0.0030077
-0.016196
-0.0027097
0.0045796
0.01074
-0.016162
0.015806
0.011226
0.0030242
0.018987
0.013537
-0.0056125
0.011276
-0.0051342
-0.017063
-0.007512
-0.010951
-0.0019754
-0.00569
-0.0050354
0.0030212
-0.0077139
0.014992
-0.0040334
0.0072242
0.020073
0.0079872
0.0095348
0.021005
0.0038955
-0.01754
0.010668
-0.0061021
-0.019319
-0.01651
-0.0036148
-0.01341
-0.0019595
-0.006184
-0.00096928
0.013043
-0.013303
0.00014369
3.0646e-05
0.013568
0.0065115
0.0011373
0.0016722
0.0024612
0.0089893
-0.016429
-0.0070742
0.00051547
0.0021079
-0.010177
0.00032826
0.0038815
0.0037065
-0.015078
0.00075885
0.0090247
-0.0069918
0.0043259
0.023782
-0.029282
0.0077231
0.0086806
-0.029388
-0.0055492
-0.018409
-0.005668
-0.010939
-0.0096257
-0.021287
0.00026863
-2.539e-05
-0.015973
0.014996
0.0071796
-0.002977
-0.0013983
-0.00032333
-0.0037727
-0.014635
-0.0032847
-0.0084778
-0.022472
-0.0024207
-0.0034461
-0.027995
0.016685
-0.012422
0.00025878
0.0028756
0.012625
3.2791e-05
-0.0073679
0.0043768
-0.0094187
0.0056728
-0.014183
0.0019636
0.019683
-0.0094082
0.0026002
0.0077818
-0.018867
0.00045841
0.0068815
0.0056982
0.0079237
-0.0036114
-0.010647
0.011944
-0.012581
0.0032296
-0.008042
0.0093169
-0.013371
-0.015562
-0.022018
0.0011808
0.0012694
-0.024605
0.02832
-0.024588
0.0093595
-0.0024225
0.0057237
-0.0089726
0.0037399
-0.0064323
-0.0075959
0.0012829
0.001967
-0.0056366
-0.0099841
-0.018291
-0.025971
0.0075364
-0.020339
0.0046699
0.00090811
-0.002353
-0.0043361
-0.0064287
-0.013504
0.0060783
-0.0074678
-0.0059334
0.0067348
0.00082061
0.0021796
0.012719
-0.0044779
-0.034037
-0.0033589
-0.010823
-0.013173
-0.0059424
-0.016628
-0.0058868
0.0085488
-0.023774
0.0059572
0.024089
-0.017621
-0.00016705
0.0058272
-0.013994
-0.0075434
-0.0086404
-0.005264
-0.003694
-0.016522
-0.010718
0.00050593
-0.029422
-0.013227
0.0015228
-0.015273
0.025863
-0.0034163
-0.015531
0.0030091
0.015433
-0.014766
-0.0055518
-0.0060687
-0.014033
0.0060141
0.0073249
-0.0076938
0.013121
0.0026536
-0.026982
0.0011505
0.017665
0.020426
-0.01244
0.028726
-0.020316
-0.012184
0.0042458
-0.039879
-0.0024455
-0.0036206
-0.0070055
-0.00098853
-0.0093711
0.0035022
0.0084661
-0.01281
0.0018251
0.0021011
0.0039577
0.0043795
-0.0045736
-0.01945
-0.012209
0.0015533
-0.023415
-0.0054549
-0.0038594
-0.027403
-0.0051632
0.0022091
-0.029518
-0.0098867
-0.017653
-0.012345
0.0011718
0.0070173
0.019014
0.0025619
-0.0075
0.0029691
-0.011794
0.00097212
-0.027945
-0.010804
0.019338
-0.018165
-0.0095396
-0.022439
0.004444
-0.010571
0.00051055
0.0051418
0.017183
-0.0083609
-0.016357
0.0068688
0.0088273
-0.017973
0.0102
-0.0094178
-0.017727
-0.001173
-0.0069586
-0.0023435
-0.0033703
0.0099505
-0.015507
0.0036771
0.018745
-0.017139
-0.014881
-0.0042646
-0.0098559
0.014985
-0.011862
-0.01218
0.025267
-0.018675
-0.0071828
-0.0076284
-0.0052308
0.007533
0.0089472
-0.0088383
0.0061715
0.006367
0.0049139
-0.0045606
0.010014
-0.017686
-0.002993
0.0024617
-0.016791
0.0078348
-0.019898
-0.0021311
-0.0098692
-0.011145
-0.017571
-0.01176
-0.012666
-0.0085516
0.012251
0.01514
-0.0063366
-0.0084785
-0.0096559
-0.0017734
0.0045842
-0.020144
-0.00765
0.012141
-0.011042
-0.0016897
-0.0097874
-0.01613
-0.018303
-0.011874
0.0067726
0.0010878
0.008317
0.00024038
-0.0034636
0.0022641
-0.011818
-0.01879
-0.001367
0.0023026
-0.028282
2.0877e-05
0.0073147
-0.011048
-0.0075668
-0.0078258
0.0040167
-0.007922
-0.011847
-0.0040426
0.0010121
-0.016524
0.0011575
0.016435
-0.0053723
-0.0045801
0.0098161
-0.027103
-0.0037791
-0.014153
-0.0063334
-0.0028723
-0.0010814
-0.0078014
-0.0064262
0.012243
-0.015684
-0.0070823
-0.0065874
-0.021652
0.035859
-0.013301
-0.016592
0.021869
0.00064722
-0.0023341
-0.0063314
-0.0027278
-0.0047665
0.0015327
-0.015827
-0.014746
-0.004333
-0.0060373
-0.011129
0.0019236
9.0424e-05
0.0045269
-0.005681
0.018783
-0.014093
-0.0020899
-0.010703
-0.012901
-0.0031855
-0.016362
-0.0085682
0.0029751
-0.011439
0.0067586
-0.013328
-0.015883
0.00066888
-0.0076238
-0.016785
-0.0015979
0.0084305
-0.0043677
0.013669
-0.0051805
-0.02475
-0.0094959
-0.03515
-0.017164
-0.0021684
-0.043093
-0.00056326
-0.014395
-0.00033906
-0.011066
-0.0041698
-0.010703
-0.0082835
-0.00023039
0.0052761
-0.011987
0.0096263
-0.010725
-0.0015696
0.0091627
-0.020556
0.016453
-0.01473
-0.013612
-0.0095453
-0.018563
-0.0022051
0.0031168
0.0029238
-0.0021607
0.0026315
-0.020058
0.011614
-0.011223
-0.0063012
-0.017317
-0.0052109
-0.011549
0.0026239
-0.0029261
-0.021572
0.00072003
-0.018348
-0.0075792
-0.011604
-0.023137
-0.0013814
-0.0011234
-0.0053116
-0.0031079
-0.0076468
-0.0097243
-0.006737
-0.012977
0.0027352
-0.031084
-0.012346
-0.010125
-0.00091616
-0.02335
9.8935e-05
-0.00081403
-0.011035
-0.017079
0.015179
-0.028053
0.0080765
-0.013919
-0.015284
-0.00012048
-0.012869
0.0015015
-0.0073221
-0.0093959
-0.0046829
-0.014182
-0.018445
0.0047353
-0.011258
0.00035365
-0.013174
0.0076226
-0.0070022
0.0064395
-0.00111
-0.00035229
-0.0011253
-0.013951
-0.012607
-0.008849
-0.012173
0.0081338
0.0047797
-0.0026107
0.0011042
-0.0067604
0.0076526
-0.0023723
0.0022052
-0.0013511
-0.013291
-0.013626
0.0065773
0.0083153
0.0086572
-0.0044177
0.0062699
-0.016348
0.0089383
-0.022396
-0.013255
0.0066883
-0.011064
0.0052494
-0.018485
0.0006539
-0.0036322
-0.0083648
-0.0020436
-0.011555
0.011548
0.0093967
-0.012712
0.0096662
-0.01729
0.00034323
-0.00365
-0.020367
0.019924
0.0096707
0.0028466
0.00034802
-0.017365
-0.0022933
0.005619
-0.026789
0.0062823
-0.00041417
-0.012495
-0.0042361
-0.0011029
9.8789e-05
0.001958
0.0073676
-0.0098153
-0.00042233
0.0074223
-0.017455
0.0019289
0.001878
0.0075583
0.0039501
0.0039422
-0.010976
-0.0050311
-0.016886
-0.00090633
-0.011371
-0.0088679
-0.0023841
-0.012051
-0.0019963
-0.0091799
-0.00044298
-0.0010734
0.0010713
-0.0026347
0.0017754
-0.0070356
0.0031133
-0.0045039
-0.0051953
0.00058457
-0.0070318
-0.013168
0.001645
-0.026842
-0.0025944
-0.00065358
0.001505
-0.0069963
-0.011581
-0.0039499
-0.016159
0.004974
-0.0039784
0.0047945
-0.0073707
-0.017141
0.0020147
-0.012609
-0.01891
0.001168
0.0014315
-0.013425
0.0056337
-0.010067
-0.016173
0.0028083
-0.018703
0.0064305
-0.0028134
0.0081567
-0.00099307
-0.0076031
-0.0033028
0.00034434
-0.012615
-0.016939
-0.010842
-0.0068762
-0.017375
-0.0028035
-0.014677
0.0021308
-0.0055609
-0.012087
-0.0095609
-0.00028568
-0.010496
-0.011434
-0.053092
-0.016288
0.050381
-0.041675
0.055415
-0.055958
0.035555
0.0031201
-0.013292
0.0506
-0.036208
0.020268
-0.018066
0.047042
-0.013683
-0.02474
0.0080368
-0.05435
0.022058
-0.0060263
-0.033235
-0.020985
-0.019359
0.002589
0.0015134
-0.0018094
-0.00029928
0.042684
0.0051701
0.0021832
0.020448
0.018615
-0.010167
-0.0063898
-0.0028826
-0.025662
0.0073857
-0.027089
-0.0064361
0.0076432
-0.024791
0.00038467
-0.0036481
-0.017676
0.002369
-0.014699
0.002207
-0.010952
0.016359
-0.017137
0.00073673
-0.0008162
-0.0060011
-0.0095251
-0.01254
-0.01282
-0.00091804
-0.002506
-0.013623
-0.016012
-0.017169
-0.0012461
-0.011543
0.0054691
0.0042755
-0.018362
-0.016944
-0.0045129
-0.003632
-0.0076356
-0.030007
-0.0049906
-0.020647
-0.0086796
-0.0061046
-0.0070391
0.022745
-0.0025241
-0.019673
-0.0073483
-0.0030563
0.0042152
0.011885
0.00097401
-0.0041558
-0.008887
-0.0046141
-0.0071993
-0.010997
-0.020884
-0.00024318
0.00044698
-0.0013392
0.0027414
0.0007058
-0.0048805
0.0019959
-0.0073479
0.0081833
0.0039164
-0.00051206
-0.0033996
-0.024609
0.010357
0.0077249
0.0054225
0.0013332
-0.0093768
0.0010063
-0.0068375
-0.0066588
-0.0043513
0.0057547
-0.022299
0.010243
-0.0078111
-0.0016025
-0.00103
-0.012779
-0.019551
-0.0041261
0.0071379
0.0090257
0.011003
-0.021453
0.0025938
0.007769
-0.034004
0.0098409
-0.02058
0.0073668
-0.019638
-5.4428e-05
-0.0031006
0.0015172
0.010865
-0.0037572
0.0064773
-0.0034676
-0.01488
0.0043874
-0.009634
-0.02478
-0.015471
0.0051743
-0.0075921
-0.0052354
-0.0028523
-0.015371
-0.00050193
-0.0073301
-0.0023577
-0.0047172
0.0016181
-0.00047133
-0.0015674
-0.0026492
-0.0020939
-0.016937
-0.004395
-0.020666
-0.0045811
-0.024278
-0.014389
-0.0090807
-0.015316
-0.01041
-0.0054587
-0.025082
0.011964
-0.0086248
0.024229
-0.00086834
0.00045759
0.0042846
-0.0069722
0.0066694
0.012595
-0.031748
-0.039425
0.043879
-0.27431
-0.15259
-0.59225
-0.73756
-0.62972
-1.1333
-1.0558
-1.176
-0.82081
-0.58351
-0.48411
-0.66882
-0.52552
-0.90594
0.089349
0.013272
-0.42831
-0.46914
-1.4168
-0.13081
-0.75655
-0.69022
-0.86244
-0.21688
-0.28141
-0.27472
-0.11937
0.3906
3.7921
1.8076
2.4108
2.921
2.0368
2.2685
1.7618
3.3048
1.3153
2.2834
0.62638
2.5331
0.65891
0.24082
0.40855
0.9065
-0.42524
0.35912
0.439
-0.33942
-2.4529
-3.5656
-2.6773
-1.8061
-3.825
-1.4794
-3.7577
-2.1224
2.0949
2.6943
3.4156
2.7778
1.0126
2.4478
2.8839
3.6595
3.2606
0.65414
3.7924
0.99841
-1.217
-1.2982
-4.3482
-3.0611
-2.9363
-2.6759
-1.806
1.0583
-0.084394
-2.0728
-2.4626
-0.33276
-1.9359
-1.1276
-0.089702
2.5395
6.1433
0.27771
1.7168
4.0177
2.9137
2.0892
1.5152
0.44765
-1.4595
-2.2062
-1.7705
-3.4331
-3.2252
-2.7345
-3.1384
-2.6568
-1.3892
-0.95795
-1.0055
-2.5918
1.9408
4.594
2.4866
1.8809
1.2408
-0.082343
3.5867
-0.34451
2.0036
-1.0762
2.8045
-0.096284
-1.9902
-1.8751
-5.5672
-3.6389
-3.6665
-1.782
-3.6652
-1.3454
-2.441
-1.2089
0.623
4.2553
2.4371
1.7264
3.2824
2.7314
2.0047
3.3029
3.6831
3.7353
1.7657
2.2677
-0.4708
-0.36159
-2.821
-4.1639
-1.8613
0.70662
1.8374
-0.0075927
-1.6922
-4.1338
-0.97903
-1.5585
-1.7292
0.011401
6.7696
-1.1754
2.3836
1.5904
3.993
1.6065
1.7202
-0.26525
-0.5817
2.9915
-0.60507
-3.3681
-2.5594
-3.6288
-3.348
-1.8832
-2.5553
-1.6364
-0.79647
-1.0987
0.87982
0.37294
2.623
2.4899
2.3372
0.46811
1.7546
-0.013197
0.528
1.3503
1.9443
2.9645
-4.2021
-5.4125
-1.0653
-7.3881
-1.9714
-2.4909
-3.4076
-1.5251
-2.7177
-1.2383
0.88469
3.5871
3.9647
6.7566
3.0154
2.4359
2.7614
1.8219
1.8526
3.772
4.112
3.4105
0.27668
0.018036
-1.1177
-0.60232
-5.8565
-4.7733
-2.6609
-0.69421
-2.0182
-1.1908
-2.213
-1.1993
0.61982
0.27975
6.5182
4.0195
0.56497
0.35113
3.0283
3.2865
4.158
1.573
2.4277
1.8638
-0.45707
-1.7019
-5.2171
-2.5755
-3.5009
-3.5526
-2.5578
-3.2193
0.046007
-0.30632
-0.4396
0.90379
-0.84791
0.80014
1.5902
4.1021
-0.23209
2.3421
1.0373
0.35707
0.98469
2.3376
1.8067
0.5602
-2.1591
-0.99368
-5.3807
-2.9306
-2.9729
-2.2226
-3.2429
-2.3874
-2.6125
-3.7555
-1.2
0.055027
2.4818
3.957
3.0576
2.9651
1.7425
2.4004
4.3205
2.0568
1.5755
0.3655
-0.18054
0.84792
-2.7087
-4.5514
-1.381
-3.0065
0.80712
1.6915
0.02787
-2.7457
-2.0725
-1.7784
-1.6573
0.53086
-0.58704
3.7243
4.6717
0.19276
1.9644
1.1726
3.3904
2.7861
1.5356
0.72001
0.30182
0.61386
3.1208
-0.97894
-2.8656
-1.3013
-2.1532
-4.4543
-3.2272
-3.4782
-3.8371
-1.4589
-2.1218
-1.8144
-0.64079
-1.0128
-0.80104
2.5592
0.10664
1.6321
1.8607
3.4705
-1.1211
1.5232
3.5119
-0.24654
3.0761
-0.16575
1.5721
1.325
1.2438
1.5713
-3.1164
-3.9023
-1.3747
-5.3415
-2.7431
-2.8527
-3.3287
-2.7268
-3.3333
-2.6666
-2.2868
-1.7921
-0.99904
1.1491
2.739
4.4952
5.7216
3.2949
3.6339
2.9326
1.3758
1.8923
2.7639
3.5804
1.7582
1.6589
0.4681
-0.84993
-0.9587
-2.2925
-4.9457
-1.2109
-5.0815
-2.0618
-0.51676
0.46626
2.0167
-1.7293
-3.2327
-0.10752
-2.9726
0.96374
-1.3992
1.8559
6.1934
1.2392
2.3797
-3.758
6.331
2.7377
2.9729
1.5297
0.62622
1.0062
1.4969
1.8024
-1.2414
-1.0521
-3.0023
-2.456
-5.741
-1.1897
-4.3875
-1.2112
-2.1863
-2.1548
0.3632
-0.80768
-0.70684
-0.61948
0.42489
0.70494
0.62551
3.6665
-1.161
1.9673
2.7091
-0.47742
1.582
0.32414
2.1556
1.2358
2.4413
-0.072654
-4.9439
-6.02
-0.77052
-6.1224
-2.1121
-3.3407
-2.3133
-3.2795
-1.4382
-3.2165
-2.4921
-0.034627
-0.16018
2.401
3.3827
6.2972
4.8956
3.1122
1.445
2.4294
2.687
3.2261
3.0487
3.0876
2.1876
1.6012
0.79727
-0.56726
-0.017196
-3.9915
-5.7002
-0.51571
-4.5946
-0.42893
0.61152
0.76162
-0.028377
-3.325
-1.6756
-2.0187
-0.88147
1.0208
-0.48457
5.3091
3.3889
2.2111
-0.020005
3.0032
3.2246
4.5627
0.91438
2.2768
2.5017
1.2147
-0.2066
0.80308
-1.7202
-1.7532
-2.3778
-5.2574
-4.029
-2.4126
-3.8065
-0.92922
-3.9166
-2.0431
-1.2476
-0.084711
-0.79989
-0.019344
0.11045
-0.13916
4.0066
3.8033
-0.17323
2.7509
0.044756
0.63484
0.67231
4.3129
1.0937
-0.45359
1.8606
-1.4474
-1.3454
-3.7216
-2.6335
-5.882
-3.1989
-3.1419
-2.0922
-3.0682
-1.4693
-4.1436
-2.8538
-1.2503
-0.19641
2.3063
3.8334
6.6123
2.9818
2.0615
3.5471
2.2317
2.3991
4.8547
2.1511
3.1852
2.625
0.2721
-0.43378
1.2316
-0.098627
-2.8483
-4.398
-1.9648
-4.1775
-1.729
-1.7221
2.1834
0.77697
-1.9013
-3.3236
-2.2533
-1.2916
0.87888
-1.2783
3.6801
3.5965
1.3641
3.2546
-2.3857
5.1597
2.1634
2.1095
1.7551
-0.22315
0.70291
2.1692
0.11034
-3.0321
-1.3042
-2.7887
-3.2376
-3.6751
-2.174
-3.916
-1.6113
-1.6868
-0.24799
-1.9728
-1.2647
0.60149
1.8996
1.829
1.4773
2.6357
3.0232
-0.86652
1.3605
3.536
-0.39112
0.77767
2.2847
1.2245
1.3325
2.1169
1.1617
-4.8379
-4.1742
-1.9126
-5.9363
-2.7845
-0.91156
-4.1092
-1.9944
-2.889
-2.9003
-2.6875
-2.9682
-0.85296
-0.60575
1.7646
3.1111
7.6333
3.3176
3.6466
2.435
1.4978
1.318
3.6861
2.6497
3.4578
1.0611
0.57694
-0.79188
0.17636
-2.3411
-4.6701
-2.5716
-3.3099
-3.5909
0.12967
1.7478
0.055035
-1.0462
-3.9899
1.4537
-2.9062
0.24569
-0.54012
2.2565
6.7344
0.8292
0.10609
2.277
3.1789
4.7216
2.1316
1.7747
2.4832
1.4086
0.9673
0.74972
0.08055
-2.298
-1.0223
-4.1182
-4.3765
-2.2501
-4.0126
-2.3768
-1.9092
-3.2332
-0.37013
-2.3246
-0.52438
-0.29955
1.2376
0.32955
-0.39664
4.7917
1.3283
0.41023
2.1406
0.86999
-0.06002
1.6731
3.1245
0.52959
2.7609
-1.0767
-1.0834
-2.0964
-4.6262
-4.8826
-2.5114
-2.8444
-3.2838
-2.065
-3.0194
-1.9466
-3.2677
-2.1802
0.59864
0.73523
4.0304
6.0229
4.8439
1.9963
3.3295
1.7012
2.6057
2.6427
4.1392
2.1079
2.3263
1.4981
-0.46094
-0.75183
-0.39285
-3.2139
-4.4707
-1.036
-2.9903
-2.4892
0.35934
1.5746
-0.48662
-3.4709
-2.2983
0.84739
-3.2673
0.65301
1.053
4.3488
4.4893
1.4667
-0.37491
2.3405
4.0152
3.9293
2.0317
2.1843
0.91347
1.5755
0.50689
-0.27024
-2.8833
-1.5276
-1.8473
-4.7041
-2.9515
-2.8949
-4.252
-1.3113
-2.8834
-0.81638
-1.9343
-0.57215
0.5709
1.5489
0.37036
1.3681
1.7017
2.3858
0.09647
2.4082
1.8413
0.41421
0.92775
2.881
0.94947
1.1828
1.0556
-0.81229
-2.6259
-4.721
-2.5422
-5.0271
-2.6835
-2.9378
-2.6512
-3.2171
-2.5647
-3.0263
-1.243
-3.1112
-0.56631
0.96965
3.2221
5.3607
5.1451
3.1897
3.4612
2.1013
0.82821
3.9469
1.6929
3.8845
1.994
1.2752
0.58283
-0.87675
-0.11588
-3.0908
-3.8246
-2.005
-3.2562
-3.2732
-0.58929
2.5366
-1.6977
-2.7011
-0.57876
-0.81914
-2.853
1.0915
-1.0324
3.2162
4.562
0.89274
0.51079
2.1333
3.5764
3.9024
2.2669
1.5806
0.55882
1.5446
1.2032
1.1882
-2.2168
-2.7286
-1.6484
-2.4089
-3.7539
-2.6446
-5.261
-1.8125
-2.2835
-0.49321
-1.9608
-1.6083
1.0103
0.32559
0.77983
0.2939
2.7174
2.6089
0.71991
-1.1214
2.7284
2.0909
0.45999
1.3215
1.9849
0.33256
1.9593
-0.38395
-2.1132
-5.8574
-2.363
-8.8736
-2.4666
-0.19039
-4.1855
-4.0869
-2.4414
-3.3617
-3.8308
-3.1028
-3.9752
-3.1992
-0.41243
-0.28305
1.1048
2.8694
2.955
2.1527
2.278
1.3481
3.403
2.5284
4.2714
3.1731
3.2979
2.9166
2.8477
2.8349
2.7313
3.4983
2.9013
2.8971
2.5843
1.357
1.8536
2.059
0.9701
-1.1839
-1.1669
-1.4615
-2.1425
-2.674
-3.3059
-2.9958
-2.4321
-2.5075
-2.5784
-2.3723
-2.1808
-1.8517
-2.042
-1.3583
-1.7484
-0.83845
-0.3207
0.32574
0.28311
0.95192
1.6436
1.3947
1.3126
1.4169
1.4675
1.3276
0.86919
0.714
0.6518
0.49495
0.048443
-0.23219
-0.44326
-0.42426
-0.92247
-0.77976
-1.0995
-0.87409
-0.78586
-0.708
-0.42437
-0.064325
0.075671
0.32179
0.43476
0.38705
0.59326
0.51115
0.36712
0.39841
0.3383
0.17972
0.10903
0.067778
-0.084244
-0.16905
-0.16505
-0.26454
-0.17989
-0.23128
-0.22152
-0.032377
-0.040729
-0.021101
0.12816
0.13182
-0.018249
0.22795
0.17635
0.062848
0.137
-0.047475
0.068037
0.11311
-0.12168
-0.1283
0.18094
-0.1085
-0.11419
0.011616
0.023635
-0.049813
0.20385
-0.10833
-0.058901
-0.092838
0.40821
0.35947
0.1492
0.16733
0.34294
-0.28334
-0.2577
-0.035464
-0.14036
-0.1639
-0.31884
-0.31762
-0.013148
-0.099344
-0.66227
0.12479
0.46216
-0.26231
-0.08113
0.036551
-0.14085
-0.20793
0.072924
0.20232
0.094848
0.1821
0.31089
0.10522
0.055809
-0.017461
-0.12452
-0.090677
0.033775
-0.1797
0.016594
0.0014055
-0.013004
-0.078679
-0.0075745
-0.045944
-0.077735
-0.020497
-0.030618
0.16548
0.10323
-0.052129
0.1566
0.081465
-0.068882
-0.069927
0.07839
0.0028822
0.082497
0.18519
0.36722
0.29667
0.19148
0.095157
0.15458
-0.027772
-0.098907
0.058763
0.11541
0.23178
-0.046305
-0.19661
-0.042588
-0.21659
-0.22191
-0.88329
-0.076073
0.67342
0.28237
-0.32914
-0.017934
0.058494
-0.17886
-0.19432
-0.16257
0.015324
0.072752
0.1683
0.14065
0.057178
-0.037813
-0.072625
-0.32475
-0.14929
-0.0030436
-0.029451
-0.20533
0.19453
0.032342
-0.37344
-0.53372
-0.20213
-0.07789
-0.22481
-0.19137
-0.2016
-0.17641
-0.069205
0.024845
-0.097619
-0.039959
0.22035
0.26934
0.20148
0.14394
0.14015
0.065762
-0.060156
-0.26351
-0.2383
-0.31166
-0.19754
-0.18675
-0.12841
0.032525
0.057005
0.044669
0.057315
0.01283
0.019293
0.038428
0.040087
0.09496
0.093041
0.055184
0.0089155
-0.12032
-0.16619
-0.16874
-0.2486
-0.1525
-0.078348
-0.016269
0.071895
0.12978
0.12317
0.050551
0.047801
0.048416
-0.041143
-0.019011
-0.0015752
0.0040071
-0.035222
-0.019184
-0.21975
-0.10378
-0.08747
-0.22354
-0.096335
-0.018262
-0.010817
0.067173
0.063761
0.064653
0.03821
0.016888
0.00050953
-0.10475
-0.10036
-0.029722
-0.031926
-0.041124
-0.021059
-0.039669
-0.1232
-0.080002
-0.069311
-0.01855
0.034497
0.023295
0.038999
0.050418
0.011044
-0.10629
-0.10705
-0.12835
-0.12536
-0.11207
-0.051569
-0.064207
0.053179
0.0053172
0.020138
0.008032
0.066707
0.014718
0.0076758
0.0073261
0.035045
-0.04394
-0.066227
-0.13259
-0.070633
-0.10264
-0.078896
-0.011741
0.019966
0.029364
0.12432
0.036882
0.04262
0.058892
-0.002442
-0.038791
-0.015921
-0.026085
-0.053723
-0.054644
-0.076205
-0.092986
-0.093581
-0.063528
-0.079707
-0.033657
0.023376
0.029852
0.039994
0.062949
0.041787
0.0080579
-0.00054839
-0.031426
-0.050075
-0.023051
-0.05081
-0.061061
-0.040019
-0.055511
-0.083106
-0.02131
-0.042904
-0.068708
0.0059511
-0.0030557
-0.0019159
0.011021
-0.029233
-0.0075805
-0.066945
-0.07268
-0.030525
-0.034626
-0.04152
-0.035795
-0.045193
-0.01046
-0.016285
-0.046851
-0.0084227
0.018566
-0.063244
-0.024947
-0.0006568
-0.053958
-0.0093177
0.00046182
-0.051685
-0.050332
-0.0093011
-0.073521
-0.065127
0.0086896
-0.057185
-0.035869
0.015697
-0.11629
-0.018338
0.048556
-0.011071
-0.0087475
-0.016465
-0.03036
-0.06602
-0.0025755
-0.067692
-0.023318
-0.047012
-0.076413
-0.0086513
-0.034582
-0.078336
-0.0030015
0.0023109
-0.02984
0.03772
-0.015845
-0.081357
-0.13621
-0.16133
0.010429
-0.0094794
-0.036091
0.014899
-0.0027156
-0.065424
-0.0026528
-0.078452
-0.088989
0.0020029
-0.037365
-0.027167
-0.03503
-0.0059078
-0.038428
-0.047059
-0.059218
-0.086058
-0.0099391
-0.037154
-0.031598
0.005583
-0.039842
0.00086731
0.029781
0.059789
-0.0038861
0.047894
-0.072702
-0.0095193
-0.089755
-0.15279
-0.04962
-0.077003
-0.040847
0.00028026
-0.0077195
0.051626
0.084859
0.0081032
0.023769
0.054591
-0.031761
0.024413
-0.036988
-0.0631
-0.085871
-0.085801
-0.044817
-0.028805
-0.039179
0.052722
0.056445
0.029573
0.099348
0.10306
0.097245
0.17304
0.1698
-0.032215
0.029839
0.23573
0.27803
0.36259
0.4923
0.97925
0.61685
0.53049
0.55456
0.61599
0.42609
0.80433
0.43099
1.3027
0.88427
-0.43086
1.0721
0.36546
1.689
-0.22907
0.79564
0.12822
0.73464
-1.997
-0.75953
-1.0457
-1.2524
-3.3696
-1.4135
-1.6098
-3.6476
-3.2498
-2.2083
-0.32337
-3.4441
-0.79701
-0.53535
-1.4889
-1.0483
-0.80807
-0.054974
1.2928
5.8678
1.8381
3.1809
0.75175
0.90269
2.5815
3.5508
3.0952
2.3446
5.7193
2.7637
4.8638
-5.4715
-4.1189
-0.61611
1.8325
-1.4154
-1.1064
1.9422
-0.74896
2.1462
4.0922
5.4826
3.4066
2.3212
-0.19539
0.47899
0.59091
2.2517
3.0558
-0.67135
0.67241
-2.0665
-1.3987
-8.4328
-1.4978
-2.7587
-4.3841
-2.9194
-5.8009
-2.6521
-3.9144
-3.624
-1.985
-3.3193
2.3346
0.018519
3.5914
2.0657
3.1404
3.3143
1.6949
0.11925
0.84609
5.2272
2.367
2.8229
0.28035
3.2518
2.3152
2.7204
0.7126
-5.1358
-4.9192
0.40038
-0.71211
-1.2195
2.6485
1.5895
0.4613
2.6046
-0.55533
2.4679
3.2523
2.7025
0.90485
5.5504
4.8106
6.3391
2.0441
2.5855
1.2996
3.4296
2.3623
2.5516
1.8676
3.765
3.4786
-1.2873
2.6965
1.0939
-0.20043
-0.50343
-4.4274
-3.6589
0.92773
-3.1891
-2.1899
-0.59983
-2.6788
-3.5295
-0.23907
2.4732
-2.4239
-0.20831
2.9261
0.45439
-1.6018
-1.0096
-1.5477
-3.1648
-3.3955
-8.4832
-0.82557
-1.3004
-6.05
-5.5733
-6.3662
-5.2485
-4.0332
-4.5155
0.89894
1.0108
0.24797
0.71168
-3.1085
-2.6149
-1.608
-0.13716
1.15
1.9972
5.0273
1.8859
3.0555
1.5614
0.69212
1.8095
5.292
1.3778
2.5629
2.8061
2.3238
2.1925
1.3149
1.4419
0.25508
0.3902
-7.2132
-1.3945
-0.11857
1.1228
0.47707
2.5696
1.0343
-1.5226
0.47494
4.007
1.6087
4.2925
3.3572
0.47284
5.5283
2.7328
2.2893
3.401
1.0757
3.182
4.7812
0.19901
1.9715
3.2718
0.8731
-0.10409
-3.4871
-9.3745
-0.63231
1.115
-3.7936
-5.1214
-2.7465
-2.9061
-3.5615
-3.399
-1.5748
-0.3603
1.8041
1.3514
0.36045
1.5269
3.4809
1.7634
-1.9392
0.083854
-0.094965
0.83183
-2.6947
-4.4584
-4.858
-5.7666
-6.7172
-4.7755
-1.5694
-4.8859
-3.4667
0.32723
-0.14305
-1.2267
-2.8172
-0.90331
-5.1439
-0.98401
1.392
2.3827
3.659
3.1657
2.615
2.5739
-0.20173
6.143
3.2363
2.5234
2.9627
4.9952
1.1784
0.45815
3.5725
-0.64366
3.1621
4.7366
1.3125
-3.0077
-6.5988
-0.17614
-4.3838
-0.0725
-0.21544
1.0176
1.755
1.2484
-1.1218
-0.6041
4.5021
3.1226
5.6614
1.843
3.3773
3.2005
2.58
2.3508
2.3236
1.9819
2.8175
2.5919
4.1341
1.8807
1.048
-5.8871
-4.8177
-3.6237
-0.38617
-2.202
-0.80584
-2.3776
-4.6759
-2.3246
-4.7723
-2.8125
-1.757
-0.83484
-0.80163
1.6319
-1.8311
0.79728
3.6995
2.5826
0.18893
0.48042
2.7705
-0.073903
-2.4083
-4.8241
-3.9393
-3.4337
-6.1495
-4.5234
-3.0557
-1.4407
-3.4131
-1.9432
-1.9579
-2.0813
-0.83206
-1.6246
-6.8046
-2.1703
0.22315
2.1024
2.9782
3.8187
3.0304
2.7601
1.1545
4.7399
1.5483
3.9296
5.0812
3.5915
0.81836
1.0078
1.5339
1.9604
1.0639
3.2626
3.4911
1.8411
-3.9847
-2.2612
-3.0592
-3.9501
-1.4159
1.9025
3.4016
-0.15862
0.64824
1.0788
3.5781
2.5736
5.6069
4.2187
3.0313
4.2961
3.9702
3.5014
3.1437
2.9767
1.5824
0.63205
4.8104
5.106
-4.2188
-4.6793
-3.3514
-2.4913
-0.81679
-0.61278
-1.9902
-4.2273
-2.9159
-4.6646
-5.6885
-5.2611
-1.5023
-0.42366
-1.7345
-0.47673
1.2767
2.998
3.8182
-1.6662
3.1327
-2.0311
-0.10532
-1.1161
-3.3612
-2.4165
-2.8187
-6.6096
-6.8488
-5.1231
-6.7043
-4.2731
-3.3103
-1.7815
-0.6161
-0.73391
-0.73285
-0.71776
-5.342
-1.5596
-0.13834
-1.292
1.96
3.3215
3.0375
1.6783
0.29756
2.4482
3.0707
2.4421
2.9437
3.7487
2.3905
2.8521
1.7594
2.8511
2.7887
4.29
2.9939
3.1519
3.4672
2.8278
4.0142
2.4699
3.2372
3.086
1.8897
0.86473
0.64216
1.6506
1.4617
-0.72569
-1.9745
-2.2577
-2.0643
-1.6308
-2.621
-2.6685
-3.2259
-3.3408
-2.2734
-1.7664
-2.0499
-2.5464
-1.705
-3.0793
-1.8121
-1.1281
0.048186
0.16398
0.064069
-0.17088
0.71986
0.61148
0.99302
1.0321
1.2582
1.6157
1.87
1.7192
1.2019
1.1082
0.79849
0.63164
0.57815
-0.19024
-0.17627
0.27059
-0.26447
-0.68675
-0.47023
-0.55004
-1.3126
-0.7801
-0.73815
-0.55493
-0.37163
-0.17372
0.48503
0.30355
0.41358
0.57711
0.4816
0.506
0.47049
0.32865
0.34897
0.58172
0.22131
0.25883
0.24614
0.13378
0.063205
0.11584
0.083932
-0.17123
0.0013971
-0.031535
-0.11669
-0.12062
0.21785
0.18817
0.041629
0.22381
0.11758
0.1854
0.11155
0.12581
0.08279
0.17952
0.31891
0.2675
-0.051623
-0.27652
-0.31664
0.27034
0.25134
-0.035514
0.11023
0.35649
0.02024
0.085329
-0.026989
-0.028767
0.087999
-0.075251
-0.061872
0.017169
-0.10198
-0.072923
-0.014886
-0.11446
-0.023293
0.063611
0.12945
0.12734
0.29542
0.37487
0.25817
0.38943
0.23543
0.14366
0.18747
0.061267
-0.019909
-0.019558
0.029921
-0.039698
0.071013
0.061503
0.004697
0.012323
0.076784
0.034697
0.054142
0.20498
0.16659
0.16244
0.32043
0.14193
0.13288
0.52539
-0.17142
0.39913
0.10323
-0.2055
0.13119
-0.0067641
-0.019974
0.018233
0.11369
-0.01384
0.32849
0.050709
0.18034
0.28946
0.098934
0.091055
0.24401
0.25071
0.0081956
0.035537
0.20089
-0.086396
0.081257
-0.0086799
0.17787
0.18964
0.0076644
-0.0687
0.071784
-0.20985
0.049169
0.27611
0.065021
0.26671
0.21327
0.0050575
0.090295
0.019248
-0.12093
-0.078835
0.046769
-0.070947
0.028693
0.21078
0.057679
-0.024241
0.082504
0.037083
-0.025488
-0.014117
0.017685
0.088821
0.13594
0.069732
0.098168
0.066629
0.094372
0.15915
0.13563
0.13441
0.076915
0.089831
0.036948
-0.0012344
0.08673
0.018185
0.10418
0.082158
0.10785
0.081119
0.083288
0.026184
0.10406
0.074796
0.086395
0.14107
0.14033
0.12379
0.12741
0.079092
0.049937
0.063548
0.036834
0.035002
0.079493
0.098446
0.10424
0.084997
0.1118
0.028106
0.1117
0.12114
0.073405
0.15003
0.1662
0.10488
0.064627
0.053062
0.032941
0.046967
0.040029
0.039011
0.094129
0.089682
0.043356
0.12079
0.078201
0.085383
0.10884
0.081635
0.067402
0.10215
0.10472
0.072098
0.064943
0.088077
0.05135
0.055866
0.070508
0.04283
0.061938
0.069553
0.095978
0.073723
0.10517
0.10948
0.092273
0.10803
0.089356
0.045573
0.080964
0.0046169
0.065343
0.036246
0.033151
0.07984
0.046864
0.076953
0.083336
0.072929
0.10181
0.11094
0.083719
0.12274
0.083243
0.1175
0.083481
0.064424
0.10494
0.046214
0.079087
0.12191
0.07158
0.061046
0.054062
0.0482
0.055103
0.058236
0.05263
0.081409
0.10297
0.12026
0.074127
0.092862
0.090401
0.081584
0.069223
0.079121
0.072346
0.074895
0.088766
0.079465
0.079701
0.075358
0.09793
0.089426
0.070478
0.1308
0.082367
0.042268
0.069058
0.03887
0.029855
0.049364
0.044217
0.085433
0.067564
0.088477
0.12734
0.093455
0.12546
0.092674
0.074542
0.0918
0.060945
0.05472
0.072293
0.063322
0.080396
0.062588
0.073902
0.068417
0.08823
0.025436
0.14427
0.0070267
0.11892
0.035998
0.14837
0.11778
0.060346
0.081921
0.058809
0.013059
0.077139
0.07681
0.043572
0.13141
0.082297
0.10285
0.15509
0.11004
0.11084
0.13525
0.082689
0.071385
0.081504
0.047668
0.075985
0.054676
0.068301
0.05697
0.05995
0.080541
0.097467
0.1339
0.096584
0.12838
0.13676
0.079319
0.10837
0.12797
0.06192
0.081083
0.077114
0.030509
0.079105
0.071654
0.036579
0.065092
0.09008
0.073398
0.083136
-0.15223
0.097047
-0.30334
-0.45058
-0.40773
-1.0602
-0.34776
-0.90779
-1.0119
-0.69585
-0.77099
-0.84175
-0.74206
-0.66517
-0.73615
-0.46284
-0.38445
-0.017322
-0.18654
-0.083919
-0.57858
0.51993
-0.5922
-0.75176
0.50135
-0.32966
0.8654
0.42739
-0.79104
1.4998
0.41031
3.8022
1.2345
4.2531
2.5059
3.3421
3.2766
1.1464
2.3258
2.3205
1.6577
-1.0633
0.27379
2.3574
0.25309
2.3163
1.5193
0.30137
0.64294
-2.9277
-5.9969
-3.7143
-2.1221
-0.039317
-3.2021
-2.5826
-4.259
-2.6402
-2.8472
-1.6211
2.9963
-2.3754
1.3431
0.93322
2.5911
2.1574
2.5697
3.5145
2.6205
2.9558
3.4666
4.6688
0.37141
0.32185
-2.1522
-2.4701
-3.5842
-3.8106
-2.0547
-2.1006
-1.1646
-1.1622
-0.97755
-2.801
-1.6719
-1.199
-0.11888
-1.284
-0.18824
-2.455
4.1631
6.3924
5.2358
2.4491
3.2569
3.8625
3.9661
4.4145
2.6466
-0.46971
-3.4398
-1.0796
-2.7914
-1.0113
-2.4292
-3.949
-2.3899
-3.5167
-2.419
-3.8334
-2.0777
-2.6706
2.0754
-1.8589
-3.7334
-2.4708
-1.2878
-1.312
-0.84539
1.455
5.1281
0.21887
4.359
1.8203
0.5645
0.47172
0.19482
-0.26048
1.3709
-0.060522
-0.80908
0.58253
-1.2702
-1.9128
-2.8554
-3.0804
-3.0543
-3.1434
-2.0235
-2.2584
-1.427
-1.2153
-0.9672
-2.248
4.5878
2.8352
1.359
4.1141
3.2231
5.1634
2.6744
3.687
1.9397
3.957
4.6038
3.1351
3.6075
1.4582
-1.5911
-2.4434
-4.1774
-2.0893
-0.97759
-3.1529
-2.5389
1.4969
-1.0679
0.8264
-1.6813
-1.8899
-0.67825
-2.4315
0.1006
-1.7832
0.54345
3.9424
5.8917
2.4453
0.7488
2.9826
3.7347
2.4101
-2.4265
0.10952
-1.6138
-0.60987
-2.7489
-0.26957
-2.9257
-4.338
-2.0953
-1.6209
-2.2935
-3.4286
-3.3436
-3.1959
-0.75211
-1.8371
-4.0751
-2.7523
2.6666
1.7694
1.1522
4.1942
3.2029
1.5271
1.9191
1.2498
-0.019931
0.62568
0.50872
0.67491
0.68353
1.4057
2.0912
0.72835
-0.055519
3.4065
-4.888
-1.2602
0.23162
-1.6685
-3.2426
-3.0699
1.9796
0.7799
-1.3991
1.4726
0.701
2.2234
3.8398
1.8299
1.9362
3.1411
2.1884
3.0433
2.9961
4.2566
0.64342
2.4558
1.3954
0.46813
-0.0053675
-0.72427
-3.0005
-1.5953
-3.9211
-5.9047
-2.2796
-0.090861
-2.7663
-3.7629
-1.1507
-0.03028
-0.89224
1.951
1.4045
-0.35368
1.2831
-0.40234
-0.99028
4.0974
5.6006
0.35124
2.8477
1.83
-0.75162
-0.79909
0.53845
-0.35455
-3.3726
-1.0242
-3.4897
-2.6868
-1.9726
-2.3498
-2.6572
-1.9261
-3.1626
-0.97675
-1.8335
-2.7555
-0.82496
-0.0053127
0.75153
3.757
4.4961
1.3341
0.054648
3.288
1.2689
0.73633
0.61845
2.0526
0.81992
-0.16579
2.5172
0.12277
1.5669
0.15355
-0.67257
-0.76956
1.1046
-0.57473
-2.7269
-4.7544
0.27489
0.77139
-1.0144
-0.99384
-0.13115
0.55322
0.44069
1.7278
0.58208
1.759
2.0141
2.1274
3.3184
3.6767
1.6197
2.2811
0.40563
0.68438
2.7456
1.1912
-1.7752
-3.615
-2.5061
-4.284
-3.5325
-1.1424
0.66261
0.1271
-1.1126
-1.7856
-1.4105
0.76161
-0.6764
-0.062669
-1.0649
0.16461
2.451
5.983
11.377
2.7824
-1.4918
0.78494
4.4135
3.2654
1.101
4.7743
2.9467
3.6105
-0.64069
-3.5884
-2.3546
-0.25174
0.85692
-0.51018
-3.498
-2.0189
-1.7988
-1.5064
-0.95821
-1.0849
-2.9709
-2.2292
-2.6455
-2.2085
-1.6029
-2.4337
-2.3701
-2.0487
-1.9619
-2.1677
-2.3187
-0.85405
-1.7223
-1.5077
-1.0539
-0.95383
-0.92495
0.24805
0.34192
0.45218
0.43202
0.8034
1.6654
1.4034
1.3053
1.2659
1.6545
1.6948
1.6121
1.7193
1.3245
0.93118
1.0419
1.0489
0.87375
0.63993
1.0881
0.95119
0.39138
0.44013
-0.11755
-0.092061
0.44231
-0.21209
-0.028168
-0.17924
-0.30867
-0.55084
-0.51644
-0.24034
-0.052392
-0.35219
-0.19474
0.12829
0.024463
-0.40256
0.84382
0.2113
-0.26455
-0.0049807
0.3172
0.35152
0.16524
0.43257
0.2529
0.61901
0.14864
0.1733
0.13431
-0.074689
0.38109
0.20511
0.046462
0.29185
-0.49319
0.17862
0.02661
0.096137
0.66849
0.19754
0.3558
0.50855
0.50724
0.24123
0.30644
0.35808
0.13547
0.10333
0.20342
0.23385
0.072069
0.13046
0.0078068
-0.058941
-0.1308
-0.20643
-0.21366
-0.20869
-0.26158
-0.087807
-0.13196
0.087698
0.0078121
0.1342
0.14052
0.23377
0.23286
0.28593
0.35821
0.27349
0.32807
0.35299
0.24062
0.22848
0.25239
0.17482
0.16867
0.15594
0.10114
-0.061978
-0.17696
-0.067652
-0.20326
-0.11315
0.069672
-0.079978
-0.10884
0.032717
0.020457
-0.0023217
0.0699
0.11694
0.11664
0.14342
0.17271
0.13931
0.11279
0.14897
0.13639
0.086404
0.046809
0.14018
0.020344
0.14598
0.094981
0.092567
0.10053
0.093684
0.10691
0.098052
0.065012
0.12119
-0.088404
0.10187
-0.015581
-0.075807
0.07147
0.05977
-0.00033639
0.098794
0.10409
0.11582
0.17792
0.095416
0.10342
0.27042
0.058483
0.072477
0.031325
0.23993
0.015695
0.067102
0.067971
0.067766
0.061117
0.056643
0.008156
0.051503
0.10106
-0.0046265
0.10283
0.03668
0.08
0.1596
0.1126
0.16514
0.16812
0.056153
0.16077
0.18827
0.087972
0.074719
0.1318
0.066998
0.060142
0.075066
0.056559
0.080993
0.046294
0.013931
0.080409
0.051317
0.020339
0.078077
0.039587
0.082833
0.11138
0.078073
0.11432
0.067642
0.11439
0.13928
0.058428
0.12484
0.15348
0.14952
0.078561
0.14025
0.17357
0.098039
0.077955
0.08072
0.029377
0.095358
0.053219
0.039173
0.093256
0.12382
0.017669
0.050896
0.029466
0.090732
0.023225
0.12413
0.083225
-0.070577
0.32864
0.14796
-0.25498
0.25377
0.18943
0.61905
0.13094
0.70822
0.55781
0.35345
0.44595
0.98874
0.53893
0.76377
0.75594
-0.030218
0.96869
1.4707
1.5032
0.15707
0.50291
1.001
1.4857
0.95913
2.2819
1.5045
1.2202
0.29234
2.364
0.68338
0.23056
1.9221
0.012
-0.85602
-0.15786
-1.6093
-0.81578
-3.1598
-1.5349
1.5566
-1.9913
-3.917
-0.57471
1.2033
-1.6563
-1.5681
-1.7863
0.32111
-1.2261
-1.2802
-1.1761
-0.56209
-2.0649
-3.0535
0.39974
4.1877
-4.4368
-1.3012
2.525
0.56019
-2.2608
1.7413
-0.37563
-0.44532
-0.31977
-1.8377
-0.54231
0.011081
0.17067
-1.2121
-2.5731
-1.7693
-1.7244
-1.817
-0.2121
-0.48312
-0.71622
-0.45937
-1.2256
0.95436
1.5198
0.20896
-0.19908
0.88879
-0.10777
2.4779
1.5094
0.027618
1.0136
2.6832
0.40786
0.45728
1.1725
2.4567
0.36908
0.61522
-1.1686
-0.045156
-2.525
-6.4542
-3.1955
3.5949
0.76679
-1.3589
1.4062
-0.72822
-1.591
-0.8334
3.8054
-1.0362
1.8865
2.2174
2.8228
-0.19605
3.8213
4.0479
2.3893
1.6163
3.3377
2.2255
0.99266
0.45393
0.65486
-3.3134
-0.81902
-5.6365
-0.87307
-0.54132
3.7007
-2.0086
-1.3469
0.49581
-1.1587
-0.41861
1.0848
0.014797
3.5175
3.6489
6.7711
3.665
0.91559
0.91016
0.35458
1.012
1.8449
2.4858
-0.014846
3.6898
-1.8429
-2.4589
-0.0034383
-1.2957
-2.3953
-0.38564
-1.9399
-2.6018
-0.70144
-0.62198
0.095411
-1.9634
-1.5054
-0.64438
-3.1037
-6.3456
-2.9131
0.49133
1.8387
2.5429
-1.3291
-0.40109
1.0232
-0.4067
-1.1713
-1.4782
0.73119
-0.79342
-0.64992
-3.1899
2.858
-2.2471
-5.0026
-5.1753
-5.1685
1.052
1.654
-2.51
-4.6151
-1.3499
-0.84302
-1.9719
-0.41507
-0.95796
-4.1521
3.6957
9.374
2.3836
1.2396
2.9335
0.69089
3.0685
6.3101
4.276
3.668
3.8511
3.3579
0.9758
0.077374
-1.8938
-2.6725
-0.73251
-4.3687
-0.030386
2.6627
1.6404
-1.2793
-1.9267
2.7763
-0.16427
3.5365
5.2601
4.6313
0.55814
-0.024426
2.6492
6.1118
2.0982
4.2555
-2.3932
-3.5732
2.3694
5.0383
-2.0316
-1.9235
0.05346
-0.52139
-0.96942
-1.5741
-2.759
-1.2212
-1.6109
-2.3177
-0.92104
-0.29596
-0.13284
-3.45
-0.028778
-6.0004
-3.1973
0.73627
-0.046164
-2.1373
-0.42807
1.1958
2.037
0.40585
-1.8045
-0.78722
-2.4148
-0.49589
0.87647
-1.4884
1.3199
-1.5453
-4.6127
-3.2189
-1.6823
-0.5126
0.026027
0.026772
-3.9581
-2.1088
-3.3244
0.74909
-4.1187
-1.3006
-2.3652
1.6711
6.4479
5.2856
4.1806
-1.1515
1.5236
3.6405
2.5121
3.0042
4.0578
3.2952
2.9259
3.3374
0.52164
0.52409
-1.8078
2.5221
2.3649
-6.0162
-5.9078
-0.26556
5.1523
1.1066
-2.4623
-0.59138
2.1622
5.043
3.6716
2.3139
3.1767
3.5867
6.8822
3.3627
2.0336
0.98657
-1.6296
-0.34037
3.8518
1.3694
0.62735
3.7216
-1.1382
-2.7798
-1.8862
-0.56298
-1.2483
-2.0406
0.27427
0.55298
-2.5196
-2.1885
-4.0642
-3.1155
-1.4633
-2.3579
-3.5464
-1.5136
-1.3626
-2.7509
-2.0235
-2.5574
-2.3093
-2.6835
-2.6016
-2.7846
-1.2691
-1.2558
-2.0876
-2.2185
-1.5273
-1.0561
-0.72034
0.48694
1.0082
0.59507
2.783
2.6392
2.4186
2.7165
4.1735
3.0277
2.9597
3.2699
2.6786
3.0876
2.9339
3.3482
2.1837
1.9764
1.5727
1.5718
0.3819
-0.27305
-0.60749
-1.0368
-1.8885
-1.4953
-1.1143
-1.5793
-2.1627
-1.6303
-1.7666
-2.0232
-1.7011
-1.7738
-1.7383
-1.3617
-1.0073
-0.44035
-0.32984
0.39293
0.70899
0.95682
0.87825
1.3463
1.4769
1.5289
1.2383
1.4192
1.3179
1.0732
0.84731
0.48856
0.15844
0.13421
-0.31878
0.41222
-0.12697
-0.45717
-0.0369
-0.23999
-0.033953
0.0307
-0.10679
0.21735
0.086993
0.035578
0.1576
0.39163
0.28364
-0.021473
-0.026587
0.038716
-0.12775
0.16796
0.14483
0.045111
0.075907
-0.19633
-0.15845
-0.2482
0.06193
-0.084236
-0.0089969
0.16338
0.20904
0.15811
0.49741
0.34455
0.24407
0.4207
0.18655
0.54145
0.57787
0.27569
-0.014946
0.30084
0.4279
0.45197
0.11634
0.27473
0.44282
-0.097582
-0.095426
0.070751
-0.127
-0.1719
0.010266
-0.217
-0.15243
0.085665
0.10886
0.0027726
0.26284
0.34501
0.17754
0.32345
0.29567
0.25144
0.26514
0.29504
0.21566
0.13341
0.086374
0.065306
-0.032781
-0.015795
-0.066525
-0.04814
0.10736
0.017787
0.10833
0.18714
0.19906
0.15102
0.2312
0.18107
0.10821
0.07532
0.10551
0.020999
0.09635
0.092378
0.094306
0.16198
0.13546
0.17647
0.15494
0.16861
0.22099
0.25709
0.20003
0.13988
0.18542
0.012126
0.058809
0.05687
0.052218
-0.065714
0.055183
0.063535
0.023442
0.043721
0.099308
0.15735
0.095937
0.15556
0.15958
0.13004
0.11671
0.10488
0.15079
0.13191
0.049352
0.14329
0.020991
0.1556
0.13658
0.14241
0.15036
0.25161
0.11451
0.16284
0.15112
0.12904
0.098561
0.05262
0.19577
0.061136
0.0528
0.071738
0.051125
0.068399
0.049074
0.088739
0.059663
0.14453
0.12293
0.10059
0.18907
0.12752
0.12803
0.14053
0.1474
-0.030953
0.011132
0.043476
0.020511
0.14382
0.03354
0.071296
0.061278
0.037956
0.053594
0.047778
0.063432
0.13638
0.12585
0.1757
0.060095
0.10235
0.1113
0.098171
0.061909
0.096013
0.058734
0.065363
0.037059
0.079411
0.098452
0.087721
0.12856
0.11155
0.1466
0.09633
0.14112
0.1165
0.17396
0.11426
0.050557
0.022406
0.11965
0.066867
0.11688
0.11694
0.13671
0.1402
0.084241
0.15614
0.16467
0.045243
0.052938
0.18699
0.011958
0.0055801
0.1677
0.013725
0.13495
0.11055
0.067935
0.036982
0.11403
0.11739
0.041155
0.14465
-0.11267
-0.17663
-0.45657
-0.47114
-0.65839
-0.59469
-0.36251
-0.69203
-0.64651
-0.51312
-0.54889
-0.83935
-0.49686
-0.81858
-0.92
0.12777
-0.84855
-0.86411
-0.061549
-0.017345
-0.25007
-0.31444
0.4423
0.32255
0.5135
1.1551
1.616
2.4459
3.6371
1.2116
1.5465
4.0232
2.5495
0.8966
2.2267
1.6435
1.0731
0.57428
0.74242
0.074757
-0.50705
1.0239
1.1633
-1.0598
-0.21641
-4.8207
-4.6935
-1.872
-1.8095
-1.6899
-3.1457
-2.6747
-1.9618
-1.2695
0.42702
2.3537
1.5701
2.7939
2.6197
4.347
2.5764
2.5365
1.193
1.0859
2.3653
0.92139
-1.3757
-1.3036
-3.4224
-5.0866
2.401
0.32417
-2.5805
-0.26461
-0.16719
-3.4221
-0.71577
-0.20899
0.12533
2.9622
4.1032
0.083216
3.1753
3.941
0.51261
-0.21191
0.43957
0.57806
-2.5926
-0.38051
-0.83421
-3.0673
-1.7692
-2.7676
-3.5024
-4.6988
-0.36605
-0.11846
-2.8756
-1.0778
-1.636
-0.64621
2.5723
5.8987
0.85129
-3.0656
4.7939
-1.421
0.089576
2.6046
2.7638
1.3856
0.98755
-2.1041
2.3098
-3.3373
-2.4402
-2.6999
-2.1421
-0.82058
-0.03877
-3.5173
-3.1242
2.7555
3.7995
4.5775
2.4236
3.8744
3.1707
2.1094
2.5624
1.182
-0.49461
2.2704
0.65631
1.2801
-1.5975
-4.0066
-2.7598
0.7071
-1.0659
-4.0321
-1.3334
1.0852
-1.4441
-2.0401
-0.83056
-1.8293
-0.76872
1.0615
4.4964
-2.8343
-0.89358
0.81935
1.4572
-1.0267
0.84704
-1.0914
-1.2802
0.21401
-3.0568
-1.4907
-0.24998
-3.6233
-2.2354
-1.4606
-1.443
-0.28633
0.61061
-0.1098
-0.20634
-0.86366
2.0007
2.5458
3.0988
-2.6456
1.641
-0.66108
3.36
1.5218
3.1071
1.2355
-0.67404
-0.58927
-1.2847
4.4582
-2.779
-1.4663
-0.68828
-3.8791
-3.2022
-1.377
1.1636
-0.87793
-1.5001
1.1641
2.9828
2.5864
2.8608
3.3378
2.9805
2.6526
3.3355
2.4282
1.8059
0.99147
-0.94134
-0.97546
-4.2425
-2.1574
0.29095
-0.52969
-2.2048
-1.2153
1.2005
-2.6125
-2.0869
-1.4139
0.71753
-2.6427
-0.9514
2.097
4.293
-1.4015
-0.2202
-0.92163
3.8001
0.80141
-0.96156
1.8789
-0.75109
1.2295
1.8851
-2.7488
-1.0842
-1.7288
-2.6766
-1.2703
-2.8151
-4.0355
-0.17436
0.032564
-2.5906
-0.9889
-0.5118
-1.1124
-1.844
1.562
5.7489
1.0849
1.1347
-0.50489
3.019
3.2525
1.5027
-0.56404
0.30389
2.3914
3.3231
-1.8022
0.95305
-0.1034
1.3684
0.34203
1.0797
-4.7953
-0.29915
-1.5335
-3.7587
-3.4512
-0.8833
-0.68068
-0.16046
-1.1235
0.43104
2.4
3.8678
3.5382
2.4685
3.2895
3.0706
1.5396
1.6874
2.9081
3.4103
2.6701
1.0881
-0.065999
0.37456
1.5149
-1.4792
-5.5916
-3.1096
-2.4189
-1.2416
-0.57891
-1.9926
1.249
0.23662
-1.8917
-4.1624
-2.4261
-0.90104
-2.1461
-0.65662
-0.71038
3.2233
1.3801
-1.1761
0.34794
0.014165
0.56197
-0.23907
2.4753
0.64401
0.50772
0.54178
-2.6877
-0.19439
-1.183
-2.9135
-2.6861
-2.036
-3.7408
-1.8066
-0.55721
-0.46815
-1.7664
-0.47977
0.68907
-1.8927
1.1158
3.7024
3.5032
1.2202
-1.1139
2.1906
4.8875
0.7434
-0.59464
0.18961
4.1725
3.5138
-2.6404
1.2165
0.97496
0.35401
-1.6188
1.8128
-0.68235
-3.3212
-0.17946
-1.9734
-3.7994
-2.2657
-1.7328
-0.24032
-1.2606
1.0051
1.1753
1.7252
2.9174
3.4363
3.8905
1.9786
2.8484
2.6954
2.9621
1.8215
2.001
2.1019
-0.45151
0.53896
1.6249
-0.94421
-2.505
-5.6354
-3.2766
-2.8301
-0.75005
-0.70941
0.30746
0.6002
-1.3327
-3.0612
-1.02
-1.9366
-2.3511
-0.88497
-0.48262
1.8501
3.0734
-2.6786
2.8173
-1.6977
-0.053025
1.0607
1.9573
0.69384
-1.1835
1.7942
-1.0434
-1.9731
-0.39204
-2.7624
-2.4315
-3.6241
-2.5334
0.63728
-1.3315
-3.282
1.5705
-0.42344
-2.002
-0.43252
4.4405
3.2615
1.5913
-0.73338
0.098958
5.8193
1.7677
-1.5419
0.71979
3.4977
3.6641
-3.2091
1.0994
3.2554
-1.3332
-0.6263
1.2653
0.90173
-3.4563
-0.84515
-3.6706
-2.8041
-3.8273
-0.50617
0.44159
-1.1177
0.89828
-0.069648
1.8241
3.4615
4.8841
3.2056
1.984
2.8495
1.5712
3.8568
3.1569
0.091259
2.2294
1.509
0.20829
0.19936
-0.16217
-2.0999
-5.4214
-3.7448
-1.4249
-1.1918
-1.1103
0.049441
-0.11378
-0.46857
-2.5457
-1.948
-1.3139
-3.0192
-1.7453
-0.80864
0.46202
2.8956
-1.0436
3.0461
-2.5279
-0.58017
0.33232
1.9142
2.3184
-1.4497
1.4727
-0.67673
-1.5989
-1.2559
-0.23794
-1.9939
-2.8641
-2.9869
-2.7567
-0.92223
-1.122
-1.8114
-0.99863
0.83471
-0.97152
-0.21551
4.1956
3.6956
1.5786
-0.31796
0.37148
5.4635
1.6026
-1.078
0.1594
3.5712
4.7229
-3.149
-0.68726
4.4258
1.4071
-2.4241
-0.43582
1.6463
-3.3929
0.053435
-3.967
-3.9822
-2.3079
0.1227
-2.7554
-1.0705
-0.69829
1.1609
0.70368
3.3722
3.4591
3.6347
2.9664
3.2955
2.8096
2.3618
3.7799
1.5856
1.7004
2.4398
1.0317
-0.76124
0.68779
0.82793
-5.2463
-4.7068
-4.0168
-0.8262
1.5495
-2.54
-0.48539
1.7742
-1.0694
-5.2983
-1.9443
-0.10996
-2.9314
-1.7112
0.40145
4.2079
-2.5921
1.5311
1.4267
-0.44328
-1.8932
1.2867
2.6054
-1.2574
-0.93896
1.9987
-2.1645
-0.88035
-0.44825
-0.93521
-4.2226
-2.2453
-3.4741
-1.6127
-2.7501
0.3853
-0.7107
-0.53976
0.036655
-1.7949
2.8701
3.7403
2.4511
1.8982
-1.0636
1.9157
5.581
-0.53523
-1.3672
2.553
3.8219
1.5584
-1.2901
2.1204
1.5962
-1.054
0.74029
0.97201
-1.186
-1.7039
-2.2964
-3.7914
-3.5292
-0.93189
-0.18432
-1.8158
-0.74229
-0.28244
1.3801
1.8479
3.6221
3.8419
3.0184
2.6533
3.1037
3.0297
2.7736
2.0445
1.4403
2.5926
0.58573
0.064679
1.1848
0.34561
-5.5372
-4.2688
-3.3571
-2.1713
-0.52841
0.37063
-1.8612
0.89466
-0.42089
-4.2532
-1.3061
-1.9993
-1.5275
-1.4562
-2.2071
2.5946
0.63816
0.62826
2.7003
-2.8857
-1.6515
1.3146
2.7181
0.17186
-0.66807
1.9538
-1.4912
-2.109
-0.16395
0.098785
-3.7812
-3.2134
-3.1533
-2.7289
-0.58991
-0.89179
-1.3482
0.91623
-0.63408
-1.0621
3.1124
3.649
1.4506
-0.82561
2.4333
2.4975
1.4865
-0.66011
2.2337
2.8732
2.7518
-0.84261
0.91547
0.97611
-2.6201
-0.41375
-0.69711
1.5795
-0.5092
-4.5512
-5.1433
-4.2529
-1.5949
-2.3742
-2.9686
-1.6354
-3.6304
-3.0132
0.90442
2.3356
1.7948
0.1816
1.7756
2.9384
3.0189
2.3245
2.2613
2.163
2.6946
2.6225
2.1704
2.5104
1.7856
2.775
1.9289
1.8819
1.4589
1.4668
0.85671
0.34171
-0.45846
-1.0744
-1.9619
-1.5997
-1.1826
-1.5475
-2.3203
-2.5593
-1.601
-2.0883
-2.2748
-1.7734
-1.1809
-1.5928
-1.0925
-0.58772
-1.603
-0.063056
0.74451
0.38281
0.63968
0.81888
0.83819
1.5566
1.579
0.73578
0.53214
0.95982
0.47343
0.4779
0.672
0.03075
0.13306
-0.1313
-0.22034
-0.46637
-0.6495
-0.57181
-0.50609
-0.26612
-0.19096
0.11617
0.27488
0.35238
0.35624
0.4201
0.26889
0.55256
0.33976
0.24544
0.31196
0.10927
-0.13494
-0.1221
-0.25317
-0.40015
-0.30276
-0.27258
-0.26995
-0.059276
0.27883
0.39478
0.43155
0.31418
0.15179
0.80827
0.9249
0.39208
0.14456
0.30413
0.1502
-0.21823
-0.24649
0.01943
-0.30109
-0.16239
-0.76384
-0.16333
0.41247
0.052702
-0.056484
0.081353
0.38692
0.17413
-0.088477
0.17259
0.49404
0.22708
0.074939
0.23621
-0.70639
0.10113
0.42113
-0.077021
-0.14855
-0.017165
-0.053369
0.048289
0.034429
-0.14073
-0.15081
0.1695
-0.070585
-0.079803
-0.08258
-0.094273
-0.035893
-0.13663
-0.038417
0.11108
-0.027356
0.13838
0.16525
0.017495
0.19258
0.1669
0.12673
0.03174
0.029158
0.064408
-0.087776
-0.01443
0.020061
0.020697
0.11533
0.074273
0.091654
0.122
0.088345
0.08086
0.042135
0.058684
0.072339
0.068695
0.10613
0.069798
0.0066412
-0.00028549
-0.064643
-0.063851
-0.037149
0.012374
0.041331
0.13968
0.18134
0.17875
0.15889
0.28331
0.098241
0.20074
0.13081
0.26687
-0.23639
0.40655
0.44604
-0.01872
-0.13222
0.072861
-0.16957
-0.35059
-0.11553
-0.081795
-0.18469
0.0061605
0.22333
0.13851
0.17705
0.21262
0.12427
0.012777
-0.025171
0.00032441
-0.010766
0.0019493
0.061109
0.21915
0.25465
0.099822
0.093318
-0.02957
-0.12563
-0.15196
-0.1605
-0.051498
0.29886
0.019142
-0.095936
-0.37198
0.33443
-0.11284
-0.012745
0.10704
-0.11739
-0.033275
-0.031992
0.0077401
0.081893
0.24398
0.19339
0.10667
0.10515
0.13696
-0.038474
-0.029071
0.055829
0.011327
0.00065474
-0.0075031
0.062608
0.013822
0.00072821
0.041817
0.068009
0.089304
0.091913
0.072846
0.086734
0.11635
0.067717
0.025828
0.060577
0.013169
0.010964
0.043608
-0.0236
0.04448
0.035464
0.026768
0.099201
0.10502
0.08123
0.13082
0.12777
0.093006
0.011098
0.05784
0.070658
0.0077315
-0.0091364
0.029574
0.03483
-0.026422
-0.026736
0.1034
0.11163
0.13766
0.17768
0.10174
0.067466
0.060682
0.0039431
0.015134
-0.041754
0.022799
0.074849
-0.059135
0.083448
0.060287
-0.057619
0.11713
0.074141
-0.0044423
0.1961
0.10909
0.039443
0.1107
0.027653
0.011914
0.064386
-0.074071
0.021141
-0.032383
0.10134
0.11637
0.081467
-0.045968
0.11231
-0.00046191
0.10236
0.093725
-0.005286
0.063874
0.041272
-0.032457
0.046492
0.013682
0.009077
0.080904
0.072016
0.010226
0.10259
0.075456
0.082189
0.087631
0.024892
0.080474
0.03882
0.034858
0.025672
0.037286
0.062587
0.031477
0.041941
0.058719
0.033544
0.052711
0.055086
0.047358
0.038964
0.057721
0.041999
0.045129
0.054921
0.041055
0.06483
0.082181
0.039745
0.075181
0.051099
0.0088492
0.06132
0.022907
0.00045672
0.047165
0.025184
0.086118
0.047967
0.0019146
0.10027
0.04997
0.036466
0.073213
0.057667
0.030578
0.012846
0.046759
0.023347
0.022463
0.031797
0.0088636
0.017316
0.041502
0.050613
0.035405
0.037422
0.044889
0.052051
0.012402
0.058926
0.041422
0.058022
0.052756
0.038424
0.025091
0.055038
0.054405
0.09955
0.13
0.13252
0.18998
0.06615
0.4612
0.62398
0.28028
0.63907
0.72831
0.52834
0.49822
1.0103
0.72907
0.37264
0.47037
0.95965
0.69817
1.2593
0.89686
0.012667
-0.13849
0.91285
1.0265
0.4269
0.9447
-0.62518
0.288
-1.0493
-2.0437
-2.0488
-0.027539
-1.9204
-3.8651
-0.80427
-0.75509
-3.2334
-1.8621
-1.463
0.052527
-2.7994
-3.1349
-0.30507
0.46851
-1.8033
-1.7971
-0.84892
-1.37
-0.35851
-2.8889
-1.5854
2.3741
3.9312
8.7451
2.3752
-0.11315
3.3046
2.346
0.72725
0.55809
8.6617
6.1661
0.2984
0.11271
1.5991
-2.5352
-5.8411
-2.7972
1.4301
0.33807
-2.2741
-0.79052
-1.7866
-1.1585
-1.4227
3.8477
4.7119
4.4392
3.7027
1.0713
-1.1285
1.6418
3.3281
-0.37004
-0.58764
-0.55613
0.57012
0.1474
-1.5449
-4.8224
-6.1102
-4.4605
-3.3181
-4.8817
-4.4392
-2.8039
-5.3246
-1.3868
-3.397
-2.7095
-3.4873
-0.65083
-4.7616
-0.92791
1.6045
1.0326
2.3657
1.4895
0.88224
1.4584
1.1876
1.3426
3.4012
-2.1969
2.3332
2.0713
2.4933
1.6985
3.3577
2.534
-0.3213
-1.4752
-3.2082
-1.3614
-0.62804
0.20286
2.1141
3.1385
0.44872
-1.5244
0.61283
4.2776
5.7297
3.8022
-1.608
2.7646
3.7105
5.8252
5.4185
6.6248
2.107
-1.8464
1.5507
3.6402
4.7502
0.99999
5.3918
5.5649
-4.142
-2.9038
0.72195
1.386
-0.81382
-1.1802
-0.79112
-2.428
-3.3441
-0.49074
-1.8248
-1.4332
1.057
1.3629
1.1608
-0.70751
-2.4211
-0.97005
5.6297
-0.11243
-4.8033
-4.6049
-0.94954
-1.8171
-6.3665
-8.7805
-5.2988
-5.1006
-3.8754
-0.57948
-4.1871
-6.2454
-1.9163
-0.65876
-2.6322
-7.5389
-0.10642
-1.8508
-0.90614
0.15071
0.61158
-0.60058
1.6725
0.48853
2.6696
-0.25281
0.87075
3.954
0.46182
-0.28553
2.2263
3.4175
1.71
1.588
1.7716
-0.053432
-2.9204
0.14052
-1.1577
-0.53351
-0.27026
1.3418
0.31179
1.3334
1.2115
1.1095
1.0013
1.5617
5.9599
3.3023
2.8893
3.8683
1.1673
7.0827
4.4434
1.4953
5.6833
3.6988
0.96073
2.6544
4.9406
1.7735
0.57751
-0.76023
-0.09441
-0.69018
-0.51927
-1.9098
-3.6202
-0.45131
-1.9014
-2.3987
-2.7439
-0.37186
-1.3324
2.3168
6.9994
2.1314
-1.0328
-2.5248
-1.0821
2.2014
2.3353
-0.22631
-3.1835
-0.59135
3.7183
1.0245
-3.0674
-6.1627
-2.835
-2.9333
-9.5226
-5.0725
-3.6904
-3.6964
-1.7305
-2.5797
-4.7042
-1.6538
-1.4558
-2.3
-1.9783
-2.2641
2.1278
0.13327
-0.32234
1.9621
2.1043
0.81141
1.2212
0.35002
-0.097035
-1.6959
2.6807
3.2334
0.21806
-0.75182
1.7306
-1.0783
-1.9676
-2.05
-1.9942
-1.2327
3.3107
1.8954
-1.9033
1.0783
3.1221
0.76795
0.16736
3.9615
12.151
6.4623
2.2299
-1.705
1.215
6.3661
6.4037
3.9042
3.9932
5.7586
2.107
0.87178
2.8605
3.9568
4.0807
2.1053
0.79873
-2.9238
-0.17001
0.029164
-1.9556
-3.3315
-1.4585
-2.4578
-4.4087
-2.6568
-3.1772
-3.9128
-4.7
-1.6091
-4.2159
-4.3098
-3.373
-1.5019
-2.1513
-4.0823
-0.25631
-1.5318
-0.34783
-2.1809
-2.6471
-0.69317
-0.4807
-0.45398
0.15032
0.29097
1.2849
0.47603
-0.36876
0.81206
1.8321
1.8418
1.8277
2.0299
1.697
1.3401
1.6543
0.44898
0.65294
1.3789
0.068861
-0.57663
-0.2219
-0.26926
0.076584
-0.1667
-0.69543
-0.81204
-0.36779
-0.26527
-0.29335
0.13804
0.21851
0.38775
0.44682
0.53203
1.1483
1.4479
0.40402
0.73071
1.0419
0.5635
0.48367
0.67373
0.36732
0.18676
0.17773
0.073697
-0.056128
-0.087269
0.090595
-0.23573
-0.043897
-0.29834
-0.062865
-0.055364
-0.41615
-0.57249
-0.37054
-0.3832
-0.28178
-0.4497
-0.10408
0.0038151
-0.12263
0.19455
0.26767
0.39331
0.2419
0.35304
0.60413
0.28616
0.2245
0.54909
0.27409
0.21392
0.34077
0.10571
0.12704
0.099019
0.061626
-0.19428
0.029425
0.14915
-0.21483
0.024611
0.11848
0.053289
-0.053452
0.082542
0.15421
0.06526
0.069345
0.083867
0.12346
0.099839
-0.0013263
-0.072614
0.0079329
-0.01838
-0.10883
-0.029672
-0.055503
0.066053
0.0068656
0.030097
0.38253
0.47576
-0.25544
0.097431
0.34042
0.041952
0.027751
0.33645
0.2953
0.083673
0.0051779
0.090049
0.053747
-0.036967
-0.20373
0.0093114
0.16963
-0.094226
0.064426
0.17809
0.074627
0.0815
0.053667
0.056731
0.077619
0.078273
0.11795
0.14061
0.13636
0.15662
0.11156
0.063161
0.040674
0.071257
0.052277
0.050339
0.11724
0.098286
0.1278
0.16877
0.03473
0.10286
0.091562
0.038665
0.01501
0.066366
0.048534
0.020248
0.072356
0.034304
0.036758
0.096976
0.043294
0.068785
0.11599
0.094121
0.097073
0.13484
0.10563
0.061028
0.087263
0.085993
0.010742
0.070388
0.044738
0.032841
0.091326
0.071762
0.067975
0.11531
0.053833
0.061704
0.11082
0.035999
0.10411
0.052337
0.077215
0.037731
0.059524
0.060742
0.037649
0.10487
0.089425
0.072365
0.11307
0.02479
0.076941
0.079532
0.053647
0.020434
-0.047205
0.10208
0.14101
-0.040992
0.10765
0.1469
0.081853
0.089863
0.10724
0.11581
0.071702
0.10217
0.088842
0.02241
0.095924
0.076686
0.054794
0.033188
0.046149
0.067336
0.024392
0.031751
0.064174
0.0249
0.032005
0.051276
0.048774
0.094667
0.045942
0.096161
0.062025
0.0857
0.13075
0.011811
0.091119
-0.00095843
0.026144
0.073033
0.058367
0.027762
0.060506
0.064753
0.062948
0.063627
0.0066689
0.078888
0.060316
0.0059491
0.078773
0.065773
0.023448
0.053626
0.03667
0.030351
0.026154
0.0091458
0.037143
0.039883
0.054541
0.065134
0.075062
0.088674
0.074949
0.10423
0.060549
0.074949
0.099087
0.050254
0.072417
0.036739
0.024892
0.049223
-0.001331
0.023664
0.065156
0.048657
0.014398
0.113
0.048789
0.073939
0.1175
0.083865
0.086654
0.10005
0.056988
0.065222
0.090299
0.019955
0.040733
0.052852
0.029619
0.038129
0.10622
0.060554
0.066358
0.13024
0.067553
0.050194
0.070686
0.094376
0.043968
0.056057
0.057734
0.069562
0.038049
0.023247
0.034689
0.041783
0.037247
0.063221
-0.011428
0.084626
0.064714
0.029436
0.080004
0.12128
0.097149
0.095395
0.10196
0.081076
0.078025
0.060841
-0.0077697
0.033269
0.0019293
0.025215
