-0.00016117
0.017593
0.0098866
-0.015569
-0.01383
-0.017898
-0.015303
0.0088834
-0.032584
-0.028489
-0.0068787
-0.017579
0.0071891
0.00011861
-0.010593
-0.0063349
0.010771
0.029246
0.025934
0.015069
-0.0022136
0.0034391
0.017985
-0.0095337
-0.0054647
0.0031658
0.015798
0.027434
-0.023031
-0.021765
-0.02287
-0.031636
-0.0084342
-0.0079449
-0.014104
-0.0051453
-0.0052582
0.023322
0.012953
0.0060226
-0.015355
0.0075806
0.01459
0.014304
0.0033614
0.0037055
-0.025155
0.01971
0.009527
0.0092384
-0.020799
-0.0031242
-0.019417
-0.018482
-0.017725
-0.0034747
0.012437
-0.0095259
-0.017206
-0.01472
-0.00022843
-0.0017707
-0.0032565
-0.0062464
-0.023294
0.011453
0.029862
0.028846
0.018966
0.0032335
-0.001909
-0.00083784
0.019607
-0.015609
-0.020755
-0.01354
-0.021089
0.010463
0.0067606
-0.0011796
0.013276
-0.030635
-0.0024981
-0.0082641
-0.028509
-0.0038978
0.022926
0.020068
0.018895
0.01748
0.0070764
0.010335
0.003558
-0.0073143
-0.0065841
-0.00093418
-0.015533
0.012098
-0.0051146
-0.022786
-0.023681
-0.017411
0.0064199
0.018829
0.0043858
-0.009978
-0.0024543
0.0087535
0.027412
0.0053075
0.0021853
-0.0015048
0.0031314
-0.00068099
-0.0035534
-0.0085135
-0.01237
0.01262
0.00096947
-0.017058
0.00079093
-0.021509
0.0087547
0.013399
0.012763
-0.017249
-0.017611
0.0099473
0.012277
-0.0059919
-0.020794
-0.026641
0.0041356
0.00063516
0.0044785
-0.0018108
0.018846
0.051627
0.019574
-0.0012218
-0.018448
-0.013887
-0.0029185
-0.007692
-0.014302
-0.0011762
0.0095569
0.023087
0.020459
0.0067408
0.0041894
0.00034245
0.0018887
0.014411
-0.0052064
-0.0017067
-0.01058
0.0092532
0.014956
-0.011124
-0.014393
-0.042565
0.0080704
-0.0014138
0.00077996
-0.0049853
-0.0014143
0.034671
0.010547
0.01764
0.013016
-0.0086664
0.0085001
0.0018321
0.0030868
-0.014403
-0.0089148
0.018314
0.0012825
0.0014827
0.0050705
0.0068955
0.011115
-0.018661
-0.005589
-0.0073704
-0.0087939
0.015691
0.021365
-0.0073354
-0.010867
-0.023139
0.011531
-0.012394
0.0012323
0.010761
0.022164
0.032245
0.0012048
-0.022545
-0.02372
-0.012022
0.017726
-0.0021083
-0.0092254
-0.014955
-0.0043531
-0.013103
-0.00070265
-0.022202
-0.0013332
-0.014376
0.023392
0.014163
0.0028523
0.017429
-0.0096291
0.012275
0.024126
-0.0098296
-0.0095688
-0.0050774
0.0012445
-0.0083091
-0.0086362
-0.0018011
-0.005226
0.0019389
0.0087581
-0.0062622
0.009941
0.015733
0.025149
-0.0069256
-0.019816
-0.018999
0.0090275
0.011097
-0.0018929
-0.022615
-0.0054685
-0.015819
0.011444
0.0084658
0.020064
-0.041858
-0.0062161
0.017235
-0.002631
0.0088944
0.0062444
-0.011874
0.020179
-0.0021959
-0.001165
-0.0072054
0.023913
0.0022321
0.00026954
-0.0029784
-0.0084057
-0.0018128
0.020553
0.00064106
0.013047
0.0017201
-0.002105
-0.005316
-0.022802
-0.0087444
-0.010991
-0.0091156
0.016033
0.030249
0.011103
0.00692
-0.0086771
-0.00058141
-0.0070647
-0.0022342
-0.016706
-0.019956
0.0040599
0.0050127
-0.0088129
-0.013267
-0.0025284
-0.0041347
0.00025024
0.0043775
0.0014976
0.0073011
0.018311
0.027902
0.0091189
-0.0083723
-0.0081044
0.016446
-0.011883
-0.011875
-0.029563
-0.019872
0.021658
0.00057787
-0.0015663
0.0047161
0.006379
0.015719
-0.0092023
0.0013274
-0.011231
-0.012767
0.015934
0.015294
-0.0017575
-0.0059412
0.011367
0.0037314
0.011223
0.006916
-0.0086616
-0.0059034
0.02157
0.014826
-0.0053905
-0.012579
-0.0083936
-0.020996
-0.018299
-0.010059
0.0060582
0.013032
-0.0013536
-0.0054657
0.011144
-0.0018659
0.0012647
0.0025302
0.0050141
0.0054965
0.025953
0.018357
0.01106
0.0032998
-0.010648
-0.012936
-0.0038363
0.022331
0.0046808
0.020326
0.00037481
0.027368
0.0079328
0.0014835
0.00015579
-0.017901
-0.009258
0.00043059
0.018995
0.0095458
-0.00069218
-0.0062309
0.010334
0.012461
-0.0034519
-0.00016888
0.0080042
0.022926
-0.0016629
-0.0039188
-0.024574
-0.0082314
-0.0062818
-0.0018502
-0.0053961
-0.0058813
0.0089133
0.029409
0.030455
0.022099
-0.013788
-0.017858
-0.013574
-0.019778
-0.01437
-0.010825
-0.016053
0.0058353
-0.0018265
0.0082393
0.011548
0.0074281
0.017322
-0.014672
-0.030758
-0.020301
0.0039744
-0.0075212
-0.0069283
-0.003502
0.015945
0.0087414
0.0043174
0.010712
-0.011398
-0.0056835
-0.0050621
0.015019
0.0039155
0.0075892
-0.00088893
0.016591
0.013615
0.0029964
0.0020734
-0.0064375
-0.0083947
-0.0035006
0.017178
0.0050173
-0.0068445
-0.025208
0.010603
-0.00057516
0.010923
-0.0030187
0.014036
0.0083862
0.011085
-0.011108
-0.00026644
-0.026515
0.004825
-0.0034969
0.0025728
0.00059287
0.018111
0.025775
0.0063692
0.0063747
-0.014426
0.011414
-0.0046959
-0.00014874
0.0050693
-0.0016595
-0.024794
-0.0005469
-0.013736
-0.016758
-0.023404
-0.0094177
0.024442
0.011256
0.009761
0.0086366
-0.0015244
0.017336
0.00037099
0.0039051
0.010867
0.018079
0.033333
0.010304
0.0013158
-0.026373
-0.023752
0.0074204
-0.00025851
0.00076629
-0.017256
-0.028293
0.0059369
0.01176
0.016925
0.0058975
-0.0023459
-0.0016535
0.0070292
0.011577
-0.0028429
0.0051124
-0.0028891
0.00981
0.0024435
-0.018629
-0.0070785
0.012525
0.017806
0.014595
0.0073384
-0.0049214
-0.005431
0.00243
-0.0021425
-0.026548
-0.026351
0.0048825
-0.00076591
0.0067884
-0.00094814
0.0048899
0.01306
-0.0057903
-0.0085922
0.0085406
0.0089061
0.033165
0.0015599
0.0048204
-0.0060183
-0.0045423
-0.0011323
-0.0029313
-0.017453
-0.025777
-0.026585
0.0062098
-0.00068133
0.0031033
0.017736
0.0019682
0.00629
-0.0010265
0.0021232
-0.0092342
0.006031
0.02358
-0.0042017
0.0043104
0.010873
0.0091505
0.021842
-0.0051432
-0.010919
-0.020481
-0.024839
0.016377
-0.0060272
-0.0098702
-0.01952
-0.015464
0.0083642
0.00049609
-0.0098597
6.1117e-05
0.011447
0.017534
-0.0053924
-0.0069601
-0.023219
0.009735
0.018286
-0.014707
-0.019558
0.0074793
0.020999
0.0097286
-0.018208
-0.02795
-0.030274
-0.0049975
0.0096405
-0.0018836
0.0028622
-0.0022069
-0.0021422
0.011276
0.009119
0.013584
-0.0032401
-0.017697
0.00031354
-0.0067691
-0.0037401
0.0023
-0.0034482
0.016726
-0.00044464
-0.0035983
-0.018168
0.00064558
0.011056
-0.016902
-0.016324
-0.022765
-0.018845
0.011557
-0.021819
-0.016128
-0.013432
0.0036644
0.024438
0.011061
0.0085234
-0.010258
-0.010443
0.0050226
-0.0062628
-0.010016
-0.016648
-0.009922
-0.0063923
0.008251
0.0044803
0.0076449
0.005628
0.0053495
-0.0020309
-0.0041377
0.00050099
0.022878
-0.0085892
0.012474
0.011781
0.0067372
-0.010116
0.011916
0.0061305
-0.0083655
-0.0027142
-0.00067608
-0.010507
-0.0052791
-0.0023509
0.014481
-0.020753
-0.028541
0.011504
0.010221
0.006463
0.00011932
0.011958
0.039819
-0.014818
-0.013113
0.0089564
-0.0078904
0.023751
-0.015652
-0.016246
-0.0044152
0.0050049
0.013405
-0.0063833
-0.0012555
-0.019418
0.0079763
0.014193
-0.0056647
0.02276
-0.0062281
-0.0055076
-0.0064438
0.0089777
0.018666
-0.0033805
0.012301
0.010039
0.0088458
-0.010081
-0.017168
-0.036875
0.024421
0.00071283
-0.020983
-0.019318
-0.020436
0.025214
-0.00068391
-0.0021652
-0.0090936
-0.0079286
0.0075898
-0.00080117
-0.014866
-0.02069
0.012818
0.029367
0.012491
0.0043173
-0.0018736
0.0036683
0.015266
-0.0085526
-0.0090231
-0.0068235
-0.017577
0.012023
-0.00135
-0.0048897
-0.0034664
-0.011424
-0.0059288
0.0068117
-0.0059514
-0.017512
-0.0053568
0.013187
-0.00086519
-0.01115
-0.018403
0.022527
0.0035342
0.0078945
-0.006813
-0.020588
-0.0080404
0.016538
0.020473
0.010778
-0.016238
-0.00097611
0.020592
0.0073657
0.0018303
0.0015102
-0.0072031
-0.024767
-0.014226
-0.03571
-0.0059855
-0.0030398
0.023829
0.0030699
0.0039674
0.0063811
0.00056267
0.018796
0.0022168
-0.0080031
-0.0060281
0.017269
0.0095458
-0.0039957
-0.015787
0.018916
0.0013691
0.024204
-0.0085141
-0.010067
-0.0046757
-0.0072609
0.016741
0.021814
-0.0057237
-0.0058277
-0.0022159
0.025629
-0.0010491
-0.012717
-0.0031844
-0.01522
0.011253
0.0028956
-0.0073664
-0.0022985
-0.02212
0.0081914
0.015474
0.0055823
-0.018135
0.0029867
-0.012945
0.0014615
-0.011582
0.001384
0.0045996
0.019126
0.01424
-0.013481
-0.0029914
-0.011696
-0.0093948
-0.018402
-0.01278
-0.016813
-0.017152
0.031019
0.033577
-0.0019371
0.0052325
-0.0047427
0.0078487
0.010873
-0.009639
-0.014986
0.0098102
0.01191
-0.0066418
-0.0050881
-0.011957
-0.0084094
0.01661
0.0015063
-0.0060218
-0.011304
0.021258
-0.0033533
-0.010488
-0.011211
-0.015908
-0.032257
0.022166
0.015006
0.0039153
-0.0080409
-0.02059
0.023327
0.015426
-0.012253
-0.0026276
0.0044787
0.0023844
0.0066746
0.0035591
0.01251
0.020819
0.00942
0.0067361
0.0067917
-0.02132
-0.012356
-0.015017
-0.01418
-0.011457
-0.003777
-0.027098
0.0086565
-0.019462
-0.0013428
0.0041205
-0.0043588
0.02945
-0.0021062
-0.0026777
0.0048288
-0.0020776
0.002376
-0.010025
-0.014805
-0.0029821
-0.0042911
0.013028
0.0047043
0.0036228
0.0010731
-0.0095944
0.0058966
-0.0087134
-0.0028464
-0.011498
0.0015241
0.010027
-0.0037462
0.012435
0.0065176
-0.011608
0.0034088
0.0044321
0.0051263
-0.0052049
0.026806
0.014979
-0.0051597
-0.00075084
-0.022382
0.0084242
-0.0027049
-0.0072208
0.0077281
0.0093919
0.020104
-0.0022976
-0.0078487
-0.010898
-0.015354
0.0014543
-0.010135
0.017719
0.0054919
0.0076161
-0.0065396
0.014977
-0.0062986
-0.0078717
-0.010349
-0.016469
-0.0026631
-0.0019451
0.0013615
-0.0032264
0.011896
0.010049
-0.0041349
-0.014973
-0.021553
0.021142
0.027833
0.0082117
-0.012801
-0.0022655
0.0034602
0.00051071
-0.0012996
-0.013365
0.0039584
0.038254
0.01518
0.0097258
-0.011121
-0.036816
-0.025296
0.0073826
0.0043934
0.013103
0.016201
0.0086976
0.0037922
-0.0092335
-0.024263
-0.019845
0.0050226
0.016975
0.01531
-0.0041652
-0.026197
0.0033641
0.0089234
0.011571
0.00045185
0.0027386
0.013535
0.013371
-0.0025222
-0.0020363
-0.026105
-0.0033256
-0.020516
-0.016023
0.00083221
0.014778
0.011602
0.0094908
-0.0031546
-0.0082868
-0.010688
-0.018131
0.0029647
-0.00081761
-0.0011533
0.0089859
0.011403
0.020978
-0.0052805
0.0024552
0.0021621
0.033638
-0.0088542
-0.012331
-0.02368
0.005763
0.0046962
0.0090252
0.0059842
-0.0092291
-0.0027208
0.013995
0.01176
-0.0086184
-0.013502
-0.0022179
0.0041516
0.0069349
0.010268
0.0014753
0.0042826
0.0092338
0.021785
0.0037464
0.012105
-0.0052222
0.0087083
0.0078033
0.0038985
0.0096536
-0.016924
0.0078605
0.0018296
-0.0033124
-0.012725
0.0021261
0.012371
0.01676
0.022078
-0.0091052
-0.012631
-0.0085401
-0.0055902
0.018729
-0.0082161
-0.0074212
0.02828
0.023597
-0.02144
-0.015934
-0.0023231
0.0018062
-0.00056673
-0.011873
-0.0077454
-0.015402
0.0078047
0.0127
0.0052291
-0.0063845
-0.002446
0.036762
0.035206
-0.002576
-0.0054795
0.0034273
0.014394
0.020495
-0.0047405
-0.022568
-0.010327
0.012161
0.027205
-0.0078877
0.017062
0.0015594
0.0025644
-0.0019037
-0.013818
-0.025946
-0.0090259
0.0060578
0.0077305
-0.0018996
0.00055811
-0.012621
0.0057154
-0.0083094
-0.014191
-0.010695
0.0072166
0.012705
0.014411
0.007839
0.0072063
0.014704
0.038275
0.020604
-0.0047651
-0.0061033
0.0073637
0.028116
0.023966
0.008979
-0.018568
-0.014046
0.0046023
-0.015753
-0.02154
-0.019736
-0.0081486
0.0068778
0.0034124
-0.011616
-0.017151
-0.00072526
0.027079
0.0054685
0.011188
-0.0096494
-0.012034
0.019958
0.019018
0.0030964
-0.0021903
-0.0012151
-0.005937
-0.020511
-0.0091829
-0.019708
1.3606e-05
-0.014122
-0.011348
-0.0065062
-0.010366
-0.0043382
0.028622
0.021481
0.0090628
-0.0089646
-0.0013944
0.01497
0.016167
0.03959
0.015631
0.021534
0.03001
0.0011767
-0.0015008
-0.0099379
-0.0012054
-0.0018286
0.0042317
-0.0017585
-0.0014325
-0.0021725
0.010621
0.0024728
-0.00067392
-0.013825
0.0065862
0.012533
0.010973
-0.0052204
-0.011163
0.014858
0.0038463
-0.0032323
-0.0053397
-0.0021991
-0.0059307
0.027829
0.031628
0.0010516
-0.018149
-0.0083255
0.0099289
0.0054297
-0.0048874
-0.0037175
-0.0010039
-0.0059476
0.0041172
0.012931
-0.014902
-0.0090045
0.011282
0.014649
-0.0075444
-0.0075146
0.016684
0.022598
0.024756
0.0070078
-0.0028771
-0.0077793
0.013329
0.011753
-0.022562
0.0069397
-0.0010787
0.020242
0.021143
0.014127
0.0020804
-0.0045997
0.0019784
0.0023271
0.0023403
-0.00097261
-0.013519
-0.0095751
-0.017195
-0.022262
0.0021288
-0.0040133
0.015255
0.023653
0.0064896
0.0025749
-0.0036471
0.0027684
0.017037
0.00026987
-0.0090412
-0.010217
-0.015467
0.0047178
-0.00025503
0.0024654
-0.0019445
-0.018338
0.007408
-0.0084853
-0.018392
-0.016147
-0.00778
0.0089775
-0.012574
-0.0043932
0.0055577
0.0060022
0.01169
0.00055007
0.0010895
-0.019391
-0.010207
0.0013023
-0.0057099
-0.0064785
-0.01005
-0.010461
0.0066624
0.0018623
0.0065147
0.0039631
0.0021948
0.025179
0.013953
0.010425
-0.0080533
0.0033869
0.023187
-0.0036045
0.0036028
-0.0061477
-0.0085351
0.020387
0.012569
-0.011239
-0.0011969
-0.0053363
0.016882
0.012281
0.0029877
0.0078575
0.0023968
0.0089929
-0.0023959
-0.020433
-0.010865
-0.0027272
0.01621
-0.010663
0.0017219
-0.00066094
0.0099615
0.024654
0.014681
-0.015167
-0.019274
-0.017668
0.0054088
0.0027932
-0.0013596
-0.02069
-0.0011909
-0.0042426
-0.014462
-0.001376
-0.0031965
0.0068409
0.032094
0.020591
0.0099121
-0.00058625
-0.011785
-0.00046588
-0.011826
-0.0038922
-0.015953
-0.017048
0.029235
0.003368
0.015071
0.003827
-0.025116
-0.0025829
-0.0073894
0.018587
0.0089949
0.0045747
0.041858
0.014195
0.0058469
0.011769
-0.0073303
0.0040634
0.00029883
0.028662
0.0061261
-0.014372
0.0063626
-0.0034195
-0.0060091
-0.014469
0.011295
0.0064521
-0.0051313
-0.0061541
-0.0028131
0.017921
0.029068
-0.006051
0.0014568
0.013751
-0.011206
-0.00055183
-0.010567
-0.016649
-0.0030913
-0.015346
-0.003023
0.01433
0.0077837
0.00080987
-0.0046441
0.0046753
-0.0045191
-0.0029976
0.020725
-0.0015977
0.0017918
-0.018325
0.009256
-0.012646
-0.006355
0.011368
-0.0047522
-0.015226
0.00097122
0.010145
0.021966
-0.0044316
-0.0045967
-0.022541
-0.0083388
0.0036773
0.0214
0.011145
0.021911
0.011222
-0.0017588
-0.035286
-0.029753
-0.036169
-0.013517
0.012014
0.015156
0.0046867
0.0023511
0.0023178
0.01885
0.019721
0.0028719
-0.010632
-0.0050652
0.010976
0.01171
-0.0054115
0.018868
0.0095842
0.011711
0.0095908
-0.0041424
-0.0064839
0.011883
0.014732
0.012244
-0.007376
-0.0091758
-0.014212
0.01572
-0.013542
-0.024669
-0.0044901
-0.019334
0.002779
0.014124
-0.0011172
0.018683
0.0036271
0.016891
-0.0015333
-0.015292
0.00029356
-0.0046641
0.018003
0.00027564
-0.017953
-0.010111
0.0030604
0.021159
0.0027682
0.00404
0.0068989
0.0022735
-0.014369
-0.0076718
-0.02828
-0.019048
0.0061648
0.018689
0.022226
0.018155
0.00016811
-0.020339
0.019339
0.00080501
-0.0037857
-0.0010908
-0.0022206
-0.020096
-0.012279
-0.011991
0.002535
0.0070262
0.015735
-0.0066712
-0.019144
-0.014945
-0.0028168
0.0047529
-0.011138
0.00090999
-0.01266
0.016498
0.0012633
0.0056836
0.017233
-0.0093331
0.008746
0.0081821
-0.00011326
-0.0047719
-0.00021088
-0.007829
-0.0099158
-0.0017849
-0.015198
0.0094168
0.012441
0.0096988
-0.0059228
-0.00033686
-0.026068
-0.018533
-0.0079304
0.012048
-0.016664
0.0050939
0.02118
0.014684
0.0021324
-0.003179
-0.02184
-0.01278
-0.0021706
0.016884
0.0086862
0.0040639
0.001071
0.0078119
-0.0083652
-0.00050614
-0.0030475
-0.0019105
0.020248
0.011016
-0.0092831
0.0076936
-0.01188
0.016078
-0.00064029
-0.018513
-0.016232
0.019188
0.015194
0.00086294
0.0093976
-0.0058485
-0.061107
-0.011198
0.14616
0.099681
-0.082469
-0.13166
-0.039036
-0.0090571
-0.034686
0.029758
0.13916
0.17838
0.053135
-0.071817
-0.097056
-0.061488
-0.01982
-0.021988
-0.039311
-0.022498
0.0041581
0.028016
0.028698
0.017393
0.036019
0.023133
-0.012359
-0.066911
-0.071222
-0.026408
-0.011031
0.0089923
0.00774
0.0047598
-0.00030854
0.0028426
0.013222
-0.0060572
-0.0031665
0.0048603
0.0086779
0.016683
0.014694
0.0070871
0.0084989
-0.0018047
-0.0013812
0.0013326
0.020758
-0.012624
-0.016655
0.016406
-0.01413
-0.033645
-0.03347
-0.033098
-0.022704
-0.035363
-0.001106
-0.011513
-0.0051047
0.012674
0.0056185
0.0097667
0.0045071
0.022173
0.020916
-0.012482
-0.012043
-0.008376
0.0060207
0.038235
0.02655
0.02567
0.014776
-0.02467
-0.046042
-0.075378
-0.025943
0.018201
0.025611
0.019376
-0.0044862
0.02742
0.0024405
-0.016646
-0.016179
0.0047946
0.011835
0.017096
0.010867
-0.0059169
-0.011483
0.0018756
0.02589
0.0051454
0.0051293
0.00025737
-0.0060374
0.0076139
0.01301
0.025785
-0.003149
-0.014421
-0.016636
0.0060108
-0.019085
-0.0038905
-0.013491
0.011656
0.0016525
-0.0046607
-0.0036333
0.003554
0.0010502
0.0074821
0.0018071
-0.011636
0.020996
0.035931
0.022335
-0.0030622
-0.0093269
-0.024527
-0.026129
-0.026537
-0.002988
-0.0039517
-0.01551
-0.016416
-0.012952
0.0036566
-0.00054158
0.017409
0.002078
0.019578
0.01867
-0.0038249
0.0049009
0.00019541
-0.013295
0.00022253
0.019251
-0.014829
-0.023626
-0.048918
-0.0025585
0.0092369
-0.030913
0.0023126
0.0021768
0.02524
0.012103
0.0005675
-0.00012929
-0.008381
0.0080656
0.021162
0.019482
0.0017339
-0.0014945
0.016975
0.016891
-0.010004
-0.012949
-0.019224
-0.022012
-0.010784
0.011415
0.0093545
0.017317
0.012366
0.01002
0.0044545
0.010112
-0.015435
-0.02179
0.0050161
0.0046657
0.0099924
-0.01642
-0.06555
-0.04214
0.30646
0.010978
0.15932
0.23942
0.23845
0.18927
0.17471
0.16184
0.10696
-0.023273
-0.15033
-0.25151
-0.40405
-0.54319
-0.54062
-0.5801
-0.39547
-0.24035
-0.067609
0.077911
0.20512
0.39909
0.61306
1.1726
1.7161
1.7641
6.8361
6.3918
4.5277
-0.67252
-2.3953
-4.9643
-8.6658
-4.3776
-6.4721
-0.16265
-3.7798
-3.7958
-7.0648
-2.9779
-0.25242
4.0321
3.9839
-3.1517
-0.73674
0.0064205
0.87603
1.6701
1.5062
1.4244
1.0243
1.4131
1.356
1.9073
0.47743
1.0326
-1.3922
-0.60809
-1.187
-0.42694
-1.8385
-2.0079
-0.81243
0.89591
0.65384
-0.14223
0.58598
2.4756
3.5117
1.9103
-0.62075
-1.3259
-1.358
-1.6174
-1.5187
-0.67467
-0.055466
0.82397
1.0361
1.1472
1.7161
2.1234
0.30373
-1.5062
-5.2698
0.72295
-3.9867
-2.9737
-2.7326
-2.3346
-1.6487
-0.61359
0.34344
1.2977
1.4812
1.5298
1.3891
2.6121
3.554
0.61065
12.142
0.67919
4.6989
2.6961
-13.893
-5.3794
0.37897
-2.0794
-6.1284
3.0265
-4.29
14.411
6.071
2.6461
0.77849
1.4549
2.6511
3.9362
2.5035
0.65103
-0.79342
-0.86019
-1.1511
-0.70125
-5.1813
-3.3912
2.7197
-3.7168
-1.3722
6.1639
1.1636
1.9859
1.7069
1.8474
1.3042
1.2155
2.9324
3.9322
3.6545
1.7003
1.8432
-0.77777
-2.096
-2.6781
-1.7284
-0.59083
0.38136
1.0036
1.1524
2.0213
1.8278
-1.8736
-2.9242
-1.3229
-3.162
-4.943
-3.8994
-2.5012
-2.1892
-1.9089
-1.3277
-0.55882
0.494
0.037629
0.65799
1.5874
2.5847
1.9515
1.9212
1.8006
2.5013
4.1019
0.97682
3.8814
-11.966
-0.74228
-0.93996
-6.6761
-18.663
16.802
17.893
4.8616
-0.73591
3.1017
3.9857
3.4638
2.821
1.786
1.172
-1.652
-2.2376
-2.2485
-2.4363
0.18586
3.3561
-0.12667
-1.7644
-3.6497
9.2833
-1.5689
0.30829
-5.8277
-5.0053
6.7428
-1.44
3.0165
3.6312
3.9843
1.7602
-0.012745
-1.1577
-1.5804
-1.2601
-0.051082
0.94901
0.38371
0.26764
0.80557
0.58224
0.092587
-3.4797
2.3848
3.901
1.05
-2.4174
-2.3127
-3.0587
-3.477
-2.7395
-1.6232
-0.84293
-0.1061
0.53475
1.1044
2.4643
2.1389
2.147
1.0257
0.88568
0.51357
2.9545
20.275
-13.439
-6.4507
-6.5222
-1.6346
-8.5556
-8.5356
-4.0632
1.8303
6.796
2.3165
0.03962
2.4007
3.7337
3.9321
2.7867
1.6119
-0.062091
-0.90291
-1.3365
-1.7692
-1.8418
-1.1326
-0.75309
3.2503
0.010505
1.2708
0.37917
-0.75496
0.057357
0.10899
5.8506
3.0066
3.6944
4.1061
3.2605
1.6569
-0.70059
-2.4534
-1.1862
-2.7695
-1.904
-1.0322
-0.3204
0.48848
0.80201
0.78643
1.1124
1.3713
-0.12276
-2.2264
-1.9263
-3.1681
-1.4235
-2.2558
-3.1552
-1.5022
-0.93043
-1.3048
-2.3242
-2.5616
-2.0329
-0.81333
0.55798
1.6209
1.9939
2.2965
1.9556
1.1873
3.0242
2.3518
0.54722
1.6029
-0.042619
6.1417
3.4748
-6.2204
-13.43
3.0269
0.58421
-4.4117
-3.5482
-2.9964
-4.1961
-3.3741
-1.8211
31.327
-0.0099619
-0.18509
3.7797
1.8417
4.4996
5.4355
2.3027
2.4115
0.79527
-1.0764
-1.2529
-1.4273
-1.7869
-3.3566
-1.5172
-0.081829
2.1165
2.121
4.2787
4.0521
3.2423
4.7521
1.5166
3.0405
-1.5353
-2.4519
-0.84263
3.2671
3.4582
4.3611
4.7564
4.1607
2.4228
0.064471
-3.3625
-2.356
-1.549
-1.9255
-1.8862
-1.1852
0.02605
1.2215
1.406
0.8324
0.65064
1.7425
1.208
-1.4139
-6.1306
0.81881
-4.3049
-4.3745
-3.0384
-1.7036
-0.82359
-0.75845
-1.7161
-2.61
-2.4206
-2.0334
-0.17771
0.71283
1.5996
2.3597
2.26
1.9029
2.4517
1.8638
1.1114
0.51818
7.5168
4.1433
7.2111
-6.9204
-2.1209
-3.3152
6.127
-11.544
-7.4134
0.52923
-5.0213
-5.4835
-2.2683
-0.34466
-15.689
1.5416
-2.8412
3.2866
6.1838
4.504
2.6878
-0.043008
-0.19644
-0.70379
-3.7118
-3.8975
-3.3089
-2.094
-0.90157
0.20894
1.1016
-2.6102
-3.515
4.9032
0.71526
-0.42699
7.8132
-1.0154
2.4198
1.6281
2.9573
-1.452
2.6301
3.3188
3.9243
3.7009
2.4328
-0.53642
-3.1819
-3.1161
-2.6632
-1.5917
-1.2596
-0.099883
0.94911
1.7224
1.2055
0.83602
1.2484
0.90645
0.70353
-6.0519
-4.9319
3.8488
2.8189
-3.6748
-1.8486
-2.4697
-2.4692
-2.9374
-3.0189
-3.0803
-2.6116
-0.76855
0.96022
1.6361
1.6743
0.81942
0.37346
1.0529
3.2065
1.9659
1.3376
1.4983
1.7363
0.055496
4.4187
19.455
-5.9864
-8.2493
3.5785
-1.0623
-10.249
-1.461
-6.5516
-6.3701
2.0102
-0.13635
-10.338
17.332
-4.3652
1.6896
3.0176
2.6094
1.9019
0.5162
0.88338
-0.84492
-1.4702
-1.9421
-1.8723
-1.5993
-0.60674
-0.62184
8.1019
0.37454
0.10872
-1.6189
-3.6295
-1.041
4.3182
5.0562
-2.3895
-1.5213
3.4163
4.2529
3.2922
3.2595
3.1743
2.7717
1.2274
-0.99421
-2.6628
-1.9479
-0.53074
-1.468
-2.0539
-1.1817
0.76556
1.7525
0.76934
-0.11022
0.74133
1.8921
0.19185
-2.5251
-8.2605
1.9452
3.0402
-1.7433
-2.2387
-1.3012
-0.95059
-1.5296
-2.7622
-3.0761
-1.9957
-0.86731
0.40071
1.6679
2.3372
2.185
1.2092
1.0177
2.4076
2.8927
1.3453
0.96699
1.2673
1.9948
4.4922
4.6479
-8.2634
-8.3892
-7.4658
0.74392
-7.7144
-1.7648
-12.792
-2.7509
-2.7039
-9.3133
29.131
28.579
-2.0843
4.9528
5.5072
5.2578
4.1463
1.8772
0.18182
-0.8753
-1.1368
-1.6648
-2.0597
-2.0666
-1.6432
-0.96942
0.8508
-0.58558
5.2629
0.85435
-5.1254
2.3393
3.8916
0.81272
-0.36221
-1.7749
1.102
4.2411
3.3062
3.6595
4.1692
4.1687
2.6856
0.022802
-2.4838
-3.5343
-3.5753
-1.4598
-2.5077
-0.76286
0.68011
0.97986
1.3103
1.2696
1.1564
1.0207
0.41201
0.31794
1.2986
-5.8743
-0.99626
-1.0881
-1.5772
-1.0803
-1.5643
-2.1844
-2.2198
-3.0306
-3.0376
-1.9297
-0.079808
1.0072
1.3859
1.603
0.40919
2.6722
2.373
1.9834
1.0146
1.0665
1.3158
2.3969
5.6976
-7.5221
-4.7997
2.6842
1.5675
-10.803
-6.7394
-5.7878
1.2053
1.0162
-1.3164
22.772
-0.0046716
6.4302
-1.18
4.5791
4.2915
3.991
2.5884
2.6179
0.53886
0.024925
-0.76446
-2.957
-3.458
-2.1859
-1.2773
0.038215
2.2258
3.0423
-1.8963
-1.4557
0.0069303
3.9357
1.7073
3.6714
2.9181
-0.64282
-2.2074
2.8337
3.42
4.7826
4.8784
3.5176
1.3692
-1.7645
-3.4535
-3.088
-3.6675
-0.53515
-0.76342
0.53153
1.1994
1.2445
1.0132
0.86184
0.65171
0.55633
0.53014
-4.1004
-5.3949
-2.2623
-1.9645
-1.0422
-2.2314
-1.4433
-1.5569
-1.9159
-2.3658
-2.4586
-1.7529
-0.79502
0.56753
1.4004
1.8997
2.2386
0.93571
2.0478
1.74
1.7221
1.216
1.2809
1.9303
5.7572
7.0473
-8.5522
-8.6889
1.7393
2.3542
-0.51101
-0.9727
-3.8161
-1.0887
3.1955
-17.119
-11.658
6.1249
6.2485
-0.017346
1.6906
5.1235
3.6433
1.536
-0.038808
-0.25643
-0.18248
-0.94497
-3.5689
-2.5355
-2.2018
-1.436
-0.61634
-1.094
-0.93997
5.1441
-1.9894
-3.1987
4.9192
3.0406
-1.9247
0.65982
0.40324
1.4436
1.0333
4.4883
4.055
4.3046
4.1127
2.3637
-0.71007
-2.9692
-2.3025
-1.495
-1.7114
-1.24
-0.13265
-0.02289
0.3674
1.0545
1.0328
0.94905
1.0342
0.92044
-3.3623
-2.432
-4.0424
-1.9391
-2.2774
-2.7906
-1.3512
-0.94743
-1.9334
-2.8388
-3.6047
-2.4021
-0.75203
0.36992
1.0052
1.7033
2.0627
2.1983
3.1522
2.6848
2.2563
1.5158
-0.17008
-0.094688
12.633
7.7541
-3.1041
0.99005
0.19992
-1.5799
-8.5258
-1.8528
-1.8374
-6.2303
-6.5628
2.1501
5.7304
-1.5838
-1.6514
-2.7036
2.8575
4.4225
7.483
6.0677
1.7084
-0.5488
-0.47562
-1.9735
-1.4514
-1.208
-0.39757
-0.11439
0.33893
1.0688
1.6896
2.5338
1.5752
1.8017
-1.5026
-1.3854
-2.2806
1.0871
0.044397
-0.76319
-0.2376
-2.4323
-2.0604
-1.857
-1.0577
0.73355
-0.85017
-0.25102
-1.3413
1.6621
0.079114
0.16674
0.042235
-0.099443
-0.03166
-0.22258
-0.48739
-0.33957
0.040857
0.18413
0.27003
0.36498
0.46367
0.43798
0.42326
0.41385
0.24373
-0.069987
-0.40521
-0.7148
-0.94998
-1.0217
-0.9973
-0.92292
-1.0233
-1.1134
-1.0115
-0.78542
-0.55057
-0.22196
0.041798
0.14797
0.25948
0.31902
0.28659
0.27748
0.36432
0.49701
0.57638
0.72109
0.75499
0.70319
0.61328
0.56465
0.49121
0.43272
0.39594
0.35917
0.23023
0.11243
0.07928
0.060351
0.014812
-0.020346
-0.076871
-0.17335
-0.25781
-0.30514
-0.29972
-0.32355
-0.325
-0.31031
-0.31484
-0.27536
-0.26513
-0.22774
-0.20223
-0.13678
-0.075725
-0.0039305
0.048229
0.089381
0.057884
0.073728
0.097348
0.11743
0.1595
0.1749
0.18984
0.17754
0.22172
0.21491
0.13459
0.11728
0.080384
0.039759
-0.026739
-0.057557
-0.0063885
0.011901
-0.051708
-0.16447
-0.23607
-0.24553
-0.22489
-0.20224
-0.12507
-0.01315
0.086891
0.073592
0.050337
0.066929
0.09751
0.21057
0.33697
0.25152
0.031478
-0.15364
-0.1874
-0.094478
0.026529
0.089309
0.091254
0.08247
-0.027024
-0.12214
-0.14307
-0.11378
-0.025849
-0.0095879
-0.029668
-0.033231
-0.049309
0.0060295
0.066189
0.091524
0.099042
0.075496
0.071203
0.036639
0.024758
0.043901
0.076313
0.06492
0.051227
0.00099573
-0.029455
0.0037488
0.012024
0.0057719
-0.020997
-0.054581
-0.094292
-0.074934
-0.034714
-0.023025
-0.0512
-0.068358
-0.054445
0.025817
0.074312
0.067755
0.047878
0.014951
0.028804
0.053961
0.060564
0.076788
0.122
0.29803
0.25506
0.016903
-0.24564
-0.37343
-0.26204
-0.12594
0.030596
0.068157
0.14374
0.20057
0.16237
0.053339
-0.054406
-0.13157
-0.10025
-0.087731
-0.074872
-0.010855
0.094297
0.080598
0.030897
-0.037675
-0.063705
0.016024
0.12885
0.1336
0.052444
-0.053329
-0.07385
-0.046475
-0.011951
0.017177
0.052152
0.052516
0.056583
0.019863
-0.01223
-0.015215
-0.020267
-0.020148
-0.039649
-0.057677
-0.043842
0.0072258
0.075552
0.11323
0.09721
0.058314
-0.0039277
-0.010523
-0.032948
-0.026168
0.020153
0.032009
0.055982
0.015514
0.009081
-0.01002
-0.0070293
-0.00435
0.011894
-0.007901
-0.0038762
0.01721
0.064493
0.062201
0.062326
0.041789
0.007435
-0.0067079
-0.012061
-0.023301
0.0043266
0.021265
0.024794
0.014735
-0.0073967
-0.01789
-0.037083
-0.0073015
-0.028773
-0.015845
0.022576
0.021902
0.032809
0.037709
0.0070689
0.00011711
-0.0068582
0.023471
0.012806
0.0083311
-0.010443
0.024912
0.046137
0.03384
0.032258
0.015476
0.025114
0.0074127
0.014789
0.00055238
0.010227
0.032709
0.010346
-0.020331
-0.041863
-0.021917
0.013285
0.032175
0.012926
0.022196
0.025245
0.022746
0.027828
0.012977
0.0020632
0.003867
0.0090921
-0.010431
-0.027549
-0.020328
-0.0024078
0.012687
0.005815
0.014677
0.020728
-0.022065
0.060619
0.042876
0.053018
0.035864
0.0080963
0.034918
0.0071547
-0.012153
0.02212
0.031184
-0.0044365
0.011412
-0.033967
-0.014762
-0.012596
0.01119
0.010151
-0.0004631
0.023099
0.0026355
0.011503
0.040418
0.017502
0.034152
0.0013115
0.038629
0.0087085
-0.018916
0.0023251
0.00026771
0.019787
0.0094818
0.026435
0.014943
0.0084071
0.036614
0.033279
0.033409
0.026769
0.0030257
0.040002
0.0095394
-0.005077
-0.009996
-0.02218
-0.0010595
-0.0011614
-0.022687
0.013265
0.035941
0.030424
0.036193
0.027537
0.016286
0.0091236
-0.006571
0.032372
0.0036762
-0.032751
-0.020247
-0.010737
-0.012075
0.0033506
-0.002029
-0.020792
0.0050398
0.033599
0.011146
0.007554
0.024658
0.014619
0.041977
0.017439
0.024097
0.0074391
0.02264
0.0075828
0.020365
0.011982
0.0086214
-0.010657
-0.01619
-0.0040014
0.0038895
-0.004262
-0.0088596
-0.0071603
0.0077577
0.034843
0.014431
0.017721
0.033121
0.011207
0.0014445
0.045754
0.023181
0.0089146
0.0093376
-0.0037381
0.022536
0.01132
-0.012021
-0.017653
-0.0041897
-0.0045763
0.01397
0.012931
-0.017701
-0.0075278
-0.016339
-0.0052848
-0.020064
-0.0052789
-0.0046959
0.03074
0.022813
0.011751
-0.00038122
-0.0023603
-0.010704
-0.038224
-0.019535
0.0091641
0.027673
0.030459
0.060022
0.046984
0.0054831
0.0068582
0.01575
0.056141
0.030313
0.010814
-0.0041814
-0.030817
0.029087
0.0044034
0.0093215
0.015673
0.0030349
0.017686
0.011209
0.0068006
0.028325
0.022196
0.026182
0.043338
0.026922
0.011377
0.0052964
-0.02104
0.0040643
-0.0062954
0.00095691
-0.00050158
-0.007921
0.10802
0.12133
0.12693
0.12583
0.065904
-0.036356
-0.14633
-0.171
-0.053673
0.036307
0.10804
0.10513
0.13629
0.33945
0.32301
0.071444
-0.32338
-0.51181
-0.42895
-0.33538
-0.11437
0.077783
0.12949
0.090029
0.32283
0.31817
-0.093244
0.0099958
0.28835
-0.32188
-0.56841
-0.13269
-0.37782
-0.88436
-0.92093
-0.7102
-0.48307
-0.23115
0.20771
0.70744
0.38911
-2.7982
-13.055
-18.35
-2.5805
10.526
7.8006
0.94574
0.39148
2.349
8.0522
8.1251
-1.4692
1.4351
2.2532
1.0394
-0.39592
1.2064
0.6734
-0.8666
-2.7325
7.6797
20.359
18.701
18.178
8.2759
-10.261
-2.9041
-15.614
-13.592
-2.2776
1.6088
8.9045
1.5771
-0.30052
0.095024
4.1671
4.8406
4.0735
0.54323
-0.61189
-0.064104
0.93109
-2.664
-1.5748
-0.1998
0.24525
0.086745
1.3952
2.6448
1.5931
-0.36907
0.22679
-0.89756
-2.009
-1.974
-2.4425
1.3194
-3.4883
-7.0083
-6.6637
0.57668
-0.39232
-1.9203
-0.7894
2.1989
3.8972
2.8186
0.84087
-1.0092
-1.979
-1.6737
-2.7675
-5.1004
-36.705
-32.713
-14.893
-1.0343
-7.821
9.5636
7.1402
8.355
0.46218
-1.3509
14.391
12.925
12.652
16.936
14.765
-1.7051
0.47369
-9.8491
4.7257
1.986
-1.6203
-2.8013
-0.39024
5.0131
1.7557
21.711
-5.4337
2.411
-0.59818
8.8464
9.1263
16.245
-9.1105
-4.5545
-0.33536
-22.13
-20.125
0.76421
-11.942
-4.3557
3.8268
-0.089638
0.75508
1.365
-1.1145
-1.1511
-0.9036
-2.0716
1.151
2.59
0.21671
-1.098
-1.431
-5.4273
-2.0199
0.22463
0.99623
0.47937
2.1454
-1.1289
-1.048
-0.64392
0.51914
0.846
-3.5384
-4.605
-3.7617
-1.0763
-3.1193
-6.2472
-0.38107
-0.21599
3.9904
-0.38369
-0.66428
0.59288
2.6156
2.5442
1.0253
-1.3266
-2.4766
-2.2063
-3.4576
-4.046
-8.762
2.5567
1.8428
-2.5406
6.9784
-2.9335
6.0375
0.90927
0.41503
-0.092791
0.46154
10.167
14.698
10.041
1.7395
-2.2317
-1.0965
-1.7225
2.2096
2.0451
1.2051
-2.5006
-3.2321
2.4784
2.5531
1.9036
0.27704
0.1856
0.17204
4.8597
-0.2349
7.455
17.104
15.159
-2.0817
-5.9977
-7.5035
-14.917
-14.628
-20.542
9.0373
-3.7758
-9.8276
3.128
1.0025
-0.77804
-5.1596
-0.025161
-0.077831
-0.62729
2.9659
-4.8662
-4.9911
-0.9758
1.4006
0.70914
-0.51236
-2.1839
-4.6206
-5.8031
-5.4187
-2.148
-3.8765
-1.6291
-1.2472
-2.3503
-5.2395
-4.0313
-5.0641
2.9015
-6.4163
-1.9562
1.1672
-0.9524
1.2322
3.1836
3.5225
2.4731
0.31805
-1.9275
-2.9404
-0.022927
-1.5867
-1.8213
-0.40429
-4.4049
-20.76
7.8804
7.9097
4.4213
8.9712
4.453
5.2334
0.59535
-1.3005
3.6598
5.7091
19.641
-0.45127
4.7962
4.0619
-3.1102
1.3353
2.8309
-1.7154
-1.6555
-3.1861
-5.4539
4.0715
1.0348
3.8321
5.8241
0.55677
2.1492
4.5497
-6.2821
8.7226
6.6691
13.661
-24.384
31.415
-8.8481
-23.974
-13.759
-15.149
5.9446
-3.8829
3.4264
3.6232
4.6803
-3.8985
-1.8405
-0.2557
-2.491
1.013
0.51595
3.4182
-5.9296
-1.6061
3.0358
0.73921
-0.21316
-3.144
-5.7783
-6.1925
0.14413
1.1164
-0.10191
0.30148
-5.0767
-3.3139
-2.7505
2.6895
-1.5772
-6.0231
-2.9095
-3.8874
2.3795
2.3498
1.6233
1.568
2.4798
2.2797
0.80714
-1.1117
-7.7053
-3.6137
5.4855
0.67476
-13.521
-2.3189
-3.7813
9.0304
3.0051
6.3905
1.7314
3.7204
4.6896
-0.21366
8.9861
8.2358
6.7965
7.8798
2.4275
1.4628
-3.294
2.7991
2.834
-1.4751
-2.1631
-1.1019
-2.5999
-0.56715
1.9983
2.948
3.3729
3.2585
1.4317
-0.94094
5.8557
5.4795
0.41798
-10.235
1.9679
6.0907
-23.99
-9.3828
-5.0207
8.4675
7.2605
-1.9182
1.3809
-0.096011
-2.1405
-1.741
1.5707
4.8772
-1.1023
-0.4308
-1.4211
-1.1992
-1.3832
1.9915
1.5583
1.6345
-2.6518
-0.91173
-2.4947
0.52917
4.5737
3.5223
-2.9217
-2.3061
-3.5449
-2.8239
-1.7176
-1.9903
-1.2724
2.9679
-0.82623
-0.65802
-5.4087
0.27284
-0.062603
-1.4326
-0.58578
2.1363
-0.29864
-0.088053
1.7881
1.6385
2.8116
-1.5579
4.9366
0.78843
2.9149
3.1203
2.9371
1.5838
0.26128
-0.4302
-0.16926
0.076232
0.99215
-4.0473
-2.16
0.58816
-0.55356
-2.2594
-3.4616
0.45268
0.29735
-0.35544
-0.95566
-0.93075
-1.0088
-1.3671
-1.7502
-1.2592
-1.1763
-1.2744
-1.1567
-1.2369
-1.0811
-0.99511
-0.7132
-0.63064
-0.3516
-0.66147
-0.37339
-0.43482
-0.62097
-0.6157
0.026972
-0.21169
0.121
0.20303
0.15021
0.29176
0.26842
0.37401
0.49609
0.6011
0.61813
0.62732
0.52609
0.28425
0.13291
0.11454
0.028908
0.012978
0.2854
0.35754
0.28407
0.13052
0.030239
-0.051238
-0.42938
-0.45247
-0.41018
-0.33836
-0.21183
-0.28227
-0.20303
-0.27108
-0.39042
-0.55034
-0.63907
-0.65769
-0.58591
-0.42506
-0.35579
-0.32878
-0.30066
-0.4414
-0.40206
-0.22175
-0.062087
-0.17327
-0.045514
-0.13789
-0.21962
-0.28088
-0.13365
-0.1754
0.0044476
0.12628
0.093483
0.059307
-0.011347
-0.039414
-0.13433
-0.10208
-0.095586
-0.038601
-0.085143
-0.091456
-0.13216
-0.13692
-0.20687
-0.24807
-0.24773
-0.24229
-0.26808
-0.26818
-0.25454
-0.21586
-0.20333
-0.25414
-0.24916
-0.21648
-0.17062
-0.18991
-0.22742
-0.19542
-0.22187
-0.20646
-0.15134
-0.13651
-0.1209
-0.11437
-0.099959
-0.10294
-0.042851
0.043247
-0.13247
-0.18642
-0.33974
-0.4394
-0.51628
-0.50584
-0.39182
-0.25007
-0.26795
-0.21387
0.012742
-0.00056482
-0.05718
-0.14863
-0.24478
-0.087545
-0.19899
-0.21746
-0.15756
0.46429
-0.037239
0.19234
0.13936
-0.39833
-0.3762
-0.19082
-0.17699
-0.036159
-0.047229
0.061098
-0.031897
-0.77526
-0.30147
0.07424
0.12136
-0.26696
-0.23385
-0.2403
-0.33096
-0.1725
-0.17904
-0.14948
-0.067738
-0.11031
-0.17239
-0.14616
-0.095584
-0.2194
-0.2039
-0.15795
-0.15646
-0.18185
-0.20316
-0.25996
-0.22252
-0.13312
-0.11643
-0.1759
-0.18328
-0.14358
-0.15285
-0.12895
-0.16029
-0.17377
-0.16738
-0.15612
-0.13889
-0.15473
-0.098032
-0.13616
-0.15223
-0.12928
-0.17623
-0.14289
-0.11419
-0.11466
-0.1418
-0.14975
-0.16721
-0.16702
-0.16286
-0.16381
-0.14167
-0.14157
-0.12856
-0.12037
-0.14188
-0.11305
-0.10354
-0.070038
-0.060708
-0.16175
-0.17524
-0.24811
-0.23675
-0.25983
-0.25772
-0.26468
-0.26073
-0.2339
-0.21988
-0.21212
-0.22025
-0.1851
-0.15706
-0.1375
-0.11937
-0.17502
-0.14525
-0.12078
-0.12208
-0.16349
-0.12422
-0.1048
-0.13152
-0.14004
-0.16058
-0.16393
-0.14593
-0.13262
-0.1579
-0.131
-0.16489
-0.13651
-0.15692
-0.17155
-0.16845
-0.16497
-0.14384
-0.14377
-0.18042
-0.16973
-0.21352
-0.20172
-0.19142
-0.16155
-0.17226
-0.15077
-0.14212
-0.1476
-0.15675
-0.14274
-0.13977
-0.12344
-0.13177
-0.17462
-0.13505
-0.12639
-0.19363
-0.14884
-0.15409
-0.16489
-0.18172
-0.16767
-0.1753
-0.1527
-0.15572
-0.18534
-0.1664
-0.17535
-0.14132
-0.12695
-0.16823
-0.13336
-0.14158
-0.15125
-0.16019
-0.14992
-0.16564
-0.16113
-0.20572
-0.14388
-0.13071
-0.16562
-0.16422
-0.1449
-0.13778
-0.17618
-0.14561
-0.15575
-0.14448
-0.17494
-0.15335
-0.14318
-0.17378
-0.18452
-0.13913
-0.18222
-0.15977
-0.14733
-0.16488
-0.15545
-0.16211
-0.18236
-0.16446
-0.16327
-0.17655
-0.15595
-0.16308
-0.15626
-0.17322
-0.14842
-0.1841
-0.17553
-0.13049
-0.15452
-0.15083
-0.20466
-0.20079
-0.14254
-0.13873
-0.1479
-0.17392
-0.1666
-0.15927
-0.1573
-0.18567
-0.16656
-0.13785
-0.13961
-0.14825
-0.19467
-0.214
-0.17308
-0.14626
-0.1251
-0.15037
-0.16192
-0.1352
-0.14393
-0.14171
-0.14584
-0.17873
-0.18056
-0.20545
-0.19977
-0.16257
-0.19041
-0.18346
-0.16928
-0.15041
-0.141
-0.15719
-0.16451
-0.16908
-0.14043
-0.157
-0.15182
-0.13586
-0.13049
-0.15259
-0.15835
-0.49851
-0.016471
-0.12181
0.11942
-0.0088052
-0.015615
0.062591
-0.19326
-0.000639
-0.41764
-0.51121
-0.53411
-0.40591
-0.037255
-0.18755
0.21111
-0.14924
-0.10601
-0.18776
0.058721
-0.13613
-0.43548
-0.42129
-0.16398
-0.31734
-0.35047
-0.11313
-0.36754
-0.30508
0.16704
-11.695
3.9572
-5.4399
5.6774
1.5629
9.1769
0.77176
-11.16
-2.3393
-1.8218
7.0833
-15.906
-5.0193
-10.646
-1.9241
-5.7135
5.911
3.9497
-1.5735
9.8534
-11.586
3.7014
2.5265
-0.74734
-1.2358
-2.7619
8.764
1.179
1.6084
-0.031603
2.6324
5.9909
-6.0854
1.3671
1.3156
-5.3192
-8.7858
1.4349
-3.3531
1.2685
4.9936
3.1043
-6.747
1.5603
0.65985
0.1502
8.2002
9.5757
0.30845
6.8037
6.1261
-3.9271
-8.3367
-7.6415
-4.713
1.6865
1.0014
-0.23603
1.0644
0.65754
0.24034
-0.51513
0.23053
0.22113
1.5385
5.3331
-6.3565
-8.6804
12.682
-3.6304
-0.20245
-1.7053
3.1509
3.8856
6.2677
1.1993
1.1454
0.333
0.84913
0.91288
0.32321
-0.13339
-1.454
-2.5395
-2.0125
-2.8138
-5.2146
-5.852
-1.4685
20.672
3.3126
3.1112
4.2246
0.9414
-1.5221
-7.5851
-9.3527
-10.531
-5.2785
-5.6751
-2.0996
12.691
-4.8105
-1.6533
1.8418
3.5024
0.32242
4.4461
1.5221
0.026924
-0.46366
0.32976
2.0169
7.5205
0.47483
-0.064882
-4.4101
-5.7509
3.2435
-1.2046
-1.2459
-0.94989
-3.5931
1.9478
-3.1042
-3.3318
-3.539
-0.02647
3.3968
3.2578
1.4167
6.3708
2.3052
-3.1473
-1.2638
-4.7524
-5.7668
-0.62801
-1.5993
0.45347
1.861
2.4943
2.7648
1.8761
0.63371
-1.1168
-2.439
-1.3505
-0.35918
1.9532
1.4261
-0.4054
-4.1753
-2.6465
0.86519
2.3559
1.2698
0.81431
-0.86865
-0.91356
0.17178
0.48261
-0.061219
-0.66206
-0.097427
-0.77841
0.054383
-0.057892
-0.29973
-0.2178
-2.8338
-10.653
-8.5638
16.016
-6.9587
-7.6537
-1.7017
-0.75509
-9.9692
-3.4635
-2.7251
-4.2136
-0.20077
6.0478
6.8294
4.2273
-4.2135
5.4954
2.8052
2.1208
2.9555
1.0722
8.7816
12.899
4.3401
4.2853
1.6058
4.1399
2.4511
1.4139
0.98531
0.68412
-0.31928
0.54944
-0.38346
-4.5566
0.42181
2.5206
5.1968
3.6278
2.5263
-5.625
1.9333
1.7585
-5.4296
-4.2928
-3.3889
-0.62818
-9.4096
-1.7748
-0.94947
2.2333
2.4475
2.4577
2.6302
0.18128
0.3949
-0.52869
0.81579
0.23706
0.05611
-1.8918
0.14711
-2.3782
2.6546
0.32207
-0.91892
-1.0038
0.4593
0.92427
-0.3732
-0.97452
-1.2117
-1.1165
-1.0204
-0.24599
0.37152
0.17474
-0.25661
-0.4491
-0.68183
-0.83499
-2.0566
-2.6155
-2.0358
-1.8911
-2.8148
8.962
8.9599
-10.14
6.9878
-0.099811
-4.1687
-4.4366
1.5123
2.6524
-0.94574
2.0749
6.0322
5.1901
4.3941
-5.9692
11.081
11.927
3.7579
3.8186
-7.7916
0.83931
3.3171
0.08703
1.4372
2.8668
3.2153
6.0136
3.1563
3.0618
2.2267
-1.6915
-2.9578
-2.5116
-0.49272
-0.99768
6.4547
1.4412
-7.8623
5.8181
1.8338
-1.7392
-0.88883
2.1162
2.4788
0.41182
-0.96536
-0.83647
-0.64035
-0.58269
-0.62208
-0.62948
-0.41738
1.2448
2.1086
1.8351
0.58256
-3.0002
-3.1643
-0.62805
-2.4994
-7.2464
1.7064
-2.3613
1.5381
5.8588
2.9389
-3.2386
1.7207
5.6458
3.1286
1.8162
-2.3571
-2.8679
-1.4248
0.051366
0.9223
0.93789
0.38251
-0.31138
-0.06378
0.28982
0.24029
0.053489
-0.26233
-0.6466
-0.82499
-0.85654
-0.65917
-0.19228
0.45676
0.80156
0.78735
0.30877
-0.31543
-0.83185
-1.0099
-1.004
-0.81821
-0.47965
-0.21095
-0.042796
0.38998
0.012891
-0.888
-0.94247
-0.96617
-0.97607
-1.0502
-0.39892
-0.0025277
0.56262
0.50201
0.51638
0.33297
0.80655
0.028788
0.75289
1.0805
0.45253
1.1951
0.91784
0.76537
0.73412
0.81226
0.88941
0.87347
0.8315
0.67304
0.49297
0.39661
0.40439
0.37187
0.29619
0.17975
-0.02715
-0.20754
-0.26095
-0.36615
-0.53512
-0.73285
-0.83588
-0.8702
-0.85948
-0.76759
-0.65582
-0.57653
-0.55274
-0.54611
-0.47654
-0.3744
-0.16091
0.073753
0.29191
0.45691
0.44353
0.37039
0.53856
0.78295
0.77861
0.74974
0.66726
0.60396
0.45912
0.32331
0.26654
0.28586
0.19717
0.089662
-8.2488e-05
-0.15734
-0.18916
-0.21692
-0.24869
-0.27722
-0.2613
-0.27009
-0.29219
-0.27525
-0.21361
-0.24151
-0.17052
-0.12496
-0.059597
0.046379
0.17136
0.17115
0.25868
0.24179
0.31342
0.32931
0.3115
0.28476
0.23621
0.20067
0.1745
0.25406
0.19999
0.20385
0.12537
0.093738
0.047708
0.0068506
-0.042
-0.11373
-0.17352
-0.1796
-0.18097
-0.18769
-0.15815
-0.14022
-0.087865
-0.063883
-0.030764
-0.0031985
0.081361
0.13174
0.1938
0.25543
0.28762
0.2623
0.30235
0.24584
0.20152
0.12761
0.071721
0.018768
-0.0098445
-0.029458
-0.095361
-0.15016
-0.19687
-0.16006
-0.15513
-0.19911
-0.082987
-0.042727
0.045731
0.11878
0.17889
0.19356
0.18366
0.21252
0.22532
0.24794
0.17272
0.18414
0.11096
0.15035
-0.0021617
-0.11374
-0.05289
-0.050502
-0.048662
-0.049488
-0.050634
-0.0010447
-0.010733
-0.001318
0.011816
0.11952
0.13069
0.16941
0.2383
0.20727
0.17591
0.15086
0.080999
0.069994
0.02097
-0.037066
-0.021992
0.013472
0.00514
-0.028591
-0.060049
0.0029085
0.017185
-0.017112
0.041671
0.05974
0.086587
0.10585
0.12361
0.066677
0.09001
0.10095
0.082529
0.099879
0.073657
0.039261
0.075687
0.069845
0.078546
0.11523
0.06136
0.050182
0.053631
-0.027797
-0.02358
0.035376
0.044633
0.03527
0.025499
0.014
-0.019909
0.021853
0.042994
0.03697
0.036779
0.065149
0.052755
0.063861
0.075947
0.049016
0.27231
-0.077931
0.16741
-0.056703
0.044783
-0.22156
-0.049756
-0.15512
0.03148
-0.33739
-0.009778
0.046078
-0.12932
-0.16169
-0.095375
-0.14124
0.17213
0.0026296
-0.097829
-0.057247
-0.28702
-0.37146
-0.8236
0.38075
0.878
0.17389
1.1554
-0.19813
0.62452
0.35031
-0.20425
-0.32925
-0.74114
-0.21218
-0.028581
0.30805
0.33432
0.42923
0.75942
0.63715
-0.32742
0.058346
1.109
1.162
-0.48196
-1.0526
-1.0562
1.0496
-0.61611
-0.15075
0.51968
0.20065
-0.27477
0.76045
1.6802
0.46992
-0.25423
1.3021
0.81516
-2.0957
-3.0032
-1.5309
-1.5561
-2.2064
-2.2319
-1.5888
-0.91496
-0.096562
-0.1596
-0.78502
-1.026
-0.54802
-0.15762
0.029236
-0.39884
1.3823
2.0511
2.0828
1.4865
1.0777
-0.061835
-1.6149
-3.044
-13.086
1.628
5.1286
4.3098
-10.395
3.6669
3.3818
2.7344
-2.873
-3.633
5.8294
-12.838
-14.025
21.259
-1.5349
1.2778
0.67322
2.7241
-0.26378
3.8721
-1.4184
-3.319
-0.25986
3.119
4.8027
2.856
4.6732
4.1066
-3.723
3.5399
1.5114
-3.0871
-1.1783
-2.892
5.4431
0.029908
1.265
0.090398
0.36116
0.74515
-4.4208
-12.025
3.0695
4.4663
2.6988
0.13685
-0.64902
0.40075
0.65923
-0.71265
-1.143
0.004993
1.0908
1.6753
2.2318
0.94378
-0.951
2.6437
3.6417
-0.55599
-0.31075
7.8665
-6.7692
-7.2202
5.6956
-2.8537
0.7823
1.0017
-1.4942
-3.7782
-0.60169
-1.1327
-0.30948
0.97683
1.5958
0.98045
0.62931
0.5015
0.178
-0.044641
-1.0852
0.00058029
-0.61402
-1.7203
-8.3015
0.8124
2.6351
6.5427
3.3472
5.3896
0.87467
0.45664
-1.2908
-5.0439
-10.125
14.759
4.3661
1.1044
3.8096
5.4567
3.9483
-0.38622
-2.8022
-0.43911
1.6587
1.1052
0.55653
1.7574
0.96141
5.2126
1.123
0.81071
-1.4966
-5.858
7.3488
-5.7628
-6.169
-8.2398
-4.7355
2.8551
-0.95175
-4.1432
1.3406
-2.4839
-0.74743
1.7919
3.5644
5.493
5.7052
3.4162
-2.3179
-4.0439
-2.5407
0.62361
-2.0628
-1.6869
0.34039
1.8788
2.64
4.8972
-18.106
-11.588
8.0726
-10.553
-2.2375
-16.427
-15.514
11.089
0.86212
-2.5543
-0.38541
-1.2044
-1.6757
-4.5666
-1.6226
-2.3258
-2.6829
-2.2475
-0.46336
0.81026
0.1254
-0.38046
0.9971
0.30824
-0.060416
-0.085634
-1.9697
-1.5051
2.0481
0.48768
18.327
18.651
4.2334
-3.0073
5.7209
0.24045
-9.1132
-0.61179
2.719
-3.6
-0.42144
2.7235
4.6479
7.4561
1.7247
0.87384
0.90404
0.89085
-0.013482
-1.0108
1.1563
2.1054
0.98913
1.6394
4.8506
1.3504
8.6509
-6.5619
-2.3558
-2.8923
-1.1606
-10.321
-6.0055
1.8278
-6.3024
-6.4772
-6.5511
-4.3357
4.1558
-5.5315
1.3708
1.8896
4.0453
5.5791
2.8596
-0.87414
-1.8622
-0.55931
-0.69462
-1.5829
-0.84618
2.4524
-6.3945
-9.1052
-3.0769
-5.2032
-6.3603
-0.4698
-3.3675
-3.5431
1.366
6.1415
2.008
-0.43007
-3.3248
-3.0949
-0.4195
-1.5986
-2.1704
-2.9888
-2.3224
-1.5481
-1.6972
-0.74212
0.28283
0.80103
1.0317
0.93141
1.0236
0.46591
1.5452
1.4726
1.7049
1.8939
1.5499
1.473
1.4169
1.0504
0.62631
1.1193
0.89928
0.95897
1.4991
1.0865
0.98665
0.55865
0.58373
0.48953
0.85397
0.87197
0.65998
0.5117
1.2658
-1.2898
-2.1978
-1.2081
-1.0368
-1.4908
0.2088
-0.91722
-0.66288
-0.32738
0.50677
0.67193
0.63175
0.29765
0.14544
-0.35007
-0.69813
-0.45659
-0.41834
-0.53678
-0.47915
-0.31416
-0.23697
-0.15639
0.081166
0.29983
0.38347
0.38552
0.31108
0.17613
-0.056829
-0.36774
-0.74225
-1.0531
-1.2225
-0.99854
-0.7654
-0.52083
-0.34276
-0.16919
-0.049384
0.036846
0.1605
0.32904
0.53257
0.80749
1.0277
1.1473
1.1074
0.95613
0.79656
0.51933
0.43588
0.32282
0.22484
0.20243
0.28719
0.20029
0.22116
0.15382
0.076384
-0.036594
-0.15421
-0.28852
-0.47567
-0.56011
-0.6109
-0.56572
-0.48271
-0.42154
-0.38021
-0.36375
-0.38421
-0.35961
-0.22543
-0.13861
-0.015912
0.063545
0.17042
0.20869
0.25263
0.29412
0.29703
0.30308
0.37894
0.43897
0.49496
0.37873
0.16152
-0.071913
-0.17647
-0.15203
-0.042553
-0.013149
-0.029527
-0.092328
-0.21395
-0.30422
-0.30173
-0.27746
-0.068265
0.060918
0.13159
0.13725
0.091095
0.016608
0.039577
0.070965
0.098901
0.119
0.072826
0.010955
-0.020748
-0.0021003
0.063032
0.090849
0.12182
0.10274
0.028917
-0.013831
-0.034645
-0.024673
0.020723
0.019333
-0.037997
-0.061071
-0.091255
-0.092192
-0.071801
-0.047083
-0.0097735
-0.00010891
0.077789
0.031372
0.066546
0.11233
0.1453
0.1357
0.12672
0.11518
0.10377
0.06414
0.066097
0.016098
-0.020226
-0.018714
-0.036368
-0.039363
-0.047109
-0.076868
-0.098099
-0.13615
-0.062484
-0.018492
-0.020687
-0.019307
-0.010828
-0.026114
0.01423
0.0070681
0.033188
0.019914
0.013033
0.034566
0.064715
0.096735
0.049752
0.020854
-0.013379
-0.0091304
0.024523
-0.012532
0.011865
-0.019629
-0.023436
-0.049145
-0.075217
-0.029779
0.015443
0.054974
0.065046
0.088441
0.12385
0.084937
0.087374
0.057459
0.02541
0.0089737
-0.017152
0.030714
0.00016842
-0.013166
-0.023493
-0.050443
-0.041689
-0.067262
-0.093905
0.03766
0.0059974
0.0063024
0.021302
0.026723
0.028219
0.055244
0.067881
0.05387
0.053642
0.072947
0.036183
0.025131
0.00073015
0.018547
-0.047474
-0.047006
-0.04154
-0.046958
-0.037226
-0.021868
0.031073
0.023184
0.015226
0.0052824
0.029628
0.02699
0.02334
0.019148
0.041801
0.040895
0.027245
0.019106
0.0016026
0.035339
0.0134
0.0069572
0.0015337
0.0087734
0.012906
0.0073976
0.011222
-0.0090138
-0.028223
-0.0078503
-0.0072536
-0.00088931
-0.014022
-0.027693
0.0025504
-0.015546
0.013474
0.034998
0.056466
0.060823
0.099357
0.074929
0.048014
0.063485
0.014597
0.016893
0.025311
0.064136
0.11702
0.23416
0.20678
0.125
-0.013977
-0.068243
-0.075937
-0.097152
-0.10111
-0.13419
-0.094419
-0.084812
-0.017634
-0.045224
-0.026068
-0.14361
-0.14314
-0.12249
-0.013881
0.33233
0.49437
0.55529
0.51454
0.43985
-0.34256
1.5027
-2.9255
11.676
-0.22142
-0.43703
-1.4386
-1.7994
2.4654
-4.9662
-2.7813
2.9052
-8.1897
-5.8716
-0.48514
-1.1477
-7.71
5.3131
-0.86282
1.7813
1.9889
1.8085
2.0373
1.1879
0.47868
0.10311
0.20056
0.33895
0.47685
1.2127
1.7807
0.86408
1.6789
-0.16656
-0.022478
4.0605
0.34759
0.01095
0.28537
1.2654
3.3198
4.387
4.2679
2.028
-0.076796
-0.77303
-2.7867
-3.8435
-2.4117
-1.4016
-1.1495
-0.35327
0.8655
1.5258
-0.84616
-0.14811
-10.098
0.28344
-2.0406
-1.1753
-4.128
-4.316
-3.5921
-3.3926
-1.4115
-0.76198
-0.17869
1.8683
4.2016
4.3147
4.1275
2.7547
1.8887
1.098
5.5322
10.868
6.6594
-3.2627
4.6431
6.0626
-5.607
-8.5656
-4.1338
-4.2122
3.9499
-7.4469
3.8981
5.1455
4.1109
1.415
1.9744
2.8336
1.6678
0.56723
0.30874
-0.057047
-0.89955
-1.4582
-3.1959
-1.9972
0.086658
-4.8775
3.8112
3.7254
-2.8885
0.87888
2.5165
2.7914
1.4147
2.1045
3.0678
3.3746
2.1629
1.0806
0.44479
-1.3267
-3.7164
-4.0744
-1.9141
-0.63588
-0.069696
0.43018
0.20046
0.25305
1.4855
1.3081
-0.32924
-2.803
-3.0429
-3.6369
-3.2368
-2.5494
-2.6953
-1.9658
-1.2835
-1.2208
0.04259
2.4054
4.0424
4.1423
3.7611
1.7893
1.4397
2.7057
5.0223
9.1674
4.3262
-4.7734
-2.5988
-5.5123
-3.3238
-2.536
3.019
3.3338
-2.6907
-18.514
10.449
4.4161
4.9835
-1.6113
0.48295
1.2363
2.6539
2.5811
0.65926
-0.92566
-0.69847
0.53354
0.79221
0.40365
0.2777
1.1468
-4.262
-4.2995
3.3633
-0.38856
1.0675
0.42308
-0.50103
-0.021476
1.0473
1.6853
1.1437
0.078364
-0.12983
0.44689
-0.42501
-1.8062
-1.8197
-0.54229
-0.35441
-0.5382
0.48856
1.1776
1.0593
0.81862
1.1255
0.63706
-0.50854
-1.3596
-9.1391
-5.7002
-0.84588
-2.5591
-2.4291
-3.2955
-3.0163
-2.8744
-2.0252
-1.026
-0.3239
1.1648
3.0566
3.3713
3.1646
2.9269
1.7569
0.3836
0.84112
1.6074
3.1141
10.875
10.712
-1.3924
-1.957
4.7803
-4.7066
-7.2125
-10.015
-8.3584
-8.8046
-3.8748
-4.8061
1.7167
-5.8046
-6.2045
-9.0172
14.816
-4.5323
-4.5463
1.2498
2.4765
3.367
1.855
-0.25168
-0.65942
-0.0078611
-0.025364
-0.31774
-0.1599
0.45048
1.7939
-4.4113
-4.41
-1.4832
4.0001
2.4735
-3.8343
-0.5081
-0.12209
0.2137
5.9214
-1.5465
0.52244
2.894
3.5276
2.0383
0.32137
-0.75562
-1.4445
-1.2219
-2.4672
-1.8401
-0.72085
0.07614
0.75691
1.369
0.82725
0.12184
0.52089
1.0111
0.31586
-0.13961
0.00888
-0.91875
-2.9528
-3.7079
-1.5292
-1.7993
-3.5618
-2.4825
-2.0911
-1.7579
-0.84292
-0.38142
0.84158
2.5406
3.837
3.881
3.0602
1.8202
0.70866
0.30721
0.6463
1.0118
6.8669
1.4299
2.6364
7.4675
3.8165
-7.1998
-7.3469
-7.0194
-6.2534
-0.96556
-4.8405
3.3361
4.1782
2.7502
4.309
-21.747
16.484
20.452
-2.4067
0.59431
2.761
2.9685
2.2218
-0.15238
-1.1529
-0.31252
0.33122
0.055094
0.27608
0.25245
0.43266
0.21829
0.27008
0.14238
0.65535
0.22877
-1.5095
-2.6471
0.46531
-0.63737
4.4199
-1.4379
-0.19987
2.4548
3.7823
2.9137
0.58106
-1.1819
-1.4619
-0.43633
-2.1595
-1.5992
-0.94201
-0.76628
-0.2136
0.61718
0.51298
0.31042
0.33507
1.4282
1.3103
0.37427
-0.30629
1.4782
2.5449
-2.4386
-2.8873
-2.81
-2.8594
-2.5712
-2.0389
-1.9708
-1.0072
0.23443
2.0534
3.3269
3.7688
2.5221
3.1494
0.26838
-0.70578
0.19049
1.5208
3.0031
10.048
0.095707
0.78121
-7.1061
2.4824
-9.0623
-1.9755
-9.1824
-4.772
2.0199
-0.67551
1.6917
2.2666
2.3984
-18.134
8.7843
-2.3105
-2.5267
-0.8101
2.2691
2.8434
1.768
1.4966
-0.51354
-1.0328
-0.39753
-0.62887
0.10589
0.79424
0.61468
0.76695
-2.0397
1.6569
1.3443
0.44592
-2.6932
-3.1394
1.4924
0.48821
-2.1088
-1.2808
-0.2511
1.577
3.4604
3.4983
1.1936
-1.3973
-1.9401
-1.8477
-2.2138
-1.7015
-0.93266
-0.37726
0.12248
0.8999
1.2976
0.59385
0.26335
1.062
0.99626
-0.038731
-0.60245
0.024449
-2.701
-3.7442
-2.7015
-3.1636
-2.4736
-2.3843
-2.0242
-1.7398
-1.3577
-1.0234
-0.25618
1.1106
2.6731
3.7727
3.8137
3.1777
1.2486
0.35726
2.2315
6.3217
6.8284
-0.62291
-2.9961
0.83327
9.469
7.6755
-6.7906
-7.1495
-3.5292
-6.289
-3.2837
0.37028
3.3449
-4.5689
-5.4108
24.568
23.872
-3.6366
-3.1484
-0.53298
1.7797
3.2383
3.0953
1.1277
-0.24945
-0.19881
-0.36749
-0.70089
-0.18779
0.066515
0.61425
0.68425
-0.54378
-4.0702
2.6646
-0.41968
-2.9821
-1.2638
1.3346
-1.5439
-1.7249
3.6747
-0.50212
0.39052
2.6015
4.1267
2.5971
-0.74871
-2.2366
-1.4216
-1.464
-3.6762
-2.2424
-0.047097
0.54656
-0.06693
0.82393
1.5616
0.46662
0.18132
1.3812
0.91233
-0.92366
-1.2238
-2.5808
1.1657
-4.8222
-4.773
-2.6212
-3.0661
-1.9835
-1.3354
-1.3996
-1.1532
-0.3589
0.9325
2.3144
3.6513
3.8409
3.1199
2.1354
0.8877
0.10371
0.88194
1.0743
2.687
1.1538
5.6013
5.8337
4.3177
0.4644
-12.061
-4.2158
-0.80354
0.59381
0.28239
10.037
-4.081
-1.4358
-7.3005
26.633
0.61992
1.7304
1.7068
0.31576
2.3759
2.8211
1.3721
-0.062995
-0.75747
-0.15903
-0.10319
0.069255
0.44131
0.78634
0.42526
-0.51167
-0.50632
1.6229
-2.0894
-0.24987
0.37034
1.6166
-2.9692
6.8901
-0.54665
-1.5453
0.016031
2.4312
3.9411
2.9174
0.39462
-1.7558
-1.973
-1.6887
-2.2248
-1.7082
-0.42214
0.006027
-0.29907
0.14572
0.69925
0.71563
0.92852
1.3145
0.8137
-0.89876
-3.6221
3.2708
-0.81769
-3.0744
-3.2748
-2.8429
-2.5497
-1.8634
-1.1958
-1.4123
-1.4871
-0.99981
0.31078
1.9753
3.2856
3.6055
2.8259
1.944
0.225
-0.35083
2.5369
2.1052
-3.0727
-2.2081
8.269
2.848
-4.3921
-5.8205
-4.0064
-4.6875
0.9385
2.802
4.096
5.646
6.3545
-1.8098
-6.2768
13.585
-1.8422
-0.0075347
2.2976
4.8228
4.5172
1.5747
0.4367
0.75568
-0.65262
0.79526
1.2679
1.2002
0.74797
0.35948
0.46511
2.2121
-1.0884
0.20928
-1.0154
-0.93364
-1.7141
-1.6502
-1.4459
-0.96478
-1.1416
-0.56357
-0.63777
-0.65034
-0.59814
0.016109
0.69414
0.038742
-0.21272
-0.27425
-0.25236
-0.15285
0.085605
-0.070009
-0.52541
-0.6304
-0.43159
-0.27896
-0.067388
0.46574
0.91563
1.117
1.2568
1.0203
0.62251
0.55246
0.69064
0.64949
0.23118
-0.31647
-0.78984
-0.90548
-0.98085
-0.87876
-0.545
-0.18642
0.1177
0.2013
0.26759
0.20682
0.16412
0.17598
0.23816
0.25062
0.28119
0.33165
0.37844
0.34429
0.33671
0.34563
0.33215
0.30069
0.27771
0.23307
0.14781
0.09135
0.010856
0.014288
0.0017574
-0.051766
-0.090602
-0.08414
-0.13751
-0.1564
-0.15133
-0.11533
-0.048023
0.018342
-0.0023131
0.031662
0.024867
-0.014416
-0.0051506
0.11879
0.23691
0.22721
0.10656
0.017001
-0.024596
-0.030086
0.073717
0.15379
0.19827
0.17159
0.15833
0.17646
0.34403
0.30939
0.11042
-0.086249
-0.16355
-0.1165
-0.10546
-0.015
0.068115
0.062299
0.025291
-0.028313
-0.044504
0.10554
0.27057
0.1982
0.0024251
-0.10034
-0.079322
0.021038
0.13097
0.14796
0.16422
0.20859
0.2529
0.2083
0.12416
0.073922
0.06107
0.050827
0.049757
0.0066712
-0.014384
-0.01039
-0.0086761
0.015427
-0.013338
0.0043136
0.046398
0.0017536
-0.010978
0.037234
0.064389
0.083476
0.1032
0.17184
0.17803
0.16752
0.12391
0.10251
0.0875
0.11009
0.10586
0.085422
0.068883
0.078941
0.073068
0.065416
0.045817
0.0056723
-0.019358
-0.022569
-0.017561
-0.0044296
0.044003
0.07422
0.10139
0.11461
0.079072
0.07242
0.043554
0.058946
0.081283
0.087
0.16237
0.16709
0.26924
0.19835
0.03355
-0.097965
-0.10319
-0.020323
0.080273
0.082438
0.11569
0.14342
0.13994
0.094418
0.049436
0.030183
0.049891
0.043233
0.014574
-0.0033821
-0.0093821
0.065445
0.12402
0.13614
0.11362
0.069051
0.045019
0.055355
0.033394
0.022028
0.064582
0.11127
0.13929
0.090192
0.019688
0.038105
0.1162
0.20436
0.13732
0.01433
-0.062926
-0.001979
0.08083
0.11135
0.10489
0.081592
0.030117
0.013245
0.049339
0.07767
0.088133
0.083644
0.082021
0.070004
0.028695
0.066737
0.12679
0.14629
0.10614
0.063046
0.016318
0.0034664
0.042171
0.084744
0.070633
0.071902
0.056051
0.05242
0.043337
0.071145
0.074423
0.066782
0.094431
0.063607
0.061067
0.069769
0.086561
0.083213
0.079203
0.087276
0.065842
0.065213
0.070335
0.078626
0.068069
0.069821
0.034019
0.051401
0.037539
0.048203
0.055909
0.081713
0.080402
0.047789
0.10652
0.088669
0.071181
0.065131
0.095343
0.068336
0.075601
0.059546
0.05654
0.063902
0.061077
0.056819
0.036231
0.066788
0.054596
0.061024
0.056259
0.072417
0.076868
0.092339
0.071161
0.056238
0.051106
0.039283
0.071775
0.08488
0.092293
0.073955
0.085253
0.059325
0.063582
0.069739
0.053583
0.063546
0.058218
0.056274
0.056598
0.036134
0.015151
0.030361
0.074309
0.075862
0.056459
0.078136
0.051705
0.086425
0.1004
0.079498
0.07914
0.086858
0.075028
0.082548
0.091923
0.089406
0.082772
0.096226
0.074027
0.080208
0.059732
0.07346
0.042418
0.033891
0.037941
0.047967
0.056011
0.022687
0.072038
0.098569
0.090001
0.089732
0.094608
0.079762
0.084384
0.082222
0.0622
0.064193
0.052414
0.077386
0.074903
0.048492
0.047195
0.065743
0.052116
0.089802
0.072186
0.10218
0.084367
0.078175
0.096344
0.078765
0.036607
0.0058895
0.038807
0.048934
0.064384
0.054901
0.044752
0.017022
0.037478
0.051238
0.04436
0.046707
0.062198
0.091082
0.073533
0.058367
0.061965
0.069758
0.091732
0.072561
0.087245
0.073044
0.072759
0.072767
0.056953
0.099151
0.088744
0.17372
-0.001135
0.068645
0.095479
0.16369
0.23836
0.2476
0.22266
0.25202
0.18671
0.081298
0.039396
0.14605
0.34683
0.33255
0.39784
0.38904
-0.17722
-0.56961
-0.32215
0.040165
-0.04259
-0.40499
-0.45691
-0.19073
-0.023135
0.49413
0.91144
0.16946
-1.021
-0.96992
-0.60303
-0.87482
-1.6179
-0.54076
0.79989
-0.11644
-1.2449
-0.62627
0.15961
0.0006331
0.1957
0.67755
0.98914
0.99256
-0.9599
-10.249
-14.912
-0.024293
4.4404
4.1366
5.4354
4.304
2.2573
6.5241
14.256
1.6678
1.1423
-0.28013
0.51956
2.6548
2.0693
-0.10427
-0.86371
-0.38611
-0.71558
-0.44222
-1.0902
-0.70869
-0.65944
5.4607
21.605
11.788
10.932
-8.7743
-5.1862
-12.784
-13.684
-11.648
2.2387
5.4651
1.954
3.2795
-2.9562
-1.7085
0.36113
1.2139
3.6411
2.8717
2.3894
-1.9122
-1.5553
-0.17235
0.10174
-1.9464
-0.79518
0.027952
1.1348
1.5476
1.4506
1.3685
0.69209
-1.8454
-2.8684
-0.88355
-3.5302
-1.9798
0.35087
-3.4488
-5.3161
-5.6948
-4.5254
-2.9542
-0.84516
-0.28524
-0.91751
-0.17656
2.4166
3.3368
2.4131
0.80826
-0.97498
-1.9384
-1.1468
-2.1573
-3.0163
-1.4172
-11.02
-8.6333
2.6568
-0.089572
-15.204
0.17553
8.2639
13.598
4.7486
2.8231
6.0911
7.6634
6.9258
10.057
9.2796
5.1848
1.256
-0.8261
2.6822
2.8091
2.3013
1.1879
1.2846
1.6159
4.0092
13.474
-1.134
-1.681
1.6154
9.6723
13.957
15.489
-4.9959
-4.782
-0.053552
-16.983
-18.778
-5.7208
-8.7315
10.031
6.747
-5.6923
-0.15141
-1.025
-2.0545
9.1434
4.5105
-6.4541
-2.782
-3.8915
-2.9434
-3.5077
-2.514
-1.2961
-1.1839
-1.1833
-1.5501
-1.7726
-3.1141
-2.4384
-1.1827
-0.29391
0.21612
-2.9526
-2.9692
-2.337
1.299
-5.9297
-1.3273
0.83662
1.1235
1.86
2.4487
2.7136
1.6059
-0.16475
-1.0166
-0.4044
-0.50266
-0.90982
-0.74164
-0.38838
-0.59642
0.51299
0.87176
-6.0831
-8.7071
-1.3836
10.143
9.6735
6.9318
-1.7474
-2.1557
-4.0298
8.4961
14.608
14.029
-2.4462
-13.318
-5.521
-0.59106
14.209
4.3084
-1.9253
-0.26707
-1.1563
0.79218
-0.12218
0.18031
0.56084
0.91767
2.0337
20.463
-1.4864
10.064
-14.312
-1.8606
-3.4543
-9.2268
-14.315
-3.9645
-0.038789
-1.1607
2.087
-0.99078
4.5496
0.047301
-2.8215
1.0475
3.7965
-0.058849
-1.3485
3.2438
-1.3734
-2.8855
-0.34281
-4.1963
0.86306
2.0612
1.6942
1.0436
0.56204
-0.98219
-2.3083
-1.9005
-0.98592
-1.8821
-1.158
0.22031
-0.47146
-3.3888
-1.8981
-0.51073
1.3809
0.46158
2.1378
3.4366
2.7825
1.2196
-0.43284
-4.3587
-0.82455
0.13955
-1.381
0.30733
2.0243
0.45624
-1.2633
2.6221
-8.0238
-17.233
-0.68951
5.5391
8.1116
1.5927
3.917
6.6426
-1.5167
8.0873
2.3305
0.093419
7.0105
3.1023
-0.91752
-4.4486
-0.92483
-1.7276
-0.32834
1.6167
2.1601
1.6724
1.7045
0.44436
-0.62311
0.0057555
0.42738
-0.41952
-0.27306
0.56357
1.2744
1.1334
1.524
2.0236
1.6693
0.35491
-0.60586
-1.1855
-1.7928
-2.1421
-2.0928
-2.0849
-1.7096
-2.0275
-2.2016
-2.0919
-1.658
-0.94676
-0.9567
-0.76771
-0.41897
-0.51853
-0.53289
-0.79666
-0.94551
-0.67917
-0.18317
0.016949
0.49721
0.84333
0.77453
0.45891
0.51316
0.70152
0.85981
1.1216
1.4254
1.6749
1.7258
1.4018
1.1923
1.012
0.89754
0.85606
0.75412
0.70126
0.60497
0.61799
0.56418
0.54825
0.47254
0.30463
0.13481
0.17896
0.19046
0.01865
-0.10701
-0.17099
-0.39515
-0.66683
-0.79829
-0.79108
-0.83551
-0.84067
-0.71946
-0.58606
-0.56135
-0.54983
-0.50159
-0.46746
-0.42403
-0.32236
-0.15291
-0.024369
0.097741
0.27234
0.38889
0.47777
0.49402
0.494
0.42046
0.28688
0.23439
0.16659
0.14901
0.18589
0.19746
0.21234
0.21925
0.23526
0.20392
0.15375
0.22173
0.19672
0.15552
0.077699
-0.0024393
-0.019716
-0.026681
-0.045012
0.00034654
-0.013937
-0.0334
-0.091567
-0.10284
-0.1147
-0.10637
-0.095886
-0.044561
-0.035364
-0.056155
-0.029048
-0.015366
0.035128
0.040729
0.097008
0.15053
0.17728
0.060079
0.040273
0.11196
0.1325
0.14606
0.15462
0.17944
0.13125
0.037202
0.025484
0.04237
0.053082
-0.0080106
0.055484
0.075363
0.03613
-0.021161
-0.038484
-0.039538
0.010321
0.038265
0.027215
0.047982
0.069225
0.089318
0.093513
0.096719
0.1006
0.10369
0.11623
0.11407
0.091392
0.090605
0.10694
0.096045
0.074541
0.070394
0.05419
0.023445
0.07334
0.05806
0.014039
0.010507
0.037439
0.046676
0.035186
0.026137
0.0052426
-0.021357
0.018788
0.034957
0.028212
0.05022
0.060858
0.094383
0.072679
0.083361
0.07646
0.036159
0.060524
0.057531
0.051686
0.041059
0.066454
0.089928
0.057232
0.027044
0.044556
0.0096327
0.037663
0.01871
0.027011
0.02432
0.035714
0.004701
0.023264
0.048862
0.036797
0.044825
0.057374
0.055328
0.068055
0.034211
0.060345
0.04837
0.045219
0.048643
0.036527
0.024638
0.046298
0.077875
0.063951
0.087663
0.052903
0.068713
0.065368
0.061857
0.065987
0.065995
0.10615
0.12434
0.096285
0.053108
0.067965
0.080304
0.073187
0.094891
0.052766
0.019425
0.028508
0.050477
0.046892
0.034396
0.035907
0.025329
0.021439
0.039682
0.032425
0.054311
0.069957
0.056297
0.048069
0.080143
0.10346
0.091397
0.10262
0.10646
0.074427
0.064302
0.074351
0.070358
0.048742
0.043644
0.031224
0.015575
0.03227
0.0013039
-0.027859
0.02043
0.042727
0.029943
0.029341
0.030047
0.025981
0.068294
0.083478
0.081088
0.052625
0.086319
0.078193
0.0659
0.078493
0.062593
0.043174
0.037906
0.08052
0.048508
0.054765
0.057226
0.063122
0.056521
0.033604
0.025195
0.016479
0.022551
0.072535
0.06046
0.03348
0.053341
0.049507
0.068163
0.040445
0.056656
0.059176
0.066071
0.088307
0.069947
0.077076
0.047563
0.036159
0.073487
0.040635
0.051112
0.031196
0.052807
0.049373
0.048134
0.040984
0.05239
0.045755
0.058795
0.067484
0.071062
0.040083
0.057926
0.059529
0.051119
0.061015
0.069769
0.067364
0.069945
0.045542
0.052629
0.044154
0.053321
0.067231
0.054001
0.044723
0.050808
0.04651
0.048262
0.026901
