0.028154
-0.027337
-0.068358
-0.02525
0.0002213
0.034614
0.033266
-0.086024
-0.0192
0.019212
0.018509
0.056068
-0.081084
-0.0012439
0.0057886
0.037338
-0.017173
-0.075298
-0.030903
0.023749
0.033252
0.04533
-0.054829
0.014152
0.026872
0.028712
-0.0098102
-0.10018
-0.01038
0.0098058
0.025507
0.030485
-0.060425
-0.0079102
0.02565
0.018052
0.035053
-0.08595
0.0009507
0.017139
0.026948
0.0021183
-0.051696
-0.022311
0.011801
0.049754
0.025928
-0.065512
-0.021033
0.044632
0.071368
-0.018132
-0.064518
-0.023621
0.036179
0.045459
0.01169
-0.058349
0.0080645
0.042766
0.043343
-0.024003
-0.054928
-0.029267
-0.016118
0.013315
-0.0066736
-0.096464
-0.055394
-0.016365
0.026177
0.055975
-0.021899
0.014341
0.0128
0.037848
-0.026441
-0.077885
-0.030467
0.022358
0.062448
0.046036
-0.042665
-0.035992
-0.0010218
0.032962
-0.015762
-0.067246
-0.053854
-0.0066477
0.046132
0.053056
-0.043933
0.002997
0.038618
0.02772
0.045292
-0.058756
0.0018301
0.0075668
0.034556
-0.014733
-0.076814
-0.029671
-0.0036341
0.036503
0.048528
-0.04394
-0.033597
-0.015293
0.025663
-0.013773
-0.063274
-0.022245
-0.0011853
0.032014
0.063592
-0.018911
0.0042649
0.023398
0.040373
0.052528
-0.081863
-0.033936
0.00012476
0.028364
0.0053012
-0.047838
-0.06325
0.00059596
0.043466
0.0099521
-0.042487
0.0069107
0.025279
0.056999
0.014843
-0.07402
-0.03734
0.020086
0.065872
0.055839
-0.056814
-0.019151
0.034504
0.031384
0.0074813
-0.054528
-0.022435
-0.011383
0.026106
0.0059655
-0.084009
-0.0034162
0.034771
0.040658
0.07679
-0.051436
0.0099808
0.025073
0.020544
0.00036649
-0.088087
-0.033548
0.014814
0.032313
0.045307
-0.057194
-0.015147
-1.3578e-05
0.042754
0.0038464
-0.049403
-0.0067821
-0.0075095
0.026074
0.032367
-0.0595
0.0089487
0.02301
0.036263
0.070823
-0.077166
-0.043912
-0.0093975
0.0274
0.0078803
-0.055331
-0.039969
0.043524
0.061816
0.065283
-0.082094
-0.0070727
0.02065
0.005734
0.011154
-0.086555
-0.02811
0.034137
0.060702
0.027655
-0.080539
0.013815
0.029113
0.039196
-0.021416
-0.062066
0.004831
0.029061
0.021454
0.026531
-0.073637
-0.046054
0.034202
0.035219
0.047776
-0.062108
-0.03669
0.02573
0.058372
-0.0066769
-0.043523
0.0024495
0.014888
0.02438
0.053329
-0.069542
-0.0076176
-0.01712
0.048698
-0.028151
-0.099409
-0.024151
0.026292
0.024189
0.012907
-0.06687
-0.0098757
-0.0077607
0.059181
0.044761
-0.067435
0.0087158
0.046122
0.062088
0.027281
-0.044332
-0.011667
0.011803
0.025423
0.028964
-0.072372
0.0064986
0.034232
0.033886
-0.0068681
-0.062759
-0.016518
0.049442
0.030747
0.019318
-0.10541
-0.0015829
0.071537
0.068315
0.060138
-0.055991
-0.0071356
0.0098904
0.033184
-0.002922
-0.070721
-0.041918
0.004328
0.042899
0.040707
-0.066089
-0.0083184
0.023596
0.020464
0.014377
-0.075293
-0.038734
0.022382
0.029316
0.023157
-0.079459
-0.031162
0.0038449
0.062724
-0.010821
-0.071939
-0.038198
-0.0051553
0.02637
0.049871
-0.077748
0.006032
0.030345
0.058661
0.075527
-0.086483
-0.01799
0.0093934
0.0434
-0.02375
-0.04292
-0.027749
0.013429
0.042302
0.037874
-0.058934
-0.018451
0.019966
0.018769
-0.0060727
-0.093911
-0.040763
-0.035041
0.017475
0.048683
-0.065503
-0.00041919
0.012304
0.043889
-0.076287
-0.019418
0.0093194
0.041464
-0.0041689
-0.004231
-0.066881
-0.069408
0.0016066
0.041912
0.014589
-0.052212
0.018235
0.044899
0.03493
0.022892
-0.084043
-0.033211
0.013584
0.0163
0.0053771
-0.057826
-0.0069735
0.020927
0.029722
0.012655
-0.088366
-0.094023
-0.0066746
0.040815
0.040928
-0.033504
-0.0010489
0.049192
0.025288
0.030622
-0.065818
-0.007632
0.02191
0.01673
-0.050586
-0.02783
0.011677
0.018933
0.052844
-0.017022
-0.014764
-0.01034
0.013668
0.01585
-0.01603
-0.040816
-0.013668
0.024038
0.055653
0.0539
0.012057
0.0053421
0.023732
0.037724
0.041054
-0.074315
-0.0040177
0.032904
0.044031
0.04015
-0.079986
-0.012909
0.044387
0.01968
0.032251
-0.037807
0.0020148
0.0025249
0.019053
-0.0096219
-0.072513
-0.03624
0.030966
0.034597
0.048075
-0.020496
0.026376
0.028212
0.039978
-0.014666
-0.048416
-0.057487
-0.059633
0.030364
0.029391
0.0087904
-0.085942
-0.035303
0.045273
0.036017
-0.048521
-0.018103
0.015344
0.037131
-0.0038316
-0.06026
-0.026178
0.041661
0.061078
0.052624
-0.07732
-0.028771
-0.026402
0.03444
-0.0094927
-0.062237
-0.021101
-0.018605
0.023962
0.054906
-0.035645
0.0022346
-0.0016393
0.035459
0.061025
-0.04276
0.0022781
0.0064965
0.04104
-0.0046099
-0.10827
-0.053297
-0.054349
0.04387
0.036859
-0.057818
-0.02257
-0.012369
0.036671
-0.013814
-0.083952
-0.0074747
-0.01517
0.062556
0.035125
-0.06739
-0.015513
-0.01573
0.027137
0.049044
-0.074143
-0.0023791
0.056881
0.032129
0.051855
-0.043944
-0.015899
-0.017081
0.024789
0.043387
-0.037675
-0.033668
-0.039568
0.044777
-0.010884
-0.067124
-0.015724
-0.015632
0.035248
0.047462
-0.033957
-0.00027482
0.034821
0.053332
-0.015755
-0.076254
-0.027571
-0.024668
0.052421
0.039606
-0.064259
0.0046869
0.05008
0.040871
0.046306
-0.070416
-0.0011508
-0.0047907
0.073964
0.034926
-0.071505
-0.040113
0.027353
0.03319
0.038716
-0.058677
-0.018268
-0.014933
0.01835
-0.0011667
-0.099375
-0.0017139
0.028725
0.056983
0.036565
-0.062897
-0.012719
-0.0083048
0.039473
0.06944
-0.070576
-0.0058317
0.01066
0.042376
-0.009345
-0.074842
-0.0706
-0.071611
0.039623
0.030914
-0.06937
0.00097519
0.0069243
0.048891
-0.0077112
-0.071262
0.0083058
0.0029613
0.066151
0.044619
-0.055851
-0.011809
0.035125
0.032182
-0.044155
-0.094414
-0.012194
-0.0099689
0.038741
0.036309
-0.059141
0.011244
0.04517
0.042164
0.040497
-0.048301
-0.022302
-0.026322
0.047468
-0.015614
-0.072342
-0.062733
-0.059429
0.057402
0.065248
-0.022311
-0.012371
-0.016718
0.020107
-0.020719
-0.04249
0.0063477
0.044738
0.073232
0.037737
-0.067971
-0.0099706
-0.0096411
0.035169
0.019508
-0.070235
-0.019093
-0.014953
0.060806
0.049088
-0.039227
-0.055624
-0.049009
0.062169
0.0686
0.055483
-0.01675
-0.01986
0.010624
0.019241
-0.0030614
-0.047618
-0.050906
0.029506
0.025747
0.0019809
-0.0032158
-0.0031911
0.012883
0.051736
-0.019968
-0.071704
-0.028104
0.023618
0.040423
0.040496
-0.074235
0.0032713
0.0065869
0.083143
0.05275
-0.054642
-0.011165
-0.013693
0.068789
0.014388
-0.054058
-0.01555
0.058468
0.03012
0.063182
-0.062441
-0.027891
0.0002463
0.016808
-0.0062542
-0.044664
-0.038235
0.016913
0.037956
0.016769
-0.070587
0.0069794
0.027567
0.055603
0.029631
-0.065448
-0.043836
-0.007714
0.054727
-0.00034242
-0.059364
-0.020222
0.026522
0.04591
0.052738
-0.027611
0.01161
0.057025
0.035226
-0.0018777
-0.085749
-0.0093094
-0.0061581
0.0362
0.0322
-0.041514
0.0074862
0.010858
0.016941
-0.021788
-0.063903
-0.017469
0.018155
0.036375
0.026831
-0.072534
0.025994
0.063086
0.05225
0.044001
-0.038942
-0.0020282
0.0023704
0.011865
-0.0044338
-0.061404
-0.028747
0.020015
0.035517
0.025375
-0.064695
-0.0077447
0.019987
0.043341
-0.017452
-0.06729
-0.011882
0.018715
0.028329
0.037694
-0.070028
-0.0076093
0.010842
0.039089
0.057822
-0.033832
-0.03054
0.0005109
0.065332
0.0075473
-0.076523
-0.014863
0.023732
0.032074
0.037003
-0.077234
-0.0092067
0.0060374
0.026877
0.0069076
-0.072883
-0.0045946
0.0048454
0.051047
0.069977
-0.072135
-0.0033946
0.022034
0.027677
-0.038121
-0.064754
-0.024855
-0.00023692
0.032289
0.029707
-0.053666
-0.025418
0.043548
0.045757
0.024063
-0.07765
-0.00057645
0.0055692
0.026549
0.0020357
-0.069576
-0.01536
0.034656
0.049231
0.041467
-0.064242
0.00097968
0.0035449
0.032648
-0.0090232
-0.074704
-0.021522
0.0083591
0.052654
0.028928
-0.088392
-0.0098345
0.010004
0.043083
0.046992
-0.048568
-0.0061754
0.010219
0.01804
0.01017
-0.058596
-0.034872
0.029146
0.047372
0.043166
-0.036383
-0.021204
0.031207
0.048138
0.0021967
-0.064287
-0.0033455
0.0042333
0.026501
0.031262
-0.08616
-0.0074714
-0.004307
0.027265
-0.02148
-0.053927
-0.0051187
0.035691
0.057719
0.035044
-0.035155
-0.036647
0.042102
0.049715
0.036832
-0.073525
-0.0093638
0.033915
0.030004
-0.0057329
-0.10857
-0.015113
0.036157
0.017626
0.039418
-0.044322
-0.015733
0.058525
0.046948
-0.013262
-0.075057
-0.010805
0.003557
0.041949
0.028483
-0.062058
-0.013813
0.014287
0.028778
0.046241
-0.061608
0.0031964
0.011668
0.040988
0.01408
-0.046525
-0.048318
0.0054589
0.028626
0.036797
-0.059377
-0.0037306
0.009529
0.0090702
-0.011446
-0.10304
-0.016549
0.029561
0.072747
0.025542
-0.0057661
0.046064
0.054154
-0.041308
-0.06358
-0.029917
-0.0081178
0.052657
0.029272
-0.079579
0.0068842
0.031328
0.03332
0.037014
-0.051886
-0.0079547
0.011177
0.041276
-0.0046607
-0.087045
-0.028711
0.048523
0.050395
0.056244
-0.035452
0.013614
0.019894
0.015071
-0.021536
-0.09848
-0.0537
0.0020271
0.013613
0.036033
0.039738
-0.065471
-0.0024986
0.052757
0.051241
-0.072025
-0.024459
0.025
0.022122
0.037955
-0.090245
-0.09023
-0.071852
0.019361
0.061387
-0.052076
0.019661
0.014368
0.036209
-0.0094452
-0.07553
-0.053764
-0.053804
0.025434
0.018195
0.01713
-0.049833
-0.0067844
0.046464
-0.003676
-0.071749
-0.024763
0.011074
0.012284
0.015807
0.038396
-0.060358
-0.043096
0.017997
0.056056
0.055776
-0.071984
-0.029202
0.012456
-0.018365
-0.075981
-0.07
0.024298
0.035684
0.067015
-0.046226
0.015718
0.098565
0.034873
-0.006211
-0.068183
-0.070022
-0.045937
0.031959
0.011741
0.052704
-0.044373
-0.0062368
0.010594
0.021105
0.034112
-0.064036
-0.039479
0.033778
0.024951
-0.067832
-0.032215
0.017481
0.044416
0.037832
-0.056063
-0.016722
0.034349
0.03237
0.024652
-0.056013
-0.057383
0.035298
0.02932
0.034077
-0.026681
-0.032136
0.0023954
0.032184
0.041884
0.0021239
-0.096525
-0.010698
0.0058201
0.034584
-0.076199
-0.077862
-0.015618
0.030494
0.036794
-0.075138
-0.075768
-0.0071832
0.056681
0.007795
-0.08945
-0.093126
-0.019372
0.032433
0.025011
-0.046046
-0.03795
0.0011191
0.021934
-0.010338
-0.060804
-0.05497
-0.0024908
0.04565
0.024943
-0.057247
-0.055081
0.024199
0.040515
0.057038
-0.045372
-0.053501
-0.0097276
0.046674
0.017393
-0.065213
-0.057221
0.014439
0.022516
0.040239
-0.048892
-0.0055462
0.017672
0.021717
-0.0020594
-0.046415
-0.046287
0.024942
0.051424
0.048997
-0.067143
-0.075188
0.029141
0.030403
-0.039921
-0.060399
-0.057591
0.010284
0.063094
8.5492e-05
-0.07033
0.013524
0.034528
0.042073
0.043325
-0.088436
-0.097036
0.020399
0.059256
0.033666
-0.069706
-0.015745
0.022286
0.035588
0.065667
-0.037786
-0.03857
0.015244
0.052958
-0.014275
-0.087104
-0.0092571
0.015921
0.048125
0.050347
-0.038214
-0.039935
0.036982
0.053042
0.049619
-0.08044
-0.013107
-0.009234
0.045518
0.0012716
-0.070519
-0.074979
0.028972
0.077222
0.031813
-0.066554
-0.0051667
0.020259
0.055701
-0.027685
-0.06227
-0.057037
0.015444
0.063106
0.029056
-0.065861
0.016511
0.016364
0.039311
-0.0091659
-0.052102
-0.044659
0.018746
0.064626
0.0079127
-0.048332
-0.031623
0.036183
0.014226
0.04817
-0.0358
-0.026391
0.02459
0.043068
0.032457
-0.076063
-0.012892
0.024051
0.04911
0.056863
-0.047238
-0.052281
0.021745
0.047931
-0.010046
-0.080275
-0.029537
-0.0013376
0.058783
0.038266
-0.037175
-0.027446
0.046593
0.056947
0.046448
-0.10248
-0.017719
-0.01612
0.0041834
-0.014608
-0.0522
-0.046175
-0.026324
0.063422
0.042484
-0.047477
-0.051891
-0.014407
0.030799
-0.014809
-0.075805
-0.078261
-0.033335
0.075341
0.072189
-0.068218
-0.070402
-0.014957
0.011556
0.011239
-0.096079
-0.097374
-0.016931
0.018038
0.05202
-0.037507
-0.037447
-0.0042386
0.028692
0.041368
0.043094
-0.059046
-0.023639
0.046666
0.033015
0.0054881
-0.096621
-0.036454
0.064456
0.076465
0.011418
-0.040935
0.019574
0.0098342
0.022837
-0.024684
-0.07946
-0.025408
0.0015157
0.015648
0.012856
-0.056014
-0.01654
0.01848
0.038616
0.056145
-0.068218
-0.015467
-0.002644
0.055506
0.012289
-0.073992
-0.046782
0.025128
0.035975
0.039511
-0.058536
-0.0073147
-0.0007085
0.02783
0.0054331
-0.073751
-0.028466
0.022073
0.012061
0.031938
-0.076006
-0.0042457
-0.021959
0.036554
-0.018788
-0.059957
-0.0024901
0.010083
0.036181
0.024415
-0.020654
-0.011521
0.0061817
0.026382
0.065691
-0.072226
-0.0050904
0.036755
0.024464
0.022611
-0.053498
-0.019657
0.030334
0.061352
0.027781
-0.046411
-0.03364
0.017516
0.021298
-0.0092365
-0.080345
-0.016041
0.0057988
0.02652
0.041258
-0.079669
-0.017721
0.045681
0.049338
0.047419
-0.055688
-0.035011
0.0003796
0.023768
0.0046821
-0.061391
-0.059038
0.0058806
0.012701
0.057656
-0.040253
-0.0050556
0.024958
0.0004718
-0.0059712
-0.070134
-0.026799
0.024489
0.053982
0.051721
-0.080652
-0.010672
0.027163
0.02458
-0.048728
-0.09416
-0.016814
0.0054072
0.026815
0.019867
-0.055923
-0.0016003
0.023407
0.039384
0.055673
-0.069908
-0.018839
-0.010106
0.047717
0.009971
-0.087771
-0.0091262
0.015355
0.028533
0.035821
-0.05598
0.012478
0.01128
0.043958
-0.018628
-0.066275
-0.02814
-0.0079058
0.04801
0.026475
-0.076628
-0.014493
0.032392
0.056026
0.045429
-0.047786
-0.039431
-0.025712
0.028538
0.011802
-0.071869
-0.044131
0.028415
0.023798
0.037505
-0.063098
0.0047129
0.030246
0.030085
0.00089448
-0.08013
-0.018158
0.011149
0.037719
0.028329
-0.037803
-0.015973
0.010306
0.023701
-0.017747
-0.051538
-0.016185
0.051487
0.08474
0.025351
-0.067458
-0.0034003
0.020569
0.043191
0.048632
-0.074832
-0.026713
-0.0080494
0.033841
-0.0064595
-0.068676
-0.0091864
0.05337
0.040249
0.045219
-0.071389
-0.0079725
0.017893
0.04005
-0.0065791
-0.073043
-0.038882
-0.0055598
0.0243
0.037378
-0.078002
0.0043995
0.069576
0.046593
0.031181
-0.051619
0.0012126
0.043025
0.043645
0.0036152
-0.059173
-0.050864
0.04144
0.038717
0.035146
-0.082698
-0.021238
-0.009606
0.036431
0.020588
-0.082502
-0.031243
0.035129
0.051434
0.0070644
-0.041193
0.03014
0.009602
0.030522
-0.024807
-0.067534
-2.2086e-05
0.0061177
0.014826
0.055006
-0.054432
0.0088195
0.018239
0.077945
0.053656
-0.047082
0.0038267
0.017665
0.01715
-0.014611
-0.083291
-0.056045
0.023317
0.024109
0.04863
-0.073714
0.0078527
0.0079382
0.043468
-0.079684
-0.0028761
0.010465
0.057417
0.048393
-0.075728
-0.078562
0.027871
0.036379
0.034627
0.040216
-0.073517
-0.020417
0.017689
0.01333
-0.040177
-0.042493
-0.062443
0.027607
0.029279
0.065951
-0.0376
0.012527
0.034741
0.027015
0.0030259
-0.061132
-0.043201
-0.036627
0.034166
0.052441
0.0088953
-0.069084
0.016382
0.021526
0.0012152
-0.069715
0.012111
0.049497
0.02884
0.033525
-0.027479
0.0054085
0.032034
0.03858
0.038394
-0.061963
-0.038444
0.0039906
0.074335
0.039319
-0.044009
-0.031633
0.013235
0.04615
0.045814
0.025566
-0.079722
-0.021146
0.039061
0.010975
-0.057503
-0.028039
-0.0049025
0.0016181
0.019876
-0.058928
0.019944
0.0064748
0.042728
0.033551
-0.087788
0.0023645
0.0027675
0.012242
0.017463
-0.036308
-0.035065
0.042866
0.031583
0.024624
-0.050961
0.0015671
0.047339
-0.0078897
-0.0064181
-0.071453
0.023439
0.052532
0.035133
0.026353
-0.026998
0.020088
0.037382
-0.019163
-0.016391
-0.0086875
0.043893
0.0321
0.010661
0.014838
0.0061628
0.028244
0.04312
0.059078
0.054578
-0.010141
0.027498
0.04498
0.0035628
0.0089037
-0.016012
0.041146
0.013808
0.057007
0.051072
-0.03866
0.025007
0.021501
-0.019071
-0.080997
-0.037981
0.0052129
0.048712
0.031419
0.032174
-0.0011129
0.019454
0.04932
0.058732
-0.077435
0.013521
0.05395
0.034333
0.030011
-0.033755
0.040166
0.062279
-0.06707
0.0031594
0.044584
0.052643
-0.0053551
-0.0078709
-0.044392
0.028129
0.04301
0.049048
-0.060859
-0.029487
0.043589
-0.043449
0.005932
0.047984
0.018735
-0.056946
0.037731
0.043963
0.059354
0.05417
-0.0047414
0.011656
0.024371
0.035543
-0.082301
-0.025806
0.033316
0.017378
0.046975
0.053428
0.0093002
0.020356
0.016636
-0.091238
-0.015598
0.019964
0.037882
0.023142
0.021246
0.053958
0.060791
-0.052646
-0.045281
0.0097212
0.014947
0.018117
-0.029996
0.024037
0.05772
0.067669
-0.047727
0.011005
0.041169
-0.00063765
-0.0029743
0.030385
0.035907
-0.064145
-0.013415
0.012911
0.019105
0.011628
0.017358
0.029406
0.027538
0.02434
-0.037745
0.016794
0.029952
0.063353
0.038591
-0.053365
-0.01063
-0.067488
-0.05073
0.018992
0.052978
0.058558
-0.014091
-0.007598
0.0080415
0.019862
-0.0022999
-0.062996
-0.016893
0.026014
0.051944
0.0147
-0.056149
0.0032666
0.059058
0.042104
0.0054049
0.034525
0.049273
0.025099
0.21779
0.30989
0.39886
0.184
0.21004
-0.021433
-0.12693
-0.34713
-0.54304
-0.53999
-0.36243
-0.17853
-0.003788
0.10756
0.28939
0.34599
0.22419
0.2467
0.21731
0.22173
-0.21791
-0.58659
-0.94662
-0.79432
-0.67557
-0.011556
0.46556
-0.090941
2.6981
5.8507
5.5955
3.1392
5.1266
0.40132
-0.74141
-0.0069183
-1.0641
-1.5294
-3.3124
-3.5413
-2.9644
-1.5195
-0.40738
0.73956
1.1065
-8.2659
0.034168
-2.0775
-3.9346
-4.2528
-3.6626
-2.4598
-1.064
-0.59523
-1.2259
-1.7341
-2.4651
-1.2516
0.14893
2.2468
3.1072
3.9648
2.5616
2.0063
0.83787
0.92218
-1.1513
-0.36076
-0.37841
0.16381
0.74079
0.83786
0.3324
-0.1604
0.041983
0.42415
0.86042
0.72602
0.14845
-0.20682
-0.95389
-1.5356
-1.2133
-0.61752
0.03293
4.825
4.194
4.5849
2.8255
2.1753
2.3253
2.0031
1.5849
0.57886
-1.0394
-2.5053
-3.5727
-4.1001
-3.6203
-2.1822
-1.8233
-1.4059
4.6076
0.13701
5.802
5.5924
3.3888
4.6361
3.572
-0.074964
-0.029859
1.5834
-12.78
-3.7969
4.5933
-5.207
-1.0388
-3.0238
-3.0415
-2.9053
-2.9585
-2.5261
-2.0708
-1.9763
-2.594
-2.7374
-3.2009
-2.4241
1.2795
2.1688
3.5393
6.1568
3.0881
4.2975
3.9553
2.0228
1.4587
0.52479
0.14972
-0.0099403
0.052227
-0.084687
0.51461
0.14374
0.61978
0.97373
1.1217
0.71915
0.529
-0.47698
-1.2335
-0.71264
0.93523
0.62174
0.31209
0.94273
1.1531
1.0645
1.6427
2.0689
2.1359
1.8173
0.40075
-1.0299
-1.9166
-2.9271
-3.1633
-2.417
-2.0472
-1.702
-0.5772
0.19157
0.1849
-2.3938
-1.1059
7.5872
5.0799
4.769
5.2541
4.2989
-15.939
-12.767
-12.505
-7.6821
-0.43836
-1.3294
-2.3851
-3.5429
-5.065
-3.2542
-1.8417
-0.6502
-0.62244
-1.9151
-2.934
-3.1554
1.1201
1.4795
2.9623
3.7077
2.6038
4.3777
2.6726
0.63754
-0.10891
1.9488
-5.016
-0.77138
-0.7768
0.27813
0.82146
0.80716
1.0836
1.7877
1.7806
1.0008
0.47385
-0.026972
-0.10148
0.26977
1.5905
2.5606
-4.1884
2.5517
4.5976
0.86882
-1.7504
0.41514
1.9525
2.3921
1.7778
-0.40801
-1.7861
-2.3439
-2.4584
-0.82848
-3.3832
-1.8618
-0.80508
-0.61547
0.25707
0.43866
2.5847
-0.35107
1.1328
4.1897
4.6205
5.2471
3.5334
3.0587
1.8537
0.13342
-8.308
-9.984
0.028591
-1.2532
-3.1926
-3.6569
-3.49
-2.8298
-1.6696
-0.9824
-0.97209
-0.77013
-2.3856
-2.7695
-1.819
2.0783
3.5843
2.8481
3.3668
4.3594
3.6781
0.28457
1.7415
-0.14872
-0.43293
0.17614
0.70824
0.29258
-0.0033725
-0.69117
0.7064
1.1735
1.7094
1.9867
1.494
0.63171
-0.24288
-0.70372
-0.53762
0.1095
0.88373
1.1672
-0.021018
-1.3103
1.5537
4.1801
1.0303
1.4611
1.5258
1.4509
1.6021
0.80462
-0.53317
-1.2061
-1.5512
-1.7037
-1.6697
-1.8281
-1.7811
-3.9037
-2.1063
-1.8487
-1.3875
-0.31298
0.2851
1.7688
-0.57926
-3.1324
0.6058
6.1475
7.4517
6.6934
5.6817
2.1029
2.592
1.2494
-0.7038
-11.336
-7.6965
-7.6721
3.9917
-1.1801
-2.3917
-2.5894
-4.0793
-3.9451
-2.2199
-1.945
-1.0819
-0.46578
-0.7349
-1.8964
-1.5851
-2.3797
0.37354
0.36694
3.3983
0.46529
1.2207
0.62733
-1.0075
5.952
1.3479
-1.2955
-1.9811
-0.37046
-0.76436
-0.8693
-0.58063
-0.03588
0.46081
0.58877
-0.2829
0.14817
0.34155
0.40805
1.1519
0.84573
0.56522
0.68831
-0.26679
-0.91149
-0.66
0.16318
1.5912
2.3936
-3.9617
2.3475
6.0428
5.9089
0.5113
0.56861
1.3882
1.4669
1.7249
1.5728
1.2952
0.16633
-1.0175
-1.882
-2.5227
-2.4145
-2.664
-1.2859
-3.0336
-1.9356
-0.62711
-0.25798
-0.76125
-0.019442
-2.2343
1.3579
7.0052
6.7909
7.2548
5.4851
6.1256
5.701
4.0573
3.9341
3.708
2.1816
-17.202
2.9301
-3.35
-1.5147
-2.5084
-2.6313
-4.559
-2.4545
-2.5448
0.49919
-0.20774
-0.49585
-1.0556
-1.7259
-2.4875
-2.4966
2.1453
1.4604
4.8872
6.3407
1.2908
1.0855
1.728
3.501
3.0898
-0.0062523
-0.65578
-1.9943
-1.7227
-0.76333
0.39441
0.96824
1.2024
1.0143
0.17385
-0.6411
-0.066299
0.83727
1.4243
1.573
0.89578
0.48207
0.25985
-0.27955
0.1798
1.0822
0.54346
-2.0448
-5.886
2.2954
2.1717
2.6136
5.0865
0.91235
1.1832
2.3964
2.0274
1.7336
0.61098
-0.47607
-1.2684
-2.7459
-3.0235
-4.9028
-4.4457
-0.73092
-2.341
-0.31056
-0.011637
0.24861
1.0185
0.75679
2.4791
1.3779
-1.1043
-1.3659
6.5342
4.3155
2.9261
4.3393
0.71028
-0.57271
2.1666
-7.4275
-13.495
-9.8823
0.006664
-0.62123
-1.8858
-3.4164
-3.9251
-3.6092
-2.582
-2.0492
-0.3757
-0.25495
-0.82771
-1.031
-1.4974
-1.913
0.20548
2.8534
4.3446
5.1877
3.3852
3.4574
1.4582
0.97168
-0.4872
-0.9572
0.56482
0.088526
-0.77137
-0.5127
0.29264
0.73244
0.77725
0.45005
-0.063945
-0.19891
0.30583
0.98143
1.4394
1.4508
0.60845
0.16783
-0.4386
-0.75523
-0.70211
-0.11424
0.93596
0.68388
-1.4854
3.6502
3.8691
1.934
1.1007
1.1087
1.1369
1.2192
1.1247
0.83912
-0.044901
-0.52636
-1.8507
-2.1501
-2.206
-2.0502
-1.8634
-1.5354
-0.62859
-0.95079
-0.3341
-0.32554
0.24376
0.37084
0.35758
-2.9993
-1.4307
0.2755
0.68508
8.7835
6.8608
6.6633
3.0966
1.2349
-7.4054
-16.263
-10.83
-11.134
-0.97514
-1.0732
-1.6881
-2.6245
-3.6301
-3.7525
-1.5486
-1.7338
-0.53631
-0.32081
-0.80985
-1.328
-1.6728
-2.5472
-2.2131
-0.26013
3.6495
3.7179
4.9579
4.5902
1.9085
-0.5783
3.6189
1.1372
-1.3682
0.26822
-0.95884
-0.69755
-0.25886
0.20527
0.70476
1.0735
0.48679
-1.2848
-1.1104
0.95562
1.0447
1.2681
1.1618
0.35142
-0.038562
-0.83105
-0.22622
0.1311
1.5193
1.2593
1.1737
1.1019
6.1877
5.7835
-0.13344
-0.098956
1.1424
1.2092
1.7543
2.271
1.6452
0.69576
-0.63376
-1.8656
-3.028
-3.4073
-3.1421
-1.994
-1.4465
-1.676
-1.5002
-0.41239
0.28998
0.18562
2.6902
0.45119
2.4308
5.6316
5.4014
4.2569
3.6746
2.4592
3.3554
3.1881
-4.4149
-6.6972
-11.006
-3.5977
-1.4046
0.068966
-2.3534
-3.9525
-4.1928
-2.4066
-2.2032
-1.4624
-0.92102
-0.45563
-0.97841
-1.5355
-1.9757
-3.1824
-2.0327
1.3779
4.6798
4.9438
4.5823
2.0408
-0.63008
-0.53524
4.1367
-0.047175
-1.7689
-2.7111
-0.7283
-0.19669
0.033701
0.53066
0.7589
0.44094
0.081025
-0.30714
-0.62361
1.5635
1.3045
1.3121
1.1856
0.63718
-0.18775
-0.71138
-0.75128
0.43153
1.5731
0.115
1.564
4.9489
4.6896
0.87379
0.49943
0.52154
1.2754
1.6173
2.0992
1.7305
0.89443
-0.34512
-1.3245
-2.2047
-2.7159
-2.8036
-3.103
-0.76399
-0.52258
-1.1909
-0.26227
-0.26179
0.3316
0.58939
-1.2511
3.6061
0.069011
5.7142
6.3348
6.4663
8.0703
4.7869
2.19
-1.7626
-15.631
-11.452
-5.5653
-6.0751
1.8828
-2.4732
-2.4002
-3.1053
-3.584
-3.3742
-2.8231
-1.4679
-0.49158
-1.3171
-0.43608
-1.6247
-2.1809
-1.7639
-1.5525
2.1001
4.7329
4.2062
4.6847
0.63933
-0.11838
2.2123
2.9165
2.2045
1.6999
-2.9194
0.051555
-0.72774
-0.11977
0.16379
0.62343
0.44034
0.012594
-0.29036
0.36459
1.0619
1.574
1.3144
1.2402
0.43775
-0.3328
-0.57508
-0.56135
0.30823
-0.10861
-0.45625
0.4859
2.7965
2.5189
1.119
1.0989
0.64724
0.95068
1.4288
1.8851
1.697
0.5087
-0.28967
-1.0984
-1.8341
-2.4301
-2.2278
-2.0271
-0.75846
-0.63446
-2.1123
-0.68875
-0.91419
-0.29439
-2.45
-3.8503
2.6982
5.4201
5.2585
3.0193
3.6641
5.6656
4.1843
3.4243
3.1346
3.3943
-5.283
0.42707
0.35105
-0.96143
0.14824
-1.7037
-1.7902
-2.3211
-3.0709
-2.4132
-1.3281
-0.99707
-0.73033
-1.3676
-2.2836
-2.8793
-3.0569
-2.1776
-0.87878
1.0643
1.4579
2.9323
2.5474
2.2759
2.4125
2.849
2.034
0.23382
0.28412
0.41318
-0.016997
-0.30086
2.6333
2.5854
1.7992
1.651
1.591
2.3977
1.6931
0.8909
0.70579
0.58164
0.51389
0.28173
-0.21297
-0.70822
-1.4213
-1.9958
-2.4028
-2.3611
-1.9992
-1.686
-1.3877
-1.1773
-1.0998
-1.0006
-0.95939
-0.90224
-0.72392
-0.46957
-0.066115
0.063059
0.2084
0.48697
0.72932
0.96282
1.0174
1.0247
1.0304
1.0681
0.92739
0.73752
0.699
0.53486
0.35066
0.10829
-0.16883
-0.27473
-0.38243
-0.42331
-0.49194
-0.61125
-0.49566
-0.36121
-0.22646
-0.058822
0.083138
0.12908
0.29815
0.3481
0.35035
0.29372
0.30365
0.29004
0.23433
0.28186
0.028711
-0.029618
-0.038132
-0.11673
-0.16007
-0.26513
-0.24164
-0.14224
-0.10101
-0.1013
-0.067085
0.013927
0.10165
0.11944
0.12747
0.054927
0.10521
0.20704
0.19324
0.12547
0.0016392
0.035926
0.02946
0.031251
0.036178
-0.078176
0.0055616
0.034832
0.014743
0.0078402
-0.099683
-0.074959
0.0013051
0.089653
0.16639
0.039432
0.099491
0.14569
0.16488
0.13014
-0.028053
-0.080397
-0.12372
-0.096324
-0.013623
-0.038376
0.025893
0.042808
0.075761
0.1004
-0.020871
-0.081715
-0.039188
-0.030382
-0.0025595
-0.039542
0.098369
0.1764
0.17571
0.14778
0.0060859
-0.030427
0.043335
0.024156
0.043206
0.060082
0.043671
0.090473
0.086378
0.046207
-0.0054625
-0.07047
-0.024805
-0.00083749
0.014694
-0.00098404
-0.045347
0.11531
0.19153
0.24337
0.14395
-0.073735
-0.043144
-0.046768
-0.057537
-0.14876
-0.13579
-0.00088363
0.26896
0.38716
0.33951
0.094357
-0.075645
-0.11233
-0.043103
0.0064913
0.012638
0.050313
0.1067
0.13383
0.18831
0.05204
0.028497
-0.0623
-0.087978
-0.14193
-0.2608
-0.1766
0.0024112
0.10013
0.117
0.038347
0.090546
0.22706
0.34367
0.28703
0.027965
-0.07503
-0.16544
-0.19916
-0.16804
-0.10866
0.036921
0.14773
0.2492
0.23705
0.18912
0.15917
0.065491
-0.094191
-0.28518
-0.30518
-0.2057
-0.087812
0.05776
0.090018
0.090647
0.20093
0.21636
0.11529
0.11781
-0.014855
0.03744
0.075115
0.093819
0.14155
0.038618
0.021903
-0.0024993
-0.063539
-0.091476
-0.17157
-0.13481
-0.011135
0.10908
0.10599
0.081663
0.10243
0.11735
0.13826
0.11041
-0.023045
0.054975
0.079158
0.048721
0.043493
-0.069109
-0.045474
-0.042504
-0.015186
-0.026298
-0.045228
0.035478
0.1338
0.16578
0.14118
0.049358
0.093641
0.11122
0.064353
-0.010984
-0.065557
-0.057143
0.019895
0.012158
0.040246
-0.060573
-0.0073787
0.015254
0.06731
0.084125
-0.001218
0.077774
0.092924
0.15024
0.080171
-0.052816
-0.034387
0.054407
0.042996
-0.046507
0.01571
0.03593
0.03438
-0.001021
-0.09616
-0.0022283
0.050105
0.094123
0.13221
0.028565
0.07892
0.09115
0.046549
-0.057664
-0.15022
-0.069789
0.0088867
0.013542
0.070871
-0.0012268
0.10772
0.11658
0.14343
0.11175
0.027041
0.034324
0.077316
0.12477
-0.0077656
-0.089797
-0.081702
-0.04139
0.022941
0.043885
-0.035606
0.074137
0.1065
0.13996
0.10015
0.018684
0.035637
0.041135
0.065262
0.064673
-0.037147
-0.0032689
0.035621
0.049682
0.042674
-0.049329
-0.014738
0.024143
0.11177
0.091611
0.034949
0.062186
0.094293
0.11102
0.093918
-0.034624
0.013594
0.037863
0.078681
0.045591
-0.050272
-0.021124
0.071146
0.049849
0.067602
-0.021531
0.026592
0.054126
0.067727
0.036144
0.056514
0.076773
0.060386
0.082458
0.074001
0.071655
-0.034979
0.0028519
0.040586
0.11039
0.03921
-0.048411
0.0048284
0.077742
0.086262
0.07926
0.02741
0.036872
0.082164
0.057254
-0.0020336
-0.051254
-0.03251
0.014851
0.070197
0.076093
-0.055494
0.1062
-0.036006
0.016707
0.057307
0.12387
0.099584
0.0018884
0.022058
0.060369
0.072149
0.046318
-0.033983
0.0063949
0.056599
0.080265
0.027358
-0.023357
0.018934
0.056111
-0.025573
0.047678
0.065251
0.008345
0.030861
0.07092
0.059617
0.037104
-0.033249
0.037892
0.063188
0.083587
0.1014
-0.013091
0.015618
0.048594
0.055748
0.044004
0.051101
-0.043962
-0.013442
0.075994
0.10245
-0.021914
0.010487
0.033949
0.018258
0.045606
0.079223
0.06012
-0.039952
0.058221
0.12261
0.14367
0.0050858
0.082792
0.092678
0.048731
0.01545
-0.11054
-0.057904
0.013768
0.062088
0.10109
0.050707
0.10895
0.082616
0.080927
0.011979
0.086115
0.097326
0.03181
0.043745
0.048266
0.035858
-0.059711
0.0075232
0.053039
0.060304
0.10917
0.052581
-0.023136
-0.0077009
0.045726
0.027312
-0.16405
-0.21101
-0.25196
-0.23173
-0.16553
-0.096061
0.15812
0.4033
0.56515
0.51785
0.25911
0.12045
-0.043002
-0.13988
-0.16592
-0.18137
-0.16067
0.27668
0.48025
0.66155
0.52109
0.74889
0.8001
0.61078
-0.031339
-0.95648
-1.5459
-1.8775
-2.0176
-2.1318
-1.8984
-2.0062
-1.394
-0.70588
0.25013
1.5074
1.8133
1.2897
0.53735
0.074416
-0.44825
0.38028
-0.01331
-4.061
3.2026
3.3387
1.4474
0.59707
-1.1272
0.70934
1.8149
6.1286
0.3961
2.1292
2.467
0.42058
-2.8301
-2.9334
-2.1019
-0.4523
0.88221
8.5295
13.106
12.781
10.591
-2.0398
-0.55824
4.2994
-1.7987
-1.0157
-1.3861
-1.7105
-11.792
0.6855
1.9936
-1.9669
-0.75862
-1.3954
-3.1303
-2.9787
-1.9575
-0.47368
-0.38201
-0.021361
-2.7413
-3.2329
-3.1354
-3.779
-3.2921
-2.0663
-0.85639
0.92392
1.2839
3.135
3.6269
3.1474
-1.2369
2.7937
-1.6197
-3.5584
-3.8301
-1.532
-0.62427
1.2698
1.8673
1.8803
1.6609
0.99788
1.0062
0.63291
0.59993
0.85651
1.4283
3.8147
-4.6156
-3.7028
5.2149
8.9338
-0.35004
-2.3783
-3.1516
-4.5166
-4.1257
-7.8588
-5.01
-3.0444
13.034
14.934
12.413
3.9103
3.2532
-3.0659
3.3891
1.0723
-0.089255
-1.6939
-1.9411
-1.5374
-0.4255
-1.4548
-2.9309
0.36461
1.2138
3.6251
4.4735
5.1091
-0.71898
1.7026
1.4106
-7.2036
-6.0927
-2.4561
-0.25822
-15.568
-1.9884
0.049258
-3.1492
-4.0917
-3.9132
-3.8816
-3.3896
-1.9495
0.6663
0.24862
0.55913
0.32818
0.10812
-3.0125
-1.3675
-2.2263
-2.1887
-4.23
-0.56162
-1.2639
0.16511
1.4371
2.9637
3.4882
2.4669
1.5587
0.66822
1.1295
-1.7438
-2.1585
-1.6792
-0.96185
-0.036509
2.1453
2.4943
2.2082
1.8667
1.087
1.1957
1.1433
1.3437
2.6226
3.3461
4.3781
5.5876
5.7875
5.9266
1.012
-5.2145
-7.3793
-2.9236
-1.6613
-1.1938
0.098691
0.021047
0.1235
6.6504
4.3254
6.7569
0.55494
1.9214
3.4237
1.8262
-0.89129
-2.2846
-4.0578
-3.5613
-3.4555
-2.2369
-1.6221
1.8682
2.2261
1.1695
0.1552
2.4716
3.338
4.4532
4.5763
2.8155
3.2281
4.3599
-2.519
-2.4577
-15.9
-13.896
-2.0709
-1.9552
-5.6999
-4.8525
-3.6962
-1.0736
0.27154
0.92839
1.2553
0.55584
-1.1088
-1.8558
-0.8539
-2.0126
-3.5384
-3.5898
-2.8141
-0.752
0.39105
1.2408
3.9513
3.0792
3.429
1.9561
-0.40602
-3.9169
-0.82808
-1.0969
4.0851
0.77706
0.23866
1.0391
2.9867
1.4701
1.3969
1.7063
1.7135
1.2633
1.3365
0.14769
1.9994
2.7674
3.0966
3.1932
5.3135
6.6916
7.7343
-6.4971
-2.3024
-3.7286
-4.0223
-3.9702
-2.3901
0.33974
3.3956
2.7219
12.067
1.886
4.5825
-1.8452
0.73713
0.68932
-0.96725
-3.1576
-3.6564
-3.7087
-2.7986
-1.3929
-0.20389
0.09116
0.7581
0.38486
-0.57524
-1.9775
-0.77507
2.2964
5.4222
4.9627
0.52047
5.4901
1.4265
-3.961
-5.9627
-22.141
-7.2977
3.691
-6.4168
-4.152
-6.7199
-2.5058
0.59625
-0.24684
1.9272
0.099158
1.3425
-0.3476
-2.3639
-0.4616
-2.8924
-2.3725
-2.7224
-1.8903
0.6727
1.0564
0.72322
3.1084
3.4378
2.407
0.75534
0.086661
0.33148
2.265
-0.16926
0.21776
-0.036341
-1.6412
0.90528
-2.1094
0.63524
1.3067
0.93192
0.69343
1.1341
0.25111
-1.6947
1.4537
6.7477
4.1706
5.5712
7.725
4.316
-5.8682
-5.1656
-1.0827
-5.7831
-2.5551
-0.73387
-1.9273
2.5382
8.7882
9.5644
6.2437
7.2848
-5.0926
-1.7435
0.05556
-1.2875
-3.462
-3.8307
-2.8666
-1.928
-1.3046
0.51264
0.81634
-0.3915
-1.0654
-0.82097
-0.79673
-0.69346
0.77613
-3.9528
0.54385
5.6344
4.328
-3.0789
-2.2061
-7.469
-10.967
-4.027
1.9862
-2.9009
-3.1706
-4.3384
-3.9209
-2.8976
-2.7569
1.5455
1.4836
0.72488
-0.12474
-0.77637
-2.4967
-2.557
-2.2473
-3.1653
0.86519
0.15525
0.59082
4.4205
3.5559
-0.13862
0.47324
-0.80616
-1.2973
0.05124
-0.05487
0.99625
3.2657
2.9534
2.0627
2.7393
1.917
2.6545
2.228
2.3926
2.7578
1.274
1.0876
1.7713
1.0106
1.0399
-0.066429
-0.651
2.821
1.1904
0.2691
-0.24103
-0.57581
-1.0156
-1.5429
-1.9042
-2.2087
-2.4908
-1.5998
-1.5844
-1.315
-0.77623
-0.76849
-0.54758
-0.57275
-0.88394
-0.19286
-0.28302
-0.10464
0.11418
0.24262
0.90167
0.61937
0.37345
0.58736
0.2573
0.24602
0.55686
0.72655
0.82654
0.86702
0.68119
0.48704
0.53266
0.32685
-0.08117
-0.23987
-0.24421
-0.41661
-0.48183
-0.56905
-0.55425
-0.27903
-0.32688
-0.12576
-0.23103
-0.13377
0.18416
0.40756
0.011862
0.30067
0.17614
0.43523
0.37778
0.36224
0.27979
0.27622
0.18801
0.14548
0.098351
0.014312
-0.18235
-0.062166
-0.17463
-0.16177
-0.17557
-0.10257
0.011456
0.10618
0.06832
0.12745
0.081945
0.0036363
-0.049624
-0.11503
-0.11179
0.027512
0.087852
0.16291
0.1956
0.06497
0.052359
0.017864
0.059275
-0.026351
-0.25114
-0.19972
0.0014863
0.042242
0.13803
0.17748
0.1663
0.25207
0.19638
0.1349
0.018807
-0.15268
-0.18948
-0.10982
-0.055341
-0.040398
0.018772
-0.016253
0.10768
0.13724
-0.0063992
0.062268
0.1017
0.13214
0.035723
0.036027
0.03609
0.036089
0.038522
-0.012065
-0.083677
-0.094723
-0.010644
0.004956
0.025197
0.046589
-0.053475
0.039528
0.062608
0.11788
0.10181
0.012458
0.030234
0.106
0.11686
0.017213
0.079036
0.062142
0.04338
-0.061795
-0.10498
-0.11181
-0.076902
-0.095362
0.12022
-0.026241
-0.017925
0.15586
0.076122
0.13972
-0.054399
-0.076968
0.10177
0.096337
0.26014
0.2665
0.15381
0.01772
-0.21592
-0.16229
-0.14794
0.13134
0.23675
0.32396
0.11737
-0.067808
-0.019735
-0.00065579
0.039685
0.12622
0.032617
0.013525
0.045318
-0.064669
0.0070561
0.044094
-0.054622
-0.097481
0.096162
0.21557
0.11986
0.030618
-0.045898
-0.093235
-0.056029
-0.062234
-0.009434
0.10616
0.070289
0.0017653
-0.055763
-0.08507
0.0090149
-0.016353
0.027053
0.16669
0.10596
0.051215
-0.039823
-0.073184
-0.039429
-0.0045391
0.040207
-0.037817
-0.016014
0.12553
0.10511
0.097524
-0.060305
-0.064987
0.027232
0.081935
0.04799
0.0069545
0.0091008
0.082808
0.1044
0.016061
-0.066582
-0.062658
0.026964
0.078932
0.045552
0.0060739
0.0033888
0.079642
0.097384
0.087457
-0.032373
-0.035073
0.069387
0.068878
0.045069
-0.051946
-0.044088
0.057307
0.055301
0.026158
-0.035986
-0.032746
0.075056
0.099652
0.10126
-0.027497
-0.019951
0.049224
0.12927
0.047714
-0.017891
-0.01849
0.10219
0.067445
-0.031873
-0.033551
0.057809
0.079149
0.062747
-0.016333
-0.015113
0.04586
0.079454
0.078885
-0.022066
-0.017483
0.086601
0.079883
0.11894
-0.039676
-0.046344
0.011115
0.056775
0.032816
-0.032285
-0.02377
0.042269
-0.01818
-0.018343
0.069655
0.070874
0.028566
-0.028423
-0.025076
0.082188
0.062946
-0.023554
-0.029287
0.070978
0.06131
0.08723
-0.02392
-0.027562
0.029926
0.065477
0.021935
-0.041338
0.016501
0.069361
-0.026128
0.069968
0.10187
0.049101
-0.016966
-0.014067
0.07307
0.089063
-0.012519
-0.011947
0.0078101
0.039265
0.062046
0.026799
-0.058705
0.024222
0.034463
0.10733
0.074696
-0.030255
-0.032354
0.012174
0.05728
0.044086
0.065198
0.043363
-0.02183
0.0095813
0.075808
0.10176
0.069607
-0.038374
0.032935
0.047793
0.055444
-0.047744
-0.012621
0.029626
0.088786
0.042314
-0.0041108
0.0069298
-0.035915
0.026273
0.015701
0.10005
0.082917
-0.049432
-0.0049012
0.056413
0.073429
-0.0046554
0.024732
0.027569
0.043014
-0.035605
-0.035185
0.011981
0.072262
0.083274
0.081296
-0.01626
0.033475
0.09762
0.023075
-0.031568
0.093353
0.048359
-0.050699
-0.023742
0.01196
0.056595
0.071821
-0.028752
0.060695
0.071812
0.022995
0.00076409
-0.0012979
0.069149
0.073753
0.078359
-0.015781
0.039349
0.039709
0.045901
0.0063661
0.0151
0.053473
0.23267
0.14545
0.42831
0.14386
0.11986
0.4662
0.19788
0.19018
0.022195
-0.19009
-0.37329
-0.42681
-0.57956
-0.27724
-0.01157
-0.44011
0.1411
0.1195
0.030725
0.19156
0.1958
0.10424
0.12084
0.14852
-0.007225
-0.027384
-0.44532
-0.68601
-0.11543
-0.09878
-1.6015
0.84448
-1.3504
-0.69541
2.1636
3.7003
-1.2339
-1.0407
-0.56134
-0.13109
2.6725
-4.6225
-3.157
-0.93329
0.6255
-2.5112
2.8186
1.2941
2.457
2.8999
-5.485
-1.5461
-4.8118
-4.904
-4.492
-2.6945
-1.3822
0.1572
0.38542
-0.82128
1.2869
-1.9352
-2.3896
-1.9522
-1.4717
-0.73673
0.71329
3.6511
3.142
5.8225
5.864
4.6854
-2.2466
1.944
1.1722
3.3936
-2.2889
-0.2035
-0.25589
0.50957
-0.54931
-0.044867
-1.1348
-0.95607
0.1093
0.39032
-0.1754
2.8253
1.355
0.92473
0.36851
0.26607
0.24179
2.8038
4.7615
2.5516
1.6005
1.1453
3.1937
-5.295
-2.4028
-0.39341
0.82565
1.5074
0.60237
-0.36172
-1.0473
-1.903
-1.7605
-1.6007
-1.5816
-1.3012
-1.9833
0.062883
2.4295
2.8818
0.67309
1.8311
2.2657
-0.21799
-4.7647
-4.9892
-0.78227
-1.9342
-3.5069
-4.5556
-3.7314
-3.7541
-1.1746
-0.45907
-0.50646
8.0536
5.433
0.24561
-1.4942
-2.3012
-4.976
-3.3154
-1.9252
-1.0217
-0.63101
-0.9494
-0.18668
0.3479
-1.4531
-1.6484
-1.3705
-1.0439
2.7862
-1.6929
-0.99273
1.392
1.6152
3.5244
3.5943
2.8515
0.39186
1.6253
1.2059
1.097
0.81233
1.0499
-0.33801
-0.16072
1.0972
0.40282
-0.24498
-0.56649
0.37437
0.97661
1.4405
1.6122
1.4565
0.94473
-0.24181
-0.89689
-0.68652
-0.37848
1.5771
2.6154
0.24515
0.5103
-1.798
-1.1131
-0.56614
-0.46541
1.0324
1.1463
1.3214
1.0876
-0.046068
-1.7679
-2.8003
-2.9822
-2.9717
-2.0439
-0.50897
-0.5235
0.072005
-0.21503
-0.22807
3.9294
2.6557
2.1084
-1.2677
-1.4879
-1.4299
-0.77215
-1.9884
-1.7935
-1.7273
-3.0156
0.30342
-7.0682
-6.8752
10.894
7.477
0.79689
1.7101
-1.1121
-2.3295
-8.5187
-1.1709
-2.2903
1.1977
1.7169
-0.15749
0.22918
-0.87529
-1.3409
-0.69454
0.4233
1.3271
3.0519
3.4696
2.4528
4.3089
4.2287
4.8374
2.8717
2.3781
0.70363
-2.1638
-1.2027
-3.6057
-1.5143
-1.3003
1.2836
-2.1377
-0.1538
0.095178
0.78868
1.8269
1.7577
2.0617
1.5625
0.76431
-0.23384
-1.0536
-1.9445
-1.952
-0.34764
-0.17197
3.943
2.4323
2.0198
-2.0832
0.83984
1.7171
1.2745
0.10764
0.48462
0.4866
-0.034742
-0.63539
-1.6304
-2.0517
-2.2605
-1.8119
-1.0645
-0.35143
0.34331
1.7568
1.8584
1.0913
0.83106
1.5864
5.9719
-1.3324
-1.1906
1.4806
-2.7801
-3.3913
-1.4834
-1.4243
-1.9111
-0.56802
1.0387
-1.3472
-10.182
-11.05
9.077
-4.4006
-1.0743
-7.5723
-6.2876
-0.51069
0.34922
0.39033
0.96794
-1.1841
-0.94589
-1.8676
-1.6617
-1.3499
-0.29619
1.6036
0.73824
1.0641
0.55853
3.3492
2.282
2.3352
2.1545
3.5552
2.067
-0.77324
-1.5955
-0.15181
-0.22475
0.2609
0.72705
0.68201
0.44154
0.36472
0.5169
0.50829
1.0585
0.76588
0.68819
0.051988
-0.38539
-1.1783
-0.90833
-0.27645
0.6114
3.0782
6.2128
9.1963
5.6877
4.9548
0.62582
-8.291
-4.3645
1.0549
-0.12387
1.2673
1.734
1.395
1.359
0.058032
-1.1434
-2.152
-2.6977
-2.0741
-0.96575
0.13791
0.7077
0.70917
-0.096157
-1.1687
-1.9713
-2.2463
-2.1647
-1.8376
-1.5025
-1.3129
-1.2977
-1.1952
-1.0132
-1.0523
-0.77036
-0.35259
0.11745
0.44258
0.32746
0.629
0.72637
0.64973
0.39581
0.7423
0.57982
0.6122
0.96141
0.93027
0.80055
1.0127
1.1969
1.2328
1.0288
0.75193
0.17669
0.11524
-0.05368
-0.21118
0.05257
0.095521
0.26886
0.19087
-0.042799
-0.23139
-0.32156
-0.38016
-0.44359
-0.47424
-0.61354
-0.53514
-0.5078
-0.29333
-0.25545
-0.21176
0.017544
0.080662
0.068114
0.12371
0.12508
0.064598
0.20689
0.11956
0.19791
0.088383
0.14035
0.20382
0.30705
0.30794
0.3231
0.17899
-0.0087519
-0.21999
-0.30177
-0.20631
-0.060153
-0.050399
-0.087617
-0.27898
-0.14668
-0.11382
-0.047082
-0.056502
-0.043374
0.058499
0.076593
0.11218
0.2193
0.1986
0.075147
0.18815
0.13341
0.12622
0.04356
0.078346
0.046465
0.030542
0.032685
-0.026121
-0.13993
-0.096908
-0.22133
-0.13002
-0.13978
-0.055809
-0.15552
-0.030023
0.0016357
0.10164
0.077732
-0.022842
-0.017894
0.070429
0.11475
0.12666
0.022571
0.045765
0.074898
-0.035647
0.015499
0.051832
0.028179
-0.10198
-0.042891
-0.013253
-0.035893
-0.0023066
-0.081718
-0.036117
-0.011683
0.0010405
-0.039858
0.030084
0.044234
-0.049198
0.0036847
0.043531
0.075872
-0.020879
0.048789
0.05131
0.048203
-0.016438
-0.12296
-0.07408
-0.0063939
0.057402
0.077891
-0.0031045
0.074638
0.12398
0.040225
0.07534
0.07638
0.040522
-0.051018
0.00030887
0.012741
0.005308
-0.092494
-0.056602
-0.039084
0.033074
-0.0014751
-0.053303
-0.035966
0.036111
0.015527
0.067173
0.12442
0.060541
-0.0077472
0.0080078
0.034358
0.028999
0.025336
-0.067191
0.010546
0.034561
0.055802
-0.070485
-0.045228
-0.02166
-0.11148
-0.058764
0.039831
0.00042148
-0.030793
0.023899
0.025243
0.068595
0.045826
-0.00036532
-0.014447
0.058006
0.054027
0.031015
-0.04979
0.02052
0.046054
0.040545
0.039356
-0.095873
-0.028875
-0.0038086
0.02185
-0.018457
-0.073118
-0.061385
0.0029172
0.07242
0.038563
-0.06189
-0.0043102
0.0071548
0.055524
0.015343
-0.037821
0.0089234
0.068026
0.072475
0.096825
-0.0075046
0.033341
0.015944
0.05378
-0.014817
-0.06984
-0.024138
0.013212
0.051074
0.052608
-0.069095
-0.020959
-0.010255
-0.055261
0.051248
-0.15281
0.033011
-0.095185
-0.13829
-0.26543
-0.20646
-0.35336
-0.051528
-0.1549
-0.017359
0.1571
0.15204
0.18064
0.11695
-0.14411
0.072309
0.052349
-0.05063
0.13812
0.15172
-0.03022
-0.33093
-0.47955
-0.20727
-0.48756
0.27726
0.49058
1.015
0.99811
0.95432
1.0303
0.71287
0.48043
0.28838
-0.19215
-0.39814
-0.56386
-0.74896
-0.86636
-1.4941
-1.5879
-1.7295
-2.3312
-1.4332
0.80785
2.049
3.1066
3.2549
2.6954
1.9579
0.93588
0.35257
0.11131
-0.55338
-1.3488
-1.5051
-1.4018
-0.24957
0.47676
1.4964
1.7823
1.71
0.84959
-0.097351
-0.42649
-0.33832
0.36725
0.80043
0.82692
0.37678
-0.0059969
-0.52325
-0.76856
-0.80058
-1.7732
-0.15983
0.10398
0.59454
1.0405
1.0246
-2.4515
-3.9148
-0.43983
-0.17319
-0.012272
-3.3358
3.9365
3.7325
3.4303
-0.095525
-0.69967
8.6378
3.3821
2.7784
-5.2608
0.5827
-4.198
-2.0912
0.96149
1.5304
-1.6784
-2.7482
-1.3297
-0.75413
-1.97
-3.2948
-1.9912
-2.5594
-1.201
-0.90776
1.1944
2.2456
1.2111
3.2186
2.141
1.9119
-0.31166
-0.10664
-0.57138
3.9255
4.4307
2.2192
-2.7676
1.011
0.88875
0.43352
0.94968
0.47146
0.29179
0.59276
0.75101
1.011
1.2192
0.96619
0.35128
-0.72657
-1.0281
-0.36163
1.395
3.0282
4.5159
8.0983
6.5299
1.9048
0.64493
-0.80195
-0.84725
-1.4545
-0.32511
0.058002
2.7
2.2069
1.5815
0.26917
-1.228
-2.797
-3.2142
-2.5048
-1.2777
-0.16052
-0.041071
1.1947
1.4533
0.95756
-0.01189
-0.40126
2.1913
2.5681
0.80535
1.6446
2.4705
-0.27718
-3.5088
-4.3025
-1.5766
1.2722
-1.7837
-3.3283
-3.296
-2.7628
-3.0437
0.35766
1.1055
0.42917
1.5604
1.413
-0.91242
-2.2504
-2.03
-4.7167
-1.9987
-2.8305
-1.9237
-1.0464
-2.4387
4.0564
1.0742
1.6847
0.3017
2.6344
3.5269
1.7248
-0.75291
-0.50858
1.7912
1.2516
1.3554
1.2316
1.2922
0.91585
0.91123
0.60821
0.35023
0.53086
-0.8398
0.91836
0.71506
0.67041
0.93579
1.05
2.5379
-3.3651
-3.3637
4.4064
3.6703
0.79422
-3.387
-3.9394
5.8887
-6.527
-0.59425
4.7309
6.2889
2.5809
4.8625
2.5076
0.85215
-1.1152
-2.3026
-4.381
-4.0601
-3.8358
-2.2599
-1.4387
2.0745
1.8442
3.059
2.3958
1.1827
3.2094
1.0361
2.2889
2.1402
-3.2584
-2.7697
-1.5245
-2.6626
4.3851
-5.1845
-1.5725
-6.2308
-3.9698
-4.9048
-6.2671
-4.7286
-0.8694
0.2959
0.60797
3.2596
-0.41697
0.42651
-1.8886
-2.3991
-1.2868
-1.1951
1.4026
-3.8065
4.4004
-4.3426
-0.82019
2.214
5.3671
1.8307
0.045169
1.1517
-0.044393
-1.2985
-0.91309
0.56625
0.083409
-0.23188
1.7504
1.0076
0.8323
1.3285
2.723
1.7874
0.253
-0.012549
-0.64591
-0.30027
0.69759
0.81079
-0.88851
-1.1796
2.6176
2.4376
3.5642
1.7997
-0.5475
-2.7864
-1.4618
0.050534
6.9433
1.5506
1.0401
2.4536
4.6051
2.4572
4.0705
2.0813
0.14081
-1.3637
-3.212
-3.2478
-2.0051
-0.48885
0.53867
0.035466
-1.1339
-2.8017
-3.7146
-4.3321
-3.6879
-2.4965
-1.068
-0.11786
0.3123
0.070183
-0.62637
-1.1577
-1.7327
-2.4053
-1.9759
-2.2723
-2.0168
-1.3726
-0.98545
-0.34567
0.099838
0.02265
0.067796
0.32088
-0.24349
2.778
4.0801
4.6111
4.6951
3.6042
2.3202
-1.0949
1.0319
1.702
1.8344
2.0456
1.3645
1.2489
0.87003
0.82249
0.9924
0.55731
0.16525
-0.47442
-1.1405
-1.7293
-1.9023
-1.6549
-1.237
-0.9748
-0.91284
-1.0328
-0.95113
-0.8778
-0.83083
-0.70196
-0.60457
-0.4066
0.078418
0.38596
0.69227
0.66887
0.85955
1.0496
1.1268
1.1002
0.90496
0.8294
0.79255
0.70678
0.59165
0.35608
0.18009
-0.20467
-0.50132
-0.73443
-0.87408
-0.65528
-0.37786
-0.081237
0.11947
0.12038
0.12482
0.096028
0.10135
0.073758
0.082952
0.19263
0.31184
0.30977
0.25925
0.08374
0.11935
0.16797
0.24977
0.2257
0.092158
0.12291
0.079726
0.066299
-0.0088694
-0.15156
-0.093001
-0.015797
0.076365
0.069847
0.063097
0.18496
0.24345
0.21782
0.13946
-0.029038
0.01113
0.01507
0.074005
0.22728
0.21251
0.35216
0.4141
0.38914
0.2775
0.092113
0.042159
0.042514
-0.012986
-0.027564
-0.15188
-0.092662
-0.028798
0.027009
-0.0018018
-0.037592
0.083454
0.13815
0.16804
0.23852
0.17233
0.25795
0.25843
0.22018
0.2034
0.040746
0.021977
0.016845
0.076822
0.003108
-0.064079
0.014039
0.1007
0.11838
0.13501
0.074084
0.14537
0.18809
0.23444
0.19303
0.074982
0.10461
0.094258
0.056923
0.050674
-0.066875
-0.0037052
0.038329
0.10864
0.12434
0.081304
0.15386
0.22901
0.21926
0.21151
0.11066
0.13577
0.12929
0.12398
0.18457
0.021375
0.038647
0.044644
0.05359
0.037549
-0.033719
0.1012
0.12584
0.086739
0.13662
0.13482
0.15484
0.071583
0.03875
0.093005
0.111
0.12018
0.073068
-0.0059502
0.091043
0.090278
0.17
0.17472
0.10607
0.15712
0.15418
0.10432
0.1175
0.10727
0.0098074
0.064625
0.055922
0.12465
0.013612
0.015127
0.05913
0.088261
0.070604
0.038535
0.093462
0.11125
0.16181
0.11293
0.22644
0.15675
0.19028
0.10008
0.11998
0.10061
-0.014811
0.079746
0.114
0.13848
0.10404
-0.0099801
0.03417
0.064044
0.065827
0.045139
0.12042
0.16828
0.12856
0.11607
0.1251
0.15336
0.12894
0.034101
0.11947
0.1021
0.12385
-0.011022
0.039601
0.098285
0.14721
0.098377
0.036259
0.066576
0.17274
0.15302
0.081058
0.13042
0.076629
0.023556
0.097604
0.095365
0.11831
0.054072
0.105
0.12718
0.11595
0.17755
0.059497
0.074269
0.13618
0.18411
0.13586
0.0085174
0.03784
0.10831
0.093983
0.020153
0.071185
0.085785
0.050475
0.14661
0.13042
0.42818
0.34031
0.58816
0.4204
0.30394
0.12109
-0.25811
-0.355
-0.21565
-0.07913
-0.14984
-0.00028762
0.05866
0.098633
0.036659
0.063145
-0.24189
-0.041574
-0.3355
-0.16409
-0.38818
-0.27438
-0.45535
-0.13774
-0.081681
0.17301
1.279
5.6801
4.8854
5.7714
4.8554
4.4373
3.7207
1.3638
0.25916
-0.78775
-1.2937
-0.35031
-3.3777
-3.3753
0.78577
1.8194
-0.21165
-1.5233
-1.7995
-2.7678
-3.8765
-3.8256
-3.52
-2.8801
-1.8447
-1.0033
-1.3369
-1.5808
-1.805
-1.9597
-1.0479
0.65612
1.4791
0.93117
1.9185
4.3441
3.3786
2.3526
1.3662
0.65167
0.14138
0.37079
0.73848
0.48789
-0.17658
-0.6538
-0.02925
0.35878
0.74117
0.67585
0.48175
-0.13453
-1.0759
-0.77387
-4.8224
-0.18586
3.3363
6.9174
2.4567
2.0022
2.4506
2.6238
2.5837
1.9727
0.46407
-0.52597
-1.2551
-1.8822
-2.39
-2.589
-3.5201
-1.9189
-1.7104
-1.0122
1.2673
3.279
5.3454
1.7109
7.1098
5.428
-2.0037
-1.9742
-1.8235
-1.794
1.082
-8.905
-4.9242
-5.1636
-0.58245
-0.154
-1.3807
-2.6742
-3.188
-3.0082
-2.248
-1.0705
-1.4764
-2.3634
-1.0367
-0.35637
2.4424
1.4243
1.5824
2.6201
1.5038
2.2124
3.2327
1.9459
0.68903
0.11884
0.53649
0.96864
0.75552
-0.07534
-0.49482
-0.33816
0.18325
1.28
1.2817
0.76697
0.5359
-0.46929
-1.1323
-1.2785
-0.49711
1.3363
1.8614
1.8157
2.1644
2.4157
1.6723
1.1729
1.3292
0.90034
0.55127
0.30229
-0.37936
-1.3502
-2.159
-2.8992
-2.6804
-2.7275
-2.1508
-0.24327
-0.47774
-1.3411
0.24973
3.5319
4.3776
4.6786
0.41459
0.00017289
0.73871
0.81322
-1.89
-16.027
-1.3894
0.25014
-0.2711
1.2626
-0.8774
-1.6653
-2.8294
-2.9479
-2.7337
-2.074
-1.3454
-0.36495
0.1222
-0.37254
-1.0448
-2.0189
-1.0625
0.10292
3.544
3.2268
3.9991
3.8283
3.2656
1.6372
0.54677
-0.14814
-0.75727
-1.0451
-0.78881
-0.86946
-0.45091
0.35553
0.89503
0.87191
0.70283
-0.37859
-0.71234
-1.3476
-1.6849
-1.2948
0.98495
1.8349
0.75301
0.63951
-1.8658
2.144
4.3857
1.1871
1.6304
1.1377
0.71831
0.9092
0.84112
0.31202
-0.41868
-1.2217
-1.7609
-1.8705
-2.1945
-2.507
-2.5761
-1.9287
-1.7906
-0.65666
0.5829
1.9116
3.8076
7.488
6.6323
5.8289
5.8054
1.8082
2.076
-0.70718
-1.2286
-1.0852
-2.0335
0.56583
-8.7483
-8.3427
-11.509
-3.045
0.75642
0.17594
-3.0029
-1.3229
-2.5584
-2.57
-2.2319
-1.612
-1.2008
-0.7912
-0.85469
-1.4472
-0.40558
0.02852
1.0562
1.9668
1.525
5.5188
5.3737
2.4745
2.6554
1.8957
1.6311
1.5301
-0.79837
-0.11508
0.10636
0.27448
0.21139
0.11607
-0.27955
-0.43121
-0.27452
-0.18416
0.26822
0.92757
0.61503
0.11016
-0.69931
-1.096
-1.4612
-1.7675
-0.53493
0.19732
1.526
2.5846
2.0624
4.2957
2.3774
2.0991
1.8068
1.6444
1.1302
1.0022
0.59333
-0.099914
-0.4732
-0.8891
-1.1704
-1.2795
-1.3618
-2.1369
-1.9866
-2.3035
-2.1226
-1.4907
0.092993
1.0828
1.8105
2.0312
9.7226
7.3211
4.0215
-1.0227
-0.48426
0.35701
1.5053
0.33593
-0.82462
-0.78394
0.72655
-3.2537
-13.039
-6.7663
-0.94846
0.53452
-1.8762
-2.7018
-2.6755
-2.5991
-2.1938
-1.5402
-0.88482
-0.90323
-1.1819
-1.0104
-1.2326
-0.77795
0.10492
1.3566
2.6084
3.6545
3.5652
3.5972
2.526
1.7247
0.69991
0.63163
-0.70293
-0.95215
-0.12357
0.07173
0.38932
0.27027
0.21386
-0.65694
-0.3997
0.36641
0.82984
0.62726
0.68599
0.12434
-0.54309
-1.0598
-1.1321
-1.4782
-0.98021
0.39444
1.8015
2.4753
2.954
2.3028
2.0754
2.0559
1.9408
1.4549
1.3346
1.0907
0.80626
-0.15558
-0.80794
-1.1651
-1.5614
-2.1769
-2.4502
-2.2538
-2.1616
-1.7984
-0.95013
-0.41063
0.99814
0.7192
2.8906
4.317
5.6523
7.4623
4.7486
4.1893
3.6392
1.6269
1.0511
-0.95658
-0.34616
-0.24926
-1.8333
-16.602
-5.0113
-3.0096
-3.6856
-0.045499
-2.2519
-2.76
-2.4388
-2.076
-2.3124
-1.3284
-1.1664
-0.75096
-0.84977
-1.3186
-0.30681
0.78969
0.52038
1.8774
2.2078
3.823
3.11
1.8316
2.7503
2.4947
-0.040385
-0.068909
-0.12561
-0.22712
-0.035409
0.086619
-0.05958
-0.21201
-0.62407
-0.96265
-0.26074
0.26737
0.85895
1.3347
0.8823
-0.1408
-0.76809
-0.68686
-1.243
-1.3804
0.42816
1.5261
0.62548
0.72696
1.1317
0.99553
4.9868
1.5674
1.6105
1.1843
1.1198
1.1168
0.52484
-0.16239
-1.0258
-1.4236
-1.7339
-1.9372
-2.0617
-1.8576
-1.4081
-1.5304
-0.98035
-0.60395
1.4405
2.4376
6.6448
7.9235
7.934
7.4491
2.0819
2.3664
1.4018
0.13695
0.28567
-1.3272
-2.3468
-3.149
-10.208
-6.1577
-6.2684
1.6482
-0.14431
-0.18065
-1.6037
-2.5652
-2.6356
-2.56
-1.981
-1.5888
-1.0658
-1.013
-1.373
-1.4712
-1.108
-0.043351
1.3813
1.465
1.8708
4.4334
3.4281
3.346
2.9894
1.8925
0.70171
0.55129
0.24084
-0.10804
-0.030507
0.095056
0.4033
0.6943
0.014207
-0.25224
-0.41421
-0.4548
0.51842
0.88355
0.87897
0.38614
-0.099688
-0.56821
-0.85624
-1.0865
-0.54097
1.2512
1.809
0.78244
-0.298
0.39414
6.687
6.6586
1.2598
1.4213
1.1128
0.99187
0.67473
0.22303
-0.43273
-1.0712
-1.8573
-2.1624
-2.2503
-2.1992
-2.521
-2.0023
-0.57448
-0.022771
0.73514
1.6678
2.3401
6.4024
5.5552
7.9219
5.5599
0.81878
1.85
-0.058664
-1.4741
-1.856
0.53862
-4.3262
-1.8744
-11.444
0.78223
-6.0895
-4.0863
-4.584
-1.1878
-2.1834
-2.221
-2.7696
-2.6074
-2.1121
-1.7438
-1.6996
-1.3256
-0.83979
-1.0645
-0.10834
-0.53098
0.42335
2.8901
2.5467
3.3345
4.2318
4.1287
1.8071
2.077
0.93279
-0.11568
-0.071887
-0.17
0.015341
-0.098872
-0.20624
-0.50152
-1.0599
-0.39064
0.13785
0.57053
0.86384
0.95352
0.028951
0.015178
-0.55766
-0.78294
-1.5137
-0.46267
0.25257
1.0024
-0.16805
1.9647
5.2462
1.8454
1.9119
1.9565
1.4702
1.1788
0.89829
0.70114
0.20434
-0.43034
-0.6174
-1.1247
-1.4183
-1.6532
-1.5484
-2.0244
-1.9058
-1.4031
-1.0937
2.4138
4.625
4.9038
7.8982
4.5036
4.6687
1.7892
-0.2341
-0.12122
1.9062
1.9581
0.14671
0.15544
0.31642
-3.5908
1.7955
-3.573
-1.4581
-2.3069
-1.2011
-2.7638
-2.5742
-2.4446
-1.2725
-0.88833
-2.3853
-1.6456
-2.0623
-2.421
-2.3777
-1.5712
-0.79022
1.1744
0.67444
1.8708
2.5482
3.437
2.9428
1.9144
1.2549
1.0592
1.0665
1.4406
2.0983
2.3779
2.5015
2.0405
1.3408
1.4973
1.5831
1.2767
0.89815
0.52354
-0.019525
-0.5332
-0.91285
-1.2129
-1.5173
-1.7768
-1.7931
-1.5889
-1.4236
-1.2033
-0.92226
-0.79872
-0.68644
-0.62026
-0.53493
-0.3814
-0.068431
0.074928
0.053635
0.39803
0.76796
1.1448
1.3868
1.2838
1.0466
0.93216
0.80167
0.78359
0.66824
0.49447
0.38827
0.24749
0.16536
-0.017262
-0.26672
-0.3555
-0.46591
-0.44931
-0.46665
-0.28422
-0.11112
0.093957
0.26259
0.33054
0.3558
0.41749
0.42213
0.48328
0.42079
0.33256
0.35902
0.2732
0.2257
0.12463
-0.033149
-0.086347
-0.05009
-0.19765
-0.19684
-0.1947
-0.096307
0.20229
0.37971
0.55001
0.52124
0.63485
0.54828
0.40593
0.21843
0.050555
0.011175
0.040149
0.064492
0.055941
-0.03691
0.024945
0.055233
0.092779
0.076851
-0.02498
0.051848
0.12456
0.24689
0.21417
0.18633
0.28707
0.3553
0.49072
0.5097
0.27873
0.14824
-0.015445
-0.12286
-0.2091
-0.21749
-0.053683
0.17398
0.43469
0.40197
0.22344
0.22352
0.20712
0.22783
0.036812
-0.13479
-0.077684
-0.0033975
0.14532
0.236
0.17246
0.27014
0.27083
0.24882
0.25085
0.22176
0.11701
0.1154
0.20005
0.20915
0.20516
0.12298
0.09961
0.15023
0.12797
0.11048
0.04316
0.17265
0.18992
0.24585
0.22932
0.20631
0.18773
0.19941
0.21696
0.1294
0.072783
0.17741
0.18655
0.19083
0.161
0.046411
0.076119
0.098589
0.15529
0.1799
0.097221
0.10975
0.22737
0.22017
0.29217
0.22814
0.28252
0.23166
0.29094
0.27015
0.092172
0.051542
0.033088
0.068651
0.10964
0.056175
0.022421
0.038726
0.11202
0.17495
0.16385
0.26819
0.31289
0.40136
0.2753
0.088433
0.02707
0.026524
0.053698
0.1411
0.14522
0.28335
0.37048
0.34925
0.24849
0.049969
-0.011502
-0.014066
0.031973
0.13486
0.17965
0.21594
0.21583
0.24746
0.16741
0.073706
0.071949
0.11388
0.17278
0.19047
0.12219
0.19158
0.24856
0.25987
0.21834
0.064265
0.095538
0.17926
0.20606
0.15479
0.10498
0.12948
0.16469
0.15373
0.1589
0.055256
0.11266
0.21605
0.23386
0.20172
0.16687
0.19621
0.22962
0.18247
0.16846
0.031785
0.12268
0.17993
0.16028
0.19102
0.086132
0.11078
0.12765
0.1824
0.17365
0.11391
0.18623
0.27485
0.29765
0.25743
0.10833
0.15448
0.19442
0.17351
0.058853
0.14377
0.15865
0.062615
0.12184
0.20097
0.22522
0.20205
0.18608
0.20961
0.21836
0.17042
0.061696
0.12324
0.1301
0.1613
0.19031
0.065943
0.12924
0.14299
0.17669
0.16628
0.12685
0.1659
0.25078
0.24845
0.24856
0.11504
0.12052
0.18436
0.14067
0.04153
0.20408
0.17117
0.085378
0.19313
0.21607
0.2524
0.14662
0.17866
0.18532
0.23197
0.17442
0.087474
0.090845
0.17818
0.21616
0.21276
0.09439
0.15602
0.19164
0.20716
0.18972
0.087822
0.13737
0.22739
0.2207
0.20913
0.11003
0.12165
0.1493
0.18743
0.13278
0.19859
0.22106
0.1855
0.099846
0.16594
0.18109
0.22539
0.12299
0.1769
0.18138
0.20847
0.16138
0.10754
0.1069
0.20971
0.20165
0.22118
0.11745
0.11895
0.19761
0.15297
0.093302
0.2213
0.11322
0.152
0.18079
0.20258
0.22473
0.12782
0.1701
0.18243
0.20156
0.21098
0.082292
0.089668
0.20935
0.22248
0.20355
0.10183
0.16896
0.12833
0.18811
0.12493
0.097559
0.15799
0.19515
0.24367
0.20553
0.15354
0.16715
0.11382
0.18412
0.17789
0.17517
0.16909
0.080056
0.075005
-0.090467
0.010079
-0.05393
0.028708
0.2264
0.27213
0.25485
0.28402
0.29817
0.3631
0.37786
0.4273
0.24106
0.22516
0.38041
0.3331
0.16233
0.081981
0.097642
0.32304
0.6502
0.7379
0.67666
0.49325
-0.12393
-0.52292
-1.3189
-1.5552
-1.8729
-1.7198
-1.4493
-1.3866
-1.0394
-0.088993
0.51662
0.68349
1.006
1.2596
1.5098
1.3004
0.82632
0.48857
-0.19326
-0.66224
-0.92788
-0.8624
0.18098
0.067198
5.0466
6.3465
-1.7468
-0.67711
3.9222
2.5442
2.2426
9.2843
0.15804
0.61731
1.8773
3.4283
2.3565
1.4941
-1.0999
-3.3238
-4.7797
-4.4219
-4.1281
-0.62753
1.7212
2.6969
6.9062
13.424
6.3805
4.8601
0.061244
1.1382
-4.2309
-1.5256
-1.1547
-10.552
-9.0891
-1.8076
-2.0684
1.5558
2.2506
0.45553
-1.6027
-2.7017
-3.39
-1.8231
-0.45965
-0.91376
0.36464
0.45153
-0.73599
-0.60735
-3.3281
-2.2313
-2.8597
-2.3805
-2.2505
-1.3082
-0.80955
0.31431
3.0483
2.9131
3.451
1.7815
-0.91893
-0.51696
-1.8914
-1.246
-1.955
-1.7957
-0.17756
2.6931
3.1681
3.083
2.2144
1.7904
1.2763
0.50827
0.52955
1.0135
0.77446
1.9614
3.1653
1.4779
2.4929
8.6301
9.439
0.475
-4.5429
-0.72263
0.86513
-3.4083
-9.6807
-4.9371
5.2909
6.1672
11.87
13.239
2.7183
1.7518
1.347
-4.4784
-3.1086
-2.686
-2.9578
-2.5393
-1.4292
-0.9909
-1.1601
0.036647
0.38413
0.16846
1.2781
2.2953
1.2636
-1.3118
4.6221
6.196
0.73839
-0.45364
-8.2625
-13.256
-13.616
-4.5829
2.4024
-4.5055
-4.3398
-4.0279
-7.7143
-4.0868
4.678
3.2709
3.8407
0.5352
-0.68122
-0.19609
-3.0875
-3.0828
-2.4022
-1.1808
-0.20027
2.0253
1.6968
3.1048
3.3431
2.2331
1.5524
0.49487
-0.2068
0.46908
-2.3939
-1.3879
0.31625
1.3866
2.8048
2.6856
2.499
1.7562
1.5107
0.77902
0.80027
0.91565
1.1882
1.3211
1.2847
1.5861
2.1119
2.8933
2.5903
5.1042
-4.0081
-9.5082
-4.9322
4.1058
-2.1324
-0.33873
-0.28531
1.5167
13.22
5.3537
0.44304
0.11224
-1.5857
0.3646
0.73907
-0.99899
-3.1587
-2.8853
-2.4742
-2.0971
-0.67496
-0.15325
-0.74188
-0.4027
1.5819
8.692
1.3314
1.6777
1.9928
3.7019
4.6468
2.6361
-0.026779
0.73857
-2.9013
0.1371
-1.3931
-7.6432
-2.3223
-3.8782
4.9621
-1.6777
-1.8399
-3.1995
-3.6675
-3.4502
0.24501
1.1531
0.98253
-0.21346
-0.61689
-2.2598
-2.8053
-3.5969
-3.4106
-1.7242
-0.22706
1.2473
2.4472
3.9466
3.6073
3.8865
1.1723
-0.49902
-2.5263
-2.633
-2.7432
-1.0608
0.43651
1.1951
1.3709
1.1391
1.0548
0.7552
1.1866
2.8526
2.8598
2.0888
1.2763
0.77054
0.60966
1.3891
2.9782
4.2315
7.3582
5.9914
3.4031
-5.7689
-1.731
-0.52518
-3.2634
-0.27217
0.75262
6.5792
8.4769
-2.754
4.5429
0.37723
1.268
-2.0052
-1.7576
-2.117
-2.0775
-1.8223
-1.07
-0.76464
-0.56419
-1.2837
-2.1655
-2.4349
-2.7385
-2.2544
-1.7961
-1.6847
-1.2001
-1.6175
-2.2576
-1.6698
-2.2065
-1.268
-0.27178
0.38711
0.35139
0.16677
0.2895
0.16315
0.1884
0.59747
1.1025
1.0611
0.99862
1.49
1.2495
1.6633
1.4592
1.7296
1.6579
1.6407
1.3131
1.1944
0.94886
0.78396
0.43156
-0.016148
-0.5081
-0.7138
-0.76536
-0.72068
-0.73259
-0.77057
-0.66699
-0.47393
-0.49623
-0.48727
-0.50426
-0.30188
-0.069376
0.22063
0.35404
0.40627
0.60922
0.7105
0.77033
0.71176
0.49085
0.4202
0.37488
0.33949
0.22712
0.0019634
-0.029857
0.047078
0.15771
0.20221
0.30914
0.34108
0.34311
0.26242
0.14316
-0.023548
-0.011781
0.010579
-0.00032815
-0.06477
-0.085177
-0.028202
0.02746
0.098148
0.12265
0.09989
0.16242
0.28497
0.35278
0.36593
0.29316
0.33471
0.34713
0.3168
0.25241
0.15409
0.13474
0.18885
0.17921
0.12527
-0.016223
0.055423
0.10167
0.10573
0.10322
0.012249
0.094302
0.19847
0.24944
0.23418
0.13947
0.21676
0.23589
0.2547
0.27346
0.11865
0.17289
0.15502
0.15602
0.15218
0.053567
0.067808
0.16626
0.12174
0.16633
0.082644
0.14679
0.22737
0.28314
0.25703
0.17616
0.23101
0.26811
0.25152
0.22368
0.08794
0.10572
0.17163
0.16927
0.10438
0.072013
0.1037
0.16293
0.21501
0.20011
0.10927
0.17626
0.21613
0.21211
0.23886
0.13948
0.17122
0.19368
0.21717
0.14774
0.087147
0.097785
0.17848
0.2065
0.20676
0.1288
0.16632
0.19416
0.1976
0.17487
0.11269
0.16766
0.21783
0.23299
0.18423
0.094392
0.15281
0.18954
0.17899
0.21195
0.0861
0.1622
0.16658
0.21779
0.20065
0.12753
0.14071
0.19664
0.21801
0.21059
0.12944
0.15584
0.18067
0.18256
0.1394
0.086536
0.11404
0.22563
0.22627
0.20049
0.10468
0.16753
0.21406
0.20993
0.159
0.11648
0.15829
0.21197
0.21398
0.17687
0.11328
0.11538
0.20944
0.2356
0.25013
0.22919
0.10139
0.11588
0.17118
0.18105
0.11121
0.11522
0.15601
0.2232
0.22633
0.1223
0.13112
0.19746
0.19405
0.14046
0.073783
0.1476
0.18295
0.22182
0.19654
0.074767
0.074543
0.14364
0.17696
0.22765
0.21871
0.099083
0.15178
0.16413
0.16514
0.0548
0.060402
0.11368
0.22368
0.23594
0.11479
0.17297
0.21842
0.15121
0.14009
0.087101
0.1243
0.16748
0.19983
0.18909
0.094043
0.151
0.18135
0.21441
0.1447
0.15017
0.12805
0.208
0.26057
0.188
0.10566
0.18359
0.17891
0.17117
0.18671
0.087923
0.13794
0.17152
0.21191
0.16166
0.082732
0.16925
0.1988
0.1837
0.20422
0.20156
0.13206
0.21211
0.20004
0.19239
0.090529
0.13914
0.16292
0.17277
0.19559
0.20147
0.091783
0.17455
0.21911
0.2321
0.23772
0.16865
0.17562
0.22596
0.15422
0.14267
0.099362
0.13935
0.17747
0.18251
0.2023
0.098775
0.16995
0.19813
0.22492
0.19729
0.10398
0.16345
0.22678
0.16942
0.22742
0.21854
0.094072
0.1171
0.20619
0.12279
0.12856
0.084093
0.19795
0.2054
0.1973
0.092956
0.13691
0.2349
0.2093
0.21005
0.12352
0.22289
0.19853
0.19221
0.19165
0.11241
0.20062
