0.0045634
0.00019732
0.00094315
-0.0011907
0.00067454
-0.00073286
-0.0013248
-8.4283e-05
-0.0023832
0.00061086
-0.0027914
-0.0031722
0.0018148
-0.003069
-0.0023552
0.00036459
-0.00020202
0.0026221
0.00099566
0.0011264
0.0024593
0.0013544
0.0010992
0.0023099
-0.0012153
0.0047936
0.00058587
-0.0020911
-0.0024469
-0.00036924
-0.0037377
-0.0013096
-0.0016411
-0.0055485
0.00058291
-0.003329
-0.0030247
0.0020797
-0.0042488
0.00094762
0.00044432
-0.0035357
0.003505
0.00082651
0.00094166
0.0019791
0.0012292
0.00056688
0.0033221
0.0014546
-0.0004382
-0.00030297
0.0005516
-0.0022472
0.0015127
-0.0019525
-0.0030269
-0.00093219
-0.00099473
0.0012955
-0.0022699
-0.0014515
-0.0044451
-0.0039206
0.0056728
-0.00059654
1.8157e-05
0.00064921
0.0011808
0.0023256
0.00072596
0.0011488
0.00017204
-0.0025817
0.0023509
-0.0020703
4.0883e-05
0.0014755
-0.0021876
0.002488
-0.0012425
-0.0036259
-0.001285
-0.0032333
0.00056315
0.0010001
-0.00068333
-0.00067179
0.0021066
0.0026087
-0.00088339
0.0028225
0.00036569
-0.00067475
0.0038966
0.00017235
0.003118
-0.00044046
-0.0012022
-0.0013133
-0.0034139
-0.0023299
-0.0007817
-0.00075784
-0.00097203
-0.00077539
0.00040367
0.0018052
-0.0024607
-0.00057793
-0.0025311
0.00083883
-0.0004777
-0.00020384
0.0012724
-0.00076379
0.0035437
-0.0007515
-0.0010648
0.00089582
-0.0017424
0.0018529
0.0031586
-0.0019849
0.0021229
-0.0032649
0.00017349
-0.0018948
-0.0010264
0.00076137
-0.0029919
0.00017346
-0.0016843
0.0012367
-3.3287e-05
-0.00063301
0.0046479
4.5732e-05
-0.00051271
0.00050059
-0.0037742
-0.00077014
-0.0010949
-0.0040685
0.0023856
-0.0014809
0.00045437
0.00039514
0.0026762
0.00090738
0.00032103
0.0011134
-0.002011
0.0030867
0.0012386
-0.00042703
0.0010452
-0.0013163
-0.00017856
-0.0019354
-0.00381
0.00094725
-0.0022737
-0.0033383
0.0019993
-0.0025613
0.0027093
0.0015273
0.00052072
0.0025946
-0.001453
0.001594
0.00020033
0.0018741
0.00060006
0.00068311
0.0001638
0.0013175
0.0024008
0.00026068
-0.00042478
0.0021911
-0.0028518
0.00051584
-0.00029029
0.00038547
0.0030185
-0.0012209
0.0010862
-0.00096831
0.0015701
-0.00063337
-0.0012347
0.0017575
0.0028888
0.0011018
0.0031269
-0.0045032
0.0043261
-0.0047621
0.00047486
0.0030356
-0.002559
0.00081537
-0.0025464
-0.0020986
-0.0009866
-0.0013438
-0.00055443
-0.00085767
-0.0013807
-0.0011732
0.00019025
0.0015608
-0.0028641
-0.00053248
-0.00090349
0.00056504
0.0019754
-0.0040216
0.002076
0.0016017
-0.005597
0.000546
0.00063768
2.5963e-05
-0.0011147
-0.0016321
9.1143e-05
0.00091553
4.9072e-05
0.0010362
-0.00267
-7.6124e-05
-0.0020665
0.0019505
-0.0014705
-0.0023642
0.0016044
-0.0046347
0.0019102
0.0012858
-0.00088558
0.00239
-0.0034289
0.0004108
0.00068983
-0.0031446
-0.00014948
0.0031385
0.0012896
0.0002994
-0.0015509
0.00058028
-9.5853e-05
0.00073191
-0.00013832
-0.0019551
0.00090175
-0.0021962
0.0026922
-0.00096232
-0.0004941
0.0023587
-0.0013472
-0.001003
-0.0012782
-0.002001
0.001598
0.0012471
-0.0015856
-0.00096049
0.0037818
0.0002938
0.0012609
-0.00099287
0.00077586
0.00087202
0.0028158
-0.0019622
0.0001586
-0.0029531
0.0013928
0.0019329
-0.0028354
0.0014811
-0.0016385
0.0019937
0.0010799
-0.0019395
0.0015649
0.00067901
-0.0012854
0.00073341
-0.0024253
0.002209
-0.00022363
-0.00038493
-0.0012757
-0.0029699
-0.00046354
-0.00099737
-0.0018367
-0.00077201
-0.0012511
0.00065111
-0.0029781
-0.0033778
0.0010966
-0.0028157
0.0038053
-0.00044416
0.00086978
0.001522
0.0010184
0.00022602
0.00035938
0.00021484
-0.0022588
-0.00017558
0.0018405
-0.0006118
0.0040959
0.0010378
-0.0023984
0.00075724
-0.0039769
0.0016219
-0.00014726
-0.0041344
0.0017039
0.00056355
-0.00033541
-0.001951
0.003068
-0.0013256
-0.00033203
0.0011365
0.0016755
0.001227
0.00024389
-0.0028645
0.0023803
-0.0017197
-0.0022956
0.0026184
-0.00047918
0.0005002
-0.0002251
0.00069727
0.0022578
-0.001146
-0.00021655
-0.0013587
-0.0017502
-0.00052537
-0.0010964
0.00083248
0.0015612
-0.00080479
0.00097816
-0.0021149
0.002114
-0.0015878
0.00092451
0.0028907
-0.00027244
0.00075276
-0.0015211
-0.0036922
0.00081086
-0.0044436
0.00089321
-0.0021056
-0.0041009
0.001468
-0.0017726
0.0017411
0.00083585
-0.002388
0.00085187
-0.00068594
-0.0015714
-0.0018307
0.00027742
0.0019903
-0.002648
0.0017534
0.0009394
0.0031917
0.0032387
-0.0012328
0.00026062
-0.0021381
0.00028709
0.0027741
-0.0019011
-0.0010786
-0.0012712
0.0013663
-0.0030973
5.579e-05
0.0025137
-0.0045174
-0.0022967
-0.0015853
-0.00098024
0.00053336
-0.00068072
0.0013682
0.001845
-0.0024271
0.0027898
-0.0006785
0.00033481
-0.00081261
-0.00084351
0.0024638
-0.00083496
-0.0014146
-0.0019272
0.00061939
0.0026195
-0.0034851
0.0010445
0.00065814
-0.0014213
-3.4776e-05
-0.0016247
-0.00034691
0.001056
-0.0015081
8.8163e-05
-0.0001942
0.0038131
0.0028855
-0.0001182
-0.00018521
7.3278e-05
0.0033851
-0.00059616
-0.00029475
0.0014874
0.00013213
0.0039234
-0.0035865
0.00053898
-0.0013327
-0.005597
0.0022891
-0.0026972
0.00050022
-0.0008506
-0.0024908
0.0017203
-0.00010073
-0.0033857
0.00032063
-0.00064533
-0.00047543
0.0017217
0.0027469
-0.0005563
-0.0010462
0.000929
-0.0010261
-0.00033461
0.00015968
-0.0016352
0.0027134
-0.004853
-0.0013189
0.00013509
-0.0018203
0.0015191
-0.0015383
-0.0032158
0.0020949
-0.0010726
0.0029034
0.00077512
0.0025294
0.00069132
-0.00056075
1.8886e-05
-0.0013688
0.00161
0.0031019
-0.0022215
0.0024288
0.0013578
-0.0015137
-0.0002739
-0.00070605
6.7284e-05
-0.0029979
-0.00076118
-0.001609
-0.0018587
0.0034014
-0.0041251
0.00049537
0.00066484
-0.00072802
0.0036779
0.00088653
0.0028341
-0.0023392
0.0025361
0.004528
-0.0020099
0.0019363
-0.0009784
-0.0019447
0.001278
-0.0023083
-0.00069677
0.0022179
0.00024724
0.00079896
0.00099939
-0.0046619
-0.0013677
0.0010374
-0.0013815
-0.0017409
0.0003888
-0.0017957
0.001008
0.0049277
-0.0022014
0.0037602
0.00049389
0.00051323
0.0017802
-0.00086434
0.0014307
-0.00074779
-0.0025355
5.5778e-05
-0.0030321
0.00036199
-0.0013434
-0.0010212
0.00035227
-0.00037486
0.00026886
-0.0041427
-0.0015442
-0.0014179
0.00060225
0.0026195
-0.0010424
-0.00021058
0.00099264
0.00035974
0.0020018
0.00014665
-0.0024949
-0.0012551
-0.0012105
0.00078817
-0.00078837
-0.001865
0.0013507
-0.001868
9.524e-05
-0.001345
0.0035374
-0.0013457
-0.00010071
0.00090473
-0.0034036
0.00035978
0.00088652
-0.00012009
0.0020369
8.8581e-05
-0.00025902
0.0019818
0.00012917
0.0021613
-0.0031946
0.00023646
-0.00094259
-0.0032676
-0.00084654
-0.001111
0.0020942
-0.0031379
0.0017064
0.0015016
-0.0017163
0.0018585
-0.0012611
-0.0017789
0.0015232
-0.0019004
-0.0019425
-0.00061816
-0.0020926
0.0036406
-0.00012416
-0.0001428
0.0010057
0.00037503
0.0027603
-0.0022338
0.0022045
-0.0005708
0.00036422
0.001648
-0.000921
0.0017776
-0.00089195
0.00049721
0.00036908
-0.0026164
0.00086081
0.00038917
0.00017832
0.0012032
-0.0014559
0.0015921
-0.0026678
0.00048305
-0.0025139
-0.0019898
0.0013872
-0.0013278
0.0030684
0.0011242
-0.00073511
0.00049873
-0.0033432
0.0028944
0.0014613
-0.0040462
8.4805e-05
-0.0011095
1.3339e-05
0.00075496
0.0008772
-0.0019864
-0.003193
-8.6581e-06
-0.00035997
-0.0035529
0.0010266
-0.0015349
0.00021297
-0.0015904
-0.0019015
0.0042031
0.00033107
0.0032584
0.00034819
0.0019825
0.0025983
-0.0015163
0.00033144
0.00059556
0.00034483
0.002567
-0.00055256
0.001173
0.00041637
-0.00039871
0.00099754
-0.0015413
0.001889
-0.0016735
-0.00065762
0.002149
-0.0030742
0.001205
0.0029667
0.00026809
0.00033703
-0.0019924
0.0031385
0.0013868
-0.00056338
-0.00014202
-0.001501
-0.002001
0.0023815
-0.00069604
0.0021043
0.0001083
-0.00023629
-0.0021217
0.0027588
-9.1787e-05
-0.0024573
0.0024656
-0.0025497
0.0017094
-0.00057865
-0.0034777
0.0013485
0.00077808
0.0015183
-0.00078765
-7.4616e-05
-0.0019566
0.0015321
-0.00045456
0.0015302
0.00187
0.0014781
0.00038806
0.0043045
0.0044416
-0.0011807
0.0030412
-0.0024804
-0.0010436
0.00086154
-0.0037205
0.0031563
-0.0006528
-0.0014828
0.00017499
-0.00068631
0.0016867
0.0028374
-0.00096533
0.0015336
0.0014561
0.002025
0.00054526
0.00020963
-0.00026125
-0.00014691
0.0025167
-0.00056489
0.0018816
-0.0006323
-0.0027006
0.00050655
-0.00053547
0.001775
0.0010083
-0.0022871
0.0025011
-0.00040432
0.0013406
-0.00080812
-0.0015025
0.0016752
-0.0022826
-0.0019376
-0.0021429
-9.7717e-05
0.00044951
-0.0017614
0.00088201
7.6263e-05
-0.0018423
0.0036484
-0.0026558
-0.00020131
-0.0026522
-0.0035734
0.0020492
-0.0013468
0.0020402
0.00074382
-0.00042218
0.0025383
-0.0029263
-0.00051347
-0.0019868
-0.0014276
6.982e-06
-0.00040397
0.0027797
-0.001412
-0.0010019
0.0022451
-0.0012984
0.0013835
-0.0012734
-0.0023288
0.0023919
0.00086935
0.0017568
-0.0018542
-0.00075373
-0.0012906
-0.00046279
0.0010515
-0.002229
0.00099269
-9.7706e-05
-0.00047994
0.0028263
-0.0027889
-6.4448e-06
-0.00037302
-0.0027978
0.0013529
-0.0030019
0.00036832
-0.00072692
-0.0035738
2.7841e-05
0.0013026
-0.0016657
0.00081349
-0.0010261
-1.9882e-05
-0.00078246
0.0014013
0.0021937
0.0020506
0.0024705
0.0005259
0.00071886
-0.00097238
-0.0024849
0.00188
-0.0015919
-0.00090572
0.0022146
-0.0043647
0.0022932
-0.0017332
-0.00018706
0.0011622
0.0034123
-0.0010786
-0.0010067
0.00092747
0.00030611
0.0011514
-0.0012827
-0.0026827
0.00069727
0.00098637
0.00027777
0.0001992
-0.00069489
0.0012996
-0.0008737
-0.00019867
-0.0010663
-0.00032346
-0.00051233
0.0013313
-0.0046578
0.0015858
-0.00020239
0.00020815
-0.0026965
-0.00038345
-0.00095864
-0.00012976
0.0011715
-0.0022652
3.7514e-05
0.0010299
-0.0024282
0.00027962
-0.0020676
-0.00068071
0.0011257
-0.0021537
0.00019325
0.0017608
-0.0013144
0.0010411
-0.0003637
-0.00080663
-0.002033
-0.001364
0.00066296
0.00086156
0.00099902
-0.0021533
0.0028937
0.00023644
-0.0001398
0.0023088
-0.0022755
-0.0015871
0.002428
-0.001418
0.00085297
0.00034076
0.0014304
0.001195
-0.0015528
0.0020142
-0.0014694
-0.00081782
0.0011968
0.0017645
4.3441e-05
-0.0017339
0.00081573
0.00044915
-0.0011404
0.0016733
-0.00077311
0.00019922
0.0032725
-0.0021123
0.00086825
-0.0032456
-0.0020092
0.0019877
-0.0017927
0.0024332
0.0023606
-0.0015975
0.00077254
-0.0026436
-0.0010994
-0.0014701
0.00017646
0.00075873
-0.0018483
0.0028926
-0.0031249
0.00069652
0.0012348
0.00082277
0.00031839
0.00022376
0.00013108
0.0028952
-0.0021578
0.0038984
-0.0016076
-0.0028794
-0.00015027
-0.00013202
0.00238
-0.0025512
0.00040631
-0.0017383
-0.0014019
0.0010173
-0.0041583
-0.00087105
-0.00033762
-0.0027143
0.00050242
-0.003972
0.0010925
-7.5352e-05
-0.0017041
0.0025215
-0.00062483
0.00040634
-0.00030555
-0.003981
-0.00046428
0.00041862
-0.00039531
0.00050283
-0.0011341
-0.0016582
-0.0015625
0.0037926
0.0019139
-0.0040067
0.00022338
-0.0021947
7.7378e-05
0.00030425
-0.001852
0.0018964
0.00024799
0.0015451
-0.00041772
0.00062313
0.0013317
0.00097109
-0.0010238
-0.0011099
0.0021851
0.001164
-0.0019328
0.00078408
-0.0019525
-0.0034151
-0.0018896
-0.0045222
0.0026311
-0.0014932
-0.0008938
0.00071553
-0.0018289
0.00097293
-0.0002959
0.00020142
-0.00016552
-0.00028918
0.00029978
-0.0029047
-6.0728e-06
0.0015574
-0.0016228
0.0015064
-0.0028578
0.0022094
0.0005766
-0.004466
0.0018864
-0.001567
0.0010411
0.00054788
-0.0020811
0.0021065
0.0010459
-0.0018277
0.00024501
-0.00057716
0.00036011
0.0017701
0.00044842
0.00089767
-0.003652
-0.00031375
0.0018879
0.0037814
0.0010489
0.0026203
-0.00075485
0.0010158
0.0010564
-0.0023753
0.0032122
-0.0020043
0.00024091
0.001294
-0.0026335
-0.0038878
-0.00017631
-0.0017562
-0.0043449
-0.0018941
-0.0013446
-0.00035959
-0.0017964
0.00076804
-0.00028956
0.0038731
0.0015593
0.00043204
-0.00013312
-0.00096235
0.0053528
0.0014095
0.0032621
0.00054412
-0.00052165
-0.00033205
-0.0024763
-0.0019373
-9.5872e-05
-0.0010659
-0.0004963
-0.001849
-0.001536
-0.0029606
-0.0009076
0.003017
-0.0052234
0.0011585
0.00073269
-0.0001148
0.0005069
0.00072038
-0.00035398
0.0029853
0.00096215
0.0028303
-0.0036408
-0.00037153
0.0010448
-0.0021972
-0.0011185
-0.0021794
-0.0022088
-0.0012969
-0.0014724
-0.0025027
-0.001748
0.0011551
-7.0158e-05
-0.0013915
0.0010445
-0.0016556
0.0021889
-0.00011632
0.0032081
0.0023602
-0.00064238
0.00083254
0.00044059
0.00018429
-0.00095865
-0.0011791
0.001338
-0.00088561
0.0020566
0.00026586
-0.0048151
0.0027149
-0.00011001
-0.00083494
0.0028329
-0.0020617
0.00085638
-0.00031078
-0.0022994
0.0024221
-0.00054624
-0.0027605
0.00010712
0.00040185
-0.0011368
0.0016018
0.0033866
-0.0014478
0.00077064
0.0010877
-0.00042519
0.0022164
0.00033256
0.0020365
-0.0024186
-0.0035954
0.002475
-0.0017443
-0.0027337
0.00050729
-0.002486
0.0022068
-0.0026626
-0.0025348
0.00090214
-0.00086024
0.00057098
-0.00084984
0.0018543
0.00096882
-0.002125
0.0027782
-0.0031864
0.0027384
-7.9865e-05
-0.00045795
0.0023867
-0.0022312
0.003261
0.001443
-0.0037154
0.00089135
-0.00030893
-7.9457e-05
0.0013093
-0.0020784
-0.001054
-0.0014534
0.0006481
-0.00044082
0.00068459
0.0010977
-0.00023928
0.0041741
-0.00085397
0.00042941
0.0017947
-0.0024752
-0.00052425
0.0028412
-0.0032095
-0.000468
-0.00074779
6.3233e-05
0.0035441
-0.00059135
-0.0014925
0.0010594
-0.0002657
-0.0037448
-0.00072878
-0.0020982
0.00073338
0.0019475
0.0014442
-0.0018579
-0.00033536
-0.0016929
0.00037613
0.0013514
-0.0035656
0.0019806
-0.0022092
0.0011484
-0.0030448
-0.0030973
-0.0011319
-0.0017644
-0.0015144
0.0011532
-0.0030921
0.0023759
-0.00082003
-0.00020201
-0.00050414
-0.00049443
0.0010333
-0.0024641
-0.00083423
-0.00067181
0.00071066
0.00058327
-0.0034456
0.0023602
-0.0023035
0.002792
-0.00021134
-0.0024618
0.0040806
0.0012434
0.0011469
-0.00056262
0.00022709
-0.00098731
0.00058067
0.0015612
-0.00080068
-0.00034471
-0.001973
0.0005963
0.0031243
-0.00089381
0.0040709
0.00080754
-0.0016203
-6.6791e-05
-0.0023411
0.0016811
0.002583
-0.0010637
-0.0029099
-0.0024882
-0.001729
-0.00087632
0.0022634
0.00069018
0.0018432
0.0031113
0.0013373
-0.00072988
0.003771
-0.003861
0.0037718
0.0016487
-0.0025538
0.0013227
-0.00069489
-0.00023667
0.0011804
-0.002537
-0.0024469
-0.0043341
-0.001095
-0.00015019
0.00066861
0.00082057
0.00098075
0.00078962
-0.00013087
0.00072446
0.0028329
-0.0019506
0.0049363
0.0028043
-0.00037562
0.0018465
-0.0011885
0.0020037
-0.0010455
9.6e-05
0.00043725
-0.0036774
0.000926
-0.0020732
-0.00060921
0.0012755
-0.0026462
-0.0022997
-2.6821e-06
0.0028751
-0.0015968
-0.0023176
0.0010713
-0.0033808
-0.0013759
-0.00010405
-0.0028578
0.0030636
-0.00088858
0.00056988
-0.00020053
-0.0030616
0.0015884
7.4388e-05
0.0020629
0.000302
-0.0040443
-0.0024524
-0.00070496
0.0017109
-0.0025438
-0.002987
0.0023189
-0.0036803
-0.0028172
-0.00065874
-0.0015215
0.0021967
-0.00050491
-0.0015912
0.003058
-0.00038943
0.0028799
0.0014039
0.0037472
0.0034905
-0.0019257
-0.0042395
-0.0037481
-0.0027654
0.00056757
-0.0033939
-0.00059244
-0.0011457
-0.00067329
0.00071779
0.00016825
0.003571
-0.0032508
-0.0013557
0.0030792
-0.00013384
0.0030617
-0.0016091
0.0012799
0.0031142
-0.00063865
0.0012717
0.0011718
0.00095354
0.00075314
0.00013809
0.00014778
-0.0016091
0.0017806
-0.0015193
-0.0013583
-0.00084686
-0.0046657
0.00033591
-0.0043177
-0.0012477
0.0018968
-0.0008636
0.0010217
0.0015619
-0.0026652
0.0033195
0.0026854
0.00074757
0.002057
-0.00069006
-0.00078242
-0.00098918
0.001471
-0.0011855
-0.00041771
0.0012229
-0.0033406
0.0034324
-0.0020375
-0.00078501
0.0010485
-0.0032575
0.00073638
-0.00086848
0.00047563
0.0018893
-0.00043113
0.00041488
-0.0003231
-0.00041401
0.00055421
0.0021266
0.0037155
-5.263e-05
0.00022191
0.0016003
-0.00015436
0.0031027
0.00031616
0.00094946
0.00097666
-0.0032445
-0.00011
0.0018972
-0.0043218
-0.00050265
-0.001967
-0.0014325
-0.00044156
-8.3191e-05
0.0013876
0.0017463
-0.0001659
0.00047151
0.00162
-0.00083048
0.0050913
-0.00029033
0.00077959
0.0023721
-0.0015349
0.0025089
0.0015593
-0.0010942
4.8322e-05
-0.0002091
0.00060041
0.00031579
-0.00041659
0.00051435
-0.00017557
-5.7863e-05
-0.00043153
0.00076245
-6.0098e-05
0.001446
0.00014443
-0.0035704
0.0016699
-0.00014317
9.4134e-05
0.0041186
-0.0012309
-0.00033353
0.0010873
-0.0025911
0.0030505
-5.4519e-05
0.000492
0.0019307
-0.00013092
-0.00048664
-0.00077647
0.00035193
-0.0017801
-0.0007295
-0.001054
-0.0033696
0.0015153
-0.00069448
-0.0013438
0.0011137
0.0057364
-0.019486
-0.022881
0.07389
0.0094757
-0.036365
-0.025913
0.018604
-0.0014596
-0.015573
-0.0046706
0.043695
0.025232
-0.0046273
-0.017474
-0.00029813
0.0082116
0.0008489
-0.0036695
-0.0026767
-0.0044026
0.0057037
0.0033657
-0.0010741
0.0070996
0.0078927
0.0054541
-0.00049519
-0.020535
-0.0066632
0.0044002
-0.0062668
-0.0054607
0.0020142
-0.0040491
-0.0048795
0.00039965
-0.0015275
-0.0015095
-0.0011124
-0.0025587
-0.00017072
0.0012304
0.0014327
0.0044233
-0.0010927
0.00027631
0.00086116
0.00093905
0.0063824
0.0029309
0.0038019
0.0037926
-0.0015342
-0.0008897
-0.0039966
-0.0027013
-0.0047167
-0.0038685
-0.0023023
-0.0039601
-0.00077124
-0.0043344
-0.0011862
-0.00033576
-0.0028928
-0.001298
0.00022002
-0.0027348
-0.00074964
-0.0039691
0.0018085
0.0050171
0.001975
0.0031835
0.0030308
0.00045585
-0.019142
-0.0079033
-0.0011918
0.0050712
0.00027743
0.0025376
-0.0057922
-0.0023873
-0.0016619
-0.0033205
-0.0040145
0.00062572
-0.00050862
-0.0019838
-0.0010398
-0.0013311
-0.0024986
-0.0003462
0.0016632
0.00093868
0.00053818
-0.00051869
-0.0011951
0.0045842
0.0014866
0.0020383
0.0024832
-0.0027341
0.0017206
-0.00084017
0.0018595
-0.0027922
-0.00046875
-0.00055927
-0.0014314
-0.00018449
0.0014103
0.0020383
-0.00038978
0.0017396
0.00025432
1.9999e-05
6.2827e-05
0.0041033
0.0037073
-0.00014764
-0.00061142
0.0019143
-0.0035868
0.00028039
-0.0022912
-0.0012268
-0.004368
-0.0025024
-0.0041732
-0.0022819
0.00034302
-0.0031551
0.00042641
0.00045699
0.00056055
0.0010638
-0.00060436
0.0001027
-0.00051979
0.0029645
0.00032661
-0.00032268
-0.0037888
-0.0030888
-0.0027736
-0.0016728
0.00095396
-0.0030228
-0.00066356
-0.003642
0.0025904
-4.9276e-05
-0.00096347
0.001724
-0.0010019
0.0031716
-8.9889e-05
0.001436
0.00098112
0.0032446
0.001845
0.0010232
-0.0034576
-0.00058424
-0.0031491
-0.0026741
0.0014803
-0.0025221
0.00075464
0.0022973
-0.0041769
0.0016062
0.0023696
-0.00025711
7.3336e-06
0.0022969
-7.0565e-05
0.0082382
-0.0090449
0.0011812
0.0073041
-0.035807
0.051297
-0.018274
0.079061
0.0070086
0.029615
0.039317
0.057697
0.055888
0.044659
-0.0089386
0.015329
-0.047892
-0.049972
-0.058512
-0.14804
-0.015578
-0.10483
-0.047442
-0.078588
-0.063186
0.013619
0.020699
0.072244
0.28457
0.32129
-0.060888
0.25709
0.2512
-0.082527
-0.097305
0.24228
-0.023586
-0.2954
-0.17388
-0.048097
0.031708
-0.24524
-0.13847
-0.08257
-0.21427
-0.25296
-0.31904
-0.29388
-0.65905
-0.030855
-0.15137
-0.083196
0.021385
-0.11635
0.037456
0.20035
0.14186
-0.15426
0.29927
0.22495
0.21982
0.21731
0.067554
0.067634
0.034327
0.14135
0.17486
0.29741
0.10896
0.070486
0.25756
0.80662
0.99287
0.48343
-0.090783
0.21342
0.40146
-0.059499
0.13503
0.21979
0.27491
0.30738
0.33041
0.38952
0.48882
0.75674
0.34217
-0.19689
0.060025
-0.26441
-0.39352
-0.26908
-0.29872
-0.61356
-0.4378
-0.40116
-0.35626
-0.18195
-0.13973
-0.27138
-0.17139
0.1755
0.25238
-0.0081661
0.16114
0.063396
0.62865
-0.16843
-0.66836
-0.010607
-0.034968
-0.32921
-0.61817
-0.48742
-0.49265
-0.27396
-0.20244
-0.44833
-0.43114
-0.27555
0.3027
0.43573
-0.11579
-0.11455
-0.15764
-0.079669
-0.18973
-0.094011
-0.014305
0.19299
0.20517
0.13331
0.077646
-0.14662
-0.028391
-0.047547
0.19018
0.078428
-0.0047011
0.33493
0.65779
0.84597
0.93905
0.56275
0.50993
0.49888
0.1269
0.12549
0.45514
0.32428
0.45414
0.57773
0.34877
0.81013
0.91571
0.12599
0.13547
0.77211
-0.30769
-0.66417
-0.062554
-0.16028
-0.42414
-0.47615
-0.3779
-0.41465
-0.21115
-0.25627
0.026369
-0.17328
0.15875
0.032765
0.02584
0.19927
0.25718
0.22975
0.077741
-0.24139
-0.41637
-0.098678
-0.4134
-0.68367
-0.73515
-0.7877
-0.47783
-0.64726
-0.77225
0.10419
0.40609
-0.017706
-0.0097421
-0.19436
-0.26343
-0.22345
-0.41978
-0.5652
-0.33993
0.10259
0.59658
-0.015649
-0.18546
0.08793
-0.095131
-0.32337
-0.05675
-0.13731
-0.13894
0.53543
0.49864
0.22539
0.78617
1.2524
0.12752
0.54516
0.13925
0.44781
0.23405
0.50963
0.78831
0.35513
0.21921
0.9505
0.68199
0.16652
0.46505
0.31608
0.19215
0.15083
-0.005653
0.076422
-0.3262
-0.49226
-0.34922
-0.36303
-0.36257
-0.22171
-0.17342
-0.23478
-0.1298
0.0017518
0.010156
0.22827
0.2355
0.069644
-0.032241
0.11552
-0.037914
-0.53954
-0.36598
-0.0095469
-0.3545
-0.69264
-0.32763
-0.57847
-0.49682
-0.67762
-0.62314
0.11155
0.22961
0.098517
-0.0026573
-0.077284
-0.11236
-0.082808
-0.3594
-0.33904
-0.39916
-0.40493
-0.078928
0.25501
0.080507
-0.26688
-0.12453
-0.27432
0.010241
0.45477
0.51177
0.29705
0.87514
1.0508
0.87018
0.77773
0.28582
0.68623
0.23919
0.1131
0.47225
0.41712
0.2177
0.65832
0.44989
0.35088
0.67527
0.76911
0.56073
0.05482
-0.11442
0.32529
0.16026
-0.42139
-0.30254
-0.031069
-0.13637
-0.32502
-0.60396
-0.67606
-0.46294
-0.49661
-0.31966
-0.14376
-0.33752
-0.076212
-0.15093
-0.12406
0.14502
-0.11894
-0.050044
0.20048
0.26111
0.27241
0.17515
0.00092644
-0.34833
-0.55979
-0.38787
0.17892
-0.25633
-0.79834
-0.65849
-0.59431
-0.81643
-0.48542
-0.5198
-0.8934
-0.63974
0.13282
0.17484
0.076959
0.12338
-0.1119
-0.20822
-0.1609
-0.19402
-0.37997
-0.43635
-0.55611
-0.53968
-0.36526
0.066903
0.53263
-0.015951
-0.084199
0.13281
-0.07865
-0.087803
-0.16214
-0.24311
0.067783
0.42641
0.36115
0.53247
0.97109
1.0256
1.1541
0.9117
0.66007
0.16772
0.27056
0.6109
0.36063
0.15298
0.43814
0.46117
0.60711
0.66657
0.40292
0.40202
1.0102
0.97975
-0.078504
0.040196
0.25635
-0.14079
-0.24605
-0.066552
-0.17053
-0.025976
-0.18976
-0.51581
-0.5341
-0.72493
-0.47452
-0.35979
-0.41006
-0.38589
-0.048013
-0.17114
-0.28262
0.099777
-0.051259
-0.049715
-0.012671
0.35755
0.47484
0.2283
-0.11872
-0.21668
-0.2934
-0.75974
-0.33578
0.29553
-0.37196
-0.90653
-0.63757
-0.68081
-0.73764
-0.36554
-0.77903
-0.54302
0.44239
0.2652
-0.18092
0.047252
-0.18583
-0.14358
-0.33258
-0.41092
-0.50636
-0.53795
-0.75337
-0.50467
-0.33356
0.17493
0.21355
-0.032639
-0.011664
-0.0073132
-0.19819
-0.35603
-0.11031
0.036971
0.065027
0.52558
0.45549
0.37397
0.81206
0.98218
1.046
0.9746
0.34965
0.073166
0.34122
0.30551
0.23293
0.2771
0.41952
0.43987
0.705
0.4502
0.28937
0.87826
0.77126
0.13164
0.2254
0.43214
0.44089
-0.060034
-0.23439
0.17806
0.011301
-0.42974
-0.50457
-0.41546
-0.77134
-0.78703
-0.35003
-0.25293
-0.32033
-0.38489
-0.15041
-0.42035
-0.13574
0.052679
-0.18054
-0.068916
0.12865
0.17607
0.032477
-0.30562
0.30544
0.27595
-0.64428
-0.5207
0.12519
-0.21194
-0.70907
-0.24155
-0.59521
-0.49306
-0.12524
-0.45812
-0.53742
-0.2133
0.017975
-0.0020311
0.33303
0.1685
-0.10211
0.041048
0.014727
-0.21143
-0.21351
-0.35439
-0.39586
-0.24819
-0.062579
0.30736
0.34887
0.1699
-0.057641
-0.27502
-0.12307
-0.069621
-0.094151
0.010657
0.089937
0.33951
0.62626
0.56879
0.65194
0.84785
0.98676
0.68661
0.3728
0.00997
0.54237
0.62749
0.15535
0.030488
0.27635
0.57854
0.71777
0.33116
0.087329
0.58599
1.0332
0.57359
-0.63403
-0.18057
0.46526
0.29836
-0.28638
-0.35651
0.0093386
-0.085096
-0.38922
-0.63266
-0.74592
-0.43632
-0.43864
-0.53811
-0.1091
-0.19886
-0.16401
-0.16543
-0.091245
0.15485
-0.0068203
-0.049196
0.23188
0.27011
0.25106
-0.20927
-0.15514
-0.11188
-0.60252
-0.21102
0.065508
-0.44873
-0.79482
-0.54256
-0.58071
-0.6351
-0.52115
-0.45289
-1.0216
-0.703
0.30092
0.30329
0.17589
0.20085
-0.096882
-0.27071
-0.031508
-0.12515
-0.35548
-0.39851
-0.49474
-0.51949
-0.44598
-0.31431
0.43029
0.17409
-0.052002
0.14625
0.012568
-0.15886
-0.2722
-0.10616
0.052407
0.21658
0.56406
0.50072
0.68299
0.99855
1.1673
0.98059
0.41876
0.20439
0.61153
0.40624
0.077753
0.01455
0.66815
0.49173
0.35134
0.62856
0.58174
0.45615
0.7793
0.53472
0.37003
-0.088617
0.20761
0.13825
-0.19172
0.024314
0.047925
-0.22348
-0.38814
-0.40914
-0.64029
-0.86332
-0.57356
-0.33252
-0.3536
-0.50252
-0.2547
-0.10196
-0.20357
-0.047565
-0.01866
-0.054109
-0.0051744
0.18898
0.26613
0.12531
-0.2445
0.24125
-0.23902
-0.48944
-0.31146
-0.15703
-0.33045
-0.5578
-0.56948
-0.58316
-0.44067
-0.5343
-0.73118
-0.48591
0.18352
0.21807
0.13314
0.002456
-0.026329
-0.075483
-0.058031
-0.11793
-0.37306
-0.50584
-0.46608
-0.43422
-0.28356
0.1952
0.46247
-0.038004
-0.27982
-0.020916
-0.11823
-0.11512
-0.25488
-0.18048
0.33681
0.49187
0.27248
0.47859
1.2646
1.1166
0.92408
0.95105
0.23725
-0.038093
0.49823
0.45426
0.077671
0.27145
0.76289
0.36238
0.45045
0.63557
0.39161
0.63882
0.79833
0.3517
-0.045328
0.010169
0.16609
0.074865
-0.21692
-0.18639
-0.036409
-0.26562
-0.40237
-0.53183
-0.68522
-0.5729
-0.50062
-0.33682
-0.31599
-0.32672
-0.060907
-0.14848
-0.060595
0.067635
0.0015903
0.0059505
0.12644
0.42141
0.49476
-0.24047
-0.29684
-0.26339
-0.22552
-0.16643
-0.23053
-0.28161
-0.5882
-0.39576
-0.67195
-0.90552
-0.30416
-0.5467
-0.93556
-0.2809
0.15657
0.20507
0.080373
-0.027499
-0.11711
-0.12236
-0.089697
-0.24643
-0.42437
-0.54743
-0.52487
-0.51585
-0.45405
0.11352
0.66264
0.16342
-0.33992
-0.15318
0.17818
-0.25974
-0.4264
0.049722
0.1721
0.22278
0.5152
0.53325
0.79872
1.0754
1.0451
1.1575
0.14747
0.081908
0.73848
0.33966
0.0076153
0.50671
0.59523
0.13712
0.4639
0.63975
0.42084
0.50483
0.75953
0.48034
0.42991
-0.018716
-0.011254
0.25668
-0.07995
-0.40756
0.23754
-0.11128
-0.49957
-0.53894
-0.76211
-0.70633
-0.24599
-0.47327
-0.33442
-0.32711
-0.18973
-0.10274
-0.025845
0.12537
-0.17146
-0.12282
0.15495
0.13143
0.03852
0.13214
-0.078725
-0.11767
-0.21938
-0.54778
-0.29346
0.019434
-0.34376
-0.46788
-0.46754
-0.57899
-0.59307
-0.3881
-0.7846
-0.63091
0.057169
0.35341
0.28221
0.17147
0.002721
-0.087819
-0.11726
-0.034322
-0.027189
-0.072182
-0.063827
-0.049975
-0.1135
0.062546
0.19827
0.2188
0.26794
0.08207
-0.17826
-0.047078
0.20499
0.049673
-0.09265
0.1056
0.24336
0.13908
0.10596
0.068428
0.039716
0.054622
0.12839
0.14814
0.14949
0.14224
0.11153
0.13747
0.13987
0.11223
0.16634
0.088473
-0.021687
0.080175
0.14043
0.10101
0.10177
0.14045
0.17724
0.15463
0.18028
0.21353
0.1924
0.11468
0.090664
0.024164
-0.050469
-0.035847
-0.10219
-0.10164
-0.1638
-0.23495
-0.18822
-0.24323
-0.21621
-0.19251
-0.18285
-0.18596
-0.19631
-0.15029
-0.17056
-0.16384
-0.11019
-0.093082
-0.071057
0.0072096
1.0251e-06
0.016491
0.03333
0.052682
0.073533
0.07648
0.099997
0.12039
0.10146
0.090632
0.11395
0.12071
0.094046
0.1057
0.095713
0.07096
0.05479
0.047706
0.031287
0.018918
0.016327
0.0023076
-0.015032
-0.025553
-0.037453
-0.038822
-0.044333
-0.051411
-0.044626
-0.046669
-0.027226
-0.025726
-0.04075
-0.032171
-0.020766
-0.017724
-0.0037329
0.0053653
0.0025796
0.020276
0.01531
0.025127
0.041112
0.011721
0.038188
0.034528
0.017999
0.022809
0.024915
0.031224
0.012688
-0.013432
-0.013123
-0.024021
-0.017636
-0.033269
-0.022112
-0.020223
0.0014997
-0.023133
-0.017856
-0.015022
-0.0065215
0.011342
0.058079
0.018474
-0.0059798
-0.017209
-0.014163
0.015731
0.028882
0.02082
0.013051
0.016409
-0.0083287
-0.024193
-0.017704
-0.0012164
0.00081685
-0.0078292
-0.010438
-0.015618
-0.015144
-0.013702
-0.0029387
0.0012368
0.0035594
0.003667
0.0081158
0.00047966
0.0046997
0.0080142
0.017264
0.014619
0.013391
-0.0023495
0.0046663
0.016056
0.015526
0.011267
0.00030291
0.0038502
-0.010596
-0.018054
0.01049
-0.0089865
-0.015952
-0.012773
-0.019527
0.0032743
-0.0043318
7.7805e-05
-0.0057251
-0.0077037
0.00024803
0.0055682
0.008203
0.016007
0.0030801
0.06118
0.033075
-0.015945
-0.021698
-0.033861
-0.011919
0.0029774
0.019864
-0.00091181
0.0073957
0.024638
0.0058363
-0.0011387
-0.014799
-0.013577
-0.0031731
-0.0029123
-0.012981
0.0023078
0.012902
0.0060268
-0.0096172
-0.01803
-0.011936
-0.0020843
0.02597
0.012255
-0.0067601
-0.004605
-0.014417
0.00080632
0.0038268
0.0059543
0.007564
0.0036318
0.0035299
-0.0088148
-0.0049606
-0.0016038
0.0032964
-0.0018121
-0.0050687
-0.0054182
-0.011232
-0.0070769
0.00091684
0.0061286
0.0040263
0.0014107
-0.0066226
-0.0012825
-0.0029395
-0.0022765
-0.00093995
0.0020399
0.0026747
-0.0057233
-0.008137
-0.0034326
-0.0055448
-0.0022136
-0.0024652
-0.0055871
0.0013373
-0.0016609
0.0052122
0.0018596
0.0029791
0.006057
0.00049173
0.0013926
-6.4092e-05
-0.00051638
0.0058885
0.00088917
0.00074088
-0.0023813
-0.0028481
-0.0031324
-0.0042725
-0.0067454
-0.010942
-0.0018612
0.0014579
-0.0068019
-0.0041985
-0.0016715
-0.0039039
-0.0015621
-0.0075587
-0.0005697
-0.0031156
-0.0039433
-0.0039385
-0.0010536
-0.00012418
0.0018552
0.0010203
0.00071889
0.0019206
0.00077921
0.0013037
0.0029283
0.0033017
0.0022604
-0.0036729
-0.001859
-0.0017141
-0.004283
0.0033304
-0.0028559
0.0059786
0.0017414
-0.0013006
0.0039323
-0.0016955
0.0076901
0.0039505
0.00017836
0.00088951
0.0023111
-0.0031748
0.0014185
-0.0023545
-0.0010387
0.00029458
-0.00079989
-0.0030257
-3.9991e-05
0.00056123
0.0054748
0.0030274
0.0057213
-0.00051231
0.0032786
0.0028002
0.002161
0.0057081
0.0026091
0.0033147
0.00058624
-0.0022085
-0.00059356
-0.0010603
0.0019672
-0.00078358
0.00069201
0.0020995
-0.0012619
0.0031116
-0.00058123
0.0035181
0.0023793
-0.00023517
0.0016133
0.00043351
-0.00062557
0.0023911
0.0017817
0.0025864
-0.0035991
-0.00011708
0.0021691
-0.0020382
0.0016822
0.00075351
0.0083643
0.004487
0.0010836
0.0057215
-0.0013826
0.0018003
-0.0014884
0.00096022
-0.0012283
3.7474e-05
0.00042978
0.001681
0.0044375
0.0034491
0.0037624
0.0036634
0.0054768
0.0043611
0.0031354
0.0041372
-0.0005224
0.00089135
0.001512
-0.001893
-0.00031118
-0.0032016
-0.0025758
-0.0026838
-0.00076715
-0.0029957
-0.0025903
-0.0026249
-0.00027392
-0.00043115
-0.0020889
0.0017705
0.0031183
-0.0019197
0.0033731
0.0035363
0.002273
0.0029034
-0.0076791
0.0022816
-0.0020733
0.00087685
0.001208
-0.0012727
-0.0010272
-0.0045614
-0.0012652
-0.0020948
0.00029159
-0.00067855
-0.00086584
0.0010955
-0.00014802
0.0010546
0.0019147
0.0013656
0.0030427
0.0019493
3.0101e-05
0.0023886
0.003854
-7.1993e-05
0.00042941
0.00038768
-4.3318e-05
0.0043998
-0.0011546
-0.0034494
-0.0041244
-0.0032564
-0.00084499
-0.0042764
0.0018592
0.0011078
-0.0046947
-0.001693
-0.0032143
-0.0040141
-0.0043475
-0.011303
-0.006757
-0.0025356
-0.0026138
-0.0022207
0.0011119
-0.0030888
0.0025901
-0.0022561
0.0064945
0.00487
-0.0013218
0.0026166
-0.00044644
-0.0022118
0.0030804
-0.00093216
0.0015787
-0.002324
-0.00040467
-0.0020964
-0.00046464
-0.0002143
0.0013496
0.00073455
0.0051914
-0.0011249
-0.00075743
0.0044188
-0.0021817
0.00038998
-0.0023645
-0.0030493
-0.0019004
0.001579
-0.013682
0.0050332
0.014559
0.017518
0.012905
0.03053
-0.031635
-0.0013467
-0.027707
0.017095
0.0063355
0.01631
-0.0059708
0.013176
0.064222
0.10465
-0.0039011
-0.051443
-0.08759
-0.0015063
-0.062778
-0.016841
-0.0097822
0.0045542
-0.03812
0.027786
0.09013
-0.13046
-0.017806
0.22371
-0.18293
-0.16325
0.18292
-0.20594
-0.14286
-0.21489
-0.22242
-0.16954
-0.19671
-0.23351
0.13854
-0.16087
-0.66445
-1.3895
-0.29048
0.32252
0.39286
-0.13257
0.18257
0.15054
0.2528
0.090302
-0.62431
0.34764
0.76348
1.0323
0.023377
0.55866
0.48606
0.45298
0.13703
-0.13699
0.32258
0.50253
0.3134
0.12198
0.28677
-0.098548
-0.4983
-0.088809
0.42081
-0.018355
-0.40053
-0.18435
-0.23066
-0.3569
0.078161
0.18966
0.42398
0.0038206
-0.21442
-0.35991
-0.12786
0.13197
-0.19769
-0.28852
0.21254
-0.21997
-0.26925
0.33894
0.55813
0.1774
-0.20389
-0.073574
-0.074546
-0.30305
-0.083184
0.44736
-0.069295
-0.49402
-0.38862
-0.23588
-0.3438
-0.38059
-0.64619
-0.54676
0.386
0.37604
-0.09936
-0.12484
-0.39306
-0.39663
-0.22693
-0.40022
-0.85696
-0.92184
0.26084
0.40357
-0.12706
-0.27915
-0.29029
-0.19267
0.098831
0.85218
0.49851
0.48883
0.27807
0.12449
0.43424
-0.15326
-0.29252
0.67604
1.048
0.36252
-0.094901
0.028898
0.2924
0.90011
0.81501
0.78042
0.64121
0.55299
0.56439
1.0055
0.92213
0.64233
0.57917
0.4851
0.38192
-0.035752
-0.30917
7.921e-05
0.91862
-0.02255
-0.23318
0.38244
0.53688
0.42731
-0.20082
-0.42699
0.079077
-0.33178
-0.40948
0.4376
0.12072
-0.54198
-0.38877
-0.17122
-0.44887
-0.69633
0.22661
0.020482
-0.27505
0.068877
-0.51562
-0.90639
-0.36401
-0.42738
-0.58962
-0.696
-0.91869
-0.75296
-0.25534
-0.59756
-0.93207
-0.72695
-0.83736
-0.58937
-0.7279
-1.2583
-0.26842
-0.16003
-0.28902
-0.68433
-0.95437
-0.85472
-1.0562
-1.0569
-0.98633
-0.043957
0.90999
0.36182
-0.6823
-0.23095
0.62024
0.39558
0.37613
0.4976
0.4298
0.54654
0.87676
1.0417
0.96298
0.29565
-0.28168
0.4163
0.81139
1.1916
1.4095
0.80274
0.039261
0.53868
1.325
0.8198
0.49348
0.92084
0.73718
0.56227
0.64439
1.0584
0.9688
0.68091
0.17958
-0.10257
-0.054809
-0.02465
0.66145
0.38875
-0.60124
-0.34995
0.5743
0.12946
0.040711
0.48267
-0.23411
-0.54174
0.2232
0.36609
0.035994
-0.017783
0.18682
0.014713
0.11143
0.61538
0.13739
0.011605
0.029538
-0.48241
-0.82563
-1.0741
-0.27827
-0.40617
-1.2029
-1.002
-0.22265
-0.36054
-0.72032
-0.66757
-0.97183
-1.2168
-1.1747
-1.022
-0.71535
-0.60845
-0.26038
-0.30985
-0.3298
-0.92345
-1.0234
-0.77334
-0.52303
-1.2152
-1.3432
-0.5599
0.098052
0.54961
0.43575
-0.62498
-0.39061
0.69934
0.41936
0.11725
0.78585
0.92458
0.72065
1.1222
1.2114
0.60231
0.24506
0.15907
1.1724
1.4968
1.0487
0.68026
0.55891
0.67156
0.55734
0.69433
0.71598
0.70206
0.71374
0.77938
0.91255
0.593
0.72242
0.60657
0.35465
0.11173
-0.34873
0.55925
0.50475
-0.72198
-0.5529
0.12538
0.09964
0.043176
-0.057857
0.31481
-0.06795
-0.82952
-0.28211
0.20815
-0.082022
-0.28074
-0.18412
-0.2347
0.039009
0.072711
0.18969
0.08846
-0.059745
-0.35993
-1.0752
-1.2277
-0.3021
-0.19226
-0.59513
-0.78912
-0.8483
-0.29487
-0.2332
-0.53718
-0.70045
-0.78535
-0.71351
-0.6096
-0.63881
-0.44064
-0.30559
-0.18407
-0.16705
0.040505
-0.39016
-0.67101
-0.78666
-0.77651
-0.61284
-0.53883
-0.269
0.64717
0.82021
-0.050444
-0.4477
0.21925
0.30513
0.52099
0.89332
0.72879
0.83446
0.88727
0.88705
0.20484
-0.29733
0.38863
1.2951
1.2132
0.97522
0.66624
0.20674
0.28727
0.37189
0.73905
0.98226
0.86394
0.82779
1.1021
0.93299
0.17765
0.39063
0.81574
0.4834
-0.067026
-0.15593
0.46916
0.015707
-0.42232
-0.27688
0.040444
0.41266
0.073299
-0.29475
-0.13416
-0.6355
-0.56745
-0.24045
0.016743
-0.024889
-0.33118
-0.40887
-0.54811
-0.013292
-0.048047
-0.0063569
0.028479
-0.11377
-0.37033
-0.51904
-0.80553
-0.51042
0.045986
-0.71224
-1.0825
-0.47266
-0.74576
-0.60389
-0.35739
-0.34713
-0.39242
-0.47094
-0.4743
-0.38496
-0.42952
-0.62083
-0.51947
-0.38144
-0.3366
-0.37413
-0.29655
-0.1351
0.0010035
-0.068186
0.035302
0.075379
0.080756
0.32781
0.70684
0.71221
0.37791
0.26157
0.50006
0.37376
0.24736
0.45372
0.53254
0.31632
0.30143
0.44722
0.44395
0.32003
0.40978
0.47265
0.25418
0.1672
0.20428
0.1273
0.092737
0.037142
0.027167
0.017025
-0.076583
-0.096121
-0.142
-0.14116
-0.13643
-0.16715
-0.21326
-0.14049
-0.16742
-0.29884
-0.26641
-0.20486
-0.26044
-0.25641
-0.16807
-0.19882
-0.17483
-0.15958
-0.18351
-0.13729
-0.10953
-0.077358
-0.015674
-0.00053177
0.027246
0.049117
0.044442
0.028062
0.06468
0.051602
0.083331
0.13828
0.15412
0.12992
0.15717
0.14065
0.11506
0.10748
0.098987
0.096404
0.10096
0.10732
0.092906
0.086447
0.097425
0.044231
0.015948
0.0045375
-0.0039559
-0.00473
-0.00058906
-0.012381
-0.0071572
-0.027062
-0.060766
-0.048684
-0.042955
-0.019213
-0.02722
-0.037526
-0.035581
-0.058654
-0.048407
-0.016299
-0.019847
-0.013548
0.016297
0.0016256
0.010883
0.0017229
0.0077371
0.014362
0.017251
0.033947
0.029961
0.028666
0.030967
0.028741
0.021001
0.019766
0.018313
0.01659
0.011695
0.012341
0.0077928
-0.0045684
0.014693
0.0029902
-0.022268
-0.0078761
-0.0037146
-0.0057649
-0.017506
-0.011495
-0.010165
-0.017939
-0.011949
-0.014423
-0.0047618
-0.0053231
-0.0061093
-0.00048144
0.0029517
0.013651
0.052949
0.040589
-0.0032325
-0.027265
0.0037629
-0.036065
-0.06444
-0.035035
-0.014758
-0.036932
-0.035029
0.015243
-0.0082831
-0.01719
-0.011415
-0.024188
-0.0099186
-0.0029477
-0.026561
0.0010467
0.013015
0.019229
0.0010988
0.020854
-0.013348
-0.010786
0.0094026
-0.0018571
0.016157
0.030373
0.052242
0.032525
0.017338
0.061829
-0.0028015
-0.0048112
0.036136
0.011383
0.0015173
0.011876
0.017565
0.0079489
0.019697
0.022446
0.007445
0.014069
0.015565
0.004485
0.0030787
0.0066402
0.017443
0.00278
0.003881
-0.0039769
-0.0036934
-0.011314
0.010198
-0.0015932
-0.0094973
5.225e-05
-0.0063562
-0.010775
0.0013406
-0.0026801
-0.0073367
-0.0023176
-0.0049041
0.0036635
0.00073825
0.0037066
0.0035024
0.0024501
-0.0017942
0.0032721
0.0086884
0.0059633
0.0084966
0.0083695
0.0074784
0.0077683
0.00038914
0.0075201
0.0082477
0.0058959
0.010587
0.0056005
0.011917
0.01477
0.01659
0.012925
0.022958
0.031159
0.013343
0.012556
0.010764
0.00070208
-0.0018101
-0.0031096
-0.0046638
-0.0089095
-0.011575
-0.012041
-0.015692
-0.020788
-0.011925
-0.015506
-0.012831
-0.0072011
-0.015115
-0.0075926
-0.010533
-0.0087504
-0.0067689
-0.0069679
-0.0022464
-0.0052014
-0.0055135
-0.0024096
-0.0067071
-0.003243
-0.0020553
0.0025864
-0.0021917
-0.0010108
0.00054267
-0.011685
0.0012982
0.0004175
-0.0019399
0.0016536
0.0020577
-0.0022621
0.000296
-0.0055321
-0.0030891
-0.0015323
-0.0011512
0.0020834
-0.0013263
-4.1462e-05
-0.0049939
0.0018055
0.0058151
0.0020089
0.0053628
0.0067698
-0.0025381
0.0046684
0.0073599
0.0020406
0.0085211
0.0017377
0.0013782
0.0049996
0.0054161
0.0012393
0.0021009
-0.0011795
0.0013957
0.00044914
-0.0022778
0.0030111
0.0034681
0.0048074
-0.0032687
0.0021553
0.0024079
0.0021896
0.0040381
0.0014293
0.0016856
-0.0024595
0.001433
0.00028412
0.0065843
-0.0014422
0.0031362
0.0023963
0.005168
0.00072969
0.0062923
0.00043201
0.005134
-0.00027244
0.0047049
2.6362e-05
0.0029023
0.00084184
0.00018429
0.0030066
0.0020842
0.0004842
0.0027502
0.00021637
-0.00012376
-0.00099776
-0.00022849
0.00067415
0.0029101
-0.0012291
-0.0012965
0.00021072
-0.00078355
0.0022988
0.0011018
0.0020615
0.0036594
0.0049744
-0.004346
-0.0022361
0.0049203
0.0031553
-0.00079808
-0.0006454
-0.0025844
-0.0020442
-0.00014312
-0.0029093
-0.0007846
0.0046483
-6.5317e-05
-0.0035157
-0.0056633
-0.001891
-0.0024006
0.00066675
0.0061168
0.0012229
-0.0022845
0.00093568
0.0058218
0.0033284
-0.00048029
0.002044
-0.00089902
-0.0026984
-0.00012269
0.0014758
-0.003132
-0.0020132
-0.0012254
-0.0018292
7.4e-05
0.0030405
-0.0030675
0.00081796
0.0005706
0.0011677
-0.0010417
0.0020506
0.0049757
0.0019661
0.0021211
0.0057726
-0.0040256
0.0081735
-0.0022018
0.0093495
0.035171
0.042531
0.02389
0.0026529
-0.029598
-0.052726
-0.010152
-0.031125
-0.0093765
-0.014681
0.0069442
-0.012508
-0.023768
-0.031817
0.014931
0.0028363
-0.052436
-0.075968
0.0045971
-0.055897
-0.011644
-0.080256
-0.063053
-0.10011
0.12763
0.10972
-0.16193
0.0023748
0.21954
-0.038826
0.2161
0.23234
-0.15183
0.14916
0.10073
-0.13478
0.13829
0.10906
-0.089675
0.13007
-0.019671
0.002852
-0.036544
-0.062265
-0.4091
-0.50696
-0.38138
-0.085564
0.18399
0.050207
0.043068
-0.13954
0.098932
0.23406
-0.047538
0.15651
0.079288
-0.15714
0.29913
0.26272
-0.099028
-0.25843
-0.38755
0.012628
0.0099178
-0.28721
-0.27914
0.095461
-0.11681
-0.52682
-0.16761
0.37487
0.31859
0.50011
0.16565
-0.44349
-0.28617
0.014428
-0.016092
-0.23378
-0.4229
0.033295
0.14264
-0.17368
-0.12341
0.47473
-0.68969
-0.23254
0.54651
0.54535
0.39385
0.20939
-0.1564
-0.48884
-0.20738
0.27152
0.55519
0.59217
0.28721
0.15073
0.18092
0.27723
0.38898
0.41956
0.3762
0.19263
0.21962
0.1027
0.10518
0.29467
-0.10396
-0.39483
-0.62972
-0.36606
0.1067
0.31185
0.020853
-0.082121
-0.17781
-0.013765
0.28383
-0.3053
-0.74388
-0.18354
-0.078156
-0.43089
-0.40992
-0.51991
-0.4474
-0.63824
0.077726
0.028372
-0.21155
-0.16085
-0.16213
-0.31668
-0.14328
0.0901
-0.041916
-0.12574
-0.32214
-0.085059
-0.0024227
-0.09523
-0.034153
-0.01418
-0.02214
-0.036177
-0.14428
0.057985
0.043202
-0.39339
0.034884
0.23596
-0.27162
0.2115
0.79823
1.3121
0.80436
-0.26253
-0.53177
-0.080616
-0.074645
-0.01926
0.26314
0.25802
0.47304
0.49745
0.35807
0.3138
0.067118
-0.26361
0.061371
0.63348
0.66388
0.30266
-0.27961
0.039529
0.27893
0.044779
0.4028
0.5881
0.10903
-0.22722
0.069086
0.38628
0.24513
0.01869
0.12116
0.23696
0.17819
0.0065706
0.051351
0.36075
0.070304
-0.82673
-1.4427
-0.60879
0.14693
-0.23798
-0.32255
-0.40776
-0.54635
-0.50064
-0.46385
-0.46332
-0.45223
-0.58925
-0.45662
-0.25634
-0.26181
-0.47501
-1.0056
-0.38298
-0.0066546
-0.29258
-0.051367
0.28979
-0.049201
-0.43057
-0.21571
0.29639
0.20785
0.28843
0.23843
0.15572
0.45363
0.45575
0.20218
0.10183
0.14742
0.12145
0.071291
0.25417
0.57492
0.10745
-0.47411
-0.22232
-0.00048106
0.11191
-0.14691
0.033844
0.5107
-0.57609
-0.84197
0.048314
0.56206
-0.12191
0.063777
0.55112
-0.024238
0.10929
0.70908
0.24824
0.33042
0.58482
0.089708
0.16766
0.65882
0.12598
0.053541
0.23019
0.22724
0.30558
0.57042
0.076557
-0.013748
0.18419
0.037482
-0.097248
0.10616
0.27072
-0.033659
0.037607
0.0038322
-0.13037
-0.011351
-0.20864
-0.31536
-0.50392
-0.89487
-0.30534
0.23617
-0.093472
-0.52384
-0.63661
-0.14786
-0.26125
-0.61893
-0.35877
-0.17033
-0.52135
-0.39959
-0.33311
-0.62319
-0.82093
-0.54488
-0.63225
-0.0077165
0.3462
0.30182
-0.25042
-0.72159
0.04386
0.30703
0.1721
0.13324
0.33897
0.33471
0.57611
0.69886
0.36769
0.096411
-0.04855
0.12679
0.30703
0.22641
0.46491
0.41848
-0.36511
-0.19033
0.16698
-0.020637
0.13844
0.64424
0.60507
-0.24333
-0.14829
0.16017
0.099894
-0.1218
0.10673
-0.11654
-0.09402
0.27206
0.42448
0.43204
0.27024
-0.16209
-0.78775
-0.09662
1.3687
0.60842
-0.22203
-0.028184
0.36572
-0.18311
-0.55879
-0.15575
0.86186
0.9091
0.38987
-0.044643
-0.37026
-0.19451
0.17834
0.18816
0.20694
0.21829
0.0396
-0.083974
0.14832
0.19365
0.063756
0.10512
0.043378
-0.04677
-0.027322
-0.081852
-0.082434
0.0037983
0.071009
0.10535
0.10147
0.04333
-0.11299
-0.11748
-0.16124
-0.17995
-0.1908
-0.18
-0.15041
-0.16026
-0.21601
-0.27408
-0.27218
-0.32185
-0.33858
-0.34632
-0.35083
-0.32258
-0.30299
-0.22898
-0.18341
-0.20572
-0.20052
-0.14979
-0.16188
-0.12865
-0.041669
-0.057638
-0.01006
0.062089
-0.021889
0.056531
0.11158
0.14539
0.17042
0.20744
0.19308
0.18629
0.22552
0.22195
0.26777
0.23177
0.22507
0.20383
0.17572
0.17061
0.16149
0.11347
0.040574
0.026007
-0.010928
-0.053989
-0.07666
-0.070546
-0.10526
-0.12015
-0.18167
-0.1715
-0.16419
-0.17999
-0.12717
-0.11227
-0.082162
-0.088384
-0.098521
-0.06022
-0.014662
0.034475
0.04636
0.060331
0.0608
0.077262
0.097834
0.091887
0.11451
0.11198
0.096773
0.079383
0.054341
0.068848
0.038402
0.038094
0.013769
0.017962
-0.0028276
-0.023947
-0.03193
-0.04626
-0.054469
-0.066412
-0.058743
-0.053024
-0.051941
-0.035258
-0.030202
-0.022951
-0.0065884
0.0032091
0.02097
0.020401
0.03195
0.034848
0.032402
0.05299
0.058228
0.055835
0.069957
0.047455
0.059228
0.061426
0.039757
0.04416
0.026126
0.012464
0.0081608
-0.0012612
-0.011913
-0.018479
-0.025474
-0.024351
-0.032436
-0.033192
-0.036376
-0.019968
-0.013157
-0.0051306
0.00032663
0.01988
0.021383
0.025552
0.028737
0.023809
0.027348
0.024716
0.019998
0.023123
0.0056649
-0.00060693
-0.0051127
-0.025135
-0.020107
-0.035944
-0.050962
-0.032609
-0.040393
-0.034852
-0.020318
-0.023498
-0.015967
-0.0055862
-0.0033965
0.0041633
0.01448
0.01147
0.016939
0.024595
0.01774
0.0046103
-0.0024737
-0.006202
-0.0064511
0.00058477
-0.018319
-0.011207
-0.014864
-0.014304
-0.018191
-0.014654
-0.010076
0.0022906
0.0013257
0.01221
0.017548
0.02255
0.011055
0.015331
0.015698
0.0059838
0.0066522
0.011188
0.001392
0.0027089
-0.0057307
-0.0037921
-0.0078321
-0.0073426
-0.0072067
-0.0052367
-0.0021642
-0.0079279
-0.0024749
0.001382
-0.0018147
0.006879
0.0022228
0.0017053
0.0009662
0.003109
0.0018219
0.0037255
0.0080252
0.012861
0.0099933
0.0037345
0.0099699
0.00085563
-0.005486
-0.0023996
0.0044724
0.0048565
0.0010731
-0.00083643
-0.013168
-0.0023351
-0.010733
-0.0063044
-0.0053541
-0.00069829
-0.0063718
-0.0046426
-0.010516
-0.0058056
-0.0052581
0.0025979
-0.0037989
-0.015839
-0.0011954
-0.019442
-0.045878
-0.01358
-0.034789
-0.02993
-0.064842
-0.031089
-0.020237
-0.064555
-0.058515
-0.065578
-0.029113
-0.05131
0.012792
-0.069899
-0.085714
-0.029159
-0.065716
-0.084766
-0.0050446
0.033714
0.027805
0.0054619
-0.0067637
0.10819
0.024411
-0.035153
0.062655
-0.077077
-0.021357
0.062881
0.069396
0.0058274
0.10581
0.13074
0.24692
-0.14163
-0.12399
0.64131
0.27398
-0.23967
0.33392
0.67054
0.082193
-0.053205
0.30831
0.4955
0.1509
0.054499
0.4448
0.81508
0.16879
-0.073143
1.0204
0.6584
-0.4719
-0.13175
0.46683
-0.11402
-0.336
-0.20872
-0.16172
-0.28684
-0.057565
-0.26219
-0.3837
-0.39867
-0.26367
-0.22579
-0.32862
-0.24159
-0.13916
-0.15196
0.12605
0.01303
0.15929
-0.20469
-0.65576
-0.26862
-0.20683
-0.31325
-0.24991
-0.54016
-0.75916
-0.26963
-0.54291
-0.82244
-0.57821
-0.52761
-0.67873
-0.65845
-1.0738
-1.1067
-0.55945
-0.38511
0.31534
0.6182
-0.061759
-1.0948
-0.78546
0.02196
-0.01376
-0.10374
0.37968
0.35064
-0.083061
0.1372
0.78315
0.36214
0.43968
0.67706
0.23444
-0.085037
0.37702
0.66146
0.095719
-0.18641
0.17405
0.18086
-0.11174
0.10851
0.57525
0.71679
0.54451
-0.068081
-0.01998
0.63131
0.51048
-0.06778
-0.096964
0.53523
0.39457
0.48157
0.68233
0.6661
0.023153
0.22351
0.69781
0.53811
0.28355
0.4395
0.1599
0.041294
0.25108
-0.049329
0.10458
0.11014
-0.17007
-0.18771
-0.080654
-0.26987
-0.23459
0.14262
0.10973
-0.13187
6.1345e-05
0.22581
0.19506
-0.0455
0.072081
0.241
-0.06223
-0.55041
-0.67162
-0.49747
-0.12251
0.05109
-0.36135
-0.29333
-0.11666
-0.36645
-0.72372
-0.97248
-0.73914
-0.91432
-0.7756
-0.17979
0.32856
0.15649
-0.13827
-0.88186
-0.92757
-0.13509
0.17801
-0.27434
-0.38615
-0.089371
0.11165
0.17312
0.26731
0.10702
-0.83251
-0.072885
0.70741
0.3357
0.44185
0.17242
-0.18982
0.093283
0.47458
0.19577
0.083498
0.11668
0.16666
0.41309
0.76268
0.85212
1.3901
0.8553
-0.17388
0.11281
0.70363
0.53958
-0.035159
0.05073
0.61113
0.76875
0.71916
1.0906
1.283
0.035141
-0.40765
0.24737
0.35497
0.54867
0.54235
0.049519
0.018791
0.21015
0.15311
-0.20863
-0.32273
-0.47032
-0.48269
-0.36316
-0.95528
-0.73798
-0.36163
-0.34844
-0.53034
-0.54059
-0.37959
-0.47002
-0.45494
-0.59683
-1.1133
-0.90491
-0.31609
-0.46835
-0.47073
-0.29547
-0.15562
-0.16844
-0.13551
-0.16871
-0.39333
-0.54919
-0.40614
-0.50426
-0.23884
0.63723
0.74813
0.1278
0.20912
0.22297
0.19758
0.30184
0.26501
0.25061
0.21569
0.41508
0.63559
0.43269
0.3139
-0.3511
-0.066331
0.82882
0.83919
0.044216
-0.34213
0.21151
0.20836
0.10285
0.21236
0.27549
0.30069
0.1066
0.20134
0.14137
-0.069258
-0.14999
0.70534
1.1158
0.50812
-0.4187
-0.064735
0.71405
0.17006
-0.33238
0.25454
0.61767
0.55337
0.61101
-0.072718
-0.4324
0.089371
0.33508
0.41563
0.43645
0.28309
-0.2032
-0.12353
0.052209
-0.48789
-0.18468
-0.16823
-0.088607
-0.7648
-0.87644
-0.45601
-0.79305
-0.86543
-0.55327
-0.60093
-0.58797
-0.4781
-0.55723
-0.5433
-0.31957
-0.34635
-0.37592
-0.16701
-0.26189
-0.19477
-0.15335
-0.13564
-0.10783
-0.055644
-0.031734
-0.023257
0.12905
0.18271
0.13665
0.14457
0.14152
0.14658
0.19709
0.30681
0.38168
0.2884
0.40608
0.32372
0.076281
0.076021
0.2356
0.12774
0.11677
0.11827
0.090981
-0.031841
0.12038
0.25717
0.17263
0.11428
0.20026
0.16178
0.030511
0.017561
0.10982
0.040344
-0.026297
-0.019025
0.041018
-0.029028
-0.035335
0.047544
0.036511
0.054192
0.042486
0.047271
0.036391
-0.010539
-0.026818
-0.12155
-0.1795
-0.21614
-0.20993
-0.20812
-0.20699
-0.22421
-0.22198
-0.20906
-0.2145
-0.19662
-0.17038
-0.12224
-0.047867
-0.021857
0.042802
0.051465
0.062519
0.11238
0.09055
0.096138
0.13153
0.10766
0.13761
0.13981
0.13384
0.16213
0.14992
0.14531
0.13358
0.12543
0.095798
0.061121
0.037786
0.0050932
0.0012864
-0.014252
-0.013778
-0.033477
-0.056391
-0.073983
-0.088759
-0.081049
-0.07635
-0.078542
-0.070307
-0.049866
-0.045566
-0.04162
-0.012057
-0.016077
-0.0045682
0.021376
0.051286
0.070765
0.077735
0.038599
0.018148
0.013347
0.024644
0.034539
0.029425
0.026869
0.021844
-0.018634
-0.033565
-0.035693
-0.037636
-0.01387
0.0070977
-0.009719
-0.011689
-0.012212
-0.01616
-0.021034
0.0027795
0.011654
0.0050475
0.0087041
-0.0077666
-0.013027
-0.0028445
0.009455
0.020028
0.018338
0.017468
0.005431
0.007256
0.0088091
0.0083248
0.0090493
0.01071
0.00020293
-0.0039422
-0.010333
-0.010307
-0.011637
-0.0071288
-0.0059936
-0.010322
-0.0076214
0.00076913
-0.0083075
0.017244
0.010658
0.022551
0.019912
0.023699
0.024213
0.02519
0.027238
0.018908
0.024721
0.018594
0.022926
0.016523
0.012884
0.0055711
0.0019497
-0.0059506
-0.0018191
0.0017921
-0.0053892
-0.0034553
-0.011672
-0.0037031
-0.0066425
-0.0062888
-0.0029811
-0.0053817
-0.003284
-0.00074703
-0.00065462
0.0063109
0.0010452
-0.00083231
-0.003994
-0.00068373
-0.00056446
-0.006161
0.0013808
-0.0092452
-0.0047752
-0.0085693
-0.014163
-0.016032
-0.0056393
0.0059201
-0.0083216
0.0072694
0.010048
0.010749
0.01361
0.0083322
0.0091042
0.0040668
0.011403
0.0089734
0.011667
0.00025458
0.0059545
-0.0020527
-0.0014996
-0.0041833
-0.010533
-0.0031662
-0.001004
0.0014047
-0.0087881
-0.00096757
0.0020827
0.00073752
0.0063698
0.0030632
0.0094908
0.0072061
0.010433
0.0062156
0.0038541
0.007598
0.0058236
-0.0060563
-0.0052998
-0.0044254
-0.0034237
-0.0036695
-0.00090055
-0.0030299
-0.0030642
-0.0067477
-0.0033857
-0.001897
-0.0020304
0.002377
-0.003811
0.0039804
0.0051263
-0.0034926
-0.0021693
0.001442
-0.001263
-0.0041754
0.00075613
0.00089174
-0.005657
-0.0011859
-0.0040227
-0.0030221
-0.0048984
-0.008657
-0.0023373
-0.010965
-0.012436
-0.012872
-0.0036692
-0.02081
-0.016193
-0.0038434
-0.0049898
-0.0031375
0.0020115
0.0052443
-0.00056299
0.0026546
0.00062618
0.0084326
0.0083373
0.012241
0.028324
0.048704
0.036117
0.016881
0.0023247
0.0019084
0.023597
0.004017
-0.0057333
-0.0085259
-0.0070472
-0.022745
-0.017133
0.00425
-0.016824
-0.036403
-0.05619
-0.044757
-0.012408
0.0091963
0.036684
0.057444
0.051025
0.056859
0.15387
-0.090533
0.11122
0.23726
-0.14252
-0.0064002
0.20863
0.041173
-0.031013
-0.017494
-0.081703
-0.032568
-0.10262
-0.27725
-0.19116
-0.36715
-0.13145
-0.83772
-0.081873
0.28458
-0.0029586
-0.14389
0.035979
0.020537
0.061055
-0.14569
0.048309
0.08474
-0.15443
0.036466
0.17682
0.1852
0.035582
0.0048764
0.2981
0.036808
0.0024254
-0.030496
-0.072706
0.4233
0.79796
0.88791
1.0858
0.62778
0.098896
0.82032
-0.01802
-0.26835
0.43744
0.26478
-0.17073
0.30319
0.23964
0.57559
0.28622
-0.22411
-0.21163
-0.015152
-0.013097
-0.41203
-0.70078
-0.51258
-0.8951
-1.06
-0.45025
-0.76145
-0.93427
-0.3414
0.020739
-0.12023
-0.18086
-0.082872
-0.13116
0.099158
0.22307
-0.080686
-0.28586
0.31943
0.66956
-0.020566
-0.43636
0.1225
-0.46485
-0.35166
-0.31656
-0.31739
0.060692
-0.15706
0.039757
-0.16497
0.31766
0.24314
0.057905
0.15666
0.09392
0.2806
-0.12039
-0.37212
0.10394
0.35797
0.0062162
-0.06215
0.14754
-0.010557
-0.069926
0.21155
0.046571
0.11547
0.33982
0.44216
0.63051
1.1321
0.27125
0.74315
0.57863
0.32863
-0.40309
-0.18468
0.46356
0.13422
0.077235
0.31641
0.048888
0.037663
0.73519
0.46748
-0.32285
-0.21539
-0.2362
-0.56394
-0.38041
-0.54629
-0.85639
-0.56233
-0.58138
-0.91318
-0.65707
-0.25692
-0.067162
0.018163
-0.15466
-0.21373
0.074638
0.38087
0.46478
0.19261
-0.31068
0.014775
0.41631
0.25901
-0.31857
-0.33886
-0.3888
-0.15418
-0.50844
-0.035486
-0.1299
-0.2796
-0.54436
-0.11201
-0.21643
-0.1109
0.38889
0.27357
-0.15646
-0.40765
-0.046465
0.2816
-0.026352
-0.10015
0.09561
0.14592
0.16298
0.12695
0.25107
0.28916
0.15123
0.047079
0.1403
0.091227
0.48934
0.55158
0.39322
0.061155
0.26878
0.5872
0.1566
-0.23507
-0.017571
0.48165
0.0046637
-0.12433
0.35341
0.31521
0.26623
0.21196
0.48562
0.33467
0.03301
-0.11118
0.043112
-0.02634
-0.3389
-0.26206
-0.5627
-0.76094
-0.64926
-0.83463
-0.73898
-0.60185
-0.86764
-0.54702
-0.12709
-0.33128
-0.33624
0.088759
-0.030128
-0.38813
-0.065847
0.15773
-0.014701
-0.17582
0.30619
0.50255
0.35228
-0.0055782
-0.31197
0.028658
0.18773
-0.11534
-0.30015
-0.36619
-0.29213
0.22515
0.084159
-0.074004
-0.12859
-0.22772
-0.19942
-0.29683
-0.0601
0.57435
0.36719
0.067778
-0.11317
-0.031264
0.19532
0.18203
-0.071915
0.063034
0.21154
0.25265
0.21922
0.26117
0.3205
0.2523
0.067868
0.01283
0.18445
0.18037
0.22466
-0.047792
-0.24771
0.37325
0.78626
0.79095
0.32149
0.18414
0.27287
0.15527
-0.057655
-0.1289
-0.017655
0.18159
0.086561
0.10061
0.34382
0.067313
-0.098844
0.3419
0.32568
0.16928
0.17418
0.14808
0.13782
-0.10684
-0.34532
-0.49947
-0.54389
-0.60299
-0.52227
-0.69448
-0.72475
-0.61364
-0.67933
-0.53921
-0.34347
-0.0078625
-0.1468
-0.17416
-0.10624
-0.11096
-0.14297
0.19154
0.13818
-0.21401
0.010822
0.39144
0.50409
0.04585
-0.37753
0.13286
0.25285
-0.03729
-0.35601
-0.31614
-0.052341
-0.06959
-0.21781
0.010883
0.080339
-0.32493
-0.3849
0.0043209
-0.12026
0.19169
0.46869
0.22062
-0.15365
-0.15743
0.099822
0.14913
0.056213
0.01546
0.1818
0.16096
0.063462
0.16508
0.24621
0.2425
0.14752
0.11919
0.154
0.23941
0.1152
0.10197
-0.27778
0.22191
0.74614
0.8255
0.75222
0.046102
0.17342
0.19887
0.0042493
-0.0093172
0.16609
0.072235
0.03576
-0.033965
0.35218
0.11393
-0.15883
0.23587
0.3956
0.53913
-0.091759
-0.093111
0.52019
-0.063285
-0.57374
-0.32789
-0.34405
-0.65419
-0.5146
-0.68826
-0.72109
-0.64598
-0.49231
-0.26693
-0.10955
-0.20499
0.025858
0.053588
-0.40389
-0.17546
0.24699
0.16729
-0.16567
-0.085095
0.28256
0.51997
0.17768
-0.29906
-0.10616
0.25418
0.077285
-0.554
-0.32802
0.10374
-0.1834
-0.36431
0.10512
0.15114
-0.24742
-0.40563
-0.21747
-0.097091
0.31179
0.3117
0.24767
0.037841
-0.14579
0.063973
-0.022804
-0.0064158
0.24055
0.073828
0.11446
0.22134
0.28076
0.24123
0.28089
0.069011
-0.057878
0.26145
0.40357
-0.00042194
0.027553
0.0075535
0.057156
0.48922
0.85968
0.9084
0.13704
-0.02404
0.26741
0.089805
-0.15432
0.078441
0.10255
0.041201
0.05217
0.20402
0.37061
0.0049992
-0.086644
0.55002
0.34342
-0.13148
0.10035
0.3866
0.037121
-0.48275
-0.63678
-0.25885
-0.56324
-0.60319
-0.56833
-0.74854
-0.66003
-0.71648
-0.70671
-0.38548
-0.31727
-0.082948
-0.057958
-0.046096
-0.18545
-0.29595
-0.023988
0.28784
-0.10816
-0.18758
0.19466
0.57253
0.29049
-0.24549
-0.025282
0.26711
-0.00099469
-0.2293
-0.44048
-0.035324
0.29457
-0.50792
-0.12445
0.35039
-0.089911
-0.55801
-0.20597
-0.17213
0.29564
0.64604
0.21831
-0.16662
0.13759
0.18205
0.058852
0.030479
0.062874
0.15451
0.11946
0.18534
0.13686
0.16843
0.18543
0.19167
0.055805
0.063176
0.17205
0.38737
0.026939
0.09407
0.03244
0.13205
0.78026
1.1069
0.58688
-0.14235
-0.10001
0.48658
0.25195
-0.39704
-0.22425
0.61818
0.17776
-0.33373
0.33532
0.47099
-0.26425
0.066683
0.64634
0.37141
-0.41225
0.16828
0.65372
-0.32658
-0.88627
-0.30372
-0.42764
-0.82475
-0.59271
-0.5221
-0.87486
-0.69237
-0.63208
-0.47522
-0.3128
-0.14591
0.017568
-0.1556
-0.25913
-0.1945
-0.15341
0.17476
-0.0020317
-0.22647
0.10431
0.32627
0.50232
-0.016207
-0.36601
0.26225
0.26211
-0.11044
-0.238
-0.48682
0.064524
0.015727
-0.12112
0.075296
0.065962
-0.26432
-0.30285
-0.21
-0.042684
0.50847
0.44238
-0.040248
-0.25022
0.095645
0.18477
0.024414
0.040553
0.12695
0.20248
0.14869
0.10015
0.19774
0.23905
0.23207
0.12934
0.16276
0.20913
0.33377
0.056294
0.024267
-0.16307
0.223
0.69379
1.0673
0.52714
0.19798
-0.019448
0.055168
0.24581
-0.17228
-0.064662
0.325
0.11046
-0.15551
0.11494
0.24121
-0.026824
0.265
0.32835
0.26124
-0.21263
0.12709
0.60353
-0.19214
-0.76852
-0.36674
-0.27938
-0.71214
-0.47575
-0.43118
-0.76039
-0.69154
-0.68607
-0.48362
-0.28011
-0.13881
-0.15462
-0.08313
-0.11662
-0.38089
-0.23331
0.10005
0.0093267
-0.11244
0.27919
0.46331
0.096545
-0.23677
0.076743
0.28075
-0.10283
-0.24727
-0.0042129
-0.019671
-0.032067
0.043552
0.085088
-0.026311
-0.62888
-0.74712
-0.38011
0.6451
0.82433
0.49259
-0.21675
-0.14686
0.33653
0.24658
0.21953
0.43561
0.22996
0.21191
0.26632
0.37723
0.36239
0.12108
0.07775
0.19634
0.11138
0.050709
0.049707
0.026963
0.067034
0.028732
0.024391
-0.00070975
-0.048232
0.032139
-0.019316
-0.021826
-0.0074435
-0.061322
-0.034169
-0.066696
-0.092678
-0.0051045
-0.11802
-0.21452
-0.18758
-0.10675
-0.18547
-0.18368
-0.025789
-0.010826
-0.015237
0.069588
0.075136
-0.036795
0.072875
0.1511
0.062135
0.093264
-0.038045
-0.072315
-0.057654
-0.1266
-0.15122
-0.079497
-0.048473
-0.076978
-0.088813
-0.066285
-0.079131
-0.084452
-0.071338
-0.034362
-0.051561
-0.022513
0.0036372
-0.0026373
0.0072018
0.0073967
0.025698
0.026436
0.038624
0.053287
0.047719
0.055603
0.047749
0.030753
0.043971
0.037147
0.032488
0.019402
0.015418
0.0059256
-0.0053561
-0.011383
-0.015907
-0.011744
-0.010035
-0.020598
-0.02303
-0.020947
-0.025874
-0.04184
0.00091551
0.016455
-0.011197
-0.027943
-0.020815
-0.020944
-0.017407
0.0011353
0.011422
0.0067803
0.013632
0.016386
-0.0074602
0.076927
0.016321
0.0025002
-0.0049521
-0.010501
-0.0022691
-0.0086109
0.014546
0.012013
-0.014027
-0.012497
-0.01679
-0.033169
-0.0064521
0.050712
-0.019067
-0.04115
-0.025713
-0.01878
-0.0010468
0.0046837
0.0084273
-0.0083098
0.017804
0.024776
0.0071586
0.0017459
0.0021404
0.017673
0.014928
0.010265
0.0058445
-0.0036915
0.00094318
0.001303
-0.011549
-0.0095328
-0.006066
-0.011074
-0.01311
-0.019136
-0.011193
-0.01354
-0.0063356
-0.0020128
0.0024496
-0.00096824
0.0014018
0.0055326
0.0048192
0.0086763
0.010162
0.013224
0.012041
0.0073417
0.007642
0.0091817
0.0071624
0.0057559
0.001002
-0.0044078
-0.0051768
-0.0032914
-0.0086599
-0.0073318
-0.0018836
-0.0048757
-0.0046647
-0.0035071
-0.0091676
-0.0046241
-0.011342
0.0047329
-0.0034882
-0.00095164
0.01311
0.031394
0.0051586
-0.0067605
-0.017208
-0.015243
0.01074
0.010538
0.0046723
-0.00022656
0.010324
0.0091437
-0.0085079
-0.0039169
0.001261
0.0057284
0.0041277
-0.010119
-0.0068336
-0.0074964
-0.0054661
0.00030727
0.0027728
0.0014009
-0.010847
-0.0034886
0.00046565
-0.0074826
0.00099026
0.002293
0.0023786
0.010199
-0.0021529
-0.012723
0.0017634
0.0077996
0.034797
-0.00069749
-0.019701
-0.011632
0.0046898
0.0095782
0.0077766
0.0087646
-0.0041717
-0.0088435
-0.015157
-0.0021109
0.0093649
0.0054084
0.0017423
-0.00031122
-0.0050621
-0.0029557
-0.00085391
0.011546
0.0065434
0.0070884
-0.00055339
-0.003037
-0.0019149
-0.0015122
0.0066506
0.0016461
-0.0042596
-0.0037784
-0.009791
-0.0032858
-0.0015223
-0.0005261
-0.00011157
-0.0019521
-0.0031058
-0.002153
0.00090512
0.00095763
-0.0007794
0.0041298
0.0027149
-0.00035175
0.0028941
0.00014219
0.0023796
0.0031638
-0.001988
-0.00059094
-0.0018307
-0.0026171
-0.001843
-0.0016802
0.00069802
-0.003566
0.0027511
0.00043536
0.0018037
0.0011007
0.00066967
0.0042511
0.0025745
0.0038022
-0.0018568
0.00046963
-0.0028947
0.0047508
0.0014218
-0.0045777
0.0045049
-0.00092559
-0.0069802
0.0050622
-0.00024866
-0.0006341
0.0034879
0.0023602
-0.0006554
0.001237
0.0027945
0.0018398
0.0023636
0.0028326
0.0076185
-0.00094671
0.00024885
0.0028416
0.00040696
-0.00082938
-0.0003
-0.0013341
-0.0030762
-0.00025087
-0.0054595
-0.0040364
-0.0033015
-0.0064292
-0.00059726
-0.0037608
-0.0051269
-0.0013241
-0.0024506
-0.0011181
0.0036313
-0.0016344
-0.00024563
0.00046218
0.0012784
0.0046203
0.00013475
0.0024422
0.00069203
0.0038038
0.0038437
0.0033363
0.0018491
-0.00021246
-0.0013579
0.00068646
-0.0050017
-0.0025433
-0.0037325
-0.00023668
0.00090591
0.0035471
0.0015418
0.001759
0.0072996
0.0015231
0.002548
0.0042497
0.0041245
0.0026851
0.0060606
0.0033321
0.0005207
0.0010381
-0.00098845
0.010307
0.0040042
0.004237
0.0070414
0.0088906
0.0083877
0.0076904
0.0069602
0.001598
0.0035624
0.004696
0.0019985
0.0064517
-0.0015681
-0.0017067
-0.001529
-0.0027289
-0.0015398
-0.0023359
-0.0027047
-0.0025571
-0.0030824
-0.003563
-0.0018173
-0.0043136
0.0026769
-0.00041734
0.00025848
-0.0017789
0.001636
-0.00010258
0.00062017
0.00092669
0.0018573
0.0054707
-0.012404
0.014463
0.0113
-0.0016625
0.017537
0.063623
0.025584
0.020237
0.07434
0.045481
0.031881
0.034634
0.042007
0.12705
0.10441
0.050934
0.25706
-0.097857
-0.022671
0.039934
0.12174
0.028416
-0.089933
-0.05938
0.044651
-0.021378
0.016814
0.29232
0.0074482
-0.41177
0.018167
0.003591
-0.21628
-0.5286
-0.085216
0.27262
-0.33919
-0.68576
-0.10991
-0.058493
-0.41516
-0.22886
-0.10766
-0.076976
-0.090345
-0.20413
-1.0436
-1.3903
-0.43255
0.37772
0.18345
-0.023731
0.38208
0.083481
-0.71133
-0.35418
0.82631
0.38112
-0.35994
0.52886
1.0642
0.56446
-0.084449
0.27495
0.65099
0.36112
0.18449
0.28348
0.20323
0.21754
0.12244
0.53758
0.60507
0.34982
0.39313
-0.19274
-0.53755
0.18726
0.37827
-0.11866
-0.19915
-0.094798
0.25084
0.18217
-0.14537
-0.20357
0.42
0.76787
0.34454
0.073172
0.12818
-0.016671
-0.27345
-0.087141
0.051684
0.022246
0.1016
0.27717
0.11779
0.34648
0.42355
0.18072
0.20119
0.023774
-0.19773
-0.37873
-0.16558
0.35014
-0.037765
-0.57156
-0.30063
-0.27329
-0.53406
-0.74145
-0.3351
-0.59182
-0.62551
0.28088
0.010279
-0.2509
-0.27871
-0.6181
-0.50111
-0.30167
-0.56178
-1.1089
-0.82551
0.083934
0.031747
-0.057651
-0.18231
-0.63486
-0.44255
-0.34645
0.11991
0.61144
0.55526
-0.052388
-0.13389
0.41117
-0.28907
-0.55691
0.66944
0.5134
-0.035284
0.29465
0.63218
0.40478
0.63989
0.70215
0.73446
0.69409
0.75425
0.72754
0.76593
1.3861
1.3453
0.95827
0.75896
0.51099
-0.13653
-0.24062
1.0802
0.71887
0.086237
0.24093
0.82769
0.68657
0.14297
0.31854
-0.11843
-0.28611
0.10665
0.67937
0.19259
-0.34106
0.081984
0.22314
-0.013725
-0.47885
-0.11952
-0.070249
-0.33513
-0.34855
-0.4879
-0.73993
-0.83215
-0.5395
-0.45194
-0.90683
-0.92123
-0.39012
-0.96194
-1.2449
-1.0891
-0.99207
-0.78971
-0.85295
-0.70117
-0.50257
-0.41542
-0.61627
-1.0028
-1.0359
-0.54826
-0.76225
-1.0953
-0.79865
-0.70212
-1.2314
-0.84757
-0.56297
-0.29474
0.16041
0.13246
-0.53793
0.086782
0.78647
0.027245
0.14498
1.0526
0.86788
0.63097
0.92813
1.0297
0.84156
0.92252
1.034
0.86652
0.76407
0.97413
0.91029
0.7984
1.0987
1.0204
0.80646
0.97802
0.72108
0.5793
1.2623
1.2494
0.8512
0.1714
-0.3715
-0.32481
0.47684
0.81579
0.2832
-0.44232
-0.32858
0.32583
0.13328
-0.41625
-0.34905
0.34856
0.3474
0.13272
-0.29091
-0.5125
-0.13535
0.1016
-0.23011
-0.63259
-0.21755
0.086557
0.24222
-0.060168
-0.077839
0.23403
-0.23578
-0.56389
-0.20854
-0.19629
-0.51795
-0.50767
-0.091454
-0.46399
-1.0924
-0.67842
-0.36074
-0.67127
-0.66797
-0.052173
0.11387
-0.23067
-0.35231
-0.58326
-0.5553
-0.028775
-0.42715
-0.89219
-0.19846
0.33653
-0.47565
-1.1244
-0.087453
0.71187
0.55515
0.55771
-0.034817
-0.1292
-0.27785
-0.093821
-0.015373
0.59776
0.79402
0.25427
-0.027785
0.087703
0.17555
0.26133
0.43384
-0.086241
-0.33338
0.17335
0.58528
0.38367
0.34044
0.50624
0.19485
0.012933
0.49569
0.44454
-0.026308
0.2022
0.47589
0.43906
0.3322
0.44956
0.78273
0.60916
0.3807
0.43722
0.34541
0.30718
0.10791
0.057688
0.13208
-0.07288
-0.18373
-0.24318
-0.34794
-0.27758
-0.28141
-0.4376
-0.39551
-0.36867
-0.44387
-0.45214
-0.52789
-0.5819
-0.53396
-0.47228
-0.54267
-0.45108
-0.29684
-0.42767
-0.45014
-0.38279
-0.32883
-0.25045
-0.20531
-0.12095
-0.035571
0.012304
-0.006809
0.012231
0.083393
0.08845
0.10264
0.19007
0.16409
0.17084
0.26601
0.22252
0.26131
0.30398
0.23573
0.23001
0.29631
0.29427
0.23931
0.22949
0.24838
0.18395
0.11658
0.092589
0.084251
0.031055
-0.014779
0.0014431
-0.014597
-0.062589
-0.091203
-0.094148
-0.12123
-0.13425
-0.15486
-0.11043
-0.12771
-0.12506
-0.074169
-0.073674
-0.054536
-0.036287
-0.022124
-0.0093273
-0.039768
-0.022673
-0.018107
-0.016819
0.016632
0.0024452
0.014819
0.018076
0.039459
0.037449
0.015426
0.056378
0.05827
0.036998
0.039027
0.031048
0.028218
0.025553
0.027426
0.027826
0.022997
0.012699
-0.0061398
0.0022771
-0.0034028
-0.018617
-0.017508
-0.012229
-0.021614
-0.031784
-0.022838
-0.040736
-0.017688
-0.028856
-0.025628
0.012602
0.0052165
-0.030936
-0.025924
0.011564
-0.014916
-0.0078718
0.01038
0.02515
0.0061049
-0.0066661
-0.0031651
0.015593
0.010943
-0.032712
0.020327
0.012959
-0.025217
-0.0022054
-0.0094755
-0.010791
-0.012157
-0.0098859
-0.010797
-0.009443
-0.01023
-0.0044887
-0.0064847
-0.0021381
-0.00097434
0.0026597
0.0037572
0.004205
0.0063064
0.0051605
0.012467
0.0067319
0.0060062
0.016458
0.0090977
0.0046628
0.014575
0.0094946
0.0075011
0.0039405
0.0082965
0.005067
-0.00038899
0.0024881
-0.0017752
-0.0017272
-0.003005
-0.0020621
-0.0048467
0.00017385
0.0022142
0.00046144
0.0010299
0.0072709
-0.0014716
0.0028926
0.006942
-0.001263
0.0035683
0.0060076
-0.0005239
0.0062342
0.0031887
-0.0023504
0.003755
-0.0022342
-0.006177
-0.00088972
-0.0013673
-0.00047882
-0.013244
-0.0055713
-0.011566
-0.0036271
-0.0031069
-0.017285
0.0046028
-0.0055873
-0.016361
-0.00524
-0.0015748
-0.0053754
-0.014547
0.0054259
-0.0064068
-0.019761
-0.0019178
-0.0040964
-0.0089605
0.0014416
-0.0060254
-0.003839
-0.0069303
0.00094016
-0.0015487
-0.0041169
0.0065758
0.0054142
0.0024656
0.0024526
0.0074117
0.0077332
0.0050298
0.0074065
0.0076878
0.0017545
0.0023461
0.0013403
0.0040351
0.001851
-0.0011654
-0.0040174
-0.0032884
-0.0067418
0.00077102
-0.0013684
-0.0041315
0.0024597
-0.0039337
0.0031921
0.0086638
0.0081453
0.0068738
0.016103
0.0048059
0.0059518
0.0094465
0.012389
0.0093001
0.0028784
0.0046893
-0.0010033
-0.0052282
-0.0019942
-0.0054115
-0.001941
-0.0047607
-0.00561
-0.0057706
-0.0084334
-0.0052669
-0.0042287
-0.0027673
-0.0017811
-0.0038964
0.0012121
-0.00070902
-0.0019894
0.00010533
-0.0010294
0.00436
-6.9409e-05
-0.00051606
0.00071327
-0.003405
-0.00072022
0.00091892
0.0013659
-0.0033968
-0.00097726
-0.0053165
-0.0028708
0.0011984
-0.0046388
-0.0029989
-0.00090018
-0.0046809
-0.0011777
0.00027182
-0.0040487
-0.00091102
0.00085
5.8442e-06
0.0027596
-0.0038204
0.0029008
-0.007419
0.0048584
-0.0025467
-0.0029565
0.0013575
0.0015921
-0.0024252
-0.0066572
0.00031618
-0.0017905
-0.00052768
0.0051814
0.0019821
0.001144
-0.00026758
-0.0023359
0.0013115
-0.00013721
0.00069985
0.0047176
0.0024865
-0.00092476
-0.0018643
0.00095957
0.0010974
0.0019117
0.0048003
0.0033541
-0.0018006
0.0031284
-0.00078914
-0.0012138
0.0016472
-0.0021112
