0.00021966
7.1062e-05
-0.00038941
-0.00060522
-0.00044
-0.00020567
-5.5222e-05
3.5992e-05
9.0501e-05
0.00058705
0.0010386
0.00048049
-0.00023316
-0.0007749
-0.0010574
-0.00023561
0.0010566
0.0011084
-3.1224e-05
-0.00078266
-0.0005926
-0.00011371
-0.00018052
-0.00044729
-0.0002514
0.00039502
0.0012151
0.0010541
-0.00012645
-0.00082398
-0.00073521
-0.00024726
2.7746e-05
-0.00021806
0.00014659
0.0011224
0.0011766
-3.1631e-05
-0.0011506
-0.00093481
-0.00034933
-0.00032929
-0.00031702
-0.00035072
-0.00040889
-0.00028682
-6.2693e-06
0.00078277
0.0013114
0.00080403
0.00012375
-9.0485e-05
-8.5553e-05
-0.00031519
-0.00030784
-0.00013878
-0.00038389
-0.00015771
0.00033955
0.0003828
0.00025327
-7.5229e-05
-0.00050687
-0.00060911
-0.00024273
0.00011499
3.4147e-05
6.8997e-06
0.00012579
0.00014901
0.00034767
0.00041911
0.00021288
-0.00012475
-0.00038029
-0.00017097
0.00032774
0.00059284
0.00032159
-3.5626e-05
-0.0001486
-0.00032025
-0.00055012
-0.00056482
-0.00025769
7.2267e-05
0.00016789
0.0002862
0.00037964
0.00013116
-0.00013913
0.00020306
0.00044027
-0.00037238
-0.00091647
-0.00061089
-0.00040949
-0.00016922
0.00011517
0.00017932
0.00031546
0.00039537
0.00042881
0.00043797
-8.4688e-05
-0.00056953
-0.0003142
0.00042346
0.0010306
0.00071111
-0.00014111
-0.00071761
-0.00084113
-0.00027243
0.00016454
-5.6361e-05
-7.6541e-05
5.6599e-05
3.8041e-05
-0.00011775
0.00024495
0.00098636
0.00054573
-0.00031403
-0.00050533
-0.00043532
0.00010682
0.00047958
0.00026695
0.00011071
-0.00033716
-0.00059794
-0.00030515
-4.6863e-05
6.6816e-05
0.00024958
0.00041124
-3.7226e-05
-0.00072263
-0.0008967
-0.00064948
0.00023127
0.0011667
0.0012537
0.0010374
0.00034537
-0.00060894
-0.0010517
-0.00097479
-0.00042723
9.575e-05
0.00028486
0.00025954
0.00010938
-4.1614e-05
0.00033017
0.00076778
0.000263
-0.00056814
-0.00029161
0.00064904
0.00035157
-0.00061119
-0.0010292
-0.00097959
-0.00060351
-0.00025797
0.0002355
0.00080914
0.00075332
0.00031053
-0.00012036
-0.00036025
-0.00014223
0.00010661
-4.7853e-05
-0.00023277
-0.00017548
-6.3327e-05
0.00057782
0.001133
0.00070497
7.854e-05
-0.00058008
-0.00093438
-0.00031319
0.00033334
0.00044069
0.00054979
0.00035594
-0.00022859
-0.00034472
-0.00010777
-0.00034515
-0.00041614
0.00026825
0.00071145
0.00041835
0.00037833
0.00072492
0.00014722
-0.00079647
-0.00060162
4.1465e-05
-0.00010112
-0.00062601
-0.00077002
-0.00038999
0.00022798
0.00054777
0.0003373
0.00015105
0.00014274
-0.00012255
-0.00032256
-0.00025313
-0.00011458
2.2659e-06
-6.0261e-06
-8.3471e-05
-7.5654e-05
5.0758e-06
0.00022723
0.00039589
0.00014155
5.7406e-06
0.00049329
0.00048244
-0.00023605
-0.00038163
-0.00031136
-0.00018482
0.0001447
0.00017701
7.7534e-05
0.00021655
0.0009294
0.0010237
-0.0004011
-0.0014551
-0.0011147
-9.7342e-05
0.00080757
0.0011704
0.00087814
-0.00038559
-0.0013735
-0.0010722
-0.00042558
0.00036907
0.0010939
0.00056024
-0.00056401
-0.0007612
-0.00057537
-0.00028333
0.00050598
0.0007571
0.0001579
-0.00044359
-0.00062007
-0.00031806
7.8131e-06
-2.7512e-05
-0.00014527
0.00042949
0.00101
0.000425
-0.00051435
-0.00096982
-0.00054676
0.00030735
0.00062976
0.00050818
0.00027531
0.00010699
-0.00031774
-0.00070032
-0.00038677
-0.00011602
-6.3129e-06
0.00033081
0.00052489
0.00046503
5.245e-05
4.1229e-05
0.00057439
0.00018295
-0.0007095
-0.00095846
-0.0007168
2.7067e-05
0.00084709
0.00083669
0.00015654
-0.00051286
-0.00074869
-0.00052686
-0.00039348
-0.00026657
0.00032966
0.00080908
0.00075968
0.00047881
2.1367e-05
-0.00016644
-6.8e-05
-0.00021744
-0.0003376
-0.00038822
-0.00023596
0.0002199
0.0002521
6.8602e-06
-2.5427e-05
-6.5496e-07
-0.00020744
-0.00056168
-0.000457
-0.00010141
-0.00011509
-9.2891e-05
0.0002598
0.00048676
0.00025729
-7.0696e-05
-0.00018457
-0.00036077
0.00010141
0.00097296
0.0007326
-0.00017365
-0.0006262
-0.00040117
0.00017826
0.00049265
0.00024946
-5.5671e-05
6.3962e-05
0.00024905
5.163e-05
-0.00020064
-0.00022445
-0.0001827
-0.00027744
-0.00038309
-0.00013024
0.00016849
0.00020543
3.2249e-06
-0.00020844
-0.00019928
-0.00010771
0.0001517
0.0001896
-8.3542e-05
-0.00021767
-0.00039163
-0.00026317
0.00028287
0.00033808
-9.9311e-06
1.7862e-06
0.00057669
0.00087433
0.00016357
-0.00040364
-0.00030841
-0.00031639
-0.00017513
0.0003249
0.00039119
7.8205e-05
-8.7848e-05
4.1735e-05
0.00022341
0.00039607
0.00053986
2.5739e-05
-0.00052582
-0.00015341
0.00017995
-0.00033517
-0.00075299
-0.00064151
0.00018316
0.001352
0.001262
0.00018822
-0.00046223
-0.00013946
0.00045329
-0.0001983
-0.0012503
-0.0011488
-2.0377e-05
0.00082383
0.00057074
0.00011303
-0.00019856
0.00014243
0.00070455
0.00011303
-0.00063581
-0.00067208
-0.00042232
4.5682e-05
0.00036989
0.00010413
-0.00024245
-0.00026124
-0.00031096
-0.00038536
0.00021112
0.0010106
0.00091219
0.00024743
0.00018103
0.00043803
-0.00023877
-0.00093972
-0.00079532
-0.00060848
-0.00047206
-6.8671e-05
0.00022103
0.00022127
-1.6482e-05
0.00010784
0.00083902
0.00078834
-0.00024411
-0.00088582
-0.00043097
0.00042831
0.00058501
0.00025137
0.00020679
0.00013207
-9.1336e-05
-0.00034977
-0.00085509
-0.00086897
-0.00023498
0.00017565
0.00040969
0.00037316
0.00028935
0.00040008
-7.2949e-05
-0.00043584
-0.00027455
-0.00026669
-0.00045178
-1.0929e-05
0.00083536
0.00080505
0.00050613
0.00026662
-0.00045763
-0.00094506
-0.00058206
-4.9357e-05
0.00014421
0.00014182
7.2084e-05
6.1683e-05
5.2298e-05
1.1665e-05
-2.0691e-05
0.00011488
0.00048062
0.00029342
-0.00056634
-0.00068099
3.7751e-05
0.00068489
0.00089016
0.00063209
0.00027052
-0.00054909
-0.0013197
-0.00089219
0.00024889
0.00070229
0.00025713
1.7728e-05
6.0896e-05
-0.00016414
-0.00035902
-0.0002936
-0.00012677
2.4701e-05
9.4598e-05
-6.4764e-05
-8.1572e-05
0.00030487
0.00050501
0.00021062
-0.00018203
-0.0001304
-7.3174e-05
-0.00021132
-0.00018891
-8.1519e-05
-0.00016194
-0.00035696
-0.00033572
-0.00030787
-0.0001303
0.00029482
0.00031407
0.00020564
0.00026333
0.00037508
0.00098605
0.0010395
1.0032e-05
-0.00032612
0.00039018
0.00028676
-0.00093863
-0.0012307
-0.00041421
0.00016092
0.00014577
-0.00034688
-0.00030608
0.00032933
0.00036154
4.4282e-05
-5.3263e-05
-0.00023197
-0.00058083
-0.00032242
0.00076206
0.0013821
0.00091627
0.00062092
0.00050678
-0.00057501
-0.001442
-0.00073457
0.00026928
0.00016684
-0.00044419
-0.00067072
-0.00035338
-0.00010108
2.2212e-05
0.00036611
0.00034189
3.8946e-05
-9.331e-05
-0.00011968
-8.3433e-05
-3.6698e-06
7.5719e-05
-6.3295e-05
-0.00026452
-9.7986e-05
0.00013611
0.00068465
0.0011593
0.00024351
-0.00082127
-0.00077413
-0.00036071
-0.00022158
-0.00024619
-4.2865e-05
0.00019687
0.00021428
0.00015637
0.00010976
2.4363e-05
-2.8449e-05
0.00016404
0.00016783
-0.00022761
-0.00027247
0.00052197
0.0011712
0.00083528
0.0002936
-0.00035517
-0.0010567
-0.0011549
-0.00040809
0.00037062
0.00029304
-0.00021069
-0.0004916
-0.00045603
-0.00025902
0.0001769
0.00031349
-0.00010878
-7.1624e-05
0.00046238
0.00029872
0.00015237
0.00046417
3.1493e-05
-0.00019551
0.00037048
0.0004438
-9.6457e-05
-0.00043737
-0.00037487
-6.185e-05
0.00022436
0.0001249
0.00041877
0.00082367
9.2079e-05
-0.00070714
-0.00089532
-0.00060741
-7.0414e-05
-5.5322e-05
-6.7133e-05
-1.7177e-05
-0.00016037
-4.0666e-05
0.00036681
0.00060647
0.00066674
0.00060199
-0.0001806
-0.00091115
-0.00015228
0.00087272
0.00040444
-0.00042273
-0.00053363
-0.00036028
-0.00022865
-0.00019089
-6.7154e-05
7.8831e-05
0.00025836
0.00039628
0.00049768
0.00067981
0.00032322
-0.00040436
-0.00068647
-0.00040166
-2.3075e-05
-0.00021681
-0.00033763
-6.1938e-05
-0.00013776
1.4318e-05
0.00027019
-1.3796e-05
-0.00011194
0.00021031
0.00043525
0.0001751
-0.0002216
-0.00033015
0.00011321
0.00098074
0.00098707
0.00011539
-0.00062054
-0.0010191
-0.00062623
7.9619e-05
0.00012338
-0.00026985
-0.00065763
-0.00072749
-0.00048307
-4.2821e-05
0.00049413
0.00069695
0.00049338
0.00040621
0.00058797
0.00058496
0.00017836
-0.00053659
-0.00094502
-0.00039371
0.00030864
0.00043912
0.00032549
2.8199e-05
-8.0871e-05
3.2738e-05
-0.00011271
-7.5029e-05
0.00013387
-3.1852e-05
-0.00023762
-0.00023262
-0.00017714
0.00027696
0.00090012
0.00074902
4.1504e-05
-0.00050419
-0.0006716
-0.00055915
-0.00032683
-0.00025147
-0.00029624
-6.7539e-05
0.00019509
0.00024471
0.00018691
8.2068e-05
-8.6542e-06
-0.0002344
-3.1061e-05
0.0006217
0.00024488
-0.00051151
-0.00016331
0.00035973
-1.8686e-05
-0.00069033
-0.00065783
-5.2685e-05
0.00017118
0.0002186
0.00055899
0.00034804
-0.00022725
-0.00026594
-1.1333e-05
-8.9079e-06
0.0002343
0.00055324
3.1784e-05
-0.00036959
0.00016867
0.00104
0.0013694
0.00081802
-0.00024826
-0.001079
-0.0011187
-0.00071158
-0.00036615
-0.00015303
-2.0444e-05
0.00039534
0.00076997
0.00045428
5.326e-05
-5.4836e-05
6.6604e-05
3.3459e-05
-0.0001713
-0.00017507
-0.00030457
-5.9107e-05
0.00043211
7.2594e-05
-0.00048464
3.2267e-05
0.00077076
0.00041135
-3.2224e-05
-0.00031314
-0.00096805
-0.00086304
-1.2717e-05
0.00025583
-0.00012971
-0.00056746
-0.00050855
3.5663e-05
0.00040697
0.00057606
0.00071935
0.00050881
-2.732e-05
-0.00036327
-0.00036475
-0.00023403
-0.00010062
-6.5115e-05
0.00044332
0.0010081
0.00034331
-0.00032342
-0.00028823
-0.00058678
-0.00079753
-0.00037484
6.1742e-05
0.00036813
0.00090484
0.0013016
0.00077336
-0.00023734
-0.00064821
-0.00069913
-0.00068703
-0.00048489
-0.00040422
-0.00056925
-0.00059795
0.00014875
0.0010574
0.00063849
-0.00039492
-0.00039121
0.00027948
0.00037428
4.6107e-05
-9.1206e-05
-0.00010653
0.0001099
0.00034702
0.00032088
6.0085e-05
-0.00039533
5.0046e-05
0.0010306
0.00068621
-2.8515e-05
4.873e-05
7.5967e-05
-0.00026586
-0.00081373
-0.0010422
-0.00057367
-1.5326e-05
0.00020415
0.00016065
-0.00012588
-0.00020307
0.00014639
0.00023373
4.9761e-05
-4.2395e-05
-5.993e-05
0.0003268
0.00092442
0.00046998
-0.00023498
-2.3906e-05
0.00022533
0.00016242
-0.00032696
-0.00072839
-0.00037134
7.5025e-05
0.00031743
0.00064703
0.00039506
-4.0488e-05
-1.1012e-05
-0.00033828
-0.00052272
-0.00019307
-0.00011967
-0.00022053
-0.00020999
2.4332e-05
8.4843e-05
-0.00029656
-0.00031078
0.00017416
0.00065814
0.00062761
-0.0001533
-0.00074438
-0.0005127
0.00029744
0.00085935
0.00072052
0.00040001
-3.7837e-05
-0.00037443
2.2572e-06
0.00066126
0.00048286
-0.00027566
-0.00029413
-3.4616e-05
-0.00045344
-0.000615
-0.00047221
-0.00045999
-0.00029427
-0.000295
-0.00033742
0.00012856
0.00077205
0.00059565
-0.0001595
-0.00021143
0.0001451
-0.0001386
-0.00051563
6.5669e-05
0.00076161
0.00036503
-0.00027303
-1.5637e-05
0.00067835
0.00090572
0.0008419
0.00044533
-0.00010788
9.3436e-05
-2.9917e-05
-0.0013039
-0.0018065
-0.0011592
-0.00031062
0.0004919
0.00073371
0.0003416
-0.00041151
-0.00064147
-0.00029069
-0.00013716
0.00041106
0.00099018
0.00049163
-0.00026099
-0.00060229
-0.00060944
-0.00037008
-2.1689e-05
0.00045204
0.00047759
0.00010566
-8.9435e-05
-0.00010521
-4.3215e-05
2.517e-05
-9.483e-05
-0.00028032
-0.00028709
-0.00015443
0.00012491
0.00044879
0.00053625
0.00038716
0.00022298
-9.8702e-05
-0.00034813
-0.00028316
-0.00017816
-0.00024596
-0.00014816
0.00029658
0.00051382
0.0003855
-0.00015494
-0.00064267
-5.1664e-05
0.00089588
0.00060564
-3.1891e-05
0.00062321
0.00080328
-0.00049379
-0.0011648
-0.00081527
-1.8803e-06
0.0011512
0.001274
-8.4567e-06
-0.001023
-0.001069
-0.00067355
0.00026499
0.00091878
0.00020713
-0.00050935
-0.00046581
6.5946e-05
0.00037506
-0.00019756
-0.0003072
0.00012826
6.0037e-05
0.00021019
0.00040518
-0.00023731
-0.00081728
-0.00075121
-9.6438e-05
0.00074343
0.0008527
0.00026301
-0.00043166
-0.00053456
0.00015708
0.00029729
-0.00033988
-0.00044209
-0.00011403
-7.6149e-05
-7.2818e-06
0.00032103
0.00049326
0.00037452
-3.7318e-05
-0.00034902
-0.00032887
-6.0364e-05
0.00025249
0.00053136
0.0011892
0.0012719
-6.1672e-05
-0.0014694
-0.0015841
-0.000748
-8.4342e-05
0.00017071
0.00012207
-0.00011478
-9.4848e-05
6.6594e-05
-5.5238e-05
2.4067e-05
0.00067128
0.00092162
0.00038354
6.5985e-05
-3.9101e-06
-0.00065257
-0.0011686
-0.00078787
0.00035279
0.001137
0.00096948
0.00059312
-9.0064e-05
-0.00065591
-0.00023376
0.00074668
0.00096032
8.5602e-05
-0.00076139
-0.00094859
-0.00054838
-0.00020863
-0.00054262
-0.00083633
-0.00041142
0.00029177
0.00061062
0.00047922
5.8296e-05
-0.00031327
-0.00036424
-0.00024602
0.00026184
0.00091582
0.0010085
0.00045155
0.00011763
0.00019089
0.0001374
5.0955e-05
-0.00056921
-0.00095579
-0.00038652
-0.00023208
0.0001458
0.0012134
0.00079073
-0.00062599
-0.00058742
0.00016883
0.00018329
-4.7297e-05
-0.00029933
-0.00047638
-1.9961e-06
0.00087378
0.00098739
9.5513e-05
-0.000746
-0.00068641
2.1519e-06
3.9673e-05
-0.00038476
-3.0792e-05
0.00035159
-3.4549e-05
-0.00024641
0.00026719
0.00037819
-0.00039302
-0.00034847
0.00037346
-3.1318e-05
-0.00035213
0.00026385
0.00037655
0.00022357
8.0205e-05
-0.00036634
-0.0003796
-5.6602e-05
-9.011e-05
-0.00023397
0.00014648
0.00054183
0.00028395
-1.6794e-05
-0.00022755
-1.0093e-05
0.00042519
0.00015358
0.00017061
0.00037904
-0.00041898
-0.0011617
-0.00087428
-0.00045986
-0.00046292
-0.0002624
0.00041515
0.00063057
-3.0074e-05
-0.000346
4.2193e-05
0.00015837
-3.0501e-05
-6.7681e-06
-3.7941e-05
1.5187e-05
0.00036158
0.0003458
0.00057841
0.0009637
0.00023149
-0.00042641
-0.00031232
-0.00033423
-0.00038351
-6.0655e-05
0.0002663
9.7302e-05
-0.000177
-0.0002589
-0.00030521
-0.00019527
4.8706e-05
-5.2772e-06
-0.00022024
-1.0987e-05
0.00030283
0.00046103
0.00045516
5.4642e-05
4.9398e-05
0.00037481
0.00037413
0.00027268
-0.00025805
-0.00071776
-0.00055012
-0.00040335
-0.00039278
-0.00015368
9.3263e-05
0.00051099
0.0014469
0.0014428
8.6238e-06
-0.0010348
-0.0010615
-0.00047717
0.0004928
0.00082064
-0.00010427
-0.00096142
-0.00055474
0.00019843
0.00017793
-0.00011665
-0.00019067
-0.00020556
-0.00031711
-0.00017529
0.00031545
0.00037804
0.00031601
0.00039713
9.4624e-05
-2.7892e-05
0.00010186
0.00021665
0.0003283
-0.00011822
-0.00060842
-0.00053792
-9.9919e-05
8.7452e-05
-0.00040296
-0.00078562
-0.00063635
-0.00013306
0.00042483
0.00057323
0.00040986
0.00023687
8.919e-05
0.00015997
0.00030306
6.3407e-05
-0.00040457
-0.00043362
0.00024337
0.00060505
0.00022627
-0.00011695
-5.5619e-05
0.00013178
0.00035572
0.00029738
-0.00039793
-0.0006637
-0.00030886
-0.00024152
-0.00049736
-0.00058772
-0.00021772
0.00068787
0.0010795
0.00047999
0.0002851
0.00029497
-0.000113
-0.00058211
-0.00061246
-8.2656e-05
0.00012807
-0.00018518
-0.00038716
-0.00030479
0.0002207
0.00090003
0.00080329
0.00011366
-0.00052383
-0.00059256
-0.00024112
-5.7905e-05
-2.5063e-05
-1.7846e-05
7.112e-07
0.00039348
0.0011396
0.0013387
0.0004169
-0.00096152
-0.0010106
-0.00010817
-0.00015401
-0.00073612
-0.00083995
-0.00059411
-0.00022501
6.7707e-05
0.00034716
0.0011016
0.0017124
0.0010774
-0.00026844
-0.00096677
-0.00086257
-0.00056218
-0.00029332
-6.9596e-05
7.5149e-05
0.00011505
7.8163e-05
2.2898e-05
0.00014693
0.00031561
0.00011587
-0.00019363
-0.0002648
-0.00018195
-0.00022106
-0.00012048
0.00030865
0.00030727
-0.00018637
-0.00058903
-0.00063279
-0.000241
9.7886e-05
-8.7364e-05
-0.00014985
8.117e-05
1.5057e-05
0.00022111
0.00075842
0.00099549
0.0006558
0.00013693
0.00016787
-5.6262e-05
-0.00051663
-0.00052662
-0.00039093
-2.8553e-05
0.00074746
0.0008778
4.9749e-05
-0.00038123
-0.00028565
-0.00019478
-0.00013128
0.00014773
0.00013181
-0.00039365
-0.00048011
0.00034795
0.0010434
0.00033921
-0.00043247
-0.00055053
-0.00091009
-0.001012
-0.00029104
0.00060438
0.00085862
0.00041118
-0.00024069
-0.00033398
0.00020612
0.0007207
0.00037212
-0.00061531
-0.0010448
-0.00048604
0.00037477
0.00051123
0.00028712
0.00055787
0.0010589
0.00064864
-0.00057307
-0.001023
-0.00052673
-3.4101e-05
2.0361e-05
-9.262e-05
-0.00014
0.00040404
0.0010298
0.00040834
-0.00046485
-0.00047028
-9.7348e-06
0.00024556
0.00036831
0.00032964
-0.00046255
-0.0010704
-0.00085267
-0.00062186
-0.00030741
0.00026549
0.00037181
8.8801e-05
0.00026656
0.00054413
0.00013229
-0.00030938
-3.6951e-05
0.00014731
-0.00018748
-0.00023666
1.5938e-05
-5.3069e-05
-0.00024677
-0.00023047
0.00024408
0.00091575
0.00064661
0.00025572
0.00052828
0.00013728
-0.00069254
-0.00074
-0.00032246
-0.00022647
-0.00032755
-0.00018577
-0.00014187
-0.00021964
4.1323e-05
0.00030946
0.00026612
0.00031223
0.00044507
0.00019823
-0.00015408
-0.00025643
-4.6132e-05
0.00036431
0.00062775
0.00039006
-0.0004039
-0.00090374
-0.00071112
-0.00034749
3.7445e-05
0.00067289
0.00085659
5.2397e-05
-0.00050156
-0.00041639
-0.00037901
-0.00032533
1.9371e-05
0.00035465
0.00035543
0.00021371
5.191e-05
-0.00010374
0.00023368
0.00065633
0.00040066
0.00020175
7.1957e-05
-0.00016389
-0.00020634
-3.5596e-05
9.3905e-05
-0.00034951
-0.00061875
-0.00033291
-7.4044e-05
3.0235e-05
0.00024797
0.00044429
0.00012581
-0.00043429
-0.00042727
0.00014092
0.00028009
0.00019944
0.00024716
0.00038776
0.00055154
-3.3655e-05
-0.00068474
-0.00081212
-0.00072056
-0.00025788
8.1431e-06
0.00019514
0.0010041
0.0013639
0.00035739
-0.00097598
-0.0011114
-0.00031488
-7.3123e-05
-0.00025328
-6.2807e-05
0.00057179
0.00083451
9.7053e-05
-0.00062137
-0.00063838
-0.0002058
0.00016141
3.4476e-05
0.00021502
0.00081069
0.00086503
0.00046879
-0.00023233
-0.00069649
-0.00054026
-0.00030597
-0.00017193
-8.6236e-05
0.00021135
0.00099733
0.0012161
0.00047579
-0.00014562
-0.00054094
-0.00046651
-0.00023
-0.00045083
-0.00057086
-0.00039768
-0.00020897
-8.3867e-05
-0.00015248
0.00033896
0.0010017
0.00029283
-0.00067473
-0.00076601
-0.00033493
0.00060643
0.001266
0.00086126
0.00017822
-4.2588e-05
-2.5203e-05
-0.00043994
-0.0010019
-0.00099686
-0.00047664
3.6374e-05
0.00054419
0.00084381
0.00025716
-0.0003843
-0.00052189
-0.00030001
0.00017372
0.00041208
0.00048084
0.0004814
0.0003736
3.2344e-05
-0.00065684
-0.001053
-0.00052613
0.00083384
0.0016976
0.00084616
-0.00032125
-0.00078068
-0.0012307
-0.0011621
-0.00036804
0.00060144
0.0011095
0.00051959
-0.00044971
-0.00045751
0.00026498
0.00040293
6.2294e-05
-0.00029146
-7.9209e-05
0.00040109
-0.00014582
-0.00043868
1.1014e-05
0.0001462
0.00069401
0.0007013
-0.00061524
-0.0010561
-0.00018715
0.00035244
-1.1674e-05
-0.00030111
-4.0475e-05
-2.2826e-06
-8.9592e-05
-3.1715e-05
-7.8753e-05
-7.3231e-05
-1.8018e-06
0.00037126
0.00074204
8.8162e-05
-0.00072417
-0.00058512
-0.00015272
5.4368e-05
0.0001251
0.00011885
5.2488e-05
0.0005085
0.0010473
0.00034125
-0.00064797
-0.00020217
0.00061627
-7.921e-05
-0.0010057
-0.00078042
0.00013292
0.00078938
0.00048577
-0.00020015
-0.00046806
0.00023855
0.00089061
0.00035158
-0.00045115
-0.000312
4.2284e-05
-0.00042201
-0.00060454
-0.00020278
-1.8366e-05
-5.5489e-05
0.00010052
0.00031086
0.00026421
-1.5231e-05
-0.00047957
-0.00044096
-0.00017459
-0.00022106
-7.0255e-05
0.00037045
0.00058009
0.00024268
8.617e-05
0.00020428
4.1261e-06
-1.7637e-05
0.00015851
-6.442e-05
-0.00051497
-0.00064215
-0.00027986
0.00026139
0.00071296
0.00099966
0.00093899
0.00018555
-0.0007013
-0.0009029
-0.00070107
-0.00044367
-0.00015866
6.5782e-05
0.0005464
0.00090038
0.00030712
-0.00023348
8.495e-05
0.00023126
-0.00022053
-0.00053389
-0.00048869
-0.00014222
0.00039668
0.00045587
0.00049046
0.0041491
0.011901
0.017991
0.019368
0.018698
0.019128
0.020307
0.021686
0.024289
0.027996
0.031738
0.035187
0.038732
0.041628
0.04487
0.04963
0.053443
0.054845
0.055645
0.057487
0.083465
0.13226
0.14744
0.12081
0.088933
0.069085
0.061957
0.061613
0.062607
0.059021
0.050127
0.041254
0.034273
0.02903
0.025501
0.022849
0.018922
0.012818
0.0063391
0.00040149
-0.0034237
-0.0044535
-0.0043644
-0.0044023
-0.0057363
-0.010396
-0.019262
-0.054461
-0.11417
-0.14486
-0.13282
-0.11141
-0.098344
-0.099368
-0.11037
-0.12382
-0.1355
-0.14037
-0.13517
-0.12406
-0.11197
-0.10088
-0.09351
-0.089092
-0.085748
-0.084341
-0.083244
-0.080281
-0.077866
-0.073569
-0.062949
-0.050113
-0.043611
-0.037371
-0.029228
-0.020208
-0.012794
-0.0089872
-0.0075288
-0.0070429
-0.0064993
-0.0025731
0.0064871
0.019536
0.033349
0.045274
0.054084
0.05795
0.059456
0.098788
0.17804
0.2163
0.19659
0.16223
0.12875
0.10259
0.084991
0.0741
0.069012
0.067015
0.064744
0.060045
0.054153
0.050701
0.049149
0.037318
0.015127
-0.0023191
-0.0059653
-0.0020311
0.0019583
0.0024444
0.0020566
0.00037441
-0.0058898
-0.017838
-0.032523
-0.04678
-0.059444
-0.069027
-0.073687
-0.075475
-0.11211
-0.18713
-0.22026
-0.19568
-0.15975
-0.12997
-0.10643
-0.088882
-0.076894
-0.068548
-0.063972
-0.062657
-0.061505
-0.057807
-0.053229
-0.052667
-0.053754
-0.048267
-0.035072
-0.01915
-0.0057652
0.00029592
-0.0044132
-0.017051
-0.024016
-0.022807
-0.018758
-0.012186
-0.0010604
0.014854
0.032259
0.045673
0.052394
0.053985
0.056879
0.06226
0.070596
0.083051
0.098127
0.11169
0.16303
0.24637
0.26455
0.20633
0.1386
0.090744
0.064042
0.050491
0.046019
0.047318
0.051153
0.052407
0.043761
0.026295
0.0061326
-0.0081781
-0.010786
-0.0024355
0.0089247
0.010942
6.6124e-05
-0.016768
-0.032743
-0.046514
-0.059408
-0.068506
-0.072963
-0.074421
-0.072106
-0.069353
-0.069756
-0.071533
-0.073802
-0.11992
-0.21021
-0.23749
-0.18407
-0.11929
-0.075045
-0.053294
-0.04497
-0.042944
-0.043936
-0.04663
-0.049431
-0.047508
-0.037427
-0.021006
-0.0025188
0.0078987
0.0084796
0.0040277
-0.0028351
-0.0092528
-0.0079215
0.0020438
0.018188
0.037252
0.051622
0.058948
0.064446
0.068433
0.070433
0.071418
0.075046
0.083411
0.097131
0.11507
0.13065
0.1393
0.17513
0.2306
0.22753
0.16742
0.106
0.062767
0.040606
0.034953
0.037621
0.040493
0.035064
0.020794
0.0025315
-0.012904
-0.017875
-0.012352
-0.0033989
0.0025316
0.0049288
0.0037468
-0.0004092
-0.005923
-0.014265
-0.026464
-0.039854
-0.078479
-0.1398
-0.16274
-0.13881
-0.1085
-0.091526
-0.091046
-0.099129
-0.10835
-0.11239
-0.1093
-0.10118
-0.089395
-0.077111
-0.066415
-0.059356
-0.057552
-0.076975
-0.11209
-0.11156
-0.071486
-0.027321
-0.00038754
0.0072388
0.0042687
-0.00074163
-0.0028713
-0.0034035
-0.0033325
-0.0039322
-0.0056271
-0.0053306
-0.00050786
0.010332
0.024846
0.035932
0.042852
0.049706
0.056442
0.063123
0.070583
0.078537
0.087871
0.10053
0.11364
0.12302
0.12743
0.12762
0.12335
0.11648
0.10991
0.10247
0.094308
0.085107
0.073686
0.062444
0.054247
0.049908
0.047646
0.046812
0.044025
0.034062
0.018391
0.0027501
-0.0077062
-0.0099111
-0.0058601
-0.00047986
0.0024476
0.0029748
0.00081421
-0.0031354
-0.0063884
-0.011122
-0.021671
-0.034955
-0.046149
-0.056447
-0.065818
-0.072477
-0.076352
-0.077268
-0.075289
-0.072302
-0.073723
-0.081472
-0.091754
-0.10178
-0.10884
-0.1113
-0.10876
-0.10103
-0.090139
-0.079505
-0.071192
-0.065087
-0.060662
-0.05714
-0.054108
-0.053397
-0.054594
-0.053749
-0.047866
-0.035992
-0.020444
-0.0051734
0.0034495
0.0036383
-0.001071
-0.0041005
-0.0052845
-0.0058919
-0.0063945
-0.0081089
-0.010322
-0.0099429
-0.0052533
0.0058102
0.022475
0.036165
0.044641
0.051392
0.057876
0.063757
0.068953
0.076944
0.086514
0.098631
0.11332
0.12696
0.1337
0.13428
0.1318
0.12525
0.11619
0.10582
0.093365
0.081389
0.071596
0.063395
0.056897
0.052412
0.050093
0.048682
0.044505
0.034037
0.019464
0.0044257
-0.0062667
-0.0089011
-0.0048217
0.001462
0.005038
0.0047212
0.0015811
-0.0026947
-0.0081656
-0.017089
-0.030457
-0.043513
-0.054214
-0.064486
-0.072768
-0.07704
-0.077964
-0.075914
-0.071349
-0.068296
-0.070945
-0.0768
-0.084389
-0.096753
-0.11046
-0.11777
-0.1154
-0.10534
-0.090599
-0.07476
-0.0626
-0.056722
-0.054792
-0.05313
-0.051405
-0.051966
-0.053916
-0.05352
-0.04882
-0.038359
-0.021975
-0.0040833
0.0068107
0.0074038
0.0011194
-0.0043953
-0.0065811
-0.0051778
-0.003425
-0.0029602
-0.0027855
0.0004934
0.0079962
0.020284
0.035451
0.046868
0.053037
0.056557
0.060845
0.066323
0.072268
0.077034
0.085194
0.098646
0.11366
0.12676
0.13447
0.13562
0.13151
0.12213
0.10944
0.096363
0.084976
0.076517
0.069161
0.061161
0.053866
0.048221
0.045999
0.048508
0.048678
0.038948
0.020827
0.00021933
-0.015051
-0.018424
-0.012009
-0.0035909
0.0020943
0.0041748
0.0021316
-0.0024495
-0.0081282
-0.016679
-0.028691
-0.040937
-0.050163
-0.057165
-0.064948
-0.072198
-0.077415
-0.079517
-0.077691
-0.075941
-0.077367
-0.082689
-0.092871
-0.10431
-0.11175
-0.11375
-0.10971
-0.099988
-0.087077
-0.074162
-0.064038
-0.058226
-0.057268
-0.057823
-0.057017
-0.056848
-0.058697
-0.058221
-0.050881
-0.037625
-0.021
-0.0047239
0.0036815
0.002555
-0.0030001
-0.0068776
-0.0080601
-0.0071371
-0.0061443
-0.0068479
-0.0082301
-0.007585
-0.0034635
0.0071878
0.023857
0.038214
0.04746
0.053091
0.05736
0.063327
0.069607
0.075969
0.084645
0.096469
0.11015
0.12245
0.12908
0.1305
0.1284
0.12235
0.11331
0.10395
0.094332
0.085011
0.07696
0.067529
0.056955
0.048631
0.044091
0.043151
0.040443
0.031463
0.017421
0.0027934
-0.0063113
-0.0069294
-0.001606
0.0045381
0.0076156
0.0084803
0.0077705
0.0049023
0.0010095
-0.0061591
-0.018768
-0.033676
-0.046859
-0.058232
-0.066832
-0.073059
-0.078749
-0.081675
-0.079
-0.075147
-0.075494
-0.079143
-0.08568
-0.096366
-0.10835
-0.117
-0.11816
-0.10931
-0.094832
-0.080392
-0.068024
-0.060997
-0.057945
-0.054881
-0.052508
-0.052479
-0.054041
-0.054845
-0.05033
-0.037827
-0.019815
-0.0035995
0.0037613
0.001746
-0.0036986
-0.0067512
-0.0066292
-0.0069171
-0.0077654
-0.009085
-0.011204
-0.01091
-0.0030022
0.011989
0.029025
0.041461
0.050329
0.058712
0.067001
0.074475
0.079589
0.084758
0.092677
0.10285
0.11546
0.12906
0.13762
0.13975
0.13679
0.127
0.1139
0.10089
0.087581
0.077015
0.069788
0.06236
0.05419
0.04755
0.044445
0.043784
0.043555
0.03698
0.023367
0.0055141
-0.010706
-0.017026
-0.013013
-0.0042362
0.0024788
0.0042203
0.001258
-0.0043396
-0.010274
-0.019076
-0.031802
-0.043269
-0.052793
-0.061987
-0.069474
-0.073937
-0.076422
-0.076668
-0.075151
-0.073142
-0.072426
-0.076467
-0.086712
-0.099269
-0.10968
-0.11368
-0.10687
-0.093848
-0.081999
-0.070754
-0.060827
-0.055484
-0.054483
-0.055588
-0.05715
-0.05785
-0.05719
-0.05578
-0.050944
-0.040228
-0.025303
-0.0092315
0.0013718
0.0019167
-0.0030922
-0.0060117
-0.0058835
-0.0051917
-0.0049951
-0.0059505
-0.0072034
-0.0060266
0.00035317
0.012275
0.028575
0.043347
0.05328
0.060064
0.065726
0.069303
0.072621
0.07787
0.08651
0.099092
0.1144
0.12894
0.13732
0.13827
0.1345
0.12624
0.11434
0.10207
0.09087
0.08051
0.070722
0.060624
0.050589
0.043932
0.042194
0.043383
0.041422
0.033306
0.019919
0.0032365
-0.01131
-0.015373
-0.0089969
-0.00023962
0.0047035
0.00478
0.0010527
-0.003465
-0.0085725
-0.016571
-0.028098
-0.041554
-0.054038
-0.063896
-0.071612
-0.077343
-0.080396
-0.080196
-0.077439
-0.074375
-0.07509
-0.080464
-0.088301
-0.099356
-0.10985
-0.11417
-0.11193
-0.10297
-0.088869
-0.075078
-0.065008
-0.059753
-0.05803
-0.056112
-0.053329
-0.052263
-0.053781
-0.054519
-0.051066
-0.041614
-0.025265
-0.0082752
0.00067292
0.0003138
-0.0052506
-0.0086395
-0.0080162
-0.0069861
-0.007207
-0.0085992
-0.010705
-0.010323
-0.0046535
0.0080022
0.024448
0.036845
0.045542
0.053689
0.060971
0.067644
0.07394
0.080108
0.088536
0.099464
0.11253
0.12677
0.13621
0.13744
0.13319
0.12491
0.11385
0.10291
0.092873
0.083855
0.075293
0.065749
0.056421
0.049637
0.046036
0.046158
0.046188
0.0395
0.025983
0.011245
0.0005182
-0.0023986
0.002795
0.010377
0.015719
0.017732
0.015996
0.012804
0.01006
0.0060886
-0.00034473
-0.0070918
-0.012604
-0.018877
-0.026966
-0.034141
-0.037338
-0.034124
-0.027882
-0.023705
-0.024627
-0.03202
-0.043
-0.05242
-0.056337
-0.054207
-0.047289
-0.0378
-0.029321
-0.022721
-0.016972
-0.011963
-0.0079742
-0.0061206
-0.0074317
-0.0097295
-0.0097442
-0.0066363
-0.0028599
5.3704e-05
0.0030581
0.0045384
0.0040485
0.0038455
0.0048245
0.0057098
0.0048105
0.0033435
0.0026819
0.0027554
0.0041367
0.0057536
0.0061604
0.0049051
0.001334
-0.0039605
-0.0085934
-0.01055
-0.010226
-0.0092582
-0.0087682
-0.0094268
-0.011076
-0.012555
-0.01311
-0.01279
-0.012528
-0.012588
-0.012368
-0.011902
-0.01062
-0.0082701
-0.0056903
-0.0032926
-0.0015604
-0.0006754
-0.00012845
0.00026303
0.001218
0.002251
0.0022244
0.0022691
0.0023304
0.0020289
0.0016719
0.00086608
0.00056375
0.00087922
0.00062915
0.00010441
0.00038424
0.00089696
0.00075294
0.00014032
-0.0010795
-0.0019098
-0.0013761
-0.0002936
0.00039584
0.0010921
0.0019776
0.0019143
0.00083795
-0.00027011
-0.00046551
-1.0798e-05
0.00031756
0.00026345
-0.00043647
-0.0015658
-0.0023613
-0.0020253
-0.0010338
-0.00023593
-0.00028919
-0.0010449
-0.0010422
-0.00042296
-0.00033338
-0.0010668
-0.0015444
-0.00099163
-0.00079246
-0.001316
-0.0014455
-0.0011728
-0.0010941
-0.00095391
-0.00041954
-0.00035494
-0.001065
-0.0020414
-0.0025611
-0.0017719
-0.0011695
-0.0020843
-0.0025761
-0.0019018
-0.0015392
-0.0021853
-0.0033213
-0.0038721
-0.0040145
-0.0043697
-0.0044284
-0.0038455
-0.0028238
-0.0014978
-0.00048779
-4.8612e-06
0.00033445
0.00020226
-0.00028532
-0.00085943
-0.0015093
-0.0013618
-0.00019645
0.00059768
-0.00013011
-0.0015684
-0.001793
-0.0011444
-0.0012119
-0.0015017
-0.0011534
-0.00058807
-4.6638e-05
0.00038565
0.00046976
0.00033467
0.00018596
-1.1113e-05
-0.00025469
-0.00075903
-0.0015478
-0.0017126
-0.0014635
-0.0017895
-0.0020848
-0.0016317
-0.001106
-0.00099584
-0.00096103
-0.0011706
-0.0020356
-0.0029252
-0.002945
-0.0022154
-0.0024987
-0.0045935
-0.0067188
-0.0078398
-0.007715
-0.0068475
-0.0061707
-0.0061768
-0.0067538
-0.0065266
-0.0054564
-0.0049402
-0.0051127
-0.0053389
-0.0056142
-0.005818
-0.005636
-0.0054803
-0.0061892
-0.0065826
-0.0057549
-0.00537
-0.0059516
-0.006426
-0.0065296
-0.0063823
-0.00632
-0.0076997
-0.0093744
-0.0086867
-0.0065577
-0.0053109
-0.0049259
-0.0044278
-0.0039787
-0.0039836
-0.0040116
-0.0036162
-0.0034539
-0.004057
-0.004406
-0.0035673
-0.0019216
-0.0004197
6.6255e-05
-0.00014264
-3.6205e-05
0.00043552
0.00081741
0.00086579
0.00062375
0.00050511
0.00028441
-0.00054217
-0.0010896
-0.0009135
-0.00022408
0.000367
0.00013934
-0.00016599
-0.00025551
0.00011566
0.0010067
0.0013298
0.00093034
-3.6196e-05
-0.00073361
-9.68e-05
0.00054811
0.00032979
4.8122e-05
-7.0061e-06
1.2175e-06
-3.6722e-05
-0.00012418
-0.00049836
-0.00039245
0.00055538
0.00066184
0.00036554
0.0010303
0.0011542
0.00025071
6.3541e-06
0.00025008
-0.00010796
-0.00080842
-0.00076202
0.0001387
0.00072099
2.9509e-05
-0.0011415
-0.0011927
-1.3941e-05
0.00093531
0.00036295
-0.00038961
-0.00037883
-0.00018748
5.6495e-05
6.1191e-05
-3.6347e-05
-0.0004066
-0.0012377
-0.0011019
0.00012772
0.00044559
-9.1934e-05
-0.00027423
-4.4849e-05
-0.00021488
-0.00077844
-0.00033701
0.00013412
-0.00032714
-0.00075237
-0.00090338
-0.00039901
0.0006148
0.0010979
0.00098059
0.00041318
-0.00033429
-0.00064367
-0.00040789
0.00024478
0.00033523
-0.00011811
0.00036111
0.0013166
0.0013195
0.00080183
0.00055256
0.00054222
0.00046344
6.3347e-05
-0.00025497
-7.8541e-05
0.00035486
0.0011853
0.001879
0.0016035
0.0010598
0.00034006
-0.00011929
0.00015654
0.00017627
3.8763e-05
0.00024809
0.00079872
0.00092596
0.00017747
-0.00022247
-1.2939e-05
0.00047279
0.00091218
0.00087684
0.0009933
0.00086631
-0.00021906
-0.00071946
-0.00035183
-0.0004762
-0.00066638
9.2736e-06
0.00087052
0.00063632
-4.7657e-05
-0.00030375
-1.8411e-05
0.00038915
3.633e-05
8.9599e-05
0.00050618
-0.0002141
-0.00036897
0.00085276
0.0010282
-0.00013334
-0.00086056
-0.00056142
0.00010461
0.00013107
0.00012421
0.00024672
-0.00054832
-0.00089762
0.00020433
0.00086065
0.00054758
0.00011751
-0.00018489
0.00029476
0.00064837
0.00018488
0.00039492
0.00083229
-0.0002398
-0.0014504
-0.0010416
0.00024786
0.001004
0.00033534
-0.00058338
8.0075e-05
0.0012201
0.00078657
0.00016516
5.7222e-05
-0.00035625
0.00013902
0.0010866
0.0011744
0.000624
9.1993e-05
-4.9052e-05
-0.00032874
-0.00044727
7.3675e-05
0.00028631
-8.9444e-05
-0.0001435
0.00027951
0.00013098
0.00014822
0.00094706
0.00049898
-0.00065285
-0.0007629
-0.00028458
6.6448e-05
-6.9054e-05
-0.00027632
-0.00016215
-0.00016801
0.00012235
0.00069294
0.00088041
0.00075498
0.00021967
-0.00018938
0.0001116
0.00090897
0.0012741
0.00071107
0.00017005
-3.3473e-06
-3.6693e-05
0.00028854
0.00075622
0.0007901
-2.0992e-05
-0.00077873
-0.00033453
0.00049421
0.00056622
0.0001211
-0.00012237
1.3893e-05
0.00072696
0.0016156
0.0011609
-0.00043701
-0.00088208
0.00028987
0.0010467
0.00052816
4.3252e-05
0.00044387
0.0010776
0.0010921
0.00053807
0.00056892
0.0012772
0.0012306
0.00088254
0.00055208
-0.00010998
6.2925e-05
0.00025535
-0.00037425
-0.00020506
0.00094178
0.0016637
0.0012893
0.00039144
-6.4704e-05
-6.5466e-05
-0.00016133
-0.00045328
-0.00035481
0.00032131
0.00072663
0.00028446
-0.00021979
-0.00012821
-4.5706e-05
-0.00071313
-0.0019964
-0.0025215
-0.0029878
-0.004983
-0.007035
-0.0086475
-0.010319
-0.011856
-0.013815
-0.015717
-0.016906
-0.018341
-0.020712
-0.023712
-0.027224
-0.031534
-0.035895
-0.039057
-0.041152
-0.043649
-0.067874
-0.11238
-0.12713
-0.10551
-0.078718
-0.058963
-0.047912
-0.045499
-0.048482
-0.05219
-0.053162
-0.050252
-0.04512
-0.039884
-0.034878
-0.031712
-0.028996
-0.02369
-0.016729
-0.0097301
-0.0041208
0.0017382
0.010193
0.018898
0.030356
0.045858
0.059219
0.070719
0.083484
0.093091
0.094112
0.090488
0.08565
0.081204
0.081074
0.087207
0.099554
0.11781
0.1385
0.15463
0.15774
0.14373
0.11879
0.11074
0.12884
0.12986
0.097777
0.050459
0.0027292
-0.033894
-0.048879
-0.043059
-0.026114
-0.0096139
-0.0014828
-0.0019823
-0.00542
-0.0070975
-0.0085998
-0.013154
-0.020645
-0.029314
-0.037715
-0.076193
-0.14033
-0.16396
-0.14134
-0.11754
-0.10669
-0.10618
-0.10783
-0.10791
-0.10703
-0.10213
-0.095354
-0.08794
-0.077702
-0.064789
-0.052882
-0.044644
-0.040122
-0.039021
-0.042308
-0.047664
-0.047676
-0.03968
-0.0243
-0.0061591
0.0099318
0.022006
0.03074
0.034754
0.03442
0.032753
0.032129
0.033335
0.038899
0.049117
0.060888
0.073893
0.090078
0.10822
0.11978
0.11762
0.10117
0.079194
0.064298
0.063348
0.075323
0.094288
0.11221
0.12452
0.13306
0.13866
0.14065
0.13586
0.12582
0.11283
0.096161
0.080582
0.068943
0.057688
0.0448
0.031209
0.019407
0.014824
0.01573
0.017259
0.014444
0.0039172
-0.010998
-0.022005
-0.025163
-0.023023
-0.018444
-0.01632
-0.02047
-0.030584
-0.044891
-0.059608
-0.07064
-0.077882
-0.081413
-0.082359
-0.08203
-0.079105
-0.072429
-0.063451
-0.056558
-0.054703
-0.05714
-0.062642
-0.071933
-0.082544
-0.092632
-0.1014
-0.10653
-0.10801
-0.10586
-0.099055
-0.086875
-0.071833
-0.058916
-0.05057
-0.048383
-0.052478
-0.058732
-0.063014
-0.062405
-0.054311
-0.041493
-0.027236
-0.011746
0.00088132
0.0083737
0.012627
0.015235
0.015875
0.017082
0.021605
0.028657
0.035974
0.043238
0.052506
0.065257
0.07767
0.082627
0.07905
0.071898
0.06638
0.0678
0.075302
0.082821
0.088063
0.090607
0.091538
0.093449
0.099267
0.11013
0.12253
0.12983
0.12625
0.10913
0.082268
0.05416
0.034543
0.028087
0.030977
0.036459
0.039533
0.040695
0.041233
0.037192
0.026477
0.0097878
-0.007166
-0.019045
-0.023988
-0.022778
-0.017854
-0.012906
-0.01264
-0.020423
-0.034662
-0.050833
-0.064095
-0.071173
-0.071051
-0.066327
-0.060439
-0.054279
-0.049893
-0.049734
-0.054013
-0.059774
-0.066958
-0.078498
-0.092536
-0.10498
-0.11479
-0.11812
-0.11236
-0.098837
-0.082681
-0.069262
-0.058937
-0.052669
-0.051515
-0.052945
-0.054532
-0.05462
-0.052859
-0.050144
-0.046579
-0.040839
-0.029708
-0.01467
0.00073157
0.011956
0.015342
0.010796
0.0032316
-0.001073
0.0023795
0.013885
0.029263
0.042913
0.052621
0.059856
0.064233
0.065328
0.065982
0.065351
0.062696
0.06527
0.074678
0.085169
0.09443
0.10185
0.10673
0.10879
0.11153
0.11857
0.12765
0.13134
0.12399
0.10558
0.080319
0.057433
0.046144
0.045742
0.0508
0.054292
0.051891
0.049518
0.046838
0.041967
0.032898
0.020482
0.0075181
-0.0021555
-0.0079573
-0.0084781
-0.0053409
-0.0021387
-0.0025697
-0.010564
-0.026361
-0.044093
-0.059345
-0.069339
-0.071822
-0.069378
-0.065402
-0.060758
-0.056583
-0.054912
-0.057562
-0.063786
-0.073439
-0.085273
-0.096493
-0.1067
-0.11287
-0.11372
-0.11248
-0.10705
-0.098051
-0.088679
-0.078155
-0.068307
-0.063388
-0.062703
-0.063668
-0.064814
-0.064125
-0.060666
-0.057135
-0.052909
-0.04481
-0.032223
-0.01717
-0.003559
0.0050242
0.0069891
0.0039562
0.0015833
0.0035692
0.01054
0.021741
0.034325
0.046172
0.05788
0.065969
0.068288
0.067674
0.066526
0.067509
0.073908
0.084138
0.095044
0.10444
0.11203
0.11818
0.1242
0.13265
0.14216
0.14822
0.1445
0.12701
0.10107
0.076457
0.061766
0.062298
0.072108
0.077705
0.07002
0.05426
0.04238
0.041664
0.046621
0.049169
0.044132
0.033337
0.021294
0.013019
0.0097575
0.0095986
0.010616
0.007819
0.00031225
-0.009066
-0.018335
-0.026679
-0.035124
-0.043686
-0.048974
-0.048704
-0.042539
-0.032972
-0.02438
-0.02005
-0.019019
-0.021343
-0.029645
-0.041757
-0.052864
-0.059148
-0.059231
-0.054564
-0.047687
-0.041468
-0.036471
-0.030856
-0.025041
-0.021061
-0.01921
-0.017907
-0.015699
-0.013887
-0.012562
-0.0093996
-0.0054402
-0.0027957
-0.0014254
-0.0015192
-0.0019736
-0.0010769
0.00017397
0.0012634
0.0019712
0.00095227
-0.00092032
-0.002779
-0.0048418
-0.0062298
-0.006381
-0.0061549
-0.0063714
-0.0081833
-0.012217
-0.016745
-0.020362
-0.022538
-0.023346
-0.024043
-0.024609
-0.023917
-0.021974
-0.019237
-0.016827
-0.017018
-0.020048
-0.022858
-0.02246
-0.018984
-0.014866
-0.010926
-0.0071128
-0.0038939
-0.0016542
-0.00032607
0.00014135
-9.6803e-05
-1.8611e-05
0.00066651
0.0016576
0.0025112
0.0029983
0.0032446
0.0023694
0.00089784
0.00044373
0.00049618
8.6667e-05
-0.00056782
-0.0006295
-8.8258e-05
0.00066268
0.00074329
-0.00048603
-0.0010048
0.00029147
0.0013791
0.00052948
-0.00071934
-0.00093045
-0.001115
-0.00084177
-0.00015624
-0.00032695
-0.00064442
-0.00056569
-0.00045258
-0.00073212
-0.0017586
-0.0029711
-0.0034315
-0.0032708
-0.0028698
-0.0017929
-0.0013297
-0.0023865
-0.003533
-0.0044145
-0.0054506
-0.0058507
-0.0051091
-0.0039807
-0.002755
-0.0022347
-0.0030575
-0.0038083
-0.0037614
-0.0035601
-0.0037112
-0.0040002
-0.0036272
-0.0030643
-0.002856
-0.0027099
-0.0030331
-0.003214
-0.002208
-0.0010185
-0.0010647
-0.0018682
-0.0021709
-0.0016706
-0.0014417
-0.0015562
-0.00079513
-4.41e-06
0.00010111
7.2238e-05
0.00035917
0.00081877
0.00085383
0.00090447
0.00088017
0.0004627
8.3802e-05
-0.00028065
-0.00052551
-0.00038178
-0.00030829
-0.0002255
7.1776e-06
9.4124e-05
0.00029732
0.00044079
0.00031659
0.00011618
-0.00014863
-0.00046561
-0.00057808
-0.00022296
0.00013991
0.00012268
0.00019995
0.00015855
-9.2437e-05
-0.00012229
-0.00011268
9.05e-07
0.00012768
0.00012976
-8.2116e-05
-0.00055357
-0.00059772
-2.9199e-05
0.00040598
-0.00017842
-0.0010224
-0.0010386
-0.00089458
-0.00024152
0.00037002
-0.0003138
-0.00091208
-0.00073471
-0.00046578
-0.00042042
-0.00094048
-0.0025551
-0.0046073
-0.0051719
-0.0039238
-0.0021174
-0.00085196
-0.0005574
-0.0010591
-0.0020942
-0.0026959
-0.0023003
-0.0016356
-0.00075657
0.00010366
-0.00035754
-0.0020302
-0.0032776
-0.0036223
-0.0034246
-0.0022417
-0.00091046
-0.0010472
-0.0019395
-0.0021544
-0.0016037
-0.00081793
-0.00037321
-0.00045194
-0.00072369
-0.0012827
-0.0017262
-0.0011913
-0.00036565
-4.279e-05
8.6912e-05
0.00037921
0.00073056
0.0005884
-0.00052307
-0.00041389
1.3668e-05
5.6259e-05
-0.00025093
-0.000161
-0.00012257
-0.00015562
-0.00016725
0.00030883
0.00015186
-0.00011494
-0.00019449
-0.00019257
-0.00011082
0.00012703
0.00030545
0.00025052
0.00016407
0.0001509
0.00012802
-0.0001725
-0.00043721
-0.00035999
-0.00020123
9.1406e-05
0.00049568
0.00045551
-3.9878e-05
-0.00034687
-0.00037218
-0.00032955
-0.00025301
-0.00018517
-0.00015155
5.8841e-05
0.00039173
0.00034144
0.00010034
-1.4693e-05
-0.00010411
-0.00010832
-0.00020237
-0.00031065
-0.00022769
-9.1161e-05
0.00013529
0.00025022
-6.245e-07
-8.6969e-06
0.00024605
9.4595e-05
-0.00019249
-0.00020844
-0.00012862
-0.00014317
8.5525e-05
0.00055488
0.00049048
-6.2032e-05
-0.00039701
-0.00039587
-9.1594e-05
0.00036567
0.00039718
-6.6915e-05
-0.00024768
8.1899e-05
0.00016412
-0.00015202
-0.00027896
-5.5631e-07
0.00021316
-2.3275e-05
-0.00025478
-5.0068e-05
0.000242
0.00010493
-0.00027284
-0.00038073
-0.00017687
2.8786e-05
6.4936e-05
-2.7431e-05
-7.4595e-05
0.00037586
0.00078027
0.00027215
-0.00034237
-7.8698e-05
0.00078936
0.0011897
0.0008888
0.00047375
0.00047216
0.00080146
0.00048006
-0.00023955
-0.00050834
-0.00052399
-0.00043296
-0.00029038
-0.00022269
-0.00011518
-0.00027107
-0.00054862
-0.00012918
9.5633e-06
-0.0003581
0.00024955
0.00095648
0.00065063
0.00010143
-0.00015951
-0.00055331
-0.00081397
-0.00059783
-0.00035553
0.00037308
0.0010188
0.00031098
-0.00057435
-0.00035773
-0.00023851
-0.00047124
5.5776e-05
0.00077343
0.00089523
0.00011463
-0.0011006
-0.001144
9.6257e-07
0.00036013
-2.8676e-05
5.0973e-05
0.00021267
-3.088e-05
-0.00060042
-0.00070772
-0.00019442
0.00033158
0.00058115
0.00012709
0.00028651
0.00095587
0.00049986
0.00015789
0.00018631
3.597e-06
-2.6964e-05
0.00034618
0.00065189
9.1328e-05
-0.00014914
0.00058339
0.00079996
0.00014579
-0.00036956
-0.00023633
0.00033814
0.00066432
0.00068508
0.00058518
0.00033806
0.00028258
0.00016461
-0.00024766
-0.00033379
-9.6519e-05
2.7292e-05
5.093e-05
9.7854e-05
0.00013588
-0.00012812
-0.00043528
-0.00026275
0.00044542
0.00077979
0.00063134
0.00091129
0.00069933
-3.6013e-05
-0.00047567
-0.00057282
-0.00035574
-8.5205e-06
0.00029078
-0.00021207
-0.00052745
-0.00012769
0.00010485
0.00025081
0.00025584
9.1604e-05
-0.00043932
-0.00084366
-0.00067608
0.0001612
0.001288
0.001739
0.0054465
0.01399
0.019979
0.020628
0.019807
0.019373
0.020354
0.023126
0.026392
0.029447
0.032585
0.036628
0.040547
0.043841
0.04716
0.049504
0.051741
0.055606
0.059657
0.061353
0.061805
0.083939
0.12701
0.13924
0.11463
0.086463
0.068671
0.060484
0.056512
0.052234
0.044645
0.037395
0.033273
0.032062
0.031737
0.030781
0.025785
0.017461
0.0085793
0.00088333
-0.0040362
-0.0067764
-0.0091448
-0.012502
-0.018856
-0.028761
-0.041455
-0.057225
-0.073944
-0.088669
-0.10087
-0.10795
-0.10936
-0.10831
-0.10592
-0.10554
-0.11222
-0.12445
-0.13859
-0.15237
-0.1606
-0.16083
-0.15469
-0.14476
-0.13309
-0.12272
-0.11436
-0.10719
-0.099235
-0.090797
-0.084687
-0.081932
-0.078966
-0.070918
-0.058176
-0.042581
-0.0292
-0.022646
-0.022201
-0.023461
-0.022112
-0.017522
-0.0099343
-0.0018598
0.004223
0.0077528
0.0093017
0.012138
0.020225
0.033338
0.04613
0.05819
0.069038
0.075555
0.077736
0.078919
0.081519
0.085159
0.089136
0.093489
0.099166
0.10692
0.11388
0.11673
0.11457
0.10965
0.10417
0.098721
0.094335
0.092339
0.092526
0.091699
0.088696
0.084835
0.080643
0.071589
0.058539
0.043323
0.025817
0.010847
0.003058
0.0015868
0.0035946
0.0056288
0.0061815
0.0040445
-0.00056005
-0.0071819
-0.015982
-0.026353
-0.039076
-0.051913
-0.0607
-0.066394
-0.070722
-0.073348
-0.076448
-0.082044
-0.088525
-0.095652
-0.10459
-0.11449
-0.12522
-0.13558
-0.1403
-0.13924
-0.13576
-0.12745
-0.11445
-0.10171
-0.089762
-0.078548
-0.068938
-0.0607
-0.056776
-0.05688
-0.054253
-0.045456
-0.032333
-0.018245
-0.0054301
0.0018014
-0.0007339
-0.0092691
-0.015451
-0.015815
-0.010267
0.00043858
0.012104
0.021114
0.0273
0.031174
0.035485
0.043396
0.05296
0.06399
0.075771
0.084607
0.089305
0.091653
0.090909
0.087992
0.088867
0.095362
0.10457
0.11327
0.1178
0.11415
0.10348
0.090442
0.080002
0.077097
0.080567
0.085012
0.087064
0.085131
0.080662
0.074147
0.065011
0.054705
0.045575
0.037386
0.03167
0.028834
0.026636
0.025974
0.025286
0.022399
0.018064
0.012699
0.0068928
0.00070252
-0.0064279
-0.014491
-0.026017
-0.041903
-0.058625
-0.071419
-0.077278
-0.080096
-0.083998
-0.088989
-0.092089
-0.096554
-0.10655
-0.11849
-0.12819
-0.13224
-0.12911
-0.12513
-0.12252
-0.11694
-0.1092
-0.10111
-0.091802
-0.083212
-0.07626
-0.069438
-0.064028
-0.059838
-0.054232
-0.0439
-0.030325
-0.016935
-0.0075621
-0.0052491
-0.0081636
-0.0087857
-0.0060023
-0.0012148
0.0054046
0.011498
0.014631
0.015579
0.015767
0.017457
0.022954
0.029845
0.03815
0.049982
0.061902
0.069585
0.073149
0.073405
0.071678
0.071011
0.072944
0.078418
0.087085
0.096111
0.10223
0.10301
0.099104
0.092777
0.085915
0.080267
0.076968
0.076057
0.075357
0.074089
0.072076
0.065355
0.053957
0.043216
0.035651
0.031071
0.028972
0.028254
0.028102
0.026443
0.022792
0.018849
0.014338
0.010633
0.0085693
0.0047516
-0.0037151
-0.017791
-0.03732
-0.056292
-0.06955
-0.075503
-0.076092
-0.0774
-0.081704
-0.083632
-0.083468
-0.087406
-0.097102
-0.10864
-0.11612
-0.11739
-0.11347
-0.10653
-0.1003
-0.09506
-0.089065
-0.082153
-0.073918
-0.066963
-0.062815
-0.058762
-0.056096
-0.055318
-0.052245
-0.04301
-0.028641
-0.012979
-0.00082852
0.0047306
0.0056021
0.0029309
-0.0014435
-0.0047998
-0.0054421
-0.0040524
-0.002124
0.00023175
0.002411
0.0029363
0.003737
0.0079169
0.016038
0.026185
0.03716
0.043958
0.044045
0.041851
0.036941
0.027454
0.018013
0.016082
0.024033
0.036252
0.046438
0.052872
0.054043
0.049384
0.041601
0.033165
0.025062
0.018265
0.014801
0.014164
0.014105
0.012821
0.0088323
0.0029937
-0.0027877
-0.0069126
-0.0086307
-0.0083379
-0.006087
-0.0022393
0.0010752
0.0034095
0.0046927
0.0039286
0.0024356
0.00081643
-0.0010507
-0.0024921
-0.0030905
-0.0022643
-0.00063709
0.00075653
0.0012768
0.00094681
0.00067772
0.0016049
0.0040874
0.0063144
0.0081182
0.010353
0.012128
0.014113
0.016048
0.015844
0.01415
0.012801
0.012671
0.014058
0.016101
0.017673
0.018615
0.018953
0.018217
0.016254
0.013947
0.012822
0.013321
0.014422
0.014323
0.013107
0.011998
0.011012
0.01051
0.010279
0.0094643
0.0088408
0.0087572
0.0088693
0.0098835
0.010686
0.010033
0.0087446
0.0071908
0.0056466
0.0047595
0.0040397
0.0028709
0.0020143
0.0019952
0.0014096
-0.00092849
-0.0031318
-0.0036491
-0.0027531
-0.0010792
-0.00021377
-0.0010217
-0.0021891
-0.0027619
-0.0022885
-0.00024865
0.0014416
0.0011547
0.00037681
0.00027225
0.00042864
0.00056563
0.00034372
-1.7103e-05
-7.9598e-05
0.00015151
0.00019793
0.00019366
0.00050922
0.0004812
9.4563e-05
-0.00055547
-0.0011351
-0.0011489
-0.00096536
-0.00052393
0.00017806
0.00069717
0.00027922
-0.0010934
-0.0017353
-0.0013259
-0.00081063
-0.00033539
0.0001447
0.00061071
0.00079958
0.00063999
0.0011149
0.0017754
0.0013878
0.00071843
0.00079152
0.0012491
0.00086568
0.00059063
0.0016424
0.0024823
0.0019276
0.00090885
0.00040842
0.00019302
2.3833e-05
0.00025607
0.00058738
0.00032022
-4.4432e-05
0.00016087
0.0004937
0.00047176
0.00046902
0.00061774
0.00057279
0.00095144
0.0017516
0.0017411
0.0011403
0.00039853
-0.00046839
-0.00063467
-4.3839e-05
0.00020297
0.00017601
0.00029097
2.3279e-05
-0.00080009
-0.0012659
-0.00075185
-0.00024124
-0.00052204
-0.0013129
-0.0018136
-0.0018775
-0.0018802
-0.0015832
-0.0009612
-0.00033377
-0.00015322
-0.00039831
-0.00021551
0.00025008
0.00037392
0.00020879
-0.00032226
-0.00072594
-0.00060342
-0.00058844
-0.00076704
-0.00022859
0.00066802
0.00055293
-0.00018453
-0.00075706
-0.00075039
-0.000399
-0.00035563
-0.00020776
0.00057476
0.0014055
0.0016485
0.0016631
0.0013
0.00049077
-1.4437e-06
-0.00048899
-0.00097144
-0.00050321
-7.0422e-05
-0.00013772
0.00043519
0.001301
0.0016202
0.00075984
-0.0007046
-0.00085367
0.00015582
0.00036018
-0.00036297
-0.00021123
0.00064587
0.00068388
0.00020707
0.00030888
0.00059852
0.00035232
0.00022458
0.00039355
0.00037379
0.00024716
6.4009e-05
3.3867e-05
0.00036753
0.00043362
-4.5371e-05
-0.00025444
7.2098e-05
3.1484e-05
-0.00037645
-0.00047901
-0.00026401
-0.00012322
-0.00033498
-0.0010313
-0.0017182
-0.00093738
-0.00016381
-0.00082027
-0.0010927
-0.00081258
-0.0010074
-0.0015592
-0.001919
-0.0019458
-0.0023212
-0.0038525
-0.0063099
-0.009431
-0.013198
-0.016329
-0.018272
-0.020154
-0.021721
-0.022951
-0.024863
-0.026974
-0.029231
-0.031748
-0.034034
-0.036158
-0.03888
-0.043271
-0.048399
-0.054279
-0.060592
-0.065323
-0.068831
-0.070476
-0.068981
-0.066522
-0.065258
-0.064109
-0.061834
-0.058845
-0.055916
-0.053351
-0.050354
-0.045457
-0.038703
-0.030779
-0.021872
-0.014815
-0.010837
-0.0093593
-0.0082599
-0.0051065
0.00053529
0.0064456
0.011534
0.015123
0.015201
0.011647
0.0083623
0.0098018
0.014998
0.019932
0.025346
0.029602
0.030916
0.034345
0.04162
0.049201
0.056442
0.061769
0.064712
0.066614
0.071538
0.079221
0.087831
0.095976
0.099024
0.097179
0.09541
0.092525
0.086305
0.080782
0.078172
0.076672
0.076472
0.076255
0.072394
0.065092
0.055324
0.043957
0.031425
0.02102
0.015883
0.014754
0.014861
0.013435
0.010015
0.0058262
0.00076295
-0.0069763
-0.019117
-0.034865
-0.049088
-0.056208
-0.054299
-0.04678
-0.041328
-0.042349
-0.048112
-0.055742
-0.062003
-0.067353
-0.076625
-0.089371
-0.098145
-0.10243
-0.10385
-0.1015
-0.095669
-0.087676
-0.080156
-0.074171
-0.067158
-0.060078
-0.054953
-0.050419
-0.045159
-0.041819
-0.039331
-0.033968
-0.023808
-0.010195
0.0032412
0.014907
0.024279
0.02759
0.026908
0.023276
0.019353
0.01705
0.017217
0.019492
0.025877
0.034066
0.041865
0.049549
0.056496
0.0642
0.072522
0.077734
0.077
0.074069
0.069299
0.0614
0.055004
0.053606
0.059101
0.069402
0.078613
0.083845
0.083643
0.079309
0.072344
0.063267
0.05586
0.052541
0.052905
0.054555
0.055275
0.055781
0.054968
0.048829
0.036087
0.019015
0.0038797
-0.0064043
-0.011862
-0.012077
-0.0077284
-0.0031715
-0.0041075
-0.012233
-0.026905
-0.046027
-0.064048
-0.07412
-0.073913
-0.066339
-0.058897
-0.056912
-0.058045
-0.05731
-0.055336
-0.055829
-0.06209
-0.07455
-0.088353
-0.097742
-0.10304
-0.10818
-0.11217
-0.11229
-0.10629
-0.094925
-0.081473
-0.06852
-0.057207
-0.049436
-0.046552
-0.044797
-0.041175
-0.035621
-0.029909
-0.025482
-0.018072
-0.0065545
0.0063321
0.020861
0.033727
0.041582
0.044473
0.043215
0.038972
0.034241
0.030883
0.030102
0.035976
0.051584
0.068981
0.080956
0.085847
0.083817
0.077115
0.070566
0.065678
0.060482
0.053804
0.04844
0.04928
0.058228
0.070991
0.080472
0.085117
0.083433
0.072462
0.054869
0.037936
0.027232
0.022814
0.023885
0.027137
0.029332
0.031996
0.035187
0.037886
0.038893
0.033084
0.023795
0.011872
-0.0010533
-0.011305
-0.016182
-0.015797
-0.013703
-0.012978
-0.015097
-0.021994
-0.033563
-0.046105
-0.055357
-0.05995
-0.059347
-0.053869
-0.046762
-0.039861
-0.036558
-0.039047
-0.045263
-0.054642
-0.066542
-0.07772
-0.086895
-0.095163
-0.10415
-0.1088
-0.10776
-0.1007
-0.088867
-0.075564
-0.065531
-0.061333
-0.060671
-0.060329
-0.056168
-0.046253
-0.034015
-0.025196
-0.024537
-0.032176
-0.041449
-0.040928
-0.026434
-0.0053423
0.013099
0.025487
0.031004
0.029749
0.022901
0.016617
0.016251
0.023746
0.036491
0.045062
0.045116
0.039788
0.032826
0.027587
0.025142
0.023446
0.019472
0.013985
0.010282
0.011109
0.017393
0.029248
0.044049
0.054511
0.054932
0.044013
0.026759
0.011237
-0.00017462
-0.0061013
-0.0050441
-0.00032559
0.0042494
0.0072799
0.0064499
0.00093101
-0.0067608
-0.011802
-0.011394
-0.0059901
0.0018347
0.0087711
0.012214
0.010533
0.005231
0.00014686
-0.0032323
-0.0051539
-0.0063379
-0.0081716
-0.010014
-0.0095079
-0.0064069
-0.0021101
0.0018741
0.0044052
0.0052997
0.0056601
0.0074406
0.010961
0.015367
0.019861
0.023161
0.023078
0.019741
0.017141
0.016783
0.017388
0.019499
0.021526
0.020822
0.01874
0.01702
0.01602
0.015968
0.015741
0.013828
0.010626
0.0066462
0.0025942
0.00075497
0.00057636
-0.00041244
-0.0015271
-0.0016576
-0.0012989
-0.00020927
0.00091102
0.00069495
0.00014818
-0.00017513
-0.0009475
-0.0022176
-0.0032385
-0.0032203
-0.0029463
-0.0025304
-0.001357
-0.00019427
-0.00026148
-0.00097817
-0.00040939
0.001346
0.0036662
0.0064822
0.0082019
0.0083084
0.0074922
0.0062802
0.005428
0.0048769
0.0041
0.0032662
0.003624
0.0049433
0.005648
0.0059098
0.0059771
0.0053846
0.0049824
0.0057822
0.007061
0.0081443
0.0084407
0.0073822
0.0055999
0.0038064
0.0027588
0.0024271
0.0026765
0.0032024
0.0036301
0.0042811
0.0042238
0.0035651
0.0033686
0.0032734
0.0032387
0.0030326
0.0026131
0.0023791
0.0020567
0.0014816
0.00078164
0.000192
0.00018988
0.00097604
0.0016139
0.0014136
0.00078416
0.00048109
0.00080655
0.0013113
0.0011901
0.00051398
0.00036066
0.00027113
-0.00046343
-0.00091903
-0.00082811
-0.00055344
-0.00024476
0.00023887
0.00067585
0.00027936
-0.00039394
-0.00060057
-0.00024609
0.00012585
-0.00012256
-0.00040137
-0.0003272
-1.5888e-05
0.00024776
0.00024192
0.00016784
0.00029374
0.0007639
0.00056112
-0.00050102
-0.00094831
-0.0006444
2.2906e-05
0.00045374
0.00022
0.0002215
0.00023736
-2.6167e-05
3.458e-05
0.00018551
0.0003361
0.00057352
0.00059681
0.00063051
0.00064567
8.232e-05
7.2289e-05
0.00067909
0.00054106
0.00089056
0.0016781
0.0016131
0.0010832
6.321e-05
-0.00035074
0.00071655
0.0014835
0.00072963
-0.00019837
3.5637e-05
0.00063758
0.00095166
0.00074467
-3.8967e-05
-0.00018335
3.78e-05
-0.00018606
-0.00024408
-0.00036384
-0.00042027
-0.00013335
-6.9004e-05
-0.00016733
-0.00014202
8.5797e-05
0.00038061
0.00036589
0.00027545
0.00027214
-6.5109e-05
-0.0010582
-0.0016888
-0.00080107
0.00069622
0.0011158
0.00011538
-0.00076354
-0.0012895
-0.0019095
-0.0016172
-0.00060323
-0.00031129
-0.0007656
-0.00076174
-0.0002754
-9.8241e-05
-0.00013189
-0.00025711
-0.0010121
-0.0019989
-0.0021137
-0.0014196
-0.00089696
-0.00059906
-0.00014964
-0.00012762
-0.00090049
-0.0018586
-0.0020021
-0.0013505
-0.00030204
0.00051433
0.00044938
0.00010162
-6.4205e-05
8.2743e-05
0.00030801
0.00041275
0.00055255
0.00039989
-6.4629e-05
-0.00037226
-0.00037146
-0.00018024
-2.8041e-05
0.00030886
0.0009451
0.0008546
0.00052676
0.0010253
0.00067088
-5.7536e-05
0.00032412
-0.00012471
-0.0012056
-0.0006876
0.00056076
0.0008148
0.00059114
3.7477e-05
-0.0008136
-0.00078524
-8.0279e-05
0.00025698
0.00052744
0.00063958
-0.0003668
-0.0013288
-0.0010589
-0.00028611
1.9991e-05
-5.4285e-05
-0.00019749
-0.00062426
-0.0010422
-0.001001
-0.00056186
-0.00038885
-0.00025272
-3.0695e-05
-4.4642e-05
0.00010655
0.00027631
0.00061888
0.00087005
0.00091318
0.0046569
0.01259
0.018456
0.020808
0.021687
0.021128
0.020371
0.02146
0.024582
0.027783
0.030538
0.033355
0.035034
0.035936
0.03799
0.040623
0.0423
0.044269
0.047208
0.050064
0.052425
0.054273
0.068878
0.096603
0.10487
0.089655
0.07316
0.062076
0.054811
0.049507
0.044643
0.040971
0.04042
0.040099
0.037735
0.034633
0.030099
0.023296
0.015238
0.0082137
0.0047868
0.002815
-0.00015109
-0.003645
-0.010029
-0.049931
-0.12123
-0.15795
-0.14459
-0.11874
-0.098864
-0.089235
-0.090422
-0.098418
-0.10598
-0.10969
-0.11024
-0.10932
-0.10735
-0.10313
-0.09631
-0.088457
-0.08107
-0.073025
-0.065798
-0.069092
-0.074849
-0.055554
-0.021402
0.0026462
0.012576
0.012236
0.008501
0.0077523
0.010152
0.012331
0.012911
0.011921
0.012233
0.017216
0.026582
0.037252
0.043972
0.059071
0.081571
0.085349
0.069725
0.055654
0.049148
0.048829
0.049969
0.04828
0.046236
0.047161
0.048873
0.049833
0.049896
0.048648
0.047256
0.047424
0.04882
0.061294
0.081488
0.076223
0.048159
0.025165
0.013989
0.012051
0.014115
0.015135
0.014146
0.010939
0.0056972
-0.0012434
-0.010845
-0.022188
-0.032253
-0.040378
-0.075345
-0.13299
-0.15895
-0.14593
-0.12658
-0.11412
-0.10938
-0.10646
-0.10232
-0.096664
-0.090611
-0.083415
-0.075578
-0.069848
-0.066257
-0.061965
-0.060477
-0.057591
-0.034883
-0.002141
0.017655
0.023212
0.019671
0.013033
0.0098062
0.0099968
0.011487
0.01349
0.014249
0.013761
0.015586
0.021918
0.031337
0.041055
0.046894
0.046178
0.042864
0.042638
0.043761
0.043802
0.042998
0.06718
0.11715
0.13837
0.1181
0.088972
0.065599
0.052219
0.048041
0.049809
0.05432
0.058048
0.06126
0.065678
0.064353
0.05316
0.037225
0.02288
0.016786
0.019413
0.026678
0.041759
0.060938
0.061695
0.041475
0.015097
-0.0099337
-0.030285
-0.043636
-0.052029
-0.059565
-0.068413
-0.076108
-0.080169
-0.080199
-0.079651
-0.082057
-0.089093
-0.098018
-0.1033
-0.10222
-0.095773
-0.086387
-0.076648
-0.068764
-0.06331
-0.060615
-0.06055
-0.058922
-0.052074
-0.041193
-0.022814
-0.0054095
0.004534
0.0073437
0.0069187
0.0071312
0.0087418
0.0083781
0.0055275
0.0025373
0.0025065
0.0057494
0.012986
0.024185
0.035669
0.043358
0.045952
0.044382
0.042848
0.041522
0.039844
0.038919
0.040182
0.043267
0.047965
0.052474
0.056812
0.059277
0.059274
0.059181
0.059729
0.060602
0.060414
0.057674
0.055029
0.055677
0.058242
0.060922
0.063351
0.06202
0.054063
0.042354
0.030378
0.022857
0.02338
0.028786
0.031592
0.031018
0.029507
0.02895
0.030779
0.03312
0.030857
0.019627
0.0012697
-0.01814
-0.033187
-0.043232
-0.049976
-0.056489
-0.063715
-0.070286
-0.074456
-0.078547
-0.084578
-0.09306
-0.10288
-0.10894
-0.1114
-0.11209
-0.10585
-0.093622
-0.083391
-0.076469
-0.070662
-0.065762
-0.062285
-0.0601
-0.057717
-0.051563
-0.040274
-0.026077
-0.010211
0.0023698
0.0066164
0.0047372
0.000878
-0.0021065
-0.0032687
-0.0012384
0.0034665
0.0062076
0.004889
0.0015875
-0.00094496
-0.001194
0.0020504
0.011461
0.026174
0.038773
0.045081
0.045005
0.040911
0.035844
0.032121
0.032274
0.034817
0.039094
0.045111
0.048615
0.048521
0.048845
0.05153
0.054897
0.057398
0.059164
0.060238
0.060581
0.05967
0.05845
0.059121
0.060303
0.060256
0.059639
0.055386
0.045483
0.035128
0.029477
0.03041
0.034123
0.035615
0.034329
0.031422
0.027896
0.026238
0.027759
0.028245
0.022184
0.0077468
-0.01347
-0.033664
-0.046379
-0.051719
-0.055435
-0.060391
-0.065984
-0.072008
-0.078028
-0.083876
-0.091526
-0.10042
-0.10655
-0.1095
-0.10902
-0.10327
-0.094046
-0.083906
-0.074441
-0.067603
-0.063015
-0.059937
-0.058993
-0.057371
-0.051717
-0.041001
-0.024854
-0.0067142
0.0071399
0.012243
0.0095682
0.0034078
-0.0018732
-0.0011111
0.0040693
0.0084927
0.0087541
0.0058029
0.0020475
-0.0010195
-0.00064785
0.0048262
0.015922
0.030017
0.041234
0.045443
0.044321
0.040501
0.037841
0.036635
0.036056
0.037068
0.040888
0.045835
0.050365
0.052965
0.054899
0.05812
0.059965
0.059671
0.060528
0.060979
0.058071
0.055423
0.05647
0.05976
0.062656
0.063967
0.062097
0.054936
0.042988
0.031228
0.024468
0.025579
0.030727
0.034174
0.033873
0.029242
0.02318
0.02188
0.025779
0.027023
0.020489
0.0060087
-0.012932
-0.030545
-0.042069
-0.047936
-0.053324
-0.060998
-0.068412
-0.073506
-0.07884
-0.086168
-0.094385
-0.1019
-0.10682
-0.10773
-0.10429
-0.098199
-0.09204
-0.087379
-0.082454
-0.075196
-0.068078
-0.062871
-0.059731
-0.056299
-0.048715
-0.036347
-0.020344
-0.0032203
0.0086873
0.011736
0.0075561
0.0012121
-0.0015322
0.0003373
0.0040077
0.0073118
0.0087354
0.0077375
0.0050421
0.0026882
0.0034333
0.0077803
0.015814
0.026734
0.038474
0.045596
0.044965
0.040938
0.036513
0.033756
0.032959
0.035256
0.039486
0.044494
0.049125
0.051083
0.050724
0.052697
0.056446
0.05831
0.058445
0.057406
0.05651
0.057659
0.060259
0.062866
0.06463
0.06543
0.063509
0.055081
0.042939
0.034046
0.031342
0.035155
0.040588
0.042817
0.041685
0.037831
0.033193
0.030592
0.03063
0.02812
0.01851
0.0020546
-0.015746
-0.03012
-0.040046
-0.047336
-0.05526
-0.063978
-0.070146
-0.07242
-0.075718
-0.082338
-0.091507
-0.10244
-0.11046
-0.11176
-0.1083
-0.10334
-0.09655
-0.087564
-0.079033
-0.072122
-0.06656
-0.062111
-0.057572
-0.053058
-0.049272
-0.042249
-0.0276
-0.0087685
0.0073261
0.015718
0.015866
0.009146
0.0016409
-0.0021322
-0.00059578
0.0041682
0.0072372
0.0078445
0.0059506
0.0037105
0.0039602
0.0081466
0.017849
0.031329
0.041821
0.046031
0.044157
0.039387
0.035457
0.034092
0.033859
0.034958
0.038686
0.045604
0.050872
0.053129
0.056409
0.060811
0.062392
0.061258
0.059997
0.057896
0.055917
0.056956
0.060089
0.063142
0.065082
0.064142
0.059579
0.051041
0.038315
0.028226
0.026569
0.031821
0.038969
0.042411
0.040431
0.035714
0.032165
0.033156
0.035646
0.033288
0.022914
0.0046524
-0.016171
-0.031777
-0.041139
-0.04896
-0.057167
-0.065854
-0.074381
-0.079952
-0.082579
-0.086041
-0.091833
-0.098089
-0.10244
-0.10384
-0.10321
-0.10084
-0.095354
-0.087842
-0.079886
-0.071249
-0.065664
-0.06468
-0.063025
-0.05795
-0.050156
-0.039443
-0.023741
-0.0064094
0.0047164
0.0072541
0.0057855
0.0023306
-5.2552e-05
-0.00075265
0.0016173
0.0051525
0.0065629
0.0050708
0.0016884
-0.00083558
0.00059046
0.0062439
0.016207
0.027892
0.037389
0.041679
0.040306
0.036569
0.034032
0.033243
0.03397
0.036652
0.041766
0.046007
0.047929
0.049258
0.050755
0.053953
0.057338
0.058372
0.058077
0.056573
0.054163
0.051986
0.052247
0.055346
0.056796
0.056342
0.055851
0.051453
0.041525
0.031744
0.029027
0.033381
0.038864
0.043375
0.044233
0.040856
0.036717
0.034814
0.033472
0.028116
0.017772
0.0046344
-0.0076309
-0.014907
-0.018531
-0.021346
-0.024032
-0.025505
-0.025466
-0.025653
-0.028292
-0.032419
-0.034961
-0.036143
-0.036631
-0.035268
-0.032976
-0.029931
-0.024932
-0.018725
-0.013198
-0.0094861
-0.0080851
-0.0090782
-0.01098
-0.011838
-0.010637
-0.0075816
-0.0043521
-0.0020197
-0.00094414
-0.0015473
-0.0029402
-0.0038347
-0.0044949
-0.0048328
-0.0045102
-0.0045135
-0.0056357
-0.0076154
-0.0095989
-0.011766
-0.014572
-0.016965
-0.018076
-0.017989
-0.016876
-0.016018
-0.016181
-0.016623
-0.016607
-0.016044
-0.015518
-0.015356
-0.015547
-0.014933
-0.013531
-0.011854
-0.0086121
-0.0046028
-0.0016035
-2.9277e-05
-0.00015063
-0.0012033
-0.0013804
-0.00085415
-0.00044529
-8.3994e-05
5.0874e-05
4.3648e-05
-0.00020591
-0.00034549
8.3774e-05
0.00041972
-8.1634e-05
-0.0012682
-0.0016676
-0.00075381
0.00023744
0.00081369
0.00087867
0.00054284
0.00021953
-0.0001404
-0.00037011
-0.00022626
0.00024463
0.00060271
0.00047902
0.00036483
0.00031735
0.0001395
8.4116e-05
-0.00040164
-0.0017324
-0.0032675
-0.0042988
-0.0047538
-0.0049392
-0.004963
-0.0048096
-0.004383
-0.0040693
-0.0040382
-0.00376
-0.003469
-0.0038684
-0.0046234
-0.0045687
-0.0045104
-0.0055924
-0.006073
-0.0052607
-0.0048164
-0.0052232
-0.0058139
-0.0062411
-0.0065696
-0.006246
-0.0050841
-0.0043567
-0.004714
-0.0054383
-0.0053903
-0.0045197
-0.00393
-0.0038373
-0.0036939
-0.0033612
-0.0031507
-0.0032215
-0.0032858
-0.0035376
-0.0040463
-0.0040807
-0.0038303
-0.0036144
-0.0027227
-0.0018541
-0.0018988
-0.0018823
-0.0012777
-0.00091408
-0.00077569
-0.0001273
0.00048869
0.00056423
0.0006953
0.00061527
-0.00027051
-0.00062617
-0.00036471
-0.00077396
-0.0007099
0.000118
0.00013671
-0.00028332
-0.0001811
0.00053277
0.001471
0.0015456
0.00064198
-0.00050379
-0.00093668
4.2389e-07
0.00077591
0.00019749
-0.00062319
-0.00046065
-0.00025505
-0.00048054
3.221e-05
0.0003502
0.00013341
-0.0002405
-0.00031385
0.00020971
0.0003917
0.00045628
3.2913e-06
-0.00097881
-0.0014438
-0.0014969
-0.0018536
-0.0023982
-0.0021895
-0.0015939
-0.0018228
-0.0021369
-0.0019102
-0.0022423
-0.0022264
-0.0015691
-0.0016927
-0.0025001
-0.0029392
-0.0021819
-0.0011172
-0.00096769
-0.0020684
-0.0033697
-0.0037368
-0.0031055
-0.0019045
-0.0012034
-0.00087596
-0.0006679
-0.0012601
-0.0020511
-0.0016
-0.00047667
-2.0545e-06
-2.2223e-05
7.0184e-05
0.0002856
0.00023978
-0.00018408
-0.00097893
-0.0019827
-0.002387
-0.001616
-0.00093298
-0.00096912
-0.00083082
-0.00059325
-0.00027616
0.0001521
0.00054023
0.00042116
-0.00020072
8.0434e-05
0.00021952
-0.00023099
0.00033439
0.00087751
4.7485e-05
-0.00062669
0.00056984
0.0015132
0.00093182
0.00021361
-0.00043537
-0.00024558
0.000335
0.00018114
0.00035856
0.00075904
0.00065503
0.00053636
8.6774e-05
-0.00061784
-0.000503
-9.2103e-05
-1.6779e-05
0.00010699
0.00030005
-0.00013179
-0.00071065
-0.00025126
0.0002004
3.87e-06
-2.5313e-05
0.00020017
0.00020955
1.4018e-05
-5.5375e-05
-0.00030885
-0.00088171
-0.0010941
-0.00050349
0.00038786
0.00068074
0.00023768
-0.00012082
0.00023223
0.00049079
-0.00012648
-0.0008518
-0.0006904
0.00020206
0.00061905
0.00016393
-0.00025442
9.5931e-05
0.00042231
0.0004379
0.00086484
0.00051564
-0.00060342
-0.0006011
0.00010097
0.00041067
0.00037102
-0.00011242
-0.00051301
-7.7979e-05
0.00039894
1.3691e-05
-0.00026255
0.00047246
0.0010274
0.00049926
-0.00029539
-0.00092841
-0.00098081
-0.00015543
0.00020666
8.5863e-05
0.0002693
0.00054058
0.00087325
0.0010694
0.00094781
0.00063461
0.00030953
-9.7849e-05
-0.00052141
-0.00038914
0.0001915
0.00042869
0.00011365
-0.000185
-4.4907e-05
-0.00010146
-0.00035044
-0.00020723
-0.00010987
-0.0001147
-4.0326e-05
8.1355e-05
9.0716e-05
-0.00018981
-0.000268
-0.0001941
-0.00013532
-8.175e-06
0.0001362
0.00046235
0.00045935
1.7678e-05
-8.0355e-05
0.00027922
0.00060241
0.00034469
-0.00017712
-0.00021057
-0.00026751
-0.00045286
-8.5414e-05
0.0001041
-0.00018607
0.00012023
0.00057675
0.00036787
-2.4637e-05
-0.00046066
-0.00042087
0.00058668
0.0014874
0.0010918
0.00020897
-7.115e-05
9.047e-05
0.00055874
0.00038442
-0.00027377
-0.00029467
-0.00026393
-0.0002179
9.005e-05
5.5785e-06
-0.00040235
-0.00054839
9.6822e-05
0.0011931
0.0011887
0.00019518
-0.00038912
-0.00036587
0.00010793
0.00034348
8.7009e-07
-0.00038594
-0.0008598
-0.00061198
0.00024099
0.00023938
-8.7836e-05
-0.00011669
-0.00010053
7.0583e-05
0.00037719
0.00068792
-0.00041362
-0.0041361
-0.0081991
-0.010756
-0.012794
-0.015237
-0.017355
-0.018489
-0.019671
-0.021714
-0.023812
-0.025536
-0.028016
-0.030641
-0.032163
-0.033243
-0.034379
-0.035644
-0.037622
-0.041318
-0.046112
-0.049384
-0.050832
-0.052145
-0.052917
-0.069683
-0.10388
-0.11422
-0.094112
-0.06799
-0.047071
-0.034468
-0.028511
-0.024699
-0.020042
-0.015045
-0.0096844
-0.0050977
-0.003399
-0.0042127
-0.0057142
-0.0066173
-0.0079573
-0.010044
-0.010859
-0.0086428
-0.0054589
-0.0045017
-0.0045046
0.00035271
0.01345
0.03334
0.056154
0.074727
0.081197
0.078294
0.077762
0.082339
0.088927
0.10049
0.11644
0.13306
0.14473
0.14743
0.13971
0.12189
0.1012
0.083235
0.071379
0.068475
0.072643
0.078891
0.082989
0.081496
0.071969
0.054857
0.034591
0.020426
0.017993
0.023949
0.032287
0.035515
0.029376
0.018252
0.0068435
-0.0046542
-0.015277
-0.021712
-0.024366
-0.026978
-0.031997
-0.041935
-0.056234
-0.067588
-0.071696
-0.070886
-0.070238
-0.073798
-0.083918
-0.097553
-0.10686
-0.10733
-0.10267
-0.094753
-0.086807
-0.080831
-0.07739
-0.074377
-0.068856
-0.062049
-0.056256
-0.052801
-0.053657
-0.0596
-0.065493
-0.066473
-0.057786
-0.042492
-0.02345
-0.0047431
0.010134
0.020712
0.023408
0.016741
0.0071345
0.00023084
-0.0043563
-0.0065736
-0.0045875
0.0011115
0.012154
0.032965
0.059516
0.078376
0.08219
0.073991
0.062997
0.054775
0.054003
0.062723
0.077246
0.093745
0.1089
0.11759
0.1229
0.12489
0.1227
0.11534
0.10415
0.089258
0.075156
0.067019
0.063544
0.06195
0.059245
0.055443
0.054398
0.055971
0.055501
0.052028
0.041046
0.022
0.0016271
-0.013744
-0.020539
-0.020326
-0.017144
-0.014701
-0.017933
-0.025796
-0.035796
-0.048658
-0.063779
-0.078872
-0.092296
-0.10004
-0.099727
-0.09332
-0.08319
-0.071245
-0.062364
-0.062133
-0.070758
-0.084196
-0.097663
-0.10725
-0.11065
-0.10937
-0.10519
-0.10014
-0.094576
-0.087112
-0.078971
-0.071992
-0.06606
-0.063655
-0.065373
-0.066273
-0.064855
-0.057426
-0.041364
-0.021303
-0.0023701
0.011302
0.017765
0.017434
0.01303
0.0075752
0.0027712
0.00084238
0.0015519
0.0031724
0.0063534
0.013109
0.024392
0.040328
0.056046
0.06555
0.07006
0.072946
0.073051
0.072145
0.075223
0.083847
0.095653
0.10479
0.11053
0.11498
0.11828
0.12122
0.12078
0.11309
0.10173
0.088873
0.075403
0.065876
0.061477
0.059445
0.056209
0.051435
0.049336
0.050068
0.04727
0.039742
0.028142
0.014242
0.0039027
-5.2558e-05
0.0030601
0.010202
0.014089
0.011269
0.0034481
-0.0077551
-0.021069
-0.033415
-0.042461
-0.048067
-0.052299
-0.059254
-0.072713
-0.088536
-0.098187
-0.098976
-0.094241
-0.08869
-0.084166
-0.082287
-0.087694
-0.098656
-0.10876
-0.11593
-0.1197
-0.11872
-0.11432
-0.10748
-0.094557
-0.077471
-0.064964
-0.060263
-0.061166
-0.066024
-0.067962
-0.060837
-0.045285
-0.025005
-0.0036403
0.01272
0.01761
0.012673
0.0053813
0.00089557
0.00051725
0.0012065
0.00066258
-0.0023418
-0.0049292
-0.0044927
-0.00063872
0.0086857
0.022693
0.035771
0.042645
0.041987
0.033635
0.022449
0.016526
0.019498
0.03115
0.046311
0.057495
0.065563
0.071651
0.074425
0.071335
0.061729
0.049199
0.036368
0.024924
0.01711
0.013769
0.013691
0.013403
0.0099777
0.004245
-0.00058996
-0.0034177
-0.0048525
-0.0038849
-0.00033079
0.0029416
0.0043833
0.0044784
0.0030749
-0.0002757
-0.0040804
-0.006238
-0.0071
-0.0075738
-0.008682
-0.012043
-0.016129
-0.018367
-0.018529
-0.017189
-0.015013
-0.011938
-0.0082842
-0.0045588
-0.00067836
0.0025479
0.0039674
0.0040214
0.0042493
0.0053216
0.006965
0.0083422
0.0094974
0.010341
0.010167
0.0090839
0.0070703
0.0054189
0.0048523
0.0047311
0.005402
0.0062536
0.0060697
0.0052786
0.0048633
0.0049933
0.0047304
0.0036717
0.0036837
0.0054369
0.0071718
0.0081744
0.0089908
0.010178
0.010479
0.0095629
0.0096849
0.010087
0.0092035
0.0084231
0.0082565
0.0077501
0.0069919
0.0063101
0.0057293
0.0052476
0.0045621
0.0035892
0.0023297
0.0011434
0.00043754
-9.0029e-05
-0.0005111
-0.00047835
-0.00037237
-0.00035517
-0.00088569
-0.0020575
-0.0021929
-0.0011369
-0.00036734
0.00021473
0.00098408
0.00099377
0.00045124
0.00019716
1.1974e-05
-0.00043123
-0.00018742
0.0009393
0.0010715
0.00047016
0.0007193
0.0012342
0.000898
0.00047338
0.00041257
0.00043861
0.0012332
0.0018164
0.0014484
0.0007963
8.5248e-05
-0.00016295
-0.00023933
-0.00035465
-0.000101
8.3828e-05
-0.00016092
-0.00074656
-0.00097418
-0.00012243
0.00070106
0.00049285
0.0001726
0.00028506
0.00023628
0.00016357
0.00061898
0.0010974
0.00096382
0.00034708
-0.00036548
-0.00082564
-0.00058673
8.4322e-05
0.00029931
0.00028054
0.0001233
-0.00030316
-0.00034216
7.042e-05
0.00034447
0.00029567
0.00015704
-0.00022685
-0.00046878
-9.3837e-06
0.00052689
0.00041219
-0.00016288
-0.00041441
-7.6662e-05
4.9451e-05
-0.00030608
-0.00019654
0.00026325
0.00037075
2.4666e-05
-0.00048986
-0.00039919
-6.1228e-05
7.0745e-05
0.00043815
0.00058508
0.00035369
0.00010412
-0.00017409
-0.00047581
-0.00052899
6.1234e-05
0.0005809
0.00035753
-7.7995e-05
-0.00020461
1.2275e-05
0.00024939
1.5172e-05
-0.00057652
-0.00030774
0.00064032
0.00058175
-0.00017324
-0.00046493
-0.00022171
0.00031158
0.00048319
0.00013157
0.0001228
0.00025863
0.00023018
0.00065044
0.00048956
-0.00069085
-0.00049808
0.00055549
0.00030985
-2.225e-06
0.00020087
-0.00039279
-0.0014758
-0.0014174
-0.00018146
0.0011223
0.0013704
0.00042461
-0.0004059
-0.00045099
0.00015599
0.00062651
0.00016936
-0.00071069
-0.00089253
0.00022099
0.0012719
0.00085071
-3.5718e-05
-0.00040471
-0.00039232
-0.00018191
-1.6492e-06
3.8789e-05
0.00090019
0.0020738
0.0010411
-0.0010715
-0.0017063
-0.00089739
0.00049212
0.001465
0.0013553
0.00034915
-0.00058151
-0.00050193
0.00038856
0.00057551
0.00022582
0.00037956
0.00047723
-6.7615e-05
-0.00049519
-0.00034676
-0.00027725
0.00045764
0.00056148
-0.00038079
1.4492e-05
0.00067506
2.4496e-05
-0.00095033
-0.00081225
-0.00021856
-6.2308e-05
0.00046044
0.00084762
0.00044546
-0.00019676
-0.00067576
-5.2769e-05
0.00096859
0.00092045
0.00055847
0.00036666
-5.3384e-06
0.00038501
0.00094663
-0.00041415
-0.0016346
-0.00083904
3.673e-05
0.00039496
0.00068867
0.00066041
0.00044969
-5.9731e-05
-0.00057751
-0.00023812
0.00031599
0.00019273
-0.00042927
-0.00054637
0.00033713
0.00099407
0.00071916
0.00016582
-0.00012038
-7.8881e-05
-2.3168e-06
-2.477e-05
2.4333e-05
-3.7527e-05
-0.00024488
-0.00030342
-0.00033528
-0.0003501
-7.4148e-05
0.00025265
0.00040006
0.0001633
-0.00025247
-0.00019742
6.7062e-05
0.00014576
0.00042607
0.00054566
-0.0002179
-0.00066383
0.0001577
0.0011244
0.0012547
0.00051007
-0.00055572
-0.0010707
-0.00069041
-0.00018347
0.00027583
0.00060681
-0.00043143
-0.00099539
-2.7355e-05
0.00028424
0.00047984
0.00062584
0.00037354
0.0004816
0.00041886
0.00054994
0.00078266
0.00069557
0.00043269
2.6066e-05
4.6715e-05
0.00029503
0.00033472
2.0213e-05
-0.00033364
-0.00019087
0.00011067
0.00020069
0.00022153
0.00035263
0.00039336
0.00026132
0.00028991
0.00018435
-0.00026547
-0.00044025
-0.00026631
-1.9613e-05
