-0.0033374
0.001564
0.00046381
0.00091871
0.00039738
-0.00036418
0.0037394
-2.3616e-05
-0.0011566
0.0011332
-0.0028798
-0.00058686
-0.0030298
-0.00036738
-0.00015958
0.0014755
-0.00069589
0.00099688
0.0018708
-0.00032502
0.0020608
0.00023782
-0.0002654
-6.1386e-05
-0.0015896
0.0028871
0.00044381
0.0007042
0.0014576
-0.0045008
0.0019093
-0.00020759
-0.00093318
0.0012434
-0.00088128
-0.0010956
0.0055516
0.0002197
-0.00082575
0.0011295
-0.00087603
-0.0020495
-5.4375e-05
0.0013086
0.00012022
-0.00016113
0.00099963
0.0013197
0.00074365
-0.00065488
-0.00047952
0.00031635
-0.0040157
0.00053298
0.00079095
-0.0013119
0.00020928
-0.00045354
-0.00033539
0.00068934
-0.00087194
0.0018955
0.0019779
-0.0014027
0.0013314
0.0010361
0.0012048
-0.0012904
0.00086563
0.00018554
-0.00059262
3.557e-05
-7.8475e-06
0.0022238
-0.00019323
0.0025303
-0.00017656
6.2381e-05
0.0029443
0.00028799
-0.00040213
0.0022435
-0.0018394
0.0016125
-0.00028531
0.0023006
-0.0018362
0.0018545
0.00053649
-0.00051793
-0.00088287
-0.00022901
0.0036249
0.0010229
0.001868
-0.0032012
-0.0011056
-0.00012065
-0.00014638
0.001627
-0.00014953
-0.0012538
0.0014661
0.0024548
-0.0010884
-0.0014233
0.00018455
-0.0011818
0.00091708
-0.00088243
0.00096692
0.0023648
0.0020172
-0.00064375
0.00039684
-0.00089733
-0.00052294
-0.0023601
0.0018716
0.0017505
0.0018353
-0.0012061
0.0030616
-0.00097882
-0.00012377
0.0012038
-0.00019195
0.0017804
0.0004781
-0.0023802
0.0037626
-0.0030115
-0.0015777
-0.00046048
-0.00066336
-0.001428
0.0020639
-0.0021039
0.0010827
-0.0021193
-0.0017993
0.002314
0.00079975
-0.00062298
6.1182e-05
0.0021576
0.0029303
0.0025096
0.00039834
-0.0015102
0.00084209
0.0008216
-0.002293
-0.00010916
0.0020964
0.0017597
7.2236e-05
0.0011775
0.0019251
0.00073034
0.0024999
-0.0016648
0.00057501
-0.00043375
-0.00050242
0.0011239
0.000136
0.0010263
8.9951e-05
0.0013659
-0.0018204
-5.2346e-05
0.00041233
0.0028796
-0.00084819
-0.0010262
-7.0777e-05
0.00044617
0.00066996
-0.0005518
0.00082059
0.0010535
0.00073739
0.0034441
0.0015817
0.0010057
-0.0019851
-0.00045549
0.00030821
-0.00016888
-0.0025142
0.0002989
-0.0014841
0.00034891
0.00054443
-0.0004736
-0.0018851
0.001459
-0.0017103
0.00059056
0.0017694
0.0014515
-0.0010877
0.0016122
-0.0029017
0.001269
-0.00013509
0.0013723
-0.00094956
-0.0015419
-0.00229
-0.0028654
-0.00018232
0.00023006
5.6619e-06
0.00041793
0.0040127
-0.00047158
-0.00012504
-0.0029732
0.0030389
-0.0033519
0.0025776
-0.00013499
-0.0011887
-0.0010274
0.00096698
-0.00072712
0.00013513
0.0015438
-7.7842e-05
0.001987
0.0025803
-0.0010903
0.0011251
-1.9786e-05
0.0028458
0.00090597
-0.00017548
0.0003121
-0.00091743
-0.0023352
-0.0010023
0.00028754
-0.0028344
0.0013282
4.6373e-05
0.00050218
0.00041651
-0.0020895
0.00019604
0.002638
-4.8404e-06
-0.00091986
7.8686e-05
0.0023252
0.0017629
0.0018009
0.00034665
-0.001007
0.001505
-0.00024013
-0.0024631
-0.00076374
0.0026412
0.00044785
0.0022564
0.0013619
-0.00021854
-0.0014698
-0.0018038
0.00068164
0.0026343
-0.00043879
-0.00046408
-0.0003632
0.001318
-0.0028759
-0.00029404
-0.00027525
-0.0011699
-0.0040977
-0.00076283
0.0013941
0.0015039
1.9894e-05
-0.0010175
-0.0017465
-0.0001189
0.0010279
-0.00093267
0.0021758
0.0015148
0.0010811
0.00089993
-0.0014779
0.00064255
0.00067178
0.00040097
-0.00044349
0.0005724
-0.00084908
0.0008039
0.0016707
0.0026717
-0.0033851
0.0015036
0.0013165
0.00098521
-0.00055436
-0.00093836
0.0017219
0.000688
-0.0018418
0.0016306
-0.001672
0.0023017
-0.00021941
0.0017117
0.0001834
-7.4963e-05
0.00337
-0.00076459
-0.00088774
0.0013451
-0.0023638
-0.0019623
0.0027272
-0.00039006
0.0011518
-0.00017067
-0.00052818
-0.0018736
-0.0007035
0.00054723
-0.0023893
0.0025166
-0.00019738
0.00071849
0.0024773
0.0028677
0.0023411
0.003598
-0.0011365
0.0015334
-0.0033805
0.00052935
0.0014419
-0.00022029
0.001655
-0.00036135
0.001305
0.00072345
-0.0022514
0.00052541
0.0020433
0.0042215
0.00070952
0.00025853
-0.001691
-0.0032012
0.00058882
0.0014233
-0.00093099
-0.0026182
-0.00090785
0.00141
0.0012489
0.00057342
-6.9753e-05
0.00020314
0.00030307
-0.0024589
0.0019619
0.000651
-0.00039687
0.001419
0.0017282
0.004811
0.00072317
0.00041715
0.0023597
-0.0002794
-0.0020643
-0.0015395
-0.004583
0.0022935
0.0011102
-0.00089763
-0.00036272
-0.00068189
0.00066908
0.00036592
0.0017081
0.00010307
0.00099188
-0.00054269
0.00033447
0.0021804
5.0147e-05
-0.00016752
0.0010833
0.0009442
0.00030019
0.0023
-0.0001838
0.00044214
0.0016507
0.0019584
0.0011789
0.0022053
-0.00010512
-0.0019132
0.0012729
0.0024536
0.0031535
0.0024638
-0.00022558
0.0023395
-0.0022661
0.0027501
-0.00024645
6.5582e-05
0.0036306
0.0032601
0.0012466
-0.0034849
-0.00060093
0.0031721
-0.00049478
0.00057378
0.0025507
-7.8375e-07
0.0039768
0.0018549
-0.00082316
-0.00010845
0.0001612
-0.002244
-0.00023512
0.0029337
-0.00053897
0.0004735
0.0017456
-0.00013189
0.0016019
0.00047149
0.00068296
-0.0010319
0.0011799
0.00018972
0.0014567
-0.00081526
-0.0012077
0.0010391
-0.0010217
-0.00077569
-0.0014569
-0.0002737
0.00092562
0.0015354
0.0016118
0.001426
0.0004536
-0.0010589
-0.00025265
0.0017021
0.0012233
-0.0035265
-0.0010519
-5.4533e-05
0.00076112
0.0030081
0.0044088
0.00056484
0.0028919
0.0021667
-0.0015657
0.0020531
-0.0030622
0.0014399
-4.5462e-06
-0.0034432
-1.5057e-05
0.0015006
-2.321e-05
-0.00055538
-0.00165
-0.00012002
0.0006151
0.00075632
0.0043991
-0.0028781
0.00058252
-0.00099335
-7.5061e-05
-0.00082213
-0.00062848
0.0018666
-0.0018592
-0.00020424
-0.0015393
0.00036625
0.00035211
8.1742e-05
-0.00043442
-0.00042838
0.0012
-0.0013616
0.0012403
0.0046156
0.0018554
-0.0027459
0.00012439
-0.00086768
0.0006328
-0.00060271
0.001555
0.0020855
0.00046436
0.00042917
-0.0010137
0.00054998
0.0012353
0.0016718
0.0027495
-0.00034215
0.0014664
0.0020594
-0.0014082
0.002152
-0.00033401
-0.0022809
6.0281e-05
0.00024102
-0.0014646
-0.00083038
0.0011121
3.4385e-05
-0.0024843
0.00035234
0.00035381
-8.84e-05
0.00094089
-6.7943e-05
0.0028323
0.00049649
-0.0012273
0.0014501
0.0025006
0.00050903
0.0032651
0.0012321
0.00061975
-0.0011433
0.00065774
0.00059812
0.0011587
0.0011025
-0.001074
-0.00067957
0.0004357
-0.0027303
0.00085004
-0.00030302
0.00091001
0.0002734
-0.00050832
-0.00069548
-0.00092708
-0.0012959
-0.00035121
-0.0001796
-0.00085064
-0.00010109
0.0009341
0.0022065
-0.0019496
0.00066911
0.0004726
0.0014187
0.00019281
0.0014686
0.00015247
-0.001125
0.001414
-0.0012353
-0.0025377
-0.0013329
-0.0020046
-0.0012008
-0.00084274
0.0018702
-0.00069343
-0.00050801
0.0019706
0.0018223
-0.0011767
-0.0002612
-0.0001878
0.00040925
-0.00074488
0.0028144
0.00049259
0.0039685
0.00069444
-0.00016338
0.0034239
-0.00045022
-0.00078426
0.0007124
0.0026983
0.001081
-2.6383e-05
0.00062865
0.0010738
0.0018246
-0.0015751
-0.00055009
-0.00090383
0.0021624
0.0010248
-0.00041011
-0.0021213
0.0015727
0.00056645
0.00010848
-0.0032477
-0.00084001
-0.0033633
0.00027671
-0.00051028
0.0032374
-0.00086819
-0.0010622
0.0013943
-0.0013961
-0.00037219
0.00037206
-0.0008196
-0.00038992
-0.0030681
-0.0013776
-0.0012347
0.0018187
0.00014472
-0.0011588
0.0019667
0.002842
0.00033617
-0.0017013
0.0010803
-0.00036759
1.9374e-05
-0.0010712
0.0037644
-0.00056254
0.00053037
0.0042155
0.00020096
-0.00048933
0.0016479
0.0014423
0.00097049
-0.0011595
-0.0031346
0.00071985
0.0022938
0.00052255
0.0013661
-0.00028648
0.0030395
0.0031477
-0.00047342
0.00019472
0.0038192
-0.0025658
-0.002215
0.00042482
0.00091318
0.001083
0.0016633
0.0037803
-0.00066987
0.0027414
0.00037507
-0.0012449
-0.00094435
0.0018448
-0.00022629
0.00090769
0.0015406
0.0015343
-0.00044526
0.00047041
-0.00091673
0.0026571
0.00024236
0.00027049
-4.8807e-05
0.00011166
0.00051882
-0.0010746
-0.0019548
-0.0011606
-0.0013503
0.0013513
0.0010822
-1.0106e-05
0.0033246
0.00058851
0.00091795
0.00090121
0.0006939
0.0023988
0.0023681
-0.0006887
0.0041442
-0.0041309
0.0015434
0.001477
0.0013877
0.00092027
0.0031402
0.0009172
0.0022309
-0.00022727
-0.0020334
-0.00055326
-0.0023784
-0.0017663
0.001958
-0.00010101
0.0022264
-0.0039495
0.00011647
0.0028421
-0.0021935
0.00044842
0.00079988
-0.0030367
-0.0020968
0.001147
-0.0015348
0.00025602
-0.0015877
0.00019914
-0.0012122
-0.00095192
0.0010574
0.001698
-0.0015326
-0.00088206
0.00059016
-0.0013761
0.00083199
0.0033386
-0.00078289
0.001493
0.0011416
0.0012349
-0.0013824
-0.00051108
-0.0014491
0.0028426
-0.00087296
0.00076722
-0.00016168
0.0014896
-7.392e-05
-0.00039979
0.00042994
0.0023658
-0.0011392
-0.00045297
-1.7434e-05
-0.00077278
-0.0013978
0.0010913
-0.00085407
-0.0002625
-0.0012379
-8.413e-05
0.00014419
-0.00076458
0.00047469
-0.0016616
-0.00095507
0.0030183
-0.0024742
2.6879e-05
0.0024007
1.811e-05
0.0018183
0.0014968
0.0011947
0.0014321
0.0023005
-0.001243
0.0022221
0.0010308
0.00034046
-0.00058242
-3.217e-05
0.0013198
0.0026471
-0.00065305
-0.00047402
-8.594e-05
-0.0027061
-0.0039833
0.0013368
0.00064171
-0.00053768
0.0019282
0.0019259
-6.735e-05
0.00078694
0.002349
0.00066865
-0.0012168
0.00027194
0.0028809
-0.0017442
-0.00068935
0.0045142
-0.00034782
-0.0022344
-0.0027865
-0.00060051
-0.0021833
0.0023039
0.00015451
0.0016712
-0.0018985
0.0011705
-0.0011322
-0.0023955
0.001586
-0.00096292
-0.0024662
-0.0017894
-0.0013543
0.0011643
0.00019323
0.00014145
-0.00031892
0.00094108
0.0008585
0.00086441
-0.000112
0.0013912
-0.0013319
0.0013627
0.00013611
0.0016913
0.0029883
-0.00090515
0.0020558
-0.0012479
-0.0010691
0.0022716
-0.00057048
0.0010134
-0.001544
-0.00063334
-0.00099829
0.0029847
-0.0019627
0.0011806
-0.00067606
-0.00030304
-7.2937e-05
-0.0016609
0.0019758
0.0011777
0.0017723
0.00024112
0.00072772
0.00061485
0.0014725
0.0019056
-0.00010485
0.002198
0.0027637
0.00056188
-0.0014292
-0.0022273
-0.00086741
-0.0018814
0.0013434
-0.0011223
-0.0007937
0.001068
-0.0018414
-0.00036907
-6.5407e-05
-0.00033047
-0.00017291
-0.0028418
0.0016604
0.0036523
-0.0005382
0.0015877
-0.0016588
0.0033964
-0.0010809
0.00040772
-0.00092238
-0.00035206
9.2791e-05
0.0006757
-0.00067089
-0.0019198
0.001291
0.00096007
-0.00085408
0.00030201
0.0022698
-0.0020297
0.0019284
0.0026299
0.00037125
0.00091186
0.00083946
0.00086823
0.0020424
-0.00047657
0.00047168
-0.00018454
0.0024131
-0.0017387
-0.0025428
0.00093596
0.00068311
0.0013638
-0.0031401
0.0016687
-0.00055993
0.0013217
0.00084402
0.00085887
-0.00012442
0.0036176
0.00012202
-0.000124
-0.0019141
-0.0032663
-0.00025476
0.0013923
0.0042211
0.00099031
0.001636
0.00039321
-0.0015114
-0.00067005
-0.0028037
-0.0016088
0.0015359
-0.00031983
0.0019467
-0.0012065
0.00031435
-0.00077827
0.0010868
0.0021755
0.00022324
-0.0027249
0.0027545
-0.001272
-0.00037082
0.0034616
-0.00096383
-0.0012369
0.0048349
-0.001061
-0.0010766
0.002829
-0.0017745
0.00096614
-0.00071285
0.00074261
-0.00058382
-0.00037519
0.0020052
0.002458
-0.001273
-0.0020518
0.0023812
0.00068488
-0.0004707
0.0028321
-0.0018748
-0.0009217
0.00025236
-0.004787
-0.0016124
0.0023312
0.0027325
0.0013237
0.001782
-0.0023134
0.0019506
0.00066406
-0.0015023
0.00080943
0.00047646
-0.0011327
-0.0018227
-0.0033651
-0.00053853
-0.00078401
-0.00032204
-0.0016524
-0.0023875
0.0027979
-0.0020345
-0.0033625
-0.00063943
-0.0013012
0.0019499
0.00082938
-0.00025926
0.0019898
-0.0011962
-0.00094152
-0.00089359
0.0049971
-0.0021809
0.00040675
0.0024753
1.0301e-05
0.00078225
-0.0001419
0.00062727
-0.00046321
-0.0011211
-0.00036176
0.00059321
0.00082391
0.0008605
0.0012422
-0.00049989
0.0028625
6.5108e-05
0.00098183
-0.00032141
-4.0533e-05
0.00025296
0.0036696
-0.00096322
-0.0017515
0.0050012
-0.00078911
0.0011174
0.0017375
-0.0010157
-0.00013387
-0.0010535
0.0029728
-0.0019886
-0.00012484
0.00022698
4.1447e-05
0.0010844
-0.00038994
0.0014838
-0.0037881
0.0023053
-0.0022275
-0.0012688
0.0014595
0.00035114
-0.00064884
-0.0013534
-0.00056636
0.0013796
-0.0038932
0.00083214
0.00028399
0.00023168
0.0031091
0.0019289
0.0013063
0.0019622
-0.0044254
-2.1767e-05
-0.0013479
0.0005356
0.00086025
-0.001142
0.0017381
0.00079904
-0.0012729
0.0016211
0.0010036
-0.00022353
-0.00024216
0.00057606
0.0012478
3.0257e-05
-0.00074166
-5.127e-05
0.00095259
0.00061896
-0.0016061
-0.0015819
0.0013826
-0.0013627
0.00029256
0.00070716
0.0035512
0.00032516
-0.0011419
0.00024711
-0.00090606
0.00092496
8.6345e-05
0.0019657
0.0032438
-0.00022508
0.00088199
-0.00033649
-0.0014692
0.00031222
-0.00063121
0.00017162
-0.00089107
0.00124
6.0502e-05
-0.0010626
0.0015306
-0.00051015
-0.00072725
-0.00054937
-0.0033558
0.0021774
0.0023156
-0.0002247
-0.0010253
-0.0010668
0.00074663
-0.0011962
-0.0024985
-0.00054616
0.0016533
-0.0018349
0.0043823
0.0025554
-3.3259e-05
-0.0018081
0.00040624
-0.00085402
0.00027487
-0.0010681
-0.0010855
0.0015693
0.0024216
-0.002182
-0.00075456
0.00056718
0.0005523
-0.00081387
0.004597
0.00024861
0.0037495
-0.00046248
0.00087859
0.0005952
0.0011881
-0.00087648
-0.0010062
-0.00076412
0.00090309
0.00097048
0.0010389
0.0045347
0.00041108
0.0030421
0.0006528
-0.0034801
-0.00066236
0.00092568
-0.0015765
-0.00074729
-0.00043169
-0.0019784
-0.0023656
0.00023246
-0.0018152
0.00070697
0.0003551
-0.0010748
-0.00042482
-0.00019411
0.0010473
0.0036492
0.00052873
-0.0031214
-0.0019387
-0.0045649
-0.0011059
0.0013172
3.718e-05
0.0013493
0.0004231
0.0012219
-0.00057592
0.0013509
-0.0023757
0.00096271
0.0010997
0.0026184
0.0041897
0.0014859
-0.0057155
0.00028804
0.0011557
7.3615e-05
-0.00066194
0.0010648
0.00063101
0.0013756
-0.00054378
0.00071034
0.00148
-0.00067536
-1.1232e-05
0.00098947
0.0017075
0.001299
7.2238e-05
0.0005072
-0.00055931
0.0008792
0.0024761
0.00036585
0.00082019
-0.0016722
0.001958
0.0037343
-0.0036678
-4.8565e-05
0.00099528
6.5517e-05
0.0023419
0.0022973
-0.00064671
0.0028688
0.00085743
-0.00038627
-0.0019311
0.0018475
-0.0014636
-0.0011766
-0.001128
-2.5331e-06
0.0025837
0.0014188
0.00025516
0.00096005
0.0008776
0.00079369
-0.00013218
0.0020249
0.0020548
-0.0014353
0.00039914
-0.001278
8.5535e-05
-0.00081094
-8.1012e-05
0.00020616
-0.0019742
-0.0011584
-0.001602
0.00025634
-0.0015538
-0.0012824
-0.00070178
0.0019468
0.00016167
0.00026662
0.00080011
0.00060816
0.001084
-0.0016238
0.0017743
-0.0011079
0.00023458
0.00084286
0.0014968
-0.00012952
0.00083398
0.0022758
-0.00083718
-0.00036023
-0.00058323
0.0020567
-0.0004331
0.0016838
0.00047489
0.00018755
-0.0036905
-0.00184
0.0019306
0.0015871
0.00016261
0.0015391
0.0018255
-0.00064104
7.6275e-05
0.0020728
-0.00044307
0.00046561
-0.0036293
0.0011105
0.0018522
-0.002456
-0.0024505
-0.00048651
-0.00067357
0.001616
0.00036019
0.00067134
0.0027675
0.00051981
0.0028012
0.00039194
-0.0021698
0.00049587
0.00085402
-0.0025499
0.0016561
0.0017244
0.00086137
-0.0004628
-0.00078548
0.0019007
0.00092348
-0.0013452
-0.00060133
0.0036151
0.0017127
-0.00020013
-0.00098479
-0.002211
0.0014528
-0.00033738
-0.00018366
0.00083887
-0.00077774
-0.00077429
0.0012711
0.0011075
0.00091629
0.00083151
0.00042179
-0.00028223
-0.0037608
0.00053469
0.0010987
0.0055559
-0.0015141
0.0015398
-0.0017742
8.2655e-05
-0.0001893
-0.0017072
-3.3618e-05
0.0010863
0.0010813
0.0030047
-0.00072186
-0.0005291
0.001314
0.0031562
0.00026846
-0.0021392
0.0024015
-0.00059967
-0.00025121
0.00047758
-0.00010376
0.0022898
0.00067031
-0.0016309
-0.00064909
-0.0012095
0.0045682
0.00090191
0.00047749
-0.00073492
-0.00032796
0.00098983
-0.0014103
0.0013711
-0.0011197
0.0011846
0.00097706
-0.0026085
0.0022952
-0.0016478
0.00075893
-0.00025482
-0.00060341
0.0016393
0.00099669
-0.0015999
0.0017753
-0.00074874
0.0031667
0.0017543
0.00012957
-0.00016461
0.0014876
0.002839
0.0028382
-0.0013962
1.8352e-05
-0.00015703
-0.0012281
0.0018097
2.1983e-05
0.00057375
-0.0014625
-0.00077872
0.0031882
0.0010958
0.0011837
-0.00050077
0.00072182
-0.0015192
0.0016756
0.001829
0.00053705
0.0024014
-0.00036572
0.0015631
-0.0023117
0.0015766
0.0034829
0.0022501
0.00064854
-0.0021657
0.00095339
0.0024098
0.0012711
0.0016402
0.0040571
0.00058325
0.0019163
-7.1415e-05
-0.0010443
0.0023194
0.0019804
0.0011727
-4.6997e-07
0.00031798
-0.0027742
0.0013926
0.00052807
-0.00014406
-0.0029072
0.00081974
0.00080287
0.00032556
0.0011224
0.0015159
-0.00089715
0.0044697
8.1688e-05
-0.0026532
0.00087474
0.0020838
-0.0090299
0.026288
-0.0053863
-0.011168
-0.022299
0.02108
0.010525
-0.0042431
-0.0027201
0.0079194
-0.0045689
-0.0076103
-0.0090659
0.0024691
0.0018526
0.0010144
0.0012691
0.0046771
0.0068739
0.0008028
-0.002407
0.00027797
-0.0026686
0.0011198
-0.00014693
0.0017574
0.0034661
0.0052073
0.0053437
0.0038704
0.00089492
-5.6743e-05
0.001739
-0.00096565
0.0023919
0.00095308
-0.0038876
-0.0026073
-0.0009548
-0.0029346
-0.001435
-0.0026996
-0.001603
-0.0004125
0.0021407
-0.00087315
0.00079235
0.00023364
0.00099917
-0.00013264
-0.00079533
0.00092791
-0.00017886
0.0032839
0.0006573
0.00044447
0.0012606
0.0037599
0.0022079
-0.00061026
0.00087646
0.0039579
-0.0018337
0.00043959
0.00091389
0.0016604
-0.001539
-0.0033416
-0.00074244
-0.0025313
-0.0017149
-0.0011503
-0.0011951
0.0021249
-0.0019208
-7.4415e-05
1.8502e-05
0.0038797
-0.0012122
0.0028525
0.00068233
0.0016174
-0.002189
-0.00027112
0.0022339
0.00027556
-0.00024287
-0.00050158
0.0013194
0.0010034
0.0026006
0.00039997
-0.00048992
-0.0025789
0.0008304
-0.0018346
0.00097688
-0.00033108
-0.0021347
-0.0021788
-0.0020117
-0.003483
-0.00087581
0.0011357
-0.0011749
0.00084622
1.8501e-06
-0.00075133
-0.00085564
0.0032104
-0.00061648
0.001902
0.00035448
-0.00016447
-0.00056623
0.0019573
0.00086532
0.0010163
0.0033145
0.002518
0.0015107
0.00047428
0.0036645
0.00086359
-0.00092099
0.00011344
0.0031631
0.00033449
0.00014779
0.0031531
-1.4469e-05
0.0027704
0.00043049
-0.0012179
-0.00048514
0.00050554
0.00084862
0.0020214
-0.0015139
-0.001794
0.0021333
-0.0022296
0.0027127
0.0011785
-0.0021314
0.0003165
-0.0011181
-0.0025119
-0.0011707
-0.00097682
0.0014653
0.0020616
0.00083809
-0.00011675
0.0027712
-0.00032127
0.0013346
0.0027337
0.00048641
0.00097268
0.0011202
-0.0029462
0.00027062
-0.00020481
0.0025661
0.0016518
0.0032779
0.0028261
0.0029475
0.0019492
0.0020585
0.0013375
-0.00064886
0.0021035
0.0010383
-0.00016947
-0.0018119
0.0013068
-0.00042313
-0.00047096
-0.0068223
-0.0086061
-0.011673
-0.015587
0.0064568
-0.012128
0.009868
0.021567
0.03664
0.069501
0.014049
-0.0042795
-0.013757
-0.025921
0.054349
0.053389
-0.011502
-0.0050373
0.0031717
0.035631
0.015272
-0.026115
-0.033998
0.063023
0.036257
-0.0045291
0.031248
0.098441
0.23168
0.12711
0.049965
0.10027
0.051855
0.085647
0.079206
0.046668
-0.15023
-0.058132
-0.2887
-0.27204
-0.36862
-0.39215
-0.33735
-0.29922
-0.21575
-0.1476
0.023244
0.091569
-0.13606
-0.11756
-0.11848
-0.092929
-0.21942
-0.20481
-0.21402
-0.11515
0.058904
0.30315
0.20563
0.049002
0.0050567
0.11548
0.2381
0.29725
0.2376
0.1542
0.068866
0.12331
-0.019445
-0.25896
-0.3483
-0.42679
-0.2451
-0.040271
0.4116
0.47679
0.39602
0.20385
0.10188
0.21256
0.2317
0.24972
0.22854
0.13313
0.0088057
-0.31849
-0.16551
0.030818
0.22409
0.11357
-0.030176
-0.091152
-0.13847
-0.040617
0.052421
0.035056
0.047696
0.001238
0.067087
-0.022467
0.0057431
-0.11514
-0.29591
-0.2635
-0.16051
0.40346
0.048042
0.026345
0.080469
-0.10866
-0.22028
-0.32585
-0.21483
-0.16016
-0.059231
0.088968
-0.18487
0.0068917
0.15075
-0.10155
-0.0026101
0.04776
-0.069276
-0.054298
-0.019992
0.032027
0.28284
0.48239
0.37115
0.27654
-0.096713
-0.028355
-0.043784
0.10032
0.27907
0.035159
-0.043079
-0.14106
-0.12486
-0.22114
-0.24274
-0.52292
-0.52853
-0.16247
0.47316
0.1288
-0.14164
-0.19779
0.022724
0.12635
0.28602
0.1015
0.054807
-0.28815
-0.51751
0.056316
0.01689
-0.2399
-0.10357
0.067678
0.032368
0.14635
0.11378
-0.064133
0.011275
-0.019546
0.067979
0.15851
0.1225
0.16037
0.041727
-0.032603
0.063966
-0.10753
-0.15046
-0.10271
0.02477
-0.053422
0.13865
-0.069133
-0.052985
0.072065
0.13117
0.13346
-0.27832
-0.22742
0.3678
0.18906
-0.02756
0.35202
0.096387
0.062691
0.10225
-0.0005471
-0.041749
0.46739
0.36001
0.33017
-0.2633
-0.21511
-0.29542
-0.074517
-0.013214
0.16755
0.15101
-0.022862
-0.28239
-0.48076
-0.41887
-0.30704
-0.45815
-0.24041
0.066857
0.58878
0.058813
-0.012424
0.10151
0.16492
0.26496
0.19981
0.17715
-0.085931
-0.30613
-0.14707
0.080055
0.026667
-0.068944
-0.082921
-0.028923
-0.18099
-0.038023
-0.0021065
-0.082756
0.044406
0.13645
0.068888
0.071363
0.099627
0.14278
0.015133
0.027429
-0.15
-0.08953
0.13101
0.13829
0.45183
0.11231
0.080872
0.30601
-0.14694
-0.16281
0.034664
-0.089004
-0.17125
-0.092385
0.035459
0.07037
-0.023806
0.092178
-0.0063227
-0.096652
-0.074465
-0.039322
-0.11738
0.086008
0.30691
0.31701
0.44464
0.30013
-0.26789
-0.28103
-0.042581
0.058911
0.066538
-0.22833
-0.27858
-0.32453
-0.20726
-0.47374
-0.68597
-0.64132
-0.20146
0.38085
0.5243
0.19041
-0.0014281
-0.1394
0.11319
0.22505
0.27892
0.16503
0.10873
-0.12194
-0.25279
-0.13781
-0.17604
0.0055543
-0.051834
-0.20423
0.015595
-0.020092
0.14666
0.19264
-0.013452
-0.1845
-0.028326
-0.068739
-0.049019
-0.027357
0.087651
0.22923
0.32759
0.21387
0.22786
-0.027345
0.027774
-0.031985
-0.11139
-0.084072
0.04059
-0.048602
0.3443
0.11052
0.18182
0.39938
0.0098806
-0.068962
0.004364
0.0082627
-0.086103
0.018478
-0.042813
-0.080854
0.038947
0.27243
0.14975
-0.0010264
0.12782
0.057417
-0.056673
-0.033113
0.043227
0.070611
0.12712
0.13845
0.36459
0.46941
0.36582
0.28019
-0.27568
-0.27141
-0.2328
-0.32274
-0.15869
0.040066
0.13514
0.035534
-0.10735
-0.29466
-0.26404
-0.30327
-0.42312
-0.59053
-0.47581
-0.25855
-0.03158
0.42183
0.55272
0.31046
0.043155
-0.12194
0.020236
0.09223
0.12343
0.043086
0.09491
0.034614
-0.32063
-0.32966
-0.11323
0.13419
0.096846
-0.046517
-0.020996
-0.1159
-0.019891
0.20184
0.10979
-0.036542
-0.04755
-0.023337
-0.052572
-0.0012113
0.17013
0.39357
0.30966
0.21649
0.25962
0.023611
-0.0073696
-0.19224
-0.20296
-0.24825
-0.11532
0.02889
0.091425
0.32625
0.14794
0.37186
0.27675
-0.089196
-0.071066
0.18997
0.10177
-0.046536
-0.079449
-0.2356
-0.18629
0.58145
0.25053
0.07033
0.35439
-0.023677
0.046532
0.058432
0.14361
-0.0013691
0.2301
0.2043
0.40522
0.40656
0.28295
0.070093
-0.27554
-0.28234
-0.26014
-0.12942
0.10367
0.040962
0.086609
-0.13157
-0.25215
-0.27539
-0.32147
-0.38997
-0.532
-0.7251
-0.2925
-0.072734
0.13479
0.52209
0.3387
0.25375
-0.00097931
-0.03418
0.18822
0.28171
0.31255
0.20555
0.087143
-0.1066
-0.23759
-0.037487
0.014712
0.020816
-0.087958
-0.12724
-0.071967
-0.063948
-0.0652
0.022475
0.053812
-0.010543
-0.07103
-0.0081837
-0.052603
-0.07948
0.20968
0.16229
0.19207
0.11432
0.041336
0.015245
0.077863
-0.096639
-0.24331
-0.039045
0.20768
0.34594
0.42298
-0.0085528
0.10835
0.24479
-0.19565
-0.22219
0.16145
-0.105
-0.24954
-0.069716
-0.15861
-0.037394
0.10619
0.11403
-0.082654
0.10551
0.054045
0.067986
0.028191
-0.10215
-0.1526
-0.079342
0.099999
0.26008
0.42567
0.43343
0.27647
-0.103
-0.32131
-0.12619
-0.13925
-0.027055
0.082534
-0.0090586
-0.10717
-0.077927
-0.21673
-0.20977
-0.14008
-0.1843
-0.42015
-0.61373
-0.59578
-0.27451
-0.022651
0.33735
0.52362
0.24371
-0.058567
-0.1096
0.081917
0.22131
0.20383
0.23314
0.18548
-0.061728
-0.4489
-0.12029
0.061132
0.05732
-0.094883
-0.07239
0.002817
-0.051477
-0.0012466
0.12833
0.019252
-0.19469
-0.036933
-0.10245
-0.04397
0.088738
0.088196
0.1432
0.20879
0.22159
0.20577
-0.084803
-0.11057
0.065588
-0.084047
-0.06078
0.01882
0.0061686
0.26437
-0.089685
0.11959
0.374
-0.094259
-0.041835
0.1182
0.10924
-0.10396
-0.086849
-0.15499
-0.27745
-0.08133
0.34025
0.068748
0.050003
0.20741
0.048453
-0.14374
0.06129
-0.094908
-0.013175
0.014107
0.078169
0.33054
0.33747
0.45423
0.42025
-0.072743
-0.32012
-0.27783
-0.41511
-0.15866
0.088428
0.15535
0.054547
-0.14675
-0.26251
-0.28564
-0.25079
-0.39825
-0.62946
-0.53966
-0.23062
0.017542
0.35311
0.45291
0.31449
0.11386
-0.0052537
0.1395
0.16104
0.15433
0.1843
-0.01806
0.0059219
-0.25227
-0.29374
-0.06792
0.1632
0.039507
-0.13419
-0.10112
-0.087978
-0.11525
-0.01719
0.051093
-0.022497
-0.0059688
0.051877
-0.042026
-0.05756
0.11245
0.29231
0.16687
0.16898
0.10995
0.046929
0.0056161
-0.053194
-0.035747
-0.17086
-0.10066
0.14573
0.28091
0.29633
0.055547
0.27552
0.18335
-0.087444
0.0086852
0.017787
-0.030552
-0.16768
-0.20748
-0.19736
-0.057768
0.049972
-0.051038
0.053422
0.12395
0.021925
-0.0070543
-0.019648
-0.05023
-0.047802
0.020195
0.26711
0.35643
0.42942
0.31521
0.11951
-0.45698
-0.2159
-0.20152
-0.20745
-0.014825
0.11564
-0.026436
-0.12291
-0.24509
-0.36626
-0.26029
-0.21214
-0.5293
-0.66339
-0.31043
-0.10932
0.028061
0.34209
0.4106
0.14331
-0.080869
-0.046866
0.22591
0.20683
0.20565
0.18812
0.04968
-0.069344
-0.34234
-0.16078
-0.076552
0.2549
-0.036214
-0.061817
-0.12416
-0.088033
-0.083747
-0.073322
-0.075604
-0.082016
0.06237
0.056676
-0.016802
0.081098
0.16468
0.17619
0.29664
0.2004
0.18505
0.04911
0.069023
0.0068647
-0.12687
-0.19239
-0.15374
0.17904
0.40155
0.19846
0.15388
0.30502
0.068927
-0.115
0.070079
-0.067426
-0.11932
-0.016833
-0.10294
-0.19571
0.023443
0.37971
0.0036032
0.16764
0.080127
0.035214
0.005948
0.01317
-0.0099525
0.0051415
0.039561
0.13818
0.35633
0.46454
0.40776
0.23445
-0.35855
-0.31734
-0.19072
-0.28419
-0.14133
0.078983
0.076207
0.060371
-0.25124
-0.21234
-0.21761
-0.25238
-0.45099
-0.60231
-0.54004
-0.25084
0.003656
0.24178
0.39656
0.18623
0.097583
-0.012499
0.12283
0.18124
0.20494
0.098923
0.025251
-0.09079
-0.24375
-0.16518
-0.08555
0.081279
0.10046
-0.12706
-0.14092
-0.038689
-0.057246
0.078145
0.096082
-0.036282
-0.063275
0.043693
0.086011
0.063224
0.061674
0.22215
0.19554
0.30465
0.23236
0.014962
0.05114
0.042479
-0.15777
-0.27192
-0.067151
0.070407
0.060562
0.13327
0.030531
0.40011
0.46427
-0.012231
0.017264
0.074393
0.066563
0.022674
-0.014055
-0.057351
-0.17649
0.34006
-0.029817
-0.0061844
0.40154
0.017593
-0.10839
-0.011636
0.0054177
-0.16413
-0.10822
-0.10453
-0.016019
0.090389
0.21595
0.085923
0.078256
-0.063903
-0.14877
-0.079264
0.0024662
0.084817
-0.0020557
0.070159
0.079323
-0.059594
-0.091795
-0.061407
0.0049972
0.0049719
0.069199
0.038948
-0.023919
-0.05882
-0.05028
-0.064822
0.0045137
-0.076443
-0.15597
-0.11925
-0.06514
-0.074531
-0.056178
-0.074408
-0.072495
-0.003718
0.0058499
-0.055727
-0.055268
-0.023416
-0.055485
-0.057031
-0.064784
-0.018644
0.018164
0.07363
0.12316
0.068485
0.10325
0.092449
0.031894
-0.0051716
-0.046177
-0.04387
-0.03445
-0.042013
-0.022542
0.017747
0.037933
0.014538
0.0093115
0.0215
0.01226
-0.0031866
-0.00040051
-0.011775
-0.0085355
0.010194
-0.0044232
0.004293
0.014044
0.0024755
-0.0032375
-0.007417
-0.010562
-0.0095925
-0.016158
-0.019896
-0.0032525
-0.00027449
0.0027377
0.010799
0.013454
0.0065906
0.0023661
0.0012564
-0.0029006
-0.0031858
-0.0045232
0.0017129
0.0053237
0.0070588
-0.00092323
0.0084208
0.01049
-0.0018728
-0.0017671
0.0035546
-0.0012819
0.00087789
0.00071144
0.0046972
0.010729
0.00071357
-0.0033989
0.0050557
0.0015037
-0.0040978
-0.0057688
0.0095435
0.001906
-0.0086327
-0.015752
-0.02452
-0.0007137
0.028787
0.032157
-0.00052895
-0.0064143
-0.011519
-0.028977
-0.02625
-0.0062572
0.0012484
-0.008847
-0.013854
-0.0015477
0.017325
0.010625
-0.0014528
0.029445
0.066269
0.0048165
-0.034876
-0.018843
-0.029903
-0.03691
-0.0044266
0.024577
0.018518
0.022348
0.034708
0.0095936
-0.010523
-0.011095
-0.0098109
-0.0085191
0.0026633
0.0030449
0.0076728
0.018889
0.0093447
0.0027469
-0.001122
-0.0031298
-0.008099
-0.0061241
-0.0048939
0.00050509
0.005782
-0.0023799
0.012087
0.012008
-0.0065559
-0.0076914
-0.00019446
-0.0008624
-0.013033
0.0059492
0.0040274
0.0020004
-0.0043256
-0.0024197
-0.00028298
0.0039658
-0.012724
-0.0059139
0.0073177
-0.0041071
-0.017356
-0.027677
-0.015037
-0.0019605
-0.011841
0.0090691
0.051913
0.12378
0.045041
-0.044776
-0.058626
-0.049929
-0.049806
-0.050664
-0.023378
0.0061932
0.032432
0.04534
0.044223
0.021407
0.0009502
-0.022676
-0.028794
-0.02621
-0.019079
-0.010776
-0.0081678
0.01817
0.013683
-0.020504
0.00014009
0.027306
0.041649
0.017899
-0.0055789
-0.014221
-0.025287
-0.027124
-0.018825
-0.007817
0.0045993
0.028095
0.034927
0.019604
0.0028615
-0.0020782
-0.015977
-0.020225
-0.024321
-0.012987
0.0038545
0.017315
0.023165
0.015506
0.012329
0.0005798
-0.01578
-0.017469
-0.017738
-0.011791
0.0035789
0.0065346
0.016397
0.01826
0.0049457
-0.0045851
-0.012817
-0.017562
-0.014774
-0.0097592
0.0014473
0.010801
0.012131
0.0093482
0.002523
-0.0080516
-0.013308
-0.0090012
-0.0055656
-0.0004333
0.0060572
0.012527
0.012907
0.0054558
-0.0015454
-0.0077821
-0.0018742
-0.0010309
-0.0065058
0.0026413
0.0085958
0.010965
0.0086415
0.0040953
0.0033522
0.00033708
-0.0042533
-0.0022524
-0.0027697
-0.0011046
0.0053819
0.0089057
0.0060001
0.0039289
-0.0035142
-0.0043961
-0.0074565
-0.00074354
0.0028556
0.0082043
0.0075322
0.008241
0.00020249
-0.0041408
-0.0056584
-0.0082086
-0.00048496
0.0050286
-0.00067282
0.0026824
0.0021399
0.00088762
-0.0032326
-0.0086437
-0.0029996
-0.00050624
1.3253e-06
-0.003178
0.0018203
0.0021429
0.00022158
-0.0025892
-0.0061403
-0.00081795
-0.0032098
-0.0046355
0.0044858
0.0041253
0.0041674
0.00030359
-0.0033244
-0.0023265
-0.0037902
0.0016656
0.0022989
-0.00062128
0.004794
0.0025695
0.0022355
-0.0037693
-0.0069044
-0.0034843
-0.00070138
-0.00019018
0.00013623
0.0010657
0.0043304
0.0038249
0.0023841
0.0012384
-0.0024234
-0.0010519
-0.001527
-0.00077234
0.0013359
0.0013062
0.00093486
0.003145
0.0017033
-0.002853
-0.00056817
0.00025751
-0.0016287
0.003794
0.0039002
-0.002653
0.0029853
-0.0012394
-0.0012508
0.00055859
0.00050247
-0.00020319
0.00055711
-0.0029508
0.00016277
-0.00037489
0.0012336
0.001552
-0.0012702
-0.0018292
0.00098601
-0.0032537
-0.00066365
0.0025692
0.0011213
0.0012528
0.0030223
-0.0020014
0.0018656
0.00080287
4.5165e-05
-0.002922
0.0030715
0.0032206
0.00069406
0.004085
-0.0025117
0.0039237
-0.00087943
-0.00013513
-0.0029815
0.0017581
0.0021717
-0.0032053
0.0043049
0.0003113
0.002983
0.00063403
-0.0005906
-0.0018891
0.0056304
-0.0052478
0.0045275
0.0071747
0.0019973
0.0049046
0.0027166
-0.0037897
0.00013554
0.0062511
0.0046095
0.0083613
-0.00048678
0.00195
0.001861
-0.00641
-0.0010644
-0.0023494
0.0012296
0.0025918
0.00099881
0.0014498
-0.0003978
0.0027829
-0.0027387
-0.0017179
0.0012134
-0.0011799
0.003192
0.0013206
0.0037791
0.0048446
0.0053092
-0.0017215
-0.0011207
0.0045722
0.00081078
0.00099191
0.0020612
0.0046385
0.0019482
-0.0065648
0.0027975
-0.0029963
-0.0024557
8.0001e-05
0.0040266
-2.9612e-05
-0.001946
-0.0016245
-0.0013882
1.3024e-05
-1.7134e-05
0.0025142
0.00051808
-0.0020079
-0.00070747
-0.00075932
-0.00025936
0.0039475
0.0012487
-0.00018941
0.0045497
-0.0040496
0.0018438
0.0018317
-0.0027125
-0.0025518
0.0056368
-0.00093164
0.0041318
0.023096
0.026973
0.019891
0.011513
0.02293
0.0070244
-0.038302
-0.0079927
-0.011371
-0.012319
0.013789
0.046092
0.017872
-0.058951
-0.17051
-0.020947
0.027103
0.0084616
-0.048773
-0.039293
7.1933e-06
-0.033469
-0.13043
-0.04254
-0.11375
-0.11554
-0.16781
-0.22863
-0.42695
-0.54287
-0.45776
-0.32917
-0.3618
-0.41128
-0.27406
-0.038604
-0.054956
-0.035409
-0.016223
-0.15192
-0.14534
0.6429
0.56059
0.20914
-0.015015
0.33188
0.72656
0.79232
0.63908
0.66784
0.71534
0.68339
0.099562
-0.41836
-0.43455
0.35318
-0.037473
-0.36729
-0.19596
0.053588
0.11232
-0.13029
-0.27971
-0.36851
-0.48467
-0.96813
-1.0809
-1.0671
-1.0165
-1.3276
-1.0746
-0.98959
-0.98226
-0.96929
-0.33247
-0.52047
-0.41563
0.32313
0.33898
0.45507
0.40743
0.46471
0.33925
0.5884
0.71725
0.52394
0.64978
0.70661
0.19074
-0.075496
-0.16187
0.02826
-0.21569
-0.054362
0.1596
0.34036
-0.011606
-0.048258
-0.094662
-0.12169
-0.23001
-0.45142
-0.64588
-0.90904
-0.71291
-0.30673
-0.2293
0.084573
0.27982
0.34561
-0.0068894
-0.24982
-0.27686
0.14762
0.32544
0.50831
0.56651
0.98967
0.98369
0.61942
0.4489
0.42291
0.41071
0.26049
0.55379
0.50283
0.60431
0.69067
0.5687
0.027846
-0.077375
-0.34919
-0.32873
-0.30669
-0.65216
-0.6479
-0.57869
-0.7806
-0.82408
-0.53165
-0.63411
-0.58585
-0.63433
-0.50875
-0.65947
-1.0004
-0.63881
-0.91803
-0.86259
-0.739
-0.7631
-1.2125
-0.68319
-0.051879
0.18059
0.36184
0.081722
0.17994
0.48361
0.62548
1.0603
1.429
1.17
1.0964
1.1348
0.65472
0.029165
0.080168
0.19859
-0.0030939
0.036874
0.1788
-0.046704
-0.26453
-0.13222
-0.22294
-0.31794
0.0069205
0.1908
-0.030575
-0.15162
-0.37566
-0.29595
-0.41176
-0.41021
-0.47306
-0.49175
-0.5312
-0.70837
-0.56137
-0.27221
-0.00027178
0.35827
0.40127
0.35156
0.025614
0.26949
0.57303
0.43726
0.59499
0.57862
0.81426
0.82668
0.7478
0.63399
0.87423
0.79873
0.72881
0.77557
0.55955
0.37479
0.61253
0.56943
0.092546
-0.2803
-0.69603
-0.39698
-0.13941
-0.42689
-0.22277
-0.36075
-0.41303
-0.31845
-0.056829
-0.019665
-0.090286
-0.0021656
-0.3905
-1.0246
-1.141
-0.91987
-0.8798
-0.8968
-0.91178
-0.71117
-0.80595
-0.80523
-0.39651
-0.27687
-0.48165
-0.15978
0.11632
0.18203
0.44029
0.67549
0.60359
0.3058
0.32926
0.11719
0.024644
0.063011
0.12493
0.1185
0.18674
0.063961
-0.23954
-0.2925
-0.11523
-0.022969
0.22217
0.051619
0.29926
0.12834
-0.18294
-0.16146
-0.28666
0.085586
0.11564
0.15885
0.17193
-0.39052
-0.99835
-1.1073
-0.62646
-0.39588
0.19612
0.64913
0.92963
0.58995
0.29458
0.25739
0.45775
0.67266
0.81821
0.81001
0.46778
0.65122
0.6933
0.52484
0.6131
0.97468
0.83299
0.80505
0.80373
0.70561
0.53042
0.19821
0.059646
-0.22097
-0.17634
-0.12567
-0.15964
-0.22383
-0.38265
-0.6559
-0.50374
-0.38396
-0.26276
-0.094111
-0.26189
-0.42006
-0.40423
-0.83538
-0.66547
-0.6717
-0.47589
-0.77707
-0.51538
-0.86785
-1.1132
-0.57486
-0.3869
-0.50339
-0.07261
0.056698
0.16104
0.21128
0.23825
0.56663
0.28322
0.08645
0.11833
0.22418
0.12982
-0.1206
0.12422
0.40947
0.38058
0.16473
-0.096319
-0.18381
-0.044078
0.097569
0.0029819
0.0006656
0.094314
0.2136
-0.13225
-0.19557
-0.16719
0.15638
0.31109
0.38701
0.46778
0.26591
-0.13795
-0.71658
-0.80752
-0.45149
-0.25696
0.35367
0.87865
0.96496
0.60173
0.37241
0.55509
0.62328
0.92599
0.96717
0.80939
0.67551
0.84524
0.74363
0.70488
0.71713
0.69605
0.5016
0.59745
0.60062
0.64337
-0.019322
-0.060225
-0.0093861
-0.16034
-0.083232
-0.048549
-0.41249
-0.34836
-0.44449
-0.53032
-0.46525
-0.2875
0.098597
0.38409
-0.041763
-0.32824
-0.045832
-0.34956
-0.65736
-0.85882
-0.65989
-0.57886
-0.98411
-0.61766
-0.17414
-0.11989
0.16737
0.097427
0.0011038
0.30549
0.43476
0.79029
1.0238
0.97335
0.90287
0.53402
0.43662
0.19585
0.053408
0.022767
0.14085
0.18864
0.24983
0.080499
-0.21269
-0.26065
-0.33488
-0.12652
-0.29481
-0.29765
-0.18533
-0.36264
-0.37955
-0.21812
-0.22244
0.00088524
0.082841
0.31966
0.13156
0.092085
0.13254
0.12746
0.075773
0.033998
0.0091107
-0.04726
-0.14324
-0.21941
-0.19448
-0.074608
-0.066469
-0.19393
-0.27779
-0.23225
-0.2452
-0.19625
-0.17627
-0.16805
-0.28277
-0.26336
-0.1801
-0.21404
-0.34236
-0.3542
-0.29281
-0.3047
-0.16635
0.070739
0.11669
0.090815
0.043689
0.0327
0.038202
0.085637
0.083721
0.079215
0.097359
0.083726
0.067972
0.027072
-0.083582
-0.059272
-0.071071
-0.034431
0.010689
-0.015239
0.006679
0.10425
0.051214
-0.03479
-0.028192
-0.044123
-0.10417
-0.072646
-0.016455
-0.0035793
0.023079
0.045093
0.067721
0.051194
0.0082384
0.0049387
-0.020539
-0.038181
-0.02645
-0.022293
-0.009257
0.036165
0.028711
0.017691
0.033545
0.030633
0.010489
0.0071516
-0.0029447
-0.019933
-0.025439
-0.017808
-0.017693
-0.0033743
0.028087
0.031255
0.0036345
0.007435
0.014772
-0.011079
-0.012872
-0.014323
-0.012074
-0.0022954
0.002455
-0.0017669
-0.031684
-0.020354
0.004234
0.044278
0.059816
0.010003
-0.015274
-0.0011431
-0.030516
-0.046232
-0.017944
-0.011127
0.015794
0.018128
0.022416
0.016551
0.011331
-0.008208
-0.013821
-0.020566
-0.023756
-0.00088667
0.0046677
0.011091
0.027075
0.025159
0.01349
0.0080738
-0.0078895
-0.013143
-0.0079363
-0.0045954
-0.0077774
-0.00055423
0.023465
0.012661
0.0056292
0.010482
-0.0052106
-0.010445
-0.0033609
-0.0053274
-0.00027485
0.011653
0.011407
0.0082017
0.01308
0.0052098
-0.0018934
-0.002323
-0.016982
-0.022816
0.0062293
-0.0071479
0.0006283
0.010384
0.0088423
0.012633
0.0074953
0.0053468
0.010283
-0.0018321
-0.0073324
0.012334
0.0023756
0.0040912
0.010704
2.8164e-06
0.0043379
-0.0068747
0.015633
0.0090784
0.0077198
2.871e-05
0.0075824
0.0054631
-0.033068
-0.020881
-0.016447
0.0026524
0.021388
0.05247
0.040204
0.020156
0.021924
0.00227
-0.031193
-0.013641
-0.020504
-0.019906
-0.0034434
0.0035505
0.0024028
0.014018
0.012742
-0.0019586
-0.00069314
0.0087079
-0.0044542
-0.0092453
-0.0023248
-0.0018161
0.0016632
-0.00072812
0.00040467
0.0071054
-0.0029781
0.0026422
0.0069943
-0.0051705
0.0047882
-0.0065384
0.0030516
-0.0051712
0.0033599
0.0014029
0.0011692
0.002085
-0.0022681
0.00038204
-0.0037457
-0.0063132
0.0016942
0.0020836
-0.00020023
0.0012271
0.0011838
-0.001981
0.00038843
-0.0041532
-0.0037979
-0.003919
-0.0010898
0.00082314
0.0012771
0.0030682
0.0014921
-0.0059758
0.0024536
-0.00068459
-0.0019096
0.0012391
0.001567
0.0035851
0.0008289
6.6701e-05
-0.0058216
-0.0063228
-0.00086048
-0.00072758
0.0014698
0.0042691
0.0074255
0.0070992
-9.1276e-05
0.0035334
0.0017615
-0.0004482
0.0021372
0.0022356
-0.0009192
0.0030695
0.00080641
0.0042593
-0.00080266
0.0012193
0.0020956
-0.0034411
0.00048019
-0.0031826
0.0029258
0.00097336
0.0054901
0.0037317
0.00067328
0.0040399
-0.0023422
0.0011822
0.00040692
-0.0036895
-0.00091497
-0.003539
-0.001978
-0.0014651
-0.0012156
-0.0012288
0.0011851
-0.0020926
-0.002716
-0.0022407
0.0032971
-0.0016911
-0.0016015
-0.0013094
-0.0011199
-0.0027421
0.00019185
-0.0038396
-0.00072387
0.0011762
-0.00079741
0.0021311
0.0015228
-0.00676
-0.0026112
-0.0039375
-0.0020213
0.00055032
-0.0042312
0.001802
0.0054163
-0.00028161
0.0009184
-0.0019341
0.0046237
0.004881
-0.00023393
0.0022577
0.0042963
0.0022337
0.0012639
0.00069957
-0.00041183
0.0030247
0.00058518
0.0022356
0.0027274
0.0014202
0.0049793
0.0020532
0.0026807
0.0044273
-0.00223
0.0032745
0.0023671
0.0019796
0.0016896
0.0036087
0.0025027
-0.0003354
-0.00073403
-0.0010719
-0.0027403
0.0019575
-0.0022799
0.0012187
0.0027205
0.0014374
0.0012453
0.0019772
0.00017597
0.00051218
0.0018501
-0.00023721
-0.0051154
0.0014499
-0.009607
-0.0066445
0.0041071
-0.00025913
-0.0015049
-0.0015798
0.0046479
-0.00596
-0.0015619
-0.0014463
-0.00090649
0.0039504
-0.00018068
-0.0016531
0.0041269
0.0025145
-0.0013268
-0.00068022
-0.00264
-0.0017357
0.00061733
0.000817
0.003817
0.0029353
-0.0014192
-0.0025792
6.4358e-05
-0.0012004
0.0021911
-0.00073687
0.001009
-0.0019111
0.002715
-0.0012102
0.0018534
0.0010882
-0.00021576
-0.00090647
0.0043258
-0.0015748
0.0025314
-0.0028688
-0.0013647
-0.0017744
0.0004236
-0.0042759
0.0012284
-0.00028137
-0.0017186
-0.010863
-0.030005
-0.0011456
-0.017621
0.0012282
0.031005
-0.0044575
0.031493
0.010698
0.00084822
0.0016426
0.0019995
0.0023508
0.031032
0.046267
0.050266
0.03481
0.005359
-0.037631
0.052211
0.054001
-0.07003
0.045333
0.060545
0.09443
0.025194
0.022036
0.27154
0.47952
0.72126
0.87204
0.84764
0.78158
0.75838
0.54202
0.42978
0.29975
0.30369
0.22875
0.14425
0.19202
0.66135
0.51463
0.49532
0.50855
0.33567
0.25479
-0.093254
-0.19325
-0.068668
0.29339
0.13768
-0.16028
-0.35861
-0.24695
-0.16716
0.03599
0.10083
0.25515
-0.051655
-0.061013
-0.047038
-0.02182
0.035873
0.11399
0.2304
0.23816
0.30312
0.32992
0.32552
-0.032092
-0.14522
-0.16085
-0.20301
-0.15908
-0.074745
0.07566
0.19661
0.39786
0.33868
0.27309
0.38427
0.58893
0.72307
0.69772
0.68901
0.6499
0.59532
0.51816
0.52493
0.1858
-0.23167
-0.34284
-0.39353
-0.45597
-0.42456
-0.52644
-0.65017
-0.79679
-0.55497
-0.20322
-0.20243
-0.09333
-0.34713
-0.17119
-0.075698
-0.009069
-0.0027023
0.17696
0.2251
0.27059
-0.0048184
-0.2895
-0.21431
0.15531
0.31615
0.56373
0.69514
0.94429
0.72704
0.59629
0.53496
0.25218
0.090598
0.11428
0.34533
0.40126
0.47595
0.53064
0.50575
0.34743
0.038912
-0.11206
-0.28073
-0.35819
-0.27799
-0.22416
-0.31441
-0.26799
-0.31825
-0.38681
-0.37064
-0.17884
-0.059986
-0.20228
0.036177
0.1107
0.13962
0.020168
0.11099
0.033041
0.25797
0.22242
0.085543
-0.017647
0.027416
-0.23858
-0.22154
0.075628
0.13477
0.34294
0.074576
0.39378
0.56666
0.57359
0.66931
0.60064
0.4948
0.52292
0.6892
0.62264
0.55699
0.47408
0.42356
0.29021
0.00046555
-0.28486
-0.34328
-0.33712
-0.55669
-0.70044
-0.46657
-0.18678
-0.050886
-0.0056619
0.018868
-0.013236
-0.14269
0.037469
-0.0090175
-0.097627
-0.2803
-0.37663
-0.26507
-0.11676
-0.10214
-0.37055
-0.12985
0.53208
0.77179
0.64716
0.5962
0.67897
0.26876
0.10954
0.15122
0.020691
0.08103
0.33426
0.45264
0.57526
0.73255
0.79741
0.70151
0.38565
0.38893
0.071913
-0.18835
0.049003
-0.029027
-0.14714
-0.1658
0.26248
0.40285
0.12651
0.1295
0.18693
0.27244
0.37086
0.21979
0.12865
0.21844
0.30944
0.33164
0.38483
0.45325
0.19283
0.13531
0.030901
-0.12702
-0.32969
-0.39538
-0.79194
-0.56162
-0.69335
-0.42871
0.13092
0.61246
0.76049
0.82101
1.1565
1.2983
1.2692
1.1932
1.1217
0.61671
0.30475
0.11317
-0.046763
0.49774
0.53422
0.15304
-0.12251
-0.035809
-0.10148
-0.12942
0.15068
-0.04801
-0.20208
-0.11532
-0.1263
-0.080596
0.1215
0.099928
-0.011554
-0.02702
-0.022922
0.012575
0.19824
-0.023933
0.26384
0.5866
0.64995
0.98849
0.95336
0.5863
0.32046
0.37544
0.36946
0.18438
0.25292
0.36082
0.45708
0.29699
0.44751
0.59755
0.45866
0.080133
0.078391
-0.17722
-0.11823
-0.13697
-0.37763
-0.34689
-0.23941
0.067858
-0.21216
-0.19349
-0.096459
0.028289
0.10633
0.17765
0.3019
0.23392
0.21996
0.19408
0.17315
0.26911
0.22936
0.12594
0.19032
0.17164
0.11645
-0.0037753
-0.34762
-0.36731
-0.16201
0.12033
0.43699
0.83322
0.98765
1.0067
0.8566
0.8042
0.93909
1.0328
1.011
0.95791
0.78884
0.67574
0.50167
0.54566
0.3402
0.011564
-0.44173
-0.31003
-0.1247
-0.11645
-0.21541
-0.24927
-0.36955
-0.44698
-0.22447
-0.39959
-0.13457
0.10027
0.0067129
-0.073906
-0.17731
-0.041814
0.089962
0.041114
0.047718
0.059089
0.037067
0.065579
0.10523
0.053369
0.059109
0.0067856
-0.078047
-0.047358
-0.0056086
-0.061749
-0.038004
-0.01166
-0.00048691
-0.1135
-0.021155
0.032043
0.01085
0.095589
0.11853
0.079711
0.10611
0.095149
0.12541
0.098138
0.0056276
-0.029013
0.0061776
-0.00037973
-0.026578
-0.018163
-0.005269
-0.0086269
-0.0081503
0.024485
0.01364
0.0058628
0.0068036
-0.00094645
-0.068241
-0.079801
-0.028936
-0.019676
0.034287
0.028828
-0.010235
-0.01976
-0.022419
-0.053675
-0.035976
-0.0007561
0.0047328
-0.013721
-0.023613
0.018515
0.012398
0.019817
0.038449
0.045536
-0.065046
-0.030359
0.028416
0.038109
0.015771
0.011795
0.024209
0.017322
0.0074944
-0.0071497
0.0035927
0.016588
0.019473
0.0030792
-0.020502
-0.014541
-0.064694
-0.028812
0.022321
0.031858
0.048762
0.025034
0.0028024
0.013844
0.0018566
-0.028732
-0.037706
-0.01349
-0.017997
-0.016933
0.016865
0.015825
0.010746
0.00403
-0.0038895
-0.0063991
-0.0090229
-0.0070409
-0.0080166
0.0064243
0.013112
0.01341
0.017555
0.011152
0.0025969
-0.01166
0.0041854
0.003457
0.013454
0.0077305
0.010791
0.00092591
0.0024256
-0.00036527
-0.0053833
-0.0042586
-0.0068471
0.004524
-0.012584
-0.0061311
-0.0064327
-0.010541
-0.0082896
-0.010962
-4.1507e-05
-0.006028
0.0086822
-0.0013701
-0.009531
-0.0015734
-0.0014855
-0.0081702
0.004524
-0.0024011
0.007942
-0.0017208
0.0022038
-0.0017254
-0.0037863
0.0008919
-0.0020772
0.00045643
9.6857e-05
0.00796
0.001484
0.0046627
0.0075147
-0.0021325
0.0037547
-0.0001648
0.0030847
0.0070007
0.0008165
0.0067508
0.0010833
-0.0056462
0.0038905
-0.0022901
0.0052641
0.0078693
0.0052033
0.0050637
0.0072314
0.001373
0.0038384
-0.00042655
-0.0040234
0.009049
0.00049363
-0.00056076
-0.0032285
0.0043313
0.0011618
-0.0053768
0.0076461
-0.0005825
-0.0036893
0.0079112
-0.0010391
-0.00072961
0.0027311
-8.2317e-05
0.00055525
0.0066736
-0.0064447
-0.00047456
0.0028896
-0.00054515
0.0042585
-0.0037041
-0.0021673
0.0015822
-0.0029358
-0.0041993
-0.00026214
-0.0014521
-0.0034649
0.0022744
-0.001502
-0.0012492
0.0046437
-0.00026759
-0.00058906
0.0044125
-0.0012797
0.00046611
0.0052379
-0.00011454
0.0051476
0.0026822
0.00028567
0.00085798
0.00026383
0.0049566
0.0011043
0.0057563
0.0050309
0.0062588
0.0045243
0.0049486
0.0048688
0.0017365
-0.0020201
0.00062752
-0.001081
0.0011077
0.0025091
8.3245e-05
-0.00017325
0.002479
-0.00090791
-0.0026115
0.0014969
0.00041859
0.00023413
0.0055231
0.0047778
-0.001899
0.0097496
0.013868
-0.011908
-0.0092212
0.034532
0.0077329
-0.015085
-0.0054524
-0.0019905
0.012108
-0.027873
0.034359
0.018382
-0.0032121
-0.034386
-0.028826
0.039827
0.077852
0.0061688
-0.076107
-0.14511
0.015851
0.08179
0.018825
0.020388
-0.027769
-0.11618
-0.045663
-0.017022
0.014133
-0.083474
0.045602
0.020071
-0.17115
-0.060556
-0.075225
0.052815
-0.0025271
0.02339
0.20002
0.096143
-0.15981
0.02391
0.11173
0.021508
-0.034799
0.13944
0.1215
0.078777
0.051601
-0.002705
0.019505
-0.076845
-0.11294
-0.016051
-0.039347
-0.3707
-0.35803
0.096555
0.17942
0.0065906
0.17908
0.082436
-0.036045
0.10381
0.054594
0.16984
0.1888
0.13289
-0.018292
-0.096206
-0.062658
0.0083056
0.036928
0.1307
0.22518
0.068454
-0.13411
-0.10782
-0.088301
0.10225
0.26289
0.35512
0.69949
0.74798
0.74045
0.82856
0.79622
0.56333
0.62428
0.64963
0.45319
0.67118
0.5655
0.033557
0.014123
-0.14386
-0.049879
0.027395
-0.22528
-0.23419
0.17946
0.096538
-0.28076
-0.063288
0.032722
-0.026032
-0.06501
0.22149
0.32683
0.16203
0.24646
0.17168
0.26014
0.30881
0.34772
0.26769
0.12757
-0.10064
-0.27278
-0.30095
-0.39827
-0.46318
-0.51021
-0.14939
0.042357
0.37062
0.95681
0.99415
1.1017
0.7993
0.92176
0.93689
1.0474
1.0234
0.79185
0.67448
0.5273
0.23361
0.051993
0.10107
0.03032
0.090245
0.33845
0.43979
0.39499
0.1335
-0.10038
-0.39373
-0.45192
-0.11892
-0.044512
-0.061018
-0.0072159
0.10903
0.13344
0.025199
-0.081957
-0.14601
-0.18526
-0.51562
-0.46454
-0.57839
-0.5099
-0.10947
0.46954
0.46502
0.51728
0.55098
0.41316
0.47072
0.34738
0.31532
0.29192
0.19107
0.063233
0.015695
-0.19892
-0.14714
-0.39903
-0.64139
-0.36815
-0.41788
-0.3144
-0.27205
-0.59516
-0.67204
-0.63014
-0.50605
-0.44093
-0.22096
-0.16722
-0.20063
0.16974
0.6174
0.15833
-0.18481
-0.14731
-0.0043853
-0.1245
0.19689
0.26175
0.087273
-0.15917
-0.37294
-0.49189
-0.53108
-0.019563
0.18431
0.65213
0.78633
0.72924
0.82453
0.9325
0.63745
0.85487
0.80656
1.0394
0.92583
0.79175
0.34479
0.20998
0.020095
0.20771
-0.0036514
-0.22448
-0.17795
-0.021985
-0.0033581
0.11697
0.21452
0.0050642
-0.050068
0.32022
0.041456
-0.15526
0.20192
0.081185
-0.045
-0.087385
0.009166
-0.09665
-0.14746
-0.28292
-0.58487
-0.4001
-0.35824
-0.14518
0.2439
0.28533
0.11268
0.27141
0.53739
0.59692
0.40283
0.086761
0.061391
0.14005
0.17851
0.33373
0.086671
-0.1161
-0.03419
-0.36905
-0.59076
-0.44156
-0.31621
-0.74204
-0.96345
-1.0417
-0.93984
-0.79691
-0.71682
-0.54276
-0.52874
-0.50922
-0.17645
0.33458
0.24175
0.042132
-0.84249
-0.77933
-0.25093
0.13036
0.17561
0.22099
0.087623
-0.0972
-0.19614
-0.37186
-0.38993
0.12816
0.10098
0.47051
0.3662
0.61724
0.89604
0.74023
0.80791
0.71963
0.53179
0.75958
0.74458
0.49489
0.13639
0.14152
0.063751
0.032643
-0.24843
-0.32306
-0.24474
-0.21554
-0.11118
-0.088008
-0.033781
-0.092825
-0.021854
-0.2019
-0.36962
0.12305
0.14989
0.21036
0.18367
0.24374
-0.096814
-0.21038
-0.3038
-0.1513
-0.084685
0.037515
0.10219
-0.069469
-0.011595
0.11904
-0.13759
-0.084182
-0.065885
-0.084244
-0.014325
0.067113
0.082494
0.25331
0.20022
0.11377
0.025537
0.16944
0.30919
0.35017
0.33035
0.30332
0.13633
0.15388
0.14161
0.087699
0.13597
0.20601
0.12649
0.041404
0.03331
-0.04131
-0.015339
-0.023351
-0.0053675
-0.010014
-0.056075
-0.10073
-0.080299
-0.048157
-0.057416
-0.079278
-0.064003
-0.049059
-0.032289
0.0021839
-0.017431
-0.071194
-0.080471
-0.035766
-0.044987
-0.03006
-0.0084625
0.0026141
0.032398
0.053795
0.057201
0.035819
0.056656
0.029768
0.024878
0.0086636
0.017003
0.014625
-0.0033513
0.012641
0.01252
0.009415
0.0082341
0.0098174
0.0083838
-0.011437
0.0044637
0.0026064
0.022616
0.015454
-0.048247
-0.077949
-0.022195
-0.029945
-0.012704
0.0039134
0.024832
0.031824
0.010853
0.022256
0.026962
-0.00022801
-0.027313
-0.034031
-0.008893
-0.001153
0.031281
0.017771
-0.00042889
-0.018734
-0.034903
-0.021715
-0.0092565
0.0050788
0.015755
0.00074194
0.016602
0.015752
0.023202
0.010107
0.011366
-0.011458
0.0041747
0.012558
0.024504
0.03017
-0.0084084
-0.058374
-0.028816
0.028604
0.02281
0.00010986
0.019739
0.034713
0.0046391
-0.010387
0.0058211
0.00080856
-0.02097
-0.0023699
0.0023311
-0.012291
0.014716
0.017564
0.00062982
9.3159e-05
0.002552
-0.013874
-0.016292
-0.0008576
-0.00051694
0.0018505
0.01042
0.0052011
0.00074838
0.0031261
-0.0010648
-0.0049533
-0.0067028
-0.0040552
-0.0018921
0.0071783
0.0078675
0.0044265
0.010067
0.0074242
-0.001093
-0.0020567
0.0023641
-0.0025303
0.0040847
0.0040754
0.0091377
0.0040358
0.0077154
0.0057428
-0.0016191
-0.0011015
-0.007546
-0.0040782
-0.0037706
0.0012959
0.009942
-0.0020451
-0.0060808
0.0021112
-0.0045105
-0.0066592
0.0027862
-0.0055468
-0.0042165
0.001774
0.0035543
0.00027258
-0.0015046
0.002422
0.0034822
0.0035927
-0.0055077
0.0034454
0.0031686
0.0035291
0.0056
0.0058116
0.00094825
-0.0031699
0.0011397
0.00069558
0.00061659
0.0072061
0.0038971
0.007061
0.008416
0.0015847
-0.0018173
0.00089954
-0.0059743
0.00048379
0.0042466
0.00678
0.0022319
-0.0014389
-0.0086611
-7.03e-05
-0.0054787
-0.00022984
-0.00051369
0.002017
0.00082323
-0.001435
-0.0038152
0.00060551
0.0054881
-0.0018691
0.0030881
-0.00096033
-0.00085685
-0.002754
0.0037631
0.007375
-0.0012911
0.0042402
7.4933e-06
0.00023481
0.0016133
0.0025035
-0.0014136
0.0060144
0.00047789
0.0031061
-0.0045359
-0.0020125
0.0016141
-0.000384
0.0061172
-0.0030983
-0.0024227
-0.002905
-0.0026701
-0.00025361
0.0027506
0.0058863
0.002997
0.00061279
0.003427
-0.0019842
-0.0022928
0.0019023
-0.0014508
-0.0018474
0.0050542
0.00048885
7.9091e-05
0.001486
0.0045149
-0.00095971
0.0032972
0.00045655
0.0033704
0.00056361
-0.00073579
0.0054042
-0.0041782
0.0018767
0.0065841
0.002942
-0.0031673
0.005271
0.0073881
-0.0020156
0.0031868
-0.0059931
-0.0041004
0.0041869
-0.00032411
-6.1103e-05
-0.014865
-0.01822
-0.025317
-0.03771
-0.021576
-0.0070209
0.012662
0.032594
0.014647
0.01197
0.009802
-0.0082037
0.0042467
-0.0013077
0.017052
0.021038
0.053977
0.010987
-0.070473
0.0035866
0.044716
0.013801
0.014917
0.038782
0.091171
0.035646
0.03899
0.071754
0.088477
0.14635
0.20624
0.10613
0.18678
0.19319
-0.046609
-0.20137
-0.18613
-0.37435
-0.38114
-0.41417
-0.47894
-0.40519
-0.16037
-0.060589
0.058754
-0.27794
-0.21422
-0.16466
0.059096
-0.056403
-0.23766
-0.27612
-0.25917
0.006055
0.22357
0.14203
0.21002
0.24165
0.14026
0.12389
0.13606
0.15936
0.015968
0.085346
0.058829
0.048728
-0.10374
-0.30264
-0.4264
-0.3517
-0.24315
-0.13071
0.2405
0.20014
-0.050559
0.076002
-0.027477
0.1123
0.25371
0.17308
0.021314
-0.15246
-0.35428
0.057586
-0.094404
-0.21264
-0.076578
-0.13695
-0.057879
-0.18511
-0.24311
-0.013728
-0.13046
-0.14277
-0.12019
0.049049
0.23145
0.53778
0.47345
0.10548
-0.16049
-0.18098
0.00024597
0.42395
0.39993
0.34396
-0.099897
0.18745
0.21923
-0.27059
-0.050905
-0.10801
-0.18309
-0.26606
-0.24101
0.11272
0.20884
-0.30096
0.088949
0.022497
-0.13722
-0.33995
-0.13079
-0.23821
0.23324
0.51438
0.38119
0.071228
-0.16745
-0.22026
-0.25992
-0.040546
0.10093
-0.098719
0.063534
0.036508
-0.2028
-0.24804
-0.53388
-0.45544
-0.20607
0.26219
0.11364
0.1498
0.23501
0.033251
0.12356
0.2148
0.14231
0.052849
0.011159
-0.050872
-0.41386
-0.45261
0.0021424
-0.112
0.035789
-0.049323
0.01213
0.0061033
-0.039766
-0.04851
-0.087015
0.016769
-0.076792
0.43142
0.68021
0.47737
0.21117
0.11963
-0.09236
-0.20054
-0.18701
0.10885
0.08747
0.25503
0.22263
0.21588
0.56396
-0.10417
0.013934
-0.18924
-0.27008
-0.23345
-0.02845
0.10467
0.40095
0.16489
-0.45753
0.10389
-0.11282
-0.10274
-0.058456
0.095248
0.14089
0.060392
0.045353
0.1525
0.13969
0.093507
0.18339
0.1201
0.02666
0.047562
0.15846
-0.0090671
-0.0016747
-0.14413
-0.31056
-0.32368
-0.11549
0.18817
0.20893
0.18997
0.15887
0.019476
0.00090747
-0.020234
0.12216
0.24244
0.17716
0.052952
-0.0012547
-0.090987
-0.35246
-0.26177
-0.26484
0.045506
0.089527
-0.085851
0.17583
0.16903
-0.091823
0.19718
-0.23866
-0.27511
-0.040617
-0.15126
-0.046056
0.084992
0.18936
0.3146
0.42194
0.047967
-0.19151
-0.29936
-0.32037
-0.19068
0.21936
0.50106
0.28716
0.018579
0.28513
0.27553
0.091453
0.037566
-0.40679
-0.37507
-0.26706
-0.077253
-0.30052
-0.14995
0.13403
0.041773
-0.032842
-0.059958
-0.24276
-0.22766
0.24301
0.037919
0.059258
0.034314
0.041422
0.053137
0.099869
0.095466
0.21384
0.2961
0.22074
-0.036445
0.080194
0.004916
0.076083
0.11307
0.27195
0.40005
0.2346
0.073038
-0.0061313
-0.13143
-0.20842
-0.30528
-0.30535
-0.28855
-0.0036295
0.0054948
0.22254
0.28889
0.22514
0.063094
-0.20758
-0.15468
0.084873
0.31472
0.38905
0.24007
0.25533
0.00864
-0.10318
-0.47279
-0.25213
-0.093375
0.034461
0.057882
0.2365
0.15688
-0.12105
-0.080818
-0.21085
-0.19944
-0.17094
-0.24594
-0.15239
0.043258
0.23488
0.42092
0.60051
0.31428
-0.003101
-0.17334
-0.16208
-0.14974
0.00097606
0.35487
0.22292
0.30156
0.08939
0.2096
0.33692
0.16512
-0.26283
-0.23357
-0.15725
-0.17328
-0.44519
-0.42207
-0.044367
-0.050493
-0.026395
0.084883
0.054609
-0.11118
0.044576
0.15314
-0.11009
-0.15972
-0.10554
0.045002
0.18589
0.24005
0.20317
0.011368
0.13209
0.10892
0.080434
0.066026
-0.0033251
0.15693
0.12424
0.14671
0.097934
0.15613
0.013648
-0.0044829
-0.15477
-0.29692
-0.37751
-0.50944
-0.24813
-0.093904
0.22323
0.44736
0.43582
0.2293
-0.11241
-0.16227
-0.074218
0.12575
0.15869
0.11202
0.12923
0.047128
-0.052381
-0.39126
-0.24758
-0.16405
-0.024883
0.072668
0.26523
0.13702
-0.059626
0.03498
0.078857
-0.10522
-0.13526
-0.084941
-0.1179
0.15229
0.42504
0.53773
0.43438
-0.089119
-0.1398
-0.151
-0.34564
-0.11271
0.30074
0.29512
0.16526
0.15318
0.18674
0.39322
0.22474
-0.12503
-0.24756
-0.24325
-0.1821
-0.33549
-0.33419
0.17884
0.082291
-0.088727
-0.022426
0.086704
-0.21586
-0.21386
0.048348
0.11796
-0.015858
0.075524
0.21373
0.11124
-0.045733
0.042421
0.2268
0.29998
0.25171
0.00077045
-0.15413
0.0036572
0.081411
0.17049
0.21198
0.073916
0.17923
0.18474
-0.051015
-0.22132
-0.2883
-0.26306
-0.48255
-0.12613
-0.092483
0.06969
0.25723
0.16711
0.15394
-0.016725
-0.10862
-0.090511
0.049372
0.10249
0.1313
0.23737
0.19053
0.01384
-0.11112
-0.29214
-0.28241
-0.10625
0.026955
0.21959
0.24803
0.066762
-0.082974
0.10957
-0.12947
-0.069046
-0.082374
-0.1552
-0.22609
-0.0045063
0.18462
0.3685
0.46271
0.15751
-0.062904
-0.040816
-0.12064
-0.051909
0.16909
0.33464
0.15838
0.20513
0.12766
0.46434
0.21981
-0.14849
-0.15006
-0.11826
-0.15101
-0.32806
-0.38476
0.080803
0.0021124
-0.16772
-0.16367
-0.012444
-0.056662
-0.20603
0.040198
-0.032046
-0.030668
-0.053871
-0.099404
-0.052183
0.11525
0.10962
0.24159
0.21277
0.22061
0.093107
0.046929
-0.053077
0.03472
0.04926
0.055006
0.044161
0.040244
0.18477
0.026147
-0.18541
-0.25587
-0.25355
-0.40532
-0.43282
-0.18211
-0.034698
0.16012
0.20312
0.12204
-0.15386
-0.12411
-0.30556
-0.040583
0.24038
0.2459
0.14371
0.25162
0.13873
-0.21227
-0.1868
-0.16406
-0.12247
-0.18765
0.058807
0.16377
0.10086
-0.19926
0.15069
0.18069
-0.10594
-0.070154
-0.1512
-0.31531
-0.18044
0.15563
0.2776
0.47471
0.40224
0.09352
-0.1884
-0.10189
-0.08323
0.10341
0.39654
0.1161
0.27161
0.14451
0.19576
0.39876
0.081121
-0.33574
-0.044798
-0.1165
-0.27664
-0.44679
-0.0639
-0.070376
-0.20674
-0.042844
0.17091
-0.13135
-0.26404
0.012857
-0.020485
0.060752
0.040358
0.072606
-0.065452
0.01106
0.16085
0.17498
0.25537
0.27591
0.15564
0.066543
0.033445
0.11214
0.15978
0.14206
0.16778
0.17023
0.25524
0.09522
-0.064905
-0.13114
-0.27553
-0.36063
-0.40169
-0.073986
-0.02628
0.16987
0.2
0.23519
0.063019
0.04917
-0.13411
-0.048444
0.12741
0.12863
0.23411
0.19113
0.067087
0.024982
-0.26921
-0.16307
-0.1929
-0.14036
0.056376
0.2518
0.14409
-0.10728
0.017002
0.050832
-0.10524
-0.081692
-0.15362
-0.24313
-0.27151
0.15257
0.31943
0.47142
0.51127
0.051702
-0.043882
-0.13651
-0.17877
0.1197
0.13904
0.21002
0.062124
0.21155
0.372
0.17889
0.085188
-0.080523
-0.048473
-0.087414
-0.35164
-0.34849
-0.12148
-0.10878
0.062439
0.040301
-0.1088
-0.12185
-0.29656
-0.17708
-0.12404
-0.17974
-0.14601
-0.12227
-0.077316
0.048651
0.055086
0.35167
0.33267
0.088952
-0.050898
0.038331
0.17154
0.21544
0.095372
0.025758
0.013828
0.030803
0.01347
-0.0027052
-0.025219
0.031042
0.0099847
0.020431
-0.032502
-0.064143
-0.067294
-0.056244
-0.086373
-0.12619
-0.12859
-0.089072
0.085014
0.050203
-0.089902
-0.13579
-0.10908
-0.094954
-0.084669
-0.081778
-0.013255
0.034454
0.030536
-0.026011
-0.00048863
-0.0018725
0.090677
0.17424
0.053708
0.0036048
0.017922
0.04383
-0.0053671
0.010072
-0.068386
-0.060046
0.00028109
0.033938
0.046322
0.058026
0.027593
0.012687
0.010889
-0.014122
-0.032847
-0.034539
-0.02169
-0.0069293
0.02204
0.019272
0.038126
0.020344
0.01038
-0.003002
-0.0078696
-0.01083
0.0087139
0.012929
-0.0047976
0.0041321
0.0011996
-0.013331
-0.017087
-0.0079363
-0.014982
-0.002723
0.010577
0.0022057
0.0045184
0.010945
0.0052052
-0.043933
-0.02305
0.0029124
0.05886
0.069506
0.022451
-0.013387
-0.018004
-0.026103
-0.043765
-0.043213
0.00076051
-0.015626
-0.028691
-0.012765
0.058428
0.09588
0.022914
-0.020745
-0.0027683
-0.0019015
-0.038464
-0.048514
-0.0096658
0.016598
0.0068645
-0.015318
-0.010903
0.0088645
0.05156
0.076843
0.01558
-0.031574
-0.042382
-0.058625
-0.035509
-0.023422
-0.013867
0.012113
0.036227
0.035633
0.010858
0.012774
0.0011366
-0.020561
-0.015984
-0.010258
-0.0062343
-0.0033305
0.0039668
0.013017
0.016494
0.014228
0.014451
0.0010077
-0.0050349
-0.01201
-0.0076278
-0.0082201
0.0083902
0.012384
0.018849
0.02035
0.010845
-0.0017247
-0.0062727
-0.014775
-0.010669
-0.0064574
0.004275
0.015206
0.0092891
0.015787
0.0016293
-0.011643
-0.015689
-0.011568
-0.016427
-0.0056693
0.0062306
0.010354
0.012789
0.011555
0.0027241
-0.0011742
-0.014822
-0.013231
-0.019892
-0.0059341
0.010585
0.017261
0.04388
0.058936
-0.0076689
-0.032184
-0.029905
-0.027733
-0.041765
-0.01586
0.023616
0.014087
0.013242
0.034497
0.012632
-0.0040734
-0.0068956
-0.012107
-0.018447
-0.015782
0.0067614
0.0081488
0.0081172
0.019998
0.012902
0.010516
-0.0075889
-0.016458
-0.017612
-0.018797
-0.006606
0.0080455
0.012138
0.011976
-0.012579
-0.032554
-0.011169
0.046709
0.044831
-0.010279
-0.012964
-0.028749
-0.026109
-0.0031486
0.007218
0.015517
0.024781
0.019083
0.0027066
-0.0077611
-0.0068873
-0.015041
-0.011709
-0.00029949
0.0059831
0.0056292
0.006447
0.0069739
0.0018284
-0.0070031
-0.0018099
-0.0069787
-0.0018179
-0.00013296
-0.00034321
0.0044725
0.0089784
0.0043967
0.0015459
0.0019608
-0.0050676
-0.0075623
-0.0025633
-0.0051808
0.0015425
0.0082021
-2.6075e-06
0.0062976
0.0023385
-0.0015001
-0.00060268
-0.0047266
-0.003681
-0.0022242
0.0017391
0.0056894
0.0054445
0.0016566
0.0026114
0.0010997
-0.0015454
-0.0042036
-0.00037528
0.0047779
0.0051606
0.0057363
0.00075713
-0.0024318
-0.0047729
-0.0024044
-0.001068
0.0078043
0.0065217
0.0078978
-0.0023692
-0.005394
0.00175
-0.0081708
-0.0017832
0.0046216
0.00076415
0.0059597
0.0079909
0.00055445
-0.00089032
-0.001541
-0.0049205
-0.0017868
-0.0034656
0.00020266
0.01125
0.0014315
0.0050563
-0.0056936
-0.0074142
-0.0019008
0.0090642
0.001963
0.0056821
-0.0024486
-0.0012618
-0.0041064
-0.0052108
-0.00045431
7.2882e-05
-4.8364e-06
0.0024444
0.0035913
0.00096947
-0.0011821
0.0022308
-0.00071665
-0.0028725
-0.0010243
-0.0010825
0.0021947
0.00037021
0.0037837
0.0010268
0.0011655
-0.00033917
-0.0013937
0.00092709
-0.00016439
0.00035458
0.0025257
0.0006158
-0.0021303
-0.00025602
0.00088437
-0.0022534
0.00033835
0.0017312
0.0048443
0.0053661
-0.00071511
-0.00056978
-0.0013158
-0.0053621
-0.0020313
-0.00027496
0.0011782
0.0042181
0.0048586
-0.0026216
0.0017134
-0.0037089
5.1995e-06
0.0049239
0.002834
0.00048664
0.0056938
5.9752e-05
-0.0025722
-0.00042926
-0.0011564
-0.0025434
0.00089636
-0.0021316
0.00024769
0.0039929
-0.00072031
-0.00076717
0.0013597
-0.0018068
8.6046e-05
-0.00036219
0.0015329
0.0047509
-0.00023237
-0.00071349
0.0011104
-0.00024713
-0.0024876
0.0013253
-0.0036388
-0.0012249
-0.0010952
0.0039264
0.012035
0.023376
0.013723
0.034816
-0.012633
0.0073845
0.015231
-0.0038408
0.0044407
0.014922
-0.03218
-0.0076484
0.035178
0.023142
0.036181
-0.018028
-0.14071
-0.049112
0.062981
-0.08702
-0.099468
0.025535
0.0034277
-0.04886
-0.010439
-0.22269
-0.12679
-0.0059095
-0.093208
-0.25939
-0.29642
-0.24105
-0.35909
-0.35994
-0.29602
-0.31391
-0.37546
-0.22749
-0.16584
0.016307
-0.073936
-0.10651
-0.043184
0.026621
0.014995
-0.021046
-0.14871
0.35768
0.7465
0.59296
0.33904
0.018574
0.55788
0.71783
0.64455
0.6195
0.8312
0.76358
-0.037023
-0.24491
-0.44175
-0.27878
-0.52273
-0.18988
0.059786
-0.21098
-0.46288
-0.58508
-0.37501
-0.33636
-0.028172
0.10918
0.26954
-0.16281
-0.49985
-0.7158
-0.94177
-1.1372
-0.89653
-1.2169
-1.2537
-1.0476
-0.99752
-0.81713
-0.74747
-0.62622
-0.70863
-0.26334
0.049344
0.13041
0.2077
0.42987
0.3226
0.51999
0.47665
0.53212
0.6368
0.73085
0.57034
0.55619
0.81429
0.4346
0.19201
-0.10251
-0.29511
-0.1646
-0.036239
0.080624
0.26057
0.025786
0.016551
0.11291
0.088219
-0.071755
-0.28846
-0.40374
-0.60042
-0.96099
-0.70448
-0.092465
0.040137
0.27965
0.24503
0.088305
-0.21418
-0.55257
-0.59334
0.086223
0.37857
0.45938
0.34672
0.70045
0.85461
0.5914
0.51643
0.48489
0.36538
0.33718
0.48788
0.70125
0.64737
0.5861
0.14013
-0.073363
-0.52151
-0.55475
-0.11324
-0.12006
-0.35673
-0.57426
-0.61973
-0.68707
-0.66593
-0.2734
-0.27276
-0.28372
-0.25268
-0.24531
-0.55502
-0.86623
-0.94382
-0.95399
-0.81169
-0.7721
-1.2779
-0.92959
-0.46163
-0.036867
-0.11629
-0.33562
-0.013239
0.19144
0.37898
0.57362
0.4865
0.1698
0.30353
0.55092
0.17089
-0.093219
0.049205
0.24772
0.20222
0.0017737
-0.12396
-0.22547
-0.1581
-0.0083769
0.03333
0.01734
0.017381
0.085363
-0.27684
-0.28751
-0.28325
-0.26493
-0.54496
-0.46359
-0.46553
-0.65239
-0.73465
-0.3846
-0.21218
-0.19977
0.025478
0.26096
0.19346
0.043058
-0.051098
-0.22614
-0.0060339
0.19943
0.65509
0.81189
0.60011
0.87784
0.43811
0.55044
0.71365
0.49694
0.74024
0.85678
0.63307
0.77548
0.82731
0.61908
0.25975
0.12114
0.070116
0.099759
-0.17108
-0.4059
-0.53555
-0.2914
-0.28529
-0.4059
-0.45042
-0.28902
-0.20051
-0.18018
-0.057037
-0.56127
-1.0831
-1.2715
-1.2032
-0.90849
-0.91358
-0.87912
-0.9387
-0.78904
-0.53436
-0.64617
-0.90011
-0.83406
-0.50023
-0.051925
-0.20163
0.01764
0.40196
0.44353
0.62048
0.63983
0.50866
0.43402
0.70156
0.385
0.40998
0.34112
0.32506
0.11033
-0.23795
-0.24641
-0.08554
-0.18707
-0.045921
0.0041348
0.017699
0.00074011
0.01766
0.016818
-0.39057
-0.49851
-0.49148
-0.3877
-0.50968
-0.21635
0.085709
0.32033
0.59823
0.69114
0.35644
0.2766
0.42043
0.38192
0.38895
0.5444
0.72253
0.50051
0.30126
0.011822
0.16192
0.39713
0.31899
0.25618
0.1615
0.034033
-0.026866
-0.27383
0.044736
0.084934
-0.037589
-0.28232
-0.42267
-0.53162
-0.4227
-0.17345
-0.31555
-0.33642
-0.32791
-0.2649
-0.33777
-0.18581
-0.015606
-0.091351
-0.0085268
0.13498
0.1594
0.093628
0.30725
0.40942
0.39736
0.23562
0.26374
0.25453
0.019407
-0.11572
-0.15427
0.034852
0.18131
0.08495
0.05089
0.05424
0.026555
-0.082314
-0.10321
0.0081523
0.093549
0.15649
0.055231
0.019824
-0.007526
-0.062576
-0.052313
-0.021824
-0.020967
0.069791
0.0028706
-0.065729
-0.02774
-0.00062448
0.041621
-0.0023925
-0.097988
-0.087448
-0.028612
0.025519
0.016694
0.010817
0.046784
0.050827
0.017158
0.041168
0.064521
0.024841
-0.033062
-0.046119
0.0087218
-0.0080993
-0.028445
-0.022145
-0.00064511
-0.012512
0.01352
-0.044658
-0.00070033
-0.0006812
-0.0074544
-0.00036069
-0.0057819
0.019699
0.016087
0.0027796
-0.0072587
-0.017907
0.0050135
0.018093
0.012058
0.0094575
0.010977
0.01596
0.0016671
0.0045449
0.0039046
-0.0025455
-0.0030991
-0.0067764
0.0049306
-0.0026767
-0.0083218
0.022582
0.020584
-0.00076457
0.016206
-0.0027975
-0.0089518
-0.0069392
-0.0014102
-0.0014974
-0.01354
0.014125
-0.0040355
-0.0038482
0.0046589
-0.0026098
-0.010228
-0.0010348
0.0063872
0.00024138
-0.003228
0.0048972
0.0013746
0.0061669
-0.0017615
-0.0028742
0.0045606
0.00046942
0.0012286
-0.00056176
0.0090444
0.0036141
0.0071919
0.010172
0.022624
0.010292
-0.050586
-0.043699
0.0068257
0.0070128
0.010847
0.027342
0.028087
0.0028662
-0.0056865
-0.00318
-0.012531
-0.014871
-0.0092615
0.0048342
0.018996
0.0092869
0.0066521
0.0099883
-0.0032424
-0.0093033
-0.014918
-0.011126
0.00075964
0.002771
0.0065245
0.011182
0.0089692
0.0014201
0.00020414
-0.007956
-0.0078595
-0.0061157
-0.0029909
0.001512
0.007766
0.011007
0.0044275
0.0043438
-0.002644
-0.0055301
-0.0011093
-0.0039128
-0.00011572
0.0019147
0.0011073
0.00026315
-0.00047338
0.00095451
-0.0012833
-0.0033048
-0.0022138
-0.0035009
0.0025699
0.003754
0.004578
0.00307
0.0031931
-0.0028908
-0.00029935
-0.0030032
0.00073755
0.00046454
0.0023868
0.002342
0.00061308
0.0063879
-0.0017955
0.00099455
0.003241
-0.00060592
0.00050088
-0.00044235
0.0027487
0.0029554
0.0035707
0.0057945
0.0034099
0.0018311
-0.00098119
-0.0018801
0.0082877
0.0015759
0.0034213
0.0080296
0.0087884
0.004995
-0.0018022
0.00034121
-0.0043327
0.0027979
0.0059804
-0.0035005
0.0039582
0.0043169
0.004237
-0.0011216
-0.0012596
0.0010923
-0.0027893
0.00035097
0.00013429
-0.00025804
0.0045808
0.0035875
0.00062778
-0.00093999
-0.0010393
0.0036506
-0.0029262
-0.00063443
0.0024282
0.00075733
0.0026248
0.0002586
0.003772
0.00014335
0.0022459
0.0014517
0.00027736
0.0027122
0.007005
0.00033024
-0.0002492
0.0031706
0.00071657
0.0047516
0.0041593
0.0030085
0.00077456
-0.0022919
0.00067127
0.0004383
-0.0048245
-0.0017814
0.0024083
-0.0014763
0.0016893
0.0044567
0.0022952
0.0015026
0.00065002
0.0019847
0.00061738
0.0030289
0.0031038
-0.00066165
0.0043455
0.0040748
0.0020424
0.0036539
-0.00043058
0.0023405
0.0014126
0.00091238
0.0038934
0.0003562
0.0024133
0.0005423
-0.0029229
0.0022574
0.0025616
-0.0025651
0.003465
0.00093003
-0.0010465
0.0034432
0.0064823
-0.0048875
0.003618
0.0037642
0.00013609
0.0018959
0.00019731
-0.00038262
0.0013143
-0.0011976
-0.00239
0.0042371
0.00061728
0.0019379
0.0039583
0.0033972
0.00044657
0.0044792
0.00087383
-0.0034892
0.0020964
0.00012118
0.0047309
-0.0037173
0.0025946
0.0044681
-0.0010404
-0.0023389
0.00045266
0.0011245
-0.00016596
0.00041225
0.00026103
-0.00024625
0.0058647
1.2096e-06
0.00081812
0.0052395
0.00032925
0.0028475
0.0035613
-0.00075347
-5.5579e-05
0.00022519
-0.0039751
-0.0015096
0.001603
0.0029747
0.0034609
