-0.0083235
0.003082
-0.014593
-0.0095203
0.0082531
0.0015988
0.0062431
0.0046887
-0.015834
0.024903
0.021296
0.0015458
0.0078558
-0.014157
-0.0015546
0.0097887
0.0046776
-0.0047112
-0.014216
-0.0063446
0.00306
0.014686
0.0063649
-0.0095314
0.0114
0.0030286
-0.0068183
-0.013065
-0.027108
0.0083851
0.0015336
0.0030537
0.013028
-0.0012032
-0.0015574
0.004719
0.0030978
0.0047876
-0.015659
-0.0016102
0.0015253
0.022933
-0.0014467
-0.0095158
-0.0046547
0.011343
0.0077284
0.034331
-0.011048
-0.0046839
-0.0051253
0.019395
-0.0046305
0.0088256
0.0052074
0.0046901
-0.0037291
-0.019939
-0.0010285
0.0098127
0.015969
0.0061395
0.0052059
0.00053221
-0.0047127
0.018151
0.0030438
-0.0099765
-0.014058
-0.0079444
0.0067097
0.011336
0.004671
-0.017773
0.0097822
0.011337
0.006168
0.016555
-0.012418
-0.0062176
0.001547
-0.011995
0.026012
-0.0078551
-0.0061804
0.019611
0.0046009
-0.01298
-0.010751
-0.0093485
-0.0032001
0.0046406
-0.0037874
0.0021863
0.0098275
0.0047387
0.0030901
0.01611
-0.010826
-0.0015013
0.0098265
0.0046792
-0.0016942
-0.020814
-0.02439
-0.0015973
0.014406
0.0062267
0.0021619
-0.016103
-0.0030405
-0.006865
-0.0030827
-0.00091099
0.0052518
0.0083327
0.012951
0.017517
-0.0046244
6.0178e-05
0.012946
-0.005274
0.017511
-0.002474
-0.0046208
-0.009939
0.012935
0.0083397
-0.019154
-0.020591
-1.2262e-05
0.017493
0.022864
-0.0061456
-0.00010902
0.0013738
0.0061785
-0.0098963
-0.033605
-0.0077136
0.0014568
0.0090893
-0.0023916
-0.0092324
-0.0030725
0.0046171
0.002991
-0.0014732
-0.010709
-0.0046964
0.0083395
0.0045626
0.0016068
-0.0023922
-0.021309
0.0044576
0.0045084
0.0091279
-0.010688
-0.021309
0.0015537
0.0014552
0.029558
-0.01372
-0.0045851
-0.0068301
0.0061149
0.007634
-0.018953
0.0068728
-0.0016892
-0.0053469
0.0084367
-0.010602
-0.0029855
-0.0015457
0.014365
0.0045789
-0.020474
-7.2871e-05
0.0015218
-0.0067819
-0.010748
-0.012196
0.013542
-0.0014717
0.0044707
0.011324
-0.0090929
-0.01757
0.0045107
0.0074682
0.018929
-0.01364
0.0083003
0.0029018
1.5879e-05
-0.00997
-0.025089
-0.0060565
0.014262
0.0090823
0.0044903
-0.012182
0.0014762
0.0030759
0.0044877
-0.004727
0.0091094
-0.0015361
0.022702
0.0014714
0.012813
-0.02194
-0.0074949
0.004473
-0.015398
0.0074744
-0.0089665
-0.01597
0.012902
0.0072728
0.006861
0.00086825
-0.0014851
0.001463
0.0029085
0.0073527
-0.00061067
-0.01142
0.0069541
-0.0040408
-0.0061165
-0.0166
0.0053653
0.012789
0.012886
-0.0084795
-0.010422
-0.0014822
0.019669
-0.0010755
0.015756
-0.0021252
-0.0015308
-0.016835
0.037075
0.0028798
-0.017385
-0.0029693
-0.0099353
0.0029353
0.024151
-0.011941
-3.6761e-05
-0.0054086
0.0043698
-0.02285
-0.00067406
-0.0031114
-0.0026018
0.0044113
0.0029733
-0.014978
-0.0001016
-0.011026
-0.0025655
-0.0040024
-0.00048527
0.018203
0.011277
0.014335
0.0083621
-0.011933
-0.017454
-8.5154e-05
-0.0040637
0.0058188
-0.00050557
0.0083067
0.0029103
0.011385
0.0096956
-0.013508
-0.0074277
0.012741
0.014268
0.0028499
0.0078887
0.0053646
-5.7396e-05
-0.0026252
-0.0045065
-0.013302
-0.027185
-0.011532
0.0028889
0.0058295
-0.013241
0.0098433
0.0029514
0.017149
0.01018
-0.023163
-0.0015932
0.00276
-0.0026072
-0.0029824
-0.017377
0.0039959
-0.00030528
0.014281
0.024124
-0.00036987
-0.0044041
0.011204
0.011241
-0.011389
-0.0033342
-0.015848
-0.015839
0.0014084
0.0057431
-0.011797
-0.0016125
0.011293
0.0057793
-0.0018974
0.0068687
0.011291
0.0057271
-0.011468
-0.01145
0.0095972
0.0095978
-0.0099555
0.0057617
0.0013929
0.0010515
-6.3137e-05
0.0027999
-0.018395
-0.018395
-0.013199
-0.0059272
0.0014751
0.0027957
0.0013313
-0.018674
-0.0015728
-0.018397
0.0029642
-0.019994
-0.0046574
-0.0046272
-0.011321
0.0044441
0.0027862
0.0024665
-0.011456
-0.0027225
0.0042171
0.0042395
-0.010238
-0.011502
0.002706
0.0013758
0.0011531
-0.015745
0.0014398
-0.0069878
0.0072109
-0.0044012
-0.0044011
-0.0030019
0.0013255
0.0013682
-0.0044425
-0.018574
-0.014285
-0.0085234
0.01703
0.017025
0.011262
0.011262
0.0041196
0.0056756
0.01562
-0.0016072
0.0083783
0.002796
0.0041879
0.0042772
-0.01301
0.0069039
0.0156
0.012645
-0.005671
0.0041267
-0.0002096
-0.00021451
-0.018483
-0.012834
-0.0015686
-0.0057608
0.0042426
-0.005778
-0.0042511
-0.014315
0.0026364
0.00269
0.014061
-0.0043682
-0.0085806
0.0011966
0.0011913
0.0041609
0.004156
0.0013026
-0.01286
-0.0057467
-0.0042267
0.014139
-0.0086869
0.0056009
-0.0099806
0.00419
-0.011401
-0.010009
-0.015672
0.0042529
-0.0029061
0.026831
-0.0014442
0.0055894
0.0056124
0.014146
-0.0028831
-0.019935
-0.012759
-0.012781
0.012654
-0.014291
0.0026223
-0.0015596
-0.0015504
0.0041033
0.01826
-0.0072304
-0.0015057
-0.0015057
0.014018
0.0084167
-0.015837
-0.0071566
-0.0071671
-0.004328
0.0041552
-0.01852
-0.0029173
-0.0029169
-0.0071629
-0.0043293
-0.014217
-0.0029156
-0.0029145
0.019597
0.015453
-0.010012
-0.003027
-0.0030024
0.013942
0.016853
-0.011418
-0.011439
-0.014212
0.0013099
0.0040836
0.001374
-0.0043627
-0.0043622
0.012523
0.0054806
0.014093
-0.0057627
-0.0057615
0.0070203
-0.001454
-0.0099663
-0.01285
-0.012858
-0.0057897
0.0056438
0.0042122
-0.01131
-0.0071958
0.015432
0.016813
-0.011342
-0.0043504
-0.0043495
0.0067997
-0.0044136
-0.0085372
0.011199
0.01669
0.0040876
0.0040865
-0.022561
-0.0015878
-0.0015882
0.0097085
0.0041253
-0.0012797
-0.0071122
0.0024622
0.013885
0.015324
-0.008444
0.0070611
0.0070579
-0.0087055
-0.0014958
-0.015399
-0.011453
-0.0071826
0.0067965
-0.0060327
-0.019779
0.0070262
0.007027
0.0040575
-0.0015634
-0.011202
0.0084151
0.010943
0.015338
0.018378
-0.021038
5.9702e-05
6.2469e-05
0.0053806
0.0040365
-0.0097911
-0.00016402
0.010032
0.0053311
-0.0028809
-0.012498
-0.001581
-0.0015816
0.018078
0.0040293
8.7022e-05
0.026753
0.0237
-0.0059363
-0.015575
-0.0025253
0.018273
0.018274
0.015183
-0.0059375
-0.0097907
-0.00014875
-0.0058906
0.0039239
0.0038942
-0.0083608
-0.0042373
-0.0042282
0.0066316
0.018327
0.00014175
0.0015099
0.0015114
-0.0031247
0.0080598
-0.0044052
0.007004
0.0069876
0.022296
0.0055708
-0.0083689
0.0084613
0.0039859
0.0080832
0.0039341
-0.019588
0.019691
0.019685
0.015197
0.0026101
-0.0098371
-0.0028933
-0.0028937
0.0066928
0.0052804
-0.0054973
0.0029765
0.0029786
0.006671
0.0066798
0.015165
0.0056592
0.0056586
-0.00016931
0.0011902
-0.0014416
0.002989
0.0029992
-0.0060031
-0.027133
0.0096679
-0.011503
-0.011479
-0.0099922
0.0053386
-0.014189
-0.01101
0.005585
0.0025264
0.0038905
0.013796
0.0089034
-0.00013027
-0.019946
0.010676
0.016533
-0.018142
-0.011443
-0.0014805
0.0093166
0.0012173
-0.029434
0.015506
0.0051436
-0.0087489
0.0066015
-0.029377
0.0070812
0.011077
0.0025502
-0.0014354
-0.0069426
0.0043554
-0.0086584
0.013806
-0.010098
-0.012262
0.0084307
-0.01866
0.0065667
0.0038421
0.01159
0.0044106
-0.0015206
0.016472
-0.0015205
0.00035449
-0.0041629
0.0025417
0.0051329
0.026366
-0.025349
-0.00014139
0.016491
0.013817
0.018303
-0.023399
-0.0014777
-0.00018249
0.0052392
0.0038654
-0.0068136
-9.9864e-05
0.011101
0.022302
-0.0041
-0.020754
-0.014008
-0.008718
0.0038515
0.0024656
-0.010794
0.0024866
-0.0034854
-0.0047778
0.014861
-0.0068394
0.0083951
0.009765
0.0011821
0.0084368
0.010425
-0.0054557
0.0011385
0.013702
0.002505
-0.0094707
-0.0015158
0.0024606
0.01502
-0.015314
0.0077212
-0.0042037
0.0012159
0.013733
0.0051816
-0.0093939
-0.011435
0.0011186
0.02485
0.0064119
-0.0054743
0.005799
-0.00014634
-0.01202
-0.0099836
0.009132
-0.0027834
0.022226
0.0025247
0.0038012
-0.020586
-0.0015123
-0.0001944
0.0024375
0.0097589
-0.01076
-0.0014694
0.0097582
0.0063876
-0.020696
-0.0093899
-0.0015516
0.010947
-0.018795
0.0031566
-0.020513
0.0057423
-0.00024123
-0.0061839
0.002501
-0.0092799
-0.015306
0.0050324
0.0063373
0.0038202
-0.020529
-0.0015081
0.0084476
0.0010626
0.0084482
-0.020465
-0.012645
0.003751
0.0049964
0.02496
0.001942
-0.010078
-0.00021289
0.02352
-0.0027736
0.0091786
-0.014022
-0.00020486
-0.0048789
0.0023159
-0.0020448
-0.0015047
0.021003
0.0050285
0.0050293
0.0019633
0.0083318
0.0012111
0.01234
0.020964
-0.019086
-0.026475
0.0024208
-0.0048669
0.004966
-0.0053827
-0.014005
0.0023632
0.014867
-0.0015118
-0.00070853
0.007079
-0.0015941
0.0023818
0.003699
-0.011777
-0.0013964
0.009659
0.013613
-0.013993
0.011932
0.0084949
0.0037307
0.006302
0.023481
-0.026399
-0.016623
-0.0062718
0.0049707
0.013598
-0.020367
-0.011294
0.014756
0.0035926
-0.0014986
0.00551
-0.0027406
0.0036686
0.0011093
-0.0063659
0.0033729
-0.0026995
-0.013689
0.0049043
-0.0027742
0.0094207
0.0071797
0.0084195
0.0035805
0.023448
-0.0078788
0.018333
0.0010215
0.0024079
0.014949
-0.019062
-0.00012169
0.0010149
-0.0063187
-0.00014248
-0.0078185
0.0020586
0.0097299
0.00359
0.0049343
-0.0078104
-0.0014919
-0.00023322
-0.00021296
0.0072315
-0.0042216
0.0071432
0.0023021
0.0073808
-0.0088343
-0.012579
0.0048783
-0.013691
-0.0054382
0.012058
-0.0039055
-0.0014462
-0.0038633
0.0035259
-0.02152
-0.01149
0.0022976
-0.0062646
0.014728
-0.0077681
0.0071288
0.0096154
-0.0063298
-0.0015278
-0.011515
0.0059513
0.00488
0.0048049
0.0059891
-0.0052239
0.010986
-0.0090122
0.00095856
-0.0027444
0.018228
-0.0065139
0.0097271
0.0097273
0.0022777
0.003569
0.00090478
-0.0014489
-0.0051007
0.004777
-0.00039017
-0.0039817
0.0023435
0.012226
0.014676
-0.021446
-0.021439
0.000941
0.012222
-0.0038808
0.00092867
-0.00019909
-0.00016276
0.013412
-0.0026856
-0.031256
-0.0076631
-0.0076848
0.002288
0.022135
0.012244
-0.0065167
-0.0014461
-0.0051158
-0.0015181
-0.00016273
-0.004025
0.00092972
0.010998
0.010996
-0.0064026
-0.0089265
-0.0076423
0.0096807
0.024607
-0.0051685
-0.0001534
-0.0039994
0.002193
-0.0014905
-0.008906
-0.0089092
0.0021647
0.0034245
0.017171
-0.0076574
0.0096782
0.0098136
0.0022661
-0.012599
-0.010016
-0.01004
0.0035108
0.0035297
0.0010624
0.0059721
-0.0063005
-0.0014396
0.0010276
-0.0077224
-0.0064415
-0.0088075
0.014681
0.0034798
0.0022054
-0.029841
0.0048037
0.00085309
0.014541
-0.006508
0.0024016
-0.0027423
-0.0065399
0.0034586
0.0022368
0.0022881
0.0022735
0.0034529
0.0022714
-0.0076943
-0.0050967
-0.0051049
-0.010104
0.0034494
0.0034103
-0.0014742
-0.012458
-0.0014742
-0.010143
0.0034477
-0.010004
-0.009998
-0.0026552
-0.0077435
0.013356
-0.0099196
-0.0098932
-0.012542
-0.0053795
-0.011388
-0.0024828
-0.0024792
-0.013789
0.013345
0.013348
0.014734
0.014742
-0.011406
0.012091
0.0085666
-0.028519
-0.028491
0.018383
0.014544
0.0022716
0.0024114
0.0024097
0.012071
0.0034514
0.0045993
-0.0075339
-0.0075662
-0.0014319
0.0058731
0.0022533
-0.028472
-0.02847
-0.00022254
0.00097514
-0.0065517
-0.0074849
-0.012552
0.010905
0.021872
-0.0013887
-0.017349
-0.017347
0.022025
-0.005361
0.0045658
0.0013055
0.0013174
0.0045186
0.014435
0.0049151
-0.0086381
-0.0086412
-0.00026717
-0.014079
-0.0014287
-0.0098189
0.00091615
0.0033252
0.0033112
-0.0066819
-0.0010854
-0.0010813
0.0021136
0.0057284
0.0033424
-0.018469
-0.012546
0.00095593
0.002111
-0.0042135
-0.016107
-0.016115
-0.010306
0.004549
-0.002583
-0.020861
-0.0014508
0.010911
0.014435
0.0045392
-0.0061609
-0.0061661
0.0033152
0.015613
0.0055984
-0.019677
-0.001385
-0.0014607
0.014419
0.018475
-0.010803
-0.010835
0.0021562
0.0079725
0.0032964
0.0025805
0.0097435
0.0020439
0.0067802
-0.012523
0.0037541
0.0037557
0.00088606
0.0055974
0.00096824
-0.020759
-0.010301
0.00093398
0.014385
0.0084637
-0.007286
-0.0072899
-0.031206
-0.0055257
-0.011351
-0.027085
-0.0037991
-0.0056186
0.002027
-0.014224
-0.0049966
-0.0050176
0.00097122
0.0033597
0.0020544
-0.010802
-0.0025873
0.0020181
0.014304
-0.0055149
-0.0073203
-0.0073186
0.0020464
0.0055443
-0.011493
0.00032382
-0.0036916
-0.0002972
-0.0032024
0.0043992
-0.016036
-0.01604
0.0031992
0.015538
0.0044564
-0.003129
-0.0026104
0.0084754
0.00091319
-0.011382
-0.0060929
-0.0060816
-0.014871
0.0054281
0.0031437
-0.0072321
-0.0072302
0.0073279
0.0020034
-0.013658
-0.010691
-0.010692
0.0050213
0.0078188
0.0078138
-0.0084355
-0.0084315
0.018487
-0.0090379
0.00088987
-0.011803
-0.011802
-0.01253
0.00088645
0.0042996
-0.0060545
-0.0060778
-0.002654
0.00092026
0.013131
0.0042595
0.012717
0.016373
-0.0056586
0.0032064
-0.010247
-0.011722
0.005053
0.0054616
0.0065704
-0.00030096
-0.01586
-0.0091237
-0.0002668
0.0020733
0.0073488
-0.0094432
-0.0036924
-0.00021321
0.011901
0.021935
-0.0060007
0.0084554
0.011943
0.0031092
-0.0056885
-0.0094039
0.01736
0.018497
0.0043436
-0.00030657
-0.0093896
-0.0058654
-0.0079397
0.013064
0.0030933
0.0017304
0.0074622
0.0084864
0.0020578
-0.0002744
-0.0093134
-0.0037015
-0.0079156
0.00081114
0.0030822
-0.0092574
-0.0014386
-0.0036883
0.0031425
-0.0036946
-0.019269
-0.0024817
-0.010238
0.0030355
0.010853
-0.014752
-0.0125
0.010784
0.0030301
0.0075259
-0.0082495
-0.011373
0.0030958
0.0019716
0.0019001
-0.0070797
-0.0036482
0.011834
0.0052615
0.0019572
-0.01579
0.0062588
-0.0091311
0.00083814
-0.0024874
-0.010388
-0.0025271
0.020716
0.013007
0.0041906
-0.010379
-0.0035678
0.0041874
0.015203
-0.015741
-0.008134
0.0041358
-0.0013626
0.011836
0.0096168
-0.0080672
0.0029847
0.00073477
0.00092984
0.0052725
-0.0058169
0.0085388
0.0019038
0.0096108
0.0085715
-0.030243
-0.0058388
-0.020132
-0.015766
0.0052546
-0.0091875
-0.0013973
-0.0179
0.0018898
0.014114
-0.021197
-0.0025442
-0.00032466
-0.0079668
0.011822
0.0030309
0.0086075
-0.019088
-0.006954
0.0051881
-0.0091719
-0.0036001
-0.0024663
0.00411
-0.020141
-0.010265
-0.0014277
0.00080478
0.0017981
-0.017975
-0.027853
0.00070757
0.00080287
-0.0058445
0.01739
0.0019709
0.0063565
0.0084744
-0.0059564
0.011832
0.010813
-0.0025133
0.0018948
0.0040362
0.0029361
-0.006783
0.0053078
0.0074881
-0.016948
0.00079093
-0.0090157
0.004196
-0.01814
0.011818
0.002933
-0.0089078
0.0085499
0.011867
-0.0080659
-0.011324
-0.010121
0.017362
0.01076
0.023957
0.012966
0.0064381
-0.011274
0.00078541
-0.0081433
-0.0024724
-0.0068018
0.00642
-0.0069985
0.0072399
0.0018591
-0.0080315
-0.011329
0.00077887
0.0029388
0.0040802
0.0010022
-0.0035916
-0.0014112
0.0029616
0.0085122
0.0010096
-0.0035412
0.0030242
-0.018083
-0.0060988
-0.0077396
-0.011352
0.00073101
0.0028495
-0.012369
-0.0090421
-0.01458
-0.00030593
0.002849
0.0039814
-0.018898
-0.0002096
0.0061493
-0.0070405
0.011776
0.0032147
-0.0014177
0.012795
-0.0070126
0.0095256
-0.007788
0.013159
0.023843
0.0039562
0.0038618
-0.018839
-0.012384
0.0085195
0.0028158
-0.0092529
-0.019851
-0.0035045
-0.0070704
-0.0060068
-0.00037817
0.015283
0.0028399
0.020689
0.012815
-0.0035448
-0.0087836
-0.012385
-0.011357
0.00070797
0.014926
-0.017682
-0.00032135
0.01171
0.0081033
0.0049385
0.024114
0.008623
0.0096208
-0.00040792
-0.0034867
-0.0098312
0.0043163
0.0028147
0.0028134
-0.0050276
-0.0087348
-0.00032431
-0.010264
0.0038932
-0.0098061
0.0075127
0.008566
-0.0060931
0.013826
0.0012048
0.0012163
0.0018632
0.012632
0.0027646
0.0038413
0.012184
-0.0024271
0.011745
-0.0093094
-0.015411
-0.015452
0.0033389
-0.0070454
0.022684
0.01485
0.013281
-0.011383
0.011707
-0.0091776
-0.021205
-0.0066334
0.0054674
0.0054907
0.012716
0.0048435
0.0006893
-0.0076677
0.00066885
0.00064686
-0.0014392
-0.0085999
0.00067736
-0.0051035
0.0027551
0.002753
-0.01444
-0.011349
0.0017436
-0.017061
0.0037784
-0.0166
-0.0034496
0.010649
0.0058819
-0.019222
-0.0076279
0.004477
0.00069123
0.0037607
0.0028116
0.0027882
0.013319
0.018451
0.0027995
-0.0013726
-0.0086362
-0.0044671
-0.00036575
-0.0092295
0.0027479
-0.016471
-0.019206
-0.00042348
0.013746
0.022639
0.0092015
-0.0013981
0.0095764
0.00068454
0.00068531
-0.0054791
-0.0055121
0.012606
0.0017324
0.0017312
-0.0064703
-0.011373
-0.0061328
-0.0013983
-0.001389
-0.0085491
0.00074011
0.0036694
0.0027277
0.0027249
-0.0023786
0.012582
0.0037397
-0.0023881
-0.0023872
-0.0024163
0.0027417
0.01266
0.00070222
0.00072307
-0.00034729
0.0016877
-0.007303
0.024662
0.02466
-0.012282
0.0015546
0.0037148
-0.00038722
-0.00037775
-0.0034325
0.012647
-0.010299
0.0047517
0.0047495
-0.004462
0.0015923
0.00062298
0.0064759
-0.0095186
-0.014343
0.010667
0.0046371
0.0026173
0.0026112
-0.011305
0.00065865
-0.0063112
-0.0052854
0.010487
-0.021353
0.0036397
0.0026639
0.0026639
0.01644
0.0037187
0.0056308
-0.028292
-0.011244
0.0026229
0.0036262
-0.0013929
-0.0014025
-0.00541
-0.0083059
0.0035545
0.0046141
0.0036586
-0.0133
0.0046055
0.005676
-0.00035248
0.0035304
0.00053558
0.0026098
-0.0183
0.0027258
0.0045848
0.0045559
-0.011338
0.010645
-0.008275
0.0025786
-0.0093887
-0.0033416
0.0026648
0.011512
0.0045374
0.0045087
-0.00042865
0.0005872
0.010538
-0.010338
-0.023231
-0.009416
0.0025674
0.00062374
0.010574
0.0045632
0.0055438
-0.006304
-0.0053673
0.00056438
0.00069045
0.00064948
-0.0033664
0.0026246
-0.015305
0.0045974
0.0026446
-0.0013754
0.012535
-0.0012923
-0.0012551
0.012471
0.0026292
-0.007368
0.0085975
0.0016125
0.022477
-0.019267
-0.019265
0.032368
0.0015592
0.0005885
-0.016233
-0.00040342
0.011507
0.0054298
0.013463
0.0037419
-0.012249
-0.0072762
0.004656
0.0015789
-0.015482
-0.015455
0.0076446
-0.0013511
0.00054345
0.0015632
-0.00138
-0.0081773
-0.0042962
-0.010322
-0.0065468
-0.0093846
0.0037692
-0.00044018
0.014503
0.022376
-0.0013474
0.0015324
-0.0093872
0.00084034
0.039497
0.00042831
-0.35531
0.044751
-0.031661
0.0089387
-0.0058784
-0.010313
-0.0070824
-0.0053095
-0.0072913
0.014597
0.013485
-0.0014835
-0.01754
0.014308
-0.03919
0.0083771
0.022962
0.0078691
-0.015282
-0.030731
-0.00061632
0.016253
0.039962
-0.1099
0.024721
0.062297
-6.1153
-5.951
-4.2531
-0.34569
0.50584
3.3163
7.9942
2.5618
4.1799
-1.2393
3.2077
3.2019
6.0712
1.6692
-0.32121
-4.3232
-4.3403
2.4888
-0.28754
-0.023809
0.11426
-0.25133
0.013949
-0.18806
0.2022
0.15527
-0.059504
-1.0675
0.69642
0.23307
2.3464
1.0531
1.0448
-0.24596
1.1879
1.582
0.95244
-0.52044
-0.30492
-0.052576
0.024821
0.023503
-0.0012098
-0.002434
0.034284
-0.047085
0.027835
-0.092124
-0.12481
-0.12426
0.13634
-0.16662
-0.013586
0.085808
-0.2439
-0.47278
0.0025081
-1.4724
2.1327
-3.8378
0.22016
-0.10663
0.044867
-0.036246
-0.0093962
0.025111
0.056884
-0.027949
0.18098
-0.099209
0.0089626
-0.98254
-1.6783
0.9297
-10.386
1.6115
-2.8812
-3.0399
10.154
2.4398
-2.2434
-0.63362
2.7046
-5.3549
2.2777
-13.629
-6.5381
-0.74793
-0.38421
-0.14026
0.31336
-0.24745
-0.18202
-0.189
0.22849
-0.060414
0.30314
0.27442
5.6445
4.7673
-1.2452
4.923
1.6815
-6.9245
-2.033
-2.5932
-1.7284
-1.6275
-1.0068
0.12935
-0.065272
-0.040617
0.036842
0.55598
-1.2008
0.061522
-0.16948
0.031813
0.023477
0.026317
-0.036167
-0.055959
-0.050695
-0.39644
-0.35984
1.447
1.4326
-0.1731
-0.12127
0.077869
0.050096
0.050475
0.045336
-0.068001
-0.067975
-0.0065722
-0.045775
1.9877
1.985
0.32628
-0.58387
-0.20325
-0.93775
-0.95985
-1.4456
-1.1843
0.93665
-6.9886
8.5445
-2.7323
-2.7168
0.8963
14.502
-15.929
-16.431
-5.6796
1.3124
0.20594
1.4303
1.4357
0.33805
-1.1138
-1.971
0.091807
-0.19473
-0.17335
1.3781
1.7529
-0.22259
2.5982
2.6022
3.869
-9.5681
0.36243
-1.35
5.4138
5.3713
-4.9274
4.5303
-0.28052
0.032968
-0.087554
0.18871
-0.058784
-0.040771
0.0014857
-0.0024217
0.0035669
0.027418
0.10509
-0.18786
0.07158
0.075007
-0.72816
3.0524
-4.4209
-5.8005
-2.6297
0.67704
0.057262
0.023957
0.10348
-0.038915
-0.060069
0.10895
0.43307
0.43025
-0.53492
-0.75086
-0.58231
-0.76093
0.96037
0.97014
0.75752
-2.7795
-17.585
11.874
2.9051
2.7407
-0.80008
6.0419
4.1205
1.5688
-3.9426
-7.2364
-1.7923
-0.12323
-0.13151
0.46734
-0.013085
-0.24569
-0.48652
0.14548
0.1374
-0.20843
-0.18099
0.089452
0.10437
1.2694
-1.4659
1.7243
-0.39668
-0.36582
0.41943
0.39769
2.1893
-3.0804
0.0044526
-0.026121
-0.027126
-0.022906
-0.15461
0.43826
1.4051
-0.99705
0.040698
-0.0087468
-0.082245
-0.086749
0.09806
0.10453
-0.094093
-0.12963
-0.11545
0.26382
0.26796
-0.72571
0.94996
-0.65362
-1.1666
0.24515
-0.082362
0.10481
0.12447
-0.066249
-0.13674
0.17894
0.020923
-0.0011819
-0.0012939
0.027891
-0.045296
0.11349
1.6004
-1.7457
-1.773
-0.080012
-1.0041
1.659
-4.9556
-1.9528
6.4701
10.032
-6.1633
-4.5356
1.2687
2.3262
0.99363
1.1567
-0.0097752
-0.58252
-29.183
0.87933
0.84254
-4.2182
1.5289
0.25501
-1.2765
0.97302
-1.06
-1.2617
0.10184
-0.098676
-0.43844
-0.42784
1.1361
-0.15271
-0.066939
1.5755
1.5688
-1.5191
-2.1654
-2.1522
-4.022
-1.5094
-4.224
0.50296
2.6237
2.609
-0.80911
-0.094009
-0.072122
-0.078522
-0.062125
0.023111
-0.10519
1.0204
-0.69309
-0.69214
0.027846
-0.052964
0.13782
0.14469
-0.19488
0.0058751
-0.033164
-0.16853
-0.22202
-0.12785
-0.13643
3.7602
-3.8757
0.13404
0.11447
0.40246
0.19661
0.048099
0.069602
0.067976
0.14316
-0.29238
0.30879
-0.054948
0.017184
0.01865
0.0088066
0.13003
-0.82313
-0.40226
-0.6448
-0.88748
-0.11121
-6.0259
-2.1747
-4.4211
6.0686
-2.1255
-1.7726
-9.8724
8.2178
6.5311
-2.6683
1.1497
1.3699
-1.3825
-1.8892
15.347
-2.763
5.7563
1.2464
-1.1997
-1.198
-0.71553
0.20572
-0.48806
-1.2609
1.3639
1.3422
0.68762
-0.24518
-0.28925
0.55268
1.3462
5.9508
6.1513
-3.4231
0.51932
0.57754
-8.5453
0.13732
-2.3905
-0.48461
-0.50646
4.5538
0.044115
-0.073941
-0.16747
-0.036715
-0.13055
0.071572
0.51952
0.18958
0.15733
-0.47491
-0.031445
-0.13627
0.043873
-0.0076514
0.0079161
-0.10267
-0.13669
-0.11529
-1.2926
4.8574
4.2079
-5.717
-5.7558
0.71375
-0.94819
0.61667
0.1084
-0.069278
0.13166
-0.060308
0.0019632
0.0024327
-0.030358
0.1265
0.16829
1.677
1.694
-0.33308
-1.5424
-1.2773
-0.86121
-0.62803
-0.61721
1.008
-4.8007
-15.916
5.9935
6.0044
-6.0682
-1.2505
7.7876
-1.0487
3.5328
4.9993
-3.4491
1.3652
11.655
-15.161
5.7135
0.31843
-0.19518
0.79877
0.77915
0.63169
-0.84757
0.32889
0.047069
0.046695
-0.1853
-0.20694
-0.20521
1.4071
-5.7862
2.2907
1.6715
1.6649
2.5691
-0.49626
-5.1055
-5.2785
2.5102
2.5166
-1.3813
-1.1368
0.10209
-0.10274
-0.097851
-0.11201
-0.029321
-0.04232
0.24827
0.24636
-0.31059
-0.034643
-0.049792
-0.032303
-0.054529
-0.050494
0.16386
0.0012398
-0.21379
-0.074395
-0.018667
-0.54887
4.3966
-3.9597
-3.9643
-0.11376
-0.017934
-0.1127
0.090651
-0.068266
-0.021987
0.041273
0.03805
-0.0069915
-0.0083511
-0.00069228
0.0071075
0.1125
0.91109
0.91392
-1.275
-2.0766
-0.93516
0.14113
0.14705
-1.1101
-4.7966
-4.8326
6.2428
6.0082
6.0197
-2.9251
4.0991
-1.0245
8.0404
1.4526
0.80583
10.381
-27.538
-27.595
2.607
-1.5669
-0.2309
-0.24082
-0.55065
-0.60303
-1.0624
-0.25866
-0.23393
-0.25662
-0.24178
-0.20591
-0.27002
-0.054274
-0.048849
3.3621
-2.4899
1.3185
6.3393
-1.773
-3.9901
-1.132
-0.64265
1.949
0.24535
-1.6732
-0.02265
-0.08073
-0.048562
0.0048613
-0.0015078
-0.17309
0.40601
1.6145
1.598
-1.4875
-0.0098342
0.091543
-0.11065
0.022004
-0.00078556
0.090305
-0.33006
-0.18688
-0.18636
-1.0633
-3.8833
3.1793
-2.1616
-2.1645
-0.1513
-0.19258
-0.05321
0.26198
-0.085777
0.063912
-0.047474
-0.010912
-0.010912
0.01843
0.058605
0.48649
2.3091
-0.79583
-0.785
-0.51047
0.2522
-0.44899
-0.4625
-0.59114
-5.5651
7.7858
3.7804
-4.9807
-5.0186
6.3171
4.6718
3.2624
-3.1478
-3.1709
-0.11807
-22.645
1.2957
-6.1861
2.2855
-1.9599
0.19664
0.2436
0.23526
-1.7452
-0.50305
-0.57661
-0.30675
0.90465
0.89128
-0.14668
-0.19964
0.21261
0.22499
0.2465
3.7434
1.5678
-0.28834
-4.1148
-1.3598
-3.6972
-3.467
2.2398
5.0513
-0.0085233
-0.092092
-0.074846
0.0046645
0.0077068
0.010976
0.082363
-0.19781
0.058632
1.6239
-1.6767
-0.31955
0.0013072
-0.17972
-0.17955
0.082015
-0.096038
0.2208
0.22025
-1.0852
1.8214
1.8737
-0.83798
-0.84661
-1.0848
0.020961
-0.02886
-0.038071
0.0051188
-0.033755
-0.03321
-0.19976
0.050978
-0.052053
-0.051663
0.010574
0.22056
2.1109
-0.65344
-0.6105
-0.61161
-0.72331
-0.47717
-0.47679
-4.3468
-5.8986
5.0915
6.256
-4.2051
-4.2284
-2.1334
-1.7056
-0.67323
-1.2096
-4.3227
15.45
13.048
-5.4494
-5.4575
0.83362
2.5854
-0.37248
0.31853
0.83749
0.8277
0.10488
-0.69861
-0.57225
1.4618
-0.20032
-0.13781
-0.14215
0.42179
3.5919
5.1364
-2.1128
2.741
2.7335
-4.5747
-3.0393
0.50196
-1.2176
0.59633
0.59166
1.9762
-1.1842
-0.11016
-0.044425
-0.071197
-0.018905
-0.24376
0.063412
0.014593
-0.67972
-0.67794
-0.023068
-0.019783
-0.13906
0.022561
0.00041231
-0.22432
-0.21924
-0.22422
-0.048987
2.9525
0.12162
0.72196
-0.56994
-0.18416
0.04519
-0.027179
0.05671
0.055245
-0.06734
0.2003
-0.016445
0.026354
0.056211
0.058923
-0.018599
0.013561
0.19895
-1.3879
-1.2962
-1.2313
-1.7977
0.83573
0.85355
-10.596
-4.9662
2.5311
-4.0521
-3.8185
0.26791
5.4904
0.56146
0.50761
2.7862
2.9757
-4.8284
-5.6895
0.48352
0.45929
3.0488
-0.54554
0.41112
-2.8066
-2.7726
-0.016957
0.48217
-0.65161
0.8859
0.39155
0.39053
-0.11022
-0.10384
-0.19598
-0.335
-0.33548
-1.0316
-0.22476
-1.6068
0.63859
0.47141
1.9336
-1.3918
-0.50014
0.88977
0.88901
3.1299
2.647
2.2554
0.75105
-1.018
0.84552
0.47009
1.6099
-1.518
-0.023779
-0.124
-0.11862
-0.010332
-0.049963
-0.050048
-0.0028877
-0.0215
-0.040799
-0.011842
-0.0018473
-0.001593
-0.032057
-0.00080901
-0.011117
-0.021693
-0.021522
-0.042585
-0.0086788
0.0001433
0.01121
0.011304
-0.03401
-0.051825
-0.014239
0.0094117
0.0093372
-0.040913
-0.0015746
0.009391
0.0093031
0.0281
-0.0011902
-0.00049368
-0.011631
-0.011681
-0.011725
-0.042646
-0.00017008
-0.011244
-0.011198
-0.032466
-0.021397
-0.010737
-0.0014043
-0.01145
-0.011456
-0.021618
-0.011528
-0.0011877
-0.02139
-0.02141
-0.021717
-0.010402
-0.00090394
0.0079554
0.0082498
-0.031838
-0.030545
-0.020969
-0.011822
-0.01183
-0.011942
-0.030891
-0.020929
-0.031723
-0.011478
-0.020904
-0.020633
-0.03093
-0.011623
-0.011626
-0.001778
-0.010695
-0.011105
-0.011939
-0.011831
-0.001491
-0.00068119
-0.0012561
-0.053313
-0.053303
-0.0014607
-0.010374
-0.010729
-0.0018784
-0.001865
-0.011583
-0.020574
-0.011123
-0.0017513
-0.0017222
-0.011836
-0.00032751
-0.021236
-0.011433
-0.011439
-0.011368
-0.020416
-0.02124
-0.011599
-0.011688
-0.011734
-0.00087135
-0.021187
-0.0014419
-0.001455
-0.011753
-0.01078
-0.0011716
-0.011849
-0.011841
-0.0017018
-0.010361
-0.011112
-0.021374
-0.021385
-0.0017637
-0.02042
-0.020404
-0.021914
-0.021899
-0.0022329
-0.022528
-0.030783
-0.021755
-0.021746
-0.001668
-0.01145
-0.000424
-0.01121
-0.021231
-0.03201
-0.012014
-0.010637
-0.021182
-0.0015346
-0.022418
-0.012209
-0.0005271
-0.022248
-0.022283
-0.021828
-0.021245
-0.010438
-0.01082
-0.022034
-0.011999
-0.002174
-0.020757
-0.031278
-0.021401
-0.022012
-0.010929
-0.010161
-0.011066
-0.0016102
-0.0023739
-0.0022539
-0.030456
-0.021106
-0.021653
-0.021941
-0.0019414
-0.029874
-0.0011626
-0.031979
-0.0027745
-0.021751
-0.010764
-0.011061
-0.012159
-0.022445
-0.0019482
-0.010392
-0.021656
-0.011959
-0.0021602
-0.031222
-0.00037726
-0.010737
-0.01116
-0.012232
-0.011743
-0.010647
-0.001673
-0.012118
-0.0023611
-0.021049
-0.030832
-0.02104
-0.01156
-0.032629
-0.011899
-0.010879
-0.021901
-0.022491
-0.011729
-0.012347
-0.00029369
-0.011148
-0.011644
-0.021666
-0.041951
-0.030413
-0.031085
-0.021985
-0.022174
-0.012422
-0.020833
-0.01066
-0.021708
-0.052269
-0.021089
-0.020223
-0.00066503
-0.021398
-0.022643
-0.032544
-0.010388
-0.041605
-0.022126
-0.0021503
-0.0024849
-0.010715
-0.011477
-0.021672
-0.022368
-0.011687
-0.010458
-0.021048
-0.012284
-0.022348
-0.021834
-0.01003
-0.021291
-0.022329
-0.022085
-0.0011507
-0.030094
-0.010758
-0.012544
-0.022493
-0.023145
-0.010761
-0.021684
-0.001831
-0.012341
-0.01217
-0.01968
-0.021049
-0.021569
-0.012845
-0.022116
-0.0098921
-0.00089569
-0.022783
-0.012125
-0.0098656
-0.011051
-0.02178
-0.002128
-0.0016185
-0.0097799
-0.021202
-0.01172
-0.0023583
-0.022844
-0.020325
-0.031372
-0.0024143
-0.012568
-0.011472
0.00036246
-0.0211
-0.01244
-0.0019585
-0.022385
-0.010101
-0.011963
-0.0021147
-0.012827
-0.022183
-0.020262
-0.010966
-0.031973
-0.05314
0.0184
-0.040069
-0.011085
-0.02189
-0.022927
-0.01301
-0.03018
-0.021999
-0.0022833
-0.032439
-0.03161
0.0098885
-0.020947
0.0083874
-0.02251
-0.022745
-0.020402
-0.021285
-0.012418
-0.033049
-0.012875
-0.00089215
-0.031457
-0.011685
-0.043162
-0.012266
-0.040479
-0.021115
-0.0023877
-0.023003
-0.012971
-0.010246
-0.021347
-0.04187
-0.032859
-0.022107
-0.029941
-0.020943
-0.023389
-0.012812
-0.0030558
-0.030467
-0.021475
-0.021889
-0.022114
-0.0013625
-0.021882
-0.022548
0.0074356
-0.023038
-0.032857
-0.022919
-0.010111
-0.011182
-0.012054
-0.023886
-0.0020993
-0.029716
-0.020932
-0.002784
-0.013237
-0.022889
-0.011724
-0.031575
-0.03256
-0.0020816
-0.010891
-0.029889
-0.010681
-0.011938
-0.033107
-0.022933
-0.019812
-0.023615
-0.00013024
-0.0013835
-0.022131
-0.013696
-0.022554
-0.010027
-0.030843
-0.022333
-0.013152
-0.012706
-0.0005814
-0.0017035
-0.012652
-0.02289
-0.021436
-0.030007
-0.011682
-0.02255
-0.020365
-0.011955
-0.0019537
-0.030038
-0.011436
-0.013004
-0.013297
-0.00246
-0.020106
-0.02169
-0.0024298
-0.0031448
-0.023198
-0.00061744
-0.021661
-0.02269
-0.0028902
-0.022588
-0.022589
-0.0098425
0.0093754
-0.012697
-0.0034833
-0.01027
-0.021305
-0.022183
-0.011638
-0.022154
-0.033182
-0.012986
-0.0001435
-0.022238
-0.033073
-0.023199
-0.019335
-0.031605
-0.0029692
-0.0026632
-0.002629
-0.020186
-0.021362
-0.022485
-0.022713
-0.0030431
-0.040859
-0.022495
-0.021956
-0.032222
-0.01093
-0.042719
-0.033106
-0.011635
-0.032822
-0.023661
-0.023341
-0.030277
-0.031687
-0.022572
-0.022582
-0.013856
-0.032325
-0.010373
-0.010932
-0.022615
-0.023186
-0.07067
-0.032138
-0.012744
-0.012783
-0.012127
-0.030301
-0.031461
-0.0027821
-0.033046
-0.023292
-0.041922
-0.052547
-0.001668
-0.020161
-0.0212
-0.042896
0.00087091
-0.012468
-0.012278
-0.0028213
0.00068978
-0.031999
-0.032151
0.0065031
-0.084001
-0.061543
0.00016556
0.00050905
-0.083784
-0.053189
-0.074632
-0.027909
-0.04196
0.090137
0.064449
-0.11654
-0.031959
-0.051482
-0.020056
0.0010209
-0.10853
0.47243
8.9183
17.548
4.8602
-5.7313
-3.0874
2.8248
2.7316
-0.46582
-8.2379
-10.9
0.62511
0.19075
0.24009
0.23863
0.79255
-1.5039
-1.4759
-0.80275
0.69972
-10.061
-22.453
-21.193
-21.335
-8.0204
7.0656
-2.7297
13.076
13.043
2.4024
-1.615
-6.3879
-3.4861
-1.0744
2.2447
-1.4028
-1.7715
-1.7717
-0.05269
-0.41134
-0.95573
-1.1152
1.8016
1.8385
0.59015
-0.4296
-0.056106
0.13629
-0.095157
-0.098558
-0.18218
-1.2764
-0.80139
0.13268
1.1523
3.8733
-1.4424
2.2323
5.1211
5.1263
-1.9485
-1.1655
-0.15354
0.0030116
0.0046336
-0.091873
0.22327
0.33935
0.5085
0.5032
-0.034385
0.50074
1.4556
34.847
35.009
18.627
3.8685
10.58
-6.7488
-6.389
-6.3259
3.0342
6.1597
-10.738
-10.824
-14.643
-19.584
-18.511
-1.3837
-1.438
11.929
-4.7315
-3.6831
-1.4013
1.6686
1.7116
-2.6832
-0.054332
-19.487
6.5526
-2.397
0.90761
-7.8068
-9.8319
-18.542
6.4867
0.61165
-3.7402
18.515
18.432
-0.34
8.6174
9.2957
-2.525
2.6676
2.3182
-1.7998
-1.3133
-0.85223
-0.29275
2.556
-0.49926
-1.3341
-1.1644
-1.1735
-0.95394
5.1211
-0.14637
-0.15004
0.07318
1.6478
-1.7526
0.030472
-1.4866
-1.468
-1.924
-2.0193
1.9443
2.6155
2.5419
0.87922
3.6914
5.4891
-0.54367
-0.54498
-4.1914
-0.50966
-0.43076
0.20941
0.20701
0.38613
0.13053
0.55337
0.56009
-0.37545
1.0306
2.8748
11.094
4.7829
4.9184
5.4647
-4.3063
6.8031
-2.253
1.8311
1.8257
2.122
1.6501
-6.7613
-12.58
-8.9658
-3.1283
-2.5991
-3.1578
0.3227
-0.24519
1.4189
0.2728
0.94887
1.1883
-2.1952
-1.7242
-1.4568
-0.31362
-0.34295
-0.7789
-5.4461
-1.6875
-8.963
-19.195
-19.164
-4.2136
-0.26047
3.9433
14.752
14.896
23.184
-5.628
3.8213
11.922
-0.27567
1.3372
1.309
3.2643
-0.29615
0.55373
1.1741
-3.0529
6.5825
6.7172
1.3369
-0.19499
0.3081
0.1903
0.33254
-0.0062233
-0.077602
-0.031414
-0.92051
2.6217
-0.50398
0.10693
3.053
7.5407
4.4819
4.6523
-5.1705
3.4599
-0.84538
-3.1781
0.14256
0.19685
-0.1522
0.020141
0.17156
0.25193
0.74221
1.9436
-0.91512
-0.51781
-0.51372
0.71191
8.446
26.406
-2.6141
-4.7499
-2.523
-6.0161
-0.3938
-1.9099
3.2214
5.6093
0.15649
-2.0309
-18.259
-0.12445
-8.9675
-8.0405
2.1384
0.60068
-0.91912
1.7479
-0.15848
0.69357
3.0754
-5.3575
-1.1972
-3.4
-5.2744
-0.033805
-1.5357
-4.6334
4.4359
-9.5543
-9.2987
-17.531
18.631
-29.753
2.9856
22.179
11.867
16.671
-1.4173
3.7919
0.85427
-1.5334
-3.3009
2.4535
-1.5609
0.054528
2.8212
-1.2557
-1.5612
-3.5004
7.4763
2.3615
-0.68957
0.47584
0.34449
0.50898
-0.12995
0.10101
-2.0752
-1.2927
0.45737
-0.72416
4.5722
3.8976
4.1862
-2.0238
1.5187
5.0683
2.016
3.5281
-2.6991
-1.8363
-0.4865
0.28528
-0.013858
0.30906
0.42035
0.3942
5.7577
1.2455
-7.6292
-0.90186
15.481
7.46
10.104
-5.1586
-1.559
-5.9369
-0.53096
-1.4921
-1.0942
3.7905
-5.9512
-6.2355
-5.9999
-11.076
-7.7167
-4.3217
4.2811
0.31071
-0.40103
1.6919
-0.32227
-2.5558
-0.31049
-0.011679
-0.39244
-0.10814
-0.22345
-0.48911
-0.60351
-1.0267
-8.9677
-8.0782
-3.3312
5.7874
-5.9996
-9.0025
20.594
8.5532
4.4089
-6.142
-4.3307
4.2592
-0.37642
-0.41455
1.0798
0.6027
-1.8235
-3.6613
2.6204
0.13276
-0.45899
-0.93995
0.63669
-1.0811
0.004014
0.07783
3.0052
-0.72849
-0.35408
-3.4582
-7.0763
-4.4983
2.2558
0.028714
1.6316
1.8386
1.6448
3.4862
3.4878
-1.0266
2.2621
1.6479
5.9637
-0.15865
-0.52138
0.80768
0.48235
-1.8856
0.75334
0.75205
-0.60842
0.013982
-1.0604
3.4102
-3.9763
0.69043
-0.92429
0.031006
0.26089
0.20286
0.10097
0.26333
-0.39846
-0.874
-1.3508
3.9534
1.8635
-1.0002
0.49107
2.5734
3.8313
0.080106
0.2422
0.13438
0.092268
-0.16347
-0.16002
0.12848
0.37258
0.14565
0.21451
0.21884
0.1176
0.15571
0.092114
0.23311
0.12455
0.17034
0.15773
0.53057
0.014849
0.014395
0.34345
0.34348
-0.2299
0.25904
0.10421
0.14848
0.25698
0.073124
0.17812
0.16206
0.18237
0.18197
0.15701
0.087999
0.16618
0.1911
0.19432
0.1152
0.20103
0.29623
0.18462
0.17139
0.17153
0.20527
0.13251
0.0026532
0.24487
0.16749
0.14644
0.14672
0.10676
0.21403
0.14735
0.1784
0.16017
0.15174
0.15178
0.17341
0.18487
0.14061
0.17733
0.20186
0.14248
0.18792
0.1481
0.11536
0.11513
0.29115
0.10135
0.10263
0.12818
0.18855
0.1161
0.26171
0.16349
0.12323
0.17906
0.14844
0.14825
0.11806
0.18632
0.16027
0.17907
0.11541
0.15587
0.16178
0.17415
0.16521
0.18483
0.19702
0.18637
0.15174
0.16443
0.15562
0.15811
0.15811
0.14935
0.16216
0.16405
0.17242
0.13934
0.13997
0.16669
0.14641
0.17717
0.1773
0.16727
0.174
0.17418
0.16659
0.15476
0.17783
0.17781
0.17156
0.31505
0.18944
0.17451
0.23406
0.23636
0.17959
0.15766
0.15749
0.23111
0.26596
0.12102
0.17731
0.1773
0.1818
0.25997
0.087274
0.21722
0.21722
0.17942
-0.33567
0.17066
-0.098364
-0.097912
0.34817
0.29418
0.11493
0.13929
0.058302
0.19682
0.16551
0.2685
0.96671
0.39722
-0.13571
-0.29742
0.1017
0.10154
0.10139
0.21965
0.1566
0.18509
0.18858
0.13151
0.16462
0.16863
0.121
0.059611
0.15828
0.1583
0.14007
0.13402
0.15148
0.15146
0.18587
0.17031
0.13814
0.13807
0.17935
0.17552
0.14742
0.14747
0.11645
0.16208
0.16278
0.16793
0.16786
0.16228
0.1845
0.12526
0.16762
0.16761
0.11749
0.17641
0.15807
0.14843
0.14843
0.16403
0.15678
0.16262
0.14853
0.14859
0.15514
0.13824
0.15312
0.1482
0.1482
0.17444
0.14667
0.14265
0.12985
0.12982
0.1858
0.14699
0.18605
0.14671
0.14672
0.13518
0.15642
0.16633
0.1598
0.1598
0.14686
0.16591
0.1532
0.14868
0.14865
0.13584
0.18817
0.15826
0.14796
0.14795
0.18352
0.1392
0.13265
0.15843
0.15843
0.15852
0.15676
0.14971
0.1497
0.17668
0.14715
0.17566
0.13898
0.13898
0.15374
0.1659
0.16601
0.15859
0.15852
0.17643
0.15615
0.18086
0.18804
0.18805
0.16316
0.17707
0.15479
0.1482
0.14822
0.1631
0.16902
0.16902
0.14518
0.14509
0.17265
0.13811
0.1381
0.19634
0.15421
0.15816
0.15818
0.16635
0.15559
0.15688
0.13837
0.13837
0.16371
0.14635
0.16358
0.14834
0.14189
0.17568
0.13784
0.13454
0.14637
0.16335
0.15981
0.17042
0.14638
0.17819
0.12969
0.12968
0.17204
0.16451
0.14522
0.14314
0.19611
0.15181
0.16184
0.13733
0.16546
0.14859
0.13898
0.16333
0.16748
0.12503
0.16594
0.15328
0.14821
0.16056
0.14514
0.1472
0.16561
0.15742
0.1528
0.17448
0.15577
0.16805
0.15048
0.16344
0.1372
0.18394
0.18067
0.1406
0.16838
0.15294
0.19197
0.17716
0.13546
0.15573
0.14983
0.15518
0.1367
0.14059
0.14285
0.17438
0.16547
0.15884
0.15806
0.14124
0.16578
0.18618
0.15569
0.15844
0.15207
0.16716
0.17168
0.14811
0.14868
0.14582
0.14823
0.1705
0.16255
0.17595
0.17648
0.1582
0.17488
0.16565
0.1617
0.14972
0.14917
0.16427
0.16512
0.16586
0.14897
0.1544
0.14498
0.13561
0.14272
0.16267
0.16425
0.48679
0.00058165
0.067648
-0.1132
0.082898
0.13043
0.14705
0.32958
-0.017489
0.19968
0.20999
0.26594
0.24829
-0.056788
0.14941
0.0068141
0.25281
0.15664
0.21764
-0.027409
0.14327
0.28935
0.18074
0.0012531
0.25123
0.32872
0.077461
0.24492
0.32276
0.7806
13.205
-2.6021
7.0811
-3.4869
-1.0099
-7.5288
-0.040383
10.361
1.8134
0.0090552
-8.5177
14.819
4.3228
10.652
2.3124
5.8806
-7.0736
-4.4588
-0.48708
-12.621
8.4848
-6.0312
-2.7449
2.4986
3.3687
4.0467
-8.1351
-0.55544
-0.60891
0.98469
-2.1574
-5.787
5.8175
-1.0763
-0.78834
4.8659
6.9215
-3.5472
2.4505
-1.4696
-5.5052
-3.627
7.0526
-1.5418
-1.5521
-0.60091
-6.3689
-6.5903
2.8046
-5.3837
-7.3049
1.6394
6.7926
6.7908
3.6918
-2.7047
-0.86726
1.3463
-0.24061
0.35769
0.69997
-0.22284
-1.319
1.0065
1.1819
-3.9759
6.7602
6.7689
-16.179
0.36684
-0.53504
3.7323
0.15564
-1.3482
-5.1435
-0.98694
-0.98742
0.36544
0.12271
-0.1719
-0.089043
-0.089015
1.0347
1.34
0.40049
0.47285
2.4948
2.7081
-0.24429
-17.592
-0.78704
-0.82623
-2.406
-0.78677
-0.66321
6.4068
7.1922
7.1359
2.9123
3.1076
1.2098
-12.479
4.5964
0.092774
-2.9184
-2.9236
1.4779
-2.978
-0.61315
0.33794
0.33533
-0.20722
-1.2155
-6.5666
-0.25955
-0.26083
4.2136
6.0446
-2.6488
1.6229
1.6766
1.3153
3.6333
-1.9471
3.3759
3.447
2.7936
-0.1254
-2.931
-2.9355
-0.045589
-2.2309
3.6296
7.0731
0.43202
0.44716
1.299
-2.5267
0.13931
-0.13573
-0.13696
0.16216
0.016871
0.10533
-0.02309
-0.073762
-0.1468
-0.67902
0.49122
-0.22167
-1.3771
-1.4935
1.435
1.1048
-1.0081
-0.99307
0.73427
0.032745
-0.066477
-0.060294
-0.04541
-0.014323
-0.10941
0.16223
-0.23469
0.56892
-0.88465
-0.46332
0.62679
-0.24393
-0.26859
6.0408
5.995
-12.353
7.9625
7.9981
1.8601
-0.38067
7.5587
1.3353
1.2639
3.7166
-0.87367
-6.5148
-6.5651
-0.84107
4.7362
-6.7353
-3.5851
-1.592
-1.5828
0.33051
-5.7846
-11.387
-3.8018
-3.7811
-0.4273
-2.0462
-0.39751
0.11739
0.21211
0.67761
1.447
-0.2153
-0.24428
3.296
-1.2103
-2.9617
-4.5881
-2.5776
-2.5478
3.1583
-4.8737
-3.5106
4.3118
3.9995
4.0279
1.935
8.0089
-0.5915
0.62888
-0.0017371
0.056353
-0.088591
-0.024502
1.3315
0.62517
1.8597
0.071609
-0.024013
-0.024411
1.352
-0.97317
2.6725
-3.1827
-1.7665
-1.4935
0.22706
-0.0083021
0.0097862
0.19914
-0.15873
0.042091
-0.036025
-0.022104
-0.060333
-0.0099198
-0.029055
0.071382
0.10586
0.10747
0.22138
1.5279
1.8809
0.5845
0.12025
3.042
-3.7145
-5.5758
9.3555
-7.438
-1.5465
1.1961
2.1051
-2.0629
-3.1575
-0.80582
-2.051
-6.5649
-9.8835
-9.7689
7.322
-11.744
-8.6361
-1.0844
-1.4337
9.1025
-1.3214
-3.4136
1.4367
0.08853
-0.80507
-1.3449
-3.6692
-0.65599
-0.64557
-1.0089
0.12926
0.080878
-0.11446
-0.078445
0.71031
-4.9578
-0.74434
6.8904
-7.0081
-3.1867
0.63659
1.4723
0.32226
0.096995
0.041227
-0.03648
0.036529
0.036516
-0.099987
-0.029359
0.12774
0.13979
-0.16622
0.029441
0.45295
0.45295
1.4756
-0.53425
-1.4615
5.5168
11.489
1.3096
3.1607
-1.8943
-7.7288
-10.22
-0.40358
0.15292
-1.008
-0.066973
-1.2789
-0.14765
0.13605
-0.036914
0.00094567
0.0034489
0.067088
-0.040834
0.03073
-0.03016
-0.049063
-0.0078149
-0.0067663
-0.010179
0.016167
-0.0089936
-0.058573
-0.058984
-0.010323
-0.049504
0.0020884
0.045069
0.044554
-0.10131
-0.039275
-0.017401
0.039744
0.03957
-0.13017
-0.044362
-0.030115
-0.45101
-0.3996
0.21198
0.11978
0.11948
0.28873
0.46296
0.084646
0.072981
-0.055199
0.2191
0.22094
0.31758
-0.18688
0.48792
-0.16029
-0.46078
0.15943
-0.45062
-0.092245
-0.046648
-0.086991
-0.078805
-0.062146
-0.021802
-0.040578
-0.040417
-0.062098
0.00057355
-0.039489
0.0084917
-0.047937
-0.13245
-0.060898
-0.025654
-0.072397
-0.072209
-0.087225
-0.072998
-0.0061851
-0.041719
-0.04239
-0.09966
-0.048728
-0.021068
-0.029232
-0.088924
-0.088933
-0.042311
-0.051003
-0.040049
-0.046552
-0.092152
-0.050337
0.0146
-0.06234
-0.1964
-0.034043
0.0069669
0.024274
-0.068468
-0.075986
-0.011107
-0.011219
-0.043861
0.025557
0.021977
-0.078375
-0.0063244
-0.047021
-0.057057
-0.088753
-0.051784
-0.051767
-0.027252
-0.0040052
-0.029327
-0.11144
-0.046159
-0.12011
-0.056461
-0.039169
-0.0269
-0.10179
-0.0044733
-0.038446
0.041779
-0.011939
-0.060033
-0.060041
-0.036253
-0.025147
-0.02538
-0.040558
-0.092208
-0.038429
-0.10565
-0.054806
-0.045042
-0.028957
-0.083897
-0.052602
-0.020794
-0.025377
-0.03738
-0.074971
-0.052173
-0.06321
-0.05449
-0.089292
-0.060592
-0.06289
-0.08414
-0.072242
-0.032803
-0.024686
-0.085535
-0.047262
-0.0096155
-0.055322
-0.06191
-0.10653
-0.057533
-0.02391
0.0016226
-0.010035
-0.081052
-0.038267
-0.0066938
-0.021937
-0.04115
-0.052092
-0.015725
-0.094574
-0.033225
-0.032123
-0.026169
-0.07746
-0.05316
-0.026989
-0.023658
-0.052407
-0.095594
-0.035114
-0.029614
-0.0026198
-0.078008
0.0016746
0.0090597
-0.098961
-0.07496
-0.038244
-0.032771
-0.01863
-0.084555
-0.035972
-0.019684
-0.00077469
-0.10356
-0.055597
-0.048112
-0.12263
-0.054791
-0.0026804
-0.041803
-0.044102
-0.052412
-0.049393
-0.001242
-0.027034
-0.081332
-0.087056
-0.032563
-0.0015351
-0.055176
-0.086088
-0.0019478
-0.023189
-0.029126
-0.047113
-0.10646
-0.077074
-0.0052875
-0.010283
-0.046179
-0.071848
-0.09788
-0.06092
-0.0090049
-0.044113
-0.061139
-0.032411
-0.067362
-0.020686
-0.04323
-0.095308
-0.038148
-0.018884
-0.043544
-0.018242
-0.050301
-0.03799
-0.046983
-0.00084582
-0.058846
-0.092021
-0.04686
-0.015635
-0.024218
-0.02323
-0.0868
-0.069081
-0.024117
-0.21887
0.12048
-0.19249
0.052209
-0.11786
0.06767
-0.073841
0.076013
-0.15625
0.20945
-0.092045
-0.091954
0.075246
0.049573
0.023164
0.11296
-0.14088
0.15406
0.15315
-0.041361
0.17736
0.20147
0.63026
-0.16568
-0.37031
0.33434
-0.76136
0.38655
-0.29145
-0.11496
0.10528
0.10558
0.41323
-0.016289
0.051476
-0.011553
-0.010569
0.063578
0.0044244
-0.024001
0.11476
-0.32913
0.069438
0.047832
0.29491
1.3613
2.4684
-0.39056
0.054782
0.0078816
0.0067316
-0.054571
-0.027409
0.058667
0.10591
0.070955
0.066592
-0.069744
-0.048709
0.17358
0.19277
-0.071132
-0.10518
-0.077616
0.068979
-0.0583
-0.05821
-0.19844
-0.016071
0.092757
0.093052
-0.090057
-0.0016972
0.018587
0.88708
-0.21813
-0.75322
-0.088856
0.22109
0.062007
-0.20926
-0.20918
0.67226
9.7832
-1.72
-3.9458
-3.8069
7.0319
-2.4366
-2.2926
-2.2403
1.1274
2.0034
-1.3959
12.077
12.295
-23.497
2.6986
-0.42857
4.0013
4.7319
5.0173
-4.897
-2.7103
1.1918
0.9838
-1.0608
-2.3286
0.33016
-2.8995
-1.7426
5.2506
-0.58424
0.63747
3.2884
1.1261
0.85326
-5.8899
-1.371
-2.3732
-2.3801
0.040866
0.56649
3.8556
8.8486
-0.85411
-0.84858
-0.17854
0.30632
-0.078977
-0.080396
0.049669
-0.0562
-0.11821
0.051375
0.13766
0.13846
-0.11688
0.36159
0.15737
-3.5765
-3.579
1.3742
2.2505
-4.9407
3.7034
3.7095
-8.1844
0.54489
-1.4763
-1.5765
-0.76403
1.7001
-0.32494
0.23505
0.2006
0.20253
-0.088728
-0.066935
0.036043
0.31468
0.32209
-0.5922
0.42477
-0.20981
0.12127
0.25388
5.5328
0.59331
0.7384
-2.9121
-1.107
-3.2866
-1.0531
-3.5846
-3.5751
0.71465
7.3705
-13.949
-4.5214
0.8492
0.9081
-0.78924
-0.13308
0.099916
-0.32597
-0.19111
0.10206
-0.2515
-0.2522
-0.079767
-0.13624
-1.5071
1.2453
0.021485
0.031279
2.623
-3.5221
6.7709
6.7643
6.3039
3.2495
-1.8714
1.0529
2.4993
-2.4026
1.7034
0.43513
-0.30458
-0.29509
-0.5203
-0.3532
-0.31415
0.83315
0.81104
0.76991
-1.7406
0.44113
0.043387
0.035923
0.26928
0.17601
-0.70681
13.535
2.6089
-10.106
4.1081
-2.5463
10.358
10.314
-7.7696
-2.5932
0.94304
-0.93851
-0.84079
-1.2303
0.97405
-0.57232
-0.30829
-0.30481
0.12776
-0.057199
0.095604
0.42949
0.41022
-1.4267
0.092282
-0.18526
-0.23752
0.27784
0.26492
0.99467
2.4639
-10.528
-10.368
-1.1525
4.245
-4.2303
-0.18681
10.205
-5.2203
-2.9009
-0.66957
1.2843
1.286
-0.19333
-3.6842
0.71038
0.0116
-1.3775
0.27838
-1.2375
0.7593
-2.0267
-1.945
0.64815
0.24889
-2.536
-4.3679
-6.208
5.1062
3.0231
2.0958
-0.10317
6.4311
3.8863
-1.9536
4.7432
4.5043
4.5676
3.2614
-3.9948
3.0239
-1.0904
-1.0818
-0.98205
-0.94387
0.095973
0.1008
-0.29496
-0.12477
-0.10418
0.088366
0.42554
-0.80923
6.138
7.0788
0.94105
0.96271
4.4249
0.2855
2.9964
0.83606
-1.9624
-6.736
-0.40084
0.48822
0.46115
0.46005
-0.13265
0.040204
0.24522
0.26143
0.25046
-0.071763
0.067513
-0.056543
-0.27425
-0.28055
-0.0020663
0.084503
0.0072237
0.49903
-0.094561
-0.097696
-0.16191
-0.4904
-0.32901
-0.36794
-0.35943
-0.094829
0.14926
-0.12065
-0.0002706
-0.12244
0.015449
0.053127
-0.065175
0.1929
-0.068837
0.12867
0.14214
0.235
0.37971
0.37754
-1.3365
1.192
1.7979
1.1126
1.1072
1.0379
-0.78462
-1.5127
-0.36751
0.021438
-0.12749
-0.038596
-0.25837
0.069995
-0.027395
-0.012619
0.15108
0.0042383
0.03751
0.05927
0.059453
0.0067036
-0.037142
-0.0045454
0.044551
0.044487
0.036804
-0.02856
0.037593
0.063579
0.063922
0.086264
0.02269
-0.039508
0.075356
0.0065361
0.064545
-0.018102
0.0086471
0.033189
0.074583
0.095162
0.010343
0.0068232
0.070202
0.06741
0.041341
-0.012335
0.033535
0.031594
0.043438
0.083856
-0.044948
0.017873
0.059034
0.07592
0.010838
0.034206
0.013372
0.046727
0.060831
0.045136
0.0023388
-0.0011772
0.062658
0.052738
0.073923
0.0021901
0.017984
0.040667
0.071208
0.033111
-0.0053899
0.048278
0.030188
0.074613
0.049657
0.0083432
0.020311
0.054994
0.065247
0.02144
-0.0015307
0.035605
0.045026
0.068993
0.031666
-0.012238
0.047101
0.090152
0.089763
0.087483
-0.02045
0.025808
0.054035
0.059751
0.046794
-0.012341
-0.014713
0.074738
0.038518
0.066563
0.0010404
0.018896
0.044965
0.07976
0.011716
-0.020436
0.040654
0.04669
0.061369
0.074733
0.0076073
0.038818
0.039567
0.068116
0.072916
-0.00028768
0.027749
0.046892
0.094148
0.055433
-0.01239
0.019731
0.081317
0.065809
0.060956
0.01491
0.034543
0.047931
0.059097
0.047937
-0.048469
0.043069
0.053245
0.053285
0.06385
0.021931
0.046713
0.040052
0.044827
0.053833
-0.0050227
0.035155
0.081796
0.073018
0.081228
0.022081
0.033485
0.047651
0.052862
0.11475
-0.0065229
0.0052767
0.039813
0.052277
0.032118
0.010465
0.04564
0.053909
0.0070058
0.047597
0.062326
0.066729
0.0064589
-0.040804
0.013592
0.033386
0.067629
0.054094
-0.013276
0.061408
0.032579
0.073676
0.053176
0.023284
0.056335
0.026228
0.020546
0.053892
0.060599
0.00090932
0.012485
0.048356
0.072498
0.021842
0.028101
0.046625
0.081304
0.032189
0.028376
0.04686
0.046145
0.068226
0.013752
0.080013
0.067676
-0.0063322
0.03864
0.082243
0.065322
0.0016589
0.047773
0.038944
0.044734
0.046462
-0.0043921
0.0067774
0.054729
0.052643
0.034207
0.032166
0.08913
0.040786
0.019916
0.039847
0.060098
0.053176
-0.020319
0.045867
0.046799
0.067076
-0.012465
0.026274
0.060865
0.081032
0.024934
-0.0045997
0.022315
0.065204
0.059198
-0.0073065
0.037806
0.019297
0.0095262
0.048034
0.038976
0.051773
0.012811
0.047689
0.068369
0.045669
0.072131
-0.0069879
0.00031267
0.048155
0.058027
0.046693
-0.033538
-3.7484e-05
0.052498
0.059498
-0.00019801
0.048037
0.060954
-0.0015189
0.053842
0.0084281
0.091874
-0.0096549
0.10931
0.020009
0.049658
0.048361
-0.0089972
-0.0085102
0.063947
0.093299
-0.028442
0.037115
0.03278
0.042788
0.021486
0.12646
-0.072816
0.092764
-0.051461
0.077169
0.025719
0.010148
-0.058339
0.098833
0.12409
0.15141
0.88035
1.1712
4.6314
-7.2899
2.3607
2.4387
2.0458
1.7548
-3.1676
2.0081
0.34588
-3.6525
3.8919
2.0541
-0.26697
1.3023
5.5634
-6.5392
0.35353
0.077312
0.37569
0.12469
-0.64195
-0.3285
-0.13735
0.050714
0.088846
0.1592
-0.25681
-1.0415
-1.0273
0.21824
-0.83977
-0.39665
-0.39551
-2.8711
-0.70751
-0.72354
-0.62365
-0.021995
-0.027371
0.19624
0.20164
0.18288
0.013736
-0.30174
0.10089
0.09903
0.0091974
-0.034739
-0.012277
0.06986
0.015189
-0.031824
-1.1097
-3.5176
6.9508
0.034292
0.17093
-1.0106
0.67761
0.71655
-0.029242
0.23965
-0.16396
0.10709
0.17703
0.17931
0.051184
0.43822
-0.64358
-0.0043327
-0.45237
-0.0067084
-3.0251
-7.6448
-3.0836
5.0688
1.6504
-2.1029
3.0538
3.8426
-0.37659
-0.28584
-5.0956
0.01362
-5.0482
-5.3819
-2.5644
0.22743
0.22883
-0.44877
-0.22025
-0.076617
-0.0745
0.27835
0.022677
-0.30619
2.9753
3.0031
1.3892
4.1117
-4.0761
-4.0789
1.0924
-0.90442
-1.302
-1.3128
0.04666
-0.081059
-0.019472
0.075778
0.064252
0.13928
-0.061564
-0.25266
-0.25972
0.13509
-0.011734
-0.020373
0.099094
-0.061478
-0.057108
0.15607
0.086355
-0.01383
-0.6187
-0.18593
-0.14186
0.31347
0.25537
-0.24959
0.024903
-0.0016334
-0.0098572
0.085006
-0.09971
-0.098392
0.2625
0.28978
-0.4936
-0.40768
-0.37671
-0.39579
-2.6478
-7.9015
-4.3777
5.1484
5.326
7.5893
1.6266
-0.15644
-4.2019
-4.0579
-0.39081
6.1879
-10.402
-3.7195
-4.9872
2.1191
-0.20531
0.13416
-0.049216
0.057983
0.097406
0.034377
0.042898
-0.013027
-0.15294
-0.19329
0.018
-0.73939
4.102
4.1052
-1.5323
0.97324
-0.50152
-0.51313
0.2142
-0.037589
-0.038359
0.083762
0.017517
0.017903
0.28608
0.047985
-0.095558
-0.18758
0.066814
0.067044
0.13107
0.031823
0.056716
-0.0098353
-0.0019592
0.060096
0.076296
-0.25601
-0.99748
-0.91618
3.3051
3.6644
-0.31981
0.028799
-0.214
0.00013832
-0.25694
-0.0083567
0.16818
0.17109
0.076089
-0.027113
-0.169
0.094879
0.09383
0.11466
0.07853
0.082165
-0.87867
-0.88211
-1.8431
-8.1223
-6.4169
6.8495
6.9026
-0.77122
5.7746
5.735
8.057
4.9872
4.9696
0.95989
2.2348
-1.1195
1.6934
1.831
2.1556
-14.799
3.7341
3.7345
-1.1123
0.71343
-0.24822
-0.26097
0.14131
0.083485
-0.086522
0.24185
0.23979
-0.072973
0.12208
-0.88471
4.1337
4.0693
1.1696
-2.3307
-1.6323
2.1679
-0.12671
-0.13926
-0.086836
-4.7092
0.0018101
-0.047295
0.0076251
0.007754
-0.036264
-0.058613
0.1005
0.10038
-0.80502
-0.11072
-0.11212
0.081775
0.04205
0.11721
-0.047853
-0.047872
0.059686
0.092047
0.056765
-0.064057
-0.055182
-0.13774
0.30255
1.1533
1.115
-0.95305
-0.94308
0.43607
-0.043726
0.018249
0.14802
-0.13304
0.13191
0.027683
-0.031865
0.13371
0.27579
-0.18183
-0.089725
-0.216
-0.21419
-0.1487
0.03172
-5.538
-0.41944
-0.31007
-0.13262
0.91488
7.5898
5.1651
5.1811
4.0961
-0.64515
1.3549
-4.6223
-4.6076
-2.6487
-4.2104
11.77
-17.56
-18.686
2.6297
-0.030015
-0.84104
-0.21432
-0.31388
0.097133
0.14419
-0.052397
-0.052782
0.18082
0.011066
0.12797
-0.027113
-0.042834
-0.017776
0.29226
0.086357
-0.034618
1.1673
1.9225
-0.42076
0.16561
-3.8706
-0.029962
-0.031383
0.00041749
0.00123
0.086745
0.028333
0.22677
-0.19451
-1.3463
0.34762
0.35182
-0.017092
0.069018
0.051504
0.086205
0.085891
-0.15348
0.18384
0.11779
0.09612
-0.46489
-0.43048
-1.2417
-2.4137
-0.11657
-0.12061
-0.019661
0.036224
0.12108
-0.18616
0.037934
-0.186
0.042673
0.10234
0.096257
-0.13126
0.67761
-0.80274
0.016272
0.36568
0.36534
-0.70111
-2.065
-8.5482
1.9602
2.9955
10.04
1.7013
9.5786
3.2008
8.057
2.544
-3.692
-1.2688
-1.7012
-1.691
-1.6863
7.2302
-9.9886
-0.1584
-0.17803
1.4903
-0.3719
-0.10952
0.55036
-0.34127
0.036656
0.42515
-0.28963
0.41667
0.41212
-0.26157
0.094337
0.10751
2.0124
-1.3441
-1.3484
-0.30335
1.453
1.8573
-0.66174
-0.20678
0.81512
0.11101
0.0081069
0.0081211
0.010049
0.049044
-0.045519
0.34388
0.34611
-0.17299
-0.052078
-0.072671
0.014911
0.16812
0.16714
0.013101
-0.0051867
0.13641
0.022658
0.022679
0.21655
-0.26432
-0.6066
-0.5338
1.3968
-0.05059
1.2966
-0.034182
-0.066135
0.0030857
0.0041916
0.040452
0.0558
0.10381
-0.077703
0.044362
0.032513
0.0028137
0.13229
-0.042778
0.27337
-0.31671
-1.777
-4.9368
-4.9177
1.2294
6.3806
4.9224
-2.4884
-2.4323
6.5458
6.2521
2.1605
3.2133
0.31715
-2.3139
-3.9251
2.4361
-1.0856
-23.079
-23.447
3.0452
1.6472
0.68661
0.37627
0.32233
-0.23849
-0.22859
0.21954
-0.079023
0.027997
0.27335
-0.018598
0.1177
-0.1138
-0.1134
0.95486
3.3839
-2.7207
0.88413
2.1704
0.66768
-0.82882
1.5409
1.3909
-3.1238
-0.0079318
0.041726
0.11389
0.01005
0.011681
0.12361
0.0065606
0.053174
0.084651
0.77068
0.095727
0.076614
0.051168
0.050797
0.10866
-0.082944
-0.091005
0.086296
0.032228
0.076879
-0.13466
0.083262
1.6494
-4.2335
3.5401
3.5262
-0.51075
0.19027
-0.07646
0.020934
0.079348
0.083882
0.061691
0.04291
0.017273
0.047181
0.33387
0.16657
-0.7624
-0.76367
0.092477
-0.22903
-0.27897
-1.858
0.19226
-0.32059
-0.5129
1.1843
2.1215
10.237
3.6859
-0.61081
-3.239
-3.1874
-9.0484
1.3696
1.1626
0.26961
-22.444
-3.9139
-4.5635
-4.6049
0.0086896
-0.052105
0.3041
-0.051551
-0.25472
0.18486
0.017352
-0.024859
-0.03878
0.11454
-0.11767
0.18098
-0.0029967
-0.0094378
-0.73726
1.8743
0.23272
-0.10737
-0.88757
2.3742
-5.0653
-0.32902
0.016237
-0.0017526
0.062825
0.11255
0.059323
0.046778
0.11707
-0.31149
-0.23594
0.10915
0.11827
0.11887
0.14209
-0.043269
0.17115
0.09709
0.093834
-0.057114
0.14941
-0.29768
-0.096908
1.4448
-3.559
2.468
-0.087343
-0.087762
0.15716
0.071454
0.05241
-0.061192
0.08659
0.090248
-0.033535
0.031726
0.022253
0.022776
0.10831
0.55719
-0.016337
-0.050644
-0.04627
-2.2493
-0.26536
5.1851
5.2074
-1.524
0.64022
6.0378
5.4822
2.5962
2.4128
-1.5427
-2.6587
-4.3169
-4.8733
-4.8695
0.28137
5.7698
-15.919
-2.2565
-2.2759
0.45146
0.28977
-0.020484
-0.36857
-0.71543
-0.68046
0.13298
-0.095787
-0.17573
-0.17118
-0.062424
0.19014
0.0016684
-1.2278
0.33062
-0.97164
-0.021979
0.078275
0.54099
0.45238
0.45206
0.3478
0.57815
0.22456
0.35541
0.35045
0.41943
-0.066335
-0.68736
-0.13845
0.04808
0.03647
-0.031691
0.023288
0.0265
0.050001
0.049697
0.027473
0.012926
-0.025024
0.022633
0.075061
0.032246
0.0058946
-0.0029482
0.019067
0.045716
0.049782
0.039919
0.0028057
0.089542
0.040989
-0.0072211
0.027455
0.027399
0.017922
0.058349
0.053191
-0.038721
0.01481
0.014941
0.10827
0.067405
-0.002105
-0.0096868
-0.010119
0.03541
0.041203
-0.028861
0.014199
0.014245
0.037653
-0.00051136
0.034281
0.034265
0.045721
0.075456
0.028235
0.011666
0.0066918
0.0067029
0.06727
0.041358
-0.039206
0.020483
0.020484
0.038106
0.032956
0.00050213
-0.0015897
0.070335
-0.0093804
0.0037325
-0.0011111
-0.0010113
0.067205
0.073415
0.061929
-0.010809
0.032628
0.032576
0.046121
-0.0081443
-0.031701
-0.00017603
0.068027
0.059407
0.06116
-0.020098
0.011455
0.011459
0.053942
0.072456
-0.016209
0.019977
0.020013
0.050219
0.022682
-0.017917
0.0077084
0.007445
0.029126
0.045277
-0.0045621
0.0027378
0.0023269
0.02414
0.0035047
-0.02879
0.0077398
0.007783
0.072773
0.053779
-0.011654
0.0038382
0.0038305
0.044592
0.01398
-0.026316
0.032137
0.031802
0.044303
0.05336
-0.019289
0.048369
0.048015
0.017144
0.059173
0.059154
-0.015811
-0.015515
0.037154
0.059302
0.024642
-0.015124
-0.015153
0.052689
0.057723
0.05211
-0.021195
0.023042
0.02532
0.045632
0.019185
0.012859
0.012841
0.031604
0.056062
0.012291
-0.018995
0.038159
0.052565
0.049377
0.04354
-0.020104
-0.014427
0.013222
0.016922
0.02948
-0.02778
-0.015312
0.059934
-0.0053954
0.0526
-0.02899
0.025216
0.020526
0.043236
0.030389
-0.019106
-0.0086105
0.039142
0.039503
0.031114
-0.00074965
0.0055575
0.024461
0.050109
0.043337
-0.00036787
0.0054578
0.0056173
0.078899
0.018665
-0.035437
-0.0014481
0.037813
0.050249
0.055265
-0.014497
0.018463
0.060551
0.051937
0.030926
-0.018849
0.018906
0.052633
0.030086
0.023415
-0.0017946
0.018707
0.011309
0.052135
0.0047835
-0.035135
0.0048044
0.046217
0.057066
0.05077
-0.012717
-0.008099
0.025795
0.045638
0.037064
-0.04045
-0.016772
0.058762
0.050662
-0.0026617
-0.033491
0.0059094
0.043003
0.063508
0.0714
-0.0065632
-0.0019378
0.049439
0.02245
-0.0081877
-0.034031
0.0053861
0.034816
0.036946
0.050529
-0.040017
0.025192
0.051481
0.038754
0.043869
0.00054216
0.025866
0.024956
0.057173
0.036364
-0.020996
-0.0092323
0.037321
0.046781
0.06501
-0.01288
0.031283
0.0502
0.043754
-0.028626
0.022253
0.072599
-0.02222
0.011229
0.044412
0.03892
-0.010017
0.0068919
0.023877
0.055646
0.04274
-0.013151
0.025042
0.025505
0.050521
0.041017
-0.012485
0.010928
0.032648
0.043416
0.025498
-0.020115
0.0073068
0.049772
0.05073
0.07817
-0.00032072
0.0034814
0.04239
0.038536
-0.039973
0.04234
0.016102
-0.027804
0.042591
0.041855
0.054245
-0.0073077
0.011277
0.03775
0.084011
0.051334
-0.022366
-0.013778
0.050372
0.048193
0.071104
-0.014761
0.010032
0.050559
0.049821
0.02192
-0.024542
-0.00047517
0.041213
0.03477
0.029757
-0.02863
0.0054594
0.023067
0.057396
0.0047135
0.050479
0.06334
0.037593
-0.020782
0.0034684
0.046895
0.040599
-0.016066
0.031143
0.03756
0.048254
0.03828
-0.00056659
-0.0087059
0.055078
0.048169
0.069161
-0.0015554
-0.001571
0.050343
0.017708
-0.027299
0.065367
-0.0075253
0.031288
0.022174
0.049834
0.063155
-0.0097215
0.0099734
0.037907
0.072473
0.054981
-0.012781
-0.021395
0.035421
0.041828
0.057402
-0.0063762
0.023771
0.018327
0.049719
0.005232
-0.035277
0.010889
0.043269
0.068686
0.056092
0.016808
0.036813
-0.0089018
0.03652
0.036035
0.036054
0.05731
0.0096258
0.049668
-0.069868
0.16033
0.059179
0.030176
0.063563
0.04542
-0.019667
-0.018725
-0.01879
0.043446
0.076915
0.08512
-0.0051941
0.0023721
0.049454
0.018299
0.015623
0.016227
-0.041935
-0.0042254
0.050315
0.0041909
-0.042744
-0.043893
-0.045589
0.14824
-0.070071
0.019485
0.021072
0.12181
0.13794
0.092624
-0.15683
0.13888
0.13817
0.002176
0.023228
-0.053368
0.05493
0.056038
0.059779
0.10705
0.09185
0.094537
0.10926
0.85485
6.7298
8.4662
-0.83374
-0.82997
-2.5882
-2.9906
0.49727
0.61679
-5.1874
-8.3088
-0.4295
-0.41838
-0.42092
0.40679
0.098146
0.45189
0.22701
0.22243
0.11654
0.4343
-0.81945
0.44503
0.44484
0.39765
-2.8251
-12.954
-6.7792
-7.0001
6.912
2.4577
6.0906
8.3159
8.3939
-7.4555
-9.3979
-1.7901
-1.8372
5.1418
3.043
0.3328
0.99939
0.2345
0.20101
-0.58691
2.1876
-0.017573
-1.8558
-1.8354
0.65622
1.1726
0.18463
0.44217
0.051948
0.29954
0.01992
-0.1999
0.99544
0.99219
-1.1061
0.38013
0.26939
-0.26288
2.086
2.6239
2.543
2.9834
0.87498
-0.93292
-1.0131
0.010977
0.14871
0.06355
0.060884
0.079764
0.080463
0.069868
0.27561
-0.35924
-0.081094
0.29314
0.46206
11.687
11.627
3.925
5.0889
13.189
-2.8513
-7.5857
-9.8453
-1.6572
-4.1724
-7.3041
-6.0492
-5.6539
-6.5763
-6.5514
-5.0497
-0.4752
1.6718
-3.1841
-1.5734
-0.798
-0.10113
-0.12989
-0.23649
-2.3714
-10.969
2.2428
2.734
0.89994
-5.5637
-10.436
-14.08
1.4455
1.28
-2.081
13.841
16.585
1.5723
3.8873
-11.543
-5.1235
8.1556
-0.50971
-1.1383
-0.65398
-12.425
-4.6427
8.6732
2.5743
3.7528
2.4254
2.3961
0.89621
-0.24646
0.15271
0.0017589
-0.05843
-0.35746
0.39671
-0.28404
0.022914
0.01694
-0.71481
1.1693
1.8047
0.85735
-2.3687
2.6433
0.20152
-0.53356
-0.21569
-0.21769
-0.088375
0.053583
0.064429
0.053365
-0.0016709
0.05963
0.16117
-0.067586
0.031061
-0.034563
0.029707
-0.0047109
1.6968
9.5065
14.234
3.518
-11.694
-6.8153
-0.55577
2.4148
3.4896
5.6627
-3.8334
-3.0214
-8.7568
2.6033
11.718
2.8576
0.51893
-12.538
-4.5981
-0.03956
-0.69555
0.54778
-0.73532
1.03
0.69151
-0.51666
-1.3423
-1.6562
-14.126
3.6009
-9.0608
9.5299
-3.1393
-1.7236
5.9528
13.176
3.4539
-2.5421
-2.4661
-3.2108
-0.61684
-5.5169
-1.5327
5.5086
2.1561
-1.4296
0.34366
-0.10957
-4.693
1.7238
2.5711
-1.0612
3.0259
0.055214
-0.11555
0.065895
0.032452
-0.10529
0.10063
0.073253
-0.11957
-0.37969
0.28907
-0.21045
-0.38444
-0.2539
0.90844
-0.25201
-0.18733
-1.5488
-0.097764
0.023031
-0.020365
0.054948
0.010772
0.16952
3.3246
0.58881
-0.47396
0.14083
-0.011521
0.033015
0.17439
0.037181
-1.6143
11.146
21.165
5.8021
-1.9643
-7.0706
-5.7166
-5.9349
-6.9143
1.1923
-5.8494
-1.67
0.7421
-5.4319
-5.4247
0.86553
3.1217
-0.10605
-0.67042
-0.29702
-0.16142
0.0356
0.26035
-0.13575
-0.13889
0.28888
0.23978
-0.032831
0.11677
-0.13954
-0.0015294
-0.14654
-0.10284
0.051637
0.019899
-0.12696
0.3106
-0.015768
-0.0028698
0.10356
0.059839
-0.043323
0.17336
-0.21284
-0.13314
-0.12209
-0.067794
0.017392
-0.24401
-0.075443
0.081592
-0.058641
0.10092
-0.038365
0.061291
0.10919
0.1055
-0.053941
0.023396
-0.030251
0.059894
0.044273
0.065757
-0.040022
-0.018916
0.053886
0.043785
0.0174
0.0078452
-0.0073605
0.099763
0.025392
0.052799
-0.021709
-0.030781
0.082752
0.063486
0.01574
-0.027961
0.039558
0.035353
0.06838
0.024113
-0.017559
0.0093737
0.031123
0.047046
0.030231
-0.019932
0.026427
0.049151
0.046473
-0.0091063
-0.0048255
0.0051601
0.033198
0.042718
0.044262
0.00075855
0.02284
0.053092
0.044558
0.0096215
-0.0019375
0.017412
0.033821
0.04388
0.034999
-0.021631
0.010711
0.045396
0.054242
0.054564
-0.023646
0.0083951
0.042004
0.052014
0.034582
-0.015219
-0.00061488
0.046195
0.064908
0.066126
-0.027047
0.038286
0.036135
0.024681
0.029231
-0.031505
-0.0028567
0.060446
0.047712
0.045607
-0.019522
0.0219
0.034291
0.055544
0.050622
-0.0035188
0.020114
0.026718
0.054233
0.033168
-0.0056321
-0.0012376
0.071912
0.039652
0.05988
-0.013283
0.039679
0.054905
0.044908
0.021234
-0.027073
0.031231
0.058118
0.055342
0.055781
-0.0088923
0.023322
0.029656
0.046911
0.010334
-0.00018426
-0.011208
0.03446
0.071816
0.066304
-0.0089101
0.011989
0.054866
0.047997
0.052366
0.00025705
0.016718
0.03162
0.047256
0.020131
-0.015351
-0.008903
0.045403
0.058292
0.043097
-0.0013559
0.023417
0.045409
0.045864
0.044638
-0.02716
0.0096215
0.062808
0.071763
0.032542
-0.014918
0.012835
0.030259
0.040979
0.080878
-0.0048649
0.021506
0.036604
0.052254
0.04788
-0.014449
0.013011
0.031548
0.036188
0.06688
0.013202
0.021946
0.039834
0.055639
0.0093987
-0.036249
-0.00095894
0.064379
0.043046
0.054269
-0.021369
0.0295
0.054288
0.05449
0.008004
0.0086443
0.015994
0.037577
0.057722
0.033434
0.015081
0.01509
0.015828
0.053848
0.051779
0.051765
0.0007685
0.026077
0.054756
0.055213
0.02085
0.0068623
0.03435
0.041446
0.0662
-0.0073826
-0.0073849
0.029789
0.028844
0.013037
-0.031224
-0.0060153
0.025356
0.073566
0.052668
-0.011777
-0.011786
-0.006687
0.034797
0.07165
0.050128
-0.021847
0.013906
0.034317
0.025357
-0.023124
-0.023219
-0.014802
0.058152
0.056088
-0.012881
0.023977
0.054732
0.017861
0.017903
0.010205
0.018019
0.032724
0.050355
0.030643
-0.021872
0.0088719
0.033394
0.036119
0.002436
0.0024434
-0.032385
0.032689
0.092918
0.033826
-0.01291
0.040713
0.046667
0.046673
0.065658
-0.0067894
0.0085777
0.026732
0.067299
0.014352
-0.017649
0.021907
0.017507
0.028326
0.06177
0.061762
-0.017508
0.03791
0.023255
0.023727
-0.013391
0.021882
0.048705
0.053741
0.06657
0.066574
-0.026298
0.013868
0.054197
0.044116
0.050515
0.0075862
0.037905
0.044082
0.015902
0.015902
-0.01501
0.01637
0.017738
0.039731
0.053076
-0.022335
0.035995
0.031707
0.06699
0.040189
-0.010872
0.0083439
0.050041
0.022312
0.065591
0.065586
0.0081005
0.0095791
0.063971
0.0014254
0.001425
-0.010889
0.03764
0.044991
0.044998
-0.014573
0.015874
0.04794
0.047277
0.047048
0.0011339
0.052259
0.040136
0.025691
0.025677
-0.0070177
-0.034584
