0.52766
0.50717
0.51399
0.51284
0.50154
0.51952
0.53487
0.51631
0.51371
0.51976
0.52114
0.51841
0.5333
0.48711
0.51388
0.50528
0.51265
0.51457
0.52548
0.4816
0.52616
0.50318
0.50234
0.52077
0.51027
0.49296
0.52655
0.50551
0.50635
0.50997
0.52982
0.51328
0.52923
0.50929
0.51474
0.50195
0.50049
0.50589
0.50602
0.52152
0.51933
0.53358
0.51897
0.48935
0.53714
0.52203
0.5188
0.5216
0.52046
0.50762
0.52326
0.50083
0.52848
0.52327
0.49262
0.52255
0.51567
0.49343
0.50736
0.47071
0.52571
0.5242
0.50101
0.50594
0.53897
0.50932
0.51398
0.51926
0.51916
0.49184
0.50883
0.52537
0.49328
0.50916
0.52585
0.49801
0.5216
0.51188
0.50339
0.54208
0.51776
0.52867
0.51894
0.52191
0.51502
0.52587
0.49942
0.50571
0.49408
0.51584
0.52837
0.52401
0.50617
0.52546
0.52452
0.5021
0.52203
0.52999
0.50238
0.52507
0.52181
0.50782
0.52543
0.49599
0.51276
0.52453
0.5188
0.49947
0.51816
0.53139
0.49403
0.51449
0.50205
0.50906
0.51975
0.52965
0.49693
0.528
0.52059
0.49514
0.51905
0.50687
0.52005
0.52953
0.50417
0.531
0.53556
0.50273
0.50464
0.53171
0.52367
0.5158
0.52518
0.52932
0.5153
0.52494
0.50149
0.51792
0.52595
0.51563
0.49068
0.54
0.52128
0.52298
0.52388
0.50143
0.52032
0.51071
0.49978
0.52386
0.51173
0.52596
0.51324
0.52348
0.51989
0.5255
0.52388
0.49794
0.52487
0.52407
0.50676
0.52406
0.53884
0.49794
0.52174
0.53252
0.5144
0.5221
0.49942
0.51742
0.52256
0.50152
0.49299
0.51529
0.48768
0.52222
0.52143
0.50872
0.52233
0.5236
0.51773
0.52356
0.52484
0.49633
0.52607
0.502
0.50739
0.52386
0.50801
0.50211
0.52624
0.52854
0.48953
0.54197
0.50975
0.52705
0.52478
0.48598
0.52479
0.50883
0.50173
0.51157
0.50654
0.524
0.52831
0.51484
0.51975
0.50355
0.52851
0.50246
0.52969
0.50624
0.53117
0.51667
0.52008
0.51345
0.52828
0.49387
0.51452
0.51444
0.50585
0.517
0.51235
0.47752
0.52268
0.51594
0.51294
0.51473
0.48891
0.51404
0.51483
0.51784
0.50336
0.50245
0.52697
0.49423
0.52541
0.51604
0.48604
0.5198
0.48646
0.50251
0.51283
0.51843
0.52834
0.52144
0.5115
0.50423
0.54122
0.49024
0.54165
0.50884
0.52385
0.51419
0.50762
0.52668
0.51826
0.5036
0.49679
0.50382
0.52062
0.52019
0.51435
0.52098
0.5
0.5151
0.52388
0.50316
0.52261
0.52056
0.5004
0.51902
0.49717
0.53874
0.50744
0.52874
0.50316
0.52397
0.52121
0.48342
0.50696
0.50491
0.49526
0.50792
0.52295
0.51224
0.50848
0.52101
0.48416
0.50895
0.52726
0.51635
0.53594
0.49851
0.50897
0.50992
0.50877
0.50337
0.51967
0.50449
0.50775
0.53783
0.50737
0.50644
0.53691
0.48244
0.49372
0.50555
0.50411
0.53003
0.50524
0.49735
0.52293
0.52039
0.50709
0.52304
0.4951
0.53994
0.50451
0.52697
0.52072
0.50533
0.51895
0.50573
0.51742
0.52422
0.49329
0.51183
0.5179
0.50346
0.51617
0.51615
0.51439
0.51184
0.49773
0.51851
0.51686
0.516
0.519
0.5269
0.49312
0.5038
0.51703
0.52784
0.50707
0.49822
0.51817
0.50382
0.52021
0.50988
0.50196
0.51222
0.51078
0.53547
0.52105
0.48037
0.48598
0.52899
0.48363
0.52661
0.5186
0.50421
0.535
0.52311
0.5158
0.50843
0.51788
0.50331
0.52269
0.50912
0.50754
0.50233
0.52402
0.50659
0.5211
0.52273
0.50411
0.52359
0.51425
0.48553
0.50888
0.49401
0.51595
0.52226
0.50362
0.50944
0.50837
0.52177
0.50769
0.5351
0.5057
0.51738
0.52375
0.52498
0.52932
0.52287
0.49979
0.51759
0.52564
0.50219
0.52322
0.5246
0.48916
0.50867
0.49751
0.53456
0.52426
0.49866
0.52289
0.49125
0.50396
0.52204
0.52275
0.50638
0.52714
0.5084
0.52388
0.52449
0.52533
0.49041
0.51464
0.52257
0.50195
0.52395
0.51029
0.5023
0.53939
0.51042
0.50155
0.50913
0.5087
0.51553
0.52218
0.49449
0.52091
0.50945
0.48367
0.52184
0.51039
0.50787
0.5231
0.51811
0.50318
0.51726
0.51497
0.49458
0.5033
0.52569
0.49978
0.51784
0.51381
0.50328
0.5442
0.49511
0.4884
0.51483
0.52906
0.50085
0.53038
0.49138
0.52741
0.51441
0.51265
0.51461
0.51949
0.5032
0.50138
0.52087
0.52742
0.48963
0.52749
0.49261
0.50577
0.50794
0.53016
0.52013
0.53798
0.49412
0.5045
0.51577
0.4979
0.51546
0.52675
0.49982
0.52268
0.49416
0.52429
0.52159
0.51991
0.49953
0.50014
0.52499
0.49788
0.4902
0.52268
0.48497
0.53711
0.52205
0.50023
0.50612
0.50463
0.51261
0.53288
0.48776
0.52353
0.52141
0.50945
0.52008
0.52391
0.51682
0.51518
0.52257
0.49624
0.50802
0.52314
0.4725
0.51079
0.52307
0.49765
0.51961
0.52427
0.50138
0.52164
0.52323
0.48488
0.52114
0.52258
0.51125
0.52208
0.49942
0.50688
0.52227
0.50804
0.49408
0.50681
0.50807
0.49655
0.50742
0.53548
0.51187
0.52578
0.52045
0.49657
0.52208
0.50987
0.48954
0.52496
0.53331
0.51716
0.52339
0.49893
0.50752
0.51083
0.52503
0.49239
0.52864
0.5026
0.50894
0.51524
0.53075
0.49737
0.51196
0.51714
0.5066
0.53343
0.50376
0.51404
0.51121
0.51179
0.53036
0.50157
0.49336
0.49742
0.51123
0.5033
0.50479
0.51765
0.521
0.50345
0.52413
0.48365
0.52382
0.50615
0.51986
0.51402
0.51
0.50453
0.52187
0.51563
0.50068
0.53383
0.51379
0.48966
0.50757
0.50224
0.52439
0.50258
0.52157
0.47935
0.5224
0.51853
0.51153
0.50506
0.49077
0.51419
0.52001
0.51622
0.49812
0.52307
0.51859
0.49937
0.525
0.50885
0.50102
0.50373
0.50566
0.52368
0.51575
0.52224
0.52522
0.52125
0.50061
0.51139
0.52368
0.5011
0.5256
0.52125
0.50471
0.52156
0.52246
0.48339
0.51353
0.50456
0.50623
0.5223
0.51231
0.50857
0.50589
0.51199
0.52213
0.52373
0.4995
0.53457
0.52118
0.51493
0.52373
0.50326
0.50795
0.50801
0.50017
0.50048
0.52109
0.53373
0.5041
0.50876
0.51803
0.51452
0.50638
0.49884
0.52573
0.53923
0.49143
0.5305
0.51868
0.51813
0.52013
0.53043
0.5059
0.52581
0.50547
0.51124
0.52566
0.49987
0.50913
0.51855
0.51778
0.52112
0.51657
0.5097
0.49409
0.52925
0.4839
0.51985
0.50336
0.50748
0.52034
0.53024
0.50208
0.50471
0.50393
0.50419
0.52095
0.52922
0.49946
0.52812
0.50788
0.53061
0.51527
0.51337
0.51741
0.52498
0.51737
0.51072
0.52009
0.52587
0.51184
0.52675
0.50421
0.52378
0.50769
0.50006
0.49957
0.5107
0.52068
0.52717
0.52172
0.48518
0.52223
0.49766
0.48263
0.51155
0.51759
0.52612
0.5256
0.47837
0.52445
0.52424
0.50724
0.50301
0.52896
0.52327
0.52359
0.53732
0.50961
0.52438
0.52486
0.5037
0.5075
0.52419
0.51313
0.52195
0.52472
0.50656
0.52376
0.51631
0.49671
0.52693
0.50737
0.50155
0.52455
0.49638
0.52507
0.52071
0.52345
0.51736
0.5255
0.52558
0.48716
0.52561
0.49542
0.51143
0.50993
0.48356
0.51787
0.52363
0.49968
0.52369
0.52008
0.52038
0.50755
0.52359
0.51716
0.5246
0.5049
0.52549
0.52483
0.5234
0.51153
0.50522
0.51239
0.49712
0.52916
0.51837
0.52748
0.50824
0.52634
0.48622
0.52703
0.5016
0.52189
0.51448
0.49661
0.51395
0.52915
0.49744
0.51155
0.51669
0.4959
0.51545
0.53087
0.5203
0.52978
0.49352
0.53255
0.52353
0.51265
0.4937
0.51536
0.51958
0.51521
0.51865
0.52689
0.49772
0.52817
0.50317
0.52713
0.52232
0.51055
0.52308
0.53278
0.49653
0.53078
0.52047
0.50595
0.53659
0.51942
0.50068
0.52794
0.52709
0.50559
0.50988
0.52975
0.50658
0.5098
0.50927
0.49243
0.52422
0.52301
0.50526
0.52525
0.51155
0.51825
0.52469
0.52331
0.54171
0.52692
0.48651
0.53986
0.50964
0.51796
0.49591
0.49776
0.51096
0.49763
0.51133
0.49187
0.51132
0.4963
0.5028
0.52483
0.5087
0.50055
0.52345
0.52521
0.49823
0.52248
0.504
0.48679
0.53799
0.52573
0.52637
0.52616
0.50062
0.51091
0.52511
0.50292
0.52475
0.50757
0.51381
0.52796
0.52409
0.4928
0.52465
0.52238
0.5054
0.52542
0.52442
0.50743
0.52662
0.50556
0.50124
0.50936
0.52923
0.48681
0.54403
0.52337
0.52476
0.51296
0.51078
0.52186
0.52401
0.49747
0.52288
0.53152
0.52725
0.52015
0.54742
0.50396
0.53231
0.50408
0.53563
0.51682
0.51519
0.49748
0.51998
0.51965
0.50573
0.51876
0.51773
0.49815
0.5332
0.50472
0.52265
0.51988
0.5074
0.52339
0.51534
0.47856
0.50225
0.52043
0.51509
0.50223
0.50929
0.5079
0.51091
0.50645
0.50383
0.51943
0.52644
0.52288
0.51015
0.50963
0.50585
0.50926
0.51116
0.51794
0.5228
0.52275
0.5318
0.50771
0.52223
0.50467
0.50325
0.51401
0.50764
0.50099
0.50675
0.52202
0.52335
0.50722
0.50811
0.52622
0.48492
0.51861
0.52255
0.4994
0.53861
0.52644
0.51528
0.50727
0.52439
0.50668
0.52613
0.50474
0.52703
0.52564
0.5075
0.50704
0.5273
0.52611
0.50799
0.5236
0.49558
0.50351
0.53942
0.52257
0.52954
0.52837
0.52579
0.50406
0.52824
0.49517
0.5351
0.52712
0.51691
0.5276
0.51682
0.48669
0.51193
0.50909
0.51056
0.5259
0.52473
0.51592
0.50678
0.53354
0.49545
0.50228
0.52128
0.49292
0.50575
0.51699
0.52646
0.54218
0.52001
0.50757
0.52105
0.52851
0.51287
0.52513
0.47893
0.52875
0.53527
0.49807
0.48162
0.51527
0.48505
0.51473
0.50415
0.5067
0.51832
0.51209
0.51384
0.5259
0.50876
0.51971
0.49944
0.51714
0.50475
0.53271
0.52415
0.51985
0.523
0.53441
0.50355
0.54408
0.49486
0.48837
0.49204
0.52346
0.49472
0.50756
0.52256
0.5004
0.52427
0.52659
0.5054
0.52624
0.51109
0.52409
0.51468
0.52429
0.52236
0.53153
0.53168
0.52918
0.52596
0.51229
0.50891
0.52227
0.51233
0.52498
0.52059
0.5001
0.52395
0.52331
0.48734
0.52465
0.50971
0.50174
0.52345
0.5121
0.50191
0.53949
0.50745
0.49928
0.51402
0.50106
0.49514
0.50898
0.4982
0.52401
0.52642
0.49759
0.49355
0.49033
0.51524
0.50685
0.52285
0.49946
0.50702
0.5226
0.51554
0.49703
0.52776
0.48274
0.52704
0.52614
0.52207
0.51414
0.51011
0.49119
0.52919
0.51923
0.51235
0.5297
0.51471
0.52504
0.5333
0.51792
0.52311
0.52147
0.51467
0.49358
0.51865
0.49858
0.51232
0.52318
0.53417
0.49218
0.53364
0.49383
0.51849
0.52277
0.5105
0.53626
0.4998
0.50187
0.51836
0.51174
0.50014
0.51864
0.5289
0.49719
0.51972
0.52134
0.49253
0.51966
0.52674
0.48951
0.51882
0.5067
0.50062
0.52361
0.51499
0.50156
0.51266
0.50739
0.51471
0.52528
0.51914
0.52056
0.52732
0.51553
0.52975
0.48101
0.5271
0.53858
0.52718
0.51401
0.49168
0.50952
0.49949
0.53934
0.52624
0.49808
0.52413
0.52644
0.49924
0.50731
0.52601
0.50171
0.51325
0.52296
0.49657
0.52131
0.48779
0.50435
0.50673
0.49931
0.49993
0.52264
0.52463
0.50299
0.52462
0.5156
0.5218
0.52619
0.52212
0.52329
0.49573
0.52462
0.52509
0.52419
0.50604
0.52501
0.50906
0.50378
0.52502
0.49116
0.51298
0.52262
0.48615
0.52937
0.50783
0.52774
0.50919
0.52949
0.5196
0.50536
0.53379
0.54112
0.50283
0.52918
0.51044
0.50333
0.51806
0.52187
0.4996
0.53015
0.49803
0.51421
0.50303
0.51119
0.51946
0.52495
0.50864
0.51452
0.5358
0.5205
0.51269
0.53185
0.49296
0.52783
0.51982
0.52004
0.49454
0.52595
0.49672
0.52581
0.52205
0.48936
0.51873
0.51488
0.5001
0.51239
0.50191
0.50856
0.51609
0.49324
0.49959
0.51028
0.50758
0.52306
0.52627
0.51361
0.52526
0.54185
0.50182
0.49511
0.52582
0.50793
0.52499
0.49159
0.51547
0.52389
0.50233
0.50879
0.50718
0.49392
0.4983
0.52189
0.49195
0.52408
0.51067
0.52537
0.51705
0.53151
0.52644
0.5039
0.5256
0.52573
0.52066
0.52682
0.52632
0.51023
0.52348
0.52273
0.51505
0.5074
0.49116
0.52039
0.52324
0.50759
0.52139
0.51683
0.50404
0.5057
0.49391
0.53358
0.53574
0.50567
0.51057
0.50824
0.52106
0.49823
0.52247
0.50648
0.51212
0.51025
0.49418
0.48938
0.52322
0.52175
0.50439
0.51782
0.48472
0.50603
0.50317
0.49798
0.50603
0.52242
0.51431
0.5212
0.49668
0.47809
0.51532
0.51655
0.51157
0.51601
0.52637
0.50603
0.52967
0.51901
0.50165
0.52041
0.50453
0.48392
0.49534
0.51376
0.541
0.53323
0.52122
0.50134
0.5276
0.49035
0.52864
0.50187
0.50193
0.52002
0.54139
0.51861
0.52558
0.52331
0.49404
0.52147
0.51274
0.52103
0.51077
0.5219
0.48577
0.52676
0.52197
0.48467
0.50706
0.52395
0.49257
0.52166
0.51245
0.50889
0.52231
0.49998
0.52482
0.49488
0.48361
0.5368
0.51279
0.5095
0.52699
0.5257
0.49907
0.54746
0.53991
0.51481
0.52683
0.51726
0.50024
0.5143
0.49342
0.5179
0.51984
0.52658
0.51725
0.51364
0.50033
0.52477
0.52443
0.49454
0.52618
0.48347
0.52621
0.52763
0.48593
0.5097
0.52044
0.54468
0.51321
0.53225
0.51359
0.53306
0.52058
0.52036
0.49666
0.53221
0.50954
0.53189
0.52029
0.51905
0.52007
0.51783
0.49386
0.51322
0.52021
0.52308
0.51941
0.5249
0.51147
0.51587
0.50697
0.50543
0.50578
0.51449
0.51537
0.52946
0.52439
0.50125
0.52294
0.50722
0.50209
0.52835
0.52136
0.492
0.51991
0.5109
0.53498
0.52781
0.48307
0.52267
0.51766
0.50142
0.51729
0.52498
0.52114
0.52081
0.52597
0.52524
0.50823
0.50075
0.49812
0.52795
0.52503
0.50068
0.52389
0.52065
0.49798
0.51472
0.5565
0.48135
0.51288
0.50864
0.5341
0.51469
0.49972
0.52395
0.53281
0.51559
0.51216
0.52772
0.53364
0.50948
0.52606
0.51882
0.51829
0.52911
0.52769
0.50166
0.5252
0.51183
0.50254
0.5256
0.49878
0.52689
0.53418
0.51583
0.52376
0.52717
0.52138
0.52162
0.54076
0.51143
0.51973
0.50474
0.50122
0.52352
0.5419
0.50397
0.53567
0.51846
0.50522
0.51919
0.53214
0.48377
0.52968
0.49784
0.52298
0.51645
0.51588
0.52001
0.53407
0.49017
0.51646
0.51731
0.50846
0.50729
0.51717
0.49685
0.52953
0.52263
0.50675
0.5262
0.53078
0.48445
0.53194
0.5228
0.50076
0.52194
0.52885
0.50445
0.52636
0.51113
0.5087
0.50798
0.52202
0.51409
0.48538
0.51312
0.51931
0.52386
0.50501
0.53588
0.50721
0.50658
0.52196
0.51918
0.49571
0.52032
0.502
0.48058
0.53549
0.50417
0.49543
0.52076
0.4995
0.49965
0.50893
0.48058
0.52087
0.49639
0.5192
0.51775
0.48331
0.53885
0.52425
0.49814
0.51716
0.50849
0.501
0.50799
0.52278
0.49187
0.52109
0.51026
0.49409
0.5197
0.50768
0.50788
0.52344
0.50772
0.52573
0.5122
0.51703
0.52455
0.51794
0.52648
0.52415
0.51757
0.53985
0.48856
0.50452
0.50471
0.52714
0.49123
0.52202
0.50708
0.53599
0.53882
0.52589
0.49566
0.50794
0.50214
0.51387
0.51695
0.5467
0.51686
0.51225
0.51878
0.52091
0.49284
0.54028
0.50889
0.50225
0.51554
0.50573
0.49446
0.52127
0.51585
0.52665
0.48156
0.52782
0.50527
0.52138
0.51325
0.5116
0.52156
0.51196
0.52204
0.50678
0.53796
0.50813
0.47917
0.52377
0.516
0.50659
0.52657
0.64811
0.66211
0.65596
0.69928
0.70678
0.59486
0.63933
0.59071
0.60286
0.55865
0.53877
0.52591
0.51717
0.51321
0.5402
0.60946
0.66188
0.60578
0.63441
0.70466
0.59525
0.48847
0.49784
0.21269
0.00047948
0.024053
0
0
0
0
0
0
0
0
0
0
0
0
0
0
0.0022721
0.0048956
0.0067055
0.17425
0.4415
1.1778
1.8536
2.5887
2.6083
2.1679
1.6348
0.98743
0.83386
0.46605
0.17547
0.03733
0.015168
0
0.004697
0
0.00566
0
0.0077197
0.044288
0.091525
0.27399
0.56677
0.67855
0.96454
0.9029
0.72875
0.13775
0.042559
0.25036
0.83326
0.93729
0.4024
0.62003
0.41348
0.35329
0.3681
0.30078
0.13044
0
0
0
0.0019246
0.028731
0.037189
1.309
1.8687
2.2769
2.5089
3.1325
3.406
3.3491
3.0677
2.3318
1.7132
1.4568
1.2673
0.81556
0.36702
0.14165
0
0
0
0
3.7965e-05
0
0
0.15364
0.31654
1.1826
2.6299
2.9226
3.289
3.5642
3.1587
2.7203
2.2021
1.6977
0.48011
0.14378
0.082222
0
0.0019419
0
0
0
0
0
0.00040901
0.011571
0.033137
0.022389
-0.098397
-0.18998
-0.12372
-0.31596
-0.46821
-0.36473
-0.25069
-0.18544
-0.21905
-0.31996
-0.08128
0.051196
-0.1027
-0.044013
0.024531
0.0089241
0.0014563
0
0.022529
0.10925
0.33552
0.21707
0.49505
1.0108
1.1839
1.5516
3.905
4.3573
4.2855
3.0302
2.0678
1.4847
1.2593
1.3946
0.77725
0.40407
0.18723
0.0015459
0
0.0036817
0.013205
0.0080005
0
0.37948
0.81149
2.975
5.933
6.2097
5.5938
4.9781
4.5475
3.239
2.4311
2.6545
2.838
2.3925
2.8334
2.2213
1.0679
0
0
0
0.012234
0.067758
0.065345
0.085592
0.16533
0.38037
0.52521
0.34861
0.32676
-0.37697
-0.56787
-0.18913
-0.21226
-0.36319
-0.24055
-0.3519
-0.91306
-0.93654
-0.93382
-0.71759
-0.18691
-0.026815
0
0
0
0
0
-0.0080948
0.0081477
0.089224
0.34231
0.70913
1.2284
2.1559
3.5689
2.4458
2.0066
1.6097
1.3991
1.5045
1.4047
0.4531
0.11467
0
0
0
0.0024926
0
0
0
0
0
0
0.1475
0.33442
1.5632
2.7268
3.1471
3.3139
1.8364
1.5949
1.3146
1.4278
1.101
0.41566
0.20206
0.044743
0
0
0
0
0
0
0.00014323
0.0099915
0.0092365
-0.12006
-0.50933
-0.66818
-0.3117
-0.2747
-0.3923
-0.28278
-0.27097
0.12765
-0.31053
-0.12949
0.10586
-0.05948
-0.080013
0.14492
0.007698
0.01311
0.006607
0
0
0.0041689
0.096093
0.2526
0.19131
0.21106
0.6337
1.1072
1.551
1.9725
2.5441
3.1908
3.5757
3.2858
3.3781
3.2795
2.1277
1.691
1.406
1.3635
1.178
0.94875
0.30309
0.14863
0
0
0.001814
0.0036118
0
0
0
0
0
0
0.032346
0.62787
1.3196
3.1307
3.8218
3.6846
3.6859
3.2372
2.4107
2.0259
1.9574
1.9024
1.7637
1.6978
1.2507
0.65106
0.19774
0.054018
0
0
0
0
0
6.7549e-05
-0.020066
0.0069877
-0.00083065
-0.0092383
-0.097943
-0.29347
-0.70107
-1.2427
-1.3058
-1.0383
-0.86392
-0.58101
-0.565
-0.51749
-0.3199
-0.054962
0.052779
-0.14221
-0.2033
-0.040347
-0.18547
-0.23607
-0.096962
-0.031307
0.0014614
0
0
0
0.038722
0.11467
0.083757
0.17689
0.43266
0.79868
1.3713
1.9072
2.0718
3.245
3.5167
3.8947
3.884
3.6156
2.4801
2.0583
1.5029
1.5638
1.7257
1.2849
0.46604
0.18434
0.019152
0
0.0051213
0.0036027
0.0014508
0
0
0
0
0
0.40241
1.0221
3.0041
4.7041
5.0439
4.0884
3.6741
3.0903
2.173
1.78
2.1828
2.2956
2.1298
2.0863
1.53
0.76026
0.15381
0.041671
0
0
0
0
0
0.001904
0.0056197
0.004056
0.0045456
0.010963
-0.084143
-0.32208
-0.51502
-0.92216
-1.1863
-0.75591
-0.73144
-0.56817
-0.42107
-0.43281
-0.18828
0.15852
-0.044589
-0.16003
-0.14923
-0.1396
-0.22697
-0.15152
-0.14983
-0.019501
1.3845e-05
0
0
0
0
0.0046257
0.014282
0.073452
0.27453
0.48666
1.1702
2.069
2.6877
2.8588
3.3184
3.7396
3.4467
3.2397
2.3554
2.071
1.6779
1.6535
1.5625
0.99166
0.4571
0.09702
0
0
0
0.001047
0.0058231
0.0010986
0
0
0
0
0.19112
0.20163
1.0833
2.726
2.5807
3.2412
2.8888
2.2977
1.9712
1.719
1.5139
1.3828
1.3199
1.0955
0.80145
0.35346
0.11745
0.025387
0
0
0
0
0
0
0
0
0.010098
-0.024724
0.00053339
-0.2388
-0.35341
-0.59301
-0.81199
-0.73227
-0.51048
-0.39619
-0.36892
-0.29913
-0.14441
0.27471
-0.17411
-0.35596
-0.13256
0.046952
-0.020915
-0.056853
-0.0232
0.080837
0.015164
0.0078321
0
0.024511
0.080181
0.27255
0.20511
0.26111
0.65379
1.2903
1.395
1.6874
2.3218
2.8381
3.702
3.213
3.0441
3.3328
1.922
1.5938
1.4729
1.3534
1.2173
0.53141
0.16955
0.10153
0
0
0.010802
0.0054879
0
0
0.00058375
0
0.0016387
0
0.25826
0.42848
1.3796
3.5578
4.0572
3.7025
3.5256
3.0899
2.0496
1.6358
1.5815
1.8273
1.8755
2.1353
1.6267
0.87724
0.26112
0.11883
0.030099
0
0
0.00092666
0
0.00025776
0.0078972
0.010528
0.0012546
0.026576
-0.015336
-0.24185
-0.66071
-1.0733
-1.3016
-1.0999
-0.65121
-0.55843
-0.59598
-0.5785
-0.30853
0.056078
-0.26971
-0.26918
-0.014669
0.043638
-0.14479
-0.20706
-0.010204
-0.011235
-0.0024067
0
0
0
0
0.025324
0.11811
0.15465
0.3224
0.73965
1.3466
2.0647
2.4975
3.1726
3.7614
4.2521
4.3021
3.859
2.6556
2.1085
1.7507
1.6441
1.75
1.0681
0.83964
0.16218
0
0
0.0062408
0.010194
0.00013281
0.0042079
0.0013386
0.002746
0.00092065
0
0.18484
0.4861
1.9009
3.5792
3.8484
3.8097
3.5623
2.9174
2.045
1.8489
1.6481
1.9617
1.7329
1.5417
1.1273
0.53359
0.14078
0.047107
0
0
0
0
0
0
0.0038401
0.011914
0.0037772
-0.019423
-0.095067
-0.22898
-0.70925
-1.1472
-0.96939
-0.85918
-0.85298
-0.55073
-0.31418
-0.28927
-0.075611
0.34181
0.13171
-0.32322
-0.12671
-0.10283
-0.36353
-0.14024
0.054335
0.0071908
0.0029756
0
0
0.00025311
0.0075274
0.035428
0.11545
0.16246
0.45034
0.8135
1.3906
1.8695
2.2739
2.7318
3.3791
3.5692
3.4898
3.3582
2.2068
1.9188
1.5248
1.3895
1.4125
0.83647
0.41445
0.17267
0.0022108
0
0.0056396
0.014369
0.011097
0.0060207
0.0065338
0
0.0068541
0.0044522
0.36627
0.24126
1.661
3.5472
3.9476
3.4673
3.5329
2.9382
2.1375
1.9636
2.092
2.014
1.8645
1.6644
1.2156
0.65104
0.19579
0.039849
0
0
0
0
0
0
0.0029626
0.019648
0.0011323
-0.0048222
0.068231
-0.30855
-0.81273
-1.1148
-1.2108
-1.0586
-0.71739
-0.6026
-0.55011
-0.56134
-0.14753
0.31612
-0.1739
-0.26831
0.03047
-0.094889
-0.33926
-0.050199
0.020824
-0.020536
0.0013323
0
0
0
0.0010206
0.092909
0.16716
0.19459
0.44767
1.0498
1.5368
1.7398
2.4913
3.2926
3.7657
3.8011
3.663
3.7216
2.6585
2.1132
1.6901
1.6096
1.4809
1.3275
0.68072
0.1914
0.020004
0
0
0.0020364
0.0023959
0
0.0018629
0
0
0.0042797
0.35779
0.87669
2.2382
4.4547
4.7013
4.0478
3.5917
2.7588
2.2762
2.1518
2.0875
2.2215
1.9212
1.747
1.8556
1.7804
0.97951
0.45786
0.1359
0.068837
0.10105
0.047027
0
0
0
0
0
0
0
0
0
0
0
0
0.00021291
0.00068066
0.0014914
0.0024642
0.0053201
0.010403
0.036438
0.066497
0.13479
0.19035
0.28529
0.46248
0.5289
0.60475
0.76478
0.86021
0.8789
0.9342
0.94124
0.96169
0.88287
0.85649
0.8081
0.69337
0.67349
0.64132
0.4432
0.31097
0.23771
0.21648
0.20881
0.18207
0.15866
0.15086
0.19276
0.24169
0.32954
0.4207
0.48081
0.53306
0.59285
0.57739
0.57337
0.56325
0.52517
0.49396
0.46713
0.41128
0.36136
0.31576
0.28406
0.2362
0.20675
0.1815
0.17548
0.16898
0.17952
0.18946
0.18492
0.19273
0.22749
0.24083
0.27166
0.30113
0.32289
0.33626
0.35281
0.36303
0.388
0.38537
0.36572
0.38417
0.35007
0.35866
0.36158
0.36618
0.33616
0.34456
0.35729
0.34181
0.34215
0.3397
0.34056
0.35783
0.30947
0.30796
0.31668
0.2906
0.29228
0.29726
0.27832
0.29292
0.29406
0.28928
0.30713
0.29173
0.29188
0.31269
0.31881
0.32088
0.33913
0.36964
0.3611
0.37631
0.37753
0.37382
0.36333
0.37311
0.3473
0.36096
0.36593
0.3377
0.34609
0.34842
0.33094
0.34168
0.31444
0.29349
0.30954
0.31541
0.31633
0.31984
0.33589
0.32209
0.35177
0.35208
0.33948
0.34774
0.34366
0.34695
0.34567
0.34631
0.35638
0.34985
0.33474
0.34227
0.33712
0.30192
0.3136
0.3105
0.32174
0.33265
0.32865
0.35103
0.33355
0.35936
0.32639
0.33372
0.33689
0.32982
0.31507
0.32564
0.30842
0.34494
0.33747
0.34808
0.35039
0.35868
0.31605
0.34721
0.35736
0.35825
0.35155
0.39125
0.36632
0.39336
0.38673
0.37188
0.35731
0.38787
0.34805
0.38219
0.36481
0.34994
0.35217
0.36262
0.37303
0.37392
0.36623
0.41195
0.37483
0.41648
0.38935
0.38202
0.36994
0.39149
0.39759
0.43112
0.39898
0.42009
0.45279
0.4626
0.42836
0.42621
0.43769
0.42453
0.42107
0.40742
0.38687
0.38103
0.37384
0.35572
0.37579
0.4118
0.37158
0.39112
0.42928
0.42757
0.44282
0.45971
0.42141
0.42977
0.43153
0.40042
0.42171
0.43835
0.40187
0.41767
0.41456
0.40808
0.42298
0.42666
0.42349
0.44184
0.44837
0.45185
0.45802
0.45863
0.46687
0.45665
0.43989
0.43023
0.41742
0.43303
0.4229
0.43095
0.41779
0.41175
0.44005
0.44396
0.44359
0.44936
0.44221
0.44478
0.45899
0.4555
0.4302
0.45143
0.44573
0.43554
0.43631
0.42451
0.44742
0.44721
0.40717
0.42874
0.43621
0.43157
0.40047
0.43773
0.43717
0.4523
0.4371
0.43591
0.4305
0.4492
0.41672
0.44437
0.44655
0.42664
0.44477
0.42889
0.43914
0.47104
0.4711
0.46849
0.46092
0.44565
0.49917
0.48274
0.45826
0.45665
0.45268
0.46814
0.45207
0.46126
0.46834
0.458
0.49122
0.46699
0.46692
0.49688
0.49315
0.47674
0.4917
0.47579
0.4912
0.49375
0.45303
0.47276
0.48031
0.46593
0.48748
0.484
0.4884
0.49122
0.50384
0.49513
0.515
0.51185
0.51458
0.53213
0.52223
0.48912
0.51677
0.50023
0.4989
0.4971
0.5037
0.48511
0.50496
0.4998
0.51197
0.51725
0.50937
0.48511
0.51789
0.52834
0.49233
0.52468
0.51426
0.49075
0.51159
0.50693
0.49708
0.49783
0.50615
0.52638
0.5238
0.51344
0.50625
0.51157
0.5433
0.51759
0.54309
0.5222
0.5123
0.51888
0.52904
0.51938
0.51546
0.52416
0.54947
0.52865
0.52583
0.53063
0.54093
0.52841
0.54098
0.52331
0.53564
0.55324
0.55847
0.54417
0.55578
0.52481
0.5521
0.48699
0.51662
0.50948
0.54927
0.54182
0.50384
0.5317
0.54363
0.51015
0.55163
0.53953
0.55335
0.53409
0.55493
0.50685
0.53841
0.51676
0.52837
0.51954
0.53859
0.55293
0.56611
0.53863
0.5322
0.53628
0.53933
0.55155
0.55051
0.52681
0.55288
0.55645
0.54082
0.55975
0.56042
0.49808
0.54193
0.5248
0.55677
0.56577
0.55258
0.52968
0.54577
0.54973
0.52647
0.58397
0.56141
0.51835
0.53608
0.52577
0.54428
0.54543
0.52858
0.5631
0.52031
0.54283
0.5334
0.50307
0.51166
0.52183
0.53532
0.53456
0.50855
0.50059
0.52715
0.52415
0.53439
0.53667
0.52606
0.50522
0.55628
0.53061
0.52402
0.55349
0.50883
0.51314
0.51176
0.50837
0.49396
0.47595
0.45016
0.45394
0.3927
0.38841
0.37437
0.36981
0.33989
0.3502
0.29295
0.33676
0.33578
0.33717
0.33225
0.31299
0.31566
0.29682
0.31805
0.31098
0.298
0.30849
0.3487
0.37149
0.40458
0.42346
0.46858
0.63462
0.79054
1.0098
1.1652
1.3397
1.3856
1.6043
1.886
1.6523
1.4753
1.6594
1.6233
1.4474
1.4905
1.1909
1.2713
1.3631
1.2346
0.97889
0.31719
0.016567
0
0.0053375
0
0
0.0017248
0.0029672
0.026597
0.10183
0.15172
0.16924
0.035774
0.37616
0.13931
-0.36728
0.0955
0.43736
0.29249
-0.077683
0.0076155
0.00028567
0.0029635
0
0
0
0
0
0.00076827
0
0
-0.0027149
0.093519
0.58343
1.965
2.9875
3.3073
2.4453
2.1875
2.2052
2.5733
2.2832
2.2155
2.2049
1.9066
1.8567
1.0965
0.62496
0.42427
0.37167
0.3144
0.1447
0.13695
0.019687
0.031797
0.19829
0.46252
0.58307
0.49989
1.0396
2.1583
2.504
2.1557
1.654
1.2478
0.87618
0.44024
0.21188
0.20388
0.70802
1.098
1.0529
0.72833
0.082724
0
0
0.002239
0.00027388
0
0
0
0
0
0
-0.020725
-0.25694
-0.15147
0.096635
0.25333
0.16269
0.21437
0.46795
0.33751
0.037226
0.51658
0.70204
0.46273
0.23636
0.095253
0.05818
0.15301
0.17014
0.14812
0.13706
0.077395
0.092875
0.20522
0.32405
0.42311
0.64617
1.069
2.7707
4.3543
3.8144
4.9036
5.2074
4.9889
5.4755
5.7898
6.2031
5.1231
3.7015
3.3129
3.486
4.0539
4.3791
5.0508
4.4171
1.8582
0.72901
0.82116
0.82578
0.54743
0.64432
0.33278
0.19298
0.15364
0.18065
0.13447
0.2582
0.3931
0.52626
0.97888
1.269
1.9819
3.3066
4.1047
3.6036
2.4957
1.4174
1.2072
0.60635
0.40397
0.65289
0.86061
0.83004
0.3236
0.03699
0.009196
-0.012418
-0.090649
-0.11321
-0.032393
-0.00061987
0
0
0
0
-0.0050997
-0.22542
-0.54816
-0.9984
-1.0035
-1.6404
-0.97537
-0.79405
-1.4422
-1.7539
-1.5644
-1.5355
-0.82837
-0.093804
-0.17283
-0.60821
-0.57223
-0.12053
-0.16878
-0.044411
0.0086574
0.0035902
0.0047027
0.0068656
0.013081
0.071772
0.26726
1.1009
2.4641
2.9737
3.6013
4.9131
4.8254
3.7708
3.5115
3.2249
2.4737
2.1809
2.7239
2.8446
2.8354
3.4325
3.5243
2.4142
1.7008
0.87461
0.2995
0.32529
0.013181
0
0
0
0
0.013129
0
0
0.12723
0.24333
0.71749
1.7774
2.9316
3.0122
3.5109
2.8984
1.9691
1.2432
0.87684
0.71956
0.55341
0.68389
1.2008
1.2272
0.455
0.038694
0.0032959
0.064181
-0.022016
-0.090669
-0.057355
-0.04991
-0.00019357
0
0
-0.017902
-0.071433
-0.38841
-0.85794
-0.86369
-0.92172
-1.2654
-0.93461
-0.67043
-0.74221
-1.0236
-1.0896
-0.89055
-0.16129
0.08342
-0.074092
-0.075759
-0.15724
-0.15653
-0.12302
-0.0047847
0.019481
0.0029206
0.033523
0.0033541
0.0067814
0.023241
0.11049
0.80799
1.3343
2.3557
3.9843
4.4831
3.4812
3.4377
2.7221
2.6994
2.2197
2.2017
2.6758
2.7159
2.6713
2.5383
2.2051
1.5111
0.98712
0.5605
0.28179
0.10986
0.077933
0
0
0
0
0
0
0
0.03173
0.23019
0.56015
1.1439
1.7733
2.695
3.0948
2.7635
1.5802
0.77032
0.49298
0.33801
0.18141
0.2446
0.15417
0.30987
0.33536
0.014981
0
0.01216
-0.018519
-0.020013
-0.035152
-0.013019
0
0
0
-0.017553
-0.29725
-0.49463
-0.70533
-0.24957
-0.22845
-0.21626
-0.31612
-0.11373
-0.32901
-0.80987
-0.87628
-0.55483
0.076834
0.72902
0.4529
0.19397
-0.064368
-0.37832
-0.2073
-0.010727
-0.0060524
0.004012
0.033879
0.058523
0.039984
0.091228
0.20735
0.61109
1.2971
2.2812
3.9073
4.4892
4.1732
4.079
4.1344
3.6966
2.7632
2.1413
1.8742
1.4022
1.2353
0.87212
0.77337
0.46582
0.41036
0.29883
0.33343
0.39333
0.44358
0.44521
0.34822
0.19389
0.037247
0
0.0030703
0
0
0
0.0023483
0
0
0
0
0
0
0.00091424
0.002395
0.03046
0.067838
0.074356
0.090561
0.089148
0.090212
0.036995
-0.02722
-0.041772
-0.11513
-0.28608
-0.34897
-0.43498
-0.59662
-0.70234
-0.39022
-0.081548
-0.17581
-0.20339
-0.10683
-0.16394
-0.1939
-0.022991
0.06445
0.016723
0.047476
0.092684
0.086906
0.087663
0.12888
0.12342
0.099112
0.091214
0.090907
0.10565
0.10886
0.11486
0.14939
0.17595
0.21893
0.27788
0.3494
0.45112
0.51806
0.56873
0.61417
0.69583
0.70295
0.70596
0.68529
0.62738
0.54176
0.50089
0.43798
0.39713
0.34089
0.29755
0.27726
0.25848
0.21266
0.19349
0.17086
0.14883
0.1478
0.15056
0.1134
0.12518
0.11751
0.11619
0.11286
0.12398
0.15132
0.15012
0.16188
0.1836
0.18432
0.22002
0.24319
0.2479
0.26623
0.28663
0.29289
0.29794
0.32863
0.33701
0.33914
0.34695
0.3595
0.35183
0.37765
0.39004
0.39442
0.38371
0.37506
0.36769
0.38329
0.37526
0.3541
0.3531
0.34585
0.34251
0.3385
0.32387
0.32157
0.3251
0.3286
0.32304
0.32929
0.28635
0.29751
0.31544
0.28331
0.29835
0.29332
0.29477
0.30138
0.29622
0.30914
0.31739
0.32337
0.33436
0.33833
0.35522
0.33147
0.35411
0.35914
0.35238
0.3616
0.36195
0.34234
0.34776
0.336
0.32319
0.32069
0.34046
0.32693
0.33156
0.31032
0.29883
0.32425
0.30752
0.31599
0.34278
0.35209
0.3666
0.35444
0.37052
0.3758
0.36228
0.34256
0.35358
0.3412
0.33009
0.33813
0.3482
0.31691
0.3409
0.33436
0.32543
0.32565
0.32234
0.30414
0.32112
0.32649
0.30543
0.31745
0.32562
0.31222
0.32301
0.32204
0.2951
0.31803
0.32837
0.32749
0.30851
0.31929
0.35842
0.31798
0.33867
0.34771
0.34434
0.34033
0.36447
0.36509
0.37144
0.37271
0.37091
0.34145
0.37891
0.34932
0.35757
0.37818
0.37467
0.38007
0.38746
0.38679
0.36876
0.38804
0.36341
0.36846
0.38474
0.35647
0.36485
0.36896
0.3515
0.38025
0.36247
0.35637
0.37487
0.38009
0.35409
0.37456
0.37411
0.37366
0.36632
0.36673
0.35135
0.37411
0.3575
0.37796
0.37957
0.37631
0.37278
0.37959
0.38373
0.3633
0.36857
0.3653
0.36625
0.36706
0.35221
0.37102
0.35931
0.36427
0.37819
0.38029
0.38272
0.39092
0.39499
0.39547
0.40291
0.4001
0.39099
0.4046
0.40354
0.38098
0.39334
0.38931
0.3866
0.3721
0.38262
0.38189
0.37966
0.37493
0.36154
0.37152
0.37015
0.36768
0.36407
0.35703
0.36343
0.35086
0.34918
0.36205
0.36087
0.38488
0.35511
0.35132
0.36571
0.36479
0.36598
0.38738
0.35434
0.35065
0.38539
0.37507
0.38625
0.34834
0.35986
0.3646
0.36427
0.39031
0.37742
0.35976
0.37415
0.38152
0.3681
0.38353
0.36826
0.35621
0.38814
0.3716
0.34894
0.39017
0.38735
0.35661
0.38215
0.36992
0.39548
0.39203
0.39275
0.40294
0.36917
0.39764
0.36923
0.37506
0.37752
0.36837
0.37723
0.37746
0.40375
0.37056
0.37951
0.38499
0.40574
0.37438
0.40097
0.40147
0.36995
0.38153
0.38506
0.40259
0.38055
0.38567
0.39006
0.40192
0.38199
0.37098
0.37013
0.40595
0.36824
0.40248
0.39878
0.38852
0.38966
0.39475
0.38992
0.39757
0.38916
0.37579
0.39965
0.3932
0.40496
0.39301
0.41639
0.35973
0.40084
0.38704
0.39148
0.39381
0.37803
0.39754
0.39378
0.37568
0.39232
0.39051
0.38522
0.3841
0.40275
0.37157
0.39553
0.37648
0.38939
0.37949
0.36834
0.38572
0.38372
0.40201
0.38522
0.37085
0.37512
0.37681
0.37875
0.38174
0.3984
0.37045
0.38349
0.37993
0.39449
0.38569
0.37038
0.38493
0.38748
0.38369
0.38512
0.38803
0.39779
0.38702
0.38537
0.37115
0.37391
0.38517
0.39963
0.38868
0.38758
0.45669
0.45159
0.4586
0.46401
0.47615
0.479
0.4947
0.53337
0.52262
0.52712
0.48567
0.52893
0.49518
0.47031
0.47369
0.44745
0.46441
0.4248
0.38525
0.39109
0.44857
0.3388
0.32006
0.18245
0.067642
0.029512
0
0.0017335
0
0.0028852
0
0
0
0
0
0
0.0025761
1.1733e-05
0
0
0
-0.00039201
0.0055157
0.13566
0.7737
1.0466
1.224
1.2129
1.3738
1.4335
1.0779
0.91332
0.44768
0.50031
0.46282
0.46469
0.38565
0.17147
0.089318
0.045597
0.033327
0.044838
0.001282
0
0
0
0
0.051862
0.17989
0.38454
0.59186
0.4981
0.54041
0.59569
0.48752
0.30312
0.26662
0.34713
0.40859
0.61993
0.54997
0.42079
0.36114
0.3565
0.34966
0.25336
0.12276
0.14016
0.067826
0.0018712
0.00061764
0
0
-0.00021907
0.0027137
0.011547
0.097365
0.23356
0.18293
0.12333
0.15094
0.21098
0.42927
0.61366
0.70545
0.6964
0.63445
0.52247
0.52739
0.63967
0.61314
0.5745
0.71266
0.47166
0.18188
0.10981
0.050599
0.007385
0.0082529
0
0
0
0
0
0
0.33557
0.78278
2.0735
2.3532
3.3049
3.3593
3.3033
2.9502
2.4718
1.6243
1.1011
0.89456
0.63963
0.33089
0.30572
0.1906
0.059841
0.0077045
0
0
0
0
0
0
0
0
0
0
0.054852
0.12263
0.28573
0.28516
0.065255
0.13001
0.075882
0.019823
0.023483
0.15332
0.54098
0.94899
0.63241
0.39147
0.23663
0.091987
0.078807
0.069971
0.060082
0.19697
0.13489
0.036892
0.023504
0.039773
0.085922
0.33361
0.88793
1.6912
1.7081
1.4951
1.6492
1.7016
1.6449
1.8109
2.0707
2.072
1.7181
1.5206
1.6361
1.5326
1.2533
1.2312
1.0428
0.81282
0.29945
0.068719
0
0
0.00070628
0
0
0
0
0
0.015748
0.0075576
0.0026614
0.41941
0.77139
1.456
1.9171
2.2981
2.512
2.5395
1.6554
1.2342
1.1848
0.92471
0.52042
0.37656
0.40887
0.20901
0.013665
-0.03434
-0.040562
-0.033113
-0.015235
-0.044556
-0.023543
0.0075446
0.028881
0.029491
0.072058
0.30937
0.55268
0.54433
0.83154
1.1534
0.90782
0.61156
0.3941
0.52949
0.64225
0.49351
0.79596
0.86221
0.44413
0.166
0.2961
0.40765
0.1022
0.35896
0.36108
0.1087
0.10301
0.12141
0.039407
0.029834
0.09685
0.23013
0.48004
0.89258
0.7599
0.96061
1.0108
1.1016
1.5575
2.0372
1.7699
1.6418
1.5863
1.3778
0.99813
0.98597
1.0002
0.77865
0.76245
0.5591
0.10323
0.0037046
0
0
0.00061991
0
0
0.0035616
0.0035314
0
0.00091817
0
0.26603
0.24111
1.0857
1.9528
2.3207
2.6388
2.4879
1.6008
1.4182
1.16
0.8019
0.57219
0.63496
0.53195
0.3085
0.10317
0.0096729
-0.019593
-0.071321
-0.063395
-0.050517
-0.042099
0.010081
0.025362
0.024356
0.040558
0.13232
0.29994
0.60013
0.71368
1.2695
1.4937
1.0113
0.78773
0.53046
0.32199
0.32218
0.6062
0.80558
0.38914
0.33686
0.52296
0.40291
0.38123
0.4567
0.27695
0.22882
0.13384
0.030137
0
0
0
0
0
0.11827
0.39955
0.4767
0.49402
0.60823
0.78414
0.95402
1.2729
1.8166
2.1494
2.273
2.2405
2.1863
2.3357
2.0957
1.9851
1.9639
2.1106
1.9247
1.7067
1.6469
1.5308
1.3837
1.297
1.0963
1.0723
0.84314
0.6458
0.53591
0.42352
0.42202
0.45093
0.47011
0.35018
0.36207
0.31849
0.3134
0.32073
0.30716
0.33033
0.3335
0.35754
0.35347
0.4117
0.4583
0.48088
0.53263
0.60656
0.65762
0.67467
0.67163
0.67611
0.66824
0.67825
0.63525
0.61906
0.58762
0.56458
0.52015
0.43996
0.42461
0.35946
0.28213
0.23928
0.21471
0.1636
0.13919
0.10569
0.061102
0.065564
0.090025
0.10656
0.14194
0.16659
0.18662
0.24167
0.28834
0.36743
0.41594
0.41576
0.493
0.51931
0.60214
0.6188
0.707
0.74345
0.77641
0.70712
0.6995
0.69492
0.67619
0.64408
0.62975
0.58588
0.5087
0.46143
0.41111
0.35102
0.34936
0.32768
0.32295
0.32121
0.32543
0.32672
0.34441
0.36653
0.39461
0.40567
0.41388
0.43836
0.48532
0.51416
0.54085
0.54234
0.56051
0.58072
0.57118
0.54499
0.56395
0.54927
0.54482
0.52319
0.50216
0.47963
0.47565
0.45623
0.44709
0.40543
0.41116
0.41332
0.39578
0.38063
0.40493
0.38501
0.38557
0.39949
0.40498
0.40741
0.38268
0.40394
0.43074
0.3995
0.4304
0.44658
0.45009
0.46387
0.48207
0.48728
0.49328
0.48522
0.47268
0.49257
0.48576
0.48669
0.47647
0.42877
0.4593
0.42985
0.42144
0.41658
0.41168
0.41725
0.42061
0.41365
0.4204
0.42647
0.45724
0.49321
0.49428
0.51628
0.52536
0.53261
0.52736
0.5293
0.5178
0.49329
0.48943
0.46087
0.45127
0.44996
0.45309
0.44495
0.43621
0.41854
0.42778
0.42601
0.4527
0.44464
0.46025
0.44862
0.47537
0.46622
0.45576
0.48627
0.47424
0.48418
0.45655
0.46453
0.45039
0.43992
0.44799
0.42714
0.40746
0.41036
0.41052
0.42279
0.42279
0.43732
0.44995
0.44329
0.46185
0.46699
0.46392
0.48973
0.48104
0.47629
0.48797
0.46447
0.47845
0.45026
0.44541
0.45254
0.44764
0.42552
0.43092
0.42171
0.45177
0.42617
0.40596
0.42014
0.42801
0.42623
0.42669
0.43832
0.44889
0.44007
0.47358
0.45818
0.45203
0.46065
0.47162
0.46622
0.46655
0.47016
0.46303
0.4585
0.46602
0.46969
0.47458
0.46911
0.48261
0.43445
0.47467
0.48138
0.46216
0.44671
0.44658
0.41814
0.42833
0.39756
0.38504
0.41167
0.41444
0.41308
0.41777
0.41786
0.39328
0.37848
0.37174
0.37413
0.37667
0.39205
0.38419
0.33766
0.35622
0.35246
0.25887
0.19861
0.22846
0.28488
0.40219
0.3914
0.39681
0.47332
0.69519
0.98024
1.0739
1.1163
1.2332
1.0308
0.85976
0.81069
0.82571
0.77396
0.85648
0.16739
0.085969
0.67027
0.44275
-0.11962
0.21033
0.55667
-0.018223
-0.21515
0.031021
0.1893
-0.015744
-0.15304
0.0083269
0.021861
-0.010563
0.026198
0.21209
0.36399
0.19167
0.3285
0.50635
0.85438
1.0824
1.1059
1.1906
1.1842
1.3836
1.434
1.1595
0.63177
0.57741
0.45616
0.32148
0.21257
0.058283
0.034826
0.0028449
0
0.0036967
0.0017597
0
0
0
0.00092218
0
0.0019774
0.35592
0.62062
1.3469
2.4152
3.1832
3.3653
2.9986
2.2451
1.4021
1.0007
0.92712
0.49827
0.78933
1.1416
0.81112
0.35579
0.04355
-0.10657
-0.25936
-0.46977
-0.35652
-0.36678
-0.4211
-0.26203
-0.057849
-0.077548
-0.051625
0.028525
0.074161
0.13759
0.7564
1.6187
1.9716
1.616
1.5353
1.1349
0.52113
0.31438
0.53456
0.54009
1.0096
0.24201
0.14544
0.63719
0.55948
0.19545
0.14454
0.084513
0.029118
0
0
0
0
0
0.089475
0.34706
0.81875
0.72148
0.76425
1.2077
1.9132
2.7175
2.9647
2.9177
2.5049
2.1381
2.3108
1.2635
1.0084
1.1434
1.2883
0.93482
0.89326
0.69422
0.37685
0.22415
0.09285
0.016052
0.00024233
0.0053189
0
0.044813
0.15008
0.49957
1.06
2.2445
3.4331
3.5915
2.5853
1.8979
1.907
1.3154
0.90723
0.93986
0.78988
1.417
1.1762
0.2239
-0.15592
-0.045296
-0.062097
-0.263
-0.32658
-0.27268
-0.14304
-0.020067
-0.017589
-0.010096
0
0
-0.00026498
0.0012089
0
0.03241
0.20047
0.92557
2.2705
2.5433
2.6932
1.8513
1.3334
0.97535
0.65528
0.84359
1.6232
2.1427
1.8482
1.1676
0.84975
0.33268
0.020984
0
0
0
0
0.0048141
0
0
0
0.17412
0.65735
1.5742
1.3676
1.8244
2.5354
2.7637
3.596
4.302
4.0301
3.1712
3.2617
2.6194
1.5006
1.8331
2.3453
2.7491
2.7478
1.8269
1.375
0.79991
0.46522
0.20771
0.056494
-0.001577
-0.019611
-0.080429
-0.26146
-0.23608
0.053427
0.2584
0.19399
-0.12088
-0.65446
-1.0742
-1.7282
-2.4987
-2.241
-1.3084
-0.86678
-1.1695
-1.0101
-0.68538
-0.71604
-0.88215
-0.95764
-0.78009
-0.26395
-0.0095064
-0.011651
-0.003128
0
-0.00056194
0
0.00055838
0.0043975
0.0024911
0.0023858
0
0.25868
0.99134
2.4209
3.8539
4.1148
4.6758
4.5684
2.9337
1.816
1.4231
1.8002
2.7918
3.1695
2.2147
1.0502
0.3347
0.014961
0
0.03105
0
0
0
0.0084319
0.016154
0.0058515
0.10984
0.8441
2.1742
2.4227
2.0941
2.4333
3.0457
3.7017
4.3373
4.9588
5.4522
5.1931
5.4649
5.8758
5.9613
6.085
5.6486
4.5954
3.2563
2.6241
1.8125
1.1826
0.82744
0.15791
0.1258
-0.47173
-0.91619
-1.2658
-1.6068
-1.8224
-2.0062
-2.0924
-2.0235
-1.8693
-1.529
-1.2739
-0.5549
-0.23083
-0.04268
0
0
0
0
0
0
0
0
0
0
0
0.010803
0.066063
0.1239
0.38004
0.61543
1.005
1.2349
1.5291
1.6529
1.7739
1.6269
1.6028
1.5967
1.4272
1.2713
1.1291
0.91742
0.74372
0.55947
0.39818
0.29577
0.18692
0.16442
0.15184
0.12329
0.11114
0.098757
0.11512
0.11063
0.14785
0.15555
0.22332
0.28395
0.3563
0.44905
0.50481
0.5376
0.576
0.53466
0.50671
0.43666
0.38917
0.3102
0.25625
0.23292
0.18026
0.1215
0.11308
0.10836
0.082092
0.080202
0.091006
0.10697
0.13831
0.16436
0.22058
0.24795
0.26206
0.3179
0.34765
0.38627
0.42684
0.43484
0.49421
0.51031
0.48938
0.48364
0.46085
0.42227
0.42029
0.37877
0.35749
0.33723
0.32975
0.29323
0.28924
0.2697
0.24528
0.24338
0.24078
0.23023
0.26868
0.26929
0.29459
0.32256
0.33098
0.35439
0.37756
0.42698
0.43662
0.4476
0.44746
0.40766
0.38954
0.38406
0.36842
0.3462
0.31973
0.34042
0.30642
0.33009
0.32737
0.32843
0.33632
0.35382
0.34572
0.36191
0.35739
0.37112
0.36067
0.34098
0.36317
0.34399
0.33903
0.33669
0.31584
0.33382
0.33854
0.34511
0.34299
0.35596
0.37024
0.36989
0.38537
0.35898
0.36857
0.34975
0.34049
0.3463
0.34174
0.31918
0.30961
0.32893
0.3004
0.30803
0.30851
0.33257
0.3397
0.35052
0.35074
0.3647
0.3969
0.39792
0.39078
0.35241
0.39093
0.39603
0.37043
0.38106
0.36665
0.37702
0.37877
0.37992
0.37006
0.37145
0.38065
0.37491
0.38662
0.38078
0.37167
0.35916
0.35772
0.35941
0.37798
0.38675
0.38569
0.35644
0.37356
0.36912
0.38999
0.39782
0.38988
0.37229
0.38666
0.36066
0.3515
0.35937
0.35019
0.32979
0.36164
0.32684
0.32511
0.34796
0.35718
0.34074
0.38414
0.37345
0.39958
0.37184
0.41556
0.38762
0.39349
0.39532
0.37785
0.38507
0.36278
0.39166
0.34834
0.35402
0.35312
0.33743
0.36324
0.34954
0.34271
0.3612
0.35334
0.37523
0.37714
0.37264
0.37884
0.3555
0.38544
0.35936
0.3719
0.36011
0.36375
0.35314
0.3484
0.37078
0.36595
0.33885
0.3547
0.35637
0.39347
0.37664
0.36049
0.38679
0.35979
0.35258
0.36292
0.35911
0.35745
0.35904
0.35853
0.38252
0.3965
0.36767
0.39297
0.39297
0.3849
0.39225
0.37843
0.37298
0.35882
0.37721
0.35959
0.36357
0.38109
0.37511
0.47233
0.45316
0.44164
0.41166
0.45407
0.41599
0.36817
0.35434
0.31142
0.30294
0.26415
0.26167
0.29864
0.26798
0.24636
0.21009
0.18043
0.16364
0.18304
0.17506
0.11967
0.087596
0.030768
0.00015133
0.00070947
0.00065512
0
0.00055875
0.00017133
0
0
0
0
0
0.0025717
0
0.0028754
0
0.00032593
0.0047652
0
0.018175
0.28974
0.65205
1.9048
2.5518
1.615
0.96315
0.82107
0.75369
0.43063
0.14414
0.018456
-0.073541
-0.1051
-0.069398
-0.022334
0
0
0
0
0
0
0.033279
0.17964
0.81796
0.79282
0.53047
0.34379
0.2835
0.2963
0.15885
0.60651
0.083722
0.31145
0.58347
0.25535
0.039094
0.21746
-0.021739
-0.013181
-0.0028126
0
0.097475
0.19783
0.5208
1.3138
1.8844
2.3784
2.5297
3.072
3.2723
2.7351
2.2503
2.3563
1.4192
0.56278
0.14137
0.057295
-0.020862
-0.038861
0
-0.0036418
-0.0015605
0
0
0
0
0
0
0.022167
0.12552
0.50316
1.7458
2.0365
2.5237
1.986
1.9284
0.86126
0.5867
0.52137
0.2767
0.076665
0.014082
0.00062628
0
0
0
0
0
0
0
0.013483
0.14869
1.9805
1.5828
1.2028
1.0506
1.1135
1.1372
1.2163
1.8966
1.2991
1.6098
1.6887
1.5626
1.1874
0.8927
0.82454
0.25286
0.04941
0.0095104
0.047506
0.14251
0.22087
0.31622
0.49214
1.061
1.6047
3.4739
4.1968
3.7003
3.283
3.0661
2.2042
1.1772
0.6929
0.2379
0.24566
0.27045
0.014244
-0.0019544
0
0.00075212
0.002546
0.0019442
0
0
0
0.002054
0.11393
0.54504
1.3122
1.6081
2.2188
2.0309
2.1367
1.6792
1.7392
1.3237
0.65992
0.54366
0.37774
0.19754
0.071415
0.0028702
0.0046459
0.0037277
0
0
0
0
0
0.047329
0.20824
0.66169
1.2379
1.138
0.82878
0.75987
0.71182
0.6868
0.49772
0.12178
0.15429
0.41508
0.22647
-0.077303
-0.097834
0.068748
-0.20324
-0.083639
-0.0067854
0
0
0.0040677
0.024816
0.081088
0.10613
0.22388
0.73827
1.2828
1.9489
2.59
2.5131
2.8359
2.9378
2.5154
2.3391
1.9149
1.1495
0.70199
0.41355
0.0046098
-0.026936
0.013256
-0.0057459
-0.002016
-0.00034193
-0.0036607
-0.0025365
0
0
0
0
0
-0.00024681
5.5855e-05
0
0.0055372
0.17
0.54392
0.9831
1.9091
1.8678
1.7483
1.61
1.2981
0.87296
0.26742
0.1931
0.27609
0.18761
0.07143
-0.0094001
-0.024342
-0.0034437
0
0
0
0
0
0
0.00011058
0.10608
0.42314
0.99776
1.5553
2.1763
2.3845
2.384
1.8398
1.4466
1.4186
1.5709
1.683
1.3782
1.1072
1.2335
1.0104
0.90571
0.6469
0.46093
0.38734
0.23068
0.19486
0.065028
0.00056437
0.00066388
0.0074501
0.041083
0.097616
0.18091
0.46046
1.0187
1.5534
2.3605
2.6108
3.1363
3.1085
2.9024
2.6054
2.3915
1.8739
1.2084
0.56763
0.17585
0.1091
0.027516
-0.0030844
-0.0078028
0
0
-0.0030401
-0.0013969
0
0
0
0
-5.0862e-05
-0.00011736
0
0
0.055593
0.19032
0.63372
1.4357
1.7612
1.9119
2.2822
1.8217
1.3925
1.2246
0.70285
0.46995
0.39699
0.40067
0.18494
0.019673
-0.0073438
-0.0064297
0
0
0
0
0
0
0
0.13757
0.67825
1.1679
1.7734
1.931
2.2107
2.2343
1.732
1.3681
1.3642
1.3049
1.5038
1.6555
1.1257
0.93289
0.78809
0.69736
0.66711
0.62545
0.37915
0.26868
0.12229
0.039487
0.00039029
0.0011539
0.0023816
0.044692
0.089523
0.16874
0.26009
0.86583
1.4447
1.6972
2.3553
2.2379
2.5069
2.6585
2.2865
1.9116
1.3778
0.76786
0.42384
0.13643
0.0049712
0.14458
0.0066572
-0.014472
0
0
-0.0024021
0
0
0
0
0
0
0
0.0040837
0
0.03942
0.1868
0.68884
1.3238
1.8249
2.0106
2.1607
1.7007
1.3636
0.71165
0.64902
0.37373
0.38827
0.19548
0.057847
0.013895
-0.00040438
-0.0040691
0
0
0
0
0
0
0.011167
0.1132
0.57694
1.0969
1.8564
2.381
2.273
2.1122
1.565
1.4834
1.1515
1.409
1.6874
1.1342
0.84602
0.93003
0.61195
0.47897
0.44349
0.38006
0.20482
0.078221
0.080608
0.041218
-0.0018831
-0.0001463
0.018241
0.055971
0.067757
0.14124
0.4505
0.97549
1.3341
1.8516
2.1858
2.5021
2.6211
2.3112
1.8538
1.775
1.1776
0.6213
0.099077
-0.14011
-0.18152
-0.09257
-0.012933
-0.029513
0
-0.0034664
-0.0050383
-0.00086037
0
0
0
-0.00016504
-0.0011702
-0.00059377
-7.9345e-06
0
0.015178
0.14637
0.73566
1.4111
1.5539
1.841
2.1492
1.6818
1.1372
0.58164
0.26435
0.20997
0.38607
0.14261
-0.0093552
-0.026853
-0.035095
0
0
0
0
0
0
0
0
0.037388
0.37925
0.80593
1.2647
1.9036
2.222
2.1342
1.7638
1.2795
1.2255
1.2394
1.6901
1.7434
1.0594
0.86474
1.2221
1.2243
0.77465
0.4917
0.82573
0.49329
0.098912
0.073459
0.0044448
0.00094675
0.026092
0.056557
0.14501
0.10033
0.52443
1.3243
1.8511
2.0221
2.7132
2.7168
2.7615
2.8821
2.4149
2.0442
1.5963
0.85198
0.4986
-0.042389
-0.067586
-0.067266
-0.0039398
-0.01193
0
-0.0065884
-0.0048156
-0.0010465
0
0
0
-0.0005735
-0.0020488
-0.0012881
0
0
0.065459
0.097401
0.44862
1.1756
1.6945
1.8301
1.5943
1.693
1.3608
1.0299
0.35893
0.21232
0.26196
0.19312
0.038267
-0.022424
-0.030629
-0.017379
0
0
0
0
0
0
0.0020398
0.10881
0.56307
0.97991
1.3616
1.74
2.115
1.8993
1.682
1.2145
1.199
1.123
1.4473
1.5997
1.1969
0.84272
0.80049
0.82298
0.43176
0.32266
0.48691
0.38666
0.1104
0.040287
0.0065617
0.00016162
0.0087626
0.090156
0.08942
0.08699
0.42254
1.0498
1.6772
1.7949
2.4241
2.626
2.6831
2.7024
2.4678
1.9663
1.7156
1.0564
0.53867
0.15201
-0.0075294
-0.055645
-0.0074977
-0.014518
-0.00045839
-0.0013872
-0.0043747
-0.0011283
0
0
-0.0013624
-0.002051
-0.00062093
-0.00014941
0
-0.00013443
0.057925
0.4897
1.3141
1.8087
2.2811
2.281
1.9695
1.2266
0.52168
0.19892
0.096943
0.79461
0.57833
0.017608
-0.12761
-0.11164
-0.098466
-0.010635
-0.00033597
0
0
0
0
0
0
0
0
0
0
0
0
0.0018544
0
0.010834
0.03253
0.17675
0.49651
0.77009
1.1676
1.7312
2.1766
2.3229
2.2224
2.0012
2.03
1.8375
1.5608
1.1711
0.98281
0.65259
0.41198
0.26891
0.11815
0.053213
0.039809
0.0068606
-0.0025856
0.0052273
0.014044
0.033241
0.039185
0.039197
0.072613
0.1242
0.15345
0.20226
0.24998
0.30845
0.33823
0.37462
0.43459
0.43323
0.37543
0.36881
0.33567
0.30501
0.24586
0.16378
0.14634
0.098621
0.070062
0.068085
0.056327
0.068821
0.081486
0.095088
0.11793
0.13551
0.1727
0.19731
0.23
0.25641
0.25929
0.28123
0.26396
0.25357
0.22934
0.18688
0.16276
0.15959
0.13382
0.15385
0.16466
0.16437
0.18301
0.20912
0.23841
0.26603
0.29836
0.28878
0.30549
0.29449
0.26447
0.246
0.22985
0.22313
0.1868
0.17205
0.17616
0.19042
0.17416
0.183
0.20258
0.20566
0.22725
0.23185
0.23892
0.2926
0.29383
0.27968
0.26701
0.28047
0.28183
0.28239
0.2547
0.23938
0.2479
0.23156
0.23435
0.23365
0.20854
0.21034
0.22663
0.20696
0.19781
0.20026
0.20717
0.19714
0.20716
0.19523
0.19817
0.22473
0.21842
0.23877
0.22668
0.22681
0.25736
0.25773
0.25634
0.25243
0.24202
0.21473
0.2171
0.19766
0.20062
0.21897
0.20607
0.1966
0.20979
0.21763
0.2048
0.22424
0.23517
0.24088
0.23893
0.24967
0.23726
0.24395
0.23788
0.26037
0.225
0.22846
0.23442
0.20985
0.19937
0.20233
0.22306
0.22564
0.25802
0.21956
0.24086
0.24721
0.26794
0.28683
0.28587
0.29419
0.31028
0.29935
0.29264
0.25498
0.25875
0.22852
0.22938
0.21501
0.22473
0.23307
0.2286
0.24587
0.27826
0.25392
0.24854
0.22699
0.22405
0.22383
0.25951
0.23742
0.24443
0.28222
0.25435
0.25206
0.25231
0.23352
0.21631
0.21659
0.22453
0.24117
0.23687
0.24776
0.22077
0.26147
0.27209
0.25761
0.23036
0.24427
0.23425
0.25389
0.21547
0.23981
0.23672
0.25345
0.25274
0.26021
0.28576
0.25882
0.22792
0.26751
0.2257
0.25401
0.24384
0.24781
0.2373
0.25243
0.26177
0.24595
0.25935
0.26685
0.25271
0.27096
0.27416
0.27191
0.28338
0.26467
0.26047
0.26273
0.26993
0.2424
0.2342
0.25546
0.22398
0.23255
0.25215
0.26388
0.24538
0.27319
0.2389
0.25583
0.28025
0.2834
0.29719
0.25677
0.2606
0.25264
0.26793
0.24529
0.26849
0.24969
0.26676
0.23596
0.26008
0.27494
0.2662
0.28495
0.27243
0.26313
0.25573
0.25922
0.25529
0.24399
0.25184
0.25085
0.25006
0.25889
0.28205
0.24695
0.28269
0.25594
0.27774
0.277
0.2638
0.25489
0.26518
0.25852
0.27165
0.27788
0.26965
0.26832
0.26691
0.27083
0.28441
0.27579
0.27733
0.27381
0.27658
0.28202
0.28283
0.26484
0.27933
0.27925
0.27296
0.2785
0.26465
0.27843
0.27044
0.27026
0.28158
0.28386
0.28633
0.2772
0.2856
0.26901
0.27488
0.27123
0.27244
0.28612
0.27346
0.27693
0.28058
0.28974
0.28037
0.29032
0.28738
0.27419
0.28531
0.25855
0.2738
0.29181
0.25983
0.28068
0.28333
0.26304
0.26955
0.25894
0.25975
0.27418
0.27283
0.25379
0.24883
0.27518
0.25575
0.27301
0.26421
0.27182
0.27929
0.27233
0.28269
0.27514
0.24287
0.27123
0.27839
0.28063
0.29119
0.26962
0.28083
0.29275
0.28075
0.29243
0.28327
0.26103
0.28369
0.29011
0.28276
0.2889
0.27664
0.26365
0.27451
0.25797
0.24021
0.24327
0.21841
0.20435
0.21919
0.17733
0.1915
0.19844
0.2278
0.22502
0.19767
0.22616
0.25417
0.24929
0.2647
0.28671
0.32079
0.32075
0.31203
0.39819
0.45921
0.41081
0.44433
0.44629
0.44458
0.77418
1.0838
1.2167
1.2966
1.1124
1.2332
1.1137
0.79126
0.53429
0.80192
0.47662
0.066026
0.19983
0.41465
0.15343
-0.39903
-0.0087053
0.29304
-0.032703
-0.22851
-0.047989
0.034664
-0.014924
0.021713
0.0018174
0
0
0
1.0674e-05
-0.0086687
-0.023672
0.001206
-0.02985
0.14972
0.43876
0.65688
0.48892
0.56686
1.0228
0.50421
-0.07193
-0.11495
0.038418
-0.066619
-0.10301
-0.065462
0
0
0
-0.00060948
0
0
0
-0.0002785
0
-0.025351
-0.0051433
-0.0041661
-0.032698
0.25948
1.1522
1.7926
1.6421
1.6846
1.5753
1.3171
0.7814
-0.0021271
0.39785
0.78142
0.61089
0.29229
0.19278
-0.089955
-0.76992
-0.64909
-0.3291
-0.30006
-0.15822
-0.14388
-0.085985
-0.013047
0.008695
0.012234
0.032913
0.14089
0.27537
0.28277
0.68636
1.6224
2.3338
2.658
3.4143
4.0253
3.0475
2.2334
1.3118
0.99408
1.0791
1.5824
2.2494
2.0518
1.1926
0.16507
0
0.01343
0
0
0
0
0
0
0
0
0.10516
0.36889
0.88008
1.561
2.1246
2.0953
2.4211
2.917
1.9481
1.5867
1.8147
1.0647
0.40394
0.3369
0.074095
-0.31595
-0.35785
-0.23208
-0.1617
-0.15411
-0.014491
-0.019113
-0.026107
-0.021828
-0.034398
-0.015116
0.054134
0.34172
0.089017
-0.49037
0.24065
0.74208
0.45956
0.52818
1.0568
0.69566
0.67084
0.61406
0.39471
0.17101
0.63747
1.5108
1.5885
0.75887
0.58712
0.37642
0.3473
0.24376
0.18236
0.11637
0.029541
0.053344
0.025531
0.1959
0.23539
0.50335
0.76546
1.0473
1.3127
2.4911
3.2022
3.5068
3.4184
3.0135
2.19
1.2753
0.88713
1.1688
1.5544
1.9195
1.4196
0.98916
0.54495
0.099806
0.026989
0.00063389
0.071468
-0.066636
-0.07763
-0.16597
-0.18346
-0.03619
-0.057731
-0.16865
-0.24058
-0.38523
-0.70646
-0.95847
-0.72622
-0.86301
-1.134
-1.2815
-1.646
-2.1901
-2.1573
-2.0316
-1.751
-1.7987
-1.5281
-1.2559
-0.50853
-0.012281
0
0
0
0
0
0
0
0
0
0
0
0.031127
0.53251
1.7722
2.4063
2.7237
3.1942
2.7406
1.8294
1.164
1.207
1.21
1.7054
1.0815
0.58121
0.83528
0.90559
0.42071
0.13478
0.066501
0.1023
0.15221
0.11449
0.13289
0.14149
0.25217
0.3902
0.67324
0.93964
1.027
1.3636
2.0786
2.1331
1.788
1.7247
1.5348
0.8926
0.48395
0.50562
0.86903
0.90808
1.1368
0.84052
0.6522
0.52169
0.20459
0.0028109
0
0
0
0
0
0
0
0
0
0
0.062716
0.13445
0.28053
0.53712
1.0622
1.476
1.8244
2.3988
2.4671
2.7607
2.3885
1.9822
1.3968
1.3899
1.4016
0.97419
0.65747
0.36424
-0.42337
-0.94553
-0.79412
-1.1485
-1.5612
-1.6142
-1.3631
-1.1763
-1.2502
-1.094
-0.72669
-0.46968
-0.23231
-0.092218
0.019947
0.088095
0.15134
0.25688
0.28242
0.23584
0.21758
0.15649
0.16237
0.1423
0.15737
0.15526
0.27403
0.40863
0.56016
0.70931
0.98493
1.146
1.2444
1.2876
1.2311
1.2496
1.1151
0.95395
0.75904
0.67078
0.5789
0.42733
0.29015
0.17844
0.091196
0.044992
-0.024334
-0.063931
-0.087493
-0.099102
-0.10777
-0.098034
-0.11385
-0.10941
-0.095719
-0.088375
-0.053297
-0.052287
-0.039702
-0.044558
0.01908
0.0628
0.063582
0.091743
0.15186
0.2171
0.24036
0.27586
0.34253
0.36356
0.3873
0.42458
0.42658
0.40593
0.38741
0.37468
0.36325
0.32672
0.3084
0.28212
0.26255
0.23986
0.22975
0.21404
0.21011
0.22834
0.24468
0.19473
0.22726
0.20767
0.20249
0.18766
0.18778
0.18287
0.17531
0.16409
0.16371
0.14762
0.15854
0.13228
0.15495
0.15339
0.15607
0.16445
0.17105
0.1746
0.18472
0.20554
0.20969
0.22395
0.22444
0.23511
0.23802
0.22075
0.23145
0.23078
0.23069
0.21898
0.20563
0.1987
0.20697
0.20871
0.21961
0.1981
0.21243
0.19726
0.18805
0.20333
0.20324
0.19599
0.19711
0.19361
0.20388
0.20555
0.20061
0.21311
0.19344
0.19181
0.20847
0.19587
0.20533
0.20675
0.2286
0.21806
0.20909
0.21571
0.21455
0.21813
0.21656
0.20606
0.22269
0.18783
0.19608
0.19437
0.1838
0.19809
0.20038
0.18411
0.20513
0.18976
0.20718
0.21036
0.20786
0.21187
0.19913
0.20179
0.21505
0.21122
0.2107
0.20943
0.20949
0.20526
0.22193
0.20899
0.20304
0.21729
0.21308
0.1886
0.22409
0.20597
0.20633
0.21875
0.20405
0.19961
0.22043
0.18522
0.20044
0.2026
0.22296
0.19844
0.22376
0.19695
0.20653
0.21789
0.2268
0.22084
0.21373
0.20298
0.20341
0.22891
0.22045
0.20703
0.21716
0.20934
0.21291
0.21491
0.2027
0.21214
0.21838
0.19923
0.20624
0.19461
0.20564
0.2017
0.21095
0.20363
0.21651
0.20637
0.20138
0.2099
0.20546
0.20479
0.20658
0.1942
0.18859
0.20108
0.19925
0.19303
0.20027
0.20464
0.19479
0.1896
0.19723
0.19415
0.20337
0.19538
0.20586
0.20572
0.19636
0.20404
0.19518
0.20443
0.20626
0.21003
0.20027
0.20406
0.2065
0.18047
0.20432
0.19248
0.17958
0.20369
0.20092
0.18023
0.20544
0.19757
0.20255
0.2304
0.20713
0.21014
0.20465
0.2149
0.21341
0.23017
0.21328
0.20768
0.20067
0.1998
0.20265
0.20357
0.182
0.19834
0.2131
0.19556
0.21462
0.2063
0.20921
0.20756
0.19831
0.2086
0.21462
0.20711
0.19607
0.21004
0.20668
0.20472
0.20397
0.20102
0.21008
0.21209
0.2088
0.20425
0.20972
0.20352
0.22362
0.21761
0.19263
0.21112
0.21087
0.19521
0.19692
0.20619
0.19915
0.20134
0.20841
0.18759
0.21658
0.18464
0.19355
0.21357
0.21188
0.20026
0.20899
0.20983
0.2116
0.20557
0.19778
0.19916
0.18614
0.19629
0.19948
0.2054
0.19329
0.21992
0.20033
0.20034
0.20894
0.20914
0.18249
0.19907
0.20694
0.20134
0.20429
0.20668
0.20694
0.19381
0.20385
0.013859
