-0.021945
-0.041967
-0.0094456
0.057689
0.0097812
-0.018663
-0.042622
-0.050387
0.059796
0.00028651
-0.030642
-0.050253
-0.043276
0.056108
0.019512
-0.020637
-0.0081375
0.028595
0.089145
0.020956
-0.031825
-0.033139
-0.0313
-0.01234
-0.032614
-0.053147
-0.050389
0.054145
0.031356
-0.010111
-0.051578
0.011077
0.075333
0.037817
-0.01629
-0.020107
-0.043931
0.061102
-0.04369
-0.020888
-0.029981
-0.062776
0.089945
0.025191
-0.020767
-0.053143
0.0095159
0.046491
0.037707
-0.029865
-0.029865
-0.037758
0.026628
0.038595
-0.043153
-0.043156
-0.05237
0.050451
-0.0049749
-0.036224
-0.036226
0.00041491
0.066132
0.039915
-0.032069
-0.032068
-0.032508
0.061092
-0.01144
-0.031301
-0.031301
-0.027791
0.087209
-0.0094663
-0.051712
-0.051712
-0.010891
0.0068857
0.006885
-0.034701
-0.051817
-0.051818
-0.022743
-0.029221
-0.039757
-0.039757
-0.041837
0.015794
-0.03196
-0.029883
-0.022186
0.066807
0.041332
-0.042397
-0.050296
-0.050298
0.047055
0.009526
-0.012207
-0.039762
-0.051056
0.069641
-0.0029905
-0.020764
-0.030547
-0.030548
0.056747
0.017332
-0.014372
-0.048329
-0.05247
0.056938
-0.019354
-0.031962
-0.051058
-0.051059
0.046404
0.01536
-0.04184
-0.038364
-0.038364
0.055623
0.018089
-0.031392
-0.049653
-0.049653
0.057604
-0.014932
-0.012951
-0.019357
-0.042503
0.026566
0.0061486
-0.020021
-0.050402
0.008213
0.057609
0.0096147
-0.050981
-0.030563
-0.023564
0.057611
-0.029904
-0.0016651
-0.021424
-0.021424
0.047733
-0.014927
-0.012281
-0.033417
-0.0016644
0.059012
0.037856
-0.033282
-0.021424
-0.010149
0.047155
-0.0023233
-0.04111
-0.040451
-0.020763
0.068892
0.0068245
-0.020763
-0.060214
-0.060215
0.058281
0.0055058
-0.0094929
-0.038405
-0.038406
0.069482
-0.021424
-0.030576
-0.063655
-0.063656
0.049132
0.029369
-0.022811
-0.051727
-0.021424
0.074685
0.029369
-0.041779
-0.049683
-0.049684
0.061056
0.00038066
-0.033348
-0.038422
-0.012201
0.056973
0.029368
-0.021424
-0.019383
-0.019382
0.085901
0.020809
-0.012202
-0.0088378
-0.050299
0.03517
-0.031305
-0.010163
-0.0228
-0.022799
0.057691
0.0075633
-0.018724
-0.048983
0.018109
0.050505
0.037876
-0.040477
-0.055084
-0.055089
0.05632
0.00037627
-0.031306
-0.029275
-0.029275
0.080059
0.0010366
-0.042467
-0.047013
-0.047016
0.067532
0.041276
-0.029279
-0.047979
-0.031307
0.025972
0.0075692
-0.040531
-0.040487
-0.040488
0.070224
-0.022084
-0.020058
-0.039167
-0.010175
0.076762
0.010294
-0.041892
-0.03851
-0.03851
0.055635
0.0095539
-0.021416
-0.040495
-0.040495
0.048471
-0.0030098
-0.0016516
-0.040498
-0.040498
0.058322
0.017457
-0.031308
-0.052434
-0.052434
0.061048
-0.020729
-0.027908
-0.020098
-0.020099
0.070919
0.032729
0.0010548
-0.023435
-0.023435
-0.010184
0.029334
-0.030594
-0.049754
-0.049757
-0.048408
-0.013546
-0.035327
-0.051082
-0.051082
-0.05896
0.01744
-0.00096396
-0.041857
-0.041857
0.020132
0.077429
0.030019
-0.022104
-0.022103
-0.035998
0.057676
0.010925
-0.022744
-0.060291
-0.049084
0.056358
0.014787
-0.00030636
-0.050406
-0.014196
0.091325
0.039244
-0.028633
-0.024079
0.05902
0.0069237
-0.0095204
-0.029329
-0.02933
-0.053069
0.061015
0.029355
-0.022082
-0.031325
0.00036232
0.0577
0.039904
-0.04317
-0.0095287
-0.018767
0.058349
-0.05309
-0.031981
-0.03198
-0.051081
0.027362
-0.022083
-0.04319
-0.022082
0.080127
0.050453
-0.049763
-0.036565
-0.042521
-0.042521
0.056375
0.022111
-0.0029669
-0.052415
0.054385
0.02604
0.0016692
-0.040538
-0.014178
-0.014177
0.076818
0.026046
-0.031972
-0.051093
-0.02076
0.03726
-0.0016408
-0.010871
-0.029991
0.099244
0.099243
0.0075901
-0.031972
-0.0022999
0.066935
0.060341
-0.033289
-0.022738
-0.038567
0.026058
0.026058
-0.012191
-0.010215
-0.03067
-0.018803
0.077492
0.0089157
-0.0029592
-0.02142
0.010227
0.099237
0.039904
-0.022082
-0.051742
-0.028689
0.058374
-0.031327
-0.062958
-0.049125
0.047161
0.030655
-0.020095
-0.040559
0.012853
0.066303
0.066303
0.03466
-0.0075948
-0.031955
-0.031974
0.058381
0.0095423
-0.0049225
-0.041846
-0.029369
0.017489
0.0056327
-0.049774
0.017489
0.08804
0.088041
0.028044
-0.021441
-0.030035
-0.030014
0.058385
0.038577
-0.021398
-0.022741
-0.051781
0.06698
0.037918
-0.019485
-0.040548
-0.025334
0.078833
0.039873
-0.043164
-0.039886
-0.040572
0.059024
0.008895
-0.023375
-0.052425
-0.052395
-0.052395
0.059686
0.0088939
-0.021451
-0.05047
-0.001001
0.078844
0.047807
-0.041869
-0.029394
0.049096
-0.022081
-0.014171
-0.021419
-0.051731
0.087419
-0.00034181
-0.021419
-0.039217
0.00032067
0.04718
0.027432
-0.030027
-0.029363
-0.053051
0.057038
-0.0035353
-0.031273
-0.041871
-0.063605
0.058404
0.0175
-0.0016703
-0.061
-0.025347
0.078154
0.039942
-0.030079
-0.041872
-0.039269
0.059025
-0.00030303
-0.033255
-0.033917
-0.00954
0.057748
-0.010245
-0.049166
-0.051818
-0.022695
0.09004
0.014849
-0.028101
-0.020806
-0.050496
0.036686
-0.011578
-0.015454
-0.032586
-0.049168
0.05709
0.0070564
-0.0096425
-0.049116
-0.00035405
0.06699
0.038626
-0.030709
-0.053762
-0.053039
0.059026
0.017508
-0.02208
-0.041875
-0.061067
0.055832
-0.031315
-0.03264
-0.05111
-0.020815
0.07091
0.049187
-0.03264
-0.049791
-0.030714
0.026091
-0.0095992
-0.0089364
-0.049851
0.010197
0.077563
0.017514
-0.01146
-0.053695
-0.022678
0.071444
0.056445
-0.031316
-0.030719
-0.049259
0.057836
-0.0022823
-0.029398
-0.011519
0.028668
0.088059
0.03923
0.0076878
-0.029331
-0.012771
0.097296
0.02484
-0.02815
-0.043791
-0.041215
0.0566
-0.0029438
-0.0076895
-0.031979
0.029405
0.067089
0.018843
-0.030805
-0.041216
-0.0035285
0.057117
0.037319
-0.041878
-0.04796
-0.030655
0.037242
0.017599
-0.031394
-0.039971
0.05969
0.055877
0.028
-0.016939
-0.039974
0.028748
0.080733
0.06027
-0.039312
-0.021994
-0.051202
0.056462
0.0088623
-0.041304
-0.022079
0.017524
0.057127
0.020087
-0.019603
-0.039231
0.0063874
0.059028
0.037328
-0.010279
-0.041881
-0.03875
0.079494
-0.0029377
0.01208
-0.021416
0.026859
0.098636
0.028003
-0.012836
-0.051783
-0.019527
0.058367
0.028754
-0.040652
-0.049324
-0.03009
0.036767
0.002166
-0.022737
-0.04377
0.029889
0.067043
-0.011609
-0.029996
-0.048009
-0.018964
0.076383
0.027435
-0.042445
-0.030094
-0.041882
0.038
0.0063119
-0.030096
-0.038591
0.024334
0.056587
0.047246
0.0089519
-0.041223
0.019515
0.046688
0.055933
-0.042541
-0.025171
-0.031218
0.039223
0.0021439
-0.021416
-0.030763
0.038007
0.059792
0.039777
-0.0018181
-0.051233
0.018201
0.057366
0.017435
-0.019545
-0.011512
0.010168
0.055948
0.018863
-0.012721
-0.044418
0.036253
0.077516
0.0082985
-0.021963
-0.042319
-0.044964
0.078178
0.029433
-0.031864
-0.029453
-0.062477
0.050993
-0.0097603
-0.020209
-0.020752
0.026906
0.067188
0.018747
-0.017018
-0.04002
-0.021292
0.067733
0.04672
-0.041224
-0.039361
-0.039361
0.050449
-0.011384
-0.021286
0.039883
0.039883
0.068936
0.028114
-0.0017313
-0.020214
-0.020215
0.057832
0.057833
-0.047947
-0.02946
-0.029459
0.010164
-0.039365
-0.023272
0.020731
0.020733
0.017416
-0.0127
-0.053121
-0.031845
-0.031845
0.039218
-0.010842
-0.03251
-0.051132
0.059169
0.009498
-0.031457
-0.04189
0.030111
0.03011
0.0094972
-0.019561
-0.049806
-0.028943
-0.028943
0.018739
-0.021412
-0.053648
-0.041226
-0.041226
0.0076338
-0.0096546
-0.016529
0.017554
0.059173
0.0081669
-0.011505
-0.046924
-0.012167
-0.012168
0.049123
-0.041891
-0.041745
-0.028295
0.050303
0.010155
-0.013347
-0.040713
0.0077997
0.0077981
0.019912
-0.019422
-0.033823
-0.01084
0.066588
0.046772
-0.012677
-0.054149
-0.04322
-0.043223
0.00075268
-0.041228
-0.020745
0.039214
0.055356
0.059189
-0.021411
-0.042399
-0.010678
-0.010677
0.046623
-0.050474
-0.051298
-0.06022
-0.060217
-0.00092642
0.0004101
-0.029485
0.049954
0.049955
0.0076527
-0.023908
-0.032483
-0.039397
0.059031
0.059031
-0.039568
-0.049808
-0.01842
-0.01842
0.019561
-0.0096726
-0.039574
0.0071601
0.08777
0.029795
-0.011669
-0.054293
-0.011005
-0.011006
0.028636
0.0015641
-0.058242
-0.053134
0.055067
0.0094786
-0.030336
-0.041895
0.00023385
0.00023288
0.058721
-0.0080342
-0.029323
-0.011985
0.065126
0.061514
-0.00986
-0.049504
-0.041896
-0.041897
-0.0047341
-0.010167
-0.020258
0.019567
0.019568
0.045974
-0.0087164
-0.039418
-0.033134
-0.033134
0.017572
-0.012829
-0.049997
-0.050664
0.024527
0.01776
-0.020075
-0.04275
0.03044
0.030439
0.028152
-0.02226
-0.018935
-0.033495
-0.033502
0.027965
-0.010168
-0.059727
-0.07363
-0.073631
0.069136
-0.010831
-0.051337
0.0078584
0.0078588
0.061029
-0.0025225
-0.0131
-0.013101
0.0559
-0.040294
-0.03285
-0.02999
-0.029986
0.030623
-0.013293
-0.051812
0.019378
0.019378
0.069141
-0.0017774
-0.052746
-0.033779
-0.033779
0.035151
0.039404
-0.07164
-0.031986
-0.031986
0.04958
-0.00045125
-0.000246
-0.081555
0.039204
0.057444
0.012379
-0.0027049
-0.04369
-0.0029072
0.057445
0.048454
-0.020745
-0.031781
-0.032649
-0.03265
0.057244
0.018708
-0.030865
-0.020524
0.007884
0.049783
-0.022977
-0.031533
-0.00090966
0.058365
0.058364
-0.012609
-0.03132
-0.042567
-0.042567
0.070277
0.0099061
-0.042119
-0.0085933
0.01937
0.020484
-0.030206
-0.052931
-0.02976
0.069168
0.026393
-0.012157
-0.05004
-0.030209
0.046226
0.019585
-0.021186
-0.022515
0.041419
0.06717
0.067169
0.018488
-0.033325
-0.021842
0.068946
0.039434
-0.03266
-0.058184
0.059499
-2.9756e-05
-2.937e-05
-0.030883
-0.040131
0.0056682
0.068276
0.038527
-0.010383
-0.052059
-0.018285
0.058359
0.02818
-0.010812
-0.034862
-0.042334
-0.042334
0.068277
0.0094476
-0.051153
-0.0015686
0.047587
0.038099
-0.011728
-0.021401
-0.012825
0.070286
0.0087757
-0.042575
-0.053586
-0.020733
0.04735
0.047351
0.0089977
-0.020977
-0.030895
0.018511
0.062369
0.018268
-5.1228e-05
-0.023162
-0.053827
0.069859
-0.01349
-0.031319
-0.040817
-0.061742
0.055094
-0.0033224
-0.021401
-0.020064
0.025346
0.068281
0.048026
-0.00089695
-0.04149
-0.011231
0.04978
-0.012822
-0.010815
-0.028229
-0.050074
0.068948
0.0080955
-0.029154
-0.010142
-0.00048185
0.098552
0.025513
-0.00033213
-0.051827
-0.010142
0.082366
0.011184
-0.014568
-0.059592
-0.048072
0.024851
0.019208
-0.019389
-0.076097
0.023509
0.05836
0.026453
-0.020727
-0.030647
-0.053171
0.048038
-0.014436
-0.030248
0.0011237
-0.054513
0.057689
-0.0039708
-0.010136
-0.043651
0.018281
0.066264
0.05729
0.00018124
-0.01938
-0.00088494
0.057683
-0.0019508
-0.042584
-0.031596
-0.072736
0.049501
-0.031876
-0.012264
-0.034118
0.0079704
0.078758
0.038798
-0.0011657
-0.028245
-0.041239
0.07753
0.014542
-0.04191
-0.038165
-0.022068
0.038797
0.017616
-0.021677
-0.03093
0.0079759
0.065498
-0.0026128
-0.01042
-0.03199
-0.042582
0.068566
0.0073113
-0.020055
-0.027869
-0.06415
0.066173
-0.013868
-0.021398
-0.030648
0.0203
0.046714
0.026199
0.0093321
-0.019296
-0.021105
0.086399
-0.031693
-0.043934
-0.030942
-0.031318
0.059324
-0.012446
-0.00087808
-0.029225
-0.015882
0.080887
0.021351
-0.024376
-0.050492
-0.030572
0.069248
-0.023411
-0.028258
-0.053849
-0.018337
0.048433
0.028522
-0.010801
-0.044971
0.051425
0.043362
0.029195
-0.023106
-0.049822
-0.044966
0.080217
-0.040571
0.00052621
-0.030341
-0.042586
0.062081
0.017626
-0.0011844
-0.030646
0.019026
0.058356
0.016956
-0.00087655
-0.041243
-0.0032523
0.056601
-0.011422
-0.030648
-0.053181
-0.064809
0.077175
0.0094075
-0.020408
-0.03029
-0.0011886
0.08089
-0.0011889
-0.011471
-0.00776
-0.040573
0.04705
0.0056576
-0.031632
-0.051127
-0.030651
0.055324
0.040164
-0.022065
-0.021712
0.026888
0.081239
0.038155
-0.0028874
-0.054556
-0.010448
0.066238
-0.0022149
-0.029629
-0.020053
-0.040573
0.089449
0.02689
-0.033331
-0.028957
0.038504
0.059372
0.027562
-0.00087123
-0.040228
-0.0409
0.054977
-0.009436
-0.028957
-0.032321
-0.039555
0.080221
0.006368
-0.02105
-0.029971
-0.015844
0.11101
0.017308
0.0073763
-0.051169
-0.029973
0.075514
-0.00019457
-0.011469
-0.053859
-0.038555
0.054997
0.049771
-0.030646
-0.025089
-0.019714
0.077536
0.037833
-0.042921
-0.049163
-0.063786
0.047093
-0.0022226
-0.022393
-0.0005351
-0.031332
0.049771
-0.003899
-0.0018659
-0.0485
-0.012464
0.068952
0.039519
-0.013463
-0.042589
0.068606
0.068606
0.00013338
-0.030648
-0.030647
0.059025
0.059025
0.0080442
-0.048834
0.067957
0.067958
0.039491
-0.021038
-0.033656
0.047431
0.047432
-0.031318
-0.029657
-0.041567
0.05637
0.05637
-0.0018532
-0.060112
0.019312
0.086155
0.026906
0.00013009
-0.043579
-0.041918
0.070974
0.07097
-0.041919
-0.029971
-0.050501
0.059024
0.0097402
-0.051531
-0.053504
-0.020765
0.046403
0.046397
-0.010418
-0.050865
-0.031623
0.068337
-0.010476
-0.031316
-0.041549
-0.052524
0.05706
0.057061
-0.041245
-0.031926
-0.0038605
0.068649
0.068649
-0.031013
-0.021388
-0.052524
0.056395
0.056396
-0.041246
-0.020712
-0.039595
0.055048
0.017655
-0.0011563
-0.060806
0.019678
0.099116
0.099116
-0.011079
-0.023409
-0.043566
0.056109
-0.0031724
-0.040276
-0.042216
-0.041921
0.069332
0.069334
0.0053688
-0.051851
0.0081127
0.064605
0.029232
-0.00017455
-0.02042
-0.048185
0.056705
0.056706
-0.031027
-0.051852
-0.031027
0.049091
-0.012132
0.0010806
-0.002092
0.0093695
0.058736
0.058735
-0.011454
-0.042491
-0.051176
0.067883
0.067881
-0.023133
-0.050109
-0.020426
0.048132
0.048132
-0.018792
-0.040569
-0.00016752
0.057666
0.015075
-0.0011228
-0.048989
-0.031991
0.060096
0.060092
-0.011452
-0.040294
-0.041642
0.059696
-0.002473
-0.033617
-0.021107
-0.0054486
0.050039
0.050038
-0.011727
-0.061388
-0.031041
0.038881
0.038881
-0.019764
-0.050508
-0.052801
0.058747
0.058747
-0.029698
-0.029026
0.00077092
0.059148
0.05915
-0.040977
-0.049293
-0.021652
0.05673
0.05673
-0.0015186
-0.041923
-0.071315
0.059019
0.059019
0.0093555
-0.059234
0.018348
0.067746
0.067746
0.025057
-0.053203
-0.050917
0.081169
0.081172
-0.024194
-0.032253
-0.052527
0.068688
0.068689
-0.011335
-0.021383
0.010025
0.045199
0.0452
0.016594
0.010435
-0.048906
-0.059102
0.046138
-0.01145
-0.050925
-0.011449
-0.071724
0.06062
-0.0021867
-0.012794
0.017424
0.090419
0.090418
0.029216
-0.011863
-0.052784
-0.011031
0.048412
0.0097656
-0.032407
-0.04125
-0.057255
0.026944
0.039821
-0.038057
-0.0015127
0.078213
0.078214
0.039148
-0.028797
-0.022976
0.086056
0.0070775
-0.031565
-0.042172
-0.049344
0.059445
0.0086683
-0.041005
-0.052532
0.029212
0.029212
0.07662
-0.017278
-0.041249
-0.0015108
0.059445
0.0213
-0.010339
-0.051185
-0.029051
0.067121
0.067121
-0.010964
-0.02456
-0.031555
-0.0028589
0.068275
0.048406
-0.022495
-0.040338
-0.031077
0.029411
0.029408
-0.050274
-0.021819
-0.05051
0.066689
0.02941
-0.011442
-0.031756
0.0084285
0.088589
0.020856
-0.049159
-0.061332
-0.020239
0.069395
0.0064016
0.0064006
0.0016583
-0.00014836
-0.063157
0.058109
-0.00014972
-0.011669
0.039137
0.059014
0.0079831
-0.078279
0.0045593
0.047274
0.042284
-0.055228
-0.02295
-0.01892
0.059686
0.031219
-0.052088
0.0034388
-0.026089
0.10191
0.018369
-0.020697
-0.04125
-0.011896
0.067833
6.679e-05
-0.020258
-0.050965
-0.039012
0.073735
0.009553
-0.030867
-0.031316
-0.0021755
0.046837
0.026744
-0.031315
-0.041032
-0.012332
0.061033
-0.021833
-0.021377
-0.019139
-0.042598
0.068061
0.022171
-0.011225
-0.021162
-0.0023886
0.075098
0.039809
-0.042385
-0.021839
-0.029753
0.068064
0.0079751
-0.030851
-0.042136
-0.042135
0.057452
0.026966
-0.0014993
-0.03043
-0.0041943
0.088411
0.030756
-0.03287
-0.041251
-0.031517
0.056777
-0.012789
-0.023406
-0.029755
-0.038539
0.089502
0.029871
-0.00014399
-0.04125
0.018181
0.025606
0.0014128
-0.0395
-0.034216
-0.002648
-0.022526
-0.031988
-0.031312
0.087953
0.018382
-0.010365
-0.042799
-0.023883
0.059009
0.039806
-0.050125
-0.031117
-0.031987
0.0089238
-0.02359
0.057273
0.017226
-0.04106
-0.030446
0.0075795
0.058143
0.017039
-0.022912
-0.0094146
0.058334
-0.001494
-0.035785
-0.042789
-0.049171
0.057174
-0.009222
-0.02959
-0.042599
-0.0008198
0.059869
0.047046
-0.040392
-0.03161
0.058632
-0.040578
-0.042785
0.055945
0.026122
-0.018122
-0.041742
0.0075904
0.057292
-0.044317
-0.049479
-0.020697
0.068091
-0.029601
-0.0099032
-0.050521
-0.054248
0.058152
-0.0021642
-0.041927
0.040477
-0.0099009
-0.0085531
-0.052369
0.057979
0.00070953
-0.0097293
-0.051516
-0.039725
0.05698
-0.00081187
-0.028433
-0.00081366
0.077539
0.019068
-0.031311
-0.049671
0.071145
-0.041081
-0.049668
0.069285
0.0076088
-0.040406
-0.013963
0.037433
0.0091324
-0.022214
-0.053389
-0.020017
0.051091
-0.010751
-0.011764
-0.032829
-0.030636
0.068104
-0.041252
-0.030459
0.039961
-0.063839
-0.041395
-0.042641
-0.065076
0.018007
0.075711
-0.10726
0.24015
-0.21018
0.21756
-0.012251
0.11811
0.11827
-0.13551
0.028838
-0.13406
0.16563
0.042055
-0.15712
-0.52959
0.48953
-0.15566
-0.26801
-0.040391
-0.064698
-0.06335
0.037063
-0.027466
0.23556
0.68869
-0.18863
-1.0405
0.36601
0.45933
-0.49723
-0.44744
0.061023
-0.096393
0.32846
0.3406
-0.02984
0.16169
-0.14594
0.22026
-0.83093
-0.026822
-0.054823
-0.0064251
-0.006204
2.3485
2.3756
-0.84445
0.1025
-0.63055
0.014687
0.012923
-0.058889
0.2905
0.19609
0.18542
-0.88591
0.12049
0.080822
0.27675
0.17546
0.17772
-0.6494
1.401
0.25172
-0.44453
-1.4569
-4.3397
-1.0939
-3.1243
-3.1312
1.708
-3.509
3.1179
-3.7305
0.36387
-1.2165
3.8214
3.7511
1.1476
3.9092
-2.02
-1.5906
-2.6721
0.74996
0.74642
-0.17248
-0.069475
-0.11261
-0.11669
0.44069
0.61572
-1.3932
-0.44472
-0.43744
2.2325
1.5982
1.3078
2.4557
-1.5348
0.52031
0.19377
-0.96647
0.24849
-0.31747
0.36014
-0.076724
0.32957
-0.45095
-0.040657
0.06699
-0.14144
-0.24396
-0.27483
-0.27882
1.5548
-0.71096
-0.36718
1.0152
0.22272
-0.90941
1.4673
0.63877
-0.38851
-0.19102
0.050204
0.042062
0.19177
-0.20186
0.074703
-0.86126
-0.84088
0.97302
-0.2187
0.51958
0.023999
-1.607
-1.2988
8.2657
3.1666
-1.5038
-1.6802
-1.7126
-5.7958
-5.5523
0.16496
-1.9865
8.5829
14.383
-15.076
5.0155
-0.050213
-0.24763
1.0693
-1.662
0.026721
0.19243
0.0032674
0.0993
0.93633
1.7144
0.36522
0.93863
0.12548
0.50171
0.43207
0.93693
1.3893
0.3615
1.793
-2.5146
-2.7929
-0.066173
-0.29445
-0.61011
0.57804
-0.84449
1.036
0.02918
-0.3261
0.47763
-0.93726
0.69483
1.1671
5.4544
-3.0937
2.7758
0.60538
-2.0315
-2.7276
-1.3409
1.544
-0.20209
0.055538
0.26521
-0.12356
0.24204
-0.18921
-0.30978
-0.01187
-0.0096296
0.15651
-0.69054
0.17507
-0.75624
-1.2954
-5.1425
1.4535
1.5123
5.4374
-5.5995
-5.6412
1.1285
0.84956
0.95289
12.132
13.058
13.003
-0.59158
-1.0026
2.84
0.40349
0.37364
-0.88154
-0.077085
-0.2592
-0.28815
-0.50681
-0.07176
0.3455
0.44121
0.92449
1.0335
-0.085134
-0.27812
1.4843
0.97342
0.97133
-0.11329
-1.0281
-1.28
0.23612
0.1548
0.1512
-0.36491
-0.46986
0.90866
0.52918
0.52657
0.046233
-0.58609
0.29481
-0.097304
1.6232
2.3346
2.8837
3.0354
0.42739
-0.52489
-0.1644
1.1527
2.4564
-0.75357
0.87176
0.84194
-0.1101
-0.28512
0.47399
0.4676
0.11546
0.11887
0.090205
-0.30331
-0.29885
-6.7985
-3.6539
1.2171
-3.3185
-3.2702
-4.2623
0.58201
0.80437
-9.1543
5.8131
1.8723
3.4999
-4.3617
8.6076
12.362
-0.77166
-0.82738
2.4751
-2.216
0.0033044
0.95946
0.038153
-0.67027
0.2493
-0.057425
0.2867
0.049221
-0.12012
-0.071371
0.76216
0.77569
0.55683
0.70276
0.94419
0.40781
-0.83966
2.0932
2.0991
0.99948
1.6535
0.4842
-3.2014
-0.089034
0.5382
0.54207
-0.91769
0.38475
-0.18345
-0.44519
-0.44549
-0.052654
-0.060386
-0.086299
-0.080438
-0.084467
-0.43401
-0.93798
0.17264
0.37321
0.36546
1.562
1.5345
-2.301
-1.2123
-0.57304
-0.6691
-1.0646
-0.64583
3.3859
-0.6567
-0.97161
-0.28304
-0.064787
-0.43192
0.19111
0.21178
0.34404
-0.69184
-0.69204
-0.12417
0.24842
0.047512
-1.1137
-1.4263
-1.4002
-8.5869
-0.0078097
2.843
0.4332
-0.76912
-7.2105
-0.73573
-4.8754
-6.8451
-5.7677
5.9881
-1.1661
10.77
10.675
19.718
-6.5105
5.891
-1.5065
0.62388
0.58231
1.2286
-0.39513
-0.4825
-0.4808
0.35774
-0.00072688
-0.14183
-0.32594
-0.14076
0.83873
0.84033
0.47746
-0.65422
0.10992
1.7883
-0.35539
2.5873
1.5006
1.4977
2.0026
-4.4647
-1.0489
-0.11738
-0.11671
-0.23218
-0.58494
0.056875
0.18838
0.18824
0.83695
0.054743
0.27973
-0.46493
0.036653
0.038105
-0.42152
2.1743
2.9639
3.0004
0.16216
0.56918
-2.3066
-2.4104
-0.25518
-1.0387
-1.5072
-2.5874
-1.4434
-1.3118
-0.16128
0.032617
-0.50276
0.25406
0.24662
0.39046
-0.076134
0.78605
0.28687
0.28523
0.20834
-0.79431
-1.1494
-11.802
-11.763
-1.3121
-9.9318
8.309
-3.2705
-3.3794
-0.69185
-1.5095
-7.5859
9.5793
-2.2835
-1.736
5.7253
-2.6272
8.2635
5.8765
-1.2247
-3.1185
0.62833
0.015548
0.01698
-0.55806
0.65637
-0.059774
-0.63301
0.22422
0.061968
0.5557
-0.39462
0.32614
0.49276
0.49996
0.95722
-0.4133
0.85803
0.86238
0.29926
2.1425
-0.71939
0.85735
-1.1058
-1.0949
-3.5457
-0.79778
0.071845
0.14849
0.14807
-0.017771
0.072671
-0.053571
-0.59008
-0.2487
0.095836
-0.38275
-0.11573
-0.39374
0.46268
0.6417
-0.77293
5.3589
-0.73688
-0.75118
1.0136
-1.9913
-1.1905
-1.8324
2.0643
-0.18907
-0.76347
0.23983
0.24031
0.40723
-0.062571
0.052742
0.059279
0.031218
-0.70342
-0.6885
-0.54802
-0.015046
0.097998
-1.0882
-1.0831
-2.8859
-11.214
-2.0697
0.72996
1.3262
1.3546
0.91298
-7.3661
1.8759
1.5334
-2.0802
-2.5812
2.1508
10.558
10.257
11.148
-1.7648
-0.64835
-0.15998
-0.1907
0.3377
-0.18406
0.055669
-0.51592
-0.80591
-0.80445
0.6306
-0.72511
-1.3597
0.58529
1.1453
0.84364
0.43826
-0.0051772
-0.006965
0.92915
0.5658
0.21982
1.8051
2.0542
0.60383
-2.9053
-1.2455
0.23285
-0.49646
-0.49802
-0.45827
0.66388
-0.082772
0.026519
0.56841
0.044899
0.29341
-0.57149
-0.054033
-0.54974
0.26953
-0.75581
-0.47625
-0.46533
7.7831
-1.9708
0.34152
-1.0658
-1.1136
-2.3777
0.56421
0.66649
-2.1078
4.2898
4.2021
-0.41917
-0.062483
-0.13649
-0.46284
-0.45798
0.47838
-0.24221
1.1355
0.04089
0.0405
0.12093
-0.33647
-3.3328
-3.3313
-0.6992
8.4927
-4.4852
-3.7664
4.0516
3.9488
-3.6813
-2.284
-11.226
6.8787
7.0665
0.96948
1.1289
7.2361
-3.9054
2.8535
-0.40851
-3.0863
0.0065602
0.41136
-0.10305
0.10801
-0.046266
-0.28837
0.13109
0.1252
0.039674
-0.50537
0.23363
0.21765
0.81951
0.20687
1.4417
0.1187
0.21518
0.39956
1.6037
2.4996
1.6128
1.6055
-0.19674
-5.6114
2.026
-0.36217
-0.3618
0.70569
-0.13008
-0.36762
0.38136
0.21314
-0.079198
-0.24924
-0.22425
-0.04887
-0.047009
-0.097357
-0.27742
3.2878
3.3627
1.8731
0.1317
0.57214
-2.772
-4.0311
-4.071
0.71292
-2.0125
2.0124
-0.87033
-0.80392
0.43938
0.39312
-0.61098
0.15204
0.15103
0.31846
0.068784
0.15698
-0.82936
-0.825
-0.70168
-0.19328
-4.0576
-12.963
-12.89
-4.8425
3.7303
-4.9719
4.7056
1.8578
1.7174
-1.7275
0.39335
-10.453
-3.5448
-1.2652
-0.83526
5.0501
20.24
-0.69864
0.31365
1.5259
0.72342
0.22864
-0.63975
-0.6676
-0.45128
-0.15551
0.14213
0.13833
-0.87364
0.28533
-0.040351
0.48345
0.58726
0.90427
-0.23459
0.82971
0.1921
0.19535
0.26102
1.3997
-0.18092
-0.18675
-3.9493
-0.29206
-0.21675
-0.057975
-0.1881
-0.19043
-0.21719
0.35273
-0.11149
-0.24418
0.71028
0.70837
-0.023622
-0.43398
0.051544
0.05915
-1.0723
0.68926
3.7627
3.6765
3.6885
-2.6222
-0.81423
-0.89776
-1.646
0.059191
0.29985
0.66533
-0.19883
-0.3848
0.99754
0.9559
-0.72984
-0.014739
-0.45956
0.73094
0.30828
0.30242
0.6182
-0.056154
-0.94397
0.57083
-0.47822
-0.47214
-0.6182
-1.6838
-3.4884
-5.9911
-3.0155
-0.89529
-2.0446
-2.1021
-7.9386
8.836
-1.332
-2.9172
-3.0495
7.0678
2.3726
15.959
-2.5673
-4.3148
-4.1062
1.9274
1.1757
-0.68989
-0.69043
0.16672
0.57252
-0.37229
-1.4726
0.69885
0.69464
-0.071457
1.1286
0.28679
0.65943
0.66793
0.43675
-0.71599
0.33529
-0.1615
0.60152
-1.2753
0.16147
-0.56758
-0.01151
-0.014419
-0.30025
-0.052814
-0.20039
-0.19912
-0.038622
0.12697
0.20381
-0.42624
-0.028964
-0.026532
0.37105
-0.11734
-0.59721
1.6117
-1.7702
5.0161
1.1326
0.42835
-1.0438
-0.38198
-0.41623
-1.9964
-0.47618
-0.59758
1.6228
1.4678
-0.94608
1.3467
-0.70527
-0.91087
-0.31451
0.52777
0.45988
-0.25129
-0.10077
-0.10075
-0.17528
-0.079579
-0.001151
0.037195
0.036756
0.34174
-0.14542
-0.17467
-0.13529
-0.13624
0.029037
-0.088119
-0.36075
0.051355
0.055141
-0.36011
-0.066473
-0.057387
0.70396
0.72921
-0.52167
0.47797
-0.023879
0.018282
-0.1238
-0.049615
0.22063
0.059585
0.4082
-0.1761
0.70286
-0.92152
0.52544
-0.15113
0.34283
0.059159
-0.46065
0.51126
0.15498
-0.22
0.044705
-0.1595
-0.16106
-0.059998
-0.0163
0.045752
-0.075367
-0.074107
0.023165
0.041955
-0.065467
0.031761
-0.03545
-0.024439
0.049181
0.049173
0.050711
-0.087493
-0.047174
-0.098569
0.036232
-0.033229
-0.050729
-0.1113
-0.064006
0.0048865
0.014424
-0.063085
-0.037258
-0.076046
0.016109
0.043847
-0.054259
-0.06984
-0.070069
0.01342
0.015505
-0.096269
-0.085181
-0.057661
0.012768
-0.018345
-0.042465
-0.061667
-0.049977
0.0058838
0.039723
-0.086678
-0.059494
-0.0906
0.042726
-0.052927
-0.017345
-0.051704
-0.00062348
-0.00086782
-0.052199
-0.031274
-0.024641
-0.077337
0.037796
0.03113
-0.12044
-0.050357
-0.046062
0.062579
-0.054359
-0.09331
-0.021836
-0.032547
0.087209
-0.062227
-0.015542
-0.065721
-0.066384
0.05819
-0.0048635
-0.0040087
-0.06604
-0.085834
0.01935
-0.066399
-0.0745
-0.097987
-0.043787
-0.005877
-0.01909
-0.050478
-0.068696
-0.073865
-0.0078373
0.0095535
-0.072887
-0.04882
-0.070955
0.050415
-0.064227
-0.074649
-0.055893
0.0011163
0.027997
-0.012085
-0.041049
-0.10188
-0.038612
-0.012112
0.065394
-0.0428
-0.070526
-0.12566
0.01755
-0.043433
-0.021593
-0.060755
0.025741
-0.15528
0.14917
-0.062195
-0.01392
-0.12815
-0.064426
0.16158
-0.072976
0.03513
-0.1498
0.066899
-0.046645
-0.10968
0.065109
-0.0095522
0.098877
-0.082271
-0.0062873
-0.14387
0.1146
-0.11759
0.11595
-0.25825
-0.036232
-0.033109
0.14556
-0.11255
-0.050777
-0.017458
-0.071334
0.11867
-0.11383
-0.015206
-0.090929
-0.080209
0.026086
0.00028576
-0.050052
-0.084638
-0.068175
-0.023531
-0.021595
-0.099127
-0.099148
0.0074737
0.0040149
0.023568
-0.10055
-0.070633
-0.048252
-0.0032406
-0.012426
-0.074052
-0.074006
-0.07026
0.026728
-0.031614
-0.073696
-0.082505
-0.020829
0.020099
-0.0034355
-0.073492
-0.073479
-0.049975
-0.042642
-0.040362
-0.084474
-0.084466
-0.091083
-0.0083294
-0.05198
-0.059305
-0.059318
0.06092
-0.034162
-0.054866
-0.061839
-0.061832
0.049332
0.017765
-0.050772
-0.094445
-0.078571
0.024716
-0.035323
-0.049683
-0.07192
-0.07192
0.016321
-0.00067724
-0.033754
-0.049278
-0.0394
0.015273
0.030412
-0.041914
-0.049104
-0.049244
0.018614
-0.024221
-0.031632
-0.081484
-0.081474
0.026773
-0.03852
-0.030541
-0.074092
-0.07407
0.039944
-0.0028192
-0.03164
-0.051159
0.028157
-0.020925
-0.062398
-0.06046
-0.06043
0.018917
-0.012041
-0.032471
-0.072181
-0.084003
0.016699
-0.05274
-0.040109
-0.080383
-0.080385
0.028063
-0.011293
-0.041693
-0.063803
-0.012876
0.047683
-0.00244
-0.05416
-0.082577
-0.082577
0.059818
-0.013183
-0.048026
-0.093667
-0.061575
0.042418
-0.036824
-0.013945
-0.097361
-0.097218
0.02812
0.0067514
-0.049186
-0.048782
-0.042021
0.045958
0.010276
-0.06266
-0.06906
-0.069041
0.049464
-0.023511
-0.032058
-0.060531
-0.032777
0.057657
-0.011051
-0.051639
-0.072285
-0.072286
0.05837
-0.049546
-0.060554
-0.043088
-0.081211
0.037015
-0.022103
-0.06303
-0.062684
-0.062686
0.037711
0.01031
-0.042393
-0.059458
-0.044219
0.049126
-0.043457
-0.050912
-0.050938
-0.050934
0.025217
-0.021055
-0.0099456
0.037328
-0.011047
-0.08154
-0.081603
0.049489
-0.03135
-0.07087
-0.061969
-0.061966
0.038746
-0.00076026
-0.052002
-0.081188
-0.081189
0.02705
-0.0014817
-0.052749
-0.092997
-0.093
0.047679
-0.0111
-0.05944
-0.073442
-0.084762
-0.011753
-0.053083
0.038375
-0.011422
-0.052061
-0.062351
-0.063747
-0.010368
-0.031747
-0.083689
-0.083695
0.014131
0.0084676
-0.0099871
-0.072324
-0.072324
-0.053028
0.018791
-0.053106
-0.052007
-0.052007
-0.052388
-0.072281
-0.072287
0.010642
-0.085905
-0.085827
-0.012839
0.046973
-0.00035205
-0.023216
-0.073439
-0.039874
0.038354
-0.054564
-0.063091
-0.050237
-0.061317
0.038717
-0.034891
-0.031749
-0.060199
-0.060249
0.068646
0.029846
-0.032777
-0.071226
0.034831
0.0014618
0.056841
-0.053428
-0.041741
-0.052794
-0.031771
0.056149
-0.0014644
-0.031064
-0.039531
-0.052412
0.057934
-0.021708
-0.033587
-0.071946
-0.03997
0.060442
0.060432
-0.032379
-0.042038
0.00021865
0.026715
-0.083732
-0.051305
-0.10327
-0.10327
-0.049175
0.048359
-0.010741
-0.041056
-0.061979
-0.042456
0.048763
0.020571
-0.019324
-0.0058624
-0.09934
-0.099169
-0.036636
-0.038374
-0.087023
-0.058835
-0.029763
-0.21982
-0.0035668
-0.20448
-0.20451
0.1684
-0.035048
-0.014387
0.081013
-0.85015
0.47689
0.47568
0.16817
-0.23911
0.073317
0.52567
0.40768
-0.348
0.46767
-0.835
-0.61949
3.511
1.5702
0.37194
6.4554
6.5357
-5.9397
0.087338
-1.6471
-0.94879
3.3725
3.3697
-3.2166
-0.20449
-0.11206
-3.4404
8.2529
8.2455
-9.1377
4.4005
-1.7674
-1.7264
-0.92163
0.40993
-0.19447
1.444
1.3902
-0.5218
0.17996
0.35397
0.20391
2.1551
0.68934
0.36143
-0.36241
1.3961
-0.34218
-0.32879
-0.87685
-0.38929
-0.91508
0.33924
-0.2091
-0.21427
0.25297
0.31498
0.090294
0.10306
0.20545
-0.6549
-0.6949
-0.57261
-0.34591
-0.37364
-3.1703
-0.11167
-3.3275
-1.8734
-0.90178
-0.91294
-6.1152
12.56
-1.8125
3.3314
3.1183
-2.2088
1.0609
0.072121
1.145
1.1389
-0.46107
-0.98694
-0.27658
0.1008
-0.20483
-0.26432
-3.2561
-0.97696
-6.4269
-6.0886
-3.4443
-0.2991
2.8846
6.3512
4.3862
2.7999
0.72943
-7.5976
10.649
10.58
7.8567
-6.0761
-2.9661
-0.32127
1.3901
-0.79165
0.82472
1.2864
0.59021
-0.21076
0.68073
0.45375
-2.3708
-2.3845
0.57132
-0.62932
2.9371
-1.2905
1.1452
1.1463
0.16029
0.64327
0.96244
-1.1146
-1.1908
-2.4778
2.3464
0.9687
0.5462
0.58131
-0.42563
-0.35841
-0.070681
-0.079592
-0.013487
-0.36866
0.90473
-0.91745
0.19111
0.18961
-0.47544
-0.53942
-1.9422
1.6329
1.6587
0.8473
-1.5948
2.102
0.097266
0.19644
-1.9226
-3.4315
2.4388
0.22202
3.2074
0.81699
-0.22374
0.48695
0.84107
-1.3757
-0.32019
-0.4035
-0.34455
0.30023
0.29957
-1.4515
0.67183
-0.80089
-3.3442
0.15414
-1.4472
-1.6091
-5.4504
-4.1001
-6.0928
-5.5097
-0.88996
6.1106
16.18
3.276
1.7626
-0.19452
10.559
10.619
0.58579
1.6547
-4.5559
5.5359
-2.2018
-2.2292
-2.145
0.060768
-0.13568
0.72092
1.9013
1.9139
-1.1364
1.3146
-2.846
0.5857
0.72719
-1.4211
-2.5475
-4.1682
3.6457
1.5502
0.81764
3.2452
-1.256
-1.2555
-0.12969
-2.3003
0.34407
-0.21605
-0.29511
-0.32976
0.23576
-0.11723
0.25513
-0.32672
-0.1925
-0.19468
0.33701
0.60821
-1.0373
0.10393
0.13014
6.2468
4.0864
4.0868
-0.28933
5.3683
-7.2572
-5.9706
-6.3677
4.1469
4.101
0.90486
0.90217
2.1224
0.052416
-0.39012
-1.1144
0.71144
-0.59369
-0.20879
-0.92135
0.17574
-0.59763
0.62986
-0.28035
-0.15443
1.962
0.7117
-1.2221
-2.987
-3.5542
-2.7671
-10.931
-8.7682
-3.3434
3.7771
5.9893
-0.38797
13.147
-4.0274
-4.042
2.421
1.1157
6.5759
0.83284
1.0225
0.069202
1.1802
-3.1555
2.553
-2.7078
-1.2028
0.13215
-0.46691
0.21868
4.9082
-2.7602
0.47784
-5.7166
0.62149
0.79724
-0.74464
-3.6607
1.3178
-0.15755
0.512
0.86204
-0.39085
1.2385
1.5275
4.2898
0.091977
0.25547
2.8463
0.82309
-0.46825
-0.5282
-0.11001
-0.39761
0.6441
0.3062
-1.8146
-1.2004
-1.4297
-1.1531
-0.27772
1.5644
4.065
6.7995
1.8088
-1.2428
-6.6443
-2.2471
-0.28566
0.68716
-0.89257
-0.037805
2.6779
1.9075
-2.0182
0.15801
-0.41036
-0.59074
-1.2768
-0.85065
0.069794
0.71471
-0.33603
0.38941
1.1341
0.60277
-1.0998
-0.18757
-3.4348
-2.318
-8.0605
-3.5443
-7.858
-4.7556
1.29
2.2387
4.6981
3.3967
15.843
3.8681
-3.8571
-3.8338
-0.20708
0.31552
-2.1759
3.4482
1.8969
-2.474
-3.2361
-0.01992
-1.2695
0.63542
0.57143
1.4274
-0.16618
3.0471
-5.0233
-1.5255
-0.66138
0.9817
-0.88171
5.8199
5.8417
4.201
-1.9148
3.9806
1.1608
-2.6825
-4.2917
9.0719
-4.7528
3.1264
-0.11703
-1.4309
-0.36131
-0.42584
-0.23823
-0.32807
1.462
-2.0494
-1.0653
-1.0976
0.40331
2.3614
0.43637
-3.2965
2.3475
5.5288
-3.8006
-6.0824
-2.2918
-2.2755
3.9603
0.6608
4.1955
-0.39461
-0.37345
1.905
1.0635
-1.3935
-0.27086
-0.25808
-0.70583
-1.0858
-0.22266
0.156
0.12023
-0.074399
-0.28774
-0.012512
-0.037484
0.2296
0.16782
-0.055329
0.054279
-0.032089
0.05683
0.075611
-0.27641
-0.15618
-0.2218
0.070877
0.072519
0.11903
-0.027091
-0.21003
-0.2139
0.098474
-0.092849
-0.54099
0.28038
-0.44636
0.75494
-2.6015
1.5489
0.77657
0.17462
-0.6839
-0.0043459
-1.0419
0.23525
0.1014
-0.58509
0.14929
0.31869
-0.285
-0.47878
0.099905
0.054969
-0.23996
-0.099074
-0.072807
-0.07414
-0.040975
0.0053733
-0.045405
-0.10967
-0.10981
0.0011632
0.028397
0.029059
-0.15196
-0.10009
-0.1137
0.061295
-0.16806
-0.035367
-0.03507
0.021356
-0.057381
-0.12205
-0.050796
-0.024147
-0.016712
-0.1039
-0.17783
-0.21779
0.050997
0.050897
-0.0070269
0.018255
-0.1632
-0.10391
-0.044274
-0.0025246
-0.18952
-0.098747
0.065385
-0.14215
0.021069
-0.15763
-0.025491
-0.031308
-0.10033
-0.12215
-0.042347
-0.12172
-0.12163
-0.037439
-0.16845
-0.057312
-0.07927
0.030315
-0.059247
-0.14272
-0.14264
-0.11031
-0.11491
0.055696
-0.049261
-0.13278
0.047662
0.0476
0.0080209
-0.20773
-0.11163
-0.023278
0.017586
0.017828
-0.11626
-0.079733
-0.11359
0.043284
-0.050585
-0.033677
-0.15366
-0.1024
0.00055876
0.00057474
-0.11445
-0.10166
-0.10297
-0.020063
-0.069243
-0.12213
-0.087956
-0.11396
0.0235
-0.058001
-0.13024
-0.11288
0.032866
-0.073011
-0.058008
-0.057929
-0.10036
-0.1335
-0.00079782
-0.053835
-0.069197
-0.13024
-0.079219
0.02045
0.020448
-0.053113
-0.09048
-0.12087
0.011474
-0.7306
0.27405
-0.64227
0.45346
-0.29691
0.27418
-0.031686
-0.42999
-0.043186
-0.25465
0.33801
-0.1927
0.17796
-0.1384
-0.22021
-0.021114
-0.26972
-0.0035704
-0.01771
0.016781
0.088184
-0.22835
-0.01895
-0.11343
0.0060964
-0.0083035
-0.011222
-0.12287
-0.012621
-0.13663
-0.090385
-0.066206
-0.090476
-0.025648
-0.025645
-0.074225
-0.036214
-0.076623
-0.081731
-0.024568
0.014307
0.01441
-0.119
-0.10294
-0.087192
-0.0014172
-0.083693
-0.092353
-0.11227
-0.064013
-0.040618
-0.11032
-0.09041
-0.036774
-0.022614
-0.14526
-0.10036
-0.065508
-0.013221
-0.10039
-0.12029
-0.10038
-0.035172
-0.046162
-0.10416
-0.089185
-0.10164
-0.013281
-0.03813
-0.071769
-0.089798
-0.089138
-0.023869
-0.028158
-0.10295
-0.1334
-0.10784
-0.034369
-0.042523
-0.058704
-0.12158
-0.059299
-0.01079
-0.063685
-0.06993
-0.10038
-0.092312
0.019729
-0.072391
-0.049977
-0.10906
-0.08986
0.0091808
-0.041922
-0.063079
-0.10849
-0.059924
0.0079274
-0.030041
-0.087267
-0.14147
-0.090439
0.018493
-0.10096
-0.070546
-0.13153
-0.10166
-0.0088754
-0.052487
-0.070521
-0.11224
-0.053748
0.017886
-0.018214
-0.091052
-0.078591
-0.10166
-0.061197
-0.10038
-0.099129
-0.10971
0.0085331
-0.080492
-0.079219
-0.1004
-0.038132
-0.0039127
-0.049978
-0.091683
-0.10293
-0.11036
0.0010952
-0.05992
-0.047438
-0.1328
-0.11161
-0.031313
-0.047436
-0.1048
-0.099807
-0.05551
-0.078649
-0.11284
-0.12278
-0.0013966
-0.06058
-0.10227
-0.13092
-0.0014407
-0.048776
-0.091053
-0.11039
-0.068079
0.038422
-0.051236
-0.089221
-0.098565
-0.07797
-0.001434
-0.071187
-0.079879
-0.11285
-0.0014239
-0.10043
-0.061197
0.017873
-0.021355
-0.12096
-0.10041
-0.0014257
-0.038768
-0.10102
-0.079892
-0.1135
-0.010775
-0.028875
-0.06121
-0.13516
-0.028185
-0.022611
-0.054925
-0.07742
-0.081122
-0.11346
0.021006
-0.071748
0.020372
-0.040021
-0.082372
-0.10229
-0.049396
0.039658
-0.032569
-0.069306
-0.079235
-0.091079
-0.042533
-0.059969
-0.099177
-0.089839
0.018485
-0.063087
-0.089229
-0.11163
-0.04818
-0.10044
-0.075001
0.0097787
-0.084811
-0.090438
-0.089868
-0.099811
-0.010782
-0.099812
-0.069313
-0.069321
-0.00020374
-0.041277
-0.12097
-0.11163
-0.091072
0.007904
-0.051856
-0.081729
-0.1098
-0.00080955
-0.04943
-0.091096
-0.10167
-0.00084588
-0.050012
-0.10046
-0.10044
-0.020753
-0.041883
-0.07933
-0.11283
0.00038071
-0.051234
-0.099237
-0.071161
0.0073347
0.0073752
-0.091695
-0.081754
-0.079917
-0.033141
-0.033093
-0.060628
-0.10106
-0.01488
-0.014876
-0.097496
0.10029
0.1009
-0.036941
0.075061
-0.91353
0.026699
0.018756
0.16749
0.10761
-0.10755
0.035496
0.035628
-0.10164
-0.060938
0.0050027
-0.12591
-0.08918
-0.01134
0.032972
0.032741
0.16908
0.079368
-0.030613
-0.13241
0.084015
0.14856
-0.11646
-0.022008
-0.088751
-0.087822
-0.22713
0.16981
0.16501
-0.069418
-0.11084
-0.080946
-0.19343
-0.19051
-0.086173
-0.15491
-0.41009
0.38874
0.39414
-0.15959
-0.24931
-0.10933
0.012555
0.017958
0.080375
-0.78501
-0.62
-1.4597
-1.4572
-6.3554
-3.4102
3.5242
6.2939
6.3309
-2.7309
3.2497
-1.6
-0.39395
0.028654
-0.32276
1.2463
-0.53132
-0.046724
0.23973
0.17435
-0.13525
-0.22646
0.02862
0.96609
0.23693
-3.4896
-8.7835
1.8368
0.83556
-1.6867
6.744
-2.4328
-3.3813
-3.7671
-4.9033
-6.8756
-0.06583
-0.11315
0.13696
3.8522
-2.3022
-2.2407
-2.9859
-1.5054
-0.1419
0.82703
0.63621
0.52331
0.5344
-1.053
-0.51444
0.41036
0.4291
-0.69895
0.30688
0.99909
-0.73194
-0.72809
-0.14679
-0.38702
0.4165
0.88902
0.851
-2.814
-1.6215
1.3967
1.4073
0.090235
-0.36275
-0.34501
-0.28426
-0.078974
-0.14845
-0.14816
-0.29607
-0.58308
0.16334
-0.085825
-0.28048
-0.17766
-0.1656
-0.13473
-1.7627
-0.78306
-1.695
-8.3505
-5.4111
-4.9066
6.211
0.93503
3.0726
3.0125
-0.47081
2.7968
-2.5479
-0.14476
0.22315
0.22237
-0.20452
-0.39567
0.4563
-0.15192
-0.12404
-0.069185
0.42347
0.01192
-0.019557
0.073976
0.92489
-1.1259
-1.7087
-3.4661
-3.4341
1.3442
-0.74049
-2.6431
-0.86453
-4.9142
1.9455
2.033
-9.3372
-1.1493
-1.3873
1.1955
3.5997
12.077
-1.7463
-1.7554
2.4894
-0.44759
0.53393
1.0294
1.0436
-0.87494
0.17236
-0.39698
0.18199
-0.31894
-0.31106
1.5977
1.2729
3.263
0.3017
0.29753
2.5408
0.86629
-1.719
-1.5279
-4.3316
-1.7407
0.11083
-0.66073
0.1028
-0.28434
-0.11635
-0.18701
-0.26825
-0.14278
-0.14778
-0.065474
-0.3772
0.22154
0.0080764
-0.021239
-0.22676
-0.47879
-0.37687
-0.32757
-1.4644
0.23148
-2.3671
0.95433
5.6108
5.6134
-0.34127
-0.33502
-0.18632
0.075827
-1.7756
2.0824
2.0817
-0.33843
-0.055938
0.0099142
-0.062822
-0.016631
-0.58306
0.42842
0.41849
-0.16889
-0.39017
-0.68421
-8.0822
-6.6783
-6.4202
-11.622
-2.6701
1.9585
1.3622
1.6344
2.3404
-2.5623
7.1934
3.9335
-0.62794
3.1553
-0.68807
1.2412
1.2413
4.2825
-11.102
-2.435
-3.9145
0.72499
0.70526
2.8669
-5.1937
-2.784
-0.15976
0.66299
0.53376
0.09094
-0.55295
0.53814
1.6976
2.1062
-1.5083
-1.4838
-0.63437
-2.0166
1.4024
-1.3033
0.09151
-0.68052
-1.0833
-0.24028
-0.39261
-0.32965
-0.3007
-0.2713
-0.23806
-0.24749
-0.15829
-0.29241
-0.2856
-0.2496
-0.29179
-0.01243
-0.18649
-0.4369
-0.43827
-0.77438
-2.1108
-1.4665
-9.6087
-3.4074
3.6471
-5.7174
0.41606
-0.98569
-3.0929
4.3661
1.1699
-0.16895
-0.1166
0.036992
-0.21379
0.13955
-0.14708
0.31049
-0.43173
0.17677
0.032279
0.79138
-0.060418
0.51498
-0.52897
-0.26987
-5.0436
9.3809
-2.3826
-0.21441
8.6637
-2.0543
-6.888
0.98826
0.73673
1.4694
-5.1056
3.4561
-1.1649
0.27556
0.51846
0.14556
10.052
-4.014
-3.6212
3.2284
-2.8552
4.9084
4.0959
-0.94984
-0.88499
-0.40502
-0.38706
-0.55755
-0.54693
0.5588
-0.47007
-0.25205
-0.15759
1.5963
-1.7795
0.72485
-0.77585
0.1565
-0.71863
0.085814
0.56221
-1.2477
-0.77598
-1.0143
0.14681
0.17152
-0.31764
-0.25916
-0.61411
0.79309
-0.89666
0.22307
-0.15984
0.23344
-1.1741
0.97538
-0.13919
0.40446
-0.57068
-0.080984
-0.19256
-0.20236
-0.1964
-0.20625
-0.12939
-0.11843
-0.15122
-0.15868
-0.14747
-0.072014
-0.0040354
-0.10075
-0.14543
-0.19586
0.054272
-0.17753
-0.13428
-0.044438
-0.16949
0.0013074
-0.15997
-0.065738
-0.10406
-0.1162
-0.0097774
-0.079047
-0.17675
0.077049
-0.14922
0.026874
-0.13329
-0.038627
-0.15201
-0.13364
-0.10694
-0.060662
-0.20572
-0.13963
-0.15364
-0.033329
-0.094785
-0.12628
-0.12909
-0.12807
-0.046982
-0.077032
-0.13868
-0.15132
-0.12243
-0.069142
-0.27468
-0.070711
0.0019196
-0.21248
-0.051028
-0.095742
-0.14594
-0.091001
-0.079554
-0.05359
-0.13922
-0.19621
-0.13931
-0.074503
-0.11949
-0.11948
-0.1171
-0.1322
-0.052928
-0.09082
-0.13376
-0.15303
-0.10681
-0.060856
-0.076231
-0.076143
-0.14544
-0.13906
-0.13013
-0.13366
-0.062663
-0.079232
-0.096587
-0.13758
-0.10742
-0.084569
-0.084621
-0.12184
-0.12675
-0.052933
-0.13574
-0.11359
-0.11747
-0.15636
-0.087339
-0.087381
-0.030461
-0.10861
-0.10861
-0.12036
-0.069752
-0.093981
-0.093988
-0.14717
-0.14158
-0.078241
-0.080126
-0.12711
-0.10805
-0.054201
-0.083422
-0.083422
-0.043923
-0.098349
-0.098508
-0.13313
-0.02775
-0.086118
-0.086121
-0.13214
-0.12252
-0.012741
-0.080524
-0.13582
-0.11712
-0.14485
-0.047012
-0.10381
-0.13998
-0.14639
-0.095145
-0.13291
-0.074933
-0.041801
-0.097879
-0.13231
-0.10306
-0.035812
-0.10786
-0.12675
-0.11288
-0.14408
-0.04469
-0.07148
-0.071478
-0.06085
-0.08014
-0.1208
-0.13097
-0.058361
-0.11058
-0.11057
-0.12001
-0.14717
-0.039885
-0.10037
-0.13042
-0.11595
-0.058574
-0.074343
-0.11249
-0.039111
-0.12232
-0.13506
-0.15584
-0.055678
-0.066655
-0.066659
-0.13218
-0.10771
-0.030828
-0.092109
-0.15759
-0.12795
-0.13854
-0.054491
-0.094412
-0.094416
-0.12776
-0.13663
-0.049308
-0.090325
-0.11677
-0.11562
-0.099612
-0.047408
-0.07265
-0.072652
-0.14971
-0.13854
-0.06879
-0.097103
-0.10733
-0.15221
-0.12157
-0.069178
-0.089195
-0.089191
-0.12697
-0.10828
-0.041249
-0.084543
-0.11965
-0.13275
-0.11327
-0.056467
-0.075338
-0.075352
-0.11368
-0.11808
-0.050099
-0.10828
-0.13023
-0.11421
-0.13312
-0.072017
-0.090453
-0.1294
-0.12424
-0.08358
-0.1139
-0.11372
-0.12924
-0.15489
-0.10086
-0.091996
-0.091979
-0.12485
-0.14339
-0.095912
-0.038428
-0.074566
-0.074644
-0.11273
-0.097579
-0.097236
-0.1358
-0.10044
0.0071913
-0.105
-0.091467
-0.11975
-0.22082
-0.10699
-0.18503
-0.36937
-0.36821
0.85957
-0.59999
-0.436
5.2656
5.2449
8.121
5.0188
-4.7024
-1.258
-1.2963
-8.7624
0.19952
-2.2924
-4.7608
-4.7827
-5.0907
2.4243
3.1954
7.02
7.14
3.5899
1.6498
-4.1605
0.14444
-3.0665
-3.0585
0.48836
-0.056573
0.39315
-0.65065
-0.0066629
-0.27076
-0.099121
0.18879
-0.18219
-0.34138
-0.48535
0.0090276
0.84616
-0.2113
0.35931
-0.4529
0.28661
-1.2297
-1.2292
2.7102
-2.0872
-0.21406
0.046908
-0.30676
-0.30423
-0.22207
-0.38705
-0.013551
-0.18558
-0.19954
-0.21719
-0.15088
-0.1507
-0.095186
-0.39515
-0.14138
0.028086
-15.774
-15.623
-2.0465
5.014
2.175
1.969
1.9634
-0.18619
-3.3599
3.8399
4.4148
-0.038138
-0.036361
0.13593
-0.36983
0.19896
0.19811
-0.25929
-0.14831
-0.80117
0.38114
0.44574
0.65389
-0.50622
0.2047
2.6183
-1.2809
-1.2494
-5.0927
-1.3221
3.9187
8.5385
-3.0854
-4.597
12.082
1.4458
-2.1542
-2.0432
5.4667
-1.8496
-8.1045
3.1557
-1.3769
-1.5035
0.5641
-0.59446
6.8043
3.1741
-0.26022
-0.73041
-6.1566
-0.31831
-0.20276
1.307
1.2327
-0.078899
0.44034
0.45031
0.46194
0.6105
0.48317
0.57141
-0.16868
-1.5439
-1.5223
0.27801
-1.2789
2.6396
2.6051
-0.9712
0.5822
-0.25199
-0.090706
-0.25036
-1.3731
-0.5203
-0.52596
-0.27342
0.55705
-0.6459
0.24349
-3.3485
-3.3284
-6.2729
-3.4384
1.8638
2.4452
-1.9835
-1.8735
-4.1727
-9.782
3.2501
2.0079
3.8755
2.8106
10.642
0.3482
9.3206
1.3458
-2.3133
0.25913
0.24802
-0.39114
-0.095268
0.48422
-0.43701
1.009
1.0332
-0.26792
-1.6013
2.3452
4.4611
3.3563
0.52487
1.409
5.9188
5.9883
-2.8203
-12.729
-2.3936
-2.4044
-3.2709
-1.5117
3.6661
-2.4708
-10.664
2.2845
2.2204
2.2157
11.023
-0.68158
-0.28824
-4.5804
-2.5652
-0.46981
-0.8308
0.47494
-0.35005
-0.66205
-0.70251
-0.56902
0.66182
-1.9599
-0.90149
-0.91912
-0.25286
1.854
-3.033
-6.5608
3.7514
3.7689
0.83968
-2.0499
0.98904
0.16828
0.16612
-0.41072
0.31849
-0.31306
-0.31226
-0.30974
-0.19438
-0.3498
-0.35756
-0.36622
-6.6397
-9.2318
2.1371
15.963
15.905
-12.372
-4.6156
-10.051
-5.6247
0.55802
0.60461
0.54985
-1.3992
7.5164
6.5579
6.4882
8.104
-0.15348
0.50607
-1.108
-1.0847
0.10967
0.060091
-0.28314
-0.26341
-0.57388
0.91243
-1.7327
0.84577
0.85494
0.59637
-0.73073
8.1465
20.052
-1.7371
-1.8381
2.8177
-14.272
-6.7584
-6.8152
-2.0956
4.592
-0.92021
-11.602
-11.568
1.3179
6.7346
3.754
-3.4393
-3.1255
-4.3098
-0.92496
1.9419
-3.5316
-1.5143
-2.0061
0.20196
-0.24967
-0.80091
1.4553
2.2228
-0.24362
0.077194
-0.12292
6.0997
4.3204
5.0377
-2.1321
-1.2115
-1.1929
-3.2817
-5.8734
-2.2856
-3.3726
-2.9919
-2.0333
-3.0982
-2.1463
-1.4058
-1.4103
2.4528
3.7114
0.42132
-0.031193
-0.028372
-1.1353
-0.61535
-0.15729
0.90763
0.86658
-0.63645
-0.21165
-0.60723
-0.18698
-0.18499
-0.38559
-0.17066
-0.22818
-0.04014
-0.34085
-0.33107
-0.024836
-0.098898
-0.19326
-0.19175
-0.099248
-0.11685
-0.17319
-0.24272
0.093723
0.092827
0.1671
-0.40747
0.15766
-0.17416
0.10488
-0.01495
-0.035744
-0.13518
-0.091021
0.036034
-0.047076
0.064345
-0.12148
-0.082502
-0.79785
0.90727
-0.13225
0.1166
0.083492
-0.44572
0.036054
-0.40625
-0.12279
-0.038961
-0.22033
-0.084377
-0.20034
-0.029192
-0.055875
0.23216
-0.21444
-0.33894
-0.31393
-0.072911
0.086267
-0.17242
-0.052712
-0.21085
-0.070193
-0.052282
-0.094892
-0.086872
-0.12715
-0.093223
-0.059834
-0.1367
-0.08415
-0.14076
-0.13938
-0.023968
-0.13787
-0.17498
-0.16029
-0.14115
-0.090968
-0.073772
-0.09182
-0.13963
-0.080997
-0.059866
-0.075665
-0.092559
-0.11836
-0.11864
-0.029672
-0.092375
-0.10619
-0.14448
-0.13557
-0.05358
-0.071076
-0.094267
-0.15985
-0.10837
-0.049828
-0.099005
-0.11551
-0.15037
-0.11228
-0.046121
-0.11148
-0.11147
-0.13879
-0.13328
-0.020146
-0.088244
-0.088324
-0.1132
-0.083259
-0.10461
-0.11561
-0.1156
-0.14431
-0.11359
-0.069814
-0.12179
-0.1218
-0.1363
-0.061278
-0.084672
-0.10811
-0.10809
-0.12325
-0.061981
-0.077833
-0.10085
-0.14561
-0.10424
-0.046112
-0.078462
-0.14422
-0.14421
-0.13046
-0.050503
-0.066697
-0.11971
-0.11967
-0.1039
-0.069176
-0.054385
-0.11253
-0.1039
-0.11672
-0.068135
-0.081902
-0.13595
-0.13594
-0.14806
-0.072901
-0.10566
-0.13633
-0.10602
-0.063404
-0.03781
-0.091597
-0.12875
-0.12007
-0.12154
-0.068164
-0.068486
-0.12875
-0.077521
-0.097321
-0.13563
-0.14321
-0.077485
-0.046457
-0.085074
-0.11434
-0.13163
-0.11976
-0.038534
-0.075364
-0.13292
-0.15149
-0.13846
-0.083259
-0.078595
-0.12224
-0.060906
-0.12048
-0.12519
-0.097787
-0.051557
-0.14718
-0.12085
-0.12053
-0.074578
-0.1158
-0.14505
-0.11329
-0.060191
-0.099547
-0.10607
-0.10608
-0.1017
-0.053322
-0.13425
-0.114
-0.06055
-0.11691
-0.059835
-0.060548
-0.091594
-0.109
-0.12343
-0.12128
-0.060196
-0.076051
-0.084325
-0.10639
-0.13936
-0.1307
-0.10454
-0.11187
-0.032009
-0.11258
-0.11259
-0.11513
-0.047211
-0.07501
-0.10068
-0.13534
-0.15052
-0.11224
-0.13608
-0.13609
-0.078639
-0.060556
-0.089475
-0.13968
-0.15163
-0.11985
-0.062704
-0.12348
-0.13574
-0.054425
-0.13217
-0.096694
-0.071027
-0.089837
-0.11369
-0.11371
-0.12276
-0.068138
-0.069985
-0.13758
-0.1137
-0.12816
-0.02799
-0.10108
-0.11481
-0.1148
-0.099262
-0.046834
-0.083365
-0.12315
-0.062025
-0.14104
-0.1413
-0.11909
0.19835
-0.51608
-0.521
-0.1862
-0.044362
0.033862
-0.29822
-0.13776
-0.14205
0.013365
-0.086479
-0.10503
-0.094555
-0.21457
0.0196
-0.23368
-0.067748
-0.053739
-0.30578
-0.30286
-0.30919
-0.023138
-0.0070727
-0.24504
-0.22896
-0.2261
-0.085988
-0.2852
-0.26991
-0.17873
-0.20552
0.069284
-0.10217
-0.17478
-0.17561
-0.36007
-0.39519
0.024731
-0.33251
-0.33581
-0.22909
-0.16221
-1.5521
-1.7796
-1.0875
0.92233
0.93429
2.0105
2.3173
0.36538
0.36511
0.63056
-0.46947
0.23404
-0.33916
-0.20207
-0.467
0.12818
-0.18367
-0.0027657
-0.3124
-0.41818
-0.25588
-4.264
9.3554
9.8563
1.3346
4.1447
-6.8545
-8.6567
-8.5681
-3.3559
-4.8759
2.6253
2.7993
4.652
19.514
1.346
-3.7994
1.377
0.36587
-1.5842
-0.48371
-1.0857
-0.69751
1.1622
-1.294
-1.6075
-1.7402
1.7716
0.35779
-2.0338
-1.0674
-1.0738
3.0208
-0.87454
0.30011
3.5655
1.9334
1.8973
0.0751
0.080092
-0.52687
-0.34648
0.14513
-0.10163
0.1301
0.13619
-0.3978
-0.15812
-0.35231
-0.40337
-0.45314
-0.47051
-1.0426
-2.1729
-2.2096
-1.5649
2.902
0.2108
0.24469
0.81589
-0.2634
0.15009
-0.35885
-0.63274
-0.62695
-0.24798
-0.43708
-0.27161
0.31437
-0.36751
-0.57296
-3.1769
-0.31208
5.1533
-8.0625
-0.16283
-8.2164
-4.5325
-3.3926
2.5582
2.5104
3.9328
-4.5678
-1.3252
-0.90204
-2.3688
-3.8073
28.956
-6.5597
-1.2034
-0.57358
-0.14646
0.16073
0.15915
-0.12399
0.026843
-0.69797
1.1702
1.0381
-1.5903
-0.41586
2.7438
2.248
-0.83512
-0.022368
1.323
1.3269
0.22394
-4.2312
1.9205
0.12974
-0.32573
0.055257
0.065974
-0.053663
-0.32522
-0.17115
-0.19705
0.064728
-0.28
-0.23094
-0.46489
-0.46506
0.45075
-0.62089
0.1408
1.4316
1.4077
0.092634
0.067029
-0.27841
-0.012671
-0.16909
-0.16548
-0.11035
-0.082149
0.021941
-0.13914
-0.014194
-0.44429
-0.21417
-0.10522
-1.8001
-2.6098
-1.0595
2.5244
-2.2078
-7.4367
-7.4651
-1.6841
-4.9547
-10.165
5.0594
0.15235
-0.03113
-1.3114
1.7146
5.4649
14.649
-3.5658
0.01624
-1.4218
-0.53388
0.2426
-0.10447
-0.49107
-0.51659
0.31553
0.34449
-0.40544
-1.9376
-1.486
0.68576
1.7984
-0.84925
-0.69416
-0.046839
-0.19581
0.085007
-0.51378
0.57988
-0.045591
2.7036
-0.83005
-0.84062
-0.41055
0.15654
-0.84794
-0.032294
-0.034745
-0.26886
0.13714
-0.0034395
-0.152
-0.068335
-0.10673
-0.30622
-0.089782
-0.30151
-0.38121
-0.17951
-0.20791
-0.57064
0.3227
0.3391
-0.34957
-1.0416
0.17962
0.17939
-0.35
-0.34123
-0.11583
-0.22904
-0.23023
-0.17432
-0.21828
0.016968
-0.010215
-0.019203
-0.19764
-0.32249
0.0902
-0.13754
0.015667
0.015868
-0.25553
-0.23384
-2.5042
-1.605
-2.0321
-3.6863
-3.3309
-5.7455
-1.5155
-1.4031
-1.2771
-10.628
3.2677
4.9965
5.1424
-0.18772
-0.60821
2.8381
1.5007
1.4932
-0.8472
0.67516
0.30229
0.24765
-0.47455
-0.47706
-0.37305
0.24453
-2.2149
-3.0366
0.54333
2.415
0.041103
-1.6996
-0.47775
-0.1035
1.1327
-0.10344
-1.7856
-1.7819
0.0050049
2.0582
-2.4579
-0.037568
-0.1602
-0.15958
-0.33146
-0.42665
0.13329
-0.32901
0.22643
-0.24779
-0.28793
-0.019207
-0.21892
-0.21898
-0.48556
-0.52912
-0.51973
0.30971
-0.53925
-0.71986
0.27486
-0.0022177
-1.0285
0.7281
1.166
-0.059769
0.51776
-0.37628
-0.36875
-0.54786
-0.26815
-0.090073
-0.34768
-0.26475
-0.26031
-0.26958
-0.26839
-0.21416
-0.50068
-0.16625
-0.17956
0.0099147
-0.26301
-3.1303
-4.2833
-4.1541
-9.1144
1.514
-2.2473
-2.2046
-5.3888
0.3104
2.4752
2.6443
2.3776
-2.7651
6.034
3.0053
2.7357
2.6784
-1.0661
2.3647
-1.5902
0.24671
0.017935
-0.13163
-0.27462
0.18493
-0.23117
-0.22842
-0.38372
-0.014029
0.60386
0.42622
0.41888
-0.31546
0.14137
-0.23554
-1.289
-0.89237
-1.3311
2.5305
-0.18317
-0.34749
-0.37393
0.21115
-0.41166
0.44549
-0.38321
-0.38395
-0.064023
-0.33603
-0.23961
-0.061562
-0.059171
-0.26697
-0.32884
-0.28923
-0.38365
-0.37889
-0.021087
-0.17187
-0.34436
-0.76157
0.26735
0.28344
0.55114
0.10228
0.34501
0.33596
0.15344
0.35535
-0.45144
-0.51522
-0.50693
-0.23209
-0.1496
-0.20339
0.018513
-0.27906
-0.38002
-0.37603
-0.63212
-0.019628
-0.10543
-0.10384
-0.12399
-1.8652
0.056576
6.5851
-6.5485
-5.2661
-3.1879
-2.5073
-2.5093
-2.6599
1.2446
-7.5361
5.2422
-4.6887
1.5113
13.284
-0.35666
13.58
-3.7809
-0.768
-0.33027
-0.73811
0.19361
0.08869
0.099994
-0.66565
0.89192
-2.0172
-0.1897
-2.0901
-2.0869
2.4001
-0.52568
-1.4395
-1.4341
1.1012
0.69023
-0.060023
-0.080611
0.58693
0.73623
-0.19278
-0.19298
-0.19757
-0.44154
-0.20027
-0.2329
0.018021
-0.36469
-0.36479
-0.070384
0.063465
-0.18759
-0.31649
-0.3176
-0.45414
0.13119
-0.44161
0.033465
-0.38844
-0.38861
-0.45025
-0.23678
-2.671
-0.13356
0.6826
1.156
1.2034
-0.052186
-0.37106
-0.33344
-0.294
-0.37038
-0.22643
-0.40391
-0.397
-0.29646
-0.31294
-0.26326
-0.081107
-0.086805
-0.10167
-0.26229
-0.58938
-0.60062
-2.2314
-4.2738
3.2004
-6.092
-1.4869
-1.7108
4.1033
-8.4667
-1.3025
-0.28473
5.7107
5.7335
0.42132
4.5304
1.3588
10.136
-1.5927
3.3889
-4.8577
-4.9337
-0.081679
-0.10107
0.58245
0.20867
-0.21121
-0.21456
0.038063
-1.472
0.13483
0.48124
-0.7269
-1.9477
0.66717
0.082809
0.07702
0.24229
0.42848
1.0307
-0.32784
0.30941
0.26728
-0.41893
-0.073271
-0.66802
-0.20852
-0.53257
-0.15747
0.01914
-0.30011
-0.29194
-0.053143
-0.29843
-0.58256
0.035444
-0.47436
-0.47617
-0.30852
-0.15086
0.092844
-0.52
-0.47768
-0.33414
0.97383
-0.35862
-0.45937
-0.22228
-0.17535
-0.0083984
-0.1304
-0.13731
-0.25571
0.019363
-0.18416
-0.21754
-0.26238
-0.104
-0.1632
-0.26602
-0.57774
0.089386
0.12044
-0.074078
-0.30824
-0.83498
-2.1564
-1.5658
3.8183
-1.6129
-2.0523
-4.2343
-4.2127
-7.6509
-1.6298
-8.3703
6.9785
7.0789
1.4941
4.0191
1.7091
1.4991
5.9421
5.9643
0.35811
-0.24978
0.32364
0.32022
0.23003
-1.1099
0.54207
-0.46892
-0.46946
-0.39853
-0.078437
-0.34426
1.9307
-1.0297
-1.0374
1.2627
1.8938
0.27662
0.27672
-0.58624
0.3542
0.37687
-0.8273
-0.5167
-0.43627
-0.45092
0.0037599
-0.13499
-0.1368
-0.032673
-0.44081
-0.0071118
-0.22541
-0.14216
-0.41031
-0.18808
-0.48913
-0.07024
-0.11005
-0.22797
-0.83919
0.15848
-6.3724
-6.2719
-2.9603
1.5753
1.7936
-0.49022
-2.5815
-4.5883
2.2306
5.1637
2.1857
-1.9813
-1.1851
-0.0081327
-0.26817
-0.15584
-0.1576
-0.21666
-0.015798
-0.20083
-0.081013
-0.11975
-0.18106
-0.13686
-0.10908
-0.29216
-0.1481
-0.12364
-0.12692
-0.18993
-0.18976
-0.2095
-0.35718
-0.023315
-0.042372
-0.53486
-0.07486
0.070865
0.081462
-0.038584
-0.30456
-0.17373
0.067233
-0.22532
-0.13413
-0.1038
-0.21221
-0.21107
-0.3629
-0.12613
-0.20799
-0.20825
-0.050551
-0.15083
-0.3003
-0.33837
-0.105
-0.10542
-0.19226
-0.10897
-0.32437
-0.083566
-0.19895
-0.11509
-0.18624
-0.15939
-0.21935
-0.070284
-0.14461
-0.12294
-0.16877
-0.1002
-0.15469
-0.14887
-0.21873
-0.12745
-0.08965
-0.089624
-0.13258
-0.21428
-0.21975
-0.2275
-0.11733
-0.12657
-0.18015
-0.1897
-0.16523
-0.094835
-0.14506
-0.16167
-0.15398
-0.096586
-0.10296
-0.26189
-0.25582
-0.1763
-0.084287
-0.084237
-0.1898
-0.10517
-0.24187
-0.15022
-0.11305
-0.088708
-0.21275
-0.15684
-0.16676
-0.057762
-0.14788
-0.15426
-0.16384
-0.16769
-0.10896
-0.12392
-0.25916
-0.17816
-0.16017
-0.16553
-0.15182
-0.1281
-0.25844
-0.14111
-0.17719
-0.07152
-0.18005
-0.10271
-0.20339
-0.099097
-0.12665
-0.16048
-0.18839
-0.2222
-0.079186
-0.14951
-0.21466
-0.16967
-0.13647
-0.064426
-0.1559
-0.17635
-0.24879
-0.1659
-0.088718
-0.12215
-0.20029
-0.20313
-0.19946
-0.11735
-0.14241
-0.17902
-0.17967
-0.15921
-0.098362
-0.12557
-0.17551
-0.16198
-0.21221
-0.09368
-0.12581
-0.13617
-0.20489
-0.21531
-0.069234
-0.15424
-0.11193
-0.22507
-0.13333
-0.12493
-0.13349
-0.15693
-0.17075
-0.16596
-0.12918
-0.10347
-0.19272
-0.1617
-0.21341
-0.056936
-0.22513
-0.10455
-0.18782
-0.11097
-0.1276
-0.17213
-0.12111
-0.19135
-0.16937
-0.14335
-0.092115
-0.17109
-0.15394
-0.19863
-0.12515
-0.16648
-0.18631
-0.15512
-0.17225
-0.088319
-0.19169
-0.18693
-0.22355
-0.15927
-0.092009
-0.18202
-0.15653
-0.19854
-0.16561
-0.14866
-0.13446
-0.19861
-0.17479
-0.15803
-0.11687
-0.10983
-0.14246
-0.18786
-0.18786
-0.12435
-0.098201
-0.20589
-0.16769
-0.11003
-0.11001
-0.16446
-0.15004
-0.14322
-0.1432
-0.12717
-0.18831
-0.17602
-0.20702
-0.10106
-0.11045
-0.13352
-0.20683
-0.17966
-0.17968
-0.15068
-0.18072
-0.18695
-0.12313
-0.12309
-0.13623
-0.18064
-0.19383
-0.18201
-0.182
-0.13183
-0.16482
-0.19607
-0.20601
-0.097373
-0.1644
-0.17434
-0.21109
-0.17624
-0.17618
-0.09415
-0.19926
-0.18024
-0.20425
-0.10685
-0.10506
-0.18576
-0.1979
-0.1911
-0.1911
-0.16623
-0.15496
-0.20152
-0.14223
-0.1119
-0.11956
-0.15986
-0.12683
-0.16031
-0.1957
-0.16624
-0.14712
-0.11236
-0.17037
-0.20244
-0.16399
-0.16401
-0.12458
-0.16034
-0.1495
-0.14951
-0.16583
-0.19618
-0.17397
-0.20567
-0.20567
-0.14817
-0.19281
-0.16997
-0.17436
-0.099565
-0.10836
-0.1903
-0.17219
-0.17677
-0.17682
-0.12376
-0.14459
-0.14489
-0.16317
-0.1795
-0.16755
-0.11698
-0.17436
-0.19494
-0.14499
-0.093655
-0.12007
-0.17579
-0.19669
-0.15954
-0.15955
-0.15092
-0.1949
-0.17362
-0.12915
-0.10465
-0.11502
-0.16414
-0.16859
-0.16962
-0.16961
-0.13731
-0.18353
-0.1655
-0.18951
-0.18952
-0.14452
-0.14273
-0.14272
-0.14137
-0.16091
-0.19588
-0.18766
-0.18767
-0.1201
-0.18595
-0.20224
-0.1977
-0.1977
-0.16177
-0.15562
-0.1749
-0.14196
-0.14198
-0.14146
-0.16461
-0.16694
-0.13331
-0.16772
-0.21224
-0.14832
-0.19774
-0.13374
-0.13374
-0.12011
-0.14927
-0.21044
-0.16967
-0.16967
-0.12464
-0.17192
-0.16558
-0.21323
-0.21323
-0.11014
-0.16552
-0.19554
-0.12968
-0.12968
-0.10417
-0.14956
-0.19227
-0.15563
-0.15563
-0.1164
-0.13091
-0.20416
-0.17518
-0.10555
-0.13883
-0.10552
-0.14318
-0.15034
-0.090056
-0.090589
-0.2738
-0.098144
-0.26784
-0.14634
-0.21889
-0.15183
-0.18427
-0.33381
-0.14108
-0.12448
-0.043721
-0.31515
-0.1155
-0.43058
-0.43318
-0.018996
-0.25269
-0.19729
0.020696
-0.27511
-0.27585
-0.0014323
-0.12743
-0.0085122
-0.49945
-1.3401
4.4877
8.5321
5.1391
-1.3185
-1.044
-3.6148
-2.3102
-1.9395
3.3469
-7.1696
-6.7067
1.7721
3.3798
-7.3038
6.7403
-2.4296
5.2131
-3.1782
3.6114
5.2267
-0.29824
-4.3092
3.033
-0.095988
-1.8297
-1.8383
4.0448
-0.49137
-1.3022
0.25758
1.1603
-3.6816
0.61172
0.0080434
0.3658
-5.2347
3.8754
-2.8348
-1.1947
3.9988
-2.1463
3.4345
-1.1687
1.2663
-0.84357
-0.57626
-0.35278
-0.17647
0.2895
-0.27192
-0.219
-0.29659
-0.79357
-0.50244
-2.5062
-2.5227
1.8671
1.8969
0.042327
-1.5112
-1.538
-1.548
-12.394
2.8087
0.99307
1.0546
1.319
0.022526
-3.9054
1.0959
1.2172
15.11
3.3545
1.2377
0.04802
0.047876
-0.4821
-0.87433
-0.080865
-0.18782
-0.58553
-0.68743
-0.68697
-3.4001
1.0485
-1.4953
-2.5767
-4.5496
0.99555
13.986
3.2887
-0.050549
-0.2118
5.7275
7.8752
-9.9049
-7.6545
-0.031041
6.4142
8.081
12.355
-8.1878
1.1242
0.28394
-0.31914
1.2664
0.93197
-0.82207
-0.37193
-0.66503
-4.2606
-4.2097
6.4538
0.018257
-1.4706
1.5201
0.30728
1.37
4.5159
-2.7721
0.5909
0.57808
-1.1709
-1.1278
5.1413
-4.6207
-1.6128
-5.0689
1.1095
1.8322
1.0962
-0.62061
0.37972
-0.6029
-0.43814
1.2027
1.2495
0.72567
-0.57876
-1.7639
-0.80526
0.51028
3.4406
2.6579
2.942
5.6412
-4.9732
2.5822
-7.2326
-5.3458
-0.18327
-0.75966
1.4089
-4.2848
3.9317
-2.9144
3.418
-1.1405
-0.9263
-0.05045
0.79759
-0.56134
0.068942
-0.26792
-0.62069
-2.9754
-2.7774
-4.6689
-0.17267
-0.41703
-5.9321
-1.4654
4.037
-3.7093
-8.8649
-2.1766
8.8457
-4.9871
-2.1762
-5.5402
-1.3245
-3.3449
10.961
8.9952
8.1682
3.1056
7.6548
-7.0687
-1.9966
2.2377
0.84331
0.42193
-0.085663
0.071897
-1.995
9.7961
7.9696
-3.1954
-5.5198
-8.8223
-0.3489
-1.5588
-0.92419
0.82714
-1.8368
-6.2423
-0.33209
3.5535
-0.40489
-2.0674
-0.75157
-1.8323
-2.0548
0.52888
-0.088837
-0.21472
-0.18983
-0.24899
-0.95071
0.66102
-0.58277
-0.20385
-0.95814
0.48257
-1.2772
0.19187
-0.33461
0.71246
0.65586
0.59511
-0.29018
1.0542
4.1533
-2.7299
-1.202
-2.1889
-5.7903
2.7462
-0.036868
-0.15872
1.1761
1.9089
-0.98798
0.44228
-0.32899
-1.1003
-0.048385
-0.38312
-1.4303
0.65813
-0.80185
-0.91164
0.11854
-1.5694
-2.1162
0.11455
8.2889
-0.43564
-1.6662
0.12414
-4.2329
-4.7451
4.4246
0.78471
0.85511
-4.8261
7.2235
-7.9118
11.429
-8.8009
4.0601
-2.9449
1.533
7.7272
-1.0325
0.33991
-2.6129
-0.069405
0.43947
0.65773
-0.11234
-1.4957
0.057689
-0.35852
0.094056
-0.050429
-0.56269
-2.5334
2.9495
2.6221
-1.8455
1.1256
-0.12319
-0.97079
-10.465
0.10604
1.3892
-6.8773
3.2323
0.91218
3.7672
0.40705
1.4143
-1.6144
-3.0929
-2.6206
3.6027
-0.5481
0.81562
0.54987
-0.53834
0.15797
-0.063903
-0.34907
0.10696
-0.1047
-0.33479
-0.09464
-0.32387
-0.28281
-0.21266
-0.11153
-0.29405
-0.15356
-0.15356
-0.15783
-0.18497
-0.54449
-0.16083
-0.16148
0.0033212
0.0035616
-0.16839
-0.23456
-0.23557
-0.17505
-0.17515
-0.06945
-0.14906
-0.23426
-0.1821
-0.18198
-0.13888
-0.059094
-0.059635
-0.18215
-0.15533
-0.17887
-0.099959
-0.16072
-0.15883
-0.12815
-0.13168
-0.070812
-0.07062
-0.089483
-0.15702
-0.13054
-0.12972
-0.12998
-0.15225
-0.21706
-0.19987
-0.1298
-0.13018
-0.16876
-0.16565
-0.12454
-0.065307
-0.065274
-0.15421
-0.16635
-0.13779
-0.091528
-0.091526
-0.54173
-0.019931
0.044215
-0.010031
-0.010188
-0.11403
-0.17857
-0.13779
-0.12179
-0.12182
-0.15794
-0.16254
-0.12458
-0.092204
-0.092243
-0.17014
-0.1759
-0.19128
-0.07496
-0.074954
-0.17094
-0.18752
-0.15998
-0.083038
-0.083032
-0.1655
-0.16389
-0.17313
-0.082634
-0.08261
-0.17055
-0.17151
-0.16426
-0.12752
-0.12752
-0.14894
-0.16791
-0.12844
-0.0737
-0.073739
-0.1852
-0.17118
-0.14654
-0.097001
-0.096993
-0.16504
-0.15244
-0.17052
-0.11512
-0.11513
-0.11381
-0.15621
-0.12223
-0.087728
-0.087707
-0.15227
-0.18459
-0.16164
-0.10245
-0.10245
-0.16347
-0.17238
-0.1835
-0.074126
-0.074132
-0.15881
-0.18592
-0.13275
-0.091524
-0.091526
-0.1643
-0.16856
-0.14773
-0.083444
-0.083441
-0.15034
-0.16469
-0.18714
-0.096194
-0.096196
-0.14773
-0.17947
-0.13603
-0.074133
-0.074128
-0.16131
-0.17198
-0.1777
-0.089315
-0.089315
-0.15526
-0.18248
-0.16892
-0.085253
-0.085248
-0.14005
-0.17721
-0.14895
-0.075757
-0.075766
-0.13093
-0.19528
-0.1706
-0.083038
-0.083038
-0.17772
-0.172
-0.18817
-0.087685
-0.087683
-0.12308
-0.16391
-0.17241
-0.1126
-0.11253
-0.13197
-0.17182
-0.17324
-0.13117
-0.10589
-0.16127
-0.15081
-0.16514
-0.17018
-0.095554
-0.14385
-0.1613
-0.16515
-0.11843
-0.051524
-0.051517
-0.12293
-0.16197
-0.16515
-0.1724
-0.069231
-0.14106
-0.16896
-0.15765
-0.069486
-0.069492
-0.17282
-0.17282
-0.12167
-0.083442
-0.12389
-0.17566
-0.18438
-0.15363
-0.073138
-0.13964
-0.18679
-0.18679
-0.17061
-0.16976
-0.087092
-0.15625
-0.17117
-0.13157
-0.10021
-0.12852
-0.12853
-0.14007
-0.16313
-0.16211
-0.15
-0.16252
-0.19488
-0.091538
-0.13785
-0.13785
-0.1532
-0.16976
-0.1239
-0.080403
-0.13115
-0.14899
-0.17203
-0.16171
-0.13241
-0.13242
-0.16254
-0.18094
-0.17872
-0.091956
-0.11272
-0.14774
-0.1073
-0.084274
-0.12251
-0.12249
-0.16659
-0.19184
-0.16253
-0.082626
-0.15304
-0.16881
-0.17608
-0.21067
-0.083454
-0.12085
-0.12084
-0.15808
-0.14859
-0.078008
-0.14372
-0.16436
-0.18178
-0.15544
-0.092392
-0.14817
-0.15668
-0.15668
-0.16685
-0.099633
-0.1405
-0.14859
-0.16394
-0.11581
-0.078999
-0.11272
-0.16313
-0.17064
-0.17105
-0.075786
-0.11581
-0.19491
-0.16983
-0.1698
-0.15547
-0.09547
-0.12391
-0.16478
-0.15752
-0.12433
-0.076177
-0.10731
-0.15447
-0.17692
-0.16256
-0.13117
-0.15809
-0.16396
-0.17427
-0.096
-0.12573
-0.14092
-0.16901
-0.12674
-0.061816
-0.12672
-0.13787
-0.17289
-0.13117
-0.11143
