25.485
25.258
24.989
25.221
25.456
24.998
25.269
25.274
25.415
25.26
25.557
24.545
25.487
25.33
24.803
25.243
25.153
25.363
25.211
25.128
25.461
25.101
25.058
25.215
25.238
24.751
25.493
25.202
25.283
25.244
25.443
25.279
25.444
25.385
24.749
25.32
25.458
25.317
25.317
25.371
25.428
25.104
25.215
25.399
25.076
25.093
25.102
25.253
24.999
25.144
25.22
25.332
25.378
25.107
25.389
25.395
25.186
25.364
25.397
24.783
25.33
25.192
25.38
24.543
25.08
25.393
25.39
25.155
25.386
25.35
24.764
25.423
25.373
24.642
25.357
25.301
24.729
25.35
25.291
24.632
25.419
25.178
25.37
25.386
25.397
25.361
24.631
25.367
25.276
24.803
25.311
25.407
24.642
25.549
25.321
25.311
25.304
25.428
25.282
25.415
25.314
24.799
25.316
25.482
25.087
25.305
25.124
25.517
24.596
24.766
25.267
25.596
24.584
25.527
25.071
24.761
25.268
25.427
24.545
25.402
25.162
24.817
25.268
25.246
24.614
25.453
25.021
25.342
24.62
25.339
25.464
24.723
25.271
25.389
24.718
25.206
25.23
25.314
25.108
25.181
25.358
25.314
25.259
25.021
25.258
25.39
25.301
25.399
25.332
24.839
25.279
25.456
25.281
24.617
25.243
25.395
25.382
24.611
25.396
25.333
24.882
25.377
25.335
24.636
25.387
25.41
24.729
25.372
25.29
24.979
25.412
24.785
24.916
24.701
25.38
25.322
25.266
25.363
25.079
25.045
25.262
25.353
25.138
25.36
25.409
24.836
25.41
25.373
25.198
25.198
25.269
25.079
25.33
25.361
25.001
25.33
25.358
25.073
25.42
25.26
25.098
25.344
25.352
25.166
25.282
25.29
25.532
25.084
25.519
25.292
25.297
25.254
25.288
25.097
25.52
24.819
25.114
25.287
25.395
24.615
25.343
25.263
24.798
24.814
25.444
25.108
25.52
25.188
25.507
24.7
25.415
25.293
24.774
25.284
25.484
25.258
25.296
25.311
24.791
25.158
25.435
25.058
25.182
25.407
25.365
25.292
25.483
25.321
24.784
25.297
25.429
25.32
24.831
25.417
25.405
24.787
25.36
25.457
24.944
24.826
25.217
25.04
25.344
25.389
24.808
25.279
25.284
24.773
25.121
25.453
24.917
25.257
25.269
25.265
25.035
24.852
25.385
25.277
25.168
25.3
25.363
24.619
25.262
25.313
24.801
25.228
25.206
24.648
25.394
25.409
25.179
25.361
25.215
25.258
25.369
25.348
25.373
24.831
25.364
25.071
24.689
25.34
25.384
25.175
25.343
25.333
24.719
25.217
25.308
24.648
25.221
25.403
24.973
25.037
25.348
24.666
25.158
25.243
25.202
24.934
25.127
25.53
25.207
24.972
25.23
25.385
25.039
25.539
25.27
24.815
25.34
25.687
24.66
25.541
25.31
24.805
25.185
25.334
24.723
24.779
25.242
25.145
24.684
25.441
25.36
24.769
25.377
25.353
25.167
25.171
25.319
25.292
25.16
25.455
25.158
25.427
25.314
24.875
25.32
25.412
25.171
24.951
25.26
25.384
24.765
25.163
25.31
25.356
25.408
25.433
25.23
25.134
25.427
25.379
25.222
25.389
25.128
24.895
25.395
25.401
24.676
25.212
24.891
25.188
25.374
24.917
24.823
25.145
25.331
25.185
25.342
25.425
25.274
24.623
25.226
25.385
24.783
25.239
25.457
25.255
25.403
25.331
24.842
25.332
25.421
25.16
25.418
25.356
25.189
25.454
25.442
25.306
24.89
25.384
25.505
25.041
25.31
25.374
24.798
25.393
25.363
24.821
25.423
25.279
25.058
25.087
25.616
24.674
25.276
25.275
24.658
25.28
25.423
24.98
25.432
25.402
25.138
25.401
25.183
25.159
25.228
25.233
25.565
24.549
25.334
25.091
25.346
25.114
25.463
25.296
25.458
25.076
25.392
24.95
24.824
25.2
25.339
25.286
25.415
25.181
25.469
25.156
25.262
25.285
25.207
25.271
24.706
25.37
25.397
25.25
25.358
25.228
25.31
25.297
25.343
25.036
25.437
25.041
24.617
25.282
25.403
24.893
25.125
25.317
25.165
24.774
25.2
25.369
24.691
25.393
25.456
24.805
25.024
25.187
24.992
25.284
25.363
25.297
24.951
25.335
25.159
24.826
25.255
24.677
25.353
25.234
25.236
25.081
25.385
25.396
24.617
25.109
25.324
25.076
24.8
25.112
25.268
25.114
25.314
25.288
25.034
25.341
25.36
24.918
25.256
25.269
24.85
25.435
25.151
24.978
25.135
25.284
25.32
24.604
25.331
25.394
25.058
25.269
25.027
25.397
24.752
25.467
25.342
25.079
25.346
25.339
24.662
25.224
25.076
25.499
25.223
25.029
25.031
25.356
25.157
25.484
25.025
25.48
25.252
24.8
25.11
25.401
25.091
25.428
25.183
25.247
25.179
25.396
24.48
25.422
25.209
25.187
24.655
25.326
25.308
25.287
24.875
25.402
25.133
25.237
25.277
25.152
24.572
25.15
25.239
25.116
25.257
25.257
24.694
25.226
25.081
25.294
25.265
25.344
25.103
25.406
25.378
25.146
24.676
25.313
25.283
25.294
25.235
25.248
24.687
24.912
25.355
25.045
25.361
25.373
25.05
25.346
25.224
24.646
25.239
25.327
25.122
25.196
25.413
25.153
25.176
25.314
25.181
24.638
25.296
25.344
25.073
25.222
25.37
25.199
24.939
25.311
25.297
24.992
25.165
25.36
24.625
25.341
25.172
25.37
25.07
24.973
25.275
25.301
25.182
25.213
25.289
24.566
25.1
25.323
25.35
25.197
25.347
25.205
24.787
25.27
25.467
25.082
25.218
25.246
25.567
24.785
25.501
25.308
25.375
25.313
25.405
25.139
25.387
25.125
25.315
25.071
25.202
25.068
25.391
25.136
25.425
25.224
25.288
24.514
25.038
25.247
25.269
24.894
25.327
25.255
24.82
25.248
25.234
25.079
25.281
25.257
24.755
25.227
25.344
24.914
25.526
24.914
25.313
24.857
25.458
25.336
24.581
25.192
25.177
24.985
25.199
25.344
24.671
25.334
25.281
25.211
25.342
25.339
24.941
25.107
25.335
25.238
25.251
25.312
24.541
25.054
25.422
24.711
25.378
25.344
25.205
25.001
25.223
25.335
24.973
25.379
25.026
24.707
25.257
25.325
24.561
24.842
25.388
25.222
25.008
25.175
24.607
24.806
25.377
24.676
24.785
25.345
25.128
25.165
25.366
25.378
25.114
25.312
25.328
25.247
25.101
25.338
25.388
24.657
25.324
25.289
25.106
25.438
25.307
24.686
25.376
25.207
24.724
25.305
25.259
25.069
25.395
25.399
25.088
25.033
25.216
25.495
24.534
25.445
25.238
25.378
25.091
25.433
24.515
25.17
25.259
25.239
25.179
25.292
24.548
25.274
25.239
25.25
25.244
25.38
24.468
25.427
25.184
25.104
25.196
25.423
24.897
24.756
25.254
25.18
25.138
24.84
25.402
25.316
24.819
25.321
25.394
25.443
25.186
25.415
25.262
25.452
25.243
24.796
25.22
25.066
25.315
25.414
25.182
24.847
25.378
25.387
25.234
25.323
25.276
25.238
25.331
25.351
24.701
24.636
25.391
25.368
24.596
24.969
25.239
24.619
25.204
25.397
24.744
25.346
24.679
25.215
25.352
25.237
24.868
24.674
25.319
25.134
25.092
25.211
25.335
24.653
25.264
25.377
25.22
25.139
25.271
25.015
25.478
25.334
25.027
25.055
25.344
25.112
25.054
25.319
24.684
25.403
25.046
25.396
24.78
25.354
25.4
24.631
25.355
25.483
25.187
25.125
25.173
25.254
25.086
25.209
24.969
25.195
25.379
25.321
25.176
25.087
25.15
25.309
25.367
25.243
25.285
25.458
25.162
25.32
25.509
25.131
25.354
24.594
25.203
24.68
24.891
25.312
25.384
24.745
25.477
25.295
24.729
25.375
25.489
25.048
25.49
25.233
24.783
25.093
25.135
24.798
25.425
25.122
25.199
25.246
25.256
25.303
24.994
25.323
25.418
24.54
25.365
25.398
25.056
25.293
25.32
25.255
25.139
25.336
24.84
25.324
25.217
25.339
25.38
25.418
25.315
25.302
25.249
24.777
25.292
25.25
25.14
24.652
24.829
25.374
24.636
25.259
25.327
25.007
25.333
25.246
25.1
25.181
25.337
25.339
24.598
25.137
24.729
25.093
25.376
25.395
25.281
24.621
25.139
25.101
24.794
25.324
25.205
24.907
25.283
25.332
24.84
25.361
25.347
25.074
25.045
25.353
25.02
25.256
25.241
25.111
25.195
25.377
25.237
25.353
25.313
25.525
24.624
25.456
25.262
25.261
25.257
25.482
24.692
24.999
25.104
24.787
24.531
25.387
25.009
24.723
25.109
25.265
24.934
25.534
25.051
24.992
25.134
25.337
25.106
25.34
25.263
25.084
25.07
25.334
25.178
24.84
25.255
25.361
24.553
25.346
25.161
25.236
25.331
25.309
24.915
25.184
25.3
24.798
25.284
25.317
24.525
25.275
25.375
25.361
24.73
24.901
25.3
25.134
25.201
25.364
25.262
24.906
25.444
24.667
24.642
25.358
25.298
24.75
25.357
24.711
24.833
25.291
25.148
25.165
25.302
25.283
24.855
25.377
25.263
25.222
25.229
25.367
25.216
24.767
25.392
25.369
24.795
25.268
25.41
24.823
25.33
25.277
25.15
25.265
25.39
24.787
25.403
25.373
25.004
25.307
25.303
24.771
25.239
25.224
25.357
24.729
25.229
25.318
25.207
25.33
25.459
24.635
25.05
25.064
25.271
24.847
25.069
24.681
25.235
25.382
24.868
25.308
25.418
25.162
25.252
24.988
25.348
25.191
24.79
25.181
25.07
25.132
25.255
25.132
24.778
25.28
25.38
24.644
25.551
25.221
24.759
25.227
25.154
24.958
25.466
25.405
25.453
25.034
25.37
25.313
24.921
25.37
25.303
24.895
25.152
25.256
24.725
24.92
25.342
24.516
24.917
25.353
25.174
25.248
25.356
25.263
25.398
25.294
24.825
25.408
25.291
24.856
25.113
25.402
25.256
25.2
25.197
25.308
25.216
25.013
25.377
25.373
24.639
25.196
25.164
25.116
25.371
25.364
24.684
25.387
25.211
25.441
25.361
25.292
25.015
25.341
25.268
25.329
24.798
25.375
25.343
24.69
25.35
25.264
25.072
25.226
25.129
24.73
25.211
25.268
24.688
24.798
25.073
24.556
25.294
25.466
25.143
25.226
25.123
25.594
24.476
25.423
25.147
24.712
25.164
25.47
25.042
25.504
25.182
25.325
24.589
25.501
25.071
24.768
25.161
25.429
25.019
25.454
25.139
25.073
25.23
25.369
24.672
24.887
25.303
24.848
25.204
25.358
25.15
25.137
25.11
25.173
24.546
25.389
25.163
24.859
25.127
25.425
24.981
25.433
25.337
25.216
25.26
25.379
24.675
24.727
25.191
25.301
24.725
25.228
25.35
24.838
25.34
25.26
25.13
25.356
25.371
25.215
24.737
25.534
25.293
25.243
25.386
25.314
25.148
25.301
25.241
25.284
25.013
25.123
24.666
25.034
25.063
25.236
25.276
25.226
25.274
24.958
25.17
25.105
24.81
25.155
25.31
24.621
25.357
25.339
24.731
25.265
25.365
24.885
25.311
25.299
25.106
24.589
25.285
25.195
25.093
25.418
25.193
24.778
25.274
25.308
24.736
25.07
25.392
25.229
25.403
25.315
24.928
25.17
25.215
25.336
25.322
25.296
24.861
25.244
25.423
25.096
25.463
25.072
25.522
24.791
25.36
25.229
25.255
25.075
25.469
25.224
25.437
25.302
24.739
24.932
25.329
25.16
25.41
25.276
25.4
24.66
25.478
25.297
24.951
25.24
25.229
24.81
25.354
25.297
24.571
24.8
25.25
25.178
24.9
25.307
25.292
24.716
25.323
25.325
24.607
25.302
25.417
25.099
25.268
25.366
24.926
25.009
25.246
24.718
25.377
25.064
24.638
25.114
25.33
25.274
24.923
25.349
25.163
24.658
25.457
25.071
24.709
25.311
25.428
25.483
25.241
25.46
24.644
25.545
25.251
25.37
25.272
25.388
25.292
25.338
25.118
24.742
25.405
25.317
24.796
25.352
25.25
25.222
24.962
25.481
25.325
25.145
25.249
25.37
24.743
25.095
25.156
24.827
24.694
25.376
24.484
25.128
25.273
25.13
24.625
25.382
24.478
25.313
25.357
25.327
25.057
25.463
25.301
25.138
25.09
25.301
25.208
25.005
25.355
25.315
24.686
25.392
25.118
24.982
25.325
25.415
24.907
25.333
25.171
25.002
25.082
25.376
25.14
25.267
25.312
25.257
25.171
25.343
25.373
25.156
25.208
25.275
24.984
25.179
25.323
24.725
24.856
25.105
25.226
25.255
25.353
24.98
25.463
25.331
24.613
25.312
25.364
25.166
25.125
25.219
25.215
24.624
24.518
25.192
25.229
24.495
25.27
25.367
24.64
25.087
25.385
24.619
25.113
25.308
24.585
25.226
25.099
25.232
25.269
25.118
25.331
24.44
25.387
24.786
24.883
25.136
25.16
24.984
25.138
25.15
24.766
25.059
25.344
24.474
25.055
25.062
24.695
25.083
25.406
24.435
25.465
25.246
24.893
25.131
25.34
25.201
24.685
25.244
25.348
24.35
25.381
25.293
25.319
25.172
25.376
24.749
25.176
25.232
25.111
25.326
25.298
25.214
25.147
25.001
25.359
25.176
25.239
25.36
24.958
25.528
25.237
25.203
25.08
25.278
25.057
24.823
25.381
25.278
24.737
25.352
25.309
24.742
25.418
25.258
24.595
25.408
25.349
25.271
25.371
25.181
25.365
25.395
25.213
25.148
25.243
25.144
25.02
25.311
24.974
24.638
25.21
25.387
24.641
25.389
25.349
25.3
25.299
25.345
24.674
24.634
25.162
25.013
25.254
24.939
25.032
25.236
25.58
25.114
25.341
25.238
25.341
25.264
25.36
25.044
25.403
25.259
24.82
25.078
25.387
25.234
25.539
24.978
25.419
25.146
25.105
24.619
25.301
25.167
24.678
24.951
25.347
24.69
25.488
25.283
24.989
25.285
25.409
24.879
25.447
25.168
25.088
25.198
25.252
25.293
25.384
25.002
25.417
25.346
25.17
25.168
25.143
25.256
25.281
25.274
25.219
25.052
17.154
16.163
15.004
15.202
15.253
14.882
16.06
16.912
17.262
18.158
18.366
19.419
20.062
20.27
19.319
18.715
18.256
17.206
16.401
16.058
18.551
21.157
22.782
23.557
32.46
46.113
55.024
54.393
51.783
53.175
52.228
51.717
52.344
52.219
52.858
52.309
53.342
52.968
52.643
50.052
47.556
53.2
57.683
60.507
58.79
40.965
21.079
5.208
5.3694
6.3225
11.895
20.656
31.222
36.349
41.967
45.049
45.283
45.506
44.829
45.237
44.031
45.878
33.584
26.802
22.521
19.996
14.521
8.3042
2.8397
0.22351
0.32767
0.7394
0.45174
0.62158
0.86047
0.70823
0.61692
0.70382
0.51214
4.148
41.458
43.888
54.382
48.207
38.698
34.781
40.67
45.143
50.756
12.093
7.9446
5.8549
4.9411
4.2344
4.9008
6.2789
6.3092
6.3165
7.4374
10.557
27.196
49.458
61.498
63.459
61.418
39.932
45.656
55.688
63.584
69.319
66.484
63.651
53.542
53.306
33.005
19.777
10.457
8.8407
7.0656
6.9009
5.6823
4.3686
37.047
38.545
37.736
43.997
44.706
43.883
44.693
44.457
46.928
34.933
34.893
24.957
20.917
13.307
5.0424
2.1776
0.28095
0.13419
1.5626
0.28687
0.4234
0.62381
0.594
0.57444
0.21879
5.3928
24.241
47.939
45.46
39.131
30.327
28.846
38.581
50.856
49.661
41.884
36.79
22.768
17.379
15.483
6.958
5.2233
4.8136
4.6492
5.6899
8.6773
16.394
35.542
56.145
68.094
65.323
59.641
58.121
54.052
47.511
39.994
39.182
61.535
53.277
37.014
26.457
12.751
5.3015
5.8639
4.4902
3.7122
2.8971
3.8643
3.9932
4.0682
7.2632
16.192
25.221
43.561
39.786
38.407
40.568
35.683
35.217
27.008
19.367
12.052
7.4437
1.6993
1.3967
0.18975
0.33793
0.27456
0.87404
1.2698
1.0049
0.97861
0.60066
5.7882
32.758
53.146
53.945
42.506
32.47
37.573
43.422
48.522
52.621
49.344
47.407
39.079
26.258
18.061
12.064
6.9686
3.2816
3.4517
3.5416
5.2061
11.877
28.201
51.112
65.629
68.475
64.727
66.22
55.312
48.155
38.553
35.023
47.795
56.537
65.333
69.896
68.5
54.621
41.961
24.882
15.421
7.6859
4.2918
4.7403
5.1378
14.383
24.368
34.821
38.161
40.538
44.405
46.522
42.734
41.952
44.846
46.951
38.865
37.7
28.275
0.10029
0.096381
0.41605
0.0281
0.57969
1.0946
1.4789
1.2686
1.0898
1.0219
0.94366
0.22288
0.41966
5.9026
37.601
52.497
50.828
44.546
37.515
34.404
44.593
54.438
54.531
41.259
29.702
24.442
19.459
14.895
10.904
7.5307
7.1402
7.29
6.8954
5.2678
3.8679
3.7536
5.1604
9.0639
19.069
43.922
64.632
67.93
62.392
62.478
62.211
53.752
48.889
40.941
45.698
50.198
55.615
59.414
61.39
61.745
57.705
50.544
27.682
18.466
8.4615
4.865
5.0224
4.2279
3.8623
3.9867
4.4804
5.4593
14.345
26.647
31.643
34.489
36.77
40.596
45.248
42.769
38.493
36.466
35.282
29.039
21.932
21.925
17.03
9.8189
4.399
0.69613
0.11407
0.050808
0.10876
0.18989
0.71503
0.55597
0.84491
0.86552
0.93205
0.86633
0.60793
0.19058
0.42577
4.4043
45.01
48.332
53.365
42.653
29.371
39.993
49.385
54.092
53.809
43.913
32.968
31.077
28.365
21.887
13.168
9.6185
6.4641
6.9344
6.7824
6.0606
4.8029
4.5557
5.7654
8.964
15.788
35.669
58.956
66.645
67.155
69.221
68.163
61.496
52.298
39.87
37.806
45.108
55.586
62.538
65.628
63.399
51.672
32.086
22.325
10.777
6.2031
4.7886
4.5586
4.2603
3.6372
4.28
3.9731
4.2443
11.931
21.819
29.575
33.152
35.564
40.549
43.399
43.155
41.057
42.773
43.076
38.315
39.319
32.443
20.567
14.813
6.637
2.2127
1.8996
0.067327
0.63241
0.01849
0.82374
0.54209
0.90627
1.1393
0.80475
0.8313
0.59128
0.43559
0.71857
6.9132
36.755
47.921
56.936
44.603
34.104
36.874
43.464
48.238
52.635
53.871
43.455
32.286
24.898
15.596
11.854
8.1293
5.2139
4.7808
4.5443
4.4596
3.4819
3.2205
3.2126
5.7742
13.191
27.195
51.541
63.845
68.794
66.559
62.794
52.067
41.516
35.23
35.435
48.712
60.489
67.549
68.873
58.315
44.132
42.897
25.089
15.293
7.6916
5.2566
4.5071
3.411
3.9392
3.6184
4.2859
4.5336
13.367
23.954
34.537
37.379
39.403
42.981
46.407
41.955
42.579
44.036
46.229
39.382
35.688
29.639
23.35
15.641
7.0996
1.831
0.075606
0.13639
0.25793
0.93332
0.36811
0.58301
0.80624
0.88676
0.77988
0.7707
0.5483
0.16933
0.27625
7.4167
40.924
45.966
51.913
45.084
31.694
34.488
40.863
48.664
50.649
41.915
33.022
28.994
19.967
15.569
10.452
7.1033
7.5982
8.0929
8.1143
6.3998
5.3355
5.0333
6.2159
10.246
23.381
49.183
62.344
65.133
64.394
61.73
58.378
49.386
44.222
39.943
43.844
47.344
55.363
59.59
58.108
57.692
54.369
51.654
26.686
15.971
6.8069
4.8752
3.8854
3.5067
2.8593
3.7015
3.6684
3.17
9.3257
20.84
28.844
34.293
35.781
38.771
43.456
41.819
38.314
37.716
37.261
31.152
33.671
25.947
18.112
11.178
5.4004
0.51927
0.23061
0.11044
0.1403
0.25426
0.34725
0.87442
1.051
1.1113
0.95466
0.87254
0.80377
0.46369
0.37044
12.331
42.096
55.397
51.897
39.578
33.011
38.197
49.24
52.756
53.03
48.073
40.839
33.342
30.127
19.718
13.055
6.8521
5.8305
6.3017
6.6462
6.2665
4.5223
3.4198
4.0318
6.174
12.018
25.568
52.102
67.494
71.276
64.048
66.438
54.584
44.163
38.313
36.889
41.486
55.694
63.981
66.582
65.736
50.631
33.32
20.338
12.239
7.1997
5.7778
4.1538
3.8885
3.0237
3.1599
4.374
5.038
15.085
23.466
32.104
35.283
37.073
43.643
44.925
42.436
39.054
39.052
38.649
34.403
33.081
25.574
20.093
13.669
7.7487
1.8321
0.39627
0.098406
0.15189
0.29901
0.45795
0.59916
0.82958
0.95018
0.85876
0.93854
0.68199
0.50506
0.11889
10.887
44.466
48.871
53.127
38.126
31.653
37.749
45.275
52.415
52.723
43.737
36.92
29.422
25.996
17.435
11.556
6.1181
5.5027
6.6991
6.7601
5.7742
4.284
3.5974
4.9028
8.1075
14.95
33.303
55.34
66.301
69.63
66.884
65.865
51.969
46.859
39.59
42.545
44.568
55.116
63.901
64.613
60.987
49.618
40.009
23.382
13.942
7.5311
5.3188
3.5439
3.4751
3.4788
3.798
3.8569
4.2752
13.615
22.665
32.594
36.12
36.587
41.735
45.865
41.102
36.733
37.678
38.772
33.889
34.934
25.426
17.086
10.933
5.5064
0.58179
0.58293
0.1076
0.35282
0.16863
0.47706
0.79228
0.98255
1.0248
0.88137
0.97487
0.64915
0.38542
0.19706
1.9616
33.339
50.337
48.535
37.019
32.384
36.41
45.022
53.084
48.774
40.665
37.75
31.739
28.594
16.162
10.799
5.8982
6.3559
6.4713
6.4897
5.9304
4.6042
4.0823
4.9398
7.1792
13.336
34.734
57.422
67.74
66.723
64.43
60.391
56.719
50.129
46.392
41.368
46.199
54.481
59.145
59.275
48.379
40.979
30.102
19.766
9.7131
4.5532
3.8088
2.4356
2.3001
1.9233
1.9667
1.871
2.4538
3.067
4.6601
11.037
17.638
22.955
27.32
34.581
41.045
42.89
39.666
40.334
46.768
52.479
56.243
57.56
54.896
51.818
52.099
51.143
51.295
52.399
50.509
48.446
46.99
43.731
42.762
38.2
30.812
19.069
13.717
10.604
8.5773
6.7271
6.0538
6.0265
6.0559
6.689
7.1178
7.5265
7.83
8.4349
10.776
13.653
14.482
17.31
20.396
24.905
27.728
30.722
31.068
32.997
36.272
37.749
37.947
36.744
35.45
33.524
28.885
25.949
23.497
20.8
19.781
18.524
17.2
16.303
16.417
16.312
16.492
17.424
18.335
18.943
20.968
21.967
23.152
24.467
25.551
25.938
25.726
25.752
25.615
24.231
24.093
23.018
21.893
22.155
21.742
21.017
21.434
21.615
21.865
22.277
22.67
22.346
23.649
23.747
23.406
23.489
24.133
24.356
23.623
24.114
23.957
23.188
23.828
23.692
23.112
23.023
23.706
23.202
23.355
23.494
23.498
23.203
24.241
24.583
24.219
24.618
24.089
24.446
24.24
23.633
23.268
22.467
22.582
22.245
21.718
22.424
22.549
22.26
22.237
22.241
21.795
22.187
22.59
22.724
23.125
23.582
23.247
23.658
24.179
24.42
23.765
24.334
23.689
23.078
23.425
23.78
22.714
23.063
23.517
23.117
22.783
23.539
22.699
22.779
23.361
23.452
23.245
23.795
23.869
23.796
24.189
23.712
22.925
23.463
23.433
23.737
24.097
24.409
24.407
24.441
25.148
24.684
23.448
23.909
23.52
23.557
23.996
23.902
22.882
23.089
22.712
21.886
22.391
22.581
21.888
21.148
21.849
22.149
22.352
22.948
22.933
22.645
23.369
23.955
23.344
24.118
23.591
23.074
21.829
22.589
22.414
22.491
23.044
23.389
22.854
23.611
22.87
23.025
22.573
22.027
21.125
21.375
21.679
22.271
22.194
22.975
23.163
23.323
24.042
24.062
23.558
24.098
23.739
22.929
23.067
22.875
21.976
22.187
22.016
21.332
21.877
22.121
22.348
22.692
23.205
23.539
23.181
23.53
23.355
22.837
23.098
22.918
22.306
22.712
22.386
22.066
21.7
22.085
21.771
21.859
22.549
22.393
22.593
23.201
23.247
22.98
23.154
23.091
22.645
22.537
22.471
22.433
22.187
22.265
21.933
21.915
22.504
22.511
22.059
22.739
22.774
22.352
23.072
22.898
22.292
22.249
22.758
22.652
21.91
22.597
22.469
22.053
22.377
22.386
22.015
22.013
22.633
22.554
22.552
22.795
22.471
22.204
22.513
22.17
21.462
22.01
21.367
22.005
22.224
22.272
22.137
22.346
22.587
22.553
22.031
22.165
21.992
21.663
21.481
21.079
20.802
20.827
20.719
20.309
21.004
21.266
20.972
21.584
21.618
21.318
21.6
21.56
20.852
21.152
21.169
20.689
20.6
20.891
21.047
20.213
21.046
20.743
20.623
21.093
21.493
21.148
21.332
21.412
21.395
20.822
21.145
20.858
21.042
21.132
21.174
20.632
21.216
20.935
20.888
20.982
21.278
21.035
20.886
21.191
21.482
20.755
21.46
21.167
20.795
21.135
21.399
20.517
21.265
20.707
21.253
20.917
20.792
20.884
21.376
21.032
21.156
21.198
21.371
20.814
21.182
21.182
21.006
21.158
21.272
20.713
20.941
21.126
21.143
20.686
21.362
20.791
21.222
21.263
21.461
21.303
21.282
21.226
20.706
21.202
21.228
21.129
21.233
21.079
20.714
21.225
21.329
20.669
21.431
21.213
20.761
21.288
21.284
20.83
21.07
21.065
20.901
20.837
21.18
21.148
21.197
21.149
21.017
20.609
20.96
21.099
20.749
20.988
21.197
20.955
21.127
21.139
20.541
21.187
21.12
20.678
20.668
21.028
21.046
20.801
21.221
21.326
21.156
20.738
20.559
20.313
20.59
20.63
20.197
20.936
21.059
20.74
21.235
21.412
21.095
21.345
21.246
21.084
21.284
21.036
20.962
20.94
20.793
20.685
20.657
21.292
21.179
21.519
21.735
21.569
21.901
22.159
21.852
22.149
22.079
21.887
22.759
22.953
23.31
23.83
24.669
24.371
24.124
24.41
24.437
23.998
24.696
24.357
24.407
24.017
25.094
24.732
26.137
24.407
22.99
22.052
20.022
12.532
9.1694
8.1063
4.5307
0.87309
0.23806
0.25957
0.3024
0.40866
0.3016
0.32932
0.76621
0.67511
0.84837
0.9362
0.99304
14.189
11.88
42.541
52.782
46.22
45.544
43.769
41.606
35.496
31.437
30.999
37.275
42.563
27.811
13.659
8.2312
5.161
4.1201
2.93
4.1992
3.6909
6.4734
33.487
42.449
56.981
57.433
50.429
43.48
38.659
31.624
31.806
43.113
52.174
61.744
63.16
50.807
36.261
25.687
17.721
7.2375
5.0445
3.9802
0.85005
0.81919
0.99261
1.1192
3.5344
12.708
16.822
24.739
26.695
34.765
42.217
44.565
46.148
45.375
31.554
29.265
29.795
31.552
28.994
11.819
6.817
4.9883
3.486
1.3004
0.37823
0.2576
0.28609
0.49297
0.77534
0.86186
4.4867
15.814
44.126
68.039
69.578
64.219
57.963
57.938
59.536
58.318
50.252
32.723
20.602
16.378
14.102
24.176
42.004
48.767
35.766
16.767
11.102
13.266
15.975
18.993
12.848
8.9516
4.5236
3.6464
4.3423
12.194
22.741
30.692
42.282
49.369
54.211
55.682
58.4
54.463
45.685
42.417
38.271
40.413
43.627
45.671
35.228
23.747
12.553
5.8855
3.7488
2.8732
2.2971
1.3732
1.2011
2.4872
4.4661
4.7626
9.1589
13.873
17.301
20.563
22.245
31.111
44.987
54.68
55.2
50.789
44.439
46.325
41.356
37.063
40.926
37.512
27.131
17.404
12.232
5.1089
3.628
1.3099
0.81765
0.31328
0.28436
0.38443
0.4602
3.2664
7.1185
23.18
29.189
43.515
52.548
55.194
52.981
53.115
55.873
58.107
55.834
44.019
35.509
29.558
23.498
19.273
20.539
23.097
20.862
19.243
11.14
2.891
1.7239
1.7262
1.7206
2.0892
2.1301
2.313
3.4989
4.7204
8.4554
16.582
36.545
46.101
48.507
51.771
54.276
54.139
46.259
42.235
41.693
43.84
49.391
46.851
32.658
18.51
9.6924
4.3922
1.9127
0.79782
0.64035
1.3968
2.1342
3.5272
4.6504
9.0001
11.847
15.154
22.083
29.951
36.012
48.012
53.126
59.956
63.677
66.058
63.446
56.357
46.171
39.362
34.667
33.26
33.401
28.998
16.122
9.8653
4.1328
1.8707
0.59127
0.56441
0.20612
0.739
0.70416
0.51754
5.4238
16.599
29.537
37.676
49.131
54.361
48.864
47.169
44.968
53.193
59.625
55.608
35.824
28.679
24.507
18.895
19.048
20.237
17.804
10.608
4.0839
1.5351
1.4631
1.6269
0.49884
0.64829
0.66374
0.56126
0.54719
1.4642
13.463
14.24
30.236
38.93
47.68
54.567
60.739
58.127
51.646
47.652
44.35
48.15
49.835
52.504
37.731
20.971
13.134
4.8503
1.8141
2.252
2.0279
2.4553
1.8715
3.6078
5.0676
7.434
8.7887
10.79
16.855
24.997
34.832
49.878
55.5
61.873
57.035
54.956
51.866
53.252
47.419
43.939
37.122
37.163
30.032
27.7
16.486
7.5322
1.7245
1.2871
1.5518
1.519
0.30415
0.38839
0.62334
1.8108
9.1931
20.665
26.922
43.86
57.942
58.536
51.714
51.527
51.469
55.863
57.164
50.201
26.369
21.046
13.218
15.334
18.898
22.246
16.765
7.398
1.9198
1.3235
0.72034
1.7867
1.4057
1.191
0.65476
0.59614
0.59908
0.85829
3.9384
23.049
22.83
40.803
47.371
59.585
66.71
73.333
64.026
56.922
48.39
48.985
48.821
51.381
38.41
32.166
16.209
6.6935
3.3406
2.2046
2.2046
2.2194
3.0966
4.3045
5.8971
9.921
11.058
12.779
15.607
18.074
22.263
33.387
45.742
51.617
54.163
51.423
48.63
46.989
49.836
53.384
55.674
57.07
55.344
52.399
51.605
50.48
47.751
46.726
44.99
44.695
44.465
45.394
44.845
42.779
35.899
29.775
24.289
23.164
22.39
18.759
14.669
9.7928
6.9436
5.3215
3.4388
3.6459
4.3287
4.0467
3.7857
4.4883
5.9796
7.8809
11.588
15.701
17.978
21.281
23.235
27.261
30.261
32.774
36.685
38.28
40.323
41.581
43.059
43.974
44.778
44.162
44.376
44.733
43.866
41.097
36.423
32.353
28.491
24.532
20.383
18.431
17.153
16.75
16.342
15.251
15.441
16.34
17.596
19.389
21.109
20.973
22.747
23.629
23.279
24.891
25.985
26.407
27.46
27.161
26.947
27.16
26.458
25.095
25.326
25.327
25.224
26.191
26.822
26.819
27.846
27.829
27.098
28.018
27.656
27.811
27.369
28.719
28.998
29.031
29.203
28.745
28.059
27.737
27.661
27.746
26.685
26.171
24.783
23.786
25.242
25.181
26.075
26.51
25.654
26.125
25.232
24.615
23.829
24.135
24.169
24.36
24.622
25.21
25.76
26.284
27.336
28.01
28.476
29.032
29.367
28.889
29.221
29.148
28.051
28.267
27.918
27.346
26.954
26.76
26.684
25.612
26.484
26.486
26.289
26.63
27.217
26.521
26.946
27.229
27.119
26.779
27.456
29.289
27.989
28.788
28.697
27.095
27.013
26.915
26.7
26.191
26.513
25.475
27.838
26.958
27.262
26.454
27.176
26.624
26.192
26.079
26.772
26.753
26.5
25.648
26.04
25.737
25.635
25.349
26.41
25.878
25.617
25.774
26.546
25.743
25.454
25.623
26.023
25.92
25.893
25.796
25.679
25.789
25.875
25.993
26.102
25.646
25.668
26.257
25.925
25.419
25.914
25.869
25.92
26.069
26.16
26.368
26.786
26.784
26.915
26.835
26.929
26.993
26.686
26.697
26.59
26.274
25.44
26.097
26.206
26.119
26.277
26.011
25.913
26.174
26.321
26.561
26.77
26.259
26.766
26.775
26.764
26.046
26.668
26.827
25.941
26.545
26.574
25.915
26.579
26.556
26.515
25.922
26.013
26.323
26.249
26.818
26.993
26.729
26.989
26.698
26.515
26.579
25.886
26.607
26.267
26.23
26.387
26.318
26.224
26.274
25.808
26.134
26.376
25.914
26.363
26.448
26.181
25.843
26.37
26.093
26.138
26.229
26.02
26.147
26.399
26.235
26.562
26.481
25.674
26.457
26.505
26.329
26.053
26.289
26.294
26.251
26.307
26.345
26.288
26.148
26.426
26
26.03
26.359
26.37
26.259
26.47
26.701
26.053
26.717
26.823
25.958
26.655
26.629
26.634
26.607
26.538
26.669
25.745
26.781
26.516
26.358
26.578
26.442
26.366
26.453
26.432
25.88
26.366
26.614
25.666
26.563
26.279
26.425
26.125
26.296
26.39
26.443
26.205
26.086
25.579
26.235
25.923
26.213
26.068
25.533
25.897
26.29
26.016
25.939
26.282
26.508
25.859
26.26
25.888
25.66
25.997
26.023
25.901
26.061
25.886
25.662
25.975
26.169
25.349
25.899
25.86
25.946
25.466
26.313
26.178
26.4
26.45
25.678
26.204
26.239
25.983
25.572
26.086
26.31
26.178
26.259
26.274
26.401
26.169
25.783
26.217
25.611
26.127
25.715
26.017
25.896
25.615
25.986
25.957
25.481
26.335
25.862
26.14
26.36
26.164
26.417
26.512
26.361
26.199
26.175
26.17
26.048
26.013
25.962
25.818
26.116
26.138
25.553
25.719
26.229
25.496
25.691
25.006
22.369
20.827
21.105
19.523
20.304
19.57
19.092
20.734
21.087
21.466
22.148
22.501
23.123
23.898
24.744
25.508
26.53
25.935
26.035
27.016
26.687
28.955
29.663
33.252
41.425
54.44
59.208
61.469
58.959
52.241
47.27
47.954
49.237
49.711
50.477
50.722
46.871
52.547
53.319
54.119
55.807
56.488
56.046
52.033
39.535
15.414
3.521
2.0826
2.0845
3.1162
3.298
4.6842
6.2785
7.9824
10.101
18.63
25.456
21.564
23.313
31.039
42.469
49.192
52.096
49.276
50.641
36.037
26.591
19.469
14.851
8.473
3.1069
0.59658
0.029168
0.61796
0.27793
0.43957
0.6797
0.69074
1.0054
0.93862
0.62015
0.7295
0.77613
0.67392
0.36945
7.1357
14.038
46.276
45.283
37.436
34.499
32.906
30.68
30.415
27.622
23.917
18.936
14.309
6.9377
6.3986
5.9477
4.0937
4.9288
5.9492
4.2491
4.7111
2.8612
1.9967
4.4308
14.38
12.93
16.482
26.169
39.933
51.855
57.553
61.716
61.555
54.456
47.241
43.641
46.623
48.615
53.746
58.073
58.581
55.346
36.869
19.059
8.5565
3.379
1.2147
3.509
2.8089
2.8963
3.0355
3.9014
7.8232
13.044
25.426
31.117
39.458
42.971
52.056
54.756
54.606
52.552
53.668
52.86
43.543
34.077
27.179
21.653
18.344
8.9287
2.4414
1.8038
0.062937
0.058657
0.56266
0.5888
0.66652
0.83158
0.83147
0.66377
0.73931
0.57315
0.31856
0.57131
6.5242
13.534
24.073
39.07
38.743
33.63
28.722
23.591
25.002
21.775
16.628
13.461
8.4746
6.6113
5.7349
5.1951
3.8454
2.8378
4.4706
5.2905
4.4162
3.5736
3.9881
5.773
14.367
18.259
38.735
52.415
60.065
58.869
60.188
57.347
49.79
43.385
45.251
46.664
48.037
50.846
52.244
44.959
43.882
46.231
43.353
28.102
18.757
10.865
10.457
7.5017
9.1572
12.788
21.064
22.252
19.747
20.651
25.215
27.819
34.192
38.37
38.773
40.544
41.584
44.019
47.144
47.596
29.868
17.247
9.4372
6.7159
3.4471
0.83557
0.52941
0.37062
0.29659
0.67894
0.53299
0.26946
0.47266
0.9264
0.54684
1.1597
1.4085
1.0291
0.7058
1.2771
0.42746
6.9836
13.166
24.313
30.106
26.46
21.235
19.974
20.367
21.278
20.224
16.909
9.7731
6.7883
5.0986
3.9678
4.5801
6.0989
6.4069
8.5465
6.7595
8.871
8.1552
8.1019
10.253
22.019
45.479
55.174
55.501
54.929
56.254
55.923
52.135
49.669
49.592
51.728
53.148
48.303
49.554
48.297
46.239
44.622
40.345
26.032
14.453
7.8648
8.5792
7.6222
8.6543
10.807
10.979
12.348
16.24
21.687
25.238
28.899
23.578
20.447
24.397
31.458
34.78
43.932
46.424
46.351
32.346
18.086
13.138
9.1398
4.7928
0.96073
0.92734
0.044382
0.090092
1.3351
0.12715
0.54143
0.98256
0.75812
0.85336
0.93375
1.4583
0.96596
0.49224
0.82407
9.6237
23.875
51.66
56.855
50.655
38.098
27.687
22.909
25.422
35.72
45.851
51.587
47.034
33.265
16.847
15.59
14.458
11.762
8.8162
10.258
8.9344
9.425
9.5174
9.6882
9.0221
6.341
4.4787
2.6966
3.0499
3.5167
4.2437
4.8613
5.5267
6.2969
6.7957
7.5813
10.083
11.333
12.913
13.858
15.5
16.781
19.166
21.294
23.54
26.601
26.888
28.513
29.81
29.813
27.744
26.436
25.073
24.467
25.887
24.112
21.386
19.65
18.499
17.443
17.136
17.212
17.709
17.622
17.808
18.409
17.133
16.567
15.86
15.703
15.434
15.55
14.623
14.953
15.896
16.446
17.644
18.559
19.758
20.798
21.561
22
22.662
23.858
24.691
24.567
25.643
25.95
25.73
23.952
23.672
22.431
20.777
20.245
19.408
18.467
19.566
19.956
19.938
19.129
19.097
18.527
19.673
20.185
20.227
20.369
20.681
21.506
21.558
22.103
22.152
22.149
22.313
22.609
22.491
22.254
22.765
22.073
22.921
22.361
22.148
21.664
21.839
20.879
21.572
21.792
21.901
21.886
21.879
22.307
22.812
23.295
23.379
23.399
23.63
23.536
23.655
23.518
23.7
23.175
23.74
23.786
23.161
23.86
23.726
23.513
23.551
23.324
23.088
23.488
23.453
23.477
23.678
23.838
23.64
23.639
23.976
23.336
23.922
24.109
23.284
24.006
24.089
23.787
23.871
24.046
24.162
23.842
24.435
24.515
24.216
24.742
24.613
24.364
24.838
24.69
24.214
24.253
24.057
24.173
23.9
23.089
23.245
23.266
23.272
22.688
23.364
23.393
23.227
23.819
23.746
23.302
24.068
24.421
23.808
24.569
24.457
24.279
23.69
24.276
24.199
23.723
24.082
24.007
23.523
23.755
23.919
23.811
24.037
23.97
24.019
24.796
24.922
25.038
25.224
25.188
24.562
24.972
25.173
24.665
25.017
24.671
24.897
24.548
24.588
24.263
23.764
24.238
24.538
23.856
24.509
24.606
24.57
24.599
24.512
24.303
25.103
24.899
24.77
24.777
25.054
24.686
24.33
24.916
24.717
24.554
24.91
24.2
24.768
24.653
24.879
24.262
24.528
24.64
23.872
24.149
24.731
24.13
24.844
24.42
24.025
24.774
24.966
24.963
25.363
25.085
25.338
26.202
27.087
26.679
25.664
26.266
27.088
26.662
27.484
27.309
27.059
26.792
27.783
28.012
27
27.765
28.017
27.939
29.109
32.348
31.396
30.406
29.82
30.073
28.96
28.574
26.49
14.559
11.484
9.7091
5.2796
1.2575
0.36575
0.62936
0.62418
0.56972
0.82653
0.75894
0.65583
0.71975
0.85945
0.90011
0.75796
1.4707
1.0125
0.92888
0.31255
0.60657
1.9879
7.4168
19.416
29.868
31.247
30.978
31.979
32.968
33.689
28.034
21.756
18.217
16.124
13.654
11.589
9.3132
7.2948
6.6306
6.2398
5.8796
5.6245
5.7998
9.1129
18.329
33.192
51.997
54.595
54.901
53.999
54.879
53.896
50.896
43.304
44.772
48.579
51.113
54.391
52.771
48.776
42.546
27.839
16.424
9.0787
6.3232
5.9979
5.9271
7.3141
9.7305
14.553
15.433
15.403
17.445
18.91
19.613
17.271
15.891
12.987
13.73
21.373
26.389
30.586
33.852
35.307
28.215
22.798
18.715
16.32
9.4981
5.2589
1.5622
0.3436
0.43592
0.078419
0.3587
0.44719
0.54138
1.1462
0.76658
0.79873
0.78841
0.74819
0.43178
5.621
25.902
51.442
63.608
65.488
52.484
41.761
32.533
28.901
34.131
43.92
49.86
50.92
32.625
16.482
15.866
13.371
11.566
9.5244
8.0209
7.3483
6.9649
7.0046
6.3498
6.7028
11.891
16.66
26.652
21.583
33.228
46.085
60.472
69.996
76.234
65.549
45.298
37.069
40.469
44.999
49.433
40.08
25.005
14.902
9.6741
4.6134
3.4537
5.0484
3.8216
1.986
1.7054
2.2553
3.3182
3.4341
3.4346
4.1303
9.3824
11.54
18.916
28.802
36.009
38.222
33.979
34.538
40.93
49.821
49.406
41.142
31.116
27.744
24.753
21.829
10.054
4.0446
0.94347
0.77115
0.41015
0.21152
0.44997
0.42692
0.76734
0.97936
0.6231
2.8502
32.486
49.463
69.206
71.175
60.902
51.902
51.246
51.408
39.454
32.057
32.366
34.509
49.472
55.222
56.21
43.677
33.487
24.251
15.294
12.99
12.65
15.158
9.1744
10.055
6.7809
5.1218
7.7256
14.828
14.753
20.413
26.306
35.577
44.626
57.334
60.815
60.31
54.43
44.626
40.219
41.096
42.792
37.836
26.98
18.448
11.807
11.816
11.111
6.8356
3.888
2.6734
2.6594
2.0583
2.6663
2.5194
2.3061
3.9599
7.9628
21.954
43.77
42.654
38.396
39.613
51.005
57.262
62.196
63.136
56.775
45.427
30.262
26.223
27.864
30.16
25.99
15.006
5.1023
1.1695
0.38648
0.68622
0.32835
0.37798
0.59017
0.91296
0.93581
24.148
47.514
64.915
68.774
61.082
55.508
56.049
54.1
41.391
28.97
22.118
22.869
32.892
46.112
56.902
56.242
37.984
22.266
15.222
14.23
15.766
14.883
10.853
8.1503
4.5058
2.2401
0.85749
0.74998
0.65999
0.59661
0.65475
0.61109
0.7596
0.75689
0.75681
0.75902
0.82396
0.73756
1.6959
2.1044
3.1273
3.5381
5.3013
4.8909
5.8539
7.4131
11.307
15.394
18.02
25.105
29.446
35.706
41.004
44.278
46.314
44.048
44.221
45.034
48.614
49.559
50.724
47.93
44.208
37.78
32.607
27.311
21.549
16.787
15.336
12.504
11.096
9.3909
7.7829
7.2749
6.7961
6.7637
6.9149
6.3902
7.8088
8.098
9.7486
11.62
14.063
16.811
16.46
20.339
23.283
26.766
27.957
29.456
31.284
31.247
29.409
26.378
24.835
21.975
20.514
18.361
16.803
16.914
15.423
14.84
14.421
14.124
14.597
15.351
15.903
16.531
17.656
18.379
19.191
20.022
20.776
21.795
22.31
22.898
22.837
22.122
22.572
22.44
22.166
21.987
21.45
20.04
20.214
19.412
18.856
18.242
18.886
18.966
18.467
19.383
19.774
19.395
20.175
20.343
19.982
20.6
21.012
21.192
21.407
22.408
23.485
23.826
24.047
23.294
22.688
21.813
20.899
20.032
19.516
20.151
19.852
19.631
19.75
19.831
19.513
20.507
21.151
21.198
21.552
22.027
21.605
22.158
22.277
21.685
21.953
21.541
20.833
20.88
20.814
20.356
20.425
21.102
21.249
20.924
21.741
21.811
21.63
22.442
22.382
21.534
21.436
21.407
21.041
20.718
20.843
20.695
20.762
20.971
21.032
21.581
21.957
21.796
22.217
22.36
22.347
21.829
22.327
22.06
21.719
21.762
21.694
21.308
21.057
21.423
21.377
21.457
21.554
21.451
21.124
21.763
21.818
21.643
21.929
21.696
21.263
21.107
21.811
21.224
21.661
21.672
22.053
21.448
22.472
22.191
21.85
22.059
22.206
21.289
21.524
21.22
21.18
21.31
21.31
20.744
21.48
20.677
20.896
21.336
21.76
21.437
22.102
22.067
22.023
22.452
22.696
22.289
22.516
22.065
21.721
21.42
21.503
21.619
21.817
21.169
21.164
21.522
21.804
21.448
21.832
21.945
21.904
21.684
22.453
22.268
21.976
22.349
21.799
22.068
22.074
21.602
22.173
21.822
22.229
22.049
22.21
22.206
21.781
22.455
22.435
21.923
22.503
22.419
21.685
22.262
22.309
22.112
22.309
21.821
22.637
22.501
22.188
22.561
22.653
22.498
21.733
22.143
22.216
21.607
22.125
22.102
21.591
21.425
21.913
21.795
21.646
21.826
21.922
21.361
21.808
21.456
17.838
17.42
16.591
16.158
16.406
16.674
16.106
16.49
16.497
16.378
16.289
16.556
16.48
16.594
17.127
16.657
16.789
17.422
17.125
18.282
19.068
19.342
23.178
27.273
38.726
47.078
52.76
54.669
50.247
46.437
46.021
46.33
50.194
50.596
48.173
44.772
43.716
45.985
46.698
51.717
53.03
57.829
58.572
58.943
39.725
3.9689
3.456
3.9899
5.121
6.2298
10.04
19.546
27.492
32.566
39.101
45.26
50.806
51.953
48.724
46.441
48.79
31.777
32.601
29.274
28.172
0.28231
1.1852
0.11627
0.45945
0.56944
0.82173
0.84861
0.93441
0.82877
0.81415
0.61048
0.50607
22.385
40.043
55.737
50.648
39.61
33.173
45.454
40.553
34.709
21.323
12.383
5.3543
4.0444
2.4377
1.9915
2.4104
3.8212
4.2887
4.659
4.8078
5.8017
7.654
18.303
43.516
60.968
46.163
34.687
32.757
34.518
46.714
59.919
68.336
68.266
61.397
52.383
49.705
33.837
20.024
10.251
4.9925
4.9784
6.016
11.324
26.161
31.478
35.961
41.891
47.318
50.356
50.227
50.655
51.678
52.775
34.93
31.743
25.251
25.508
0.53928
0.15335
0.29772
0.45724
0.47061
0.69701
0.94114
0.75829
0.98925
0.90458
0.66547
0.56135
8.7248
31.056
48.659
51.872
45.308
31.751
34.636
46.887
47.985
46.888
38.876
29.037
21.501
2.9499
3.1839
3.4069
3.9804
5.3466
6.2574
7.0215
8.4406
14.745
38.502
55.094
66.614
67.798
62.835
54.961
45.549
37.753
34.022
37.795
47.276
51.019
52.883
55.848
49.635
29.298
12.136
6.4616
4.7466
6.3665
6.8448
9.1784
13.579
19.147
29.257
35.575
41.985
45.554
48.425
44.934
44.676
44.424
45.256
47.317
27.985
24.464
16.996
10.523
6.3641
1.0061
0.69188
0.5225
0.91718
0.94388
0.99118
0.7211
1.2058
1.0214
1.0531
0.99236
0.7958
26.542
50.025
53.059
42.182
34.132
34.171
38.81
44.265
48.072
47.459
38.089
28.397
16.763
11.13
4.912
3.2061
2.4001
2.7811
3.8566
4.1545
5.3439
6.2854
7.4327
9.3485
22.998
47.229
58.628
66.98
66.306
62.65
53.443
43.853
37.115
33.288
36.734
53.887
66.705
69.377
64.077
60.203
51.703
48.248
46.198
38.353
19.369
9.1824
5.0487
4.1608
4.2323
7.5002
10.27
14.197
22.666
31.22
37.122
44.479
50.295
53.275
51.735
49.842
50.445
54.099
52.82
31.745
27.689
23.832
20.176
11.88
4.0312
0.3732
0.035232
0.63495
1.071
0.91128
0.98766
0.82366
0.94142
1.3064
0.91114
1.0967
0.83214
0.50037
0.93917
0.36292
6.0874
37.805
43.373
43.191
32.78
31.269
32.432
41.131
47.336
44.448
34.29
23.088
12.525
6.8782
6.0765
4.7606
3.4384
2.3971
2.9224
4.23
4.164
5.869
7.6714
11.528
26.544
47.588
58.476
63.365
61.781
60.987
47.399
40.848
37.813
36.856
42.419
51.546
60.222
62.601
60.291
57.359
55.18
51.185
52.124
43.843
22.722
10.697
5.2372
3.6203
4.6971
7.9147
10.076
13.88
18.98
25.647
34.149
40.967
46.094
50.71
49.69
48.305
49.706
49.596
50.24
31.503
27.483
19.091
20.008
11.135
3.303
0.18681
0.064841
1.0065
0.54925
0.6305
0.58946
0.77586
0.82969
1.0217
0.81129
1.2772
0.81666
0.84208
0.69945
0.57955
10.691
37.197
44.274
44.795
33.74
33.075
37.044
41.097
46.445
40.292
33.464
19.419
12.607
6.006
3.9368
3.3526
1.9153
2.3071
3.0917
3.9706
3.8886
5.0791
5.9561
12.456
33.522
52.482
59.921
66.145
63.572
61.595
49.633
41.519
38.094
38.066
46.364
51.456
60.303
65.819
62.281
58.166
56.904
51.484
52.39
38.463
18.348
9.9024
5.2864
4.7624
4.9663
7.3829
11.472
13.391
20.383
27.886
35.99
44.338
51.507
51.458
50.658
49.006
49.647
51.413
50.756
30.612
27.683
23.326
19.53
9.0459
4.0021
0.089671
0.18287
0.74615
0.47521
0.68489
0.74627
0.67966
0.81718
1.1345
1.1749
0.96724
0.84663
0.80541
0.69896
0.77232
6.0714
34.621
45.667
44.043
33.906
31.611
36.901
41.873
47.983
41.989
32.087
20.625
10.713
6.6314
4.9033
3.9817
3.2035
2.4039
3.2481
3.4169
4.9263
6.4904
7.3154
10.605
28.89
48.729
59.525
63.553
60.108
53.736
42.539
39.499
39.406
39.684
41.993
51.006
57.93
63.766
59.377
54.583
48.594
47.463
47.673
40.287
16.732
5.5367
4.0319
4.0823
4.0626
5.2094
7.716
10.772
19.051
26.557
34.535
39.273
45.869
48.255
49.135
49.668
50.014
51.388
52.218
31.871
26.775
22.335
22.142
12.278
6.3467
0.14514
0.23029
0.065492
0.32471
0.35119
0.55634
0.76964
0.82715
0.9581
0.77493
0.86074
0.81847
0.52954
0.66321
0.94834
11.111
35.701
46.897
46.505
34.314
31.395
34.046
39.011
46.35
43.128
35.095
22.92
11.712
7.1321
4.2204
2.7468
2.0261
1.9137
3.4448
3.344
4.761
7.2935
8.3319
12.371
31.403
47.247
57.412
61.43
63.65
57.051
44.198
38.319
33.976
31.63
39.663
51.121
58.328
63.629
60.229
56.094
46.693
46.087
49.479
43.318
20.275
7.06
4.458
5.6861
5.2377
6.2426
9.5781
13.75
18.941
27.824
34.446
40.403
46.957
49.402
50.833
50.571
50.061
49.662
51.137
29.871
25.799
20.208
19.592
10.347
2.668
0.16814
0.20234
0.10728
0.70903
0.73014
0.56155
1.033
1.083
1.0397
0.89224
0.85658
0.75184
0.96504
1.0206
0.74952
5.343
30.648
43.392
43.839
31.546
27.288
29.385
36.268
46.475
42.907
33.09
20.046
8.2421
5.8974
5.5432
4.5382
3.2583
2.6875
2.8186
3.0831
4.2328
7.4287
9.0954
15.397
33.024
45.255
57.698
60.417
60.368
59.987
48.663
42.712
38.309
40.001
45.789
52.159
60.223
62.338
59.996
51.556
46.144
44.572
32.875
14.036
5.5271
3.7876
4.4133
3.8147
3.6941
3.5718
3.1457
3.506
4.5822
10.052
16.12
28.455
37.741
41.869
47.472
49.049
51.32
52.315
51.889
53.678
55.339
56.352
54.073
52.753
51.546
50.39
48.7
47.091
44.55
44.025
42.226
37.861
28.698
18.695
12.578
10.562
8.7198
7.4956
5.8778
5.753
5.2688
5.8057
5.9517
6.6066
7.5147
10.107
12.242
15.111
18.807
22.976
27.666
29.335
29.912
33.168
35.273
39.191
38.212
36.324
33.381
31.839
28.044
24.532
21.729
19.903
18.845
18.211
17.418
16.895
15.908
16.769
16.691
17.403
18.826
20.595
21.281
23.657
24.593
25.604
26.381
27.359
27.022
26.799
25.56
24.097
22.56
21.979
20.773
20.174
20.092
20.365
20.119
21.364
22.602
23.968
25.159
26.864
26.531
27.291
26.213
25.221
24.377
23.731
21.766
21.216
20.844
20.583
19.976
20.704
21.121
21.23
21.39
22.691
22.966
24.448
24.822
25.319
24.688
26.088
25.763
25.103
25.197
24.92
23.667
22.427
21.274
20.939
21.86
22.353
22.775
23.605
23.616
23.061
23.278
23.254
23.179
23.483
23.108
22.97
22.694
23.601
24.371
24.106
24.566
24.769
24.527
25.046
24.837
24.033
24.234
24.021
23.493
23.942
23.662
23.139
23.179
23.448
23.044
23.4
23.915
24.137
24.298
24.491
24.1
24.393
24.21
24.135
23.554
23.715
23.824
23.443
23.586
23.595
23.333
23.718
23.783
23.237
24.106
23.969
23.439
24.046
24.359
24.75
23.933
24.313
23.955
23.002
22.789
22.708
22.196
21.523
21.318
21.705
21.452
22.142
22.244
21.808
23.247
23.528
23.524
23.571
23.117
23.461
23.026
22.425
22.78
22.936
22.988
22.777
23.211
23.365
22.643
22.364
21.967
21.265
21.406
22.228
22.486
22.449
23.058
22.823
22.255
22.466
22.485
22.088
22.659
22.393
21.94
22.355
23.041
23.393
23.062
23.457
22.802
22.367
22.823
22.794
22.23
22.782
22.75
22.315
22.289
22.47
22.349
22.534
23.006
22.94
23.291
23.307
22.944
23.174
23.006
22.353
22.727
22.547
22.552
21.97
22.508
22.492
22.144
22.675
22.911
22.719
22.773
23.155
23.431
22.733
23.374
22.947
22.439
22.8
22.628
21.995
22.553
22.367
22.058
21.966
22.668
22.534
22.543
23.066
22.562
22.735
22.859
21.921
22.799
22.466
22.491
22.272
22.761
22.132
22.883
22.883
22.976
22.48
23.194
23.004
22.749
22.403
22.707
22.234
22.578
22.469
22.313
22.412
22.709
22.236
22.314
22.598
22.756
22.251
22.438
22.341
22.823
22.542
22.653
22.496
22.577
22.471
22.099
22.585
22.681
21.893
22.478
22.594
22.317
22.477
22.6
22.394
22.407
22.46
22.295
22.345
22.541
21.932
22.584
22.451
22.549
22.479
22.471
22.332
22.045
22.382
22.358
22.02
22.101
22.457
22.101
22.521
22.487
21.9
21.94
22.467
22.38
22.429
22.434
21.998
22.515
22.428
21.932
22.448
22.067
22.25
21.772
22.349
22.139
22.107
22.389
22.45
22.3
22.488
22.457
22.369
22.42
22.377
22.109
22.385
22.192
21.836
22.337
22.321
22.064
22.271
22.274
21.725
21.809
21.987
22.121
22.25
22.268
22.108
22.324
22.493
23.822
24.278
23.511
23.901
25.32
24.992
23.907
24.39
24.781
24.664
24.458
24.814
24.683
24.632
24.596
25.134
25.254
24.408
23.523
24.326
25.58
24.722
25.049
23.234
23.002
8.3105
6.997
2.5974
0.99306
0.22377
0.69119
0.3161
0.20307
0.65039
0.49358
1.0185
0.55825
1.1614
1.1278
1.0766
1.1242
0.96166
0.92791
0.34934
0.43204
6.9063
21.612
32.349
40.829
38.83
41.275
36.875
34.423
30.619
21.522
22.257
29.589
28.846
17.192
8.779
5.9234
5.2649
5.9715
5.7934
6.9899
9.7221
13.356
16.681
23.117
32.327
40.31
56.391
64.293
59.492
44.534
37.596
36.862
32.378
38.93
45.998
54.655
59.114
55.508
44.172
31.565
22.139
15.35
9.1067
5.1978
2.6863
2.6852
2.9677
1.3366
0.96694
1.0137
0.91666
1.2407
1.9885
5.4367
15.462
19.935
21.58
31.943
39.79
46.881
49.738
47.59
44.685
39.55
33.919
35.101
34.632
29.735
17.727
8.7288
5.6992
4.6692
0.49027
0.48741
0.38702
0.26353
0.51513
0.81627
0.81814
5.0303
15.775
34.876
57.772
64.981
64.969
61.413
58.823
57.939
58.161
53.666
35.895
21.044
20.438
15.525
19.481
27.249
30.922
18.468
12.909
8.1594
8.1824
7.463
9.1446
6.0681
4.9467
4.2257
3.4731
3.6934
7.8971
20.113
30.065
41.393
51.182
59.539
56.43
51.578
42.13
39.3
37.436
42.904
47.709
54.273
49.964
28.122
21.956
9.9845
4.2159
3.3018
2.866
2.4719
2.935
2.9385
3.83
6.1854
9.7963
11.162
13.821
18.303
23.671
29.976
38.711
44.398
51.75
54.591
54.395
52.937
49.236
40.147
34.104
36.384
28.501
20.345
10.549
4.8718
2.6561
2.0114
0.25103
0.47083
0.13389
0.30322
0.57294
0.56368
0.68444
0.73364
13.381
16.138
27.667
33.646
37.881
38.918
31.412
29.787
25.867
36.883
42.964
40.084
30.225
30.161
25.228
24.32
17.804
11.643
8.671
5.1979
4.6801
3.0399
2.5257
1.7507
1.9199
2.4365
2.7592
5.3332
8.005
27.376
51.541
65.415
67.62
63.522
57.181
48.076
46.983
44.67
48.299
57.512
66.323
67.591
63.824
54.677
46.035
34.27
22.906
11.289
4.0897
2.3385
1.7473
1.6863
2.4786
3.2393
4.6083
7.9861
9.2102
10.784
14.414
17.936
23.298
28.784
37.224
43.702
46.994
48.453
45.561
31.275
25.867
20.707
16.248
10.833
6.7497
2.2963
0.29496
0.17915
0.19669
0.10565
0.2077
1.0078
0.25367
0.46687
0.5351
0.42135
8.4598
9.9823
25.795
57.727
72.985
64.309
55.772
54.145
55.353
57.589
54.697
29.341
22.677
21.681
27.21
39.822
44.914
43.156
26.169
15.478
12.955
9.2015
10.269
8.0675
5.772
3.296
2.1187
1.4099
1.3895
1.0675
1.4164
0.70932
0.85281
0.79925
1.3439
2.0321
3.2253
5.1172
3.8391
6.7904
9.1847
13.184
16.205
16.023
17.405
22.534
27.384
31.868
35.001
38.827
40.997
41.445
43.096
43.619
44.865
44.142
42.937
39.811
34.882
28.743
23.969
21.699
17.628
15.223
14.441
13.67
13.002
13.144
13.86
14.252
15.201
14.674
14.676
15.071
14.906
14.913
15.333
15.404
15.582
16.13
17.414
18.25
18.545
19.43
19.534
19.402
19.926
19.367
18.919
19.65
19.455
19.279
20.119
21.529
21.296
21.468
21.792
20.136
19.75
18.449
16.902
16.643
15.809
15.26
16.062
16.039
16.146
15.692
16.417
16.654
18.42
18.339
18.74
19.217
19.138
18.974
18.703
17.842
18.205
18.325
17.769
18.043
18.1
17.837
18.092
17.794
18.143
18.2
17.868
18.398
18.662
19.04
19.178
19.753
19.896
19.981
19.599
19.995
20.069
19.365
19.607
19.282
18.818
18.989
18.824
18.225
18.769
18.681
18.225
18.997
19.089
18.872
18.637
19.308
19.501
19.186
19.181
19.176
18.892
18.874
18.81
18.766
18.818
19.222
19.08
19.288
19.239
18.752
19.28
19.434
18.97
19.284
19.489
18.881
19.21
19.227
18.773
19.252
19.175
19.231
18.666
19.282
19.204
19.146
19.419
19.625
19.035
19.666
19.496
19.668
18.987
19.661
19.233
19.319
19.565
19.557
19.305
19.673
19.405
19.725
19.602
19.323
19.468
19.68
19.385
19.235
19.549
19.669
18.869
19.509
19.281
19.459
19.366
19.58
19.194
19.056
19.377
19.619
18.782
19.6
19.385
19.088
19.394
19.613
19.143
19.719
19.215
19.807
19.498
20.191
19.823
19.701
20.167
20.295
19.835
20.067
19.962
19.807
20.037
20.172
19.83
20.46
20.3
20.093
20.337
20.474
20.339
20.128
20.595
20.533
20.52
20.778
20.054
20.113
20.579
20.626
19.992
20.732
20.802
20.645
20.7
20.847
20.791
20.335
20.935
20.705
21.027
21.093
20.687
20.841
20.85
20.73
20.668
20.741
20.127
20.231
20.16
20.671
20.303
19.995
20.703
20.844
20.195
20.932
20.864
20.308
20.925
20.919
20.931
20.782
20.883
20.756
20.556
20.719
20.099
20.51
20.693
20.142
20.727
20.691
20.653
20.47
20.763
20.795
20.111
20.786
20.692
20.54
20.766
20.763
20.436
20.852
20.987
20.414
21.027
21.078
20.723
21.217
21.326
21.166
21.318
21.371
20.853
21.399
21.395
20.824
21.265
21.659
21.621
20.929
21.047
21.654
21.189
21.463
21.921
21.86
21.521
22.05
22.084
21.507
22.238
22.041
21.224
21.848
21.665
21.189
21.866
21.92
21.544
22.03
21.89
21.98
21.319
22.133
22.013
21.41
21.982
22.02
21.776
21.882
21.917
21.262
21.827
21.739
21.631
21.786
21.869
21.159
21.923
21.868
21.532
21.915
