0.002053
5.1681e-05
7.7819e-05
-0.0010277
-0.00098322
-0.00037534
0.0021873
-0.0031643
7.3346e-05
-0.00030749
-0.0013644
0.00079417
0.0020079
0.00070464
0.0033779
0.00099608
-0.0014526
-0.0013641
-0.00012822
-0.00033018
-0.00010545
-0.0012656
-0.0036584
0.00088316
0.00097378
-0.0023302
-0.0022647
0.0031764
0.00075005
-0.0013639
0.0021865
-0.0042674
-0.0022648
0.0019233
-0.00098417
0.0029766
0.0031553
-0.00098426
0.0065493
-0.0021499
-0.0045277
-0.0012307
0.0015821
-0.00043929
0.00084158
-4.1606e-05
-0.00017392
0.0019621
-0.00010562
-0.0013406
-0.0021775
0.0021632
0.00079594
0.00095143
0.0011061
-0.00025888
-0.00012847
-0.00019576
0.0018309
0.0010834
0.00081874
0.0032874
0.0012605
0.00075132
-0.0011183
7.4626e-05
0.0029557
0.0011053
0.00126
0.0020533
-0.00098099
0.0011054
-0.0012319
-0.0013625
-0.0036538
0.0030228
4.7825e-05
-0.0014945
0.001964
0.0013036
-0.0011203
-0.00043673
-1.5945e-05
0.0012589
-1.9326e-05
-0.0022881
0.00082173
0.0012138
-0.0013845
-0.0013844
0.0029569
6.9541e-05
0.0028611
0.00075265
0.001855
0.0053565
0.0018551
-0.00032655
0.00090928
-0.0011863
-0.0022662
0.00079785
4.6525e-05
-0.0022884
0.0011041
-0.00034808
-0.0022441
-0.00096714
0.00095102
0.00077595
-0.0001288
-0.00024024
0.0010592
0.0020085
0.0019641
0.00095069
-0.0012531
0.0032158
0.00077626
-0.00010666
-0.0033681
-0.001231
0.0011895
0.0030887
0.002095
0.002957
0.0029117
0.00011432
-0.0013611
-0.001013
-0.0022889
-0.0023109
-0.0024629
0.0032015
0.0030889
0.0028707
-0.0023329
0.0001524
-0.0014268
0.001015
-4.0778e-05
-5.7388e-05
0.0027872
0.0028282
0.0020311
-0.0021786
0.00088887
0.0018396
0.00082199
-0.0022225
-0.0035427
-0.0024182
0.0041913
0.0031911
-0.0010342
-0.0012719
0.000822
0.0075826
-0.0012313
0.0020751
0.0016851
-4.0304e-05
0.0020533
0.00062732
0.0021151
0.0017522
0.0020535
-0.00244
-0.0014933
0.00072915
-0.0022228
0.00092879
-0.0010799
0.00019389
-0.0010976
0.00095107
-0.0010147
0.00099564
-0.00080358
0.0022256
-0.00092616
0.0022033
-0.00083804
0.0010396
-0.0022678
0.0031554
-0.0011437
-0.00012928
0.00095136
0.0024804
0.00075758
-0.0013317
-0.0021186
-8.5727e-05
-0.0013395
-0.0042577
0.0020096
0.0029623
-0.001188
0.0017951
0.0020082
-0.00010559
0.0028692
-0.002141
0.0019041
0.006331
0.00071439
-0.00015131
-0.0003002
0.0011437
0.0011216
-0.00040481
0.0018828
0.0043409
-0.00010733
0.0020535
0.0030898
-0.00049262
0.0019873
0.0031341
-0.0042076
-0.00023377
0.0043629
0.00092887
0.0012473
-0.0010772
-0.00022938
-0.0012254
0.0019722
1.8397e-05
0.0019876
0.0051474
0.0032839
-0.0033051
-0.0001957
-0.001166
0.0022234
0.0019654
0.0032837
-0.0012693
-0.0023719
-0.00021763
-0.0021668
-0.0021654
-0.0020625
-0.0013134
0.0043167
0.0011459
-0.0038571
0.00080395
-0.0011443
-0.0012103
-0.00032342
-0.00096058
0.0010539
-0.0035775
-0.0044524
0.00014191
0.00078225
-0.0012337
0.00080434
0.0017163
-0.0004889
-0.00040086
-0.001044
-0.003352
-0.0015253
-0.0012765
-0.0009397
0.002072
0.00097305
0.00073894
0.00090723
-0.001977
0.0010533
-0.0015465
-0.0023133
-0.0034601
-0.0012326
-0.00015177
-0.00029754
-0.00010588
-0.0023528
-0.0013928
-0.0012107
-0.0022477
0.00201
-0.0012103
-0.0045982
0.0010964
-0.00010811
0.00080519
0.0021189
-0.0011673
-0.0013343
-0.0013343
-0.00027555
0.0033595
0.0008276
0.00083003
-0.001298
0.0021771
-0.0023714
-0.0012109
0.0022423
-0.0010424
0.0023818
0.00010254
-8.6115e-05
0.00078447
-0.0034076
-0.0011014
0.0021325
-0.00012999
-0.00013003
-0.00012964
-0.00080494
-0.0012328
0.0031369
-0.0022921
-0.00025264
0.0031564
-0.0034742
0.0017438
-0.0019825
-0.0013336
0.0031134
0.0010949
-0.00010857
-8.6609e-05
-0.0022923
-0.0011876
0.0020539
-0.003308
0.0029914
-0.0011676
-0.0011677
-0.00013015
-0.00043875
-0.0004387
0.0022191
-0.0035824
-0.00046316
-0.001068
-0.0013546
0.00307
0.0011157
-0.00013059
-0.00023015
-0.00022991
-0.0054566
-0.0025391
0.00078629
7.2612e-05
-0.0033305
0.002056
0.0030701
0.0029056
0.0028074
0.0028065
-0.00027292
-0.0032315
-0.0026428
0.00089052
0.0020119
0.0020322
0.0019675
-0.0012548
-0.003232
-0.0032324
-0.00036478
-0.0032322
0.00060231
3.4991e-05
0.0018699
0.0023377
0.0022305
0.00076318
-0.0010464
0.00084343
0.0018473
0.0020323
0.0031137
0.0011912
-0.00022875
0.0031353
-0.0011684
0.0041952
0.00078785
0.00086398
-0.0013737
-0.00033648
-0.0018479
-0.0018498
0.0010154
-0.0003703
-0.0032125
0.0018225
-0.0023149
-0.0022721
0.0021183
-0.001028
-0.0013315
-0.0054948
-0.0032125
-0.0021742
-0.0032342
0.0020109
0.0020108
-0.0033967
-0.0013522
-0.001147
-0.002272
-0.0054736
-0.001235
-0.0022722
-0.0047186
-0.00015209
-0.00017346
-0.0011693
-0.001374
-0.0022724
-0.00011138
0.0009743
0.0010912
0.0028888
0.0018284
-0.0032141
-0.0022725
-0.0023268
3.2712e-05
0.0032326
9.5528e-05
0.00010224
-0.0018741
0.00076806
-0.006601
-0.0044141
0.00091091
-0.0010941
0.0021262
-0.002294
0.00090514
-0.0014376
-0.0010516
-0.0011911
0.0020752
0.0021932
0.002172
-0.0031722
0.0021721
0.00074732
0.0009723
0.00097434
0.0041961
-0.00022314
0.0021717
0.0030713
-0.0023158
0.0001471
-0.0021122
-0.0019571
0.00081216
-0.00015243
5.4412e-05
-0.0011694
-0.0011911
-0.0014469
-0.00013085
-0.0011698
-0.002271
0.00093063
-0.000238
0.0021496
-0.00010929
-0.0054016
-0.0013293
0.002171
-0.0033763
-0.0012123
-0.0010509
-0.0010743
0.0018731
-0.0025922
-0.0044367
-0.0013712
-0.0024786
0.00090494
-0.0023622
-0.0022943
-0.00042883
0.00065304
-0.0013505
0.0030946
7.0831e-05
0.00077066
6.1389e-06
0.004377
0.0020759
-0.00013064
-0.0013287
-0.0011916
-0.00029089
-0.0010975
-0.0015518
0.0032055
0.00081401
0.0021914
0.0020975
-0.00021673
-0.0024523
-6.6651e-05
0.0044192
0.0013213
7.5941e-06
0.0011301
-0.0013497
-0.0011706
0.004376
0.0032287
0.0020561
0.0011299
-0.0013069
0.00090818
0.0009081
0.0021256
-0.00042405
-0.0012848
0.0022123
0.0022154
0.0021906
0.0040397
0.0030358
0.00092942
0.00093081
-0.0013279
-0.00015262
0.0020754
7.339e-05
6.8176e-05
0.0020327
-0.00013131
0.0021688
-0.0012981
-0.0012982
0.0034435
0.001807
-0.0013701
-0.0043248
-0.0043245
-0.001434
-0.0002162
-0.0035132
-0.0023171
-0.002317
-0.0032855
0.001221
0.00086652
0.0020543
0.0020524
-0.0021822
0.0022604
0.0032792
-0.0011678
-0.0011751
-0.00019943
-0.0024938
-0.0046163
-0.00046819
-0.00046378
-0.0022536
-0.0001526
-0.002098
-0.0022961
-0.0033078
-0.0025221
-0.004363
-0.0022962
-0.0022258
-0.0022256
-0.0033576
-0.00024441
2.3984e-06
-0.004306
-0.0012533
-0.0010804
-0.003245
2.3976e-06
-0.0013476
-0.001347
0.0033189
-0.0011441
0.00073235
0.0041073
-0.0043492
0.0019693
-0.00024145
0.0028068
0.00048727
0.0041132
0.0041525
0.00095052
0.0027815
0.0032914
0.0010838
0.0019548
0.0029618
0.0018793
0.0031158
0.0028988
0.0032337
0.0018585
-0.0013086
2.2004e-05
-0.00019498
0.0040446
0.0023441
-0.0013047
0.0019009
-0.0010364
-0.0022547
6.1709e-07
0.0032064
0.00066522
0.0031852
-3.8482e-05
-0.0011687
0.0022976
0.00090863
0.0011463
0.0021483
0.0041564
0.0042669
0.00095083
-0.001083
0.00095083
0.0009508
-0.00028579
-0.0012318
0.00097178
0.00097184
0.0029847
-0.0013878
-0.00045752
0.00068825
-0.0020559
0.0011241
-0.00011296
0.00095115
-0.00026306
-0.0033591
-0.0023607
0.00088749
0.0012126
0.0065164
0.0040938
0.0021641
-0.0013876
-0.0011258
-0.0021046
-0.0012357
-0.0015177
-0.0032911
-0.001084
0.0011038
0.0043294
0.0044394
0.00077914
0.0010605
0.00083884
0.0021432
0.0021417
0.0023356
-0.00024167
0.0032466
-0.0012985
0.00075837
-0.0011941
-0.0023863
0.00079995
0.00064904
-2.8184e-05
-0.0033807
0.0018829
-0.00015421
0.0018818
-0.00022058
0.0011479
-2.4839e-06
-0.0013655
-0.0013655
-0.001044
-0.0012147
-0.0025571
-0.0011578
0.0032667
-0.0043808
0.0041995
0.00090622
-0.0035775
-0.0022772
-0.0034895
-0.002469
0.00076338
0.00096955
-0.0021237
0.0011025
0.0021403
-0.00010034
-0.00057721
-0.0010865
-0.0013441
-0.0011072
0.0017969
-0.0002197
-0.0024682
-0.0056554
0.0010348
-0.00013237
-0.0012816
0.0044774
0.00076043
-0.001087
0.00073923
-0.00030217
-0.0013646
-0.0002607
-0.0043135
-0.0024475
-0.0062711
-0.002257
-0.0023851
-0.0023429
-0.0024266
0.00082232
-0.00026079
-0.001067
-6.6802e-05
-0.00013245
0.0020131
0.0030963
-0.0022781
-0.002278
-0.0022368
0.0052419
0.0018846
0.0012466
0.0021391
0.0042208
-0.00013255
0.00088854
0.0021389
-0.0002596
-0.0011536
-0.00013256
-0.0013839
0.001057
0.0020146
-0.0014901
0.0011598
0.0020339
0.00020306
-7.0666e-05
-0.0011954
0.0020343
-0.00023861
-0.0012159
0.0010565
0.00096915
0.0032231
0.0042858
-0.0011955
0.0020779
0.00073577
0.0018872
-9.1638e-05
0.0039044
0.0010155
0.00080413
0.00080414
0.00086259
0.0020981
0.00095065
0.00084537
0.00076136
0.0022012
-0.0021067
0.0018669
-0.0013411
0.0019895
-0.00040441
0.0017209
-0.001341
0.0010337
-0.0041327
-0.0011954
-0.003383
0.00093125
0.0033473
0.00011608
-0.0033832
-0.0022586
-0.0036129
-5.1277e-05
-0.00019634
-0.0020275
-0.0034676
-0.0013407
0.0041806
0.0010549
-0.00029867
-0.0032812
0.0030355
0.0041601
-9.1953e-05
0.0031585
-0.0041958
0.002283
0.00082614
0.00015982
-0.0011761
-0.0056953
-0.0043631
-0.0033832
-0.0025686
-0.0010724
-9.2948e-05
0.0020743
-0.0054711
0.0022185
0.0020543
0.0020542
0.0009076
-0.0012998
-0.00029721
0.0020138
0.003365
-0.0042833
-0.0023411
-0.0010929
0.0011486
-0.0024237
-0.0023411
0.0038797
-0.0021195
0.00087006
0.0019737
0.0010302
-0.00015325
0.00093041
-0.0002962
-0.0012169
0.0017683
-0.00144
0.0010301
-0.00047963
-0.0023611
0.0050976
-1.0198e-05
0.0033836
0.00099492
-0.0012735
-0.001462
0.0011736
-0.0011966
-0.0013294
-0.0014623
0.0010166
0.0052653
-0.0012578
0.0033423
0.0041201
0.00074119
0.0052863
0.0040597
-0.0031816
0.0012348
0.00084936
0.00084907
0.0012942
0.00095125
-3.3218e-05
-0.0024228
0.00013036
-0.0026864
0.001791
0.0030776
0.00088986
-0.0012984
-0.0013184
-0.0010757
-0.0044689
-0.0012779
0.00097068
-0.0012778
-0.0012823
-0.001177
0.0030779
-0.0023563
-0.0021808
-0.0012577
-0.0013181
0.00012839
0.0016897
-0.0021586
-0.0010566
0.0010107
0.0010106
-0.0020001
-0.0011774
-0.0024021
-0.0044095
-0.0010971
-0.0044497
0.0020743
-0.0011778
0.0031187
-0.00015349
-0.00015475
-0.0011777
0.00095078
-0.0014356
-0.0013199
-0.00023152
-0.00013322
-0.0001136
0.0042851
6.5946e-05
-0.0011586
-0.0011588
-0.0024209
-3.5564e-05
-0.0011735
-0.00015519
0.00095048
-0.0033454
-6.7534e-05
0.0012096
0.0012094
0.0031775
0.004223
-0.0033855
-0.0011518
0.0018777
-0.0023019
0.0009706
0.0011102
-9.3219e-05
-0.00011322
-0.0043716
-0.0011427
-6.675e-05
-7.7774e-05
-0.0010785
-0.0036054
-0.0042497
0.00085228
-0.0013161
-0.0034844
0.0019689
0.0018959
-0.0021432
8.2836e-05
-0.0011602
-0.0034036
-1.5434e-05
-0.0035047
-0.0047072
-0.0047069
0.0018964
-0.004531
-0.0044304
-0.0021644
-0.0012181
-0.0024203
-0.0032488
-0.0034645
-0.00021534
-0.0010204
-0.0021715
0.0011482
0.001937
-0.0044923
-0.0019497
-0.00011407
-0.001061
0.00085258
-0.0011642
-0.0013357
-0.0023804
0.0032165
0.0042809
0.00095033
-0.00013359
0.0054854
-0.0013354
0.00093041
-9.6727e-05
0.0020351
0.0022287
-0.0024396
-0.0011214
0.0030792
0.00339
0.0010869
-0.0024965
-0.0032507
-0.0025759
-0.0025186
-0.0014337
-0.0012396
-0.0012185
0.00079459
-0.00013412
-0.0011988
0.00095069
-0.0002324
-0.0031375
-0.0022299
0.0032749
-0.002419
0.0020946
0.0010301
0.001142
-0.0024189
-0.00032987
-0.0011432
-0.00024976
-0.0013742
-0.0034077
0.00093035
0.0029443
-0.0011988
0.003139
-0.0011992
-0.0012397
0.002111
-7.7734e-05
-0.00024955
-0.0012967
0.00091112
-0.00028697
-0.0011039
-0.0011796
0.0012587
0.0019397
0.0019379
0.0010651
-0.00033476
0.0021497
0.0020549
0.00079296
0.0010158
0.0020851
-0.001179
-0.002353
0.0024177
-0.0032947
0.00070177
0.0020987
0.0012145
0.0010082
-0.0014304
0.001996
0.0020737
0.0010838
-0.0013696
0.00083614
0.00091084
0.00308
-2.0531e-05
-0.0044676
-0.0033284
0.0020346
-0.00028808
0.0010426
0.00013271
0.00013261
-0.0012787
-0.00026778
-0.00012019
-0.00023031
0.0019436
4.3472e-05
4.3244e-05
-0.0021691
-9.5194e-05
-0.0031627
0.00095024
0.00095023
-0.0023579
-0.0013719
-0.00028711
-0.0015186
-0.0015182
-0.0023467
0.0010034
0.0019422
0.00013066
0.00013049
-0.0011798
0.0021083
-0.00019377
-0.0013124
-0.0013125
-0.0011802
-5.7253e-05
-2.8936e-06
0.0010837
0.0010817
-9.6139e-05
0.0030077
0.0010415
-0.00015415
-0.00015554
0.0021858
-0.00018832
0.0044093
0.0021276
0.0021274
-0.0012001
8.8938e-05
-0.0013706
-0.0023046
-0.0025968
-5.6838e-05
-0.0020427
-0.0024163
0.00093073
0.00093078
-0.002174
-0.0012731
-0.00021126
-0.0012004
-0.0014207
-0.0010509
-0.00022655
0.00099827
0.00095048
0.00095015
-7.1092e-05
-0.0024838
0.0021264
-0.0013171
0.0029507
0.0042574
-0.00035685
0.00076802
0.0010608
-2.4273e-05
-0.00020621
0.0021065
0.00087823
0.00093187
0.0010605
-0.0023728
-0.0021237
-0.0022665
0.00082048
0.001925
0.0010214
-0.00030357
-0.00023291
0.003243
0.00067157
0.00095011
0.00117
0.0030782
0.00061355
-0.0012396
-0.0014761
1.3798e-05
0.00082095
0.00106
-0.0014654
0.003023
-0.00033243
-0.00013506
0.00093066
0.00096759
-0.0010685
-0.0010915
0.0020158
0.002091
0.0020158
0.00082022
0.0010009
0.00091102
0.00089161
0.00085847
-0.00024401
3.2336e-05
-0.0012936
-0.0021614
-0.0012708
-0.00013516
-0.00013554
0.00087253
-0.0021584
-0.0013094
-0.0013471
-0.0033521
0.0040393
-0.00013524
-0.00035174
-0.0022845
0.0010969
0.0041865
-0.0012206
-0.00013526
-0.0011623
-0.0034992
0.0009888
-0.0010913
-0.00015465
0.00093071
-0.00015462
-0.0045629
0.00086658
-8.3405e-06
0.0021624
0.00095002
-0.0024136
-0.00022347
-0.001309
-4.7269e-05
-0.002218
-0.0022676
0.0010961
-0.0023942
-9.6881e-05
-7.7276e-05
-0.0012208
-0.0032671
-0.00098731
0.0019475
-0.00098743
-9.0905e-06
0.0020161
0.00086022
0.0010183
-0.0035287
-0.0013498
-0.0011822
-0.003441
-0.0013481
-0.0044385
-0.0044386
-0.00011598
-0.0023742
0.0030822
-0.0024128
0.0021417
-0.0014531
0.0021613
0.00093058
0.0010087
-0.0012686
-0.0012792
0.00093057
-0.00019376
0.0021608
9.1393e-06
-0.0021792
-0.0012019
0.0008435
0.00438
-0.0012697
-0.0024226
0.0021603
0.00099182
-0.00011436
-0.00025124
0.0030923
-0.0010101
-0.0022682
0.00098842
-0.00015483
0.0018916
0.00091129
-0.0032871
-0.0036021
-0.00017146
-0.0012597
0.00080665
0.0019781
0.0031021
-0.0012847
-0.0022021
0.0021592
-0.0011647
-0.0022592
-0.0012214
-0.0034974
-0.0024401
-0.00097375
-0.0023158
-0.001478
-0.0010781
-0.00097357
0.00093053
-0.0010975
-0.0013452
-0.0001747
-0.002333
-0.0035814
-0.00013573
-0.0023893
-0.0012214
0.00098877
-0.001202
-0.0023278
-0.00023927
-0.00021822
-0.0033918
-0.00027789
-0.0001537
-0.0011835
0.0018282
0.0010726
0.0017905
0.00086532
-7.879e-05
0.0021213
-0.0047239
0.00080813
0.0019781
-0.0010797
-0.0003232
0.0009885
0.0011757
0.0030827
-0.0034126
-0.0031871
-0.0024557
9.2536e-06
-0.0023721
-0.0012618
0.0022607
-0.0013251
-0.001077
-0.003477
-0.0024104
-0.0014273
-0.0013054
-0.00025888
0.0042908
-0.0022864
-0.0023077
-0.001241
-0.0011002
-0.00013603
0.0041943
-0.00013603
-5.3016e-05
-0.0010619
-0.0043774
-0.00011681
-0.0013047
-0.0043968
-0.0011644
0.0020165
-0.0011874
-0.001222
-3.3976e-05
0.0009689
0.0020357
-0.0042764
-0.0010394
-0.0021873
-0.004524
-7.2677e-05
0.0007527
0.00086743
0.0020153
-0.0001746
-7.2954e-05
-0.0013234
-0.0012413
-0.0034132
-0.0044663
0.0010512
-0.0026116
-0.001001
-0.0035773
0.0031405
-0.00019289
-0.0022823
-0.00011776
0.0022187
-0.00027448
0.0053759
0.0018154
0.0010504
-7.3027e-05
-9.8744e-05
-0.0012037
-0.002114
-0.0021135
-0.0055917
-0.00013633
0.0053563
0.0031218
0.00095008
0.0032017
-0.00015522
0.0018837
0.00088888
-0.003332
-0.0011017
-0.00023644
-0.00023692
-0.0032947
0.0019798
0.00084974
-0.0012229
0.0010308
-0.0044621
-0.0034322
0.0031811
0.0031427
-0.00013648
0.0041878
0.0020744
0.002079
-0.0011232
-0.0013033
0.0031031
0.00071605
0.0009496
-0.00013654
0.0008686
0.0021349
-0.0023088
-0.0022844
-0.0032588
-0.0032585
-1.9796e-07
0.00092963
-0.00017118
0.0021347
-0.00011594
-3.5282e-07
-0.0011054
0.0010484
0.00089345
0.00089214
0.0010251
0.0010316
-0.0011477
-0.0010484
-0.0023362
-9.8883e-05
-7.4226e-05
0.0030059
0.0010859
0.00083099
-0.00031445
-0.00031433
-0.0011604
0.0009135
-5.8627e-05
0.0032713
0.0010108
-0.004524
-9.9592e-05
0.0008144
0.0022132
-0.00013672
0.00089363
-0.0011251
0.0019567
0.0010286
0.0019758
0.0019753
0.0051384
0.0021182
-0.00011475
-0.0010658
0.00099103
-0.00013779
0.0010472
-0.00013664
-0.0076805
-0.0044608
0.002947
-0.0023302
0.0010282
0.0087654
0.0020177
0.00081544
0.0053555
0.0051443
-0.0010879
-0.00027045
0.0042872
0.0032373
-0.0010832
-9.9936e-05
-0.0011827
0.0019026
0.0011975
0.0032189
-9.7983e-05
-0.0001554
-0.0021362
-0.0023098
-9.6189e-05
0.0011015
0.0042684
0.0031038
0.0020187
0.0021278
-0.0011866
0.001999
0.0020544
-0.0032448
-9.9914e-05
0.00094948
-0.0033004
0.00081364
0.0010453
-0.00011629
-0.00023272
-0.0013004
0.00087028
-0.00011844
-0.0032824
0.0030272
0.0050447
0.0010815
-0.00011878
-0.0023101
-0.0012786
0.00083563
-0.0013374
0.0010446
0.0019989
-0.00022946
0.0010277
0.0031224
0.001195
0.00090925
0.0010074
0.0042275
0.003236
0.0029515
0.0020544
-0.002197
-0.0002524
-9.745e-05
0.00085475
-0.00028484
0.0019978
0.0021115
0.0030399
0.00079354
-0.0033964
-0.0021749
-0.00019386
-0.0023671
0.0011003
-0.00013713
0.0029154
0.0054071
0.005371
7.0032e-05
-0.0021407
1.9358e-05
8.7513e-06
-0.0032298
0.0010069
-0.0021783
-0.001243
0.0043224
0.00081761
0.0010226
0.0010239
0.0010059
-0.0001936
0.00093068
0.00098664
0.00099009
0.00087535
0.00092953
-0.0011649
-0.0011677
-0.00030492
-0.00037847
-0.0014094
-0.0033768
-0.0033789
-0.0023293
-0.0024223
-0.0035275
-0.0023478
-0.0022548
-0.00024858
-0.0013353
-0.0022179
0.00098561
0.0041168
-0.0035085
-0.0035096
0.00061694
-0.00244
-0.0024586
-8.4756e-05
-0.0013166
-0.0023624
-7.9877e-06
-0.0024955
-7.7556e-06
-0.0012606
-2.858e-05
-0.0012981
0.00082014
-0.0022592
-0.0043374
0.00096972
0.0031595
-0.0012439
-0.0023476
-0.0023283
-0.0023295
0.0010741
-0.00011718
0.00096775
0.00101
-0.0022503
0.0020193
-0.00011892
0.00093062
-0.00030344
-0.001297
-0.00013753
0.0019449
0.0021478
0.00087649
2.6356e-05
0.0043738
-0.0012973
-0.0024441
-0.0021102
-0.0013884
0.0021026
-6.3709e-05
0.00094921
-0.0034686
0.00096783
-0.0011319
-0.0011523
0.0031418
-0.0001031
0.00092943
0.0030833
0.0042715
0.0074109
0.013903
0.054701
0.054706
0.029459
0.024266
0.03603
-0.0021942
-0.0088096
-0.016503
-0.045663
-0.031751
-0.014594
-0.02189
-0.0038218
-0.051689
-0.03731
-0.037286
-0.010097
0.032554
0.01576
0.035878
0.0040288
0.0068965
-0.03417
-0.034156
-0.02664
-0.0064399
-0.006429
-0.079582
-0.16483
0.081978
0.0818
-0.0073108
0.013824
0.03425
-0.0073899
-0.0073015
-0.055889
0.0039442
-0.021315
-0.10001
-0.10322
-0.0036665
-0.0096077
0.003839
0.010311
0.010345
0.43892
0.33391
0.33297
-0.11524
-0.090672
-0.10293
-0.24151
-0.23976
-0.17525
-0.040157
-0.032508
-0.032522
0.080855
0.093355
0.096078
0.080516
0.014177
0.014305
0.0062743
0.015634
-0.084723
0.081131
0.36353
1.1661
-0.68116
0.51083
-0.22776
0.21101
0.18952
0.44447
-0.15641
0.79432
0.7869
0.78786
0.79065
-0.6795
-0.66964
0.16923
0.16852
-0.17188
-0.15265
-0.15272
0.068946
0.45616
0.41538
0.41552
0.28421
0.053633
0.34759
0.070111
0.032849
0.045377
0.033168
-0.46904
-1.0987
-0.77872
0.040472
0.042638
0.016057
0.16732
-0.024048
-0.024083
-0.039468
-0.11432
0.026526
0.02654
0.056719
0.15165
0.23051
0.31063
0.4114
0.39121
-0.15245
0.058237
0.061841
-0.046043
-0.21781
-0.11804
-0.057195
0.034114
-0.014311
0.044775
0.044807
0.1381
0.042728
0.0017841
0.19784
0.19791
-0.0063579
0.088033
0.089611
0.19342
0.78673
-1.0997
0.84178
0.66857
0.2682
-0.19128
-0.18896
0.91727
-0.43641
0.12084
-0.020453
-3.1888
-1.5121
0.45216
0.079182
-0.0089873
-0.23262
-0.41093
0.38696
0.38422
0.3803
0.60639
0.59656
0.50147
0.19223
0.085244
-0.058179
0.041222
-0.080962
-0.14715
-0.31067
-0.67415
-1.0538
-1.5199
-1.0902
-0.025681
0.0060807
0.041336
0.1122
-0.062446
-0.03264
-0.097791
0.014453
0.1721
0.17463
0.4116
0.16932
0.16687
0.03535
-0.50894
-0.39151
-0.10151
0.15586
0.72078
-0.2396
-0.22387
-0.014304
-0.0081062
0.00016904
0.14177
0.15833
0.041086
0.16295
0.035161
0.03487
0.044496
0.15336
0.067134
0.047074
0.14711
0.43141
0.05694
0.060395
1.2577
1.2563
0.0008428
0.17788
1.2682
-0.80026
-1.5786
-1.5605
-1.2053
-0.30836
0.18594
0.16175
0.16114
-0.16311
-0.26406
0.039854
0.035777
0.070778
0.48863
0.55023
0.32598
0.21117
0.1705
0.1826
-0.007534
-0.052801
-0.65163
-0.6491
-1.3272
-0.9194
-0.35813
-0.051508
0.068433
0.067991
0.061468
0.080895
0.11486
0.018022
0.018032
-0.099943
-0.044293
0.112
0.112
0.42709
0.4627
-0.26406
-0.21142
-0.42644
-0.12249
-0.074878
0.1993
0.19606
-0.43912
-0.14273
-0.14242
0.027667
0.027453
0.21011
0.20897
0.094302
0.0018747
0.083643
0.060052
0.017892
0.13895
0.5198
0.2403
-1.1555
0.88851
0.91034
1.0313
1.0287
-0.1728
1.2162
-1.0183
0.97897
-0.99495
0.57145
-1.586
-2.1536
-2.151
0.085459
0.086256
0.097227
-0.10364
-0.1641
-0.24193
0.014404
0.23098
0.29935
0.3698
0.35974
0.52179
0.62061
0.48567
0.48572
0.30056
0.073337
0.080208
-0.018503
-0.086323
-0.090649
-0.49156
-0.85871
-1.2705
-1.3631
-0.028741
0.030748
0.029583
0.029437
0.060615
0.12912
0.0063628
-0.011803
-0.034006
-0.074218
-0.026028
-0.0055328
0.016468
0.062167
0.21398
0.61227
0.48851
0.03486
-0.30635
-0.30551
-0.46639
-0.35065
-0.19324
0.18574
0.18689
0.47055
0.2176
-0.14468
-0.14455
0.013025
-0.0068052
0.024713
0.18799
0.12919
0.032795
0.14608
-0.054231
0.063049
0.047229
0.047071
0.042493
0.1712
0.37685
0.18491
-1.6386
0.62085
0.58992
1.2553
1.3473
0.47111
0.70979
-0.33179
-0.17226
-0.1725
0.0088951
0.51826
-2.8634
-1.0787
-0.088886
-0.087163
-0.30286
0.37486
-0.11119
-0.21768
-0.096499
0.13013
0.2828
0.24677
0.24672
0.24698
0.33519
0.50589
0.68542
0.6272
0.38433
0.38422
0.19176
0.20426
0.15172
-0.19409
-0.69585
-1.0002
-1.6163
-1.0489
-0.46299
-0.076872
-0.019954
0.074132
0.060292
0.14394
0.11513
0.031728
-0.042401
-0.095327
-0.095786
-0.097056
-0.0081209
0.11547
0.36901
0.56628
0.0963
-0.090405
-0.64501
-0.23773
-0.21665
0.23424
0.39474
0.51719
0.51503
0.10408
-0.27787
-0.17649
0.027658
0.0056051
-0.018831
0.063514
0.14329
0.0015237
0.0015216
0.088557
0.036733
-0.0091362
0.063261
0.063233
0.08184
0.11966
0.54848
-0.33471
-1.9696
0.057698
0.35393
0.56005
0.55376
0.54908
-0.38971
1.5167
0.1856
1.247
1.2451
-0.34714
-0.87389
-0.13877
-0.28343
-0.28359
0.50906
0.1505
-0.12964
-0.055543
-0.17375
-0.17404
-0.17137
0.25383
0.31309
0.31337
0.22498
0.35875
0.51357
0.44826
0.15564
0.21027
0.14976
-0.11354
-0.17264
-0.17476
-0.57284
-0.67634
-0.91387
-0.77813
-0.29512
-0.29306
0.070862
0.094702
0.12409
0.10646
0.10648
0.12927
0.033996
-0.14881
-0.13087
-0.13088
-0.016831
0.1224
0.072179
0.25705
0.45669
0.45238
0.027377
-0.37872
-0.32206
-0.021201
-0.14467
0.12549
0.23915
-0.39811
-0.21483
-0.0019442
0.0068127
0.029758
0.062054
0.11796
0.12492
0.036126
-0.012064
-0.012052
0.19033
-0.016483
0.068224
0.051568
0.051193
0.14689
0.33724
0.60233
-1.2889
0.1688
0.18274
0.87611
1.1441
0.22172
0.22021
-0.33598
0.59288
-0.43336
0.027809
0.026357
0.059071
-1.0769
-0.035502
-0.13099
-0.13042
0.31105
-0.044324
-0.11148
-0.19261
-0.059169
0.14699
0.14654
0.20194
0.3688
0.43913
0.67767
0.29764
0.14657
0.15072
0.14927
0.002818
-0.099237
-0.21698
-0.39821
-0.92134
-1.3052
-1.2861
-0.62291
-0.018198
0.039883
0.039867
0.044522
0.13373
0.082622
0.10663
0.0052394
0.0052394
-0.076679
-0.015267
0.017242
0.039824
0.046573
0.15064
0.36715
0.36637
0.066808
-0.4362
-0.55807
-0.16669
-0.16662
0.050225
0.17307
0.62869
0.31502
-0.12947
-0.12629
-0.26077
-0.031643
-0.04553
-0.015172
-0.015097
0.20831
0.13395
0.11554
0.0035542
0.018744
0.068643
0.11904
0.26128
0.25728
0.39483
-1.1176
-0.92875
0.46815
0.59773
0.61053
0.36699
0.82772
0.10652
1.5348
1.5337
0.66408
-0.95229
0.11836
-2.0002
-1.4828
-0.12919
0.19768
0.24349
0.028842
-0.13526
-0.13304
-0.093933
-0.070913
0.0023632
0.15817
0.25745
0.32013
0.55087
0.70765
0.65737
0.37272
0.15664
-0.17961
0.024148
0.11969
-0.0049373
-0.11524
-0.78146
-0.78318
-1.3129
-1.1917
-0.37395
0.09633
0.096589
0.072668
0.098917
0.129
0.078319
0.050232
-0.050718
-0.13776
-0.080344
0.05973
0.059723
0.10334
0.17314
0.38884
0.38687
-0.31097
-0.43365
-0.25808
-0.27373
-0.082874
-0.083656
0.32533
0.19791
0.33685
-0.21605
-0.2165
-0.072358
-0.0056864
0.054864
0.12884
0.12893
0.21989
0.081194
0.116
-0.05315
-0.053097
0.00532
0.050537
0.1069
0.41401
0.40027
0.20872
-1.8589
0.065146
1.0488
-0.16792
-0.16555
0.96205
0.441
0.17214
1.1809
-0.74714
0.40385
0.24253
-1.5433
-0.45187
-0.33878
0.50965
0.12376
-0.13383
-0.19014
-0.27287
-0.012783
0.12846
0.17209
0.17118
0.26396
0.31999
0.40042
0.66199
0.74711
0.53987
0.25234
0.14512
0.1052
0.10509
0.020656
-0.2479
-1.2472
-1.2473
-1.524
-0.84889
-0.11931
0.058165
0.052518
0.05254
0.13729
0.077783
0.12172
0.063444
-0.0013245
-0.0013009
-0.046049
0.018107
0.078437
0.078432
0.11781
0.61478
0.30837
-0.11614
-0.1156
-0.49383
-0.27398
-0.26148
-0.057925
0.11202
0.42026
0.026372
-0.29648
-0.13429
-0.0025828
-0.023228
-0.023239
0.0025982
0.091644
0.15654
0.17466
0.0041762
0.0044688
0.10226
-0.037596
0.088583
0.10107
0.044511
0.043295
0.088214
-1.4652
-0.85856
0.93733
-0.27188
1.0097
1.0084
0.81724
-0.16729
0.2231
0.75392
0.75643
-1.3777
0.63621
-2.3936
-1.2304
-0.18347
0.13197
0.13127
0.19286
-0.13287
-0.080164
-0.081147
0.14218
0.14258
0.36771
0.38726
0.58271
0.58271
0.79411
0.6325
0.16033
0.15906
0.15796
-0.012953
-0.17297
-0.16032
-0.16088
-1.2721
-1.1337
-0.21882
0.026834
0.074685
0.11368
0.073788
0.063587
0.036173
0.036027
0.10029
-0.030607
-0.076666
-0.039491
0.036832
0.14375
0.12644
0.19457
0.57044
-0.16423
-0.15592
-0.29877
-0.567
-0.28359
-0.11969
-0.11974
-0.05684
0.1487
0.49002
0.71926
-0.23499
-0.23483
-0.14732
-0.19242
0.005874
0.0058485
0.18577
0.25622
0.099055
0.026925
-0.057993
-0.057993
-0.027575
0.060884
0.016177
0.016251
0.016253
-0.061193
-0.078577
-0.071025
-0.061053
-0.061058
-0.055564
-0.12565
-0.061664
0.050277
0.049825
0.20957
0.11552
0.075341
0.10528
0.10522
0.11476
0.01879
-0.010365
-0.021158
-0.010259
-0.01734
-0.02292
-0.068268
-0.18603
-0.10991
-0.066271
-0.087869
-0.08068
-0.077464
-0.043399
-0.026221
-0.024404
-0.043677
0.0077606
0.020731
0.020519
0.02816
0.041228
0.06527
0.055431
0.042276
0.040064
0.046591
0.028117
0.026053
0.031494
0.02511
0.013998
-0.0088954
-0.033916
-0.042802
-0.042801
-0.048064
-0.04599
-0.03285
-0.017586
-0.016418
-0.014212
-0.0055734
0.0019464
0.0020625
0.0020431
0.010689
0.0062965
0.011806
0.0052519
0.0052506
0.0063132
-0.00017292
-0.002412
-0.012178
-0.012177
-0.0088583
-0.0044512
-0.0022922
0.0020352
0.0020363
0.0031364
0.00099727
0.00092495
0.0041959
0.0041966
0.0041811
0.00091015
0.0031875
0.0030839
0.0030831
-0.0034873
-0.0011977
-0.0034189
-0.0044995
-0.004504
-0.001269
-0.005589
-0.01105
-0.0067223
-0.0067167
0.0019231
-0.003469
-0.0023745
0.0053164
0.0053242
0.018395
0.015221
0.007496
0.016219
0.016219
0.0041942
-0.010058
0.0031182
0.0075361
0.0075403
0.0030851
-7.7052e-05
-0.018702
-0.023007
-0.023007
-0.0033166
-0.0033715
-0.0012672
-0.0045441
-0.0056343
-0.0078272
-0.0089362
0.0096664
0.013991
0.009723
0.0085958
0.0042554
-0.00015281
-0.0011858
0.0074796
0.0031882
0.0010107
0.00095169
-0.0001094
-0.0056042
-0.0056038
-0.010994
0.003072
-0.0099499
-0.0034542
-0.0023022
0.0064633
0.0075529
0.0096597
-0.0012394
-0.0034116
-0.012128
-0.00013455
-0.01217
-0.010023
-0.00022929
0.010873
0.024024
0.0063711
0.0054423
-0.0013391
-0.0056198
0.0031183
0.0075447
0.013027
0.0019439
0.016282
0.0064451
0.0032229
0.005163
0.0061828
0.0031172
-0.0088269
-0.023034
-0.013255
0.014156
0.010915
-0.0054527
-0.0077253
-0.0079411
-0.00021795
0.0020363
0.0031438
0.014168
0.0042532
0.0020272
-0.0012513
-0.002346
-0.00010647
0.00094592
0.005298
-0.0023337
-0.0033994
0.0086153
0.019577
0.012005
0.0086416
-0.0057211
-0.017687
-0.009989
-0.0011477
-0.0033214
-0.0077742
-0.0067547
-0.001236
-0.0044667
-0.0012094
0.0030828
0.005284
0.015109
0.0074856
0.007486
0.0097512
0.0042819
-0.0022781
-0.00016672
-0.0056526
-0.0077575
-0.0088963
-0.0066454
-0.002249
0.0021244
0.0043276
0.002109
0.00085253
0.0010291
0.0041863
0.003103
0.0042576
0.0075138
0.0031172
0.0031694
-0.0011787
-0.0077157
-0.0056255
-0.0077698
-0.0089184
-0.0088312
-0.00013672
-0.0011903
0.00086371
-0.001136
0.00094289
0.0041918
0.0085398
0.0041203
0.0041478
0.0042071
0.0042108
0.0031535
0.0020581
0.0041418
-6.5628e-05
-0.0056407
-0.0034091
-0.0055748
0.00094948
0.0019754
0.0021012
0.0085899
0.0031171
-0.0011903
-0.001162
0.0020203
0.00081043
0.0031539
0.003147
0.0052825
0.00093854
-0.0022532
0.00088445
-0.00024912
-0.0045669
0.00092858
-0.00010057
-0.0012435
0.0096658
0.0097328
0.0064626
0.0053329
0.00095992
-0.0034684
-0.0034383
-0.0034013
-0.0066938
-0.0076998
0.001004
0.0010054
0.0031637
0.0020826
-8.4983e-05
0.0031405
0.0064255
0.0086349
0.0031752
0.0032396
0.0041677
0.0010807
-0.0023189
-0.0033996
-0.0043895
-0.0056281
-0.0033537
-0.00016827
0.0031465
0.0021351
0.00093647
0.0096172
0.0042065
0.0019476
0.0020449
0.0040833
0.00090746
0.0042491
0.00092536
-0.0012297
0.0019065
-0.0065848
0.00085635
0.0020662
-0.0012695
-0.0012437
0.0020587
-8.0516e-05
0.00091056
0.0020104
0.0020555
-0.00014676
0.0020428
-0.00015031
0.0010099
0.0043042
-0.0012678
-0.0012841
-0.00019417
-0.0013658
-8.7584e-05
-0.0012182
0.0020746
0.0031343
0.0010345
0.0031414
-0.0001751
0.0031674
0.0031102
-0.00021036
-0.0033166
-0.002313
-0.0045133
-0.0022919
-0.0012902
-0.0011599
-0.002323
-0.00018421
-0.0023676
0.0019387
0.0019122
-0.002318
0.00089431
0.00090517
0.00090978
-6.9204e-05
-0.0023225
-0.00014289
0.0052959
0.0019623
0.0020314
-0.0012919
0.00087256
-0.0044395
-0.0024608
-0.00014289
-0.00026988
-0.00013781
0.00096735
0.0010262
-0.00012188
0.0051579
-0.00012632
-0.00021525
-0.0033345
-0.0011732
0.00093613
-0.0044272
-0.00018547
0.00092861
-0.001204
-0.00019679
-4.748e-05
0.0043416
0.00094808
-0.0033215
-0.0034233
-0.0022902
-0.0022739
-0.0045136
0.0020138
-0.00011038
-0.00011038
-0.0044978
-0.0033925
-9.4978e-05
-0.0034598
-0.0033341
-0.0012266
-0.0034233
0.0020414
0.0031594
0.0020847
-0.0044103
0.00097959
-0.00024363
0.00099503
0.00099466
0.0019988
0.003041
-0.0011398
-0.0023335
0.00091984
0.0021033
0.0032207
0.0063852
0.0075074
0.0075079
0.0055065
-0.00019827
-0.0054918
-0.0022146
-0.0068142
-0.0068266
-0.006631
-0.005619
-0.0012436
-0.002301
-0.0023003
0.0052949
-0.00016982
-0.00019896
0.0021184
0.0042639
-0.0035609
-0.00459
-0.0045904
-0.0033779
-0.0067093
-0.0043578
-0.0055861
-0.007769
-0.005664
-0.0034533
-0.0068412
-0.0068445
0.00078612
0.00078483
-0.011215
-0.016752
-0.002289
-0.0068441
-0.018788
0.003154
-0.00098452
0.012961
0.01084
-0.0046239
0.0054002
0.021819
-0.084346
0.059434
0.0041699
0.010766
-0.03095
0.018531
0.05255
0.042702
0.050332
0.18013
0.064233
0.31539
0.31776
0.39452
0.90914
-0.76337
-0.80337
-0.80706
0.13217
-0.31853
-0.066912
-0.85872
0.16414
-0.76689
-0.76883
-0.61192
2.5806
-0.77829
-0.32878
-0.056881
0.16991
-0.006992
-0.0058299
-0.0028018
-0.054479
-0.066307
-0.16573
-0.37649
-0.37601
-0.2151
0.039238
-0.37837
-0.34309
0.015914
0.71294
0.1857
0.14234
-0.43707
-0.30442
-0.31047
-0.37382
-0.17851
0.09624
0.033722
0.081871
0.066496
-0.14509
-0.25011
-0.19735
-0.040157
0.21115
0.30098
0.3021
-0.15634
0.15856
-0.28672
-0.30907
0.12836
-0.062075
-0.20271
0.071249
-0.28284
-0.014775
-0.38028
-0.11274
-0.67266
-0.11688
-0.1213
-0.1364
-0.066049
0.05723
0.057539
0.33916
0.43524
0.18253
0.044009
0.080721
0.052012
0.15735
0.48994
-0.80317
-0.36996
-1.5644
-1.6155
-0.358
-0.35771
0.58786
0.0064493
0.19453
1.7695
-0.046033
-0.075135
-0.028401
0.47559
0.12834
-0.041237
-0.098074
-0.10075
-0.041148
-0.18587
0.012045
0.00558
-0.11797
-0.54677
-0.26764
-0.15046
-0.15052
0.23975
0.30732
0.17312
0.063624
0.24293
0.24533
0.055221
0.3205
-0.024397
-0.1618
-0.16407
-0.20285
-0.41661
-0.30615
-0.14156
-0.050096
-0.04751
0.070187
0.10891
0.11022
0.095081
0.075298
-0.01383
-0.075831
0.072424
0.072202
0.29548
0.36715
0.79072
1.4812
1.0634
1.1568
1.012
0.70243
0.24693
-0.18308
-0.40446
-0.83625
-0.68773
-0.69054
-0.62896
-0.4941
-0.73581
-0.60646
-0.60552
-0.29927
0.014623
0.31203
0.14942
0.36163
0.36102
0.45007
0.03544
-0.039616
-0.015906
-0.072387
-0.017386
-1.0263
-1.3798
-1.4025
-2.0026
-0.7499
-0.085772
-0.086854
0.91251
2.7474
1.8504
1.1499
0.09829
0.093649
0.29761
0.18486
0.3107
-0.17066
-0.11943
-0.12634
-0.20417
-0.20293
-0.098693
0.10024
0.098446
-0.057041
-0.03285
-0.53251
-0.013861
0.12786
0.20382
0.05741
-0.79723
-0.22441
0.25997
-0.24236
0.23337
0.81008
0.81046
0.84759
-0.10711
-0.24128
-0.43394
-0.27919
-0.28497
-0.20516
-0.10196
-0.025739
0.079444
0.079439
0.049623
0.029135
0.50775
0.50797
-0.14773
-0.14745
1.074
1.4287
1.445
1.1197
0.83973
0.27926
-0.32436
-0.85585
-0.8396
-1.0494
-0.87907
-0.9858
-1.0736
-0.99655
-0.31755
-0.13485
-0.093037
-0.09333
0.17859
0.45278
0.49061
0.43741
0.048426
0.048429
-0.11788
-0.092583
-0.034917
0.067926
0.073315
0.15153
0.13618
-1.4971
-1.9375
-2.2092
-0.18499
-0.65462
-1.0164
2.3255
1.6675
1.6676
2.3263
0.52538
0.028504
0.026818
0.18348
0.18776
-0.066443
-0.20228
-0.21205
-0.2556
-0.028386
0.068141
0.30423
0.3017
-0.32681
-0.21827
-0.20346
0.14914
0.14911
-0.18232
-0.90885
-0.62035
0.10613
0.1083
0.52347
0.10524
0.66319
0.71511
0.69326
-0.82724
-0.31201
0.030658
-0.22202
-0.22449
-0.0025177
-0.0031885
0.0047317
0.057198
0.057169
0.025449
-0.035576
0.061116
0.61552
0.0065552
-0.0056787
0.77604
1.1028
0.99937
0.55513
0.54317
0.38305
-0.24545
-0.67501
-0.65969
-0.43738
-0.43134
-0.81983
-0.53552
-0.54114
-0.095604
-0.095014
0.039249
0.34042
0.34067
0.17786
0.17763
0.26926
-0.11432
-0.025317
-0.007625
-0.0059131
0.049883
-0.064006
-0.057757
-1.0509
-1.0833
-1.2256
-1.9696
-0.87683
-0.29027
-0.28518
-0.31291
2.2903
2.2922
1.1142
1.0863
-0.088067
0.17499
0.16885
-0.074836
-0.083224
-0.36874
-0.34234
-0.34885
0.016363
0.018356
-0.042553
-0.18376
-0.76171
0.02176
0.024415
0.31164
-0.2374
-0.76618
-0.23201
-0.54217
-0.51679
-0.32366
0.45706
0.5402
0.60988
-0.15943
-0.30434
-0.33822
-0.18211
-0.18465
-0.18123
-0.09336
-0.011074
-0.011085
0.08758
0.18969
0.26852
0.086947
0.40264
0.40238
-0.0043636
0.41197
0.59742
1.0953
1.0779
1.0095
0.59363
0.10691
-0.077433
-0.087091
-0.54472
-0.1746
-0.27626
-0.45901
-0.45931
-0.91778
-0.86457
-0.48361
-0.31991
-0.31969
0.25231
0.31067
0.238
0.23803
0.084696
0.045297
0.045342
0.084797
0.085434
0.05972
0.045647
0.04584
0.021754
-0.0012301
-0.017291
-0.061391
-0.10804
-0.06797
0.015531
0.042777
-0.017995
-0.10202
-0.122
-0.06024
-0.060319
0.054336
0.05427
0.10769
0.10779
0.1412
0.04602
0.0090546
0.073154
0.010892
-0.021296
-0.041745
-0.12082
-0.089539
-0.089903
-0.034088
-0.084738
-0.019631
-0.066342
-0.10578
-0.067212
-0.034488
-0.02068
-0.019289
0.0042232
0.0086803
0.0087185
-0.010169
-0.0087993
-0.0065088
-0.00867
-0.0021054
0.01409
0.027017
0.027007
0.042203
0.022015
0.014641
0.049195
0.020015
0.016498
0.0085731
0.0053834
0.0053894
-0.0067974
-0.0078695
-0.008985
-0.0068018
0.0083597
-0.0079998
0.002763
0.011313
-0.0024899
-0.015221
-0.01506
-0.015059
-0.0076973
-0.0053857
-0.0031649
-0.0039859
0.0032498
-0.006566
-0.0065633
-0.011934
-0.0056487
-0.01085
-0.0022936
-0.005423
0.0030816
-0.00025247
0.0041933
0.0041918
-0.0012792
0.00079929
-0.0055293
-0.0065296
-0.0065941
-0.0054491
-0.0054511
-0.00014059
0.0075316
0.0063901
0.0028966
-0.0043684
0.015952
-0.0010473
-0.0010451
-0.012925
0.00092469
-0.0011444
0.0074456
-0.0012268
-0.0012266
0.0052859
0.0073416
0.0040766
0.0030986
-0.00017633
-0.005566
-0.0055477
-0.0066568
-0.0076599
-0.0076618
-0.006668
-0.0032911
-0.0044224
-0.004492
-0.004487
-0.0021753
-0.0021804
0.0030844
0.0052098
0.0043669
0.0041915
0.0040988
0.0019041
-0.0013197
-0.001319
0.0029573
-0.0021804
0.00097288
0.0021301
-0.0012036
-0.0012967
0.00090488
-0.0011123
0.0032206
0.0032191
0.0053489
-0.0012768
-0.0054701
-0.04655
0.020135
-0.0075189
0.015859
0.0075257
-0.0022272
0.0022324
-0.0054173
-0.0044928
0.0073009
-0.0066237
0.011395
0.0032649
-0.0035197
-0.00013888
0.0021311
0.0083152
0.0053724
-0.0097766
-0.0044221
-0.002272
0.014751
0.0061954
0.0093849
-0.0032768
-0.0076587
-0.0013245
0.00096342
-0.0035111
-0.0078151
0.0020199
0.0074856
-0.0012441
-0.010826
-0.0032136
-0.0032166
0.0074105
-0.00020804
-0.004517
0.003164
-0.0022673
-0.0054832
-0.005483
-0.0045225
0.0030567
-0.0025478
-0.011003
-0.00023139
0.0053301
0.002012
-0.0044457
-0.0034047
0.00092205
-0.0087755
-0.00027868
0.0031211
-0.0012497
0.0020155
-0.0024064
-0.0022012
0.0020817
0.0010878
-0.0011785
0.00095514
0.0052781
0.0019439
0.0020234
-0.0023154
-0.0012275
-0.0010385
-0.00012055
0.0041046
-0.0023589
-0.0015158
0.00089952
0.0020629
-0.0043741
-0.0034533
0.001043
0.00012901
0.0010234
0.0021066
-0.00022778
-0.00027548
-0.0012959
-0.00021588
0.0019842
-0.0012239
-0.0011517
-0.0023774
0.003126
0.0030814
-0.0022911
-0.007713
-0.0088248
-0.0076909
-0.0044251
-7.1526e-05
0.00094891
0.0021056
0.0052132
-0.0013361
-0.0013395
0.0019277
0.0010392
0.0043278
0.0053025
0.00094919
0.0018561
0.0018542
-0.00013908
-0.004565
0.00092518
-0.0032679
-0.0032625
-0.0013475
-0.00010797
-0.0034046
-0.0034046
-0.0022658
0.00083634
-0.00013928
0.0031709
0.003171
-0.004536
0.00083176
-0.0021568
-9.4132e-05
-9.5594e-05
0.0052109
0.00094911
0.0018768
0.0010181
0.0010242
-0.0011137
-0.003428
0.0031017
-0.001345
-0.0013419
0.0020588
0.0019491
0.0019492
0.0032168
0.00099557
-0.0011137
0.0020607
0.0020605
0.0040798
-0.0043059
-0.00018462
-0.00018464
-7.2076e-05
0.0020683
0.0010819
0.002993
-7.2322e-05
0.0018997
0.00092565
0.0010151
-7.2522e-05
-7.2598e-05
-0.00020666
-0.00020615
-0.0021143
0.00097315
-0.0013624
0.00083866
0.0032207
0.00079159
-2.1485e-05
-0.0022021
0.0020845
0.0041642
0.00087864
-0.0034524
-0.00022652
-0.0002259
0.0020809
-6.9092e-05
0.00195
0.00094953
-0.0067845
-0.0034927
0.0010627
-0.0012951
0.0020376
0.00081477
-0.0023165
0.0030361
0.0018136
-0.003563
-0.0011822
-0.0045149
-0.00013949
0.0020605
0.0021254
0.00094906
-0.00011627
-0.0032944
0.0021793
0.0009259
0.0020147
0.00076655
-0.0022709
-0.0033368
-5.0095e-05
-0.0010493
-5.0244e-05
0.0019919
0.0019457
0.0030354
0.0052368
0.0052369
0.0018823
-0.0012946
0.0020148
-0.0003839
-0.0024934
0.0030113
-9.0036e-05
-0.0010929
-6.9962e-05
-0.00016274
-0.0012943
0.0032621
0.0030355
0.0019248
0.0031265
-0.0011621
0.0020111
-0.00132
-0.00022866
-4.598e-06
-0.0013172
0.00088301
-0.0022971
-0.0012971
-5.3765e-05
-0.0011854
0.00092595
-0.0033414
-0.00022844
0.00099297
-0.0012282
0.0019916
0.0019915
-0.0056024
-8.2868e-06
0.0010376
-0.0022282
-0.0033591
-0.00014566
0.0029957
0.023342
0.016695
0.013517
0.0096154
-0.023766
0.043566
0.0085355
0.01277
-0.0021365
-0.0010523
0.022525
-0.0023018
-0.015303
-0.0034357
0.0051794
0.0060624
0.0058489
0.0049566
-0.0099417
0.0091
-0.022305
0.012774
0.015673
0.015021
0.014116
0.0071445
0.0034828
-0.0087018
-0.0044347
-0.13818
-0.16296
-0.068425
-0.023701
-0.023663
0.06539
0.0038528
-0.022203
-0.011998
-0.011985
-0.057502
-0.022639
-0.076956
-0.11999
-0.11937
-0.14269
-0.082266
-0.012244
-0.0085926
-0.0086091
0.050616
0.37631
0.46087
0.7726
0.77473
-1.1246
0.27233
-0.30811
0.024141
0.019365
-0.015932
-0.11056
-0.115
-0.11469
0.066192
0.037518
-0.058873
-0.041749
-0.00096893
0.10106
0.062957
0.16051
0.15944
0.20026
0.013301
0.18699
0.17807
0.71079
-2.0364
-0.74625
0.28749
-0.034123
-0.047718
0.69326
0.14406
0.0058467
-0.28297
0.85883
0.85581
-0.72075
-0.16202
-0.58845
-0.58029
-0.12976
0.13631
0.070472
-0.03763
-0.047433
-0.21829
-0.16137
-0.21798
-0.040654
0.15721
0.15752
0.17761
0.021005
-0.28371
-0.18556
-0.18738
-0.26713
-0.15216
-0.11393
0.39319
0.46598
0.30518
-0.08281
-0.37046
-0.36814
-0.36668
-0.1899
-0.079468
-0.012212
-0.013119
-0.027644
-0.027051
-0.034369
0.021215
0.0065709
-0.032393
0.0084131
0.0038376
-0.012112
0.1522
0.45938
0.41495
0.60769
-0.081917
-0.45954
-0.50901
-0.043835
0.17201
0.21719
-0.056647
-0.055778
-0.13852
-0.18081
-0.099658
0.025017
-0.016594
0.12383
0.15997
0.074333
0.10635
0.10639
0.061175
0.048125
0.0076976
0.007435
0.21368
0.27867
-1.6373
-1.2449
0.01903
-0.0047203
0.66453
-0.37339
0.93877
0.2965
0.29312
-0.697
0.93476
0.3363
0.75724
0.77567
0.39628
-0.20328
-0.24165
0.099301
0.098354
-0.012686
-0.10957
-0.14403
-0.13846
-0.13868
0.12087
0.02974
-0.049358
-0.063502
-0.013997
-0.010817
-0.36093
0.028133
0.0024517
0.058271
0.11064
0.46974
0.044083
-0.48958
-0.49104
-0.35017
-0.35174
-0.14974
-0.020174
-0.022499
-0.026017
0.010837
0.12131
0.053443
-0.040291
-0.089191
-0.075248
-0.0028496
0.024811
0.051123
0.019154
0.12462
0.25971
0.12758
0.12867
0.096338
0.041259
-0.029091
-0.081066
-0.13147
-0.12994
-0.14737
-0.016149
0.0214
-0.021651
-0.048619
-0.054323
-0.054391
0.018459
0.06596
0.051812
0.025221
0.041656
0.21898
0.21893
0.088733
0.15822
0.17157
0.32246
0.76292
-1.1351
-1.1257
-1.8959
-1.1373
-0.50118
-0.92066
0.25675
-0.38433
0.22422
-0.1171
-0.049579
0.90859
0.79827
0.12739
1.2859
0.88499
-0.73534
-0.23472
-0.15412
0.15438
0.15442
-0.016176
-0.30421
-0.12472
-0.088323
0.067185
0.15428
0.015586
0.0034407
-0.050057
-0.052993
-0.080443
-0.028065
-0.070866
-0.071282
-0.065931
0.068785
0.036985
0.15891
-0.042205
-0.37749
-0.35667
-0.13068
-0.062746
0.0043579
-0.018512
0.017158
0.045949
0.042663
-0.030143
-0.046724
-0.0092031
0.045432
0.031158
0.059011
0.048929
0.049014
0.096237
0.25267
0.17728
0.11157
0.19096
-0.19514
-0.043289
-0.096529
-0.026789
-0.071282
-0.047972
-0.11334
-0.092529
-0.051312
0.0012219
0.019514
0.014568
-0.033666
-0.0048264
-0.071987
-0.025666
-0.0063686
0.18562
0.13853
0.13513
0.044313
0.11147
0.27566
0.37794
-1.0772
-0.42778
0.41614
0.16374
0.528
0.0074744
-0.2415
0.23868
-0.20777
0.9917
-0.29144
0.27916
0.084726
-0.25999
-0.25004
-0.89022
-0.42679
0.1876
0.18688
0.25347
0.23132
-0.038899
-0.33917
-0.36814
-0.31121
-0.17189
0.020713
0.17612
0.17659
0.059403
0.13268
0.23866
-0.064468
-0.064286
-0.14874
-0.30463
-0.2046
-0.28126
-0.45899
-0.45915
-0.30781
-0.15123
0.31298
0.14884
0.1487
0.26034
0.21731
0.19887
0.087269
0.087513
0.24699
0.16672
-0.038187
0.11125
0.11169
-0.093197
-0.192
-0.021187
-0.021114
-0.010517
-0.0044684
-0.0051836
0.0025238
0.0025433
0.0079447
0.021729
0.019643
-0.0061945
0.024001
0.024011
0.018675
0.018709
0.0042191
0.0042138
0.0042117
0.011033
0.029796
0.033265
0.033261
0.03366
0.031633
0.016976
0.0082807
0.0077819
0.0077751
-0.03313
-0.03623
-0.041877
-0.042372
-0.042371
-0.051849
-0.025264
-0.017859
-0.023363
-0.0071938
-0.0057178
-0.0083579
-0.01181
-0.0074282
-0.0027919
-0.0037746
0.0026854
0.0011497
0.0016517
0.0016503
0.011438
0.016337
0.0099108
0.02056
0.020831
0.016721
0.026888
-0.022518
-0.022513
-0.025728
-0.0032514
0.00086075
0.0008607
-0.0073894
-0.01166
-0.0075231
-0.0047416
-0.0052692
-0.0043586
-0.0041367
-0.0014
-0.004329
-0.0064288
-0.0064252
-0.0046372
-0.00095002
0.0031342
0.0013801
0.0031079
0.0064857
0.0065033
0.0050949
-0.0030184
-0.00041289
-2.5771e-05
0.0015907
0.00097378
0.00031224
-0.0029515
-0.00064791
-0.0047935
-0.00084443
0.001155
-0.00078037
0.00072922
0.00015776
-0.0047907
-0.0014906
-0.0011091
0.00069623
-0.002381
-0.0023943
-0.00087435
-0.0024002
-0.00094909
-0.00021869
-0.002612
-0.0042156
-0.0035327
-0.0017176
-0.0039206
-0.0030158
-0.0016265
0.0016404
-0.00046859
0.0056199
0.0025386
0.0033201
0.00072474
0.0030963
-0.0010101
0.001825
0.0009233
-0.0028134
-0.0011026
-0.0021803
-0.0024916
-0.0030098
-0.0035332
-0.00014277
-0.004496
-0.0059791
0.0023704
0.00095236
0.001508
0.0016229
-0.00018095
0.0013367
-0.0016708
-0.00052834
0.0020749
2.1233e-05
0.00020365
0.00086038
-0.00059571
-0.0012441
0.0016331
0.00038838
-0.0019471
-0.0022569
-9.1099e-05
-0.0022097
1.5423e-05
-0.00035506
-0.0033638
0.0013368
0.00085947
6.9028e-05
-0.00077466
-0.00016889
-0.0026431
-0.00035393
0.0015647
0.00037317
-0.00010674
0.00068492
-0.003053
-0.0017907
-0.0023243
1.7668e-05
-0.0010093
-0.0028754
-0.0011864
0.0011569
-0.00010443
-0.002163
-0.00047524
-0.00035433
-0.00078525
0.0020016
0.0026686
0.0034528
0.0010841
0.0049564
0.00050202
-0.0011215
-0.00028187
-0.0013697
0.0032756
-0.0011334
-0.0015558
-0.0021504
0.0011069
-0.0038496
0.00093162
-0.0020948
-0.0030672
-0.0044455
-0.0015425
-0.0016011
0.0010509
-0.00094873
-0.0011303
-0.0020455
-0.0038506
-0.0013499
0.0015868
-0.0016772
-0.00040046
0.00038607
0.0038212
0.0017034
0.00013329
-0.00016352
-0.001127
8.779e-05
0.00067741
0.0034505
-0.0018857
-0.0033499
-0.0033496
-0.0022039
-0.0017707
-0.0054272
-0.0095644
-0.0095614
-0.0069324
0.00042955
-2.9938e-05
-0.0030871
-0.0030914
-0.00095085
-0.003803
0.00086994
0.0036
-0.0005377
-0.00052102
-0.00068212
-0.0016744
-0.0016717
0.00099806
0.0034018
0.014831
0.014853
0.0099672
-0.00065115
-0.00064409
0.016235
0.04929
0.20963
0.20993
0.016768
-0.0036183
-0.93213
0.40162
0.39167
0.48016
0.50869
0.27038
-0.092473
-0.089201
-0.60187
0.45584
0.18366
-0.19943
-0.69323
0.32163
-0.69593
0.60872
0.79152
0.79814
1.2212
-1.6754
-1.0343
-0.82238
-0.26504
0.013015
-0.021672
-0.020357
0.081224
0.16414
0.066016
0.088906
0.13323
0.090928
0.12905
0.23193
0.20131
-0.029377
0.091307
0.091707
-0.0028689
-0.016198
-0.69117
-0.69343
-0.50867
-0.54472
-0.087439
-0.00026244
-0.014362
-0.014323
0.021299
0.053318
-0.0084372
-0.0084382
-0.022246
0.001766
0.08233
0.12051
0.12059
0.18404
0.27128
0.22258
0.11871
-0.56891
-0.59945
-0.45246
-0.07897
0.11549
0.075838
0.076719
0.13183
-0.032547
-0.017384
-0.02995
-0.029775
-0.029414
-0.046807
0.027464
0.027187
-0.0046143
0.055158
0.12724
0.25476
0.25426
0.14763
0.13308
0.095011
0.2093
0.37049
0.37192
0.86804
-0.20417
-0.62405
0.16831
0.60447
-0.32507
0.20688
0.15017
0.3243
0.33883
1.4745
0.87715
0.63265
-1.9247
-1.7641
-1.1848
-0.27666
0.23418
0.5004
0.30155
0.11357
-0.29134
-0.66626
-0.2488
0.082721
0.23978
0.23924
0.064514
0.14043
0.14042
0.22562
-0.12596
-0.51871
-0.31804
-0.30328
-0.4175
-0.019395
0.37418
0.26106
0.47301
0.47675
-0.1554
-0.26664
-0.22083
0.002326
-0.0070214
0.029342
0.21353
0.070702
0.070845
-0.012858
-0.023762
-0.0047652
0.31762
0.32124
0.4827
-0.32788
-1.8857
-0.58582
-0.52224
-0.76135
-0.76933
-0.33198
-0.39507
-0.22935
-0.14667
0.34522
1.061
1.4026
1.5276
0.74461
0.29389
-0.12516
0.090501
0.090192
0.10424
0.079149
0.16751
0.33691
0.33676
0.24917
0.013122
0.11711
0.27404
0.58637
1.0977
0.28453
1.289
1.889
1.9084
1.3047
0.99632
0.56377
0.58578
1.1213
-3.195
-1.1118
-1.4235
-0.27833
0.35893
0.3597
0.37643
-0.10296
-0.31256
0.18354
-0.13746
-0.81059
-0.80837
-0.13204
-0.023174
0.014006
0.096981
0.096933
0.33508
0.21391
-0.48338
-0.99443
-0.94646
-0.93845
-0.92862
-0.64907
0.442
0.94539
0.40211
0.40246
0.31021
0.51328
0.38322
0.52086
0.52306
-0.043253
-0.14192
-0.054272
-0.024138
0.19756
0.034646
-0.024465
-0.024146
-0.40225
-0.55447
-0.75541
-0.61691
-0.48151
-0.47308
-0.52003
-0.30953
0.043469
0.33821
0.20704
0.173
0.39088
1.4934
1.4118
0.51868
0.077712
0.078486
0.10309
0.012722
0.01236
0.20014
0.20003
0.42368
0.40078
0.26081
0.093957
0.032974
-0.1468
-0.045679
0.56118
0.55957
1.3158
1.7065
1.0523
1.8495
1.9322
0.89976
-0.050192
-2.4335
-2.4288
-1.6291
-0.62226
0.17491
-0.053713
-0.053673
-0.36501
-0.12457
0.027718
-0.28307
-0.84538
-0.84581
-1.0872
-0.80705
0.031221
0.031753
0.3137
0.36565
-0.11189
-0.49009
-0.48853
-1.1226
-1.3367
-0.85028
0.012452
0.0089397
0.40965
0.46628
0.42258
0.069757
-0.059803
-0.05967
-0.19964
-0.21443
-0.14336
-0.15791
-0.15787
-0.22324
0.2939
0.31003
0.60279
0.74611
0.59737
0.55085
0.6908
0.67006
0.49412
0.020073
-0.18068
-0.08523
-0.070772
-0.070437
-0.017932
-0.021325
0.037541
0.027101
0.027194
0.025436
-0.048823
-0.027218
-0.013908
-0.013963
0.014769
0.046852
0.0031185
0.012327
0.012519
0.025364
0.10907
0.048128
0.065389
0.052655
0.052724
0.05706
0.054262
0.0067934
-0.0030621
-0.0030552
-0.010848
-0.042324
-0.068197
-0.096602
-0.096469
-0.067072
0.011881
-0.059823
-0.059796
-0.041259
-0.023356
-0.0047676
-0.0058695
-0.0058697
0.015333
0.038935
0.040372
0.046765
0.046807
0.04711
0.032382
-0.021692
0.020656
0.020671
0.016432
-0.011353
-0.016424
-0.015744
-0.017275
-0.018865
-0.03141
-0.025941
-0.022087
-0.022095
-0.022616
-0.018451
-0.010327
-0.0039169
-0.0095826
-0.011406
-0.0040934
-0.011228
-0.0001396
0.013616
0.019935
0.018635
0.017333
0.01928
0.0095997
0.010159
0.0063547
0.0046662
0.00038462
0.0016604
-1.8966e-05
0.0015159
-0.0043754
-0.0040299
-0.00028287
-0.012323
-0.0065254
-0.0008288
-0.0023342
-0.0023316
-0.019824
-0.014725
-0.0043203
0.006017
0.012899
0.017443
0.018221
0.013841
0.0092037
-0.00039009
0.0072764
0.0097056
0.004228
-0.0010586
-0.0026401
-0.011516
-0.012395
-0.0052615
-0.0047425
-0.00084633
0.0016331
-0.0017655
-0.0049781
-0.0026874
0.0016332
0.005717
0.0052251
0.0047259
0.0013967
-0.0011547
-0.0036114
-0.0068216
-0.0066527
-0.0049996
0.0018975
-0.0065641
-0.0025689
-0.0040164
0.004133
0.0019395
0.0088599
0.0061212
0.0042045
0.0082455
-0.001981
-0.00045886
-0.001791
-0.0057601
-0.0034582
-0.0045604
-0.0086123
-0.007126
-0.0035398
-0.0020201
-0.00058922
-0.0001918
0.0022725
0.0047558
0.0049268
0.0025304
0.0045167
0.0015521
-0.0015555
0.0010157
0.00099639
0.002171
-0.0050688
0.0045456
0.0027143
0.0008069
0.0025281
0.0017703
-0.0015387
-0.0008677
0.0032693
-0.0010575
0.00023712
0.0025467
0.0016511
-0.0032103
-0.0057609
-0.0073984
-0.002316
-0.0023143
-0.0011054
0.002481
4.9935e-05
0.0016344
0.0024135
0.0026308
-0.0036672
0.0020556
0.00090173
0.0039976
-0.00098935
-0.0024296
-0.0060547
-0.0067124
-0.0032806
-0.0038467
-0.005038
-0.0057433
-0.0026937
-0.0015034
0.0039478
0.0066542
0.0025847
0.0030592
0.0013725
-0.0016753
-0.00033387
-0.00014109
-0.0016984
-0.00099241
0.00092967
-0.0015539
-0.00070001
-0.0022381
-0.0062583
-0.004282
-0.0018375
0.0039282
-0.00077849
3.1368e-05
0.00082801
-0.00091875
0.0016366
0.0024648
0.00083637
-0.0016058
0.00083005
0.00070761
0.00068607
-0.004256
-0.0026278
-0.0016967
-0.0013407
-0.0013848
0.0015142
0.00068573
-0.0023652
0.00059614
0.0038773
-9.1416e-05
-0.0025256
0.0023429
-0.0025577
-0.0026495
0.00040369
-0.00072624
-0.0018009
-0.0026446
0.0023565
0.00073765
0.0025365
0.0041426
0.0023225
-0.0020159
0.0032733
0.0024662
-0.0013373
-0.0025068
0.00073638
0.00050017
-0.001336
0.0018135
0.0028699
0.0057104
0.011286
0.021026
-0.031261
0.030881
0.030874
0.0023895
-0.00047829
-0.014621
0.0047586
0.0015546
0.0028975
0.0039497
0.0032742
0.0022555
0.0033867
-0.0052017
-0.012055
-0.016089
-0.014606
-0.01897
-0.018936
0.00060321
0.00061577
-0.0067671
0.0014031
-0.12644
-0.11559
-0.050919
-0.019524
-0.019513
0.042543
0.050869
-0.004058
-0.036619
-0.085851
-0.025754
-0.025735
0.015894
-0.041945
-0.076362
-0.0074921
0.033746
0.004723
0.077911
0.36556
0.41004
-0.51344
-0.50662
-0.35262
-0.28568
0.48018
-0.0081367
-0.16333
-0.12472
-0.10039
-0.10012
-0.088157
-0.047092
-0.076006
0.072603
0.06057
0.043417
-0.033282
0.052178
0.17696
1.2739
1.2771
0.50129
0.13795
1.1345
0.78472
0.77035
0.49073
-0.020132
-0.10452
0.026576
0.43224
-2.6069
-2.2551
-0.6611
0.25598
0.010485
-0.45878
-0.19668
-0.12625
-0.090614
0.02271
0.15262
0.29741
0.23698
0.63738
0.52574
0.33547
0.36719
0.36615
-0.43609
-0.59305
-0.71566
-0.13403
-0.94924
-0.27495
-0.27434
-0.069095
0.036211
0.10319
0.082964
0.071971
0.039616
-0.042093
-0.1428
-0.12197
-0.058452
0.035072
0.063929
0.2897
0.045874
-0.56692
-0.321
0.20834
0.20604
-0.23227
-0.2312
-0.23022
-0.013765
-0.024598
-0.034614
0.020502
0.028521
0.0063646
0.070544
0.020193
0.0030547
-0.051667
0.068823
0.84521
0.8457
1.121
-0.086256
0.78076
0.46429
0.97776
0.1924
-0.45337
1.121
1.1206
-0.85723
-0.064852
-0.016071
-1.2021
-2.6946
-2.0375
-0.15471
-0.18928
-0.17224
0.027164
0.13378
0.19118
0.19509
0.23212
0.44318
0.4746
0.29033
0.13908
-0.040893
-0.61578
-0.48386
-0.10416
0.1672
0.0023064
-0.78563
-0.78513
-1.1086
-0.1675
0.070221
0.040917
0.040491
-0.10073
-0.10074
-0.11474
-0.065182
0.043255
0.043223
0.0020891
-0.041578
0.23688
0.32396
0.32441
0.20184
-0.036837
-0.035312
-0.096325
-0.11138
-0.11121
-0.092785
-0.12389
-0.078288
-0.072032
-0.02439
-0.024356
0.031903
0.031392
-0.0012606
0.012019
0.20864
0.054496
0.11544
0.40867
0.96019
0.8877
0.53367
0.27107
0.15621
-0.032415
-0.40136
-0.4009
0.64129
-0.0022196
0.5961
-0.42409
-0.42105
-0.18294
-3.1173
-0.0035737
0.076442
0.076586
0.21556
-0.05094
-0.094164
-0.077536
-0.077376
0.091139
0.080382
0.21242
0.29363
0.29739
0.47699
0.27227
0.23636
0.058818
0.058697
-0.18949
-0.32006
-0.3059
-0.13242
-0.13416
-0.41003
-0.32131
-0.24518
-0.12827
-0.0079796
0.043793
0.092544
0.049683
0.037256
0.042455
-0.0045182
-0.0044588
-0.11402
-0.12031
-0.0022647
0.02725
0.027246
0.055579
0.003676
0.051469
0.093534
0.28266
0.22629
0.02211
-0.082191
-0.091763
-0.050288
-0.10849
-0.10824
-0.069874
-0.041796
-0.070427
0.018715
0.018754
0.053584
0.020476
0.033298
-0.0040101
0.14231
0.14231
0.098307
0.044197
-0.037369
0.018403
0.27898
0.27916
0.62797
0.70628
0.65124
0.65146
0.38368
-0.21455
-0.11344
-0.94124
-0.93817
-0.50949
-0.20196
-0.013139
0.50278
0.51153
-2.6319
-0.46273
0.034148
-0.044247
-0.045005
0.19988
0.0064718
-0.1209
-0.16118
0.046954
0.047059
0.16321
0.17741
0.19949
0.2477
0.20421
0.15223
0.33678
-0.12305
-0.31037
-0.29154
-0.16227
-0.30153
-0.46771
-0.46768
-0.35123
-0.28704
-0.10798
-0.0039383
0.07919
0.087241
0.071135
0.018878
-0.0019324
-0.073277
-0.073412
-0.14613
-0.086077
-0.034533
0.046143
0.013267
0.038058
0.038211
-0.0042054
0.10525
0.30599
0.26189
0.2078
-0.05807
-0.066573
-0.10296
-0.090154
-0.095739
-0.070035
-0.070171
-0.056025
-0.045225
-0.032239
0.027766
0.033238
0.0049276
0.018033
0.018042
0.2373
0.045328
0.041818
0.041941
0.2225
0.57236
1.2676
1.2646
1.1098
0.20553
-0.19181
-0.19521
-0.32112
-0.54109
0.18601
-0.71089
0.34603
-0.55459
0.35618
0.27982
-2.4318
-1.1625
-1.1702
0.066317
-0.21416
0.23438
0.026011
-0.061664
-0.070603
0.044015
0.16494
0.21967
0.22049
0.36322
0.34008
0.12581
0.12923
0.33031
-0.17317
-0.41567
-0.16501
-0.17548
-0.0066959
-0.34583
-0.57457
-0.29233
-0.12324
-0.1233
-0.062169
0.034666
0.063999
0.047298
0.047625
0.047843
-0.056117
-0.074543
-0.091067
-0.090858
-0.015339
0.0011067
0.01564
0.051162
0.051402
0.0051418
0.085645
0.23519
0.22495
0.1721
0.17193
-0.069476
-0.076961
-0.066004
-0.065843
-0.090661
-0.11158
-0.081388
-0.061545
-0.06156
-0.018085
0.043997
0.046607
0.0026948
0.0053477
0.019757
0.019718
0.040971
0.016571
-0.016889
0.14412
0.32382
0.945
0.82563
0.98417
0.62166
-0.16266
0.28376
0.30964
0.30873
-0.19393
-0.7422
0.70281
-0.70296
-0.37036
0.28076
-0.35804
-0.77133
-0.027101
-0.096367
0.18472
0.0735
-0.082852
-0.11029
-0.11034
-0.13956
0.093535
0.13308
0.2461
0.16884
0.29949
0.20992
0.15311
0.34063
0.33945
0.044992
-0.47942
0.10296
0.098712
-0.14153
-0.44719
-0.16016
-0.067642
-0.06771
0.036186
0.093138
0.08668
0.039091
0.016217
0.016217
0.018107
-0.0084027
-0.10436
-0.067527
-0.067528
-0.028064
0.045081
0.031382
0.074317
-0.022295
0.036402
0.14828
0.18704
0.03507
0.036482
-0.14941
-0.048477
0.1513
-0.0088447
-0.096654
-0.09607
-0.10648
-0.060666
-0.029146
-0.053213
-0.053118
0.017967
0.026008
0.01271
0.10345
0.21276
0.011313
-0.0078309
-0.011981
-0.012048
0.14156
0.408
1.1548
0.082434
0.23737
0.23438
1.9207
0.15957
0.68176
0.069065
-1.0338
0.53735
-0.74388
0.24415
-0.47191
-0.072407
-2.6963
-0.35261
-0.12631
-0.12661
-0.081454
0.22806
0.048795
-0.14858
-0.094466
-0.094289
-0.068938
0.37689
0.35691
0.30568
0.30698
0.16792
0.18945
0.0027108
0.00052877
-0.41123
-0.48297
-0.64177
-0.057591
0.2079
-0.1949
-0.19477
-0.23135
-0.11135
-0.020117
0.020407
0.05621
0.044649
0.055802
0.055855
0.020563
-0.075215
-0.1259
-0.10975
-0.046228
0.011689
0.011757
0.078628
0.018053
-0.047556
0.051663
0.3633
0.084444
0.085057
-0.0019498
-0.005098
-0.047142
-0.057407
-0.085124
-0.0848
-0.11014
-0.062088
-0.045689
-0.058227
0.00088568
0.00094231
0.0062989
0.0052094
0.0052171
0.23773
0.0049987
0.0049604
-0.061365
0.19324
1.1247
0.11199
0.26424
0.27074
0.59166
0.14129
0.0010052
0.091098
0.091624
-0.52465
-0.12862
0.13967
0.14016
-0.1492
0.14861
0.21909
-1.2563
-1.7739
-0.10796
0.20636
0.099394
-0.072121
-0.071875
-0.12573
0.023952
0.049099
0.13082
0.13211
0.38447
0.27308
0.14377
0.0089162
0.20505
-0.084103
-0.25515
-0.37734
-0.2905
0.035831
-0.18072
-0.31309
-0.20438
-0.12474
-0.063504
0.0016811
0.032168
0.047584
0.01885
0.01883
0.031392
0.032193
-0.031535
-0.055691
-0.048346
-0.012324
0.018766
0.065542
0.041573
0.036732
0.18189
0.34844
0.26842
-0.34985
-0.34881
-0.31861
-0.2908
0.14896
0.061409
0.15408
0.20707
0.22752
0.016105
-0.12785
-0.12615
-0.034704
-0.030373
0.030195
0.047201
0.10331
0.10353
0.045988
-0.0031308
-0.015087
-0.015025
-0.017895
0.002987
-0.016861
-0.012671
-0.024586
-0.024616
-0.022669
0.025099
0.063676
0.063967
0.10895
0.088157
0.022691
0.05182
0.044263
0.019889
0.020003
-0.0057204
0.018357
-0.00077736
-0.012042
-0.036133
-0.071302
-0.054702
-0.054518
-0.060907
-0.036341
-0.014112
-0.01555
-0.015558
-0.036441
-0.045512
-0.010714
0.024329
0.025139
0.025128
0.027207
0.014744
0.030077
0.028408
0.03404
0.030563
0.018343
0.012711
0.019778
0.015541
0.0080211
0.0029101
-0.017837
-0.025481
-0.023127
-0.021596
-0.017981
-0.013978
-0.010463
-0.0074253
-0.0074231
-0.0062291
-0.0033648
0.0065283
0.0090231
0.010912
0.01352
0.014217
0.0080617
0.0042436
0.004244
-0.0092997
-0.0099373
-0.018692
-0.018693
-0.01717
-0.013647
-0.0069871
0.0038041
0.0099116
0.0099111
0.010597
0.0096913
0.012655
0.0063679
0.0063736
0.0019118
0.0027768
0.00025324
-0.0037856
-0.0037874
-0.0043802
-0.013509
-0.012914
-0.016576
-0.016579
0.00083427
-0.0075397
-0.0040188
0.0039314
0.0039249
0.002733
0.0068127
0.017947
0.017465
0.017472
-0.0018202
-0.0053331
-0.0058836
-7.8564e-05
-7.7125e-05
-0.004525
-0.0014066
0.003498
0.00070712
0.00070658
-0.0035122
0.0030696
0.0014509
-0.0010312
-0.0010356
-0.009609
-0.0024124
0.00072373
-0.0032617
-0.00072411
0.0030006
0.00020722
0.00071123
0.00042207
0.00041954
0.0017407
0.00029433
0.0017138
0.00087561
-0.00074181
0.0045165
-0.0020089
-0.0021276
-0.0010017
-0.0034557
-0.0010024
-0.0025577
-0.0011672
0.0021817
0.00034153
0.00049345
0.00020689
0.0033323
0.0048846
0.0073796
0.0011298
0.00018632
-0.00079635
0.00075594
-0.0026596
-0.0026178
-0.0016971
0.0027974
0.00073602
-0.0014873
-0.0032943
-0.0041954
0.00057385
0.0050886
0.0050739
0.006702
0.005818
0.00043153
0.0020315
0.010785
0.0051803
-0.0044251
-0.003291
-0.0025987
-0.00056422
-0.0095942
-0.0061839
-0.0061855
-0.0015527
0.00028818
0.00093089
0.0081662
0.0033007
0.0044266
-8.5256e-05
-0.0043799
-0.0050388
-0.0018313
-3.5544e-05
0.0034686
0.0080402
0.0059823
0.00377
-0.0011756
-0.0031005
-0.0085652
-0.0062588
-0.0015512
0.0010303
0.005773
0.0028756
-0.003987
-0.0031348
0.0021281
0.003029
-0.00047946
-0.0025392
-0.0016161
-0.0010917
-0.0052061
-0.0027873
0.0027958
0.0023197
0.0039479
0.0038627
-0.00033497
-0.00044112
0.0014065
-0.0004596
0.0042616
-0.0014021
-0.0042367
-0.0028552
-0.0049954
-0.0038578
-0.0024748
0.00096879
0.0040985
0.0027155
0.0015765
0.00090086
0.0038386
-0.00097838
-2.0929e-05
0.0015927
-0.00092847
0.00044834
-0.00023765
-0.003248
0.0030233
-0.0013463
-0.00010286
-0.001784
-0.0024491
-0.0034662
0.00034408
-0.00018402
0.0047787
0.0029931
0.0011271
0.00022934
0.00073771
-0.0025572
0.00075264
-0.0050977
-0.0042922
-0.0043076
-0.0017689
-0.00033468
0.0025162
0.0025951
-0.001401
0.003179
0.00016111
0.00076236
0.0017443
-0.001771
0.0021846
0.00021207
0.0013584
-8.9217e-05
-0.0025437
-0.0015371
-0.0010842
-0.0031408
0.0025026
-2.1216e-05
0.0023387
0.0027932
-0.0010978
0.00097243
0.0018141
-0.0023932
0.0012499
-0.00087457
0.00080834
0.00057427
0.00065625
-0.0014111
0.0024923
-0.0033168
0.0012184
0.0037059
-0.001267
0.00029612
-0.0024761
-0.00046288
-0.0015282
-0.0031413
0.00097372
0.0013447
0.0018269
-0.0014477
-0.0014698
-0.0023832
0.000121
-0.0018097
-0.0013461
-0.00011517
-0.0014807
-0.00062737
0.0014268
-0.0011818
-0.0032224
-0.00061253
0.00073873
-0.0017056
0.000893
-0.00016615
-0.0027646
-0.0024646
-0.001542
-0.0019936
0.0024353
0.0014266
-0.00078181
-0.0010285
0.0012579
0.00021721
-0.00042676
-0.00033127
-0.0023941
-0.0017184
-0.0032487
0.0021249
-0.00027168
-0.0015406
0.0015921
0.0015923
-0.0032371
-0.0021115
-0.001873
-0.0017071
-0.00010415
-0.0020647
-0.0024678
-0.0025598
0.00048306
-0.0019456
-0.00061872
-0.0019536
0.002188
-0.0017978
-0.00018546
0.00097749
0.0010596
0.00014999
0.0010676
0.0017552
0.00089566
0.0032692
-0.0013956
0.0041126
-0.0011402
-0.00079099
-0.00079088
-0.00087306
-0.0011859
-0.00034452
-0.0037848
-0.0025515
0.0023329
-0.0036451
-0.0014636
0.0061778
0.0056589
-0.02327
-0.02327
0.0014416
0.0088057
-0.0018679
0.0036747
0.0059622
-0.0020095
-0.0064837
0.00066053
0.0032819
0.010414
-0.049145
0.024063
-0.0063724
0.013706
-0.0087071
0.024793
0.024889
0.033367
0.056273
0.074264
0.039308
0.35624
0.40905
0.15087
-0.096699
0.7465
0.74585
0.18682
-1.4139
-1.4212
-0.71779
-0.86335
-0.32875
-0.63401
-0.63539
-0.67629
0.66375
0.65671
0.94386
1.4904
-0.32363
-0.48822
-0.13244
0.13203
0.24387
0.23272
0.027228
-0.096663
-0.25004
-0.34274
-0.1391
0.1302
0.142
-0.0037487
-0.20196
-0.31439
-0.31637
-0.39911
-0.40899
-0.13424
0.23863
0.402
0.40044
0.66796
0.063972
-0.15966
0.031079
0.031676
0.066358
-0.0035263
-0.034636
-0.1503
-0.15044
-0.25364
-0.0023538
-0.01678
0.19653
0.2019
0.2168
0.26676
0.30414
0.62494
-0.1834
-0.18817
-0.87126
-0.29645
-0.5577
-0.56824
0.16783
-0.082307
0.7531
1.2092
1.2402
0.59292
-0.13577
-0.6144
-0.24323
-0.24247
-0.1896
-0.045187
0.060058
0.11855
0.24674
0.24649
0.34172
0.13994
0.1093
-0.0060667
0.18264
0.36383
0.70828
1.0076
0.21198
0.53369
0.51449
0.69723
1.2879
0.8394
-1.092
-0.52562
-0.82559
-0.8396
-0.67375
-0.074467
0.25307
0.083028
-0.044853
-0.4607
-0.76382
-0.40623
-0.21723
-0.60244
-0.74076
-0.74372
-0.94724
-0.60298
0.07279
0.17656
-0.050929
-0.18971
-0.31489
-0.48839
-0.60604
-0.59765
-0.61746
-0.66259
-0.17784
0.10583
0.73066
0.99997
0.56123
0.079164
-0.19893
-0.0040081
0.021917
0.11029
0.090387
-0.059274
-0.05938
-0.082244
-0.030606
0.2134
0.68123
0.15696
-0.48177
-0.37939
0.0075625
0.04262
0.4648
0.14378
0.35471
0.32992
0.24446
0.48122
-0.042252
0.14795
-0.069202
-0.191
-0.7236
-0.61659
-0.20266
-0.20703
-0.2977
-0.19179
-0.13826
-0.11336
0.11829
0.30206
-0.061779
0.059703
-0.029689
0.084834
0.26983
0.56473
0.14143
-0.37879
0.046112
-0.3332
-0.22704
0.097728
0.036337
-0.72872
-1.5846
0.068623
0.41203
1.0498
1.5686
0.78278
0.15094
0.17558
0.0042788
-0.036561
-0.66423
-0.79221
-0.61604
-0.34717
-0.030178
0.018033
-0.24049
-0.43572
-0.45369
-0.452
-0.34806
-0.17984
-0.25063
-0.37974
-0.31669
-0.19248
0.021119
0.10364
0.34523
0.71823
0.64135
-0.35068
-0.066273
0.062216
-0.022951
-0.04835
-0.039564
-0.027967
-0.034571
-0.042496
0.0015824
-0.034836
-0.041038
-0.072268
0.17266
0.28946
0.31665
0.51407
0.35155
-0.30322
-0.11785
-0.55904
-0.10186
0.18672
0.17694
0.066433
0.4905
0.51137
0.51998
0.20964
-0.044056
-0.36714
-0.6546
-0.65573
-0.50301
-0.29561
-0.19956
0.0092198
0.0092846
0.18633
0.1778
0.081993
0.24978
0.25703
0.41839
0.44507
0.62673
1.1015
0.44718
0.43122
0.44884
-0.11926
0.12271
0.13048
-0.73403
0.27045
-0.50961
-0.43284
-0.43491
-1.1851
-0.48545
0.60137
-0.26131
-0.26512
-0.59872
-0.52376
0.017195
-0.43896
-0.43895
-0.63772
-0.57976
-0.16907
0.059389
0.059581
0.12302
0.070598
0.21854
-0.0039908
0.00025098
-0.51887
-0.42902
-0.50877
-0.30955
-0.30861
-0.30148
-0.12507
-0.31835
-0.088769
0.075533
0.38804
0.39468
0.49252
-0.23941
-0.23812
0.018469
0.40836
-0.081251
0.060897
0.060943
-0.12973
-0.15723
-0.088248
-0.012549
-0.012489
-0.079059
-0.047303
0.0089691
-0.001044
-0.0010356
0.0049655
0.019193
0.040583
0.055236
0.051523
0.051578
0.021606
0.069347
0.075254
0.048288
0.04007
0.040118
0.020906
-0.010444
-0.0044939
0.0038552
0.0038491
-0.0070611
0.0024429
0.015164
0.018849
0.0053509
0.0053809
-0.018175
-0.027197
-0.020579
-0.01487
-0.020693
-0.015575
-0.0059421
-0.011859
-0.0089329
-0.0041866
-0.006104
-0.011217
0.0069835
-0.0076569
-0.016132
-0.02854
-0.016716
-0.0024085
0.0045433
0.018207
0.016153
0.021436
0.017418
0.018056
0.021588
0.01766
0.0049561
0.0043727
0.0051028
0.0070218
0.00087521
0.0018822
-0.017597
-0.016704
0.010972
-0.0040883
0.0055347
0.0031285
0.0014848
0.0079471
0.0056213
-0.0034351
0.0018026
0.0062283
-0.0016398
-0.0084601
-0.00050974
0.0031689
0.001241
-0.0028348
0.001975
-0.0033309
-0.0082944
-0.0057977
-0.0050864
-0.0081237
-0.0077299
-0.0002543
-0.00010659
0.0036355
0.0010209
0.0040621
0.0062427
0.0092512
0.0076142
0.0062817
0.0060408
-0.0011624
0.0035664
0.0045985
-0.0032678
-0.0008466
-0.0056495
0.006563
0.0060715
-0.0037319
-0.0061162
-0.00027893
0.0067584
0.0031725
0.0011664
0.0042493
0.0025221
-0.0011746
-0.0020442
-0.0017989
-0.0022126
0.00035512
0.0015116
3.9566e-05
0.00060257
0.0031023
0.0034211
-0.00035231
0.0013387
0.00075368
0.0040571
0.0019598
0.0014849
0.004207
0.002518
0.0027642
0.0032498
-0.00019712
-0.0013837
-0.0037885
-0.0011441
-0.00076194
-0.0028326
-0.0038846
-0.0022159
0.0037157
0.0018052
0.00060213
0.0021485
-0.0004293
-0.0013859
0.0024637
0.0039846
0.0018288
0.0007495
0.00074901
-0.0029011
0.0027609
0.00094904
-0.0041284
0.0029312
0.0010938
-0.0019456
0.0058981
0.0003624
0.0043047
0.0043043
-3.4793e-05
0.0030037
0.0029478
-0.002285
0.0013122
0.00062671
-0.0011389
-0.0018752
0.0031003
-0.0013825
0.00018533
0.00045757
-0.0020703
-0.0027806
0.001657
0.0016556
0.00102
-0.00052507
-0.00042519
0.0016814
0.0003574
-0.00035052
-0.0048604
-0.0010886
0.0022664
0.0020239
0.0010191
0.00035558
-0.0012325
-0.0017179
-0.00035566
-0.00035589
0.00050618
-0.0014097
-0.00018608
0.00028907
0.0037426
0.0017312
-9.3517e-05
0.00071465
0.0029378
-0.0005937
-0.00099385
-0.00099389
-0.00091707
0.0043518
-0.00099431
-0.0019698
-0.0019479
0.00099975
-0.0030722
0.0018077
-0.0017999
-0.0018006
-0.0018009
-0.00027659
-0.0020638
-0.0050113
0.00094655
0.00060194
-0.00013228
0.0027641
0.0027669
0.0026141
0.0040572
-0.0026829
-0.0033186
-0.0034912
0.00099142
-0.0046186
0.00052701
0.00052794
-0.0011646
-0.0022868
0.0011643
-0.0042772
-0.0030221
-0.0041049
3.7441e-05
0.0001392
0.00013743
0.0039904
0.00035821
0.0011165
0.0015034
0.00067513
0.0029095
0.0018068
0.00082306
-0.0021144
-0.0021164
0.0014354
0.0024661
0.0014843
0.0013415
0.0025648
0.0024662
-1.4293e-05
0.0014844
0.0017314
-0.00084393
-0.00099328
-0.00081918
-0.001239
-0.0026782
-0.00124
0.00035428
-6.0337e-05
-0.0011647
0.00028852
0.0041334
0.0043803
-0.00087428
0.0013425
0.00028974
0.0023676
-0.0001112
-0.0031799
-0.0014925
0.0018052
-0.0012396
-0.0026084
-0.0023593
0.00019084
0.0025175
0.001561
0.0020548
0.0041336
0.0041337
0.00043885
0.0009055
-0.00034882
0.004059
0.0020019
0.0013315
-0.00010958
-0.00076837
-0.004468
0.00011501
6.3238e-05
0.00021268
0.00021306
-3.4445e-05
-0.001876
-0.00020753
-0.0052599
-0.0018758
-0.0020288
-0.0012902
0.00062484
0.0023674
0.0010964
0.00069892
0.0028801
