8.5547e-05
-0.0013082
-0.0013799
-0.0014665
-0.0016094
0.0017793
-0.00092003
-0.0018545
-0.0013799
0.00098884
0.00075919
0.0010753
0.00022785
0.0013616
-0.0016967
-0.0001451
0.0016217
0.00075962
-0.00015959
0.0010606
-0.00023125
0.00047321
0.0014501
0.00021295
-7.3834e-05
0.00024377
-0.00054612
-0.00047743
0.0012183
0.00076022
-0.00092214
-0.0019371
-0.00054578
0.0010877
-0.0016096
0.0013166
0.0001676
-0.001609
-0.00043894
-0.00090438
7.4466e-05
-0.0002445
0.0027393
0.0019947
0.00093056
-0.0010209
-1.5741e-05
0.00036948
-0.00023155
0.00068914
-0.0014053
-0.00085187
0.0010739
-3.2727e-06
-0.0010804
0.0008456
-0.00015949
5.6463e-05
0.0013738
-0.0010086
0.0010016
-0.00084093
-0.002158
0.0012175
-0.0006031
-0.0013808
0.0013851
-0.001081
-0.0021583
8.0073e-05
-0.0016081
-0.0010811
-0.00024301
0.00076247
0.0014572
0.0011686
-0.0013085
0.0017681
0.0003669
-0.0023025
-0.00060215
0.0019953
-0.0010929
-0.0021589
-0.0010931
-0.00046939
0.0010012
-0.0020155
0.00083497
0.00083498
0.0013825
-0.0013804
0.0016698
0.0012166
0.0012994
-0.00024764
0.0012992
0.0010621
0.0001392
-0.00038581
-0.0005401
0.0010725
-0.0013087
-0.0004679
-0.0010824
0.001134
-0.00061136
-0.0016785
-5.1483e-06
0.0011442
-0.0001592
0.00020036
-0.0009389
0.00022054
0.00036432
-5.383e-06
-0.00016914
-0.00063181
0.001144
-0.00023116
-0.00062003
-0.00024076
-0.0019448
0.00037325
-0.00064187
0.00080528
0.0015227
-0.0020983
0.00076509
-0.0015343
-0.00046565
-0.00039345
0.0006843
-0.00056173
0.00037188
0.0016653
-0.00032117
-0.0022424
0.00098172
-0.00079612
-0.00044686
-0.00037533
0.0025262
0.0023822
0.00014606
-0.00082463
0.00078253
0.0019404
0.00099903
-0.00068523
0.00053354
0.00054227
0.0004501
-0.00056439
-0.0014609
0.00047889
0.00099905
-0.00017196
-0.00023907
1.0703e-06
0.0024447
-0.00044731
7.2853e-05
0.0022205
-0.0007169
0.0022282
7.2564e-05
0.00061536
0.001199
0.0012864
-0.0006778
6.4567e-05
-0.0013164
-0.0023865
-0.00066982
-7.5017e-06
-0.001532
-0.00015138
-0.0034
-0.0010781
-0.0018195
-0.0010063
-0.0026816
-0.00029535
-0.00053298
0.00015058
-0.00052526
-0.0001588
-7.8844e-06
-0.0030909
0.0012135
0.00012133
-0.0016101
-0.00030262
0.00069654
-0.0019832
0.0002143
0.0013706
-0.00038141
0.0015088
0.00021414
-0.00023099
0.0016585
-0.0015373
0.0011475
0.00081426
0.001358
-8.6567e-05
0.00099142
-0.0012313
-0.0011591
0.0019253
0.0012189
-0.00063784
-0.00023064
6.8495e-05
0.00036241
0.0022138
0.00028468
0.00021766
-0.0021232
0.00077508
-0.00071141
6.2818e-05
-0.0021657
-0.00074063
0.00077516
0.00033784
0.00092942
-0.0012368
0.00028347
0.0015926
-0.00086183
-0.00082155
5.7703e-05
-0.0004518
-0.0010835
0.0003555
-0.00086269
0.00048244
0.00040612
0.00012971
-0.0014618
-0.0014617
-0.001822
0.00062713
-0.00057124
-0.0012327
0.0027777
0.001068
-0.0005228
-0.00030671
0.0010641
-0.0023188
-0.00094421
0.001265
-0.00075052
-0.0022429
0.0011399
-0.00023419
0.0010677
0.0023671
0.0022148
0.001926
-0.0014567
-0.00067354
0.0019229
-8.9313e-05
-0.0023906
-7.644e-06
-8.315e-05
0.0012842
0.00013342
-0.0026822
-0.00094502
0.0019956
-0.00038062
-0.00031112
-0.00023336
-8.6296e-05
0.00099219
-0.00023055
-0.00023566
0.0014909
-0.00030516
-0.00059619
0.00020717
-0.00030498
0.00033386
-0.0010903
-0.00023048
0.0010667
-0.00015411
-0.00044901
0.00070172
0.00070187
0.00092029
-0.0017326
0.00099446
0.00099425
-1.5918e-05
-0.00094472
0.00041209
-0.00030425
-0.0011609
-0.0014547
-0.0022392
-0.0015244
-0.00030223
0.0011382
0.00012323
-0.00066426
-0.0008015
-0.00015818
-0.00015817
-0.00015817
-0.0028212
-0.00023162
0.00020603
-0.00044894
0.00084848
0.00013357
0.00034057
0.0022897
-0.002678
0.00070333
0.00027704
-0.0010918
-0.00023028
-0.00030249
-0.00044798
-0.00037513
5.943e-05
-0.00080846
0.0012828
-0.00044679
-0.00044676
-0.00015807
0.0020716
0.0020716
-0.0010921
0.00070372
0.002144
-0.0013813
0.00077629
0.00041923
-0.0011647
-0.00015804
0.00077662
0.00077672
-0.0011669
0.0015675
0.001137
-0.0014528
-0.00073404
5.7856e-05
0.00041802
0.0015686
0.0025035
0.0025033
0.00092095
-0.001668
0.0019284
0.00020161
0.00020119
0.00012911
0.00034524
-0.00015725
-0.0016671
-0.001667
0.00121
-0.0016668
0.0023599
-0.0013091
0.0012795
-0.0021018
-0.0017409
0.0012086
-0.0014524
0.00034644
0.0013517
0.00012806
0.00027092
-0.0020284
0.00077646
0.00019805
-0.00044502
0.00041283
0.001136
0.00027382
0.00085085
0.0011377
-0.0037521
-0.003752
-0.00023184
0.001856
-0.001736
0.0014225
-0.00037013
-0.00051431
-0.00016227
-0.0015235
0.00070718
-0.0010123
-0.0017352
-0.0014487
-0.0016627
0.00019818
0.00019811
-0.00051127
0.00077954
-0.0005155
-0.00051328
-0.0010823
-0.00022735
-0.00051312
0.001362
-8.5707e-05
-1.3786e-05
-0.00044297
0.00085198
-0.00051261
-0.00022958
-8.8382e-05
-0.0010955
0.001634
0.0014204
-0.0017327
-0.00051227
0.00027878
-0.0013092
-0.00074134
-0.0015255
-0.0015258
-0.0036776
0.0012071
-0.0010758
-0.00086578
0.00012754
-0.0013056
-0.00081082
-0.00043918
0.00012759
0.0010696
-0.0014497
-0.00037038
-2.0604e-05
-0.0010279
-0.00095589
-0.0018752
-0.00095605
0.0012791
-8.9566e-05
-8.9638e-05
0.00040351
0.0007769
-0.00095659
0.0004073
-0.00036548
-0.0023163
-0.0016613
-0.0028126
0.0010618
-8.5301e-05
-0.0013814
-0.00044184
-0.00036946
0.0017172
-0.00015751
-0.00044166
-0.00050896
5.4258e-05
0.00020395
-0.00088562
-0.00022973
-0.0019343
0.00071044
-0.0009581
-0.0005756
-0.00029677
-0.0014486
-0.0013762
0.0012727
0.0017957
-0.00078608
0.00085533
0.00078894
0.00012657
0.0004265
-0.00043518
0.0020741
0.0022129
0.00078334
0.00033113
-0.0014542
0.0012056
-0.0012369
-0.00082766
-2.5033e-05
-0.00015739
0.00071146
-0.00036796
0.00099462
-0.0013029
0.0020806
-0.00067764
0.0010604
-0.0010332
-9.8258e-05
0.00013184
0.00071859
-0.00037384
-0.00097424
-0.0031142
-0.00059062
-0.0012432
0.00078477
-0.0004389
-0.00083016
-0.00075192
4.5877e-05
-0.0012434
0.00064084
0.00012433
0.00012428
-0.00017101
0.0020743
0.00056882
-0.0011066
-0.0011068
-0.0010346
0.0015436
0.000543
5.2122e-05
5.2091e-05
0.00071339
-8.483e-05
-2.812e-05
-0.0014539
-0.0014538
0.0001164
-0.00015713
-0.00096359
-5.0507e-06
-4.7975e-06
-0.0026979
0.0014852
0.00085854
-0.0017828
-0.0017827
0.0010755
0.00013205
0.00051364
-0.00035745
-0.00035738
-0.0015013
-0.0021806
0.00026804
4.3115e-05
4.3051e-05
-0.0014368
-0.0019004
-0.0015479
-0.00043737
-0.00043706
5.9964e-05
0.0008681
0.00045231
0.0022201
0.0022199
-0.00057277
-8.47e-05
-0.0017248
-0.00042782
-0.001426
0.0015877
-0.0010597
-0.00042749
-0.0012904
-0.0012904
-0.00063465
0.00085083
-0.0012369
-0.0018494
-0.00014745
-0.0013719
-0.0016417
-0.001237
0.00078836
0.00078842
-0.0016961
-0.0011545
0.001347
0.0013169
-0.0017026
0.00032878
0.00085101
0.0025507
0.003434
0.00066866
0.00052447
-2.2555e-05
0.0026225
-0.0009786
-0.0011028
0.00039949
0.0013976
0.0012636
0.00024528
0.0016135
-0.0014108
0.0013354
0.00064538
-0.001309
5.9695e-05
0.0015306
-0.002194
0.00064547
0.0011907
-0.0015148
-0.00056802
-0.0012369
-0.00069243
0.0022092
-0.00062077
-0.0010933
-0.00043393
-0.0020507
0.0001204
-0.0013194
-0.0002499
0.00051919
-0.00048923
-2.3636e-05
-0.0013698
-2.3712e-05
-2.3762e-05
0.00099574
0.00043124
-9.5777e-05
-9.577e-05
0.0013214
0.00093511
0.0022198
0.0021366
-0.0025101
-0.0012485
-0.00022825
-2.4223e-05
0.00092389
-0.00062491
-0.00020495
0.00019153
-0.0021852
-0.00051703
0.00073221
-0.000973
0.00093629
-0.0012246
-0.0017169
-0.00021621
0.0020169
-0.001488
-0.0013686
-0.0011775
-0.00071049
-0.0017188
0.0012
-0.0010332
0.00098334
-0.00090179
-0.00090172
-0.0021991
0.00085169
-0.00084295
1.2461e-06
0.0012721
-0.00035987
0.00051717
0.0011274
0.0022801
-0.00051763
-0.00054956
0.0012584
-8.4021e-05
0.0012584
0.00077939
-0.0013235
-0.0012369
0.00086577
0.00086578
-0.0015125
-0.00028711
0.0017434
-0.00050373
-0.00091757
-0.00096792
0.00036559
0.00011888
0.00075015
-0.00048931
0.00046089
0.00080844
0.0012715
-9.8504e-05
-0.0016423
-0.0011795
-0.00090428
-0.00087473
0.0033028
-0.0013669
0.00079437
-0.0012944
0.0021922
0.00077944
0.00080946
0.00020326
-0.00096239
-0.00015625
0.00057759
-0.0018715
0.001271
-0.0013665
0.0013437
0.0010692
0.00086731
0.00092443
-0.0018292
0.00073826
-0.0034554
-0.00055933
0.00052141
-0.00026973
0.00066633
0.0010536
0.00092459
-0.0014383
-0.0010198
-0.00015617
0.00017388
0.00030252
-0.00048597
-0.0004859
-0.0006308
0.00063155
0.0012542
-0.0023339
-0.00090774
0.00028496
-0.00015609
0.00018936
-0.000908
0.00092476
-0.00050151
-0.00015607
0.0009416
-0.0010363
0.00017231
0.0019502
-0.0020446
9.9742e-05
-0.0026081
-0.00037355
-0.00035626
9.9389e-05
0.00085232
-0.00028368
-0.0010368
-0.00010088
-0.00078187
-0.00058198
-0.0003561
-0.00069177
0.0013433
0.0012522
-0.00030144
0.0026601
-0.00089193
0.0011248
0.0011247
0.00026179
-0.00076526
-2.9032e-05
0.00097934
0.0019151
-0.0011285
-0.0017082
0.0013236
0.00079838
0.00024245
0.0020786
0.0024766
0.00079861
-0.00031932
-0.0031137
-0.00035474
-0.00053506
4.296e-05
-0.0018665
-0.0016718
-0.00053464
-0.00055336
0.0015553
-0.00044561
0.0007077
-0.0026428
0.00040195
0.0007992
0.00042058
-0.0010385
0.0010705
-0.00089623
0.00051164
0.00049235
-0.00030126
7.5744e-05
-0.0028931
-0.002067
0.0010509
-0.0024633
-0.00042635
0.000371
-0.0016659
-0.00053175
0.0018286
-0.0014348
-0.00030109
-5.0729e-05
-0.0010718
-0.0012047
2.1465e-05
2.1486e-05
0.00075976
0.00065524
0.0010707
0.00016647
-0.0019439
-0.001953
-0.00025991
-0.0013615
-0.0014016
0.00067673
-0.00025948
0.0027942
-0.0023492
0.00025875
0.00031049
-0.00096749
-8.3128e-05
4.1018e-05
0.0010709
-0.00027967
0.0023277
0.001165
-0.00096759
0.0023702
-0.00018567
0.0017629
-0.0012369
-0.0020195
-0.00017732
-6.1542e-05
0.0018835
-0.002122
-0.00035175
0.00015588
0.0018838
-0.00089613
0.0005338
-0.00013404
-0.001876
0.0012742
0.0013391
-0.00018614
0.001491
-0.0018966
-0.0023405
0.00033077
0.00033096
-0.003204
-3.26e-05
-0.0011642
0.00068028
-0.0023909
0.0029158
0.0022531
0.00035757
0.00018419
0.00065895
0.00073115
-0.0014317
-0.00064518
-6.0201e-05
-0.00010565
-5.9764e-05
-5.928e-05
-0.00042302
0.00035654
0.00046343
-0.00083514
-0.00013201
0.00073143
-0.0023911
0.0032607
-0.0015534
-0.001504
-0.00025139
-0.00025133
-0.0027796
-0.00042234
0.00061025
-0.00085978
-0.0013584
-0.000714
-5.7815e-05
-0.00042208
0.00020883
-8.2557e-05
-8.2495e-05
-0.00042184
-3.4061e-05
0.001814
0.00073282
0.00085351
-0.00015527
-0.00022793
-0.00060721
-0.0021728
-0.001139
-0.001139
0.00068449
-0.0011639
-0.00042246
-8.2147e-05
-3.4574e-05
-0.00066353
-0.00037463
-0.002271
-0.0022711
-0.00065643
0.00025359
-0.00051655
-0.00049527
0.0013132
-0.00039593
-0.00010821
-0.0012632
-0.00030174
-0.00022866
-0.001644
-0.0012103
-0.00037528
-0.00037458
-0.00143
0.0015755
-0.002082
0.00097329
0.00073372
0.0004944
0.0003038
0.001239
-0.001622
-0.0022457
-0.0011374
0.00020379
-0.0012369
0.00056851
0.0015313
0.0015324
0.0012381
-0.00041331
-0.00077765
-0.001548
-0.00027413
0.00068862
-0.0016669
0.00042418
0.0007813
-0.0016475
-0.00083168
-0.0014101
0.0010915
-0.00055688
-0.003638
-0.00022804
-0.0015015
0.00097257
-0.00049182
0.00080841
0.00054416
-0.00080863
-0.00061727
-3.66e-05
-0.00015497
-0.0015818
0.00080882
3.6201e-05
-0.00094425
8.1175e-05
-0.0019364
0.00076404
-0.0012818
0.00034501
-0.0027548
-0.0011921
0.0016271
-0.0016632
0.0019198
0.0010573
0.0011748
-0.00019925
-0.00027233
0.0011905
-0.00015484
-0.00034526
-3.7602e-05
0.00085419
-0.0027434
-0.0013245
-0.0010323
0.00069318
-0.00014047
-0.00033118
-0.0020556
0.00069359
0.00122
-0.0012073
0.00092728
0.00095698
-0.0004315
3.5073e-05
0.0014968
-0.00034458
0.00012143
-0.00034455
-0.00019786
-0.00085741
-0.0010166
0.00092732
2.2701e-05
0.00010799
0.0017164
-0.001353
-0.00041738
-0.0024957
0.0010863
0.0010863
-0.0011209
0.0012209
-0.0010051
3.8668e-06
0.0011898
-0.00025829
-0.00078595
-0.00041669
0.0004764
-0.003316
-0.0015106
0.0021984
-0.00014238
-0.0023492
-0.00025812
0.001177
0.00022236
-7.0334e-05
-0.0011948
0.0016018
0.0010428
0.00010698
0.00033699
-0.0012368
2.8744e-05
-0.00071879
7.5232e-05
0.0010739
-0.0010489
-0.0024653
-0.0024655
-4.9507e-05
0.001001
-0.00087032
0.0008546
0.0010834
-0.0014574
-0.0014573
-0.001539
-0.00030134
-0.002662
-4.0311e-05
-4.0342e-05
0.00047928
0.00096042
0.0010743
0.0028323
0.0028323
-0.00023595
-0.00090344
0.0010826
-0.0024658
-0.0024659
-0.00041462
-0.0008628
6.5451e-05
0.00074091
0.00074104
-0.00041463
-0.00044765
-0.0013101
-0.0011967
-0.0011967
-0.0003009
0.001268
-0.0010503
-8.1136e-05
-8.1083e-05
-0.0011571
0.00070812
-0.0017938
-0.00093745
-0.00093747
-0.00034063
-0.0023193
0.00096183
-0.00037998
0.0027211
-0.00044695
-0.0026912
0.00070291
3.1617e-05
3.1503e-05
-0.0015351
0.00059579
0.00078224
-0.00033985
0.0018251
-0.0015687
0.0008551
-0.00090486
-4.2046e-05
-4.208e-05
-0.00037371
0.0016406
-0.00093982
9.8937e-05
0.0014829
-0.00057033
0.0020111
0.0019768
-0.001125
-0.0012368
0.00078217
-0.00086724
0.00024972
3.0491e-05
-0.0011253
0.00055882
-0.0017524
-0.00052353
0.001113
0.0011511
-0.00097926
0.0011481
0.00021189
-0.0016201
0.0023419
-4.3019e-05
-0.0022084
0.00032549
0.0025618
-0.00019177
0.0020468
-0.0013835
0.0011128
-0.0011261
0.0013317
0.00054484
0.0019379
-0.00015405
2.9883e-05
-0.00011662
-0.0014942
-0.0014206
0.00014019
-0.00079622
0.00014006
0.0011125
-0.00090645
0.00010286
0.00017621
0.0009656
0.0009288
-0.0014568
0.00067245
-0.0016029
0.00059912
-0.00015396
-0.00015393
0.00024868
-0.0016025
0.00074611
0.00089257
-0.00062882
0.0015865
-0.0001539
0.0020118
-0.00044602
-0.0012741
0.00035639
-0.00026308
-0.00015385
-0.00048296
0.00060182
-0.00019146
-0.0014193
-8.0614e-05
2.8345e-05
-8.0506e-05
0.00042036
0.00024828
-0.0013099
-0.0010925
-4.5104e-05
0.00071181
0.00085589
0.00074726
-0.0011634
-0.0013803
-0.00051737
-0.0012751
0.00063902
-0.0003004
-0.00037355
-0.00026202
-0.0016344
-0.0025011
0.0010724
-0.0025011
-0.00131
0.00013566
0.00096404
-0.0009819
0.001395
0.0016102
-0.00040821
0.00038575
0.00089496
-0.00073154
-0.00073142
-0.00022716
0.0005671
0.00031591
0.00071421
-0.0010216
0.0019782
-0.0010952
2.7139e-05
-0.00026705
0.0006011
-4.0207e-05
2.7282e-05
6.7432e-05
-0.0010961
-0.0013842
-0.0015248
-0.00033447
0.0010365
-0.0017444
0.00060135
0.0014304
-0.0010967
-0.00019432
-0.00022742
0.0016444
0.00095533
-0.0024264
-0.00051371
-0.00019421
-7.9985e-05
0.0012895
0.00010011
-0.0015556
0.0016938
-6.6737e-06
-0.00011268
0.0011827
0.00027939
0.00023815
0.00067633
-0.0014486
-0.0010983
-0.00048013
-0.0012276
-0.00025933
0.00061228
0.0015068
-0.0025727
0.00034997
0.0027639
-0.0014897
-0.002573
2.5777e-05
-0.0014159
0.00089794
-6.132e-06
0.00042446
0.0016234
-0.00015345
0.00064544
-0.00025863
-0.00019584
-0.00033241
-0.0002897
0.00092974
0.00085573
0.00024508
0.0010774
-7.9712e-05
-0.00040598
0.0022227
-0.0012058
0.00237
0.00096071
-0.00037493
-0.00095388
0.0017429
0.001182
0.00027695
-0.0014888
0.0019394
-0.00019675
-0.0022896
0.0003071
-0.00039207
-0.0026324
0.0015837
-0.0013843
0.00057464
0.00060488
-0.0021856
0.0008262
-0.0014879
0.00054505
0.00072246
0.0019097
0.00075271
0.0010038
-0.0007485
-0.0004341
-0.00036031
-0.00018321
-0.0014135
-0.00015315
-0.0003827
-0.00015314
-0.0011631
-0.0015605
-0.0016496
-0.00022651
0.00075382
-0.0015755
-0.0004762
0.00012636
-0.0004026
-0.00025607
-0.0012366
-0.00012364
5.259e-05
-0.0027312
-0.0023492
-0.0015154
0.00029937
-0.0010896
0.0014004
0.00095947
0.00012555
-6.2018e-06
-0.0010897
0.00082806
-0.0001819
-0.0003866
8.0528e-05
-0.0011343
0.0028932
-0.0024955
0.0016344
8.0108e-05
6.7156e-05
-0.0011471
-0.0002262
-0.0020428
0.0010773
-0.00065377
0.0022912
-0.0011347
-0.0010898
-0.00029948
-0.00032781
-0.0018057
-0.001806
0.00012998
-0.00015284
-0.00058268
0.00015132
-5.1513e-05
-0.00085925
-7.968e-05
0.0013523
0.00016817
-0.0013935
-0.001411
0.00093084
0.00093085
-0.0015396
0.00026918
0.0010318
-0.0002537
-0.0010622
-0.00062974
-0.00030859
-0.00078719
7.5994e-05
-0.00015277
0.00032332
-0.00081484
-0.00081527
-0.001337
0.00075712
0.000222
0.0022617
-5.2356e-05
-0.00015278
0.00024213
-0.0010359
-0.00035321
-0.001143
-0.001684
-0.0016839
-0.0013836
2.0935e-05
-6.0165e-06
-0.0010365
-0.00022631
-0.0013835
-0.0014099
-0.0011366
0.00016806
0.00088325
-0.00034724
-0.00034799
-0.00054676
-0.0016306
0.0011524
-0.00029993
-0.00037416
0.0013033
-0.0012842
0.0011043
0.0019413
0.0019413
-0.00047307
0.00080955
-0.0011628
-0.0011592
-0.00027489
0.00031348
-0.00030013
0.0011776
-0.0020484
-0.00015263
0.00016721
-0.0013354
0.0010553
-0.0010639
0.00098126
0.00098121
0.0016464
-0.00096456
-0.00022636
-0.0015569
-0.00091733
-0.00015259
-0.0011378
-0.00015257
-0.0010632
9.6354e-05
0.0022368
-0.00027551
-0.0010648
-0.0016087
0.000117
0.0011762
-0.00059973
0.0016422
-0.0021978
0.0010783
-0.00077105
-0.0010163
-0.0014822
-0.0002998
-0.00039782
0.0012742
-0.0024433
-0.00094312
-0.00029936
-7.9086e-05
-0.0024424
-0.00034768
-0.00029893
-0.0013583
-0.00069953
0.00021362
0.00011577
-0.00032463
-0.00039652
0.00018891
-3.1409e-05
-0.001748
-0.0002992
-5.5321e-05
-0.0015273
0.0011758
-0.0011394
-0.00022594
0.00093174
0.00076151
0.00095523
-0.00022565
-0.0015997
0.0012217
0.0027197
-0.0012867
-0.00022577
-0.00034537
-2.8167e-05
0.0011019
0.00090898
-0.0011399
0.00018785
0.0002159
-0.0010665
0.00013657
-0.0024455
0.00080671
-0.0009928
0.0001581
-0.0010223
0.0022298
-3.4488e-05
-0.0015019
0.0017203
-0.0010147
0.0010276
0.0011532
0.00018675
-0.00097126
0.00043034
0.0012492
-0.00043865
-0.0015748
6.8851e-05
0.00059385
-0.0020777
-0.00015217
0.0023756
-0.00083393
-0.00068649
-0.0023942
-0.0017216
-0.0014579
-0.0014569
-0.0025315
-0.00027805
-0.0015732
-0.00017329
-0.00093086
0.0011738
-0.001068
-0.0010681
-0.00027815
6.8491e-05
1.5861e-05
-0.00020444
-0.00020487
0.00023596
1.5838e-05
-0.0011837
-0.0011807
0.0019432
0.0015203
0.0019225
-0.00050758
-0.00050728
-0.00026642
0.0008179
0.00079755
-0.00019271
-0.001277
0.0010058
0.00091191
-0.0014238
-0.00020496
0.0013073
0.00072486
0.00072504
0.0034152
0.00089218
0.00096593
-0.0010889
0.00083897
0.00059836
-0.001383
0.0018301
-0.001383
0.00061897
-0.0013095
4.8857e-05
0.0011726
-0.0012749
-0.0018296
-0.00013263
-2.0162e-05
-0.00017102
-0.0001903
-0.00026384
-0.00026365
-0.0012905
-0.00022561
-0.00013282
-0.00028053
-0.00055829
0.00082326
-0.00022534
1.4333e-05
0.0012272
0.00076654
-0.00015179
0.0011173
-0.0011255
0.00095101
-0.0022467
-0.0018779
0.00076654
0.0016116
-0.0018641
0.001851
-0.00026239
-0.00044679
-5.9689e-05
0.00058275
-0.00013337
-0.00061189
-0.0012544
5.0306e-05
-0.001015
1.535e-05
0.00027091
-7.188e-06
0.00071172
0.0021149
-0.0019332
-0.0019325
-0.0086935
-0.0030435
0.013291
-0.001527
-0.001002
-0.0012409
-0.005889
-0.0021971
0.0022042
-0.0019164
0.0042946
-0.011976
-0.013562
-0.013611
-0.011788
0.0019346
0.0057887
0.013331
0.0023743
0.0070921
-0.011041
-0.011062
0.0011553
0.0084105
0.0083797
-0.018178
-0.0061851
0.025461
0.025397
0.0059571
0.015431
0.019455
0.03208
0.032101
-0.00034987
0.030831
-0.0094112
-0.057772
-0.063221
-0.022474
-0.015471
-0.001256
0.0013179
-0.010426
0.024144
0.077845
0.071723
0.17188
-0.10061
-0.16512
-0.091997
-0.090854
-0.03323
0.0089907
0.0083614
0.0082454
0.046893
0.068715
0.070118
0.040428
-0.0089489
-0.0091226
-0.0019303
-0.023111
-0.031521
-0.014977
-0.023825
-0.027778
-0.97685
-1.1322
-0.95116
-0.20646
0.29754
0.20431
0.0017583
0.22826
0.33516
0.33395
0.32658
1.7905
1.7913
0.051153
0.051873
-0.050634
-0.051214
-0.051023
-0.0011104
0.041136
-0.034629
-0.03531
-0.017936
-0.0058695
0.048171
0.31001
0.18178
0.14817
0.07136
-0.49731
-0.12238
-0.014732
0.017414
0.017999
-0.0094117
0.058181
-0.0031012
-0.0030058
-0.003026
-0.041614
0.0056071
0.005694
0.014403
0.063815
-0.0017532
-0.022664
0.062403
0.28942
0.44335
-0.3311
-0.6684
-0.54134
-0.095236
-0.024599
0.0036555
0.029519
0.025944
0.04067
0.040503
0.073467
0.040148
-0.0031864
0.014745
0.014409
-0.0060163
-0.0020964
0.01421
-0.021825
-0.062626
-0.89899
-1.2263
0.44487
0.64788
0.37781
0.37143
0.54093
0.16546
0.43568
0.29992
1.1213
0.019217
0.020501
0.010599
-0.0047052
0.026509
-0.010537
-0.077631
-0.077784
-0.05606
-0.041239
-0.089041
-0.043098
0.090062
0.25996
0.45696
0.3676
0.23961
-0.17626
-0.48577
-0.70647
-0.18166
0.034905
0.0483
0.034173
0.0179
-0.031495
0.0058256
0.0087781
0.0049297
-0.030023
-0.037177
0.014338
0.045451
-0.0096071
0.83641
0.83698
0.79542
0.77899
0.0013625
-0.30013
-0.29923
-0.77703
-0.27836
-0.068089
0.0051204
-0.013315
0.015434
0.065026
0.058671
0.038352
0.022247
-0.012382
-0.012551
-0.0078346
-0.0038081
-0.052825
-0.0060618
0.059962
-1.5916
-1.7926
-1.7929
0.78169
0.78142
0.64814
0.47959
0.85809
1.0311
3.2652
3.2697
0.33475
0.049344
0.015413
-0.22178
-0.22149
0.2858
0.030841
-0.0070059
-0.010504
-0.010356
-0.10606
-0.082152
0.0014624
0.23336
0.50456
0.48015
0.13875
-0.43232
-0.76453
-0.76478
-0.27365
0.013679
0.077485
0.031901
0.022395
0.022264
0.016694
0.012817
0.0069594
0.005166
0.0051533
-0.032621
-0.028228
0.028399
0.028291
0.038682
0.38425
1.0268
0.63598
0.16358
-0.12086
-0.4086
-0.69479
-0.31672
-0.12096
-0.032172
-0.0327
0.025523
0.038292
0.081241
0.081664
0.041917
-0.0099827
-0.001961
-0.0032472
-0.0069114
0.014512
-0.011208
-0.44173
-1.1976
-1.4393
-1.3705
-1.2008
-1.1845
0.48996
0.55904
0.59662
0.80339
0.88242
0.87571
2.6378
0.86055
0.86698
0.017275
0.02005
-0.00077546
0.0091437
-0.01526
-0.03161
0.0057076
0.007576
-0.0075479
-0.029471
-0.083882
-0.10096
-0.12126
0.020613
0.020661
0.1767
0.41429
0.34624
0.33104
-0.31413
-0.3132
-0.52387
-0.4226
-0.028962
-0.019779
0.057302
0.025516
0.0052287
0.0052857
-0.0054741
0.043233
0.0030923
-0.0072258
-0.022495
-0.046109
-0.028576
-0.0037584
-0.0072211
0.021207
0.0208
-0.016764
0.25168
0.99691
0.78118
0.78231
0.36974
0.092383
-0.37918
-0.56407
-0.5636
-0.65703
-0.22808
-0.052718
-0.052996
0.0022067
0.013278
0.030447
0.076916
0.055652
0.017524
0.00061203
-0.018917
0.0078206
-0.0070796
-0.0070313
-0.0036085
0.029847
0.035322
0.064708
-1.0641
-1.3252
-1.6323
-1.1062
0.25198
0.46503
0.52919
0.26749
0.82973
0.82872
0.39484
1.8919
1.7598
0.13225
-0.026239
-0.027623
0.029312
0.014357
-0.0085623
-0.013392
-0.016439
0.024113
0.0069131
-0.03613
-0.020481
-0.020907
-0.028453
-0.12481
-0.15988
-0.098001
0.049478
0.05035
0.33779
0.6175
0.5551
-0.45034
-0.58908
-0.62528
-0.064154
0.01879
0.0072287
0.059012
-0.0058728
0.024778
-0.014395
0.030398
0.030794
0.015269
-0.020319
-0.045152
-0.045179
-0.056707
-0.019047
0.050559
0.044727
0.23579
0.86185
0.75304
0.21529
0.10307
-0.21934
-0.581
-0.52823
-0.72263
-0.72367
-0.34652
-0.16056
-0.046775
0.0006552
-0.0043507
0.0055742
0.051597
0.057111
0.010869
0.010872
0.0028933
-0.012684
0.0028458
-0.028957
-0.028915
0.0043005
0.015666
0.09445
-0.27611
-1.9565
-1.815
-1.7614
-2.1055
0.52367
0.53536
0.48596
0.79948
0.60553
1.0088
1.0103
0.71901
3.2005
0.021538
0.04283
0.041407
-0.041871
-0.145
0.10751
0.0070193
0.00405
0.0039086
0.010397
0.0032949
0.0090372
0.0087109
-0.073453
-0.080519
-0.047963
0.008643
0.15002
0.59794
0.38263
0.21432
-0.22916
-0.22986
-0.53725
-0.81838
-0.35158
0.0087682
0.067347
0.065869
0.022561
0.031098
0.030351
0.0075058
0.0078073
0.036077
0.021105
-0.047067
-0.060726
-0.06059
-0.020235
0.021768
0.021979
-0.044563
0.036463
0.22335
0.83792
0.84519
0.31269
-0.0909
-0.28635
-0.60457
-0.72941
-0.14626
-0.037841
-0.0069576
0.0094921
0.042693
0.053728
0.045809
0.053725
0.018616
0.0016485
0.0016787
0.012212
-0.0081745
-0.0047317
-0.0020568
-0.0020971
-0.0028903
-0.0033941
-0.23484
-1.0202
-1.5968
-1.6002
-1.4064
-1.2129
0.46101
0.46144
0.34834
0.43455
0.56954
0.46445
0.46062
1.9656
0.19981
-0.044236
0.017036
0.020189
0.039131
-0.005569
-0.0082296
-0.028796
-0.014263
-0.010168
-0.011461
-0.027195
-0.010062
-0.078992
-0.15024
0.04302
0.24753
0.32408
0.32482
0.32879
0.19063
-0.23588
-0.47614
-0.22435
0.038191
-0.020165
0.010658
0.049697
0.018304
0.018346
0.0078905
0.045535
0.0029905
0.023934
-0.0022678
-0.0022657
-0.046331
-0.026028
0.00021426
0.013476
0.011212
-0.017266
0.36911
0.36978
1.0806
1.0012
0.34501
-0.3673
-0.36685
-0.45211
-0.48712
-0.90505
-0.47968
-0.20087
-0.1991
-0.051942
-0.017219
0.019284
0.015828
0.015975
0.088778
0.052281
-0.0036424
-0.0088415
-0.0031349
-0.0045827
-0.0052459
0.016305
0.012762
-0.033158
-0.63745
-1.845
-1.5708
-1.5725
-1.5752
-0.9017
0.35019
0.39615
0.35998
0.36369
0.52334
0.46449
1.6182
2.8922
0.24216
-0.0052243
0.026329
-0.14114
-0.027369
0.080806
0.016844
0.017264
0.0084406
0.0064533
0.023772
0.014712
-0.022504
-0.11663
-0.20153
-0.09621
0.018493
0.26667
0.59161
0.47042
0.47446
0.2683
-0.37462
-0.70368
-0.70246
-0.22849
0.04972
0.077434
0.035768
0.035736
0.01591
0.0053765
0.018602
0.0065712
0.015348
-0.010227
-0.046534
-0.037026
0.024773
0.024703
0.019794
0.025826
0.62555
0.62529
0.90169
0.6189
0.3375
0.11186
-0.40182
-0.40012
-0.64865
-0.67922
-0.71559
-0.061258
-0.062516
-0.010866
-0.008353
0.037796
0.056523
0.056523
0.075447
0.010805
-0.010061
-0.0074337
-0.0072169
-0.0040845
0.0054436
0.021109
-0.0036658
-0.012954
-0.1301
-1.1207
-2.0487
-1.3746
-1.6406
-1.6315
-0.019073
0.29785
0.39864
0.65257
0.49259
0.80299
0.96425
2.7075
0.088122
0.046013
-0.08547
-0.21526
0.18404
0.043992
0.031689
0.013979
0.0099649
-0.015216
-0.016914
-0.04166
-0.054526
-0.085201
-0.19246
-0.17611
-0.0055409
0.083055
0.3993
0.43497
0.43433
0.32374
-0.13783
-0.25223
-0.25034
0.058866
0.066684
0.047862
0.040002
0.0067411
0.0068466
0.025611
-0.011936
0.0068251
0.024019
-0.0023646
-0.0023639
-0.019588
-0.0050303
0.0090059
0.0092955
0.031927
0.047615
0.61265
0.97365
0.97363
0.76167
0.24094
0.019333
-0.25045
-0.50227
-0.83006
-0.44492
-0.07419
-0.017082
-0.0071661
0.0048576
0.0047649
0.044199
0.03717
0.058145
0.060113
0.011694
0.011759
-0.0048649
-0.013672
-0.0038342
-0.015225
-0.0051212
-0.0057804
-0.0034036
-0.64603
-1.7821
-1.3669
-1.5164
-0.45852
-0.45516
0.32537
0.24994
0.32293
0.92112
0.92348
0.65608
1.8433
1.9478
0.29987
-0.017049
0.01775
0.018164
-0.02812
-0.010921
0.016019
0.015951
0.017385
-0.029176
-0.029206
-0.061141
-0.13427
-0.13758
-0.18844
-0.07521
0.36622
0.36692
0.36758
0.49279
0.076686
-0.44758
-0.45003
0.012883
0.036746
0.072132
0.051581
0.02464
0.028863
0.0098554
-0.0064411
-0.011195
-0.011125
0.030418
-0.011716
-0.027831
-0.024661
-0.017781
-0.0074007
-0.0011379
-0.052358
0.094588
1.2309
1.2278
1.4689
0.81594
0.56256
-0.099565
-0.10025
-0.33227
-0.70882
-0.75711
-1.1103
-1.1775
-1.1832
-0.65637
-0.13555
0.05519
0.055124
0.082061
0.058279
0.023486
0.016332
0.00069892
0.00076483
-0.00078806
-0.0011452
-0.0047322
-0.00036188
-0.00035451
-0.0054681
-0.0092829
-0.02437
-0.0083038
-0.0082489
-0.016691
-0.042816
-0.041773
-0.0222
-0.022963
0.027916
0.018031
0.0042226
0.00095391
0.00066243
0.029378
0.089337
0.088562
-0.0018569
-0.055353
-0.067885
-0.071906
-0.052044
-0.012943
0.0068018
0.012862
0.0054744
0.0042686
0.00085803
0.0040224
-0.00025553
-0.010545
0.0042157
0.0096912
0.0069923
-0.00082035
-0.0010444
-0.0033973
-0.0022757
-0.0067728
-0.0079954
-0.0065043
-0.0054069
-0.0016231
-0.0020998
0.00022098
0.0033413
0.00081594
0.0013426
-0.00065726
-0.0022325
-0.0022303
0.0019723
-6.2495e-05
0.0029842
0.0026211
0.0035231
0.0033943
0.0010848
-0.0010498
-0.002745
-0.0027449
-0.0012574
-0.0034775
-0.0014344
-0.0025278
-0.0025292
-0.0036432
-0.0013929
-0.0035166
-0.00093074
-0.00093272
-0.000346
0.0019003
0.0022564
-0.00027118
-0.00027025
-0.00037892
-0.00056645
-0.0013328
-0.0014111
-0.0014108
-0.0013324
-0.0012515
0.0031254
-5.8246e-05
-5.6855e-05
-0.00098134
0.00089724
-0.0013046
-0.0025999
-0.0026017
5.1876e-05
0.0011697
0.0013819
0.00018345
0.00018252
-0.0046186
-0.00099031
0.00022183
-0.00043547
-0.00043839
0.00062197
0.0038886
0.00083008
0.00060152
0.00059983
-0.00016858
-0.0044005
-0.00022162
0.00059052
0.00058068
-0.003819
0.000689
0.00044604
0.0014816
0.0014782
0.0017905
-0.00038383
5.5504e-05
-0.0011101
-0.0010807
-0.00094199
-0.0020784
0.00084984
-0.0016036
0.00044992
0.0020446
0.0020022
-0.00013668
0.00081525
-0.00034028
-0.00063589
0.0006791
-0.00024925
-0.00037992
1.1206e-05
1.1378e-05
0.0010887
1.9365e-05
4.6882e-05
-0.001135
0.0010106
0.0017803
0.0017492
-0.00040687
-0.0014338
-0.00012507
0.0013592
0.0010267
-0.0022036
-0.00080189
-0.0022371
0.0026746
0.0057169
-0.0014813
0.0027511
-0.0033675
-0.0011408
-0.0002299
0.0018188
0.0015
-0.0035408
0.0014879
0.0006034
0.0029573
-0.0033117
-0.0067633
-0.0014758
0.0011283
0.00046253
-0.00091369
0.0037875
0.003727
0.0029584
0.001014
-0.0041058
-0.0023112
-0.0027808
-0.00039467
0.0037109
-0.00051698
-0.00020213
-0.0013563
1.1848e-05
0.00086791
-0.0014994
-0.00030159
-7.1967e-05
-0.00021381
0.00060546
0.0011938
0.0023286
0.00042369
-0.0031457
-0.002952
-0.001012
0.0018958
0.0032217
8.6904e-06
-0.00085769
0.0011506
0.0010013
0.00098374
-0.0013237
-0.00022426
-0.00061205
0.00087932
0.00088637
0.0015653
0.00055872
0.002189
-5.2018e-05
-0.00097165
-6.7146e-05
-0.001034
0.0010736
0.002024
0.0018016
0.002909
0.0018896
-0.0022641
0.0005964
-0.0014406
-0.00015884
0.00073056
0.00070671
-0.00024121
0.00076179
0.00081753
0.0010254
0.001455
2.6223e-05
-0.0021957
-9.5289e-05
-0.00021626
0.00090681
-0.0023457
0.00058642
-0.0014985
-0.00019618
-0.00025745
-0.0023717
-0.0025321
-0.00027806
-0.0016163
0.0008437
0.002211
-0.0012033
0.0019577
-0.0010459
-0.00010842
-0.00011971
-0.00025156
-0.0012141
0.0019676
0.00074724
-0.00024345
-0.0016746
0.00073805
-0.0014571
-0.0033522
0.00084344
-0.00040784
-0.00023304
-0.0015046
0.00077197
-0.0011792
-0.00089825
-0.00099746
-0.0014202
0.00087329
-9.931e-05
0.00078569
0.0017099
0.0018189
0.0021021
0.00099694
0.00022138
5.6148e-05
0.0011437
8.5877e-05
0.000973
0.00075309
0.00075706
0.0020852
0.0033671
0.0007953
0.00091864
0.00072692
0.00049201
-0.00056774
0.0016901
-0.0013736
0.0016796
-0.00013944
0.0011441
0.0019614
-0.0011105
0.00091475
-5.7149e-05
-0.00040137
0.0018114
-0.00017275
-0.0015668
-0.00028786
-0.0023862
-0.001608
-0.0022311
-1.7561e-05
-0.00052388
-0.0014174
-0.00017619
-0.0034744
0.002118
-0.0023482
0.00087488
-0.0012612
-9.5332e-05
0.0021924
0.00079923
-0.0013377
-0.00013584
-0.00036688
-0.0027723
-0.00029082
-0.0014544
0.00075693
0.001804
-0.0012606
-0.0011825
-0.0012222
-0.003357
0.0021179
0.0010711
-0.00044728
-0.00033204
0.0019222
0.00090961
0.0012711
0.0020791
0.0010673
-0.0011423
0.00076713
-0.0014614
2.6409e-05
0.0010333
0.00014036
0.0020812
0.0011874
2.1738e-05
0.0014239
-0.0010685
-0.0022341
-0.00012871
-0.0012625
-2.1911e-05
-0.0013388
0.0020406
0.0011888
0.0011064
-0.00033926
9.0447e-05
-0.0015331
0.00013751
0.00013168
0.00096131
-0.0033137
0.0011057
-0.0021531
-0.00021015
-0.00033208
0.00068298
-0.00028695
-0.0022862
0.001031
0.00017928
0.00084262
0.00216
-0.00017615
0.0022076
1.9006e-05
0.0024674
0.0023153
-0.0012215
0.00064785
0.00031331
0.0010693
0.002086
-9.0587e-06
0.0010371
0.00096041
-0.001282
-0.0014629
0.00095279
0.00095271
-4.4745e-05
-0.00016527
0.00087399
-0.0024188
0.00084379
-0.0014931
-6.1898e-06
-0.00029601
0.00082505
0.00078859
0.0021344
0.00090975
-0.00099034
0.00083393
0.00083168
-6.3846e-05
-0.0011938
0.0020057
-4.8334e-05
-0.00010125
0.00071656
0.0018365
-0.00039237
-0.00059213
-0.00058978
0.0038448
-0.0012214
0.00086401
0.0019757
-0.0018929
-0.0031349
0.0011403
0.00016075
-9.0103e-05
-0.00019964
-0.00019499
-0.00035236
-5.6941e-05
-0.001221
0.00063306
0.0020198
-0.0019441
-0.0008902
-0.00089098
0.0010858
-0.0011081
0.0019148
-0.0013141
9.7735e-05
-0.00092337
-0.0011641
-0.0043695
-0.004373
-0.003364
-0.0033654
-0.0041185
-0.0060761
0.0010443
-0.0055441
-0.0014968
-0.00037791
0.0040456
0.0016843
0.0028002
-0.0032691
-0.0005792
0.0021203
-0.001818
0.0076117
-0.0037859
0.0028784
-0.0065241
0.0022936
0.0062435
0.0040814
0.0047927
0.023503
0.004023
0.0033752
-0.0041428
0.057483
0.23657
-0.42936
-0.7419
-0.73865
0.16735
0.56405
0.48861
0.18916
-0.082044
-0.15264
-0.14791
-2.0761
1.228
1.0744
0.2014
-0.062735
-0.60008
-0.47013
-0.38282
-0.38229
0.22833
0.72982
0.53314
-0.073318
-0.072811
-0.11391
0.22048
0.26637
0.67987
0.53187
0.10355
-0.39785
-0.84713
-0.69294
-0.64615
-0.64728
-0.033729
0.0056344
-0.0068937
-0.017929
0.0068023
0.037382
0.079304
0.060292
0.030392
0.001308
-0.088683
-0.10134
-0.10003
1.5144
1.5302
1.1918
1.2099
0.98194
0.33858
-0.22207
0.16233
-0.3694
-2.595
-1.6323
-1.2503
-0.74263
0.0019828
0.086821
0.037532
0.028616
0.058344
0.057898
0.11783
0.0036661
-0.087361
-0.32283
0.18314
-0.26376
-0.049733
-0.32421
-1.4684
-1.6277
-1.862
-1.6851
-1.3613
-1.3635
-1.0372
-0.69245
1.5013
1.7404
2.3202
2.3181
1.5989
0.46773
-0.43205
0.025453
0.37808
0.37716
0.89159
0.38952
0.87559
0.87475
1.1517
0.60472
-0.07067
-0.1644
-0.16402
-0.042958
0.052986
0.39992
0.18533
0.28512
0.28288
0.99245
0.99688
0.81371
-0.32072
-0.31951
-0.99892
-0.79637
-0.60537
-0.5773
-0.13717
0.045854
0.039768
0.16533
0.16349
0.12649
-0.057449
-0.2295
-0.031449
0.048358
0.048502
1.5561
1.3295
2.0381
1.7015
1.4437
1.0539
0.9476
0.25078
-0.73668
-1.4026
-1.9291
-1.1362
-1.1645
-1.1754
-0.6103
-0.15063
0.19265
0.14873
0.15069
0.14736
0.098316
0.067442
0.029475
-0.01142
-0.012051
-0.18835
-0.1511
-0.2449
-0.23625
-0.18995
-0.41133
-1.0422
-1.4736
-1.4726
-1.2111
-1.0688
0.10991
0.1091
0.60484
0.31872
1.2293
1.2193
0.6161
0.61732
0.35636
-0.22818
0.40932
0.62093
0.76105
0.76122
0.8726
0.35138
0.52019
0.33332
0.33379
0.96301
1.1141
0.21895
-0.069225
0.17395
0.67983
0.6368
0.61829
0.60616
0.89314
0.66063
0.24079
-0.071798
-0.071384
-1.0676
-1.509
-1.3276
-0.93318
-0.53057
-0.5291
0.00052947
0.0029243
-0.024714
0.0050659
0.0044195
-0.0099002
0.038848
-0.084048
-0.084303
1.0405
1.0352
1.5924
1.0074
0.98856
0.74868
-0.13512
-1.264
-1.3318
-1.0323
-1.0431
-1.0421
-1.2703
-0.76489
0.18433
0.27327
0.12546
0.090929
0.10911
0.10879
0.013372
-0.082831
-0.12669
-0.51504
-0.65153
-0.64534
-0.16983
-0.27469
-0.039998
-0.14779
-0.16276
-0.1189
-1.1245
-2.0717
-1.5988
-1.0422
-0.87619
-0.30824
0.65454
0.58763
-0.015469
0.0023504
0.92109
1.2424
0.033587
0.033592
0.055577
0.35813
1.059
1.0373
1.0355
0.66308
0.3607
0.050452
1.1436
1.1451
0.58064
0.41728
-0.038632
0.66397
0.6616
0.392
0.37825
0.77197
0.64186
0.62251
0.68006
0.3989
0.30933
-2.4924
-2.498
-0.7396
-1.075
-0.70782
0.030322
0.031474
0.0060301
0.0062606
-0.023929
0.0036148
0.0030925
-0.012193
-0.024034
-0.018779
0.39276
1.1456
1.1445
2.0902
1.8534
0.74837
0.23636
0.23268
-0.81058
-1.2038
-1.0271
-1.0415
-0.88355
-0.90391
-0.26957
0.050988
0.083549
0.067443
0.0663
0.081516
0.026462
0.026299
-0.070342
-0.070721
-0.34335
-0.70608
-0.51623
-0.28924
-0.28843
0.10153
-0.43508
-0.44622
-0.72836
-0.75023
-1.1252
-1.5324
-1.8795
-1.5378
-1.5379
0.1214
-0.11086
-0.085284
1.9152
1.9319
0.97406
0.15895
0.34675
0.51694
0.51786
1.1692
0.92212
0.91979
-0.21611
-0.21414
0.2454
1.2349
-0.19073
-0.048435
-0.044367
0.1995
1.3307
0.8258
0.50112
0.96296
0.94436
0.10253
0.22785
-0.4253
-0.13563
-2.1349
-1.5827
-1.2088
-0.68214
-0.68499
0.012543
0.00032246
-0.0017317
-0.0016526
-0.013957
-0.013137
0.035932
-0.017943
0.0017264
0.0042709
0.62374
1.3668
2.0461
1.836
1.8428
1.1339
0.54897
-0.12114
-0.95443
-0.94409
-1.0408
-1.2224
-1.0821
-0.80778
-0.81044
-0.11429
0.00062785
0.023675
0.06459
0.065369
0.1058
0.036084
-0.020918
-0.021311
-0.036017
-0.024732
-0.024561
-0.15867
-0.15783
-0.15518
-0.068832
-0.068682
-0.043315
0.035089
0.1697
0.20733
0.072635
0.01483
0.015013
0.011282
-0.0053845
-0.026475
-0.046849
-0.040413
-0.041188
0.010631
0.010466
0.037377
0.037094
0.021137
0.062593
0.065748
-0.013976
0.0084601
-0.093403
-0.11907
-0.05554
-0.039236
-0.039517
0.0036378
-0.0028482
-0.0019067
-0.0076048
-0.0059448
0.0054395
0.0071363
0.012829
0.0087161
0.016902
0.016287
0.016224
0.0037621
-0.0018633
-0.0027022
-0.0040822
-0.0035498
-0.00023958
0.0028861
0.0028953
0.003751
-0.0054607
-0.0092519
-0.0023619
-0.0080423
-0.0039372
0.00032546
-0.00097158
-0.00097181
0.00076509
0.0014267
-0.00031246
0.00066079
0.0036821
0.000811
0.0036124
0.0083013
0.0019524
-0.0013376
-0.0045334
-0.0045307
-0.00071361
-0.0027424
-0.0046442
-0.0050971
-0.0030606
-0.0026834
-0.0026798
-0.0041205
-0.00036206
-0.0021582
0.00057838
-0.0018007
0.0010834
0.001077
0.00020763
0.00020731
0.0007962
0.0029706
-0.0015211
-0.0019334
-0.00091323
-0.0018646
-0.0018521
-0.00014747
0.0001308
0.00027694
0.0033954
-0.0017305
0.0034567
-0.0025357
-0.0025288
-0.004466
-6.9325e-06
-0.00042841
0.002234
-0.00021919
-0.0002192
-0.00065683
0.0025202
0.0023064
0.00013749
0.0008622
-0.0014335
-0.00057601
-0.0015062
-0.0018046
-0.0018031
-0.00057367
-0.0024623
-0.0015183
-0.00043111
0.00045159
-0.0015793
-0.0015723
0.0019635
0.0013594
-0.0012296
0.00020483
0.0013592
0.0012867
0.00093687
0.00093819
0.0031801
-0.0015891
-0.0010245
-0.0011646
-0.00028954
0.00086734
0.00094144
-0.0014419
-0.0010899
-0.0010897
7.27e-05
0.00080276
-0.0017191
-0.0096201
0.0085237
-0.0040365
0.0062732
-0.0006744
-0.0014458
-0.0023886
-0.0036231
-0.00043007
0.0017722
-0.0015904
0.008102
-0.0021082
0.00086025
-0.00014721
-0.0011573
0.0046984
-0.00087959
-0.0039141
-0.0015173
-0.0013079
0.0062781
0.0025871
0.0029967
-0.0015764
-0.0017918
0.00093742
-0.0010226
0.0017425
-0.00050849
0.00094201
0.0012401
-0.001101
-0.0031689
-0.0026686
-0.0026685
0.001434
0.00093833
-0.00036148
0.00086901
-0.00043038
-0.0016614
-0.0016589
-0.0012374
0.0011511
0.0021635
-0.0018013
0.0010088
0.0010074
0.00093824
-0.00057182
-0.0003603
0.00086879
-0.00092359
0.0020247
0.00094477
0.00073086
0.00094388
0.0017482
-0.0015108
-0.00014287
-0.00225
-0.00035945
0.00080219
0.00027358
0.0011482
0.00094236
-0.00028849
-0.00021796
-0.0025283
-0.0010968
0.0022374
0.00072967
0.0023636
5.8265e-05
-7.4639e-05
-0.0016492
-0.00022266
-0.0012316
-0.0026606
-0.0002819
-0.0010941
0.0018888
0.0020253
0.00086904
5.6787e-05
0.0001285
0.00066481
-0.00042163
0.0016821
6.1969e-05
0.0010808
0.00053017
-0.0016544
0.00011206
-0.0017211
-0.0015122
-0.0012339
-7.7963e-05
-0.0010947
0.0013558
0.0010054
0.0010059
0.0012114
-0.0012325
-0.0010915
-0.00068146
-7.7817e-05
0.0031831
0.0031835
-0.00014747
-0.00022217
-9.7594e-06
-0.0016467
-0.0016476
0.0010064
0.00066519
-0.00035624
-0.00035623
-0.00042406
0.0020287
-0.00014756
-0.0009569
-0.00095715
0.00059254
0.0011446
-0.0025272
-0.0011659
-0.0011657
0.0004732
-7.8234e-05
0.0013524
-0.00028515
-0.0002855
-0.0014411
-0.00028719
0.00012869
0.0010077
0.0010071
-0.00096219
0.0020304
0.0020309
-0.0010937
-0.00021074
-0.0014349
-7.5896e-05
-7.5775e-05
0.0014137
-0.0018413
0.00087343
0.0008734
-0.0012336
0.0016961
-0.0013654
0.0013501
-0.0012337
0.0012777
-1.0232e-05
-0.00028432
-0.0012336
-0.0012336
0.00093966
0.00093962
-0.0017695
-0.00014739
0.0019579
0.0020257
-0.00020904
0.0021613
-0.0013675
-0.0015076
-0.00014381
0.00025986
0.00012575
-0.00021882
0.0018937
0.0018936
-0.0010318
-0.00035233
0.0020255
-7.8769e-05
0.00066347
0.0016819
-0.0012998
0.00087042
-1.0281e-05
0.002094
-0.00028437
0.0012127
0.0033172
0.0018882
-0.00035203
0.00052923
-0.00014702
-7.9189e-05
-0.0020501
-7.9085e-05
-0.00021392
-0.002458
-0.0012986
-1.1987e-05
5.7737e-05
0.0022282
-0.00041727
-0.00055128
-0.0013008
-0.0025217
-0.0013002
0.00012207
0.0002494
0.00032356
0.0012782
0.001278
0.0022287
0.00087191
5.5256e-05
0.0032468
0.002911
0.0012757
-0.00027962
-0.0014993
-0.00034425
-8.0807e-05
0.00087254
-0.0012292
0.0012087
0.0012046
5.5467e-05
-0.0013006
-0.00083875
5.2173e-05
0.0010053
-0.0014329
0.00093785
0.0010073
-0.0012389
-1.7006e-05
-0.0021888
-0.0012362
-1.3974e-05
-0.00053897
0.0010058
-0.001102
-0.00021388
0.00011964
0.00011967
0.00047206
-0.00232
-0.0012311
-0.0014318
-0.00047233
-0.0010439
0.0022274
0.0098722
0.010692
0.0093305
0.0014551
-0.0070398
0.017853
0.00055759
0.0021864
-0.003448
-0.0026703
0.0045028
-0.0010796
-0.002865
-0.0001574
0.0022562
0.0049749
0.0089319
0.0057018
-0.00076728
0.0092362
-0.012278
0.0028697
0.0086176
0.0020645
-8.1461e-06
0.0061766
-0.004097
-0.0018107
0.010337
-0.032487
-0.025856
-0.006115
0.0045071
0.0043231
0.027964
-0.010617
-0.012404
0.0067603
0.0067134
-0.032647
-0.030478
-0.048176
-0.095942
-0.096618
-0.11188
-0.040075
-0.0034832
-0.00056301
-0.00048295
0.031766
0.10761
0.088706
0.34415
0.3401
0.54368
-0.20711
-0.48538
-0.56094
-0.55685
-0.50697
-0.31659
-0.034682
-0.035735
0.043096
0.036478
-0.013313
0.030899
0.019392
0.045761
0.022888
0.017379
-0.014764
-0.011355
-0.041016
0.013151
-0.022345
-0.12296
-0.41278
-1.4106
-0.75315
-0.9705
0.067184
0.42184
0.047887
-0.15276
-0.44621
-0.05261
-0.035213
-0.86528
1.271
1.5181
1.5171
0.082979
-0.12393
0.01887
0.023781
0.020953
-0.012248
-0.03993
-0.10003
-0.011297
0.05392
0.053023
0.11071
0.64953
0.7219
0.41967
0.41827
0.63182
0.25028
0.33426
0.082221
-1.5474
-1.1154
-0.77062
-0.25864
-0.053806
-0.058054
-0.034679
0.0016101
0.0079591
0.0019245
-0.0022396
-0.0023623
0.0023571
0.082839
0.018533
-0.01353
-0.010298
-0.010077
-0.042945
0.016031
0.11258
0.15133
0.30381
0.75137
-0.09897
-0.12703
-0.27861
-0.54686
-0.73653
-0.71939
-0.69911
-0.26696
-0.053387
-0.015116
0.069539
0.003177
0.056428
0.036028
-0.002128
-0.067717
-0.067751
0.056984
0.042193
-0.0032702
-0.0030315
-0.05085
-0.5893
-1.0826
-1.2334
-0.80731
-0.79214
-0.783
-0.05619
0.87473
0.33201
0.3537
-0.29164
0.0078336
-0.92429
-0.058642
-0.062881
1.9033
0.89232
-0.15364
0.0021641
0.0021767
-0.026299
-0.034358
-0.041863
-0.096061
-0.095811
0.049531
-0.015109
0.050655
0.28758
0.32108
0.322
0.40015
0.53721
0.11632
0.015584
-0.12805
-0.64142
-1.1522
-0.57357
-0.57727
-0.091305
-0.15039
-0.10631
-0.015276
-0.0069083
-0.00051967
0.074313
0.11803
0.04013
0.0049139
-0.029452
-0.044059
-0.037388
-0.047322
-0.0028979
-0.0014833
0.067773
0.12974
0.097779
0.09625
0.03755
0.015151
-0.035425
-0.1054
-0.060991
-0.059576
-0.064084
-0.0065095
0.019362
0.0049521
-0.026169
-0.018625
-0.018353
0.036422
0.076458
0.03686
0.013574
0.012697
0.071544
0.071753
0.023928
-0.0032563
0.0074515
0.051641
0.32497
-0.34602
-0.31954
-1.3437
-1.5813
-0.91892
-0.75508
0.081408
0.18196
0.39299
0.094106
-0.088204
0.27556
0.042255
-0.29039
0.85641
2.5245
0.44978
0.33158
-0.12088
0.035198
0.035088
-0.032432
-0.13555
-0.08627
-0.069747
-0.0053378
0.077619
0.035105
0.1112
0.18335
0.17667
0.14641
0.12474
0.18255
0.18238
0.083194
-0.051923
-0.19874
-0.47609
-0.32212
-0.16747
-0.19276
-0.10231
-0.066396
0.0001647
-0.024629
0.068612
0.052299
0.037115
-0.015736
-0.041564
-0.039422
-0.029324
0.014098
0.0439
0.012863
0.012747
0.10107
0.14555
0.14862
0.038137
0.21711
0.0079954
-0.12126
-0.18086
-0.19063
-0.078973
-0.10215
-0.088957
-0.070024
-0.041935
0.006729
0.014058
0.037662
-0.00087401
0.039548
-0.031931
-0.0092684
0.0050599
0.13971
0.064377
0.0088803
-0.028915
0.024194
0.11592
0.10116
-0.93741
-1.3241
-0.82893
-1.0156
-0.30885
0.43508
0.23401
0.37519
-0.060338
0.68043
-0.52104
-0.45644
1.0395
2.5125
2.5153
0.87548
-0.27987
0.058983
0.058957
0.034764
-0.35513
-0.0048364
0.11122
-0.15301
-0.2212
-0.20342
-0.044183
0.13585
0.13534
0.020443
0.037856
0.18976
0.46814
0.46807
0.38376
0.40617
0.30397
0.36551
0.40652
0.40655
0.30157
0.04553
-0.12609
-0.065138
-0.065519
-0.23582
-0.31527
-0.38156
-0.38678
-0.38693
-0.40628
-0.30609
-0.43135
-0.30201
-0.30196
-0.15034
-0.10544
-0.02261
-0.02271
0.019534
-0.018563
-0.0023568
0.021045
0.021102
0.032602
0.039673
0.036896
-0.0067191
0.042226
0.042247
0.030718
0.030733
-0.0065171
-0.0065206
-0.0065218
0.0086518
0.012066
0.02633
0.026336
0.0080603
0.018651
0.01054
0.010769
0.0060849
0.0060785
-0.030738
-0.037968
-0.025832
-0.02333
-0.023336
-0.037039
-0.032986
-0.033179
-0.036654
-0.0033846
-0.0054163
-0.0073329
-0.019841
-0.0088214
-0.0019897
0.0014002
0.005498
0.005824
0.012857
0.012857
0.027555
0.028115
0.010421
0.011268
0.011075
0.013076
0.029993
-0.023371
-0.023367
-0.022683
-0.0034429
0.00041673
0.000417
-0.013497
-0.017306
-0.0088824
-0.0070793
-0.01014
-0.0095301
-0.0040509
-0.0061476
-0.013458
-0.016192
-0.016185
-0.011031
-0.00080639
0.0086757
0.0074132
0.0030125
0.0038976
0.0059779
0.000153
0.00033786
0.0022643
0.0015404
0.0011603
0.0020585
0.0012744
0.0020226
-0.0015152
-0.0048008
0.00082099
-0.00030476
0.00077986
0.00048533
-0.0064682
-0.0047978
6.2454e-05
-0.0023884
-0.0011714
-0.0044815
-0.00055144
-0.0047789
-0.00055616
-0.00080686
-6.6098e-05
-0.0043082
-0.0017786
-0.00098971
0.000228
-0.00026492
0.00034532
0.0040705
0.0050408
0.0023058
0.0050174
0.0056513
0.0046186
0.004426
0.00085494
-0.00076442
0.0009832
-0.0018365
-0.0041938
-0.0085422
-0.010747
-0.0083311
-0.0096757
-0.0066479
-0.004044
-0.0072167
-0.005207
0.00011945
0.0042624
0.003397
0.0033099
0.0020909
0.0035268
-0.0015459
0.00062102
-0.0013934
-0.0024413
-0.0025714
0.00041345
-0.0015433
-0.0023194
-0.0011068
-0.0049064
-0.0091933
-0.0067778
-0.0040852
-0.002888
-0.00023791
0.0022204
-0.0011225
0.0018011
0.00041315
0.0014439
0.00079143
-0.00011132
0.0018188
0.00222
0.0050829
-0.00097297
-0.00015427
-0.0033913
-0.0035387
-0.0014575
-0.0045249
-0.00023913
-0.00076361
-0.0036618
-0.0023601
0.0019267
-0.00015364
0.0010009
0.00057447
0.0022205
0.0047238
0.0025798
0.0016318
0.0023276
0.0058987
0.0042333
-0.0010568
-0.0024051
-0.0017514
-0.002234
0.00072811
-0.0006786
9.7467e-05
-0.0029287
-0.0019624
-0.00030143
-0.0018349
-0.0012506
0.00039179
-0.0033264
-0.0038323
-0.0037911
-0.001922
-0.00080578
-0.0024032
0.0026384
-0.00030466
-0.0061646
-0.00057372
0.00018329
-0.0016672
-0.0026972
-0.00013132
0.0010646
0.0014026
-0.001838
-0.00067788
-0.0024834
-0.0011853
0.00059951
-0.009231
-0.0050535
-0.0050533
-0.0028878
-0.0093184
-0.015645
-0.015524
-0.01552
-0.0058054
0.0068238
-0.004125
-0.0074404
-0.0074407
-0.00080231
-0.0025619
0.0082701
0.0061675
-0.0071737
-0.0071773
0.0085821
-0.0077465
-0.0077553
0.0019009
-0.017488
0.032132
0.032149
0.022255
-0.0032073
-0.0032105
0.017183
0.053726
0.21221
0.21217
0.23239
0.3332
1.4684
0.81964
0.82296
-0.82625
-0.76653
-0.23134
0.75481
0.75646
1.2423
0.6127
0.56919
0.27801
0.15687
1.0271
-0.15915
-0.19511
-1.4102
-1.4075
-1.1524
-2.3767
-0.55511
-0.48638
-0.14495
0.01539
-0.012947
0.0007476
0.051148
0.066831
-0.0075077
0.0077191
0.045488
0.031416
0.097059
0.1944
0.29002
0.23196
0.098797
0.099407
-0.0095243
-0.51803
-0.40562
-0.40571
-0.26116
-0.26379
-0.0038025
0.01729
-0.015121
-0.015225
0.025104
0.017049
-0.001074
-0.001136
-0.028975
-0.053247
0.012133
0.070901
0.071035
0.13363
0.16252
0.14589
0.42355
0.60187
0.57713
0.15471
-0.11901
-0.37065
-0.41656
-0.41536
-0.19158
-0.16375
-0.11627
-0.023062
-0.023036
-0.029282
-0.037257
0.11272
0.11281
0.035159
0.023965
0.0042485
-0.11635
-0.11736
-0.046441
0.017307
-0.0091407
-0.031494
-0.07435
-0.072052
-0.84724
-1.0569
-1.0537
-0.51606
-0.12625
-0.34399
0.13085
-0.067419
-0.24308
-0.24715
0.73888
-0.13313
-0.33147
2.377
1.5721
0.32811
0.12748
0.042626
-0.12002
-0.13411
-0.13849
0.15426
0.046419
-0.37904
-0.017428
0.35124
0.072831
0.014461
0.089718
0.0897
0.2651
0.63784
0.85436
0.85172
0.6268
0.33828
0.02387
-0.56339
-1.3024
-0.80951
-0.80516
-0.257
-0.27794
-0.23502
0.064643
-0.0056815
-0.051093
0.25031
0.090252
0.090333
-0.028479
-0.040796
-0.0057969
0.42525
0.42092
0.89279
0.79556
0.094347
-0.056127
0.13543
-0.68659
-0.69172
-0.47149
-1.0101
-0.83036
-0.26265
-0.50045
-0.28502
-0.21953
-0.12558
-0.37651
-0.70619
-0.11824
0.13666
0.13723
0.19914
0.056858
0.062384
-0.019809
-0.021465
-0.15695
0.031945
0.0024681
-0.070868
-0.2668
-1.4908
-1.4539
-0.44727
-0.49362
-0.45747
-1.1709
-0.58668
-0.69959
-0.71511
1.0273
1.5597
0.92519
0.15817
0.15023
-0.46233
-0.46361
-0.35667
0.22917
0.57415
0.18639
0.19192
-0.68376
-0.68562
-0.22697
-0.18277
0.052563
0.024808
0.024955
0.2661
0.26481
0.72259
0.92634
0.79381
0.79838
0.83921
0.37948
-0.50828
-0.40633
-0.36513
-0.36458
-0.55833
-0.65207
-0.64344
-0.56438
-0.56352
0.025908
0.22771
0.29937
0.054239
-0.21008
0.065159
0.24663
0.24664
0.51641
0.56308
0.20109
0.33798
0.54988
0.56138
-0.49087
-0.9518
-0.98315
-1.3029
-0.49706
-0.48548
-0.54493
-0.34919
0.0050642
-1.0564
0.090736
0.090119
0.207
0.083548
0.083813
0.031311
0.031577
0.0023712
-0.19536
-0.18383
-0.16877
-0.017533
0.11898
0.29882
0.32593
0.33197
-0.23983
-0.34572
-0.94404
-1.168
-1.0211
-0.65099
0.073844
0.89622
0.89316
0.2743
0.0036541
-0.46357
0.14356
0.14446
0.50853
0.4354
0.32528
0.24075
0.31482
0.31612
0.75399
-0.1993
-0.062971
-0.066273
0.32614
0.29353
0.57194
0.67666
0.67751
1.1879
1.1818
0.56024
0.014089
0.018314
-0.68991
-0.67378
-0.65143
-0.36703
-0.16568
-0.16577
-0.0040954
-0.35004
-0.29389
-0.21598
-0.21623
0.24331
0.05962
0.0050881
0.0011153
-0.20326
-0.2274
-0.2076
-0.23631
-0.39257
-0.66312
-0.24491
-0.22229
-0.067236
-0.044549
-0.044949
0.017121
-7.5874e-05
0.084805
0.042773
0.042668
0.048135
-0.034074
-0.015112
-0.022312
-0.022288
0.0011213
0.01605
-0.052983
-0.054816
-0.055125
-0.025858
0.098583
0.027839
0.069753
0.057539
0.057432
0.062451
0.042557
0.030592
0.018479
0.018454
-0.037883
-0.058114
-0.068118
-0.085086
-0.085175
-0.047481
0.020973
-0.062753
-0.0628
-0.039186
-0.018256
0.0035619
-0.0035064
-0.0035292
0.021939
0.033235
0.030023
0.03957
0.039555
0.038813
0.027531
-0.033417
0.016026
0.016004
0.020951
-0.0086567
-0.014464
-0.010542
-0.010428
-0.018755
-0.030416
-0.026898
-0.01794
-0.017935
-0.022471
-0.017328
-0.010128
-0.00068658
-0.0041362
-0.0086778
-0.0038017
-0.017228
-0.0017392
0.017376
0.018411
0.021599
0.016369
0.020822
0.0053078
0.0081638
0.0024189
0.004241
-0.0040624
-0.00039134
-0.00020095
-0.00031474
-0.0036532
-0.0022232
-0.0016752
-0.0077324
-0.0075333
0.0022592
0.00077186
0.00077101
-0.018874
-0.018366
-0.0068615
0.0046588
0.0081478
0.016288
0.015423
0.010397
0.0075543
-0.0032011
0.0062843
0.0068434
0.0048952
-0.00079369
-0.0022591
-0.010201
-0.012487
-0.0043239
-0.0013934
-0.00091167
0.0012225
1.6155e-05
-0.004468
-0.0038377
0.0012223
0.0032047
0.0039216
0.0041772
-0.0018536
-0.0039484
-0.0028907
-0.0073895
-0.0042747
-0.0028562
-0.0025648
-0.0059289
-0.0022972
-0.003831
0.0017426
0.0042585
0.0077361
0.0093898
0.0065071
0.0069119
-0.0046592
0.0020874
-0.0031608
-0.003603
0.00021604
-0.0051416
-0.0034827
-0.0051702
-0.002936
-0.0014376
0.00055405
-0.0033119
0.00043122
0.0025642
0.0056779
0.0018915
-0.00050911
0.0028745
-8.5678e-05
0.0003888
0.0020064
-0.002722
-0.0028064
0.0026811
0.0033858
0.00050907
0.0018896
0.0011405
-0.001701
0.00070261
0.0042554
-0.0007956
0.0012558
0.00026676
-0.00039666
-0.0015052
-0.0035989
-0.0066298
-0.0044739
-0.004475
-0.002374
0.00031813
-0.0002383
0.0012195
0.00035377
0.0050435
-0.0044664
0.00054632
-0.0011454
0.0018118
-0.00083471
-0.002373
-0.0082459
-0.0058416
-0.0014644
-0.00071577
-0.0060367
-0.0052077
-0.00383
0.0014923
0.0002356
0.007053
0.003465
0.004375
-0.00023849
-0.0016208
-0.0032354
-0.0017387
-2.3866e-06
-0.0008293
0.002045
-8.3349e-05
-0.00099272
-0.00087612
-0.0028863
-0.0052864
7.957e-05
0.0018495
-0.00094995
0.001375
-0.0011106
-0.00087124
0.0012173
0.0019262
0.0036993
-0.0016598
-0.0011115
-0.0026485
-0.0010292
-0.0020943
-0.0038656
-4.2954e-06
-0.00020307
-0.0017762
-0.00032016
-0.0010292
-0.002405
0.00062447
0.00026961
-0.00016123
-0.00071119
0.00038843
-0.0039051
-0.0022504
-0.00087082
0.00062687
-0.0031561
-0.0022476
-0.0012271
0.00054677
0.0018853
0.0017255
0.0020046
-0.0030355
0.0042508
0.0019248
-0.0001976
-0.0023273
0.00054639
0.0022692
-0.00019393
0.0043254
0.0049246
0.013265
0.018343
0.02214
-0.034114
0.030702
0.030707
-0.0012652
-0.0047553
-0.015135
0.011013
0.0012745
0.0048534
0.0034738
0.0059168
0.00045478
0.0025519
-0.0024084
-0.013055
-0.0082478
-0.01351
-0.018528
-0.018559
0.0038758
0.0038638
-0.004208
0.024663
-0.11965
-0.10759
-0.033543
-0.0096187
-0.0097448
0.070084
0.053949
-0.012304
-0.022839
-0.074392
0.0067063
0.0068311
-0.0038424
-0.072614
-0.13309
-0.034862
0.023711
-0.0076422
0.10532
0.30054
0.37669
0.59687
0.59285
0.39894
0.10929
-0.63034
-0.23414
-0.17655
-0.14451
-0.098841
-0.099125
-0.058701
-0.0025354
-0.044814
0.11687
0.085613
0.031296
-0.033127
0.014162
0.095017
0.010207
-0.0072566
-1.2078
-0.57902
-0.15633
0.3629
0.36122
0.56015
0.17324
-0.063047
0.12142
0.15353
1.7619
0.11764
-0.50297
-0.2346
0.039002
0.081113
-0.075876
-0.080884
-0.08371
0.013715
0.10217
0.20933
0.12272
0.38756
0.27811
0.17471
0.2237
0.22454
0.40252
0.2493
-0.095966
-0.8109
-0.85614
-0.17612
-0.17724
-0.06245
0.0679
0.15418
0.06868
0.097605
0.065248
-0.036476
-0.16023
-0.15832
-0.10328
0.043204
0.019648
0.20025
0.33935
0.39876
0.30058
-0.18324
-0.36857
-0.19286
-0.19316
-0.19281
-0.004361
0.0090977
0.026845
0.090608
0.056331
0.031537
0.07173
0.0076384
-0.014444
-0.073303
-0.0036049
0.53096
0.50961
-0.009033
-1.7534
-0.82917
-0.51467
1.0816
0.79861
-0.16864
1.2715
1.2719
-0.64714
0.34506
0.49735
-0.44606
0.85338
-1.0042
-0.14123
-0.12578
-0.16924
0.037553
0.11142
0.13327
0.13332
0.13833
0.26493
0.23407
0.085453
0.37711
0.34461
0.1822
0.0038876
-0.15714
-0.2848
-0.63022
-0.7723
-0.77225
-0.87811
-0.073534
0.10408
0.042832
0.01744
-0.12203
-0.12202
-0.13262
-0.082891
0.053907
0.053928
0.0058583
-0.061605
0.23092
0.35335
0.35281
0.16305
-0.039059
-0.078239
-0.083708
-0.086669
-0.086653
-0.098911
-0.10624
-0.037764
-0.076265
-0.0053785
-0.0054963
0.065292
0.092938
0.0057833
0.03902
0.2135
-0.0025808
0.073363
0.30193
-0.30274
-0.4229
-0.45387
0.55193
0.37008
0.38543
-0.18485
-0.18575
0.38999
0.0041353
0.58365
-0.45198
-0.45454
0.23384
-0.094314
0.052653
0.13594
0.13569
0.21924
-0.049607
-0.095005
-0.098224
-0.098416
0.094893
0.033838
0.14618
0.19244
0.19056
0.27456
0.092961
0.14201
0.20388
0.20179
0.049916
0.032039
-0.15544
-0.37255
-0.37559
-0.44614
-0.21457
-0.19629
-0.14459
0.0074945
0.080035
0.12536
0.050825
0.045585
0.054925
0.014198
0.01424
-0.11408
-0.15001
-0.014782
-0.0063105
-0.0063298
0.080443
0.0056087
0.045807
0.078413
0.25793
0.21321
0.02483
-0.10887
-0.085594
-0.05968
-0.088645
-0.089133
-0.043052
-0.0081415
-0.055704
0.058999
0.058845
0.087076
0.036304
0.061067
-0.0078919
0.14496
0.14518
0.054931
0.031892
-0.064145
-0.017432
0.18836
0.1888
0.42417
0.018294
-0.54786
-0.54458
-0.38737
0.52987
0.29863
-0.50391
-0.50902
-0.45928
0.26533
-0.12352
0.61488
0.60992
-0.91286
-0.2996
0.093504
-0.016411
-0.016199
0.17647
0.0050245
-0.096211
-0.1463
0.014297
0.014087
0.064287
0.12103
0.10464
0.1062
0.11091
0.089236
0.36641
0.15248
-0.16623
-0.22169
-0.13306
-0.2533
-0.47556
-0.47116
-0.33618
-0.1748
-0.10454
-0.031164
0.081895
0.1159
0.064277
0.0010401
0.030957
-0.02994
-0.029615
-0.12827
-0.093154
-0.061169
-0.0065926
-0.01472
0.053309
0.053205
-0.01757
0.084682
0.24921
0.2429
0.17992
-0.083401
-0.13894
-0.065598
-0.063403
-0.1209
-0.029737
-0.029603
-0.046913
-0.013812
0.0034774
0.091281
0.088474
0.013844
0.030401
0.03039
0.22945
0.0049874
0.016476
0.01635
0.14222
0.44222
0.6278
0.61685
-0.083355
-0.25066
0.26632
0.26393
0.19673
-0.19663
0.279
-0.59759
0.39312
-0.36248
0.21895
0.34478
-0.29956
-0.8708
-0.871
0.21614
-0.12884
0.25165
0.021126
-0.071709
-0.083154
0.031269
0.10785
0.085854
0.085131
0.23154
0.21472
0.045451
0.042887
0.20637
0.27063
-0.017083
-0.28343
-0.29193
-0.43613
-0.47865
-0.52524
-0.16664
-0.11587
-0.11593
-0.065235
0.056598
0.075658
0.048216
0.048212
0.02941
-0.040294
-0.064049
-0.10569
-0.10583
-0.058449
-0.045901
0.027005
0.10201
0.10189
0.014052
0.063749
0.2252
0.23288
0.14771
0.14811
-0.15736
-0.087002
-0.069309
-0.069465
-0.065659
-0.11531
-0.041894
-0.039773
-0.039918
0.029037
0.14435
0.090822
0.006367
0.011439
0.025169
0.025169
0.00018645
-0.0060688
-0.035656
0.081852
0.23664
0.55893
-0.043847
0.014124
-0.13295
-0.10959
0.95495
0.62309
0.62421
0.072884
-0.60043
0.64583
-0.56459
-0.2057
0.39812
-0.37324
0.39991
0.049446
-0.061929
0.20505
0.062812
-0.066569
-0.089013
-0.088803
-0.13389
0.054234
0.025939
0.16012
0.10015
0.21922
0.071392
0.048927
0.25749
0.25913
0.18079
0.07668
-0.15066
-0.15333
-0.25603
-0.42476
-0.14625
-0.091097
-0.09106
0.042957
0.10544
0.1009
0.0067378
0.019412
0.019399
0.035577
0.015986
-0.10838
-0.077482
-0.077514
-0.090022
0.0021708
0.035149
0.1032
-0.022402
0.014304
0.11796
0.22996
0.2241
0.22422
0.07371
-0.10761
-0.27352
-0.10691
-0.095177
-0.096082
-0.1074
-0.034455
-0.0086251
-0.029215
-0.029301
0.088064
0.06743
0.036305
0.13906
0.16836
-0.012131
-0.02817
-0.022821
-0.022807
0.066983
0.30135
0.78038
-0.73862
-0.86643
-0.8708
0.36142
-0.83841
0.59072
0.70609
-0.42015
0.48395
-0.53542
0.49543
-0.37183
0.44742
-0.7176
-0.13788
-0.13851
-0.13817
-0.043088
0.18092
0.043091
-0.12744
-0.063049
-0.063189
-0.088647
0.21054
0.19372
0.17548
0.21669
0.10503
0.1142
0.23408
0.23278
0.035151
-0.029602
-0.33242
-0.31763
-0.19619
-0.40178
-0.39834
-0.17575
-0.11527
-0.0085539
0.040803
0.054905
0.023429
0.046979
0.046914
0.08658
-0.071251
-0.12548
-0.1246
-0.083274
-0.048636
-0.048615
0.14161
0.02116
-0.088472
0.032693
0.36007
0.10525
0.10527
0.05747
-0.11898
-0.052302
-0.07264
-0.10283
-0.10312
-0.10595
-0.036175
-0.01703
-0.037914
0.06662
0.066395
0.0037071
0.0085075
0.0085104
0.2329
-0.024463
-0.024483
-0.098701
0.1144
0.7364
-0.42135
-0.67736
-0.67867
-0.34695
0.46228
0.44056
0.37768
0.37751
-0.34021
-0.084537
0.066725
0.066944
0.047876
0.077217
0.42703
-0.18407
-1.1358
-0.050205
0.29213
0.093408
-0.093786
-0.093705
-0.17277
0.018836
0.04185
0.1309
0.12971
0.2442
0.095196
0.016053
-0.016755
0.16873
0.13629
0.010592
-0.13299
-0.2617
-0.17772
-0.24554
-0.28554
-0.15847
-0.13967
-0.060871
0.017774
0.064454
0.073042
0.0014234
0.0013991
0.036559
0.032351
-0.01708
-0.069318
-0.049585
-0.027842
-0.015594
0.092775
0.060493
0.018428
0.13383
0.27729
0.41758
0.2947
0.29519
0.28019
-0.0050324
-0.077706
-0.14992
-0.15153
-0.28956
-0.34902
-0.10496
-0.067177
-0.068721
0.012187
0.02866
0.076984
0.088872
0.12056
0.12024
0.034817
-0.010062
-0.014508
-0.022943
-0.029629
-0.00030108
-0.025846
-0.020589
-0.041946
-0.041913
-0.054446
-0.0027868
0.048243
0.04784
0.096003
0.081561
0.0081492
0.067287
0.064156
0.042516
0.04242
0.011815
0.017046
-0.0059818
-0.01305
-0.066091
-0.081934
-0.053905
-0.050725
-0.05158
-0.019748
-0.00039085
-0.010541
-0.010529
-0.029889
-0.037726
0.0056724
0.038689
0.029254
0.029266
0.016645
-0.0024036
0.010039
0.0049772
0.016896
0.012546
0.011987
0.013419
0.025274
0.023428
0.010643
0.0065003
-0.0265
-0.029074
-0.02203
-0.016884
-0.011007
-0.0074044
-0.0047024
-0.0033407
-0.0033413
-0.0081297
-0.003003
0.0038619
0.0075948
0.01048
0.010886
0.010049
0.0037246
0.0032371
0.0032376
-0.007849
-0.0054225
-0.020292
-0.020283
-0.018801
-0.0092124
-0.0088727
0.00026765
0.01147
0.011465
0.012232
0.012048
0.013437
0.0076265
0.0076172
0.0010507
0.0049623
-0.0056437
-0.0076084
-0.0076074
-0.012107
-0.0097057
-0.015347
-0.019568
-0.019566
0.0090069
-0.0081216
-0.0090897
0.0034268
0.0034263
0.0017426
0.0069277
0.020724
0.014533
0.014526
-0.0084263
-0.0074613
-0.005089
-0.0017885
-0.0017901
-0.005121
0.0014683
0.0073565
-0.002685
-0.0026867
-0.0045329
0.0080277
0.0033404
-0.0056768
-0.0056707
-0.010895
0.00087965
0.0058269
-0.0046972
-0.0030024
0.0027971
0.0012778
0.0021876
-0.00088174
-0.00088201
0.0011398
0.001226
0.0027805
0.0020826
0.0022739
0.0026639
-0.0030314
-0.0062036
-0.0024362
-0.0029432
-0.0024358
-0.00065792
-0.0023366
0.00046023
-0.00083212
0.00069124
0.0012786
0.0025865
0.00080524
0.0045367
0.0019231
0.0029172
0.00068573
-0.0010924
-0.0054668
-0.0022443
-0.0015975
-0.0003391
0.00054232
0.0015209
-0.0030347
-0.0053144
0.00063559
0.00025356
0.0055614
0.0037532
-0.00016381
-0.00090234
0.004212
0.015824
0.0038747
-0.0068058
-0.0030443
-0.0038805
-0.003123
-0.017813
-0.008149
-0.0081477
-6.0309e-05
0.0012342
0.0052992
0.010122
0.0058507
-0.0021625
-0.0017873
-0.0035899
-0.0060109
-0.0047593
0.001427
0.0057465
0.0069595
0.0078411
0.001899
-0.002328
-0.0047752
-0.0086936
-0.0097278
-6.1502e-05
0.0036125
0.0047198
0.0048989
-0.0021988
-0.0084269
0.0041483
0.0064302
0.002114
-0.0022914
-0.0016483
-0.0023835
-0.0059114
-0.0021356
0.0049519
0.0036178
0.0017893
0.0018381
-0.0016364
4.7132e-05
0.0013386
0.00048505
0.0032218
0.001475
-0.0020425
-0.003721
-0.0027891
-0.0043162
-0.00070422
0.0020264
0.0033217
0.0049996
0.001236
0.00044225
0.0051043
0.0024166
-0.00020308
-0.00039829
-0.0024824
0.0027666
-0.0033219
0.00018661
0.0011389
-0.0022375
-0.00015392
-0.001543
-0.0039654
-0.002932
-0.00084735
-0.00010522
0.0041105
0.0044002
-0.0033674
-0.00034892
0.00054112
-0.00065116
-0.0010919
-0.0011049
-0.0052561
-0.0036258
-0.0031714
-0.0016402
0.00024996
0.00019855
0.0014775
0.0026721
-0.0019318
-0.0027254
0.0011359
-0.0031737
0.00044227
0.0012808
0.0050446
-0.0017856
-0.0022839
-0.0016864
-0.0040135
-0.0031165
0.0018785
-0.00020225
0.0019718
0.0065767
-0.0023815
0.0020248
0.0027185
-0.00074874
0.0014208
0.00073284
0.0021201
0.0006326
0.00058581
0.0031079
0.0035055
-0.0013944
0.0018831
0.0019178
-0.002289
0.0012364
-0.00069952
0.00049483
-0.0033131
-0.0031167
0.0020244
-0.000256
0.0010887
-0.0033572
-0.00010048
-0.0023744
0.0029596
0.0017156
-0.0022405
0.0014735
0.0015278
0.00059178
-0.00030399
-0.002334
-0.0030649
-0.0010344
0.00053743
-0.0015869
0.0020713
-0.0033651
0.0015356
-0.0023254
-0.0016817
0.0006465
0.00029361
-0.00030448
-0.00094185
-0.00079967
-0.00021274
0.0012853
-0.0015961
-0.0032701
-0.00074391
4.1901e-05
0.00019197
-0.0027755
-6.1545e-05
-0.0016797
-0.00039991
-0.00039957
-0.0014352
-0.0029784
-0.0014918
-0.0015856
-0.0001552
-0.00093217
-0.0023242
-0.00064831
0.0023077
-0.0030715
-0.0010369
-0.0014418
0.00043353
9.1925e-05
-0.00010691
0.0020226
0.0019749
-0.0019265
0.00034558
-0.00049658
0.0020701
0.0026096
0.001483
0.0033003
-0.0002881
0.00068786
0.00068787
0.00073472
-0.0023334
-0.001645
-0.0076118
-0.002275
-0.0065995
-0.011402
0.010074
0.00076057
0.010084
-0.030404
-0.030404
0.0066325
0.011333
-0.003111
0.0072055
0.0061861
-0.0030822
-0.011173
-0.0010388
0.002574
0.018124
-0.03939
0.0050663
-0.0057303
0.013887
-0.028866
0.029792
0.029716
0.026231
0.072608
0.083702
0.034494
0.38358
0.75727
-0.75933
-0.6693
-0.57804
-0.58248
-0.55894
0.52228
0.52253
1.2418
0.55644
0.93811
-0.26022
-0.26154
-0.62504
-0.66722
-0.67195
-0.82832
1.9903
0.098717
0.01449
0.0185
-0.039522
-0.26156
-0.25089
-0.034314
0.11179
0.3466
-0.11419
-0.23592
0.052349
0.27023
0.19837
0.17643
-0.29888
-0.3001
0.1837
0.15721
0.20442
-0.048117
0.0037885
0.0052885
-0.4779
-0.59947
-0.33755
0.069412
0.069186
0.14411
0.043844
-0.0062028
-0.02999
-0.028243
-0.097306
-0.0062304
-0.032816
0.11359
0.10584
0.098509
0.14219
0.22533
0.606
1.2327
1.2309
1.2394
1.0935
0.8682
0.86826
0.31288
0.35776
-1.1931
-1.9324
-1.9497
-0.58893
-0.29126
-0.40206
-0.11118
-0.11175
-0.083705
0.060895
0.17656
0.21004
0.31054
0.31045
0.1524
-0.1975
-0.064996
0.1328
0.10864
-0.13727
-0.8039
-2.3093
-2.4063
-1.8778
-1.8693
-1.6866
-1.0915
-0.44866
-0.43301
2.9007
1.7627
1.4551
1.1827
-0.13818
-0.15265
0.19833
-0.10311
0.25709
0.75861
0.51974
0.037811
0.35686
0.98534
0.98165
1.1966
0.21599
-0.042692
0.26359
0.40929
0.48431
0.45549
0.50393
0.80102
0.80365
0.68476
0.36997
-0.077233
-0.28889
-0.18915
-0.9826
-1.1132
-0.57065
-0.17079
0.023229
0.0058711
0.061617
0.038975
0.026238
0.026221
-0.022739
0.0028601
0.072519
0.39036
0.29573
0.81311
1.8052
2.086
1.6916
1.3833
1.389
0.59435
-0.25373
-0.81603
-1.2917
-1.4661
-1.27
-0.9296
-0.86699
-0.67457
-0.36453
-0.10014
-0.074467
-0.085024
-0.029379
-0.012649
0.012063
0.19009
0.29
0.0019936
0.12441
0.076772
0.10478
-0.027196
-0.37639
-1.704
-2.1582
-2.3916
-1.425
-1.5689
-0.73338
-0.27115
-0.65499
-1.2445
1.4271
1.832
0.32283
2.224
1.0359
0.3731
0.56377
-0.43345
0.50854
0.90344
0.77975
0.79105
0.51807
-0.09517
-0.15022
0.16565
0.37869
0.31903
0.053076
0.061813
-0.10027
0.1388
0.26433
0.29465
0.24348
0.17848
0.20634
0.096786
-0.16741
-0.50865
-0.69545
-0.18444
0.0061347
-0.018188
-0.018394
-0.0051597
-0.005443
0.014093
-0.033611
0.012541
0.047439
0.014828
-0.15533
0.022275
0.12307
0.13232
0.29461
0.27337
0.81773
1.7976
1.8837
1.4916
0.84505
0.39253
-0.11724
-0.70065
-1.0213
-1.0484
-1.0022
-0.92209
-0.60639
-0.40905
-0.4082
-0.31573
-0.15871
-0.060185
0.090913
0.091369
0.24064
0.17158
0.052036
0.13652
0.1328
0.19993
0.15774
-1.4157
-1.7014
-2.1814
-1.3766
-1.3661
1.483
0.37087
0.36884
-0.62159
-0.36343
0.68171
2.4784
2.4778
2.1632
0.21094
-0.53216
-0.012246
-0.016448
0.45355
0.6176
0.11
0.44964
0.44908
0.54471
0.068582
-0.16708
0.011855
0.010971
0.099898
0.08295
0.097247
0.72299
0.72184
1.0609
1.2556
0.822
-0.66729
-0.66406
-0.49514
-0.27363
0.42596
0.36083
0.10827
-0.14589
-0.14167
-0.35796
-0.32741
-0.32802
-0.66303
-0.69076
-0.6681
-0.27413
-0.27403
-0.10342
-0.066763
-0.0010497
0.024624
0.024654
-0.079031
-0.017379
0.067934
0.0032389
0.0032219
-0.0032524
-0.0010404
0.015971
0.025294
0.011741
0.011801
-0.0060536
0.039544
0.051771
0.033349
0.035503
0.035499
0.026457
0.034403
0.02251
0.044526
0.044526
0.040861
0.0034669
-0.025142
-0.044619
-0.042524
-0.042514
-0.023153
-0.029484
-0.021934
-0.012713
-0.021895
-0.014113
-0.0031562
-0.0061154
-0.0065759
-0.0018746
-0.0047005
-0.0092954
0.012697
-0.0083343
-0.011631
-0.027696
-0.016262
-0.0044491
0.0028896
0.01558
0.016615
0.016653
0.011047
0.010165
0.016493
0.012568
0.0021806
0.0030054
0.0075716
0.0066533
0.0059393
0.0064812
-0.0169
-0.0069298
0.010581
-0.0002741
0.003485
0.0030914
-0.00043838
0.0039047
0.0034644
-0.0083239
0.0010457
0.0058867
-0.0037645
-0.0090091
0.00060373
0.00088297
-0.0019618
-0.002035
0.0026058
-0.0028927
-0.0074447
-0.0054335
-0.0063612
-0.0058786
-0.0044437
-6.3495e-05
-0.00015643
0.0022806
0.0020083
0.0015279
0.0058986
0.0037594
0.0095862
0.0041924
0.0026708
0.0014706
0.0023172
0.0028672
-0.0029449
-0.00088366
-0.0055194
0.011211
0.0081674
-0.0043255
-0.0069125
-0.0017211
0.0017582
0.00088354
0.0019222
0.0047405
0.0039558
-0.00017529
-0.0030023
-0.0014804
-0.0045701
0.00123
0.0012213
-0.0002441
-0.0010808
0.00093042
0.0024075
0.0021603
0.003486
0.0026665
0.0015258
0.00095199
-0.00044011
0.0014379
0.00011331
0.0016352
0.0008401
0.0020739
0.0016094
-0.0026255
-0.00070709
-0.00092551
-0.0020324
-0.0042391
-0.0045678
-0.0016081
0.001038
-0.0010809
0.0041711
-0.0016321
-0.0022273
0.0018073
0.0015697
0.0026939
-0.001172
-0.0011717
0.0018527
0.0016304
0.0020546
-0.0019221
0.0031977
0.0019634
-0.001395
0.0027587
0.001236
0.0030454
0.0030434
-0.00019901
-0.00068354
0.0010168
-0.00068547
-0.0020087
0.00057661
-0.00070396
-0.0014344
0.00092741
0.00161
-0.00033454
0.0028453
-0.0008224
-0.003726
0.0011261
0.0011256
0.0020084
0.00059552
0.0022058
0.0027782
0.0012361
0.0021604
-0.0026534
-0.0024068
-0.0014154
-0.0029333
0.0020087
-0.0026034
0.001519
0.0023108
-0.0016754
-0.0016757
-0.0026942
-0.0038837
-0.0001127
0.0012791
0.0038831
0.001081
0.0014939
0.0021868
0.0031988
0.00064117
-0.00079557
-0.00079544
-0.00083902
-0.0024927
-0.000794
-0.0030441
-0.001388
0.00034841
0.00028647
0.0010365
-0.0014784
-0.0014793
-0.0014788
0.0021157
-0.0046593
-0.0025601
0.0020522
-0.0010813
-0.0018103
0.0016284
0.0016324
0.0017205
0.0015206
-0.0021185
-0.001236
-0.0028035
-0.0034859
-0.0049643
-0.0010362
-0.0010341
-0.0023609
-0.00068509
-0.0019183
-0.0018303
-0.0014145
-0.00026323
-0.00024485
0.0013703
0.0013682
0.0054036
0.0012306
0.0036207
0.0012205
-0.0011276
0.0015362
0.0010354
-0.0012182
0.00088166
0.00088099
0.001261
0.0018101
-0.00044179
0.0034849
0.0034216
0.0018099
0.0014566
-0.00044203
0.0010802
-0.00088445
-0.00079371
0.00077451
-0.0023151
0.001718
-0.0023159
-0.0026036
-0.001856
-0.002361
0.0012775
0.0014766
0.0029985
-0.002542
0.0034844
0.0012775
0.0001974
-0.00015352
-0.0029862
-0.0016618
0.0010325
-0.0023156
-0.0021644
-0.00064088
-0.00033747
0.00010497
-0.0004876
0.0025585
0.0014761
0.001476
0.0011838
-0.0012577
0.0021608
0.0015208
0.0042595
-0.00035312
-0.00015363
-0.00092928
-0.0050525
-0.00029045
0.0014141
0.0013228
0.0013231
-0.00019886
-0.0014325
-0.0017658
-0.0040793
-0.0014327
-0.0013456
-0.00061473
0.00057538
0.00019652
0.0019622
0.00053136
0.00058948
