-0.17686
-0.17494
-0.18255
-0.17133
-0.1767
-0.17646
-0.1665
-0.17435
-0.17252
-0.17615
-0.17555
-0.17252
-0.1755
-0.1749
-0.17225
-0.17376
-0.16934
-0.177
-0.17695
-0.16825
-0.17596
-0.17802
-0.16886
-0.17379
-0.17803
-0.17449
-0.17824
-0.17893
-0.17748
-0.17796
-0.17663
-0.18144
-0.1766
-0.17759
-0.17602
-0.17665
-0.17859
-0.173
-0.17422
-0.17512
-0.17481
-0.1727
-0.17531
-0.17845
-0.17813
-0.18205
-0.18016
-0.17902
-0.17438
-0.16853
-0.1773
-0.17887
-0.179
-0.1683
-0.17685
-0.17657
-0.17366
-0.1775
-0.17709
-0.1742
-0.17761
-0.17018
-0.17735
-0.1749
-0.17725
-0.17701
-0.17904
-0.17782
-0.17669
-0.17837
-0.17553
-0.1783
-0.17755
-0.17954
-0.17799
-0.1795
-0.17306
-0.17203
-0.17753
-0.17482
-0.17536
-0.17533
-0.17751
-0.17773
-0.17782
-0.18143
-0.17752
-0.17692
-0.17968
-0.17815
-0.17889
-0.17525
-0.17481
-0.18046
-0.17794
-0.1745
-0.17909
-0.17957
-0.18019
-0.17942
-0.17933
-0.17387
-0.17778
-0.17776
-0.17132
-0.1823
-0.1751
-0.18096
-0.17526
-0.17807
-0.18543
-0.18338
-0.17694
-0.17792
-0.17705
-0.17644
-0.18013
-0.17853
-0.1791
-0.17674
-0.18196
-0.17871
-0.1796
-0.18264
-0.17637
-0.18029
-0.18069
-0.18013
-0.17951
-0.18022
-0.17692
-0.17678
-0.17648
-0.18142
-0.17793
-0.18293
-0.17989
-0.18007
-0.18044
-0.17758
-0.18339
-0.1832
-0.17962
-0.17217
-0.18393
-0.18185
-0.18039
-0.18202
-0.1852
-0.17835
-0.17995
-0.18212
-0.18461
-0.18091
-0.18309
-0.18319
-0.18159
-0.18115
-0.18133
-0.18996
-0.17802
-0.18347
-0.17954
-0.18226
-0.1824
-0.18452
-0.18211
-0.18262
-0.18516
-0.17625
-0.18273
-0.18052
-0.18655
-0.18413
-0.18366
-0.18486
-0.1774
-0.18336
-0.18983
-0.18221
-0.18655
-0.18468
-0.18693
-0.18468
-0.18319
-0.18226
-0.18499
-0.18438
-0.18321
-0.18362
-0.18251
-0.18708
-0.18562
-0.18554
-0.17743
-0.18351
-0.18446
-0.18688
-0.18181
-0.18315
-0.18488
-0.18518
-0.18608
-0.18741
-0.18834
-0.18577
-0.18526
-0.18595
-0.18876
-0.18527
-0.188
-0.1866
-0.17833
-0.19505
-0.18664
-0.18592
-0.18011
-0.18591
-0.18576
-0.18452
-0.18857
-0.18343
-0.18611
-0.19279
-0.18673
-0.18679
-0.1896
-0.18766
-0.18574
-0.18084
-0.18712
-0.18656
-0.1825
-0.18537
-0.18773
-0.18926
-0.18751
-0.18837
-0.18239
-0.18839
-0.18665
-0.18756
-0.17869
-0.18733
-0.18739
-0.18677
-0.18751
-0.18702
-0.18572
-0.18723
-0.18878
-0.18664
-0.18653
-0.18917
-0.18947
-0.19293
-0.18842
-0.18786
-0.18004
-0.18687
-0.18806
-0.18959
-0.18768
-0.18816
-0.19329
-0.1891
-0.18449
-0.18686
-0.18976
-0.19144
-0.18319
-0.1851
-0.1873
-0.18699
-0.179
-0.19186
-0.18895
-0.189
-0.18119
-0.18726
-0.18919
-0.18839
-0.18809
-0.18735
-0.18469
-0.1871
-0.18766
-0.18818
-0.1898
-0.18934
-0.19366
-0.19117
-0.19204
-0.18856
-0.19504
-0.18822
-0.1894
-0.19651
-0.19113
-0.19281
-0.18774
-0.18965
-0.19053
-0.18891
-0.18892
-0.18749
-0.18622
-0.19126
-0.19026
-0.18877
-0.19254
-0.19045
-0.18022
-0.18538
-0.1902
-0.18816
-0.18974
-0.19175
-0.18972
-0.1891
-0.19582
-0.18997
-0.19132
-0.18901
-0.18963
-0.18282
-0.19188
-0.1883
-0.19142
-0.18801
-0.19169
-0.19613
-0.18638
-0.19163
-0.19221
-0.19245
-0.19136
-0.19298
-0.18778
-0.19427
-0.19086
-0.19442
-0.18931
-0.19276
-0.19342
-0.1937
-0.19267
-0.19254
-0.19297
-0.19277
-0.18996
-0.19349
-0.19302
-0.19284
-0.19119
-0.19164
-0.19873
-0.18963
-0.19481
-0.19339
-0.19094
-0.18462
-0.19575
-0.19374
-0.18725
-0.19484
-0.19613
-0.19423
-0.19142
-0.19363
-0.19765
-0.18862
-0.19589
-0.19347
-0.1954
-0.19278
-0.19589
-0.18721
-0.19405
-0.19354
-0.19416
-0.18771
-0.20088
-0.19622
-0.19529
-0.18982
-0.18959
-0.19509
-0.19442
-0.19305
-0.19671
-0.19462
-0.191
-0.19338
-0.1946
-0.19548
-0.19315
-0.19467
-0.19617
-0.19162
-0.19565
-0.19274
-0.20073
-0.19301
-0.19468
-0.19631
-0.19516
-0.1973
-0.19739
-0.19536
-0.1957
-0.19379
-0.20146
-0.1961
-0.19832
-0.18829
-0.19618
-0.19713
-0.19292
-0.19634
-0.19306
-0.19304
-0.19687
-0.19586
-0.18827
-0.19561
-0.19779
-0.19163
-0.1948
-0.19286
-0.19416
-0.19761
-0.19636
-0.18805
-0.19441
-0.19742
-0.19608
-0.19659
-0.1902
-0.19902
-0.18923
-0.19543
-0.19953
-0.1961
-0.19563
-0.19401
-0.19741
-0.19602
-0.1952
-0.19621
-0.19861
-0.18831
-0.19587
-0.18862
-0.19563
-0.19678
-0.19902
-0.19675
-0.1974
-0.19767
-0.19776
-0.19927
-0.18968
-0.19801
-0.19499
-0.19658
-0.19363
-0.19664
-0.19939
-0.19575
-0.199
-0.19865
-0.20179
-0.19892
-0.19866
-0.20023
-0.19963
-0.20006
-0.19596
-0.19734
-0.19864
-0.19043
-0.18858
-0.19552
-0.19975
-0.19547
-0.20005
-0.19843
-0.1934
-0.19986
-0.20114
-0.19689
-0.20148
-0.19638
-0.20027
-0.19848
-0.19957
-0.19861
-0.20817
-0.19816
-0.19975
-0.19577
-0.19532
-0.19455
-0.19762
-0.19366
-0.19829
-0.20306
-0.20154
-0.20131
-0.19911
-0.19884
-0.19845
-0.20351
-0.20624
-0.19245
-0.19778
-0.19909
-0.19899
-0.19771
-0.18948
-0.20132
-0.20047
-0.20514
-0.19671
-0.19929
-0.20838
-0.20359
-0.20312
-0.20655
-0.20088
-0.20254
-0.20038
-0.20061
-0.20197
-0.20226
-0.20463
-0.19538
-0.19261
-0.19874
-0.20848
-0.20273
-0.20161
-0.20077
-0.20189
-0.2019
-0.20056
-0.20468
-0.2057
-0.20331
-0.20157
-0.20093
-0.20098
-0.19702
-0.20326
-0.20226
-0.20348
-0.20404
-0.20122
-0.19998
-0.20217
-0.20497
-0.2026
-0.2022
-0.20323
-0.20429
-0.20121
-0.20155
-0.2008
-0.20352
-0.20278
-0.20418
-0.20084
-0.2052
-0.20384
-0.20503
-0.20189
-0.20569
-0.19611
-0.20383
-0.20562
-0.20215
-0.20081
-0.20237
-0.20147
-0.20061
-0.20144
-0.20262
-0.20145
-0.20544
-0.20321
-0.20206
-0.20351
-0.20423
-0.20786
-0.20608
-0.20611
-0.19697
-0.20124
-0.20316
-0.20388
-0.20498
-0.20329
-0.20564
-0.20187
-0.20757
-0.20576
-0.19415
-0.20482
-0.20775
-0.20761
-0.20397
-0.20593
-0.20277
-0.20631
-0.2062
-0.2038
-0.19844
-0.20665
-0.20754
-0.2075
-0.20467
-0.20324
-0.19927
-0.2057
-0.20423
-0.21003
-0.20567
-0.20558
-0.20484
-0.20201
-0.20512
-0.20516
-0.20512
-0.19794
-0.20689
-0.20596
-0.20764
-0.20907
-0.20745
-0.20684
-0.19418
-0.20729
-0.2062
-0.20677
-0.20414
-0.20721
-0.20205
-0.20601
-0.20679
-0.20557
-0.20429
-0.20587
-0.20824
-0.20979
-0.20738
-0.20671
-0.20579
-0.19884
-0.20682
-0.21092
-0.21208
-0.20928
-0.20821
-0.20522
-0.20597
-0.20499
-0.20624
-0.20524
-0.20661
-0.20878
-0.2051
-0.2085
-0.20315
-0.20772
-0.20609
-0.21099
-0.20877
-0.20988
-0.20735
-0.21992
-0.2087
-0.20725
-0.20069
-0.20896
-0.20917
-0.20451
-0.20926
-0.20182
-0.21042
-0.20118
-0.20862
-0.20739
-0.20944
-0.21177
-0.20077
-0.21016
-0.19766
-0.21554
-0.2058
-0.2107
-0.20974
-0.20658
-0.20898
-0.20141
-0.20055
-0.2052
-0.20993
-0.2096
-0.21073
-0.21069
-0.21175
-0.20941
-0.20907
-0.19757
-0.21017
-0.21065
-0.20867
-0.2097
-0.20822
-0.20494
-0.21474
-0.2101
-0.20704
-0.2128
-0.2115
-0.21253
-0.21668
-0.21232
-0.2096
-0.21307
-0.21112
-0.21202
-0.20723
-0.20973
-0.20967
-0.20793
-0.21897
-0.21138
-0.21294
-0.20184
-0.20966
-0.21009
-0.20833
-0.21216
-0.20596
-0.2156
-0.21285
-0.21276
-0.20324
-0.21039
-0.21481
-0.2159
-0.21041
-0.21397
-0.21367
-0.20309
-0.21246
-0.21407
-0.21211
-0.21196
-0.21252
-0.20988
-0.21521
-0.21276
-0.21118
-0.21525
-0.21057
-0.21195
-0.20886
-0.20926
-0.20448
-0.21501
-0.21436
-0.21658
-0.20848
-0.21391
-0.21602
-0.21423
-0.2143
-0.21302
-0.21339
-0.21419
-0.21514
-0.21149
-0.22606
-0.21399
-0.21405
-0.21365
-0.2069
-0.21023
-0.20688
-0.21476
-0.21228
-0.21368
-0.21459
-0.21101
-0.22228
-0.2155
-0.21663
-0.21943
-0.21144
-0.22
-0.20817
-0.2124
-0.20733
-0.21552
-0.20829
-0.21691
-0.21311
-0.2131
-0.21332
-0.21726
-0.21798
-0.2155
-0.21795
-0.21504
-0.219
-0.213
-0.21342
-0.21695
-0.21257
-0.21472
-0.21397
-0.21524
-0.20879
-0.2144
-0.21878
-0.21519
-0.21655
-0.21682
-0.21359
-0.21612
-0.21642
-0.21471
-0.21612
-0.21783
-0.21561
-0.21363
-0.21468
-0.21822
-0.21545
-0.21933
-0.22418
-0.21111
-0.22103
-0.21193
-0.21939
-0.2147
-0.22053
-0.20788
-0.21648
-0.21969
-0.21684
-0.20885
-0.21566
-0.21806
-0.21422
-0.21662
-0.21854
-0.21738
-0.21033
-0.21671
-0.20951
-0.21765
-0.21784
-0.22187
-0.22115
-0.21824
-0.22039
-0.22134
-0.21855
-0.21675
-0.21897
-0.21742
-0.21828
-0.21611
-0.21993
-0.21904
-0.21909
-0.21822
-0.2209
-0.2239
-0.21851
-0.21991
-0.21952
-0.22495
-0.21892
-0.22715
-0.21876
-0.22197
-0.21924
-0.2123
-0.22002
-0.22365
-0.22011
-0.22435
-0.21928
-0.22098
-0.22545
-0.2215
-0.22119
-0.22232
-0.2142
-0.21704
-0.21414
-0.22162
-0.22412
-0.22845
-0.22014
-0.22271
-0.21766
-0.22985
-0.22134
-0.2165
-0.22326
-0.22262
-0.22351
-0.22737
-0.22207
-0.21728
-0.22018
-0.2102
-0.21579
-0.21995
-0.21966
-0.21963
-0.22238
-0.21887
-0.21748
-0.21492
-0.22562
-0.22133
-0.21887
-0.21677
-0.22449
-0.21694
-0.22236
-0.22008
-0.221
-0.21955
-0.22142
-0.21664
-0.22447
-0.2202
-0.22129
-0.22107
-0.22352
-0.22285
-0.22384
-0.22439
-0.22515
-0.22378
-0.22158
-0.21569
-0.22086
-0.21978
-0.22239
-0.221
-0.22458
-0.2238
-0.22583
-0.22566
-0.22519
-0.22606
-0.22894
-0.22356
-0.22295
-0.22094
-0.22303
-0.22652
-0.22254
-0.22342
-0.22212
-0.22226
-0.2204
-0.22111
-0.21534
-0.22864
-0.22449
-0.22243
-0.21517
-0.2255
-0.22291
-0.22954
-0.22335
-0.22438
-0.22363
-0.22586
-0.22345
-0.22632
-0.23084
-0.22226
-0.22523
-0.22089
-0.2243
-0.22224
-0.22471
-0.22584
-0.22733
-0.22854
-0.22475
-0.22545
-0.22576
-0.22587
-0.22777
-0.21901
-0.22094
-0.22503
-0.22008
-0.2256
-0.22639
-0.22723
-0.22565
-0.22325
-0.22413
-0.22469
-0.22618
-0.2281
-0.22539
-0.2249
-0.22536
-0.22336
-0.22783
-0.22791
-0.21676
-0.22864
-0.22774
-0.2296
-0.22203
-0.22842
-0.22909
-0.22585
-0.22568
-0.22349
-0.2297
-0.22885
-0.22674
-0.22903
-0.22665
-0.2275
-0.22308
-0.22845
-0.22881
-0.22541
-0.22662
-0.22906
-0.22887
-0.22897
-0.23375
-0.23119
-0.23038
-0.23079
-0.23214
-0.22748
-0.22368
-0.23044
-0.22316
-0.22646
-0.22847
-0.22814
-0.22591
-0.22802
-0.22481
-0.23347
-0.22765
-0.22793
-0.23129
-0.23403
-0.23036
-0.2365
-0.23049
-0.23079
-0.23135
-0.22926
-0.22849
-0.22736
-0.22679
-0.23024
-0.23078
-0.23252
-0.22663
-0.23025
-0.22474
-0.23221
-0.23112
-0.2314
-0.22946
-0.22698
-0.22728
-0.23072
-0.22897
-0.2309
-0.23042
-0.2306
-0.22734
-0.23094
-0.22833
-0.23649
-0.22687
-0.23276
-0.23099
-0.23481
-0.23036
-0.23317
-0.22573
-0.23003
-0.23096
-0.23026
-0.22727
-0.23207
-0.23536
-0.23198
-0.23352
-0.22732
-0.23204
-0.23041
-0.22958
-0.23034
-0.22415
-0.22832
-0.23175
-0.22992
-0.23414
-0.2334
-0.23069
-0.23017
-0.23535
-0.22849
-0.23189
-0.23457
-0.22884
-0.23577
-0.23418
-0.23375
-0.22942
-0.23509
-0.22376
-0.23321
-0.23529
-0.23309
-0.23329
-0.23212
-0.23398
-0.23137
-0.23421
-0.23407
-0.22624
-0.22797
-0.23519
-0.23401
-0.24045
-0.23353
-0.22723
-0.23257
-0.2359
-0.23748
-0.23441
-0.23376
-0.23499
-0.23306
-0.23039
-0.23273
-0.23302
-0.23547
-0.22983
-0.22524
-0.23673
-0.23133
-0.23501
-0.22811
-0.23749
-0.23071
-0.24101
-0.23585
-0.23642
-0.23499
-0.23774
-0.23123
-0.23739
-0.23668
-0.23609
-0.23489
-0.23402
-0.23563
-0.23976
-0.2368
-0.23587
-0.24589
-0.23706
-0.23721
-0.23846
-0.23479
-0.2378
-0.23651
-0.23574
-0.23824
-0.24142
-0.23955
-0.23717
-0.22949
-0.23216
-0.23227
-0.23788
-0.23876
-0.2332
-0.24146
-0.23552
-0.23758
-0.24067
-0.23919
-0.23241
-0.23561
-0.23466
-0.23451
-0.23725
-0.23546
-0.235
-0.23753
-0.23764
-0.23871
-0.23534
-0.23659
-0.23885
-0.23349
-0.2363
-0.23076
-0.23449
-0.2381
-0.23937
-0.22906
-0.23732
-0.23593
-0.2415
-0.23512
-0.23802
-0.23211
-0.23402
-0.23897
-0.22898
-0.23848
-0.23864
-0.23898
-0.23198
-0.23309
-0.23779
-0.23725
-0.24038
-0.23935
-0.24312
-0.23784
-0.2381
-0.24145
-0.23991
-0.24079
-0.2398
-0.23765
-0.23917
-0.23883
-0.24179
-0.23532
-0.2423
-0.23556
-0.24182
-0.24079
-0.23532
-0.2414
-0.2392
-0.2396
-0.24148
-0.24106
-0.24054
-0.2382
-0.24543
-0.23849
-0.24053
-0.24168
-0.24091
-0.24176
-0.24151
-0.24497
-0.2409
-0.24452
-0.23614
-0.23762
-0.24144
-0.24162
-0.243
-0.23982
-0.24305
-0.24073
-0.23741
-0.23562
-0.2415
-0.23791
-0.24247
-0.24186
-0.24107
-0.24288
-0.24155
-0.23764
-0.24315
-0.24317
-0.24953
-0.24194
-0.2468
-0.23771
-0.24021
-0.24108
-0.24522
-0.24323
-0.24568
-0.24536
-0.23974
-0.24411
-0.24505
-0.24151
-0.24238
-0.24199
-0.24264
-0.24276
-0.24402
-0.24977
-0.24503
-0.24341
-0.24417
-0.24827
-0.24639
-0.25096
-0.24339
-0.24439
-0.24496
-0.25081
-0.23855
-0.24618
-0.25108
-0.24202
-0.24569
-0.24201
-0.2479
-0.24665
-0.24311
-0.24953
-0.24375
-0.24311
-0.25487
-0.24103
-0.24308
-0.24461
-0.24503
-0.24541
-0.24272
-0.24792
-0.24619
-0.25083
-0.2519
-0.24996
-0.23676
-0.24885
-0.24537
-0.24238
-0.25138
-0.24679
-0.24827
-0.24855
-0.24613
-0.24615
-0.24224
-0.24588
-0.24525
-0.244
-0.24612
-0.24821
-0.25072
-0.24301
-0.25007
-0.25223
-0.24933
-0.2482
-0.24408
-0.24976
-0.23727
-0.24573
-0.24583
-0.24952
-0.24776
-0.23904
-0.24625
-0.2453
-0.24463
-0.24799
-0.25146
-0.24185
-0.24488
-0.24967
-0.24949
-0.24782
-0.25449
-0.24247
-0.24696
-0.24748
-0.257
-0.24813
-0.24872
-0.25279
-0.25402
-0.2474
-0.24311
-0.24694
-0.25037
-0.24022
-0.24699
-0.24788
-0.238
-0.24904
-0.25029
-0.25103
-0.23936
-0.24822
-0.24874
-0.24286
-0.2468
-0.24216
-0.24365
-0.24633
-0.25526
-0.24618
-0.24031
-0.24901
-0.23988
-0.24531
-0.25326
-0.24615
-0.25045
-0.24718
-0.24917
-0.24264
-0.25601
-0.24903
-0.24431
-0.24239
-0.24561
-0.25148
-0.24017
-0.24863
-0.25641
-0.24303
-0.25019
-0.24025
-0.24103
-0.24916
-0.25126
-0.24958
-0.24651
-0.25043
-0.24337
-0.24965
-0.25031
-0.24917
-0.24932
-0.24837
-0.25155
-0.24906
-0.25001
-0.25035
-0.2451
-0.24848
-0.2471
-0.24163
-0.24918
-0.25092
-0.24645
-0.24581
-0.24214
-0.2508
-0.25037
-0.25053
-0.24628
-0.25308
-0.25179
-0.2484
-0.24906
-0.25105
-0.25366
-0.24805
-0.25242
-0.2493
-0.23962
-0.24279
-0.2497
-0.24866
-0.24549
-0.24794
-0.2506
-0.24482
-0.24114
-0.25104
-0.24775
-0.24305
-0.24977
-0.24799
-0.25204
-0.25218
-0.24948
-0.25006
-0.24795
-0.24786
-0.24594
-0.24944
-0.25074
-0.25148
-0.25471
-0.248
-0.24017
-0.25492
-0.24981
-0.25043
-0.25051
-0.25417
-0.24986
-0.2458
-0.24877
-0.24802
-0.25279
-0.25408
-0.24717
-0.25268
-0.25375
-0.25777
-0.25157
-0.25361
-0.25281
-0.25145
-0.25264
-0.25271
-0.24485
-0.25294
-0.25176
-0.25108
-0.25926
-0.25192
-0.2468
-0.25385
-0.25066
-0.2502
-0.25256
-0.25114
-0.25159
-0.24527
-0.25136
-0.25328
-0.25272
-0.25298
-0.25593
-0.2421
-0.25541
-0.25239
-0.2547
-0.2552
-0.2533
-0.24035
-0.24847
-0.25354
-0.25184
-0.24835
-0.25499
-0.25343
-0.24633
-0.25336
-0.25216
-0.25053
-0.25495
-0.25426
-0.25254
-0.25396
-0.25216
-0.25309
-0.25496
-0.25363
-0.25466
-0.25383
-0.25125
-0.25626
-0.25401
-0.25888
-0.25153
-0.25475
-0.25476
-0.2508
-0.2567
-0.25255
-0.25513
-0.25578
-0.25631
-0.25532
-0.2569
-0.25152
-0.25144
-0.25314
-0.25676
-0.24856
-0.25837
-0.26024
-0.25645
-0.254
-0.25318
-0.25877
-0.25691
-0.25826
-0.25801
-0.25698
-0.25638
-0.25617
-0.24621
-0.25421
-0.25395
-0.2595
-0.25265
-0.2598
-0.25404
-0.24827
-0.25246
-0.25505
-0.25643
-0.25347
-0.25595
-0.25505
-0.24938
-0.25747
-0.2551
-0.24996
-0.25717
-0.2581
-0.24884
-0.2571
-0.2569
-0.25391
-0.25701
-0.25499
-0.25789
-0.25516
-0.25382
-0.25579
-0.25588
-0.25383
-0.25615
-0.25829
-0.25207
-0.25594
-0.25489
-0.25636
-0.24693
-0.055813
-0.042158
-0.054801
-0.056461
-0.063016
-0.082836
-0.11786
-0.15104
-0.1794
-0.20033
-0.22701
-0.24974
-0.27809
-0.25916
-0.25843
-0.25435
-0.23373
-0.20251
-0.1835
-0.18124
-0.22227
-0.27496
-0.33974
-0.39514
-0.52849
-0.83312
-1.0843
-1.1413
-1.1208
-1.1611
-1.1733
-1.1727
-1.2389
-1.2492
-1.254
-1.2433
-1.1631
-1.006
-0.90711
-0.79266
-0.54743
-0.45354
-0.35847
-0.29712
-0.32714
-0.21229
-0.1443
0.099044
0.098853
0.10978
-0.052944
-0.25984
-0.44235
-0.67689
-0.80872
-0.93534
-1.0178
-1.1365
-1.2428
-1.31
-1.2613
-1.2924
-0.99039
-0.80654
-0.66454
-0.587
-0.36957
-0.16067
-0.042324
0.00032343
0.0010983
-0.0028957
0.0024891
0.0017088
0.0045539
0.0059964
0.0050172
0.0064976
0.0043995
-0.13908
-1.0687
-1.2119
-1.4745
-1.4644
-1.2529
-1.1277
-1.2337
-1.2904
-1.3351
-0.13088
-0.033457
0.026106
0.061739
0.06774
0.079442
0.10245
0.10239
0.10247
0.12163
0.099672
-0.27206
-0.66573
-0.74294
-0.95211
-0.99796
-0.56454
-0.68613
-0.71456
-0.66537
-0.50796
-0.51175
-0.34983
-0.078772
0.011123
0.36789
0.25953
0.18357
0.16278
0.14276
0.1394
0.11336
0.086326
-0.62873
-0.82424
-0.88098
-1.0971
-1.1728
-1.2298
-1.319
-1.3303
-1.3756
-1.0211
-1.0135
-0.7209
-0.549
-0.35188
-0.085429
-0.0035218
0.00084307
0.0018658
-0.038468
6.833e-05
0.0073991
0.0094639
0.0056496
0.003677
0.0036278
-0.13811
-0.41582
-1.0398
-1.1608
-1.1933
-1.0146
-0.96437
-1.1543
-1.2119
-1.1494
-0.96035
-0.87433
-0.56186
-0.40848
-0.32099
0.02422
0.025834
0.033415
0.042348
0.050613
0.067383
0.06492
-0.33479
-0.74927
-1.0907
-1.1514
-1.1374
-1.0765
-0.80894
-0.69414
-0.46386
-0.4153
-0.0598
0.13969
0.2367
0.34993
0.23954
0.10219
0.12311
0.095357
0.081432
0.063629
0.084434
0.089023
0.09108
0.14861
-0.070969
-0.15123
-1.0187
-1.0529
-1.054
-1.1726
-1.0081
-0.97976
-0.73387
-0.53452
-0.37559
-0.25021
-0.03659
-0.034651
-0.0023524
0.0015154
-0.0065314
0.005403
0.0038567
0.004272
0.0109
0.0095266
-0.22027
-1.0708
-1.6572
-1.7046
-1.5126
-1.1743
-1.3568
-1.5093
-1.5742
-1.5148
-1.2887
-1.0225
-0.82434
-0.53307
-0.37624
-0.21384
-0.073967
0.046651
0.047656
0.048519
0.071476
0.13702
-0.25627
-0.74186
-0.91978
-1.0182
-1.0771
-0.91721
-0.67438
-0.49451
-0.19412
-0.15477
-0.48627
-0.57209
-0.41617
-0.27246
-0.24292
-0.090789
0.11734
0.26937
0.21772
0.13656
0.091508
0.10353
0.083175
-0.15356
-0.14866
-0.49608
-0.5981
-0.75167
-0.99091
-1.1702
-1.1718
-1.2011
-1.337
-1.3803
-1.1639
-1.1107
-0.82894
-0.0014154
0.00077519
0.0052789
3.9109e-06
0.010101
0.0068571
0.006657
0.0077329
0.014857
0.010577
0.018021
0.00088548
-0.0067104
-0.22996
-1.1533
-1.537
-1.5805
-1.5712
-1.3484
-1.2117
-1.4941
-1.626
-1.5007
-1.0185
-0.68508
-0.59048
-0.48309
-0.29154
-0.17791
-0.060968
-0.002033
0.029199
0.047123
0.050119
0.045691
0.04458
0.054311
0.064043
-0.028997
-0.64232
-1.137
-1.3001
-1.3692
-1.2854
-1.1175
-0.93324
-0.73992
-0.52526
-0.63809
-0.62426
-0.43473
-0.2873
-0.18943
-0.11712
0.04228
-0.052921
0.27918
0.30923
0.15797
0.10262
0.10356
0.088899
0.078875
0.08635
0.095787
0.12046
-0.037643
-0.078375
-0.13223
-0.41287
-0.61075
-0.8024
-0.97375
-1.0867
-1.0334
-1.0316
-0.99552
-0.81974
-0.62316
-0.62494
-0.46694
-0.26456
-0.10772
4.3027e-05
0.00030581
-0.0012757
-1.7055e-05
-0.00076315
-0.0030612
0.0088262
-0.002856
-0.00022155
0.0044643
0.0034625
0.011969
0.00264
0.0074174
-0.16841
-1.2561
-1.4239
-1.6357
-1.5116
-1.0805
-1.4032
-1.5894
-1.6448
-1.5259
-1.1549
-0.73235
-0.63818
-0.63563
-0.38425
-0.18131
-0.12223
-0.010951
0.015214
0.055151
0.070307
0.061736
0.057414
0.070184
0.097
0.11168
-0.36752
-0.93597
-1.2164
-1.1882
-1.1713
-1.0518
-0.80696
-0.68255
-0.44397
-0.20627
-0.34457
-0.26687
-0.18708
-0.22009
-0.052405
0.12227
0.21673
0.37928
0.20883
0.12565
0.10132
0.095578
0.089733
0.078498
0.094466
0.088332
0.082395
-0.058609
-0.20576
-0.2911
-0.58814
-0.71362
-0.85287
-1.0542
-1.1255
-1.166
-1.268
-1.277
-1.1543
-1.1431
-0.96981
-0.63215
-0.46343
-0.22959
-0.050948
-0.048759
0.0002988
0.0078516
-0.0004886
-0.010117
0.010513
0.0082598
0.003691
0.01242
0.0017298
0.01118
0.0055874
-0.00067234
-0.26625
-1.1514
-1.5573
-1.7598
-1.5618
-1.2209
-1.3098
-1.4819
-1.5269
-1.5214
-1.4024
-0.96316
-0.67254
-0.60871
-0.29328
-0.16652
-0.062533
0.024075
0.04896
0.064055
0.059022
0.04655
0.042281
0.044404
0.077919
0.15623
-0.23085
-0.71955
-0.95016
-1.0949
-1.0833
-0.9341
-0.71733
-0.37968
-0.19353
-0.32606
-0.65382
-0.67682
-0.58145
-0.41767
-0.24721
0.11756
0.12494
0.29085
0.252
0.14165
0.1058
0.093776
0.068944
0.083463
0.076495
0.093636
0.076592
-0.066913
-0.18874
-0.41517
-0.58925
-0.74471
-1.0203
-1.1975
-1.1359
-1.2138
-1.2925
-1.3569
-1.1844
-1.057
-0.87035
-0.68602
-0.44028
-0.18653
-0.0033068
0.00047271
0.00062807
0.0026446
0.0095319
0.0035994
0.00078816
0.0008672
0.0013038
0.0042003
0.00063724
0.0050629
0.0024957
0.003102
-0.2639
-1.1725
-1.4133
-1.5368
-1.5516
-1.1475
-1.2081
-1.3741
-1.5084
-1.4916
-1.1981
-0.79386
-0.66685
-0.50576
-0.35237
-0.232
-0.11188
-0.066063
-0.023412
0.026241
0.042793
0.042648
0.045156
0.040498
0.030064
-0.27104
-0.86955
-1.2183
-1.3036
-1.3899
-1.3778
-1.2254
-1.0618
-0.77265
-0.63612
-0.71453
-0.70905
-0.53165
-0.3822
-0.19526
-0.001977
0.11609
0.060695
0.26589
0.27449
0.12073
0.10463
0.083211
0.075899
0.060863
0.083484
0.083414
0.068334
0.090183
-0.16243
-0.091128
-0.40106
-0.53648
-0.68052
-0.89884
-1.025
-1.0084
-1.0779
-1.0941
-0.88745
-0.963
-0.73277
-0.51501
-0.34449
-0.17228
-0.0048633
-0.0040606
-0.0010906
-0.00034154
0.00090998
0.0038092
0.0073473
0.005037
0.0058072
0.0049045
0.0022889
0.010496
0.0065714
0.0021436
-0.49996
-1.3913
-1.7613
-1.8105
-1.4702
-1.2477
-1.4384
-1.7282
-1.762
-1.7106
-1.3874
-1.0088
-0.74579
-0.67844
-0.36369
-0.20162
-0.086797
-0.0067987
0.028465
0.060953
0.065974
0.046766
0.035574
0.043508
0.070289
0.11124
-0.244
-0.8362
-1.0467
-1.1998
-1.3105
-1.1218
-0.81276
-0.51423
-0.30944
-0.42643
-0.50518
-0.55563
-0.49483
-0.28925
-0.2975
-0.075836
0.27519
0.28812
0.21796
0.14456
0.12487
0.088875
0.082495
0.063961
0.069286
0.097087
0.10968
-0.045307
-0.13446
-0.28503
-0.53798
-0.6357
-0.88132
-1.0371
-1.069
-1.0925
-1.1258
-1.14
-1.0136
-0.96727
-0.75396
-0.59946
-0.43315
-0.25334
-0.016366
-0.0098306
-0.0023831
-0.00057603
-0.0049894
0.0018177
0.010557
0.0015744
0.0042061
0.011526
0.0041216
0.0077217
0.0095932
0.00056608
-0.4541
-1.4713
-1.6571
-1.7969
-1.488
-1.2408
-1.4637
-1.6467
-1.7853
-1.7285
-1.2692
-1.0226
-0.72917
-0.72047
-0.40856
-0.2285
-0.1034
-0.021489
0.0036878
0.035157
0.046074
0.037877
0.031655
0.043811
0.058553
0.060836
-0.49181
-1.031
-1.3968
-1.4221
-1.4579
-1.2832
-1.0201
-0.78675
-0.46541
-0.61365
-0.65819
-0.54604
-0.36255
-0.33362
-0.23396
0.10779
0.11623
0.27828
0.22898
0.14699
0.11742
0.075518
0.074664
0.075433
0.085465
0.087704
0.096224
0.048108
-0.11773
-0.20129
-0.47292
-0.58761
-0.76164
-1.0842
-1.0247
-1.0272
-1.0929
-1.1587
-0.98568
-0.98675
-0.72053
-0.49874
-0.3288
-0.18194
0.0016758
-0.01416
-0.0016203
0.00039199
0.002738
0.0073008
0.002712
0.00078166
0.0040761
0.009022
0.004328
0.013665
0.0066656
0.0027665
-0.083969
-1.1368
-1.6248
-1.6591
-1.4274
-1.2356
-1.3327
-1.6076
-1.7675
-1.5848
-1.1763
-0.98391
-0.78002
-0.77393
-0.33481
-0.18515
-0.062609
0.003877
0.020552
0.0466
0.05099
0.038825
0.034777
0.042461
0.057139
0.07523
-0.48236
-1.128
-1.3725
-1.4987
-1.4463
-1.2131
-1.0429
-0.88857
-0.68852
-0.47367
-0.5639
-0.56202
-0.43866
-0.13423
0.38386
0.37012
0.28669
0.31575
0.13887
0.082312
0.074057
0.049487
0.044149
0.041696
0.040451
0.042279
0.05379
0.067259
0.10043
0.20451
0.28519
0.0836
-0.19408
-0.37863
-0.91874
-1.1462
-1.1515
-1.2152
-1.4719
-1.6946
-1.7999
-1.8563
-1.7863
-1.6853
-1.6816
-1.6269
-1.5964
-1.575
-1.439
-1.3514
-1.2785
-1.1694
-1.0641
-0.80987
-0.46857
-0.153
-0.069836
-0.040543
-0.025361
0.037861
0.065518
0.093327
0.086469
0.089708
0.087423
0.092181
0.095659
0.083493
0.04417
-0.037083
-0.092385
-0.20544
-0.32853
-0.48077
-0.62913
-0.71913
-0.68086
-0.74258
-0.87928
-0.95516
-0.98669
-0.95343
-0.90129
-0.82066
-0.65364
-0.53306
-0.41432
-0.30198
-0.20004
-0.14239
-0.09079
-0.046829
-0.02298
-0.019966
-0.022608
-0.0346
-0.068632
-0.12676
-0.20701
-0.28384
-0.3506
-0.40332
-0.45118
-0.46515
-0.46391
-0.45428
-0.45073
-0.417
-0.39897
-0.37018
-0.33943
-0.32335
-0.29792
-0.2658
-0.25231
-0.2404
-0.23616
-0.23791
-0.24696
-0.25673
-0.28456
-0.28763
-0.28949
-0.28819
-0.29093
-0.29232
-0.27894
-0.27083
-0.25951
-0.25314
-0.2662
-0.25948
-0.25631
-0.25823
-0.25979
-0.25816
-0.25736
-0.26421
-0.26758
-0.27468
-0.29951
-0.30562
-0.30245
-0.28816
-0.28507
-0.2795
-0.27529
-0.23769
-0.21921
-0.22976
-0.23179
-0.22358
-0.19978
-0.18893
-0.17664
-0.17216
-0.15859
-0.14616
-0.141
-0.16183
-0.19601
-0.21663
-0.22609
-0.23296
-0.2355
-0.23746
-0.24263
-0.25816
-0.26694
-0.26983
-0.26027
-0.23828
-0.23153
-0.23792
-0.22979
-0.22577
-0.23098
-0.23179
-0.21072
-0.22161
-0.22052
-0.21468
-0.22031
-0.22833
-0.23605
-0.239
-0.23209
-0.24602
-0.24694
-0.25579
-0.25097
-0.23408
-0.23892
-0.24822
-0.27518
-0.28671
-0.28753
-0.27816
-0.27209
-0.29821
-0.28957
-0.30138
-0.28462
-0.2655
-0.25777
-0.23643
-0.22625
-0.20873
-0.18125
-0.17457
-0.18012
-0.18064
-0.15933
-0.15072
-0.16339
-0.19665
-0.19416
-0.20455
-0.19516
-0.19785
-0.21073
-0.20692
-0.19456
-0.19274
-0.19723
-0.22056
-0.21731
-0.20601
-0.18231
-0.18177
-0.17542
-0.15813
-0.1385
-0.14684
-0.15514
-0.15299
-0.14596
-0.14377
-0.13225
-0.13813
-0.12794
-0.12666
-0.13395
-0.16044
-0.1724
-0.18357
-0.20944
-0.23589
-0.25497
-0.26449
-0.25218
-0.23369
-0.21925
-0.19226
-0.17716
-0.1669
-0.16899
-0.16568
-0.1791
-0.18808
-0.20011
-0.21146
-0.21355
-0.2225
-0.22559
-0.24601
-0.24926
-0.25794
-0.2537
-0.24985
-0.24127
-0.22522
-0.21281
-0.21413
-0.20476
-0.21304
-0.2247
-0.22313
-0.23823
-0.24832
-0.25585
-0.25473
-0.25429
-0.25162
-0.25307
-0.24693
-0.23079
-0.23745
-0.22335
-0.22408
-0.20596
-0.20827
-0.20762
-0.2043
-0.2066
-0.21355
-0.2177
-0.23104
-0.22572
-0.22728
-0.23172
-0.22244
-0.23116
-0.22115
-0.22629
-0.22526
-0.21781
-0.21731
-0.20993
-0.19998
-0.21167
-0.21246
-0.21597
-0.2097
-0.22101
-0.22049
-0.21677
-0.22404
-0.23115
-0.2252
-0.22188
-0.2302
-0.22026
-0.23
-0.22569
-0.23428
-0.24474
-0.25418
-0.26483
-0.26505
-0.28055
-0.28951
-0.30443
-0.30764
-0.31052
-0.3179
-0.31793
-0.31948
-0.326
-0.33087
-0.32869
-0.33048
-0.34396
-0.35488
-0.35966
-0.36819
-0.37245
-0.37545
-0.37446
-0.37478
-0.36523
-0.36503
-0.36601
-0.35219
-0.34996
-0.35557
-0.35396
-0.34521
-0.35978
-0.35386
-0.35566
-0.36906
-0.37657
-0.37663
-0.37776
-0.37911
-0.38163
-0.37246
-0.37131
-0.36372
-0.3706
-0.36989
-0.3662
-0.36244
-0.36731
-0.36383
-0.35629
-0.36983
-0.36617
-0.36913
-0.36176
-0.37141
-0.37364
-0.36269
-0.37484
-0.37258
-0.365
-0.37085
-0.37126
-0.35775
-0.37236
-0.36217
-0.36875
-0.36464
-0.36417
-0.37654
-0.37515
-0.37426
-0.37694
-0.37978
-0.37939
-0.37831
-0.38129
-0.37633
-0.37931
-0.37887
-0.38012
-0.37157
-0.38236
-0.38275
-0.38689
-0.3793
-0.38906
-0.37976
-0.39303
-0.39747
-0.40223
-0.40265
-0.3991
-0.4007
-0.39156
-0.39937
-0.39772
-0.40065
-0.4041
-0.40067
-0.39284
-0.4053
-0.40642
-0.39812
-0.41236
-0.40841
-0.40043
-0.41141
-0.41222
-0.40124
-0.41291
-0.42084
-0.42162
-0.41267
-0.4241
-0.42071
-0.42024
-0.41377
-0.40815
-0.404
-0.39954
-0.40558
-0.39615
-0.40911
-0.41013
-0.41243
-0.41016
-0.4112
-0.40031
-0.41062
-0.40826
-0.398
-0.39238
-0.39516
-0.39656
-0.39863
-0.3952
-0.39969
-0.39809
-0.38129
-0.38276
-0.38475
-0.38438
-0.38542
-0.37556
-0.38879
-0.38998
-0.3868
-0.38849
-0.39626
-0.38797
-0.39246
-0.39394
-0.38315
-0.39119
-0.38263
-0.38039
-0.38042
-0.37828
-0.37877
-0.38548
-0.40545
-0.40673
-0.40938
-0.41088
-0.40275
-0.41268
-0.40801
-0.395
-0.38598
-0.37109
-0.35489
-0.34904
-0.34774
-0.34043
-0.34407
-0.35681
-0.35161
-0.39275
-0.38981
-0.4037
-0.38959
-0.38371
-0.37709
-0.36605
-0.37162
-0.44872
-0.43087
-0.39537
-0.30365
-0.19852
-0.14562
-0.096313
-0.063741
-0.094523
-0.043706
0.017895
0.0045794
-0.0003881
-0.0020227
0.0028404
0.0016544
0.0032886
0.0063457
-0.0014416
0.0049205
0.0014704
0.0016692
0.0022893
-0.31311
-0.32551
-1.5155
-1.9577
-1.798
-1.7348
-1.6916
-1.5814
-1.4048
-1.1613
-1.0985
-1.1544
-1.1257
-0.46963
-0.18199
-0.06827
0.062395
0.085412
0.064937
0.1018
0.091297
0.16148
0.59653
0.15833
-0.43081
-0.58057
-0.27014
-0.056293
-0.081193
-0.10381
-0.57844
-1.0943
-1.3795
-1.335
-1.0623
-0.94235
-0.39342
-0.038874
0.0042322
0.022037
0.029044
0.041941
0.018415
0.021792
0.022984
0.024296
0.062823
0.094125
0.038539
0.1055
-0.14491
-0.41986
-0.72315
-1.057
-1.2751
-1.4401
-1.1475
-1.1755
-1.1958
-1.3209
-1.1801
-0.45837
-0.23735
-0.15991
-0.074731
-0.024938
-0.0031694
0.005038
0.0050736
0.0098622
0.0086633
0.015043
-0.11168
-0.35234
-1.5414
-2.5908
-2.7192
-2.6921
-2.5845
-2.6044
-2.5871
-2.4769
-1.9413
-1.2412
-0.68026
-0.55851
-0.4233
-0.84057
-1.2634
-1.4276
-0.76482
-0.13732
0.053647
0.1517
0.18893
0.24437
0.13708
0.084212
0.044935
0.037076
0.042088
0.099737
0.24365
0.3467
0.51835
0.65005
0.72983
0.71478
0.6962
0.55156
0.30506
0.24114
0.17883
0.060142
0.059287
0.089524
0.11474
0.21962
0.10827
0.0030862
-0.002084
0.0029654
0.010742
0.013857
0.011696
0.0029767
-0.0017736
-0.0083415
-0.012632
-0.033067
-0.084523
-0.09553
-0.20034
-0.57103
-0.90428
-1.3428
-1.573
-1.6342
-1.6079
-1.6992
-1.6767
-1.6305
-1.8069
-1.6512
-1.1598
-0.71707
-0.45245
-0.17768
-0.082862
-0.027493
-0.015776
-0.0062966
0.0063354
0.0068628
0.01067
-0.063544
-0.14913
-0.4801
-0.59205
-1.2193
-1.8838
-2.1487
-2.2564
-2.359
-2.3872
-2.3604
-2.1125
-1.5066
-1.0273
-0.76756
-0.57671
-0.48664
-0.50595
-0.58519
-0.2979
0.009583
0.18035
0.069035
0.040739
0.040698
0.04043
0.046844
0.047665
0.053431
0.080449
0.10983
0.13035
0.22965
0.50553
0.62013
0.57207
0.41936
0.44516
0.37954
0.14342
-0.02196
-0.15087
-0.33925
-0.54263
-0.66229
-0.25967
0.036714
0.058334
0.019074
0.014799
0.014419
0.013638
0.013768
0.014787
0.014391
0.0069285
0.015452
-0.022117
-0.10944
-0.34193
-0.56269
-0.70953
-1.2588
-1.5335
-1.8521
-2.063
-2.1992
-2.3075
-2.1981
-1.93
-1.7509
-1.5384
-1.4342
-1.4333
-1.2044
-0.66053
-0.39652
-0.15242
-0.038899
-0.010106
0.011296
0.0044289
0.0035037
0.010273
0.0062954
-0.11855
-0.35915
-0.63552
-0.87537
-1.4968
-1.8698
-1.8674
-1.9257
-1.8988
-2.0954
-2.1699
-1.9046
-1.0356
-0.77871
-0.63699
-0.5013
-0.50126
-0.50787
-0.241
-0.034728
0.085008
0.033746
0.033043
0.037846
0.011588
0.015011
0.013713
0.012122
0.012244
0.024648
0.21581
0.19935
0.44582
0.56699
0.3623
0.099275
0.0013657
-0.20832
-0.2612
-0.29126
-0.27231
-0.46462
-0.48391
-0.53476
-0.18676
0.12906
0.16123
0.040682
0.013719
-0.0079794
0.022919
0.025495
0.022487
0.027059
0.030107
0.04489
0.055303
0.017799
-0.096582
-0.32199
-0.59678
-1.1674
-1.4161
-1.7491
-1.7334
-1.8257
-1.8449
-1.8991
-1.7438
-1.6854
-1.3902
-1.3705
-1.0836
-1.0154
-0.56285
-0.24588
-0.040361
-0.030396
-0.034627
-0.016197
0.0013419
0.0039167
0.0013235
-0.043996
-0.23154
-0.50575
-0.6523
-1.3064
-1.9788
-2.1317
-1.9546
-2.0491
-2.0254
-2.0843
-2.0207
-1.6414
-0.7762
-0.58016
-0.37363
-0.44108
-0.43568
-0.18669
0.10101
0.13917
0.03975
0.024978
0.013978
0.034872
0.027872
0.022173
0.011407
0.0092026
0.01035
0.0074071
0.074429
0.44131
0.40845
0.68254
0.33539
0.12967
0.094733
0.081042
-0.15302
-0.065205
-0.016786
-0.060053
-0.15634
-0.15523
0.22333
0.44841
0.23883
0.093818
0.045311
0.029883
0.032861
0.029074
0.045842
0.058496
0.08457
0.14535
0.16824
0.19354
0.22981
0.25591
0.12058
-0.16721
-0.52946
-0.7184
-0.982
-1.2413
-1.3547
-1.4256
-1.571
-1.6934
-1.7668
-1.8377
-1.7829
-1.6958
-1.6622
-1.6185
-1.5353
-1.4907
-1.433
-1.4081
-1.392
-1.3858
-1.3242
-1.2215
-1.0184
-0.85124
-0.65115
-0.55409
-0.45765
-0.31928
-0.12875
0.018125
0.020848
0.02291
0.026746
0.049012
0.062868
0.064723
0.051277
0.058438
0.065574
0.0378
-0.015042
-0.12097
-0.21652
-0.33499
-0.36278
-0.46684
-0.59549
-0.74404
-0.88481
-0.96008
-1.0366
-1.0818
-1.1245
-1.1637
-1.1607
-1.1458
-1.1324
-1.1199
-1.0836
-1.0107
-0.86022
-0.727
-0.5972
-0.45134
-0.32104
-0.25727
-0.21102
-0.20156
-0.20829
-0.19612
-0.21531
-0.24837
-0.29412
-0.36134
-0.42063
-0.44838
-0.50583
-0.54802
-0.56517
-0.60841
-0.64136
-0.64944
-0.67375
-0.65313
-0.63092
-0.6276
-0.59062
-0.54712
-0.52199
-0.51747
-0.50695
-0.52583
-0.53547
-0.54955
-0.57367
-0.56799
-0.54511
-0.5706
-0.55604
-0.56723
-0.5699
-0.60305
-0.60701
-0.60346
-0.60566
-0.58243
-0.57007
-0.56111
-0.56179
-0.56614
-0.55761
-0.54446
-0.51092
-0.48061
-0.49954
-0.50674
-0.51872
-0.53388
-0.5191
-0.52492
-0.50867
-0.48603
-0.46808
-0.47896
-0.47638
-0.48381
-0.4898
-0.50583
-0.52988
-0.54101
-0.58049
-0.6053
-0.61941
-0.64241
-0.65292
-0.65085
-0.64846
-0.64698
-0.62544
-0.62025
-0.61203
-0.59143
-0.57616
-0.57387
-0.56729
-0.55216
-0.56591
-0.57114
-0.5656
-0.58254
-0.59352
-0.58656
-0.5977
-0.60272
-0.59949
-0.59501
-0.60813
-0.65537
-0.61282
-0.63179
-0.62137
-0.5809
-0.57007
-0.56783
-0.55395
-0.54175
-0.54015
-0.52496
-0.57143
-0.58797
-0.58882
-0.57861
-0.58268
-0.57469
-0.55695
-0.55581
-0.56281
-0.56148
-0.55865
-0.55562
-0.56748
-0.56458
-0.54278
-0.53525
-0.55629
-0.54849
-0.53313
-0.54612
-0.56568
-0.55633
-0.53118
-0.53695
-0.53436
-0.5353
-0.53687
-0.54056
-0.54629
-0.54107
-0.53973
-0.54146
-0.5437
-0.52907
-0.53542
-0.54691
-0.53862
-0.53144
-0.54357
-0.54417
-0.54228
-0.54525
-0.54385
-0.55724
-0.56111
-0.56843
-0.57756
-0.58084
-0.58803
-0.59008
-0.57347
-0.57703
-0.57562
-0.57456
-0.56226
-0.57479
-0.57311
-0.56898
-0.57243
-0.57305
-0.56356
-0.57353
-0.58201
-0.5875
-0.59886
-0.5918
-0.59277
-0.59169
-0.593
-0.58019
-0.59072
-0.59804
-0.57956
-0.58855
-0.58912
-0.57797
-0.58645
-0.58161
-0.58442
-0.58312
-0.57483
-0.57979
-0.58108
-0.58984
-0.59551
-0.59094
-0.58962
-0.58699
-0.58715
-0.57844
-0.56748
-0.57817
-0.57018
-0.56443
-0.56974
-0.56642
-0.5652
-0.56683
-0.56199
-0.56421
-0.56852
-0.56093
-0.5654
-0.56768
-0.56213
-0.55505
-0.56524
-0.56411
-0.55813
-0.56113
-0.55953
-0.55969
-0.56615
-0.56337
-0.57465
-0.57014
-0.55587
-0.57509
-0.57051
-0.56608
-0.56764
-0.56584
-0.56711
-0.56661
-0.5696
-0.56938
-0.56964
-0.57264
-0.57698
-0.56504
-0.57242
-0.58631
-0.59003
-0.58534
-0.59749
-0.60341
-0.58919
-0.60316
-0.6069
-0.59021
-0.60177
-0.59971
-0.60337
-0.5998
-0.59814
-0.6011
-0.58526
-0.60225
-0.59806
-0.59574
-0.60107
-0.60087
-0.59958
-0.60032
-0.60225
-0.58717
-0.6009
-0.59737
-0.58613
-0.59984
-0.59924
-0.59718
-0.5919
-0.59469
-0.59816
-0.59237
-0.59107
-0.5832
-0.57712
-0.58528
-0.5834
-0.5856
-0.5874
-0.57434
-0.57944
-0.58568
-0.58582
-0.57625
-0.59003
-0.5923
-0.58271
-0.58756
-0.58149
-0.5748
-0.57862
-0.57957
-0.58029
-0.58147
-0.57893
-0.57121
-0.58102
-0.58488
-0.57308
-0.57726
-0.58653
-0.58082
-0.5826
-0.59658
-0.59589
-0.6022
-0.60197
-0.59842
-0.61039
-0.61203
-0.60988
-0.60699
-0.61774
-0.62244
-0.61838
-0.62366
-0.62854
-0.62913
-0.62262
-0.61432
-0.62403
-0.60974
-0.62049
-0.61526
-0.61326
-0.61578
-0.61153
-0.61423
-0.61393
-0.60614
-0.63278
-0.62795
-0.63646
-0.63496
-0.63562
-0.63375
-0.63811
-0.63893
-0.63055
-0.62742
-0.63278
-0.62479
-0.62325
-0.62381
-0.62167
-0.62565
-0.62451
-0.61672
-0.61766
-0.62893
-0.61645
-0.6176
-0.62074
-0.62099
-0.58471
-0.6023
-0.55327
-0.5639
-0.56113
-0.54023
-0.58795
-0.58863
-0.60045
-0.62895
-0.63904
-0.67672
-0.69432
-0.71172
-0.74357
-0.77569
-0.77808
-0.80704
-0.81996
-0.79055
-0.91512
-0.91102
-1.0719
-1.3093
-1.6497
-1.7386
-1.7705
-1.7206
-1.5178
-1.347
-1.3287
-1.3559
-1.4082
-1.3412
-1.2429
-1.0447
-1.0642
-0.80495
-0.61897
-0.45449
-0.30591
-0.30044
-0.24173
-0.11567
0.076304
0.047097
0.044687
0.046212
0.067249
0.072255
0.099096
0.12661
0.16029
0.094375
-0.097618
-0.1018
-0.26296
-0.44521
-0.68529
-0.95884
-1.1904
-1.2423
-1.2429
-1.3221
-0.92651
-0.63399
-0.47294
-0.32193
-0.16848
-0.039284
-0.014543
0.00057159
0.01201
-0.0059894
-0.0035171
-0.010428
-0.0027523
0.0010362
-0.00056568
0.0018182
0.0067313
0.0015981
0.0011862
0.0047144
-0.21245
-0.42063
-1.3047
-1.1991
-1.066
-0.9581
-0.9427
-0.86515
-0.75219
-0.58397
-0.26267
-0.217
-0.13286
0.09866
0.11948
0.11398
0.074786
0.092488
0.11161
0.079175
0.08767
0.054478
0.035622
0.097446
0.2924
0.26719
0.30055
0.23425
0.047244
-0.22707
-0.39583
-0.45535
-0.55492
-0.56532
-0.49216
-0.49255
-0.40939
-0.29784
-0.08584
0.063
0.095543
0.15972
0.17817
0.1826
0.10292
0.094006
0.030243
0.058784
0.048672
0.046957
0.050758
0.066514
0.13385
0.0027657
-0.093118
-0.53817
-0.82071
-0.9489
-1.1907
-1.2563
-1.3979
-1.3918
-1.4782
-1.4822
-1.2065
-0.96133
-0.76909
-0.61709
-0.49091
-0.22662
-0.071792
-0.053963
-0.00037692
0.00052951
-0.011504
-0.0040512
-0.0042375
-0.0028345
0.00039017
0.0030054
0.0029589
-0.0010145
0.0054554
0.0084784
-0.20588
-0.41655
-0.57814
-0.94592
-0.82234
-0.81531
-0.69802
-0.55755
-0.51868
-0.34124
-0.18004
-0.10549
-0.024557
0.11446
0.12564
0.090717
0.058268
0.043929
0.083115
0.10706
0.092392
0.076808
0.086153
0.13107
0.2431
-0.042834
-0.34753
-0.46469
-0.46736
-0.56
-0.59545
-0.71958
-0.76014
-0.69326
-0.71979
-0.68192
-0.55238
-0.37027
-0.10699
0.069917
0.09727
0.12635
0.11004
0.14577
0.10292
0.10795
0.16934
0.1455
0.16927
0.1726
0.13945
0.20701
0.10346
-0.0039377
-0.29953
-0.40726
-0.46332
-0.57369
-0.73231
-0.7981
-0.80863
-0.83158
-0.82934
-0.79011
-0.48209
-0.28757
-0.13938
-0.048432
0.01682
0.02598
-0.0052859
0.0020646
0.0050715
0.011794
0.0086648
0.0029827
0.0023946
0.0044581
0.0042474
-0.0095524
-0.0051293
0.00035636
0.002192
-0.0026387
0.0038434
-0.22941
-0.40143
-0.51165
-0.46082
-0.5153
-0.50934
-0.51025
-0.37839
-0.26041
-0.061503
-0.044585
-0.057168
-0.021164
0.023714
0.028793
0.054546
0.073565
0.077782
0.11552
0.098375
0.12467
0.13178
0.12998
0.13069
-0.02276
-0.097253
-0.13196
-0.10723
-0.13547
-0.10892
-0.28492
-0.26791
-0.24413
-0.18133
-0.080975
0.16416
0.40125
0.41166
0.40423
0.51838
0.56506
0.40561
0.35299
0.20282
0.2317
0.21219
0.13441
0.13974
0.17219
0.17145
0.13605
0.12439
0.056207
0.15893
0.11591
-0.047651
-0.11772
-0.33346
-0.38497
-0.37629
-0.39366
-0.37884
-0.40848
-0.31196
-0.25734
-0.16058
-0.038871
-0.0018326
0.013464
-0.0042344
-0.00089219
0.00082552
-0.030703
-7.7455e-05
-0.0032416
-0.0026033
0.000233
0.0019507
0.00038748
0.0044309
-0.0022148
0.002291
-0.00071285
-0.36984
-0.5231
-0.82655
-0.44475
-0.69432
-0.7591
-0.60312
-0.56947
-0.45348
-0.44329
-0.25148
0.23253
0.55685
0.56821
0.28749
0.3091
0.37482
0.36871
0.33143
0.25691
0.27707
0.29563
0.30743
0.31705
0.29806
0.20395
0.15
0.090993
0.10402
0.13164
0.17403
0.20097
0.24357
0.28061
0.31304
0.34416
0.3924
0.4328
0.49906
0.54981
0.66249
0.70629
0.72273
0.67823
0.63104
0.56113
0.47819
0.53396
0.5194
0.46689
0.33269
0.23149
0.1721
0.11783
0.19796
0.21398
0.18533
0.15514
0.15604
0.13145
0.15903
0.19451
0.20354
0.23414
0.27096
0.28299
0.27459
0.30242
0.29363
0.30347
0.31419
0.3118
0.30362
0.30894
0.33732
0.36478
0.37443
0.38348
0.40011
0.41808
0.44901
0.47599
0.46741
0.46803
0.45795
0.46418
0.48149
0.49667
0.5078
0.46876
0.47082
0.46863
0.42933
0.42407
0.40428
0.38947
0.41263
0.42552
0.40807
0.34897
0.34677
0.34852
0.38873
0.40615
0.40893
0.40117
0.4016
0.42937
0.4339
0.44264
0.44889
0.4535
0.46176
0.46914
0.48683
0.49987
0.51992
0.52652
0.54889
0.54729
0.54273
0.5433
0.54834
0.52987
0.54878
0.55081
0.55214
0.55356
0.5441
0.53357
0.49876
0.51113
0.50629
0.50347
0.50266
0.49954
0.49922
0.49622
0.50159
0.49192
0.50728
0.5158
0.50532
0.52168
0.51969
0.52112
0.52538
0.55026
0.54373
0.55157
0.54875
0.5486
0.54587
0.54208
0.53418
0.52622
0.52359
0.49987
0.50533
0.50195
0.4741
0.48567
0.48111
0.47005
0.47507
0.48401
0.48539
0.47752
0.50081
0.49627
0.49869
0.515
0.51876
0.51671
0.5309
0.53467
0.52365
0.53472
0.53362
0.53947
0.53854
0.53777
0.53941
0.53637
0.53979
0.52053
0.5348
0.53572
0.53245
0.53686
0.52711
0.52299
0.54136
0.54903
0.53225
0.55175
0.55653
0.56012
0.54592
0.56438
0.55992
0.55083
0.56602
0.56762
0.55344
0.55478
0.56416
0.56073
0.56191
0.55508
0.55733
0.55267
0.56255
0.56043
0.56513
0.56843
0.55353
0.56398
0.56658
0.567
0.56421
0.56313
0.56466
0.56279
0.56075
0.55583
0.53973
0.55443
0.55879
0.54029
0.5528
0.55623
0.55606
0.5542
0.5425
0.53761
0.55875
0.55554
0.5467
0.54992
0.55301
0.55488
0.54048
0.56598
0.55511
0.55629
0.55935
0.53954
0.56145
0.56037
0.56739
0.55385
0.56307
0.56839
0.54896
0.55232
0.56987
0.55857
0.57647
0.57227
0.55542
0.5793
0.57564
0.58122
0.59752
0.58831
0.58681
0.60975
0.61296
0.59947
0.56579
0.5636
0.57594
0.5747
0.58138
0.56317
0.54378
0.52449
0.55358
0.55412
0.52031
0.47494
0.49561
0.47066
0.461
0.56503
0.51789
0.52954
0.50919
0.52681
0.505
0.58232
0.58841
0.41902
0.39276
0.32847
0.17281
0.037277
0.00063429
0.001007
0.00099357
0.00035519
0.0010912
-0.00085803
0.00098865
-0.01255
0.0013104
-0.011143
0.00020673
0.0095403
-0.0075766
-0.0065462
-0.0019589
-0.0045084
0.074614
0.27381
0.37131
0.49493
0.44692
0.44336
0.46434
0.42884
0.45903
0.43579
0.42616
0.44223
0.44771
0.44897
0.46208
0.42756
0.36182
0.32356
0.30502
0.2857
0.27614
0.28915
0.44136
0.57023
0.78029
0.94658
0.88022
0.77991
0.68935
0.76435
0.6236
0.55945
0.46415
0.46297
0.48082
0.61536
0.808
0.90524
0.86296
0.76435
0.48154
0.37882
0.19825
0.17278
0.10391
0.078119
0.084762
0.092755
0.12773
0.13169
0.11957
0.12027
0.11692
0.093558
0.058713
0.12136
0.06888
-0.018237
-0.12979
-0.20376
-0.25153
-0.26546
-0.22255
-0.24417
-0.22723
-0.22995
-0.17417
-0.063771
-0.030751
0.00073462
-0.010913
0.017585
-0.0013743
-0.0044636
-0.00041231
0.00085051
0.002713
0.0018629
-7.7204e-05
-0.00086929
-0.00084901
-0.00091644
-0.06619
-0.23637
-0.15461
-0.1538
-0.20581
-0.16146
-0.031715
-0.019617
0.26671
0.46088
0.79849
1.2825
1.5367
1.0756
0.63794
0.70526
0.60837
0.639
0.56327
0.46943
0.42784
0.40229
0.40499
0.36313
0.38789
0.67714
0.92172
1.1069
0.95789
1.2592
1.5175
1.9274
2.2212
2.2824
2.1532
1.656
1.3823
1.4246
1.4634
1.6288
1.5462
1.186
0.80016
0.48778
0.23018
0.12118
0.085945
0.022086
0.011151
-0.002541
0.011822
0.020157
0.021754
0.012576
-0.0014145
0.011404
0.0068422
0.013285
0.055685
-0.02109
-0.16566
-0.58171
-0.55806
-0.57902
-0.55717
-0.57874
-0.65644
-0.5474
-0.61561
-0.47687
-0.44405
-0.13825
-0.033569
-0.02328
0.037192
-0.0075628
-0.0031558
-0.0020278
0.00044428
-0.0018135
-0.0018401
0.0010147
0.029451
0.26645
0.4662
0.32949
-0.053534
-0.2804
-0.32487
0.099052
0.55185
0.56071
0.47594
0.47514
0.53191
1.3705
1.6507
1.837
1.4998
1.0738
0.87296
0.59177
0.6738
0.64363
0.66348
0.46719
0.52829
0.3423
0.24294
0.32241
0.37207
0.46439
0.51598
0.61963
0.81214
0.89991
1.3206
1.3945
1.4613
1.336
0.99111
0.80893
0.83233
0.95787
0.8378
0.83871
0.74046
0.42917
0.31275
0.28371
0.14533
0.047473
-0.0054321
-0.0053182
0.0014587
0.0092921
0.00015079
0.007166
0.0047761
0.035913
0.078427
0.34704
0.40043
0.072981
-0.0319
-0.17407
-0.18966
-0.23828
-0.22013
-0.06009
-0.0035863
0.026906
-0.056125
-0.098592
-0.097132
-0.14815
-0.015131
-0.0035571
0.0049543
-0.00075941
0.0082525
-0.00043803
3.597e-05
0.0004002
0.0028698
0.0029765
0.15602
0.29012
0.20414
-0.19402
-0.43675
-0.39135
-0.091557
0.34589
0.41245
0.28596
0.20336
0.10518
0.28105
1.0571
1.5754
1.7368
1.1378
0.59721
0.477
0.48409
0.51734
0.4907
0.44529
0.34694
0.1553
0.047858
0.00072408
-0.00034563
-0.00041742
-0.00087649
-0.00059904
-0.00010436
-0.0010785
8.5685e-05
-0.00041282
0.00035186
0.00020242
0.00089607
0.0014711
0.0027548
0.0033726
0.0048758
0.014245
0.01133
0.017009
0.023444
0.061567
0.21846
-0.11996
-0.071113
-0.35255
-0.44957
-0.46812
-0.40631
-0.34467
-0.27223
-0.2528
-0.17754
-0.14074
-0.084888
0.041492
0.11472
0.13036
0.026559
-0.015036
-0.0014598
0.076591
0.17481
0.27988
0.2332
0.19217
0.16713
0.1624
0.16684
0.17667
0.18648
0.17778
0.15972
0.17822
0.18629
0.23091
0.25508
0.25617
0.2704
0.24485
0.29454
0.30589
0.28619
0.20729
0.1281
0.082793
0.035227
-0.0084493
-0.065382
-0.083517
-0.10006
-0.055596
-0.016591
-0.0053301
0.050892
0.045582
0.035777
0.03661
0.03574
0.032354
0.030501
0.037083
0.039125
0.073233
0.096004
0.12093
0.13315
0.15699
0.16447
0.16673
0.17478
0.17418
0.17465
0.19597
0.22658
0.24593
0.24019
0.21889
0.17563
0.16978
0.1488
0.12814
0.11718
0.12118
0.11196
0.10081
0.10837
0.096223
0.084384
0.083054
0.083781
0.083851
0.060577
0.064377
0.051402
0.039912
0.034172
0.065237
0.10224
0.1273
0.13426
0.13687
0.12757
0.12661
0.12417
0.13386
0.14928
0.15563
0.1533
0.14323
0.12852
0.12646
0.11979
0.1091
0.097602
0.098775
0.08918
0.069348
0.07548
0.082232
0.088861
0.095187
0.098979
0.093715
0.10481
0.11324
0.10785
0.1261
0.12192
0.12452
0.11595
0.12091
0.11295
0.09891
0.10958
0.10407
0.10402
0.099004
0.10712
0.10831
0.102
0.10541
0.099088
0.10206
0.10361
0.10101
0.094319
0.090237
0.094328
0.090978
0.085908
0.085253
0.079328
0.088592
0.094642
0.099652
0.10469
0.1074
0.1147
0.098098
0.10225
0.096485
0.099284
0.10125
0.096715
0.094821
0.094606
0.093405
0.081715
0.090605
0.085517
0.083152
0.083901
0.085803
0.093456
0.078926
0.083227
0.083839
0.079502
0.084967
0.080537
0.083663
0.07917
0.083977
0.082064
0.077887
0.072201
0.072634
0.065964
0.067349
0.061463
0.07383
0.063731
0.066248
0.072352
0.072577
0.064342
0.068742
0.070102
0.075304
0.0814
0.083669
0.088127
0.085115
0.081191
0.091608
0.069249
0.089273
0.079723
0.081611
0.07096
0.076487
0.075151
0.082126
0.066531
0.085316
0.081823
0.077884
0.072151
0.088433
0.078345
0.068167
0.078297
0.069286
0.080876
0.077247
0.060077
0.076641
0.062335
0.07449
0.078728
0.070044
0.072212
0.067114
0.068647
0.071608
0.061994
0.070626
0.07526
0.064608
0.072198
0.073025
0.078359
0.073061
0.076826
0.076034
0.069342
0.077667
0.069954
0.069665
0.071808
0.071279
0.075273
0.074257
0.063466
0.080347
0.077998
0.084739
0.069686
0.072538
0.079212
0.073773
0.073458
0.075596
0.080962
0.072911
0.070448
0.065032
0.050562
0.036939
0.041495
0.053343
0.051826
0.063923
0.059259
0.058111
0.046554
0.037388
0.028079
0.0099501
-0.00081992
-0.0079164
-0.055937
-0.072308
-0.078648
-0.11811
-0.13105
-0.14477
-0.16661
-0.20968
-0.24031
-0.25571
-0.18959
-0.21187
-0.19157
-0.12784
-0.012584
0.056252
0.15457
0.24938
0.28742
0.39702
0.56182
0.52811
0.75325
0.927
1.2129
1.3066
1.355
1.3077
1.1921
0.73603
0.077887
0.075542
0.069252
0.090144
0.15672
0.14471
0.23976
0.38869
0.37983
0.10701
0.050249
-0.10936
-0.064595
-0.09977
-0.14173
-0.15158
-0.35681
-0.29685
-0.24516
-0.040547
0.0095411
0.011878
0.00016484
0.00037837
0.00083733
-0.0076506
-0.0061395
-4.3305e-05
-0.00078699
0.00010423
-0.0014807
-0.00016382
0.17253
0.47997
0.78256
0.32642
0.026822
0.045172
0.79204
0.83356
0.76496
0.42483
0.24919
0.12218
0.14685
0.1164
0.108
0.12225
0.2046
0.22251
0.25096
0.25367
0.31065
0.40322
0.63343
1.0089
0.41574
0.35482
0.26133
0.12383
0.073496
0.14979
0.51957
0.87368
1.126
1.0876
0.98269
1.0238
0.93014
0.4195
0.27523
0.14215
0.092751
0.065275
0.024603
0.065869
0.043622
-0.078151
-0.1026
-0.1217
-0.16089
-0.21555
-0.22198
-0.24212
-0.18975
-0.24256
-0.21073
-0.077016
0.060565
0.023886
-0.0022247
0.00038172
0.0011239
0.00051727
0.0011437
-0.0029825
0.00047726
-0.0023141
0.0021941
0.00043424
-0.00034703
0.073972
0.56264
0.86074
0.86037
0.47702
0.2074
0.26523
0.58006
0.69127
0.69523
0.62911
0.55351
0.44196
0.1525
0.16671
0.17562
0.20867
0.27809
0.33094
0.35739
0.43181
0.5741
0.99125
1.2021
1.0883
0.83318
0.45327
0.21093
0.16966
0.21757
0.027323
-0.012585
0.16515
0.89393
0.85083
0.99748
1.0338
0.72215
0.26996
0.17094
0.10607
0.090857
0.12727
0.20945
0.20505
0.27725
0.28772
0.10831
0.081998
0.038669
0.03626
0.04636
-0.063662
-0.050222
-0.074289
-0.056362
-0.23201
-0.1499
-0.05448
0.14804
0.13342
-0.0014854
0.0070321
0.00090367
-0.00010188
0.00083676
0.010444
0.0014027
0.016019
-0.0039229
-0.0025002
1.3839e-05
0.0048298
0.53061
0.96091
0.84637
0.37173
0.20769
0.36409
0.4203
0.5497
0.76725
0.8557
0.71945
0.65799
0.38332
0.24654
0.12549
0.11298
0.10711
0.14808
0.20304
0.22183
0.28434
0.32649
0.38531
0.43068
0.56696
0.74771
0.73946
0.64741
0.37951
0.12446
-0.11287
-0.060635
-0.04205
-0.1228
-0.089066
0.07756
0.47789
0.8034
1.0319
1.0982
0.80474
0.6307
0.64772
0.68895
0.47769
0.27296
0.14539
0.11038
0.081666
0.15159
0.16764
0.22401
0.26504
0.16209
0.17966
0.25406
0.23761
0.17461
0.014723
0.013419
-0.11098
-0.1115
-0.070528
-0.17989
-0.13031
-0.13711
0.12235
0.24052
0.1044
1.13e-05
-0.00087659
0.013312
0.020292
0.015527
0.016541
-0.0033892
0.0049687
0.015741
0.0060445
0.0076018
0.0020634
-0.0013156
0.00010478
-0.00058918
0.092104
0.89004
0.81965
0.70241
0.32403
0.32749
0.388
0.69975
0.98325
0.92051
0.69095
0.42457
0.18698
0.13666
0.12198
0.12007
0.10822
0.11044
0.14526
0.20043
0.22835
0.29485
0.34983
0.44366
0.55495
0.74009
0.68331
0.63593
0.44312
0.14089
0.016775
0.090886
0.040519
-0.037929
-0.0063652
0.13561
0.45147
0.62692
0.91668
1.0976
0.96992
0.7788
0.8613
0.82315
0.52781
0.27854
0.18339
0.11933
0.099009
0.13205
0.17844
0.18066
0.26969
0.31853
0.20907
0.24532
0.18959
0.224
0.14863
0.082868
0.083077
0.066967
0.019457
-0.21387
-0.17784
-0.051328
0.011245
0.23812
0.092551
-0.00038832
-0.00072203
0.027677
-0.0017062
0.00082202
0.0032678
-0.0026756
0.0017747
0.0027055
-0.00091601
0.011253
0.0013658
-0.00025182
0.00070877
-0.0020878
0.19228
0.80037
0.81669
0.60953
0.33399
0.29514
0.46285
0.63896
0.84724
0.7829
0.64564
0.41353
0.21901
0.10553
0.10644
0.11631
0.087893
0.12339
0.16422
0.21048
0.20712
0.27408
0.30607
0.50318
0.7648
0.84388
0.81098
0.74594
0.4317
0.15675
0.040325
-0.0077653
0.017519
-0.11304
0.006086
0.16681
0.37406
0.55949
0.93841
1.1407
1.0183
0.76677
0.78292
0.69348
0.44295
0.20159
0.16198
0.10503
0.096122
0.1512
0.15911
0.22588
0.25185
0.1772
0.24744
0.29428
0.33298
0.19938
0.064933
0.0159
-0.042731
-0.012059
0.043712
-0.21124
-0.12691
-0.076408
0.11498
0.18984
0.107
-0.0014509
0.0019667
-0.0053322
-0.0015439
2.2656e-05
0.0051648
0.0033817
0.0021009
0.0054756
0.01515
-0.0080557
0.0040469
-0.0017169
-0.0036287
-0.0054514
0.11226
0.83067
0.91787
0.71683
0.35587
0.31577
0.47372
0.7112
1.005
0.8377
0.63727
0.38084
0.17425
0.11897
0.12851
0.1032
0.10027
0.11748
0.15987
0.1667
0.24541
0.31552
0.34006
0.42062
0.53759
0.67142
0.66719
0.5145
0.18516
-0.055675
-0.031525
-0.041526
-0.029567
-0.10028
-0.072167
0.12199
0.35693
0.60935
0.93819
0.91706
0.77133
0.66682
0.84116
0.78432
0.44227
0.12984
0.087962
0.066386
0.06974
0.074494
0.12357
0.10952
0.1778
0.11081
0.10185
0.077535
0.085554
0.039824
0.037672
0.061372
-0.0032794
0.0096252
0.0089338
-0.22694
-0.14673
-0.1002
0.061345
0.17497
0.15126
0.0026272
0.0021004
-0.0017239
-0.0035259
-0.0023773
0.0095789
-0.0022307
-0.0064692
-0.0036601
-0.0055328
-0.0018757
-0.0069384
-0.00032788
-0.0075467
0.0054329
0.29842
0.8022
0.94898
0.78899
0.37225
0.3179
0.47644
0.60823
0.91953
0.85179
0.68349
0.43253
0.19719
0.16641
0.11169
0.095981
0.08659
0.10262
0.14938
0.17059
0.23082
0.34281
0.38659
0.49414
0.59892
0.67727
0.61607
0.49817
0.27682
-0.051609
-0.051786
-0.024777
-0.063263
-0.20978
-0.16921
0.012318
0.29551
0.54194
0.91948
1.0098
0.72009
0.64599
0.8187
0.93803
0.46788
0.20394
0.10148
0.088443
0.081775
0.14837
0.11376
0.15921
0.25336
0.17859
0.23212
0.16996
0.28217
0.16459
0.076511
0.060923
0.069484
0.053064
0.012398
-0.22831
-0.19604
-0.050977
0.14807
0.25824
0.080282
0.00082297
0.0017957
0.002556
0.0019683
0.0065856
0.00086438
0.011101
0.0027424
-0.0010628
0.00056943
-0.0059559
-0.00064999
-0.0012807
0.0017589
-0.0027843
0.084611
0.68359
0.88957
0.69362
0.41919
0.3021
0.37168
0.57623
0.91322
0.85666
0.65918
0.38306
0.18625
0.15925
0.16833
0.16565
0.1218
0.12304
0.13601
0.14921
0.18794
0.3164
0.37523
0.49522
0.57964
0.56811
0.66027
0.61632
0.39642
0.14096
0.021267
0.15969
0.085041
0.026137
0.033447
0.2807
0.4519
0.55342
0.76542
0.81667
0.6356
0.67995
0.67126
0.47434
0.23523
0.15063
0.10605
0.075912
0.078508
0.068454
0.057938
0.057417
0.073118
0.15636
0.22522
0.41322
0.41157
0.27014
0.22221
0.15576
0.12183
0.034086
-0.032827
-0.011251
-0.011575
0.040714
0.092975
0.14716
0.1516
0.20117
0.25283
0.27398
0.3295
0.41361
0.50844
0.56047
0.43683
0.26065
0.19538
0.21978
0.179
0.14738
0.14528
0.15794
0.16859
0.18632
0.19557
0.21249
0.22471
0.2708
0.28909
0.33654
0.38775
0.43415
0.40766
0.34376
0.29391
0.32982
0.38362
0.42456
0.38517
0.29093
0.23393
0.2158
0.18909
0.18651
0.22888
0.25306
0.27965
0.27799
0.27601
0.2421
0.21649
0.22539
0.2234
0.23133
0.27069
0.28827
0.28494
0.30195
0.29183
0.27493
0.28264
0.29777
0.31839
0.32089
0.31968
0.32608
0.31862
0.32198
0.3163
0.31259
0.32053
0.31888
0.32155
0.30737
0.28162
0.27808
0.28403
0.28785
0.29694
0.30136
0.26913
0.28245
0.28445
0.27365
0.24394
0.25678
0.26513
0.27868
0.2593
0.28483
0.29361
0.3179
0.31383
0.30078
0.32585
0.35921
0.35181
0.31902
0.31053
0.33723
0.33334
0.32155
0.34325
0.34773
0.3074
0.28021
0.26106
0.26645
0.29349
0.29811
0.3043
0.31306
0.30699
0.29513
0.29195
0.30747
0.32453
0.33338
0.32278
0.31966
0.30781
0.33964
0.35304
0.33827
0.33726
0.33434
0.33541
0.33553
0.32529
0.30636
0.32899
0.31694
0.3065
0.32043
0.32032
0.29334
0.31012
0.30403
0.29338
0.31478
0.31233
0.31737
0.31578
0.31384
0.2978
0.3135
0.31685
0.31096
0.30469
0.30641
0.31599
0.31381
0.31251
0.30481
0.3091
0.30885
0.30709
0.2913
0.29884
0.28814
0.27714
0.28175
0.26827
0.27913
0.27511
0.28836
0.27793
0.28319
0.2908
0.29962
0.28209
0.24479
0.25669
0.26355
0.25219
0.26868
0.27079
0.26867
0.3065
0.3046
0.28098
0.28653
0.28336
0.27861
0.2587
0.26671
0.2616
0.27196
0.27378
0.27649
0.28075
0.28857
0.28467
0.26952
0.26183
0.24545
0.2547
0.2773
0.28068
0.28619
0.29288
0.28492
0.27398
0.26703
0.28453
0.27684
0.28806
0.26383
0.25439
0.2687
0.27038
0.27631
0.26847
0.2773
0.25086
0.24598
0.25513
0.25572
0.24324
0.26637
0.27085
0.27564
0.24506
0.25189
0.2598
0.24374
0.25866
0.26807
0.26111
0.2618
0.26149
0.25437
0.25145
0.25058
0.25255
0.25494
0.24889
0.23742
0.24801
0.25013
0.23534
0.24694
0.24533
0.25064
0.25251
0.25454
0.26155
0.24822
0.25975
0.25566
0.24726
0.25632
0.25813
0.25218
0.26196
0.25915
0.24611
0.25827
0.25532
0.25718
0.24446
0.25695
0.24783
0.24765
0.25698
0.24739
0.26205
0.2608
0.26862
0.24478
0.25915
0.23904
0.25723
0.26126
0.25363
0.25518
0.25469
0.25611
0.25878
0.23422
0.24102
0.23697
0.24039
0.24206
0.24579
0.24766
0.24357
0.23055
0.2379
0.23828
0.24687
0.22088
0.22057
0.21953
0.23053
0.22632
0.22742
0.22773
0.2265
0.22554
0.2217
0.22519
0.22267
0.21302
0.22227
0.22586
0.22078
0.2246
0.2219
0.22148
0.21805
0.21733
0.2213
0.2127
0.21808
0.21781
0.21973
0.21606
0.22234
0.21638
0.21488
0.22378
0.20246
0.21029
0.2127
0.20379
0.2193
0.21818
0.20278
0.21711
0.21857
0.20723
0.20589
0.21094
0.21851
0.22735
0.22175
0.20905
0.2227
0.21594
0.2095
0.21687
0.21849
0.20832
0.1965
0.21194
0.20672
0.2172
0.21649
0.21802
0.22167
0.22405
0.21936
0.22077
0.21673
0.21299
0.22015
0.21808
0.21768
0.20885
0.21059
0.21204
0.19917
0.20969
0.206
0.18703
0.20186
0.1883
0.19934
0.19937
0.19759
0.19219
0.20215
0.2007
0.21323
0.20004
0.20292
0.18987
0.20793
0.17828
0.14128
0.13008
0.12712
0.10656
0.10841
0.1086
0.11622
0.14167
0.12919
0.16873
0.16345
0.17359
0.18603
0.21452
0.25057
0.23493
0.26564
0.31226
0.35076
0.24062
0.23163
0.11294
0.051388
0.0067478
-0.011942
-0.0036231
7.1091e-05
-0.0030333
0.0010249
-0.0089001
0.001264
-0.0043828
-0.0063734
-0.0032378
0.0034643
-0.0020531
-0.0087687
-0.010283
0.0011772
-0.25918
-0.64315
-0.45075
-0.36307
-0.42316
-0.44579
-0.46852
-0.42607
-0.42858
-0.48833
-0.26199
-0.29876
-0.076143
-0.049283
-0.03445
0.010425
0.0039586
-0.0016336
0.0040264
0.0030038
0.0064402
0.015915
0.023772
0.061232
0.20678
0.5144
0.43145
0.32957
0.11424
-0.09771
-0.049218
0.45977
0.55429
0.50357
0.65031
0.93345
1.2267
1.2314
1.0124
0.89015
0.71896
0.58939
0.36016
0.1731
0.086978
0.07264
0.064243
0.027996
0.023381
0.017391
0.010137
0.015361
0.056346
0.2488
0.67229
0.88315
0.85742
0.88289
0.95219
0.88504
0.71137
0.5764
0.34263
0.16176
0.070295
-0.007144
-0.020632
-0.026117
-0.040946
-0.033564
-0.013122
-0.095645
-0.017684
-0.0027331
-0.011656
-0.0055126
-0.0047478
-0.0085085
-0.0086743
-0.18632
-0.59096
-0.81932
-0.96539
-0.95591
-0.83929
-0.64373
-0.54272
-0.57279
-0.69064
-0.76975
-0.68125
-0.49961
-0.5899
-0.48983
-0.60772
-0.44616
-0.25167
0.18467
0.16081
0.11574
0.13845
0.15474
0.23885
0.11811
0.082049
0.04575
0.02332
0.043601
0.20052
0.64425
0.8884
1.4304
1.6522
1.6277
1.5173
1.4653
1.4893
1.5223
1.3222
1.4969
1.4675
1.5532
1.5881
1.1603
0.98814
0.40697
0.18132
0.14312
0.12115
0.10517
0.091225
0.11691
0.15303
0.30014
0.4774
0.53389
0.61559
0.80953
0.95875
1.0463
1.1308
1.2764
1.2256
1.1019
0.99456
0.88225
0.64418
0.23249
0.076619
0.12248
0.046001
0.039095
-0.00035069
-0.038777
-0.081238
-0.074319
-0.0088036
0.004748
-0.0021213
0.0001624
-0.0016179
-0.0020869
-0.00087946
0.0022956
-0.51684
-0.6165
-1.0461
-1.2855
-1.4266
-1.2238
-1.0109
-0.7232
-0.62517
-0.93676
-1.1912
-1.1988
-1.0718
-1.1326
-0.97018
-0.93502
-0.69237
-0.46451
-0.33133
-0.16851
-0.14188
-0.023925
-0.0043548
0.0017278
0.0027635
0.0031393
0.0044512
0.035414
0.12299
0.48995
0.77617
1.1652
1.0881
1.0031
1.0199
1.092
1.2468
1.1851
1.2463
1.4354
1.6885
1.7273
1.6473
1.4847
1.343
1.0555
0.92324
0.52193
0.18967
0.093837
0.046345
0.054996
0.08745
0.14609
0.21305
0.3747
0.43484
0.49273
0.61998
0.74908
0.89307
0.91636
1.0403
1.2359
1.1163
1.0391
0.85923
0.36657
0.1669
0.13409
0.13508
0.12868
0.09115
0.055865
-0.00075379
0.0057932
0.00093534
0.00056469
0.0011121
0.030525
-0.0060882
0.0026541
-0.0024129
-0.0013209
-0.32737
-0.35963
-0.7042
-1.1581
-1.2207
-0.97932
-0.63272
-0.52494
-0.65311
-0.81315
-0.98147
-0.69247
-0.5726
-0.53061
-0.51548
-0.47838
-0.21392
-0.029719
0.24463
0.32107
0.26093
0.3084
0.44145
0.37416
0.2816
0.14726
0.059634
0.024445
0.014218
0.015068
0.026794
0.013848
0.019876
0.011915
0.039189
0.070149
0.13505
0.23416
0.17876
0.3172
0.41865
0.56776
0.66675
0.61608
0.53299
0.5479
0.51228
0.53368
0.54362
0.67966
0.68783
0.59071
0.57638
0.57198
0.57579
0.52056
0.40755
0.28951
0.20751
0.11266
0.055892
0.14808
0.17966
0.15655
0.1971
0.18801
0.19489
0.24198
0.25071
0.24798
0.23585
0.20422
0.1983
0.1672
0.1491
0.11724
0.092115
0.059692
0.004345
0.0017986
0.019913
0.016848
0.045614
0.064672
0.082056
0.092153
0.11337
0.12322
0.12825
0.15779
0.15714
0.18332
0.21202
0.25385
0.2858
0.29834
0.30861
0.28286
0.2765
0.26373
0.2475
0.25244
0.23544
0.22634
0.23318
0.21949
0.20847
0.18175
0.17383
0.14445
0.16245
0.13945
0.13262
0.12599
0.11898
0.12113
0.12475
0.12442
0.13467
0.14104
0.13984
0.14664
0.1606
0.1589
0.17647
0.17974
0.18724
0.18437
0.1714
0.18345
0.18721
0.19114
0.18733
0.19667
0.20048
0.20214
0.19289
0.20535
0.20712
0.20025
0.20802
0.20335
0.20404
0.19856
0.19424
0.18014
0.18604
0.18059
0.17559
0.18372
0.17514
0.15726
0.13832
0.15433
0.16411
0.16908
0.16775
0.16897
0.15937
0.16876
0.16752
0.17028
0.17731
0.18888
0.18726
0.18498
0.18774
0.17443
0.18639
0.18555
0.18394
0.17989
0.18105
0.16954
0.16801
0.17275
0.16445
0.17316
0.17322
0.17436
0.16503
0.17368
0.17293
0.16838
0.17787
0.18134
0.17358
0.18416
0.18102
0.18154
0.18361
0.18451
0.17325
0.17677
0.1882
0.19294
0.17689
0.19021
0.18471
0.18912
0.18636
0.17329
0.1772
0.17807
0.17423
0.17623
0.18094
0.1799
0.16637
0.18018
0.18162
0.18384
0.17956
0.18094
0.17352
0.17233
0.1791
0.18156
0.17257
0.17652
0.17595
0.17215
0.17842
0.17929
0.17175
0.18163
0.17888
0.18341
0.1807
0.17782
0.16571
0.17644
0.17945
0.20214
0.21221
0.21171
0.21187
0.20991
0.2164
0.21447
0.20392
0.21987
0.21521
0.20815
0.21655
0.21436
0.21449
0.19959
0.21153
0.21563
0.21323
0.21135
0.20831
0.20458
0.2141
0.21343
0.20643
0.21711
0.21815
0.21575
0.21949
0.21678
0.21359
0.20727
0.21406
0.22069
0.21644
0.21982
0.21356
0.20606
0.21401
0.20517
0.21202
0.21534
0.19987
0.20125
0.2035
0.21624
0.20023
0.20603
0.21512
0.22021
0.20896
0.22051
0.21848
0.2081
0.21751
0.21884
0.22053
0.21983
0.21549
0.21433
0.21418
0.20654
0.21098
0.21023
0.21122
0.20789
0.2106
0.20474
0.20446
0.19958
0.20209
0.19996
0.19116
0.19396
0.19181
0.19661
0.20246
0.20083
0.19392
0.20235
0.20283
0.19112
0.20129
0.20465
0.20172
0.20615
0.21208
0.20865
0.20915
0.21083
0.20665
0.20854
0.20965
0.21098
0.21518
0.21487
0.21826
0.2167
0.2086
0.22318
0.22152
0.21391
0.22592
0.22622
0.22004
0.22234
0.22803
0.22432
0.2298
0.22833
0.21434
0.22367
0.21587
0.21705
0.22324
0.23068
0.21796
0.22856
0.22815
0.22669
0.21711
0.22878
0.22707
0.21677
0.22792
0.22497
0.22564
0.22629
0.22606
0.21671
0.22526
0.22354
0.22925
0.22356
0.2281
0.21881
0.22771
0.22991
0.2202
0.22853
