-0.0013082
-0.0013798
-0.0014666
-0.0016098
0.0017796
-0.00092002
-0.0018546
-0.0013799
0.00098889
0.00075913
0.0010753
0.00022806
0.0013617
-0.0016966
-0.00014504
0.0016215
0.00075958
-0.00015961
0.0010605
-0.0002312
0.00047298
0.00145
0.00021288
-7.3749e-05
0.00024399
-0.00054624
-0.00047751
0.0012183
0.00076009
-0.0009221
-0.0019372
-0.00054573
0.0010878
-0.0016095
0.0013166
0.00016763
-0.0016094
-0.00043842
-0.00090487
7.432e-05
-0.00024452
0.002739
0.0019947
0.00093044
-0.0010211
-1.5715e-05
0.00036931
-0.00023151
0.00068906
-0.0014056
-0.00085175
0.001074
-3.2384e-06
-0.0010804
0.00084568
-0.0001595
5.6511e-05
0.0013738
-0.0010086
0.0010016
-0.00084089
-0.002158
0.0012177
-0.00060303
-0.0013807
0.0013851
-0.0010809
-0.0021582
8.0089e-05
-0.0016077
-0.0010811
-0.00024301
0.00076245
0.0014571
0.0011688
-0.0013085
0.0017681
0.00036679
-0.0023025
-0.00060214
0.0019953
-0.001093
-0.0021589
-0.0010929
-0.00046942
0.0010012
-0.0020155
0.0008349
0.00083497
0.0013827
-0.0013803
0.0016699
0.0012165
0.0012994
-0.00024736
0.0012993
0.001062
0.0001391
-0.00038583
-0.00054027
0.0010726
-0.0013087
-0.00046794
-0.0010824
0.001134
-0.0006115
-0.0016785
-5.1218e-06
0.0011442
-0.0001592
0.00020021
-0.00093891
0.00022061
0.00036444
-5.3325e-06
-0.00016909
-0.00063157
0.0011439
-0.0002311
-0.00062011
-0.00024084
-0.0019448
0.00037345
-0.00064207
0.0008051
0.0015228
-0.0020983
0.00076506
-0.0015343
-0.00046566
-0.00039353
0.00068416
-0.00056146
0.00037205
0.0016654
-0.00032106
-0.0022425
0.00098157
-0.00079594
-0.00044692
-0.00037506
0.0025263
0.0023823
0.00014614
-0.00082427
0.00078277
0.0019406
0.00099892
-0.00068552
0.00053346
0.00054197
0.00045038
-0.00056407
-0.0014608
0.000479
0.00099903
-0.00017174
-0.00023915
1.1435e-06
0.0024447
-0.00044722
7.288e-05
0.0022206
-0.00071681
0.0022282
7.2576e-05
0.0006153
0.0011995
0.0012866
-0.00067795
6.459e-05
-0.0013164
-0.0023865
-0.00067019
-7.4332e-06
-0.0015321
-0.0001514
-0.0034
-0.0010779
-0.0018195
-0.0010063
-0.0026818
-0.00029527
-0.00053302
0.00015061
-0.0005256
-0.00015882
-7.8547e-06
-0.0030908
0.0012135
0.00012086
-0.0016101
-0.00030262
0.00069665
-0.0019834
0.0002144
0.0013707
-0.00038155
0.0015086
0.0002142
-0.00023107
0.0016589
-0.0015374
0.0011476
0.00081442
0.0013579
-8.6624e-05
0.00099146
-0.0012311
-0.0011591
0.0019251
0.001219
-0.00063768
-0.00023074
6.875e-05
0.00036236
0.0022139
0.00028472
0.00021786
-0.0021234
0.00077528
-0.00071139
6.2835e-05
-0.0021656
-0.00074113
0.00077512
0.00033764
0.00092945
-0.0012368
0.00028362
0.0015927
-0.00086181
-0.00082148
5.7506e-05
-0.00045175
-0.0010834
0.00035562
-0.00086258
0.00048226
0.00040582
0.00012963
-0.0014619
-0.0014619
-0.0018222
0.00062699
-0.00057102
-0.0012326
0.0027775
0.001068
-0.00052293
-0.00030671
0.0010641
-0.002319
-0.00094437
0.0012647
-0.00075063
-0.002243
0.00114
-0.00023426
0.0010677
0.0023672
0.0022145
0.001926
-0.0014567
-0.00067369
0.0019228
-8.9313e-05
-0.0023906
-7.5664e-06
-8.3106e-05
0.0012838
0.0001335
-0.0026823
-0.00094497
0.0019957
-0.00038067
-0.00031123
-0.00023337
-8.6282e-05
0.00099216
-0.00023057
-0.00023595
0.0014909
-0.00030518
-0.00059634
0.00020728
-0.00030505
0.00033366
-0.0010903
-0.00023045
0.0010667
-0.00015421
-0.0004491
0.00070167
0.00070172
0.00092028
-0.0017324
0.00099448
0.00099439
-1.5956e-05
-0.00094462
0.00041185
-0.00030429
-0.0011609
-0.0014549
-0.0022391
-0.0015244
-0.00030198
0.0011382
0.00012298
-0.00066396
-0.00080131
-0.00015819
-0.00015818
-0.00015818
-0.0028209
-0.00023167
0.00020612
-0.00044901
0.00084843
0.00013377
0.00034025
0.0022898
-0.0026781
0.00070327
0.00027723
-0.0010918
-0.00023031
-0.00030242
-0.0004481
-0.00037523
5.9582e-05
-0.00080884
0.0012829
-0.00044696
-0.00044679
-0.00015807
0.0020715
0.0020716
-0.0010921
0.00070357
0.002144
-0.0013814
0.00077624
0.00041957
-0.0011646
-0.00015803
0.00077651
0.00077662
-0.001167
0.0015673
0.001137
-0.0014527
-0.00073419
5.7897e-05
0.000418
0.0015689
0.0025035
0.0025035
0.00092095
-0.0016681
0.0019284
0.00020147
0.00020132
0.00012921
0.0003452
-0.0001573
-0.0016673
-0.0016671
0.0012098
-0.0016669
0.0023598
-0.0013092
0.0012796
-0.0021016
-0.0017408
0.0012087
-0.0014522
0.00034684
0.0013517
0.00012808
0.00027105
-0.0020284
0.00077647
0.00019823
-0.0004451
0.00041295
0.0011361
0.0002737
0.00085083
0.0011378
-0.0037522
-0.003752
-0.00023196
0.0018561
-0.0017361
0.0014226
-0.00037017
-0.00051443
-0.0001619
-0.0015234
0.00070694
-0.0010124
-0.0017352
-0.0014488
-0.0016628
0.00019831
0.00019818
-0.00051138
0.00077952
-0.00051588
-0.00051331
-0.0010827
-0.00022734
-0.00051307
0.0013619
-8.568e-05
-1.3733e-05
-0.00044316
0.00085191
-0.00051268
-0.00022958
-8.8295e-05
-0.0010954
0.001634
0.0014205
-0.0017329
-0.00051223
0.00027857
-0.001309
-0.00074121
-0.0015253
-0.0015258
-0.0036776
0.0012069
-0.0010761
-0.00086612
0.00012754
-0.0013056
-0.00081075
-0.00043927
0.00012767
0.0010696
-0.0014498
-0.00037043
-2.0596e-05
-0.0010278
-0.00095576
-0.0018753
-0.00095596
0.0012791
-8.9518e-05
-8.9646e-05
0.00040364
0.00077701
-0.00095649
0.00040754
-0.00036551
-0.0023163
-0.0016613
-0.0028127
0.0010618
-8.5305e-05
-0.0013815
-0.00044166
-0.00036959
0.0017172
-0.00015749
-0.00044175
-0.00050909
5.4278e-05
0.00020377
-0.00088558
-0.00022971
-0.0019344
0.00071027
-0.00095797
-0.00057566
-0.00029685
-0.0014485
-0.0013762
0.0012727
0.0017955
-0.00078629
0.00085522
0.00078883
0.00012643
0.00042649
-0.00043526
0.0020741
0.0022129
0.00078325
0.00033122
-0.0014544
0.0012056
-0.0012369
-0.00082748
-2.5118e-05
-0.00015738
0.0007114
-0.00036812
0.0009946
-0.0013029
0.0020806
-0.00067764
0.0010604
-0.0010331
-9.8286e-05
0.00013199
0.00071861
-0.00037409
-0.00097381
-0.003114
-0.00059065
-0.0012434
0.00078471
-0.000439
-0.00083018
-0.00075188
4.5926e-05
-0.0012433
0.00064097
0.00012448
0.00012433
-0.00017059
0.0020743
0.00056899
-0.0011065
-0.0011067
-0.0010345
0.0015438
0.0005432
5.2212e-05
5.2069e-05
0.00071326
-8.4934e-05
-2.7991e-05
-0.0014543
-0.0014537
0.00011647
-0.00015714
-0.0009635
-4.6206e-06
-5.0507e-06
-0.0026981
0.0014853
0.00085843
-0.0017829
-0.0017828
0.0010753
0.00013212
0.00051353
-0.0003576
-0.00035745
-0.0015012
-0.0021805
0.00026796
4.3068e-05
4.32e-05
-0.0014369
-0.0019004
-0.0015477
-0.00043755
-0.00043705
5.9749e-05
0.00086804
0.00045206
0.0022199
0.0022199
-0.00057299
-8.468e-05
-0.0017248
-0.00042793
-0.0014263
0.0015875
-0.0010595
-0.00042763
-0.0012904
-0.0012904
-0.00063482
0.00085082
-0.0012369
-0.0018496
-0.00014759
-0.0013719
-0.0016418
-0.0012369
0.00078827
0.00078834
-0.0016959
-0.0011547
0.0013472
0.0013169
-0.0017028
0.00032897
0.00085091
0.002551
0.0034342
0.00066868
0.00052465
-2.2511e-05
0.0026225
-0.00097857
-0.0011028
0.00039982
0.0013978
0.0012636
0.00024542
0.0016137
-0.0014108
0.0013354
0.00064558
-0.0013091
5.9623e-05
0.0015308
-0.002194
0.00064547
0.0011908
-0.001515
-0.00056805
-0.0012369
-0.00069218
0.0022093
-0.00062063
-0.001093
-0.00043383
-0.0020505
0.00012048
-0.0013194
-0.00025014
0.00051926
-0.00048923
-2.3579e-05
-0.0013698
-2.3685e-05
-2.3712e-05
0.00099574
0.00043096
-9.5708e-05
-9.5777e-05
0.0013217
0.00093516
0.0022198
0.0021366
-0.0025101
-0.0012482
-0.00022838
-2.4217e-05
0.0009239
-0.00062509
-0.00020505
0.00019146
-0.0021852
-0.00051665
0.00073197
-0.00097291
0.00093618
-0.0012245
-0.0017171
-0.00021627
0.0020167
-0.0014879
-0.0013687
-0.0011774
-0.00071018
-0.0017188
0.0012
-0.0010331
0.00098338
-0.00090172
-0.00090173
-0.0021991
0.00085169
-0.00084283
1.4184e-06
0.0012721
-0.00035996
0.00051718
0.0011275
0.0022802
-0.00051757
-0.00054958
0.0012584
-8.4084e-05
0.0012585
0.00077943
-0.0013233
-0.0012369
0.00086565
0.00086577
-0.0015125
-0.00028714
0.0017433
-0.00050366
-0.00091747
-0.0009677
0.00036575
0.00011898
0.00075005
-0.00048946
0.00046091
0.0008083
0.0012714
-9.8466e-05
-0.0016422
-0.0011794
-0.00090422
-0.00087464
0.0033028
-0.0013669
0.00079436
-0.0012943
0.0021922
0.00077936
0.00080957
0.00020297
-0.00096233
-0.00015626
0.00057787
-0.0018714
0.0012711
-0.0013665
0.0013435
0.0010693
0.00086732
0.00092444
-0.0018294
0.0007381
-0.003456
-0.00055965
0.00052139
-0.00026967
0.00066628
0.0010537
0.00092457
-0.0014383
-0.0010198
-0.00015617
0.00017395
0.00030272
-0.00048609
-0.00048597
-0.00063075
0.00063181
0.0012543
-0.0023341
-0.00090759
0.00028523
-0.00015609
0.00018924
-0.00090787
0.00092474
-0.0005013
-0.00015609
0.00094149
-0.0010364
0.00017247
0.0019501
-0.0020446
9.9786e-05
-0.0026077
-0.00037377
-0.00035635
9.9411e-05
0.00085237
-0.00028372
-0.0010368
-0.00010083
-0.00078172
-0.00058185
-0.00035603
-0.00069159
0.001343
0.0012523
-0.0003015
0.0026604
-0.00089182
0.0011247
0.0011248
0.00026233
-0.00076507
-2.8999e-05
0.00097939
0.0019152
-0.0011284
-0.0017085
0.0013236
0.00079835
0.00024263
0.0020786
0.0024765
0.00079857
-0.00031931
-0.0031137
-0.00035481
-0.00053512
4.2992e-05
-0.0018663
-0.0016721
-0.00053475
-0.0005533
0.0015551
-0.00044573
0.00070791
-0.0026428
0.00040187
0.00079916
0.00042073
-0.0010383
0.0010705
-0.00089641
0.00051194
0.00049221
-0.00030136
7.569e-05
-0.0028933
-0.0020669
0.0010509
-0.0024634
-0.00042632
0.00037076
-0.0016659
-0.00053195
0.0018285
-0.0014347
-0.00030098
-5.0629e-05
-0.0010722
-0.0012047
2.1735e-05
2.1465e-05
0.00075968
0.00065525
0.0010708
0.00016656
-0.0019438
-0.0019535
-0.00026003
-0.0013616
-0.001402
0.00067661
-0.00025958
0.002794
-0.002349
0.00025857
0.00031051
-0.00096741
-8.3089e-05
4.1039e-05
0.0010707
-0.0002797
0.0023277
0.001165
-0.00096744
0.0023701
-0.00018554
0.0017632
-0.0012369
-0.0020194
-0.00017717
-6.1637e-05
0.0018834
-0.0021219
-0.00035177
0.00015627
0.0018837
-0.00089615
0.00053419
-0.00013396
-0.0018759
0.0012742
0.001339
-0.00018648
0.001491
-0.0018965
-0.0023405
0.00033068
0.00033077
-0.003204
-3.2575e-05
-0.0011642
0.00068018
-0.0023909
0.0029158
0.0022531
0.00035782
0.00018452
0.00065887
0.00073124
-0.0014318
-0.00064539
-6.0513e-05
-0.0001055
-5.9888e-05
-5.9507e-05
-0.00042309
0.00035666
0.00046334
-0.00083591
-0.00013218
0.00073143
-0.0023911
0.0032606
-0.0015535
-0.001504
-0.00025129
-0.00025139
-0.0027798
-0.00042219
0.00061021
-0.00086002
-0.0013585
-0.00071421
-5.7762e-05
-0.0004222
0.00020898
-8.2604e-05
-8.2484e-05
-0.00042204
-3.4033e-05
0.0018139
0.00073259
0.00085375
-0.00015529
-0.00022793
-0.0006074
-0.0021729
-0.0011393
-0.001139
0.00068447
-0.0011639
-0.00042233
-8.2141e-05
-3.4551e-05
-0.00066347
-0.00037491
-0.002271
-0.002271
-0.00065631
0.00025373
-0.00051666
-0.00049506
0.0013132
-0.00039601
-0.00010805
-0.0012631
-0.00030175
-0.0002285
-0.001644
-0.0012104
-0.00037541
-0.00037467
-0.0014302
0.0015753
-0.0020821
0.0009733
0.0007337
0.00049425
0.00030375
0.001239
-0.0016224
-0.0022457
-0.0011374
0.00020328
-0.0012369
0.00056837
0.0015309
0.0015324
0.0012382
-0.00041358
-0.00077757
-0.0015482
-0.00027418
0.00068863
-0.001667
0.00042389
0.00078137
-0.0016474
-0.00083106
-0.0014102
0.0010915
-0.00055715
-0.0036381
-0.0002279
-0.0015016
0.00097259
-0.00049208
0.0008084
0.00054404
-0.00080852
-0.00061725
-3.655e-05
-0.00015498
-0.0015816
0.00080871
3.6206e-05
-0.00094472
8.1189e-05
-0.0019365
0.00076404
-0.0012818
0.00034509
-0.0027547
-0.0011921
0.0016272
-0.0016634
0.0019196
0.0010571
0.001175
-0.00019933
-0.0002724
0.0011907
-0.00015484
-0.00034515
-3.7595e-05
0.0008542
-0.0027435
-0.0013246
-0.0010321
0.00069313
-0.00014063
-0.00033062
-0.0020554
0.00069342
0.0012197
-0.0012073
0.00092727
0.0009568
-0.00043165
3.506e-05
0.0014969
-0.00034464
0.0001216
-0.00034457
-0.00019789
-0.00085754
-0.0010167
0.0009273
2.2455e-05
0.00010832
0.0017164
-0.0013531
-0.00041751
-0.0024959
0.0010864
0.0010864
-0.0011209
0.0012207
-0.0010051
3.8679e-06
0.0011898
-0.00025864
-0.00078584
-0.00041646
0.00047629
-0.0033161
-0.0015106
0.0021983
-0.00014284
-0.002349
-0.00025793
0.0011771
0.00022206
-7.0264e-05
-0.0011947
0.001602
0.0010428
0.00010693
0.00033723
-0.0012369
2.8808e-05
-0.00071902
7.5318e-05
0.0010739
-0.0010488
-0.0024652
-0.0024653
-4.9641e-05
0.001001
-0.00087072
0.00085457
0.0010834
-0.001457
-0.0014574
-0.0015393
-0.00030111
-0.0026622
-4.0262e-05
-4.0311e-05
0.00047906
0.00096049
0.0010745
0.0028321
0.0028323
-0.00023594
-0.00090349
0.0010826
-0.0024655
-0.0024658
-0.00041496
-0.00086288
6.546e-05
0.00074099
0.00074091
-0.00041469
-0.00044775
-0.0013101
-0.0011968
-0.0011966
-0.0003008
0.001268
-0.0010502
-8.1205e-05
-8.1053e-05
-0.0011568
0.00070836
-0.0017936
-0.00093741
-0.00093745
-0.0003407
-0.0023193
0.00096169
-0.00038012
0.0027207
-0.00044681
-0.0026911
0.0007028
3.1617e-05
3.1617e-05
-0.0015351
0.000596
0.00078184
-0.00033983
0.0018251
-0.0015688
0.0008551
-0.0009046
-4.2017e-05
-4.2023e-05
-0.00037392
0.0016405
-0.00093966
9.8756e-05
0.0014832
-0.00057045
0.0020111
0.0019767
-0.001125
-0.0012368
0.00078234
-0.00086717
0.00024966
3.0508e-05
-0.0011253
0.00055875
-0.0017523
-0.00052357
0.0011132
0.0011511
-0.00097924
0.001148
0.00021176
-0.0016201
0.002342
-4.2998e-05
-0.0022084
0.00032574
0.0025614
-0.00019179
0.0020467
-0.0013833
0.0011128
-0.001126
0.0013318
0.00054502
0.0019378
-0.00015406
2.9874e-05
-0.00011659
-0.0014942
-0.0014206
0.00014028
-0.00079609
0.00014008
0.0011126
-0.00090621
0.00010293
0.00017622
0.00096563
0.00092878
-0.0014567
0.0006724
-0.001603
0.00059893
-0.00015395
-0.00015393
0.00024923
-0.0016026
0.00074601
0.00089248
-0.00062875
0.0015866
-0.0001539
0.0020118
-0.00044611
-0.0012742
0.00035655
-0.00026311
-0.00015388
-0.00048283
0.00060172
-0.00019149
-0.0014192
-8.0461e-05
2.8406e-05
-8.057e-05
0.00042007
0.00024831
-0.0013099
-0.0010924
-4.5066e-05
0.00071176
0.00085584
0.00074729
-0.0011634
-0.0013804
-0.00051749
-0.001275
0.00063892
-0.0003005
-0.00037372
-0.00026206
-0.0016347
-0.002501
0.0010724
-0.0025011
-0.00131
0.0001358
0.00096417
-0.00098194
0.0013946
0.0016104
-0.00040843
0.00038573
0.00089491
-0.00073173
-0.00073154
-0.00022709
0.00056694
0.00031619
0.00071406
-0.0010215
0.0019781
-0.001095
2.7164e-05
-0.00026654
0.0006013
-4.0128e-05
2.7198e-05
6.7515e-05
-0.001096
-0.0013842
-0.0015249
-0.00033452
0.0010365
-0.0017441
0.00060131
0.00143
-0.0010965
-0.00019446
-0.0002274
0.0016443
0.00095517
-0.0024264
-0.00051409
-0.00019407
-8.0014e-05
0.0012896
0.00010004
-0.0015557
0.0016937
-6.5984e-06
-0.0001127
0.0011828
0.00027922
0.00023841
0.00067642
-0.0014487
-0.0010982
-0.00048017
-0.0012278
-0.0002594
0.00061216
0.0015072
-0.0025729
0.00035033
0.0027638
-0.0014897
-0.0025729
2.5828e-05
-0.001416
0.0008979
-6.106e-06
0.00042434
0.0016234
-0.00015345
0.00064539
-0.00025868
-0.00019549
-0.00033242
-0.00028981
0.00092973
0.0008558
0.00024466
0.0010774
-7.9731e-05
-0.00040589
0.0022228
-0.0012056
0.0023702
0.00096079
-0.00037473
-0.00095377
0.0017427
0.0011821
0.00027701
-0.0014887
0.0019394
-0.00019658
-0.0022895
0.00030731
-0.00039229
-0.0026325
0.0015838
-0.0013845
0.00057445
0.00060463
-0.0021856
0.00082616
-0.0014879
0.0005449
0.00072246
0.0019097
0.00075271
0.0010039
-0.00074817
-0.00043417
-0.00036042
-0.00018326
-0.0014136
-0.00015316
-0.00038238
-0.00015314
-0.0011632
-0.0015603
-0.0016497
-0.00022663
0.00075372
-0.0015758
-0.00047633
0.00012636
-0.00040271
-0.00025612
-0.0012366
-0.00012365
5.2677e-05
-0.0027314
-0.0023493
-0.0015155
0.0002993
-0.0010896
0.0014005
0.00095957
0.00012568
-6.096e-06
-0.0010897
0.000828
-0.00018205
-0.00038663
8.0275e-05
-0.0011343
0.002893
-0.0024957
0.0016343
8.0186e-05
6.69e-05
-0.0011471
-0.00022631
-0.0020429
0.0010774
-0.00065356
0.0022913
-0.0011347
-0.0010898
-0.00029959
-0.00032788
-0.0018061
-0.0018057
0.00012979
-0.00015287
-0.00058276
0.00015149
-5.1487e-05
-0.00085905
-7.9649e-05
0.0013524
0.00016811
-0.0013938
-0.0014109
0.00093082
0.00093087
-0.0015396
0.00026934
0.0010318
-0.00025374
-0.0010622
-0.0006298
-0.00030875
-0.00078702
7.6099e-05
-0.00015278
0.00032338
-0.00081477
-0.0008152
-0.001337
0.00075703
0.00022202
0.0022616
-5.2333e-05
-0.00015276
0.00024222
-0.0010358
-0.00035327
-0.001143
-0.001684
-0.001684
-0.0013835
2.1012e-05
-5.9781e-06
-0.0010364
-0.00022625
-0.0013833
-0.0014099
-0.0011365
0.00016783
0.00088322
-0.00034748
-0.00034778
-0.00054696
-0.0016305
0.0011528
-0.00030005
-0.00037396
0.0013034
-0.0012841
0.0011043
0.0019413
0.0019413
-0.00047318
0.00080944
-0.0011628
-0.0011588
-0.00027468
0.00031341
-0.00030004
0.0011777
-0.0020484
-0.00015265
0.00016738
-0.0013354
0.0010554
-0.0010638
0.00098143
0.00098126
0.0016465
-0.00096518
-0.00022688
-0.0015565
-0.00091607
-0.0001525
-0.0011379
-0.00015258
-0.0010635
9.4364e-05
0.0022373
-0.00027563
-0.0010647
-0.0016088
0.00011699
0.0011761
-0.00059942
0.0016414
-0.0021973
0.0010783
-0.00077089
-0.0010161
-0.0014821
-0.00029991
-0.0003979
0.0012743
-0.0024435
-0.00094319
-0.00029938
-7.9059e-05
-0.0024424
-0.00034779
-0.00029881
-0.0013581
-0.00069953
0.00021363
0.00011597
-0.00032392
-0.00039657
0.00018914
-3.1175e-05
-0.0017483
-0.00029919
-5.526e-05
-0.0015274
0.0011758
-0.0011394
-0.00022594
0.00093171
0.00076153
0.00095527
-0.00022571
-0.0015998
0.0012217
0.0027197
-0.0012866
-0.00022578
-0.00034538
-2.8323e-05
0.0011018
0.00090889
-0.0011399
0.00018789
0.00021614
-0.0010665
0.00013666
-0.0024452
0.0008067
-0.00099272
0.00015839
-0.001022
0.0022299
-3.4291e-05
-0.001502
0.0017202
-0.0010146
0.0010276
0.0011532
0.00018671
-0.00097123
0.00043057
0.0012493
-0.00043889
-0.0015749
6.883e-05
0.0005938
-0.0020777
-0.00015217
0.0023757
-0.00083369
-0.0006864
-0.0023943
-0.0017218
-0.0014581
-0.0014571
-0.0025317
-0.00027822
-0.0015733
-0.00017333
-0.00093064
0.0011739
-0.001068
-0.0010681
-0.00027835
6.8609e-05
1.5936e-05
-0.00020446
-0.00020474
0.00023615
1.5821e-05
-0.0011838
-0.0011807
0.0019431
0.0015196
0.0019224
-0.0005076
-0.00050741
-0.00026648
0.00081786
0.0007974
-0.00019279
-0.001277
0.0010058
0.00091191
-0.0014238
-0.00020501
0.0013073
0.00072461
0.00072495
0.003415
0.00089216
0.00096564
-0.0010888
0.00083888
0.00059823
-0.0013831
0.00183
-0.001383
0.00061892
-0.0013094
4.8908e-05
0.0011726
-0.0012752
-0.0018295
-0.00013264
-2.0058e-05
-0.00017109
-0.00019042
-0.00026401
-0.00026374
-0.0012904
-0.00022562
-0.00013275
-0.0002806
-0.00055836
0.00082331
-0.00022539
1.4322e-05
0.001227
0.00076649
-0.00015177
0.0011174
-0.0011254
0.00095111
-0.0022467
-0.0018778
0.00076653
0.0016115
-0.0018636
0.0018509
-0.00026228
-0.00044721
-5.9657e-05
0.00058265
-0.00013338
-0.00061196
-0.0012544
5.0343e-05
-0.0010154
1.5219e-05
0.00027166
-1.4331e-06
0.00070949
0.0021181
-0.0019463
-0.0019332
-0.0085619
-0.0030215
0.013307
-0.0015228
-0.00099969
-0.0012432
-0.0059005
-0.0022109
0.0022052
-0.0019041
0.0042988
-0.011983
-0.01356
-0.01358
-0.011785
0.0019589
0.0057926
0.013307
0.002372
0.0070933
-0.011037
-0.011038
0.0012314
0.0084987
0.0084046
-0.018088
-0.005829
0.025468
0.02543
0.0059981
0.015483
0.019476
0.03206
0.03208
-0.00053404
0.030847
-0.0094842
-0.058059
-0.063451
-0.022297
-0.015407
-0.0012148
0.0014142
-0.010395
0.028177
0.081991
0.074511
0.17044
-0.10029
-0.16057
-0.091734
-0.091997
-0.03275
0.0092041
0.0085813
0.0083474
0.0468
0.068592
0.070259
0.040614
-0.0089735
-0.00888
-0.0019287
-0.023071
-0.031702
-0.014222
-0.022078
-0.024764
-0.96653
-1.1334
-0.94839
-0.21001
0.29514
0.20126
0.0016622
0.22597
0.33191
0.33368
0.33148
1.7928
1.79
0.051029
0.051161
-0.050415
-0.051259
-0.051164
-0.0010016
0.041919
-0.033795
-0.03462
-0.017716
-0.0066506
0.04609
0.30678
0.18047
0.14859
0.071822
-0.49819
-0.12512
-0.010551
0.017668
0.018071
-0.0093781
0.058329
-0.0031537
-0.0031077
-0.0031052
-0.041771
0.0056751
0.0055873
0.01453
0.063923
-0.0020197
-0.022155
0.062625
0.29009
0.44353
-0.3294
-0.66804
-0.54132
-0.095261
-0.023704
0.0050093
0.029896
0.026042
0.04085
0.040649
0.073531
0.040089
-0.0030776
0.015161
0.014808
-0.0060234
-0.0019524
0.014455
-0.019856
-0.043124
-0.89317
-1.2308
0.44752
0.6495
0.38041
0.37758
0.54003
0.16362
0.43274
0.29997
1.1159
0.013287
0.019352
0.010218
-0.0090765
0.0262
-0.010243
-0.076873
-0.077101
-0.056939
-0.039606
-0.086258
-0.040975
0.091709
0.2614
0.45731
0.36688
0.23884
-0.17633
-0.48586
-0.7062
-0.18285
0.03467
0.050117
0.033726
0.017992
-0.03118
0.0059303
0.0088422
0.0050119
-0.029767
-0.037034
0.015021
0.045185
-0.010317
0.83558
0.83635
0.79379
0.78036
0.0015283
-0.30307
-0.29943
-0.77487
-0.28509
-0.065057
0.005957
-0.013934
0.015522
0.064912
0.058731
0.038346
0.022223
-0.012266
-0.012359
-0.0076395
-0.0031492
-0.052605
-0.0055763
0.069067
-1.5822
-1.7916
-1.7927
0.78284
0.78096
0.65103
0.47743
0.85654
1.0326
3.2665
3.2655
0.33481
0.048893
0.016236
-0.22174
-0.22171
0.28574
0.030294
-0.0061575
-0.0060871
-0.0096121
-0.10561
-0.082275
0.00091906
0.23207
0.5048
0.48172
0.139
-0.43199
-0.76579
-0.76466
-0.27219
0.015315
0.079484
0.032195
0.022362
0.022385
0.016823
0.012948
0.0068821
0.0051497
0.0051687
-0.032715
-0.028356
0.028346
0.028405
0.038322
0.38462
1.0263
0.641
0.16659
-0.11903
-0.40744
-0.69535
-0.31715
-0.11706
-0.030575
-0.032169
0.025951
0.038279
0.081362
0.082001
0.042214
-0.01
-0.0016936
-0.003123
-0.0070422
0.019533
0.010113
-0.43514
-1.187
-1.4457
-1.3666
-1.2028
-1.1944
0.49017
0.55729
0.60113
0.80246
0.88276
0.88069
2.6336
0.85752
0.86301
0.016812
0.017265
-0.00080979
0.00927
-0.015198
-0.030794
0.0061699
0.0074741
-0.0063704
-0.028364
-0.082214
-0.098123
-0.11832
0.021131
0.020667
0.17607
0.41421
0.34602
0.32984
-0.3126
-0.31318
-0.52452
-0.42234
-0.028452
-0.0196
0.057305
0.025512
0.0051606
0.0052437
-0.0053245
0.043334
0.0032832
-0.0072261
-0.022516
-0.046059
-0.028575
-0.0037717
-0.0071743
0.021084
0.020474
-0.016849
0.25116
0.99626
0.78025
0.78176
0.3736
0.094861
-0.37868
-0.56414
-0.56377
-0.65872
-0.22947
-0.051606
-0.052665
0.0020826
0.01351
0.030526
0.077317
0.055672
0.017357
0.00052133
-0.019039
0.0080213
-0.0069354
-0.006808
-0.0032585
0.033799
0.053079
0.070602
-1.0501
-1.3152
-1.6363
-1.1062
0.25806
0.46745
0.53008
0.2674
0.82807
0.82953
0.39372
1.8915
1.7457
0.12857
-0.026601
-0.026001
0.027423
0.01456
-0.0090527
-0.013661
-0.016406
0.024058
0.0066925
-0.03597
-0.019884
-0.020487
-0.027208
-0.12324
-0.15812
-0.10007
0.0501
0.049806
0.33646
0.6158
0.55796
-0.45073
-0.59064
-0.6278
-0.065733
0.019546
0.0074834
0.060129
-0.0058331
0.024457
-0.014654
0.030538
0.030918
0.015235
-0.020188
-0.045125
-0.045091
-0.056951
-0.01907
0.049998
0.043818
0.23713
0.86157
0.75064
0.21627
0.10372
-0.21896
-0.58143
-0.52929
-0.72052
-0.72239
-0.34435
-0.1645
-0.044055
1.6722e-05
-0.0043897
0.0057538
0.051491
0.057027
0.010865
0.010868
0.0031419
-0.012595
0.0027821
-0.028759
-0.028615
0.0047373
0.021635
0.1188
-0.26976
-1.9484
-1.8136
-1.7635
-2.1057
0.52202
0.52562
0.48749
0.79784
0.60282
1.0072
1.0084
0.72408
3.2005
0.021506
0.042538
0.042874
-0.040806
-0.14484
0.1074
0.0069038
0.0038847
0.004042
0.011286
0.0034386
0.0097231
0.0090894
-0.07332
-0.079785
-0.049407
0.0080208
0.15009
0.59778
0.38216
0.21279
-0.22943
-0.22887
-0.53874
-0.81837
-0.34961
0.011734
0.07038
0.067347
0.022547
0.030941
0.030596
0.0077388
0.007621
0.036141
0.021194
-0.047208
-0.060893
-0.060711
-0.020234
0.021684
0.022068
-0.044889
0.036075
0.22307
0.83798
0.84682
0.31127
-0.085029
-0.28529
-0.60543
-0.73107
-0.14297
-0.033911
-0.0070215
0.0096666
0.042768
0.05395
0.045931
0.053762
0.018697
0.0016167
0.001639
0.012723
-0.0081823
-0.004632
-0.0021554
-0.0017753
0.00042332
0.011411
-0.22243
-1.0059
-1.5917
-1.5964
-1.4181
-1.212
0.46134
0.46148
0.34981
0.43413
0.57186
0.46299
0.46457
1.9672
0.19893
-0.045698
0.018551
0.017362
0.039419
-0.0058071
-0.0083036
-0.028394
-0.014026
-0.010343
-0.0099655
-0.026479
-0.0088232
-0.074788
-0.14697
0.042382
0.24671
0.3224
0.32412
0.32807
0.19136
-0.23794
-0.47624
-0.22465
0.038515
-0.019548
0.01083
0.04986
0.018331
0.018302
0.0077508
0.045515
0.0030429
0.023817
-0.0023006
-0.0022655
-0.046322
-0.025904
0.00026015
0.013631
0.011152
-0.017415
0.36894
0.3691
1.0805
1.0019
0.34596
-0.36771
-0.36715
-0.45188
-0.48676
-0.90503
-0.48121
-0.20262
-0.20136
-0.04124
-0.01887
0.019858
0.015345
0.015707
0.088668
0.051963
-0.0037535
-0.0089938
-0.0030866
-0.0043892
-0.0043292
0.016924
0.017615
-0.0142
-0.6253
-1.8427
-1.5545
-1.5733
-1.5711
-0.9039
0.35005
0.39414
0.35798
0.36039
0.52314
0.46367
1.6199
2.8802
0.23861
-0.0062994
0.024818
-0.14182
-0.027761
0.080647
0.016703
0.017095
0.0086339
0.0076243
0.024424
0.015188
-0.021287
-0.1149
-0.19791
-0.095642
0.01776
0.26527
0.59007
0.46884
0.47283
0.26868
-0.37614
-0.70349
-0.70358
-0.22939
0.051529
0.078505
0.035924
0.035817
0.015682
0.0051005
0.018667
0.0065669
0.015381
-0.010094
-0.046757
-0.037145
0.024873
0.024724
0.019806
0.025984
0.62662
0.6253
0.90217
0.62116
0.33862
0.11435
-0.4023
-0.40154
-0.64953
-0.68281
-0.71721
-0.059588
-0.061205
-0.010918
-0.0082348
0.038189
0.056742
0.05649
0.075299
0.010736
-0.0099155
-0.007716
-0.007466
-0.0038551
0.0057346
0.021963
0.0085487
0.00070535
-0.1208
-1.1117
-2.0445
-1.3811
-1.6341
-1.6362
-0.02095
0.29917
0.39852
0.65145
0.49534
0.80489
0.96542
2.7026
0.087747
0.047168
-0.087206
-0.21555
0.18394
0.043703
0.031424
0.014304
0.010442
-0.013462
-0.014342
-0.040457
-0.052081
-0.082347
-0.1896
-0.17637
-0.0065979
0.081569
0.39845
0.43227
0.43464
0.32212
-0.13671
-0.2535
-0.25219
0.056688
0.068637
0.048405
0.039875
0.0066916
0.0067646
0.025447
-0.011859
0.0066859
0.024087
-0.0023685
-0.0023681
-0.019633
-0.0049404
0.00902
0.0090243
0.031945
0.048
0.61303
0.97395
0.97381
0.76142
0.24241
0.020887
-0.2507
-0.50227
-0.83043
-0.44814
-0.072081
-0.014679
-0.0077773
0.0049357
0.0048779
0.044383
0.037326
0.058059
0.059964
0.011424
0.011652
-0.0046444
-0.013747
-0.0035881
-0.014771
-0.0039771
-0.0047064
-0.0017087
-0.62886
-1.7776
-1.3677
-1.5099
-0.46035
-0.45657
0.32408
0.24899
0.31911
0.9232
0.92195
0.65807
1.845
1.9437
0.29873
-0.01656
0.016744
0.017852
-0.027898
-0.010963
0.016151
0.016055
0.01797
-0.028864
-0.027385
-0.059616
-0.13163
-0.13432
-0.18706
-0.076305
0.36493
0.36619
0.36677
0.4931
0.072909
-0.44876
-0.44757
0.0097034
0.036359
0.072339
0.051362
0.024526
0.028785
0.0095975
-0.0069687
-0.011317
-0.011148
0.030296
-0.011665
-0.027816
-0.024625
-0.017769
-0.007118
-0.0013942
-0.052323
0.094992
1.2291
1.2317
1.4721
0.81871
0.56295
-0.099091
-0.099526
-0.33261
-0.70678
-0.75902
-1.1123
-1.1731
-1.1775
-0.65407
-0.13585
0.055266
0.055197
0.082071
0.058802
0.02363
0.016537
0.00065674
0.00070135
-0.0007699
-0.0011229
-0.0047385
-0.00037599
-0.00036435
-0.0055086
-0.0093661
-0.024428
-0.0082996
-0.0082263
-0.016714
-0.042846
-0.041164
-0.02147
-0.02218
0.028295
0.018392
0.0043008
0.0012951
0.00092768
0.029727
0.089447
0.088848
-0.0019894
-0.055295
-0.067895
-0.071913
-0.052014
-0.012812
0.0069991
0.01264
0.0056928
0.0043873
0.00094614
0.004124
-0.00023074
-0.010555
0.0042103
0.0097068
0.0069945
-0.00083004
-0.0010602
-0.0034026
-0.0022574
-0.0067322
-0.0079803
-0.0065032
-0.00542
-0.001633
-0.0020818
0.00021778
0.0033525
0.00081151
0.0013427
-0.00066168
-0.002234
-0.0022325
0.0019569
-6.9867e-05
0.0029803
0.0026202
0.0035202
0.0033904
0.0010841
-0.0010488
-0.002745
-0.0027435
-0.0012601
-0.0034787
-0.0014346
-0.0025259
-0.0025278
-0.003642
-0.001391
-0.0035168
-0.0009314
-0.00093226
-0.0003501
0.0018975
0.0022564
-0.00027261
-0.00027118
-0.00037945
-0.00056894
-0.0013323
-0.0014115
-0.0014111
-0.001332
-0.0012514
0.003126
-5.9214e-05
-5.7643e-05
-0.00098099
0.00089715
-0.0013046
-0.0026062
-0.0025999
5.1607e-05
0.0011709
0.0013885
0.00018577
0.00018234
-0.0046188
-0.00098902
0.0002133
-0.00043096
-0.00043689
0.00062264
0.003891
0.00082931
0.00059807
0.00059894
-0.00016869
-0.0043915
-0.00022379
0.00058514
0.00058675
-0.003818
0.0006873
0.00043813
0.0014805
0.0014816
0.001785
-0.0003854
5.7479e-05
-0.0011102
-0.0010817
-0.00094303
-0.0020796
0.00084982
-0.0016034
0.00044944
0.0020418
0.0020017
-0.00013668
0.00081532
-0.00033981
-0.00063589
0.00067952
-0.00024875
-0.00038005
1.0965e-05
1.108e-05
0.0010865
1.8065e-05
4.6882e-05
-0.0011354
0.0010105
0.0017809
0.0017489
-0.00040518
-0.0014357
-0.00012652
0.00136
0.0010276
-0.0022056
-0.00080293
-0.002237
0.0026775
0.0057196
-0.0014817
0.0027507
-0.0033679
-0.0011416
-0.00022905
0.0018194
0.0015055
-0.0035395
0.0014854
0.00059564
0.0029509
-0.003305
-0.0067617
-0.0014745
0.0011229
0.00045119
-0.00091614
0.0037874
0.0037231
0.002958
0.0010153
-0.0041039
-0.0023112
-0.0027789
-0.00039323
0.0037171
-0.00051459
-0.00020189
-0.0013565
1.1442e-05
0.0008666
-0.0014992
-0.00030105
-7.0733e-05
-0.00021057
0.00060446
0.0011977
0.0023319
0.00042715
-0.0031478
-0.0029565
-0.0010142
0.0018957
0.0032224
9.1165e-06
-0.00085379
0.0011528
0.00099973
0.00098324
-0.0013229
-0.00022303
-0.00060939
0.00087712
0.00088276
0.0015651
0.00056012
0.0021891
-5.1472e-05
-0.00097219
-7.0554e-05
-0.0010367
0.0010721
0.0020236
0.0018008
0.002908
0.0018885
-0.0022635
0.000595
-0.0014399
-0.00015867
0.00073238
0.00070793
-0.00024093
0.00076213
0.00081767
0.0010251
0.0014578
2.3946e-05
-0.0021992
-9.7791e-05
-0.00021666
0.00090635
-0.0023457
0.00058705
-0.0014986
-0.00019619
-0.00025718
-0.0023712
-0.0025307
-0.00027777
-0.001615
0.00084398
0.0022105
-0.0012032
0.0019574
-0.001046
-0.0001092
-0.000121
-0.00025181
-0.0012138
0.0019677
0.00074733
-0.0002434
-0.0016747
0.00073795
-0.001457
-0.0033521
0.00084374
-0.00040637
-0.00023294
-0.0015042
0.0007714
-0.0011788
-0.00089714
-0.0009974
-0.0014209
0.00087314
-9.934e-05
0.00078523
0.0017099
0.0018193
0.0021015
0.000997
0.00022131
5.6287e-05
0.0011434
8.5272e-05
0.000972
0.00075207
0.00075676
0.0020855
0.0033674
0.00079478
0.0009187
0.00072766
0.00049385
-0.00056659
0.0016915
-0.0013736
0.0016787
-0.00013991
0.0011442
0.0019583
-0.0011112
0.00091386
-5.6902e-05
-0.00040123
0.0018118
-0.00017274
-0.0015666
-0.00028773
-0.002386
-0.0016065
-0.0022319
-1.8101e-05
-0.00052327
-0.001417
-0.00017633
-0.0034744
0.0021171
-0.0023482
0.00087484
-0.0012616
-9.5414e-05
0.0021926
0.0007995
-0.0013375
-0.00013581
-0.00036637
-0.002771
-0.00029061
-0.0014538
0.00075764
0.0018041
-0.0012606
-0.0011824
-0.0012223
-0.0033571
0.0021179
0.0010712
-0.00044698
-0.00033199
0.0019226
0.00090956
0.0012711
0.0020792
0.0010673
-0.0011423
0.00076738
-0.0014619
2.6122e-05
0.0010332
0.00014067
0.002081
0.0011869
2.1803e-05
0.0014245
-0.0010689
-0.0022339
-0.00012899
-0.0012624
-2.2157e-05
-0.0013389
0.0020406
0.0011885
0.0011068
-0.00033904
9.0551e-05
-0.0015336
0.00013643
0.00013209
0.00096008
-0.0033139
0.0011059
-0.0021532
-0.00021009
-0.00033157
0.00068258
-0.00028656
-0.0022859
0.001031
0.00017847
0.0008422
0.0021599
-0.0001761
0.0022077
1.9378e-05
0.0024676
0.0023162
-0.0012215
0.00064926
0.00031688
0.0010683
0.0020857
-9.2784e-06
0.001037
0.00095998
-0.0012828
-0.0014625
0.00095274
0.00095279
-4.451e-05
-0.0001659
0.00087396
-0.0024192
0.00084372
-0.0014938
-6.3949e-06
-0.0002959
0.00082527
0.00078891
0.002134
0.00090975
-0.00099012
0.00083362
0.00083179
-6.3324e-05
-0.0011931
0.0020051
-4.8446e-05
-0.00010096
0.00071736
0.0018365
-0.00039161
-0.0005907
-0.00058902
0.0038456
-0.0012214
0.00086277
0.0019752
-0.0018926
-0.0031354
0.0011397
0.00016063
-9.0244e-05
-0.00019939
-0.00019558
-0.00035199
-5.7182e-05
-0.001221
0.00063406
0.0020198
-0.0019441
-0.00089044
-0.0008902
0.0010854
-0.0011088
0.001912
-0.001317
9.6454e-05
-0.00092261
-0.0011653
-0.0043692
-0.0043726
-0.0033624
-0.0033637
-0.0041204
-0.0060763
0.0010428
-0.005557
-0.0014982
-0.00038069
0.0040373
0.0016864
0.0028017
-0.0032695
-0.00060337
0.0021527
-0.0018452
0.0075387
-0.0037826
0.0029192
-0.0065229
0.0022931
0.0062658
0.004142
0.0049007
0.023735
0.0042614
0.0063922
0.0033864
0.060049
0.24671
-0.41004
-0.74297
-0.74069
0.16441
0.57365
0.48858
0.18798
-0.080763
-0.15287
-0.15005
-2.0783
1.201
1.078
0.20247
-0.062049
-0.60062
-0.47004
-0.38326
-0.38284
0.22868
0.73057
0.53487
-0.072883
-0.074133
-0.1167
0.22018
0.26609
0.67901
0.5315
0.10969
-0.39811
-0.84692
-0.69358
-0.64562
-0.64543
-0.037099
0.0043377
-0.0056324
-0.017465
0.0078792
0.038085
0.078383
0.057878
0.028709
0.0016843
-0.087057
-0.1012
-0.10111
1.5234
1.5285
1.1806
1.1863
0.97466
0.32723
-0.23958
0.16774
-0.36662
-2.5763
-1.6138
-1.2394
-0.73461
0.0028848
0.087375
0.037681
0.028734
0.058251
0.058298
0.11837
0.0045529
-0.087124
-0.32459
0.1761
-0.27359
-0.048313
-0.28165
-1.4526
-1.6304
-1.8495
-1.6642
-1.3574
-1.3626
-1.0359
-0.69221
1.5074
1.7344
2.3164
2.3184
1.5964
0.4666
-0.43318
0.025769
0.37853
0.37799
0.89122
0.39138
0.87542
0.87433
1.1513
0.60671
-0.070697
-0.1646
-0.16461
-0.042256
0.055073
0.40335
0.18788
0.28857
0.2851
1.0004
1.0333
0.81924
-0.32158
-0.32057
-1.0005
-0.7986
-0.60997
-0.57814
-0.1378
0.045445
0.040538
0.1664
0.16524
0.12744
-0.05717
-0.22988
-0.031152
0.048291
0.048442
1.5572
1.3329
2.0273
1.6783
1.4178
1.0824
0.99873
0.28479
-0.70594
-1.41
-1.9257
-1.1271
-1.1561
-1.1634
-0.60812
-0.15303
0.19247
0.14824
0.14932
0.14706
0.096904
0.0662
0.029598
-0.010587
-0.011658
-0.189
-0.15464
-0.24964
-0.24144
-0.18667
-0.40776
-1.0187
-1.4736
-1.4712
-1.2057
-1.0662
0.11201
0.10799
0.60818
0.30343
1.2169
1.2124
0.61727
0.61667
0.35334
-0.22908
0.40775
0.62296
0.76258
0.76115
0.87461
0.35265
0.51963
0.33264
0.33329
0.95967
1.1015
0.19048
-0.096537
0.17429
0.68113
0.60768
0.6083
0.61265
0.90224
0.67246
0.24818
-0.072005
-0.071594
-1.0623
-1.5082
-1.3281
-0.93246
-0.53003
-0.5301
-0.0019659
0.0021644
-0.02492
0.0057258
0.0049522
-0.0098251
0.03906
-0.082638
-0.083975
1.0371
1.0383
1.5793
0.98906
1.0161
0.76804
-0.13151
-1.2692
-1.3247
-1.0366
-1.0318
-1.0136
-1.2443
-0.75306
0.18483
0.2748
0.12552
0.091086
0.10926
0.10916
0.013059
-0.082299
-0.12676
-0.51412
-0.65116
-0.65109
-0.16628
-0.27573
-0.042979
-0.14779
-0.14587
-0.075731
-1.1146
-2.0642
-1.584
-1.0153
-0.8745
-0.30237
0.65083
0.59225
-0.024996
-0.012584
0.89762
1.2407
0.033312
0.03356
0.054817
0.35732
1.0587
1.0388
1.037
0.66525
0.36086
0.049528
1.1416
1.1431
0.54985
0.38447
-0.054534
0.66513
0.66411
0.38247
0.35799
0.77748
0.65159
0.64446
0.69281
0.40373
0.31232
-2.4893
-2.4926
-0.74779
-1.0717
-0.70328
0.030404
0.030512
0.0059128
0.0059521
-0.023987
0.0040155
0.0035758
-0.012282
-0.023996
-0.019102
0.39135
1.1458
1.1459
2.0894
1.8524
0.74858
0.23527
0.24181
-0.80711
-1.2133
-1.0182
-1.0245
-0.86269
-0.88213
-0.26095
0.052242
0.084225
0.067936
0.067439
0.081698
0.025365
0.026438
-0.070214
-0.07045
-0.34394
-0.70734
-0.51644
-0.28932
-0.28905
0.10112
-0.43845
-0.43321
-0.71855
-0.71575
-1.1081
-1.5029
-1.8733
-1.5279
-1.5425
0.11899
-0.12472
-0.10673
1.9042
1.9161
0.97573
0.15785
0.34834
0.51931
0.51902
1.1728
0.92398
0.92132
-0.21507
-0.216
0.24534
1.2267
-0.20953
-0.052275
-0.048622
0.20159
1.3139
0.79845
0.50591
0.97481
0.96838
0.11471
0.24562
-0.42836
-0.13454
-2.1435
-1.583
-1.2064
-0.67833
-0.68142
0.011209
-0.00019281
-0.0018399
-0.0017223
-0.013678
-0.012675
0.035596
-0.01813
0.0009357
0.0023376
0.61667
1.368
2.0398
1.8245
1.8362
1.1476
0.56905
-0.10264
-0.94511
-0.95103
-1.0315
-1.2144
-1.0796
-0.80352
-0.80759
-0.11463
-0.00085854
0.023359
0.063616
0.064552
0.10577
0.036903
-0.020155
-0.020843
-0.035884
-0.024806
-0.024707
-0.15934
-0.15857
-0.15557
-0.06896
-0.068818
-0.043368
0.035078
0.16969
0.20734
0.072488
0.014708
0.015095
0.011425
-0.0052794
-0.026472
-0.046626
-0.039633
-0.040319
0.010796
0.010632
0.037515
0.037363
0.02467
0.065469
0.068469
-0.0095102
0.010662
-0.091682
-0.11853
-0.054531
-0.038625
-0.039527
0.0036273
-0.0026476
-0.0019239
-0.0075834
-0.0058733
0.0055568
0.0072187
0.012854
0.0087588
0.016932
0.016356
0.016286
0.0037745
-0.0018735
-0.002703
-0.0040824
-0.0035502
-0.00024237
0.0028548
0.0028806
0.0037742
-0.0054324
-0.0092319
-0.0023082
-0.0079874
-0.0039117
0.00033012
-0.00097048
-0.00097305
0.00077018
0.0014253
-0.00030101
0.00066515
0.0036832
0.00081971
0.0036229
0.0083055
0.0019527
-0.0013365
-0.0045348
-0.0045286
-0.00071185
-0.0027413
-0.0046441
-0.0050944
-0.0030607
-0.002685
-0.0026827
-0.0041232
-0.00036432
-0.0021556
0.00058164
-0.0018018
0.0010827
0.0010764
0.00020747
0.00020782
0.00079532
0.0029703
-0.0015216
-0.0019332
-0.00091456
-0.0018688
-0.0018566
-0.00014724
0.00013757
0.00027462
0.0033943
-0.0017331
0.0034567
-0.0025367
-0.0025321
-0.0044708
-6.7756e-06
-0.00042607
0.0022358
-0.00021895
-0.0002187
-0.00066007
0.0025196
0.0023071
0.00013758
0.00086237
-0.0014361
-0.00057598
-0.0015056
-0.0018047
-0.0018018
-0.00057258
-0.0024605
-0.0015182
-0.00043204
0.00044901
-0.0015799
-0.0015734
0.0019655
0.0013589
-0.0012278
0.00020404
0.0013579
0.0012864
0.00093673
0.00093779
0.0031809
-0.0015895
-0.0010248
-0.0011648
-0.00029034
0.00086729
0.0009408
-0.0014443
-0.00109
-0.0010897
6.9677e-05
0.00080466
-0.0017221
-0.0096244
0.0085317
-0.004036
0.0062729
-0.00067577
-0.0014453
-0.0023891
-0.0036235
-0.0004306
0.0017713
-0.0015893
0.0080999
-0.0021082
0.00086032
-0.00014738
-0.0011582
0.0047
-0.00088029
-0.0039132
-0.0015167
-0.0013081
0.0062773
0.0025883
0.0030029
-0.0015764
-0.0017918
0.00093722
-0.0010259
0.0017445
-0.0005039
0.00094152
0.0012354
-0.0010996
-0.003171
-0.0026689
-0.0026682
0.0014358
0.00093853
-0.00036144
0.00087166
-0.00043004
-0.0016619
-0.001659
-0.0012399
0.0011509
0.0021626
-0.0018031
0.0010086
0.0010076
0.00093766
-0.00057298
-0.00036035
0.00086848
-0.00092504
0.0020246
0.00094268
0.00072982
0.00094308
0.0017472
-0.0015106
-0.00014203
-0.0022499
-0.00035958
0.00080312
0.00027382
0.0011483
0.000942
-0.00028862
-0.00021806
-0.0025276
-0.0010966
0.0022374
0.00072946
0.0023656
5.8893e-05
-7.4828e-05
-0.0016499
-0.00022304
-0.0012313
-0.00266
-0.00028111
-0.0010941
0.0018886
0.0020252
0.0008689
5.691e-05
0.00012876
0.00066564
-0.00042219
0.0016814
6.193e-05
0.0010804
0.00052869
-0.001655
0.00011222
-0.0017212
-0.0015123
-0.0012339
-7.7937e-05
-0.0010948
0.0013556
0.0010054
0.0010057
0.0012118
-0.0012324
-0.0010916
-0.00068102
-7.7794e-05
0.0031832
0.0031834
-0.00014748
-0.00022252
-9.8307e-06
-0.0016467
-0.0016473
0.0010062
0.00066534
-0.00035617
-0.00035624
-0.00042397
0.0020286
-0.00014756
-0.00095683
-0.0009569
0.00059241
0.0011449
-0.0025274
-0.001166
-0.0011657
0.0004719
-7.8193e-05
0.0013517
-0.00028456
-0.00028571
-0.001441
-0.00028731
0.00012887
0.0010077
0.0010074
-0.00096176
0.0020303
0.0020304
-0.0010935
-0.00021121
-0.001435
-7.575e-05
-7.5896e-05
0.0014132
-0.0018414
0.0008732
0.00087343
-0.0012336
0.0016974
-0.0013648
0.0013498
-0.0012337
0.0012775
-1.0221e-05
-0.00028481
-0.0012337
-0.0012336
0.00093965
0.00093961
-0.0017692
-0.00014731
0.0019579
0.0020257
-0.00020891
0.0021614
-0.0013675
-0.0015076
-0.00014379
0.00026005
0.00012588
-0.00021888
0.0018931
0.0018937
-0.001032
-0.00035203
0.002026
-7.8727e-05
0.00066336
0.0016822
-0.0013
0.00087044
-1.0305e-05
0.002094
-0.00028445
0.001213
0.0033173
0.0018882
-0.00035225
0.00052949
-0.00014698
-7.916e-05
-0.0020502
-7.9089e-05
-0.00021386
-0.002458
-0.0012985
-1.1913e-05
5.7659e-05
0.0022288
-0.00041669
-0.00055237
-0.0013005
-0.0025224
-0.0013004
0.00012195
0.00024939
0.00032332
0.0012784
0.0012782
0.0022288
0.00087197
5.5551e-05
0.0032469
0.0029109
0.0012764
-0.00027994
-0.0014997
-0.00034508
-8.0858e-05
0.00087254
-0.001229
0.0012085
0.0012045
5.5587e-05
-0.0013006
-0.00083919
5.1971e-05
0.0010053
-0.0014333
0.00093802
0.0010073
-0.0012385
-1.6304e-05
-0.0021889
-0.0012362
-1.3812e-05
-0.00053842
0.0010057
-0.0011021
-0.00021379
0.00011971
0.00011964
0.00047237
-0.00232
-0.0012311
-0.0014317
-0.00047237
-0.0010484
0.0022278
0.0098853
0.010694
0.0093378
0.0014622
-0.0070325
0.017854
0.00054623
0.0021727
-0.0034508
-0.0026625
0.0045033
-0.0010846
-0.0028684
-0.00015701
0.0022537
0.0049778
0.0089311
0.005704
-0.00076195
0.0092319
-0.0123
0.0028653
0.0086085
0.0020511
6.2638e-06
0.006192
-0.0041146
-0.0017549
0.010368
-0.031183
-0.024468
-0.0054816
0.004722
0.0044879
0.027684
-0.010636
-0.012313
0.0068066
0.006742
-0.032602
-0.030332
-0.047705
-0.095398
-0.095956
-0.11139
-0.039864
-0.0034874
-0.00062559
-0.00054938
0.031773
0.10752
0.088835
0.34797
0.34272
0.56508
-0.19696
-0.481
-0.56133
-0.56102
-0.50698
-0.31999
-0.033751
-0.03458
0.042567
0.036376
-0.012764
0.031374
0.019685
0.045843
0.023263
0.017443
-0.014541
-0.011468
-0.042863
0.0085327
-0.032379
-0.13608
-0.42802
-1.4112
-0.75514
-0.977
0.057947
0.41399
0.044463
-0.15602
-0.45279
-0.058687
-0.054264
-0.83941
1.2713
1.5202
1.5173
0.08323
-0.12467
0.018431
0.023406
0.020659
-0.013624
-0.040325
-0.10011
-0.011066
0.054182
0.053737
0.11155
0.65081
0.71989
0.42099
0.42061
0.63525
0.24936
0.33593
0.083067
-1.5383
-1.1147
-0.77121
-0.25652
-0.051256
-0.053762
-0.032037
0.0022285
0.0082451
0.0020685
-0.0020834
-0.0022443
0.0025503
0.082721
0.018314
-0.013359
-0.010339
-0.010158
-0.042947
0.016264
0.11503
0.15526
0.30807
0.76054
-0.09839
-0.12741
-0.28244
-0.55131
-0.74303
-0.72103
-0.7194
-0.2687
-0.051667
-0.01466
0.069836
0.0034481
0.056403
0.036002
-0.0022849
-0.067861
-0.067758
0.057187
0.042334
-0.0033062
-0.0034716
-0.053893
-0.61171
-1.0994
-1.2498
-0.82616
-0.81046
-0.77901
-0.062984
0.86887
0.32061
0.3412
-0.29848
-0.022665
-0.93081
-0.078059
-0.063523
1.9072
0.8935
-0.15423
0.0025778
0.0022665
-0.026939
-0.034942
-0.044237
-0.096381
-0.096031
0.04949
-0.015806
0.049357
0.28407
0.31789
0.3208
0.39906
0.53827
0.11785
0.018594
-0.11734
-0.64278
-1.1499
-0.57018
-0.57372
-0.088803
-0.14812
-0.10517
-0.01552
-0.0066273
-0.00037441
0.074287
0.11775
0.039985
0.0047275
-0.029216
-0.043687
-0.037442
-0.047607
-0.003332
-0.0015731
0.067268
0.12891
0.10169
0.095906
0.034206
0.018265
-0.023982
-0.10073
-0.064853
-0.061656
-0.063898
-0.0066219
0.019226
0.0050035
-0.02767
-0.018758
-0.018428
0.036393
0.076305
0.036706
0.013489
0.012612
0.071219
0.071733
0.02405
-0.002914
0.0078416
0.05275
0.32034
-0.36009
-0.34639
-1.3483
-1.5746
-0.91516
-0.75881
0.061161
0.17691
0.38563
0.079865
-0.074123
0.27929
0.035822
-0.28376
0.85577
2.5198
0.45927
0.33277
-0.12113
0.034959
0.035222
-0.033737
-0.14111
-0.08783
-0.070508
-0.0061912
0.076815
0.031122
0.10973
0.18287
0.17613
0.14531
0.12355
0.18244
0.18252
0.083244
-0.051375
-0.19903
-0.47752
-0.32229
-0.16556
-0.19015
-0.10172
-0.066062
0.000282
-0.024547
0.068542
0.05211
0.03686
-0.015638
-0.041356
-0.039354
-0.029525
0.014028
0.043833
0.012952
0.012799
0.10099
0.14662
0.15758
0.044946
0.21304
-9.3456e-05
-0.11916
-0.18104
-0.19351
-0.08405
-0.10794
-0.094177
-0.069843
-0.041719
0.0067292
0.014016
0.03768
-0.00060892
0.039599
-0.031693
-0.0092661
0.0050668
0.1399
0.064915
0.0085791
-0.031774
0.021028
0.10254
0.087149
-0.92954
-1.3182
-0.83238
-1.0286
-0.332
0.42859
0.24061
0.36537
-0.061247
0.66172
-0.51605
-0.43777
1.0585
2.5037
2.5135
0.87027
-0.28043
0.057838
0.058902
0.035533
-0.35372
-0.0042453
0.11176
-0.15684
-0.22041
-0.20297
-0.044018
0.13605
0.13587
0.020673
0.038044
0.1906
0.46834
0.46823
0.38418
0.40693
0.30442
0.36589
0.4066
0.40652
0.30078
0.04529
-0.12612
-0.064961
-0.065336
-0.23555
-0.3152
-0.3813
-0.38666
-0.38678
-0.40614
-0.30598
-0.43033
-0.30194
-0.30193
-0.15013
-0.1044
-0.022427
-0.022581
0.019578
-0.018501
-0.002358
0.020989
0.021057
0.032543
0.039684
0.0369
-0.0066948
0.042205
0.042234
0.030711
0.030718
-0.0065142
-0.0065171
-0.0065206
0.0086485
0.012051
0.026318
0.02633
0.0081131
0.018702
0.010579
0.010766
0.0060966
0.0060849
-0.030736
-0.037964
-0.02582
-0.023326
-0.023328
-0.037035
-0.032864
-0.03319
-0.0367
-0.0033831
-0.0054161
-0.0073371
-0.019838
-0.0088092
-0.0019884
0.001408
0.0054978
0.0058234
0.012857
0.012856
0.027561
0.02812
0.010423
0.011256
0.011208
0.013052
0.029984
-0.02336
-0.023367
-0.022683
-0.0034398
0.00041643
0.00041701
-0.013503
-0.017306
-0.0088829
-0.0070829
-0.010141
-0.0095303
-0.0040511
-0.0061507
-0.013459
-0.016195
-0.016188
-0.011035
-0.000806
0.0086728
0.0074122
0.0030173
0.0038988
0.0059839
0.00014963
0.0003373
0.0022648
0.0015437
0.0011633
0.002061
0.0012729
0.0020259
-0.0015116
-0.0048023
0.00082346
-0.00030325
0.00078001
0.00048576
-0.0064687
-0.0047978
6.279e-05
-0.0023874
-0.0011683
-0.0044795
-0.00055007
-0.004777
-0.0005546
-0.00080687
-6.8267e-05
-0.0043105
-0.0017787
-0.00099018
0.00022775
-0.0002654
0.00034488
0.0040707
0.0050418
0.0023068
0.005018
0.0056517
0.0046183
0.0044262
0.00085465
-0.00076456
0.00098302
-0.0018377
-0.0041917
-0.0085421
-0.010747
-0.0083311
-0.0096754
-0.006648
-0.004044
-0.0072164
-0.0052062
0.00011974
0.0042616
0.0033976
0.0033118
0.0020903
0.0035269
-0.0015453
0.00062041
-0.0013934
-0.0024402
-0.0025709
0.00041349
-0.0015427
-0.0023197
-0.0011085
-0.0049071
-0.0091939
-0.0067766
-0.0040856
-0.002888
-0.00023773
0.0022204
-0.0011223
0.0018016
0.00041326
0.0014435
0.00079164
-0.00011203
0.0018186
0.0022201
0.005083
-0.00097189
-0.0001542
-0.00339
-0.003539
-0.0014572
-0.0045257
-0.00023966
-0.00076376
-0.0036614
-0.0023603
0.0019268
-0.00015378
0.0010009
0.00057505
0.0022205
0.0047234
0.0025795
0.0016318
0.0023275
0.0058985
0.0042331
-0.0010569
-0.0024052
-0.0017517
-0.0022339
0.00072812
-0.00067876
9.7452e-05
-0.0029288
-0.0019626
-0.00030181
-0.0018336
-0.0012494
0.0003919
-0.0033268
-0.0038324
-0.0037912
-0.0019222
-0.00080576
-0.0024025
0.0026386
-0.00030426
-0.0061651
-0.0005738
0.00018356
-0.0016676
-0.0026969
-0.00013156
0.0010647
0.0014021
-0.001839
-0.00067801
-0.0024851
-0.0011885
0.00059868
-0.0092328
-0.0050527
-0.0050533
-0.0028855
-0.0093194
-0.015645
-0.015513
-0.015519
-0.0057935
0.0068308
-0.0041253
-0.0074391
-0.0074394
-0.00080154
-0.0025474
0.008262
0.0061635
-0.0071714
-0.0071804
0.0085813
-0.0077305
-0.0077465
0.0019341
-0.017465
0.032149
0.032135
0.022241
-0.0032071
-0.0032091
0.017153
0.05428
0.21279
0.2125
0.23244
0.33371
1.4598
0.81663
0.82542
-0.82778
-0.77247
-0.23074
0.75633
0.7545
1.2412
0.61222
0.56834
0.27516
0.15707
1.0279
-0.16008
-0.19563
-1.4052
-1.4096
-1.1455
-2.3867
-0.554
-0.48593
-0.14501
0.015491
-0.012867
0.00072723
0.051064
0.066745
-0.0077602
0.0075218
0.045344
0.031463
0.097191
0.1945
0.28999
0.23191
0.098889
0.098927
-0.009516
-0.51794
-0.40632
-0.40605
-0.26236
-0.26257
-0.0035739
0.017263
-0.015052
-0.015138
0.024828
0.01653
-0.0010242
-0.0010526
-0.028707
-0.05324
0.011549
0.070094
0.070747
0.13344
0.16257
0.14605
0.42333
0.62563
0.5999
0.17492
-0.13512
-0.37303
-0.41641
-0.41693
-0.19153
-0.16114
-0.11961
-0.022731
-0.023033
-0.029128
-0.037096
0.11277
0.1127
0.035556
0.02411
0.0043053
-0.11598
-0.11638
-0.045744
0.017846
-0.008719
-0.030632
-0.078851
-0.074775
-0.86877
-1.0582
-1.0504
-0.50742
-0.16616
-0.35987
0.12955
-0.081607
-0.25703
-0.24839
0.72031
-0.11616
-0.31987
2.3948
1.5748
0.32771
0.12762
0.041816
-0.1222
-0.13148
-0.13449
0.1442
0.050183
-0.37926
-0.01571
0.3544
0.076959
0.015623
0.089636
0.089693
0.26651
0.63791
0.85409
0.85097
0.62977
0.33926
0.027902
-0.54806
-1.2865
-0.80909
-0.81096
-0.25727
-0.27564
-0.23438
0.064587
-0.0056581
-0.05119
0.24985
0.090135
0.090033
-0.028451
-0.040803
-0.0058084
0.4223
0.42424
0.91331
0.82864
0.10527
-0.082334
0.11792
-0.68685
-0.68741
-0.47744
-1.0226
-0.83429
-0.2787
-0.50782
-0.27847
-0.25794
-0.13086
-0.36937
-0.70086
-0.11847
0.13668
0.13675
0.19943
0.056917
0.062882
-0.018314
-0.019674
-0.15562
0.03195
0.0023892
-0.073378
-0.28142
-1.5528
-1.4571
-0.44914
-0.50248
-0.48857
-1.1999
-0.58751
-0.71118
-0.71169
1.0325
1.5701
0.91425
0.15222
0.15184
-0.46319
-0.46299
-0.35875
0.20926
0.51414
0.20558
0.20341
-0.68498
-0.68384
-0.22715
-0.18272
0.052852
0.02465
0.024936
0.26676
0.26527
0.72336
0.92518
0.79133
0.79287
0.85186
0.37759
-0.47277
-0.40276
-0.36627
-0.36504
-0.5596
-0.65451
-0.64437
-0.56393
-0.56326
0.025909
0.22793
0.29994
0.054219
-0.21198
0.065808
0.2454
0.24639
0.5179
0.56778
0.19193
0.3285
0.53906
0.55085
-0.47112
-0.95185
-0.97068
-1.3312
-0.47029
-0.49671
-0.54884
-0.37223
-0.027935
-1.0612
0.091474
0.090714
0.20735
0.083283
0.083616
0.030819
0.031304
0.0027699
-0.19546
-0.18119
-0.16912
-0.017578
0.11906
0.29942
0.32404
0.32519
-0.28982
-0.35792
-0.932
-1.1848
-1.0574
-0.65863
0.080007
0.91122
0.89596
0.27486
0.0050184
-0.46446
0.14897
0.14461
0.50695
0.42255
0.28931
0.23637
0.31339
0.31534
0.75274
-0.20089
-0.060802
-0.063321
0.32426
0.29374
0.57265
0.67806
0.67699
1.1855
1.18
0.55807
0.007826
0.014515
-0.69148
-0.67398
-0.65221
-0.36678
-0.16576
-0.16571
-0.0039453
-0.3496
-0.29349
-0.21552
-0.21585
0.24391
0.058145
0.0041918
0.00094025
-0.20443
-0.22776
-0.20682
-0.23549
-0.38926
-0.65852
-0.24526
-0.22227
-0.067086
-0.044223
-0.044566
0.017521
0.00011608
0.085037
0.042901
0.042761
0.048217
-0.034069
-0.015157
-0.022325
-0.022304
0.0011345
0.016082
-0.052857
-0.05454
-0.054816
-0.025256
0.099168
0.027963
0.06986
0.057633
0.05754
0.06252
0.042759
0.030666
0.018496
0.018472
-0.037897
-0.058093
-0.068084
-0.085014
-0.085065
-0.047372
0.020927
-0.062703
-0.062752
-0.039091
-0.018197
0.0036262
-0.0034818
-0.0035034
0.02196
0.033224
0.030013
0.039579
0.03957
0.038816
0.027532
-0.033414
0.016039
0.016024
0.020957
-0.0086554
-0.014464
-0.010544
-0.010427
-0.01875
-0.03041
-0.026892
-0.017934
-0.017938
-0.022478
-0.017336
-0.010133
-0.00068648
-0.0041329
-0.0086769
-0.0038023
-0.01723
-0.0017392
0.017378
0.018414
0.021599
0.016368
0.020822
0.0053069
0.0081581
0.0024177
0.0042439
-0.0040602
-0.00039382
-0.00020115
-0.00031507
-0.0036522
-0.0022228
-0.0016721
-0.0077399
-0.007532
0.0022618
0.00077313
0.00077163
-0.018868
-0.018362
-0.0068624
0.0046679
0.0081456
0.016288
0.015428
0.010396
0.0075556
-0.0032046
0.0062811
0.0068422
0.0048953
-0.00079446
-0.0022573
-0.010205
-0.01249
-0.0043204
-0.0013939
-0.00091183
0.0012222
1.7746e-05
-0.0044682
-0.003838
0.0012225
0.0032058
0.0039259
0.0041753
-0.0018535
-0.003949
-0.0028906
-0.0073897
-0.0042741
-0.0028552
-0.0025632
-0.0059297
-0.0022968
-0.0038318
0.001743
0.0042589
0.007735
0.0093899
0.0065068
0.0069117
-0.0046593
0.0020868
-0.0031611
-0.0036033
0.00021627
-0.0051412
-0.0034832
-0.0051723
-0.0029359
-0.0014382
0.00055375
-0.003311
0.00043081
0.0025643
0.0056775
0.0018926
-0.00050944
0.002874
-8.5658e-05
0.00038939
0.0020062
-0.0027224
-0.0028065
0.0026822
0.0033852
0.00050904
0.0018894
0.0011405
-0.0017016
0.00070259
0.0042547
-0.00079519
0.0012568
0.00026563
-0.00039706
-0.0015052
-0.0035985
-0.006631
-0.0044747
-0.0044739
-0.0023739
0.00031819
-0.00023808
0.0012195
0.00035335
0.0050433
-0.0044681
0.00054536
-0.001144
0.001812
-0.00083525
-0.002373
-0.008246
-0.0058418
-0.0014645
-0.00071595
-0.0060372
-0.0052082
-0.00383
0.0014923
0.00023559
0.0070527
0.003465
0.0043735
-0.00023898
-0.0016208
-0.0032357
-0.0017387
-2.7679e-06
-0.00082977
0.0020451
-8.3243e-05
-0.00099254
-0.00087691
-0.0028874
-0.0052867
7.8838e-05
0.0018497
-0.00095012
0.0013751
-0.0011103
-0.0008713
0.0012174
0.0019263
0.0036986
-0.0016597
-0.0011119
-0.0026486
-0.0010292
-0.0020942
-0.0038658
-4.319e-06
-0.00020385
-0.0017767
-0.00032024
-0.0010292
-0.0024045
0.00062346
0.00026957
-0.00016135
-0.00071092
0.00038848
-0.0039054
-0.0022501
-0.00087112
0.00062677
-0.0031563
-0.0022481
-0.0012267
0.0005471
0.0018861
0.0017262
0.0020052
-0.003037
0.0042512
0.001925
-0.00019705
-0.0023272
0.00054649
0.0022697
-0.0001929
0.0043258
0.0049287
0.013268
0.018336
0.022138
-0.034102
0.030684
0.0307
-0.0012593
-0.004758
-0.015141
0.011014
0.0012719
0.0048563
0.0034677
0.0059066
0.00045683
0.0025574
-0.0023976
-0.013047
-0.0082483
-0.013505
-0.018518
-0.018523
0.0038917
0.0038864
-0.0041838
0.024694
-0.1194
-0.10721
-0.033494
-0.0095587
-0.0096283
0.070169
0.054027
-0.012305
-0.022979
-0.074722
0.0066012
0.0067066
-0.0037444
-0.072568
-0.13318
-0.034851
0.023884
-0.0076291
0.10518
0.30096
0.37884
0.59802
0.59352
0.40724
0.11145
-0.63141
-0.23396
-0.17658
-0.14363
-0.098585
-0.098841
-0.058462
-0.0018567
-0.044659
0.11714
0.085627
0.031277
-0.033202
0.014327
0.095705
0.02151
0.0085169
-1.2013
-0.58215
-0.15984
0.35807
0.36082
0.56036
0.17111
-0.063022
0.12155
0.15439
1.7572
0.10199
-0.50184
-0.23502
0.039019
0.080666
-0.076134
-0.080915
-0.083562
0.017362
0.10238
0.21034
0.12721
0.39105
0.2814
0.17489
0.22001
0.22303
0.40352
0.24284
-0.099485
-0.80965
-0.85214
-0.17485
-0.17607
-0.062469
0.067635
0.15429
0.068953
0.097595
0.065392
-0.036394
-0.16058
-0.15858
-0.10323
0.043066
0.019926
0.20007
0.3399
0.3988
0.29895
-0.18508
-0.36498
-0.1922
-0.19295
-0.19322
-0.0039607
0.0093056
0.026894
0.090796
0.056391
0.031608
0.071812
0.0076137
-0.014454
-0.073401
-0.0034224
0.54202
0.52891
-0.00083052
-1.7533
-0.83075
-0.52661
1.0777
0.79838
-0.16763
1.2694
1.2705
-0.65032
0.34482
0.49943
-0.44936
0.83693
-1.0022
-0.14107
-0.12614
-0.1693
0.03668
0.11292
0.13431
0.13335
0.14144
0.26566
0.23468
0.086611
0.37582
0.34376
0.18197
0.0081566
-0.15129
-0.28411
-0.63009
-0.77128
-0.77237
-0.87355
-0.073238
0.1039
0.04259
0.017484
-0.12193
-0.12218
-0.13284
-0.083025
0.053934
0.053894
0.0058464
-0.061435
0.23174
0.35311
0.35326
0.16337
-0.038633
-0.078432
-0.083178
-0.086619
-0.086632
-0.098781
-0.10574
-0.037456
-0.076057
-0.005211
-0.0053785
0.065399
0.093102
0.0058475
0.039084
0.21376
-0.0023497
0.073966
0.30809
-0.30302
-0.42446
-0.45653
0.54248
0.36905
0.38504
-0.18511
-0.18538
0.38832
0.0033056
0.57921
-0.45262
-0.45223
0.23271
-0.099492
0.0525
0.13584
0.13588
0.21944
-0.04932
-0.094789
-0.098346
-0.098214
0.095069
0.03411
0.14656
0.1949
0.19306
0.27589
0.098013
0.14449
0.20476
0.20294
0.044606
0.032104
-0.15572
-0.37133
-0.37255
-0.44779
-0.21242
-0.1962
-0.14431
0.007517
0.080186
0.12547
0.051066
0.045725
0.05503
0.014147
0.014184
-0.11417
-0.14987
-0.01477
-0.006302
-0.0063125
0.080594
0.0056046
0.045683
0.078351
0.25776
0.21347
0.024779
-0.10882
-0.085417
-0.05963
-0.088311
-0.088653
-0.042705
-0.008053
-0.055625
0.059155
0.058967
0.087046
0.036275
0.061114
-0.007797
0.14503
0.14514
0.055006
0.031985
-0.064241
-0.017318
0.18827
0.18841
0.42683
0.018814
-0.55029
-0.54753
-0.38447
0.52907
0.29687
-0.50278
-0.50581
-0.45796
0.26318
-0.12294
0.61484
0.61391
-0.92536
-0.29844
0.093471
-0.016426
-0.016268
0.17604
0.004936
-0.096365
-0.14643
0.014402
0.014284
0.064588
0.12368
0.11281
0.11086
0.11258
0.087644
0.36382
0.15383
-0.16443
-0.22598
-0.13075
-0.25513
-0.47117
-0.47509
-0.34206
-0.1715
-0.10438
-0.031144
0.081535
0.11588
0.064472
0.0011094
0.030952
-0.030041
-0.029929
-0.12889
-0.093187
-0.061193
-0.0065525
-0.014726
0.053254
0.053264
-0.01758
0.084531
0.24939
0.24394
0.17994
-0.083455
-0.14016
-0.065368
-0.062842
-0.12138
-0.029843
-0.029749
-0.046971
-0.013447
0.0035668
0.091481
0.088565
0.013895
0.030411
0.030415
0.22976
0.004977
0.016543
0.016473
0.14307
0.44635
0.6464
0.62751
-0.083063
-0.25333
0.26512
0.26522
0.1967
-0.198
0.28138
-0.59614
0.39044
-0.36167
0.21868
0.34474
-0.30064
-0.87745
-0.87028
0.21626
-0.12759
0.25151
0.021026
-0.071683
-0.083204
0.031319
0.10761
0.086337
0.085795
0.23214
0.21885
0.047268
0.045708
0.20514
0.27371
-0.019619
-0.28974
-0.28312
-0.43626
-0.47452
-0.52411
-0.1641
-0.11583
-0.11585
-0.065129
0.056512
0.075781
0.048349
0.048231
0.029561
-0.040394
-0.064358
-0.10597
-0.10569
-0.058438
-0.045957
0.027013
0.10195
0.102
0.014056
0.063699
0.22473
0.23322
0.14781
0.14768
-0.15708
-0.08703
-0.069273
-0.069314
-0.065313
-0.11493
-0.041577
-0.039715
-0.039822
0.029154
0.14436
0.090878
0.0064075
0.011335
0.025163
0.025185
0.00026461
-0.0060095
-0.035657
0.082292
0.23694
0.56647
-0.038516
0.0087978
-0.13479
-0.10916
0.95441
0.62298
0.62302
0.074541
-0.59848
0.64543
-0.56347
-0.20497
0.39789
-0.37014
0.39627
0.050263
-0.058621
0.20512
0.062564
-0.066406
-0.088872
-0.088981
-0.13364
0.054398
0.026101
0.16047
0.10041
0.22131
0.075534
0.050618
0.25634
0.25757
0.18071
0.07557
-0.15005
-0.15029
-0.25561
-0.42441
-0.14533
-0.091257
-0.091066
0.04291
0.10501
0.10088
0.0067459
0.019459
0.019414
0.035592
0.016053
-0.10884
-0.07743
-0.077489
-0.090088
0.0022436
0.035162
0.10323
-0.022368
0.014289
0.11771
0.23011
0.22459
0.22369
0.077084
-0.10813
-0.27425
-0.10628
-0.094654
-0.095207
-0.10673
-0.034124
-0.0085438
-0.029097
-0.029208
0.088238
0.067627
0.03632
0.13894
0.16859
-0.012114
-0.028182
-0.022842
-0.022822
0.067841
0.30438
0.79271
-0.73544
-0.86893
-0.86484
0.36475
-0.83519
0.5838
0.70964
-0.41716
0.48286
-0.53392
0.49466
-0.37055
0.45257
-0.72964
-0.13949
-0.13865
-0.13844
-0.042658
0.1794
0.04185
-0.1269
-0.062899
-0.063059
-0.088696
0.21105
0.19495
0.1774
0.21932
0.10563
0.11628
0.23511
0.23544
0.037417
-0.029055
-0.33179
-0.31595
-0.19699
-0.40516
-0.40179
-0.17448
-0.11513
-0.0085147
0.040927
0.054873
0.023666
0.047009
0.046972
0.086906
-0.071493
-0.1256
-0.1246
-0.083345
-0.04861
-0.048641
0.14169
0.021234
-0.088458
0.032889
0.36076
0.10581
0.10509
0.057417
-0.11871
-0.052116
-0.072567
-0.10256
-0.10284
-0.10545
-0.035786
-0.016747
-0.037597
0.066854
0.066602
0.0037383
0.0085153
0.0085019
0.23329
-0.024449
-0.024467
-0.098837
0.11485
0.74686
-0.41099
-0.67152
-0.67619
-0.34877
0.46311
0.43783
0.37757
0.37774
-0.34376
-0.083694
0.065742
0.066135
0.048139
0.074911
0.43021
-0.18758
-1.1392
-0.051055
0.29315
0.093729
-0.093702
-0.093753
-0.17292
0.018862
0.041669
0.13193
0.13067
0.24454
0.095199
0.022819
-0.016175
0.16683
0.13807
0.012699
-0.13125
-0.2614
-0.17629
-0.24591
-0.28496
-0.15705
-0.13992
-0.06074
0.017734
0.064244
0.072972
0.0013968
0.0014279
0.036674
0.032456
-0.017195
-0.069492
-0.049633
-0.027856
-0.015635
0.092752
0.060541
0.018508
0.13424
0.27699
0.40978
0.29434
0.29466
0.28423
0.0014251
-0.077517
-0.15257
-0.15313
-0.29401
-0.35275
-0.1035
-0.066417
-0.067093
0.011641
0.028699
0.077157
0.089167
0.12079
0.12054
0.034957
-0.010024
-0.01449
-0.022948
-0.029647
-0.00030701
-0.025861
-0.020594
-0.041947
-0.041894
-0.054409
-0.0026302
0.048661
0.048243
0.096813
0.081841
0.0080665
0.06757
0.064148
0.04258
0.0425
0.011835
0.017072
-0.0059662
-0.013053
-0.066098
-0.081928
-0.053864
-0.050615
-0.051508
-0.019717
-0.00038252
-0.010547
-0.010541
-0.029827
-0.037724
0.005684
0.038691
0.029241
0.029254
0.016626
-0.0024147
0.010046
0.0049758
0.016901
0.012556
0.012002
0.013418
0.025267
0.023414
0.010642
0.0064995
-0.026498
-0.029079
-0.022028
-0.016889
-0.011012
-0.0074027
-0.0047033
-0.00334
-0.0033407
-0.0081294
-0.0030034
0.0038632
0.0075931
0.01048
0.010891
0.010051
0.0037246
0.0032383
0.0032371
-0.0078478
-0.005424
-0.020304
-0.020287
-0.018792
-0.0092207
-0.0088728
0.00026921
0.011471
0.01147
0.012234
0.012055
0.013433
0.0076299
0.0076265
0.0010549
0.004962
-0.005644
-0.007608
-0.0076084
-0.012107
-0.0097055
-0.015355
-0.019577
-0.019569
0.0090064
-0.0081267
-0.0090899
0.003427
0.0034268
0.0017561
0.0069227
0.020726
0.014538
0.014533
-0.0084279
-0.0074633
-0.0050906
-0.0017882
-0.0017885
-0.0051215
0.0014685
0.0073547
-0.0026836
-0.002685
-0.0045336
0.0080283
0.0033428
-0.0056769
-0.0056723
-0.010895
0.00088111
0.0058249
-0.0046968
-0.0029978
0.0028
0.0012771
0.0021876
-0.00088165
-0.00088174
0.0011405
0.0012266
0.0027802
0.0020824
0.0022747
0.0026651
-0.003031
-0.006204
-0.0024364
-0.0029435
-0.0024358
-0.00065762
-0.0023365
0.00046004
-0.00083109
0.00069154
0.0012789
0.002587
0.00080739
0.0045374
0.0019237
0.0029172
0.0006859
-0.0010932
-0.0054686
-0.0022439
-0.001598
-0.00033484
0.00054256
0.0015212
-0.0030348
-0.0053155
0.00062995
0.00025769
0.0055635
0.0037572
-0.00015558
-0.00090297
0.0042146
0.015826
0.0038753
-0.0068044
-0.0030424
-0.00388
-0.0031195
-0.017813
-0.0081499
-0.008149
-6.0738e-05
0.0012352
0.0052972
0.010119
0.0058495
-0.0021632
-0.0017876
-0.0035878
-0.0060139
-0.0047598
0.001427
0.0057459
0.0069557
0.0078387
0.0018957
-0.0023282
-0.0047845
-0.0086967
-0.0097278
-6.0042e-05
0.0036132
0.00472
0.0048996
-0.0022005
-0.0084278
0.0041488
0.0064303
0.0021139
-0.002291
-0.0016496
-0.0023829
-0.0059121
-0.0021353
0.0049523
0.0036165
0.0017892
0.0018382
-0.0016367
4.5677e-05
0.0013377
0.00048472
0.0032223
0.0014749
-0.0020428
-0.0037208
-0.0027891
-0.0043153
-0.00070413
0.0020263
0.0033219
0.0049997
0.0012359
0.00044224
0.0051036
0.002416
-0.00020308
-0.00039789
-0.0024823
0.0027666
-0.0033219
0.0001871
0.0011398
-0.0022366
-0.00015357
-0.0015429
-0.0039659
-0.0029323
-0.00084755
-0.00010514
0.0041099
0.0043983
-0.0033674
-0.00034867
0.00054089
-0.00065182
-0.0010923
-0.0011036
-0.0052567
-0.0036255
-0.0031717
-0.0016404
0.00025033
0.00019973
0.0014776
0.0026712
-0.0019314
-0.0027258
0.0011367
-0.0031741
0.00044264
0.0012814
0.0050439
-0.0017858
-0.0022838
-0.0016882
-0.0040138
-0.0031164
0.0018786
-0.00020219
0.0019715
0.006577
-0.002382
0.0020248
0.0027186
-0.00074883
0.0014227
0.00073296
0.0021194
0.00063362
0.00058537
0.0031084
0.003506
-0.0013947
0.0018829
0.001918
-0.0022901
0.0012363
-0.00069971
0.00049528
-0.0033141
-0.0031173
0.0020245
-0.00025537
0.0010885
-0.0033583
-0.0001008
-0.0023741
0.0029599
0.0017151
-0.0022409
0.0014731
0.0015278
0.0005917
-0.00030398
-0.0023341
-0.0030651
-0.0010342
0.00053748
-0.0015869
0.0020714
-0.0033651
0.0015355
-0.0023255
-0.0016817
0.00064644
0.00029364
-0.00030443
-0.00094204
-0.00079978
-0.0002123
0.0012854
-0.0015967
-0.0032702
-0.00074391
4.1524e-05
0.00019204
-0.0027753
-6.1013e-05
-0.0016797
-0.0003996
-0.00039991
-0.0014353
-0.0029788
-0.0014916
-0.0015856
-0.00015531
-0.00093154
-0.0023243
-0.00064864
0.0023071
-0.0030716
-0.0010364
-0.0014421
0.00043368
9.2013e-05
-0.00010692
0.0020227
0.0019749
-0.0019268
0.00034603
-0.00049698
0.0020702
0.0026098
0.0014829
0.0033005
-0.00028796
0.00068789
0.00068786
0.00073524
-0.0023327
-0.0016441
-0.0076125
-0.0022746
-0.0065969
-0.011394
0.010076
0.00076403
0.010083
-0.030405
-0.030404
0.0066312
0.011339
-0.0031113
0.0072061
0.0061882
-0.003079
-0.011181
-0.0010382
0.0025735
0.018121
-0.03947
0.0050063
-0.0057235
0.013891
-0.028806
0.029795
0.02977
0.026319
0.072647
0.083763
0.034656
0.3913
0.7539
-0.75912
-0.66998
-0.57519
-0.58006
-0.56279
0.52582
0.52425
1.2358
0.55139
0.94191
-0.25936
-0.2622
-0.62434
-0.66947
-0.66751
-0.83244
1.958
0.10388
0.013756
0.018838
-0.039618
-0.26336
-0.25251
-0.03428
0.11185
0.34785
-0.11381
-0.23647
0.052498
0.26786
0.20238
0.17774
-0.30034
-0.30017
0.18165
0.15575
0.20548
-0.046714
0.002704
0.0032842
-0.47649
-0.59783
-0.33823
0.069524
0.069422
0.14511
0.043896
-0.0066387
-0.032078
-0.029932
-0.099848
-0.0063739
-0.032941
0.11777
0.11391
0.10503
0.14221
0.22555
0.60543
1.2358
1.2325
1.255
1.0969
0.86615
0.86868
0.30173
0.37268
-1.2019
-1.9247
-1.9287
-0.58163
-0.29101
-0.4023
-0.11081
-0.11097
-0.083447
0.061048
0.17663
0.2099
0.31031
0.31046
0.15082
-0.20391
-0.07561
0.1211
0.11029
-0.12735
-0.7831
-2.3075
-2.4036
-1.8776
-1.8893
-1.6892
-1.0848
-0.44469
-0.43556
2.8813
1.7388
1.4585
1.1761
-0.13693
-0.15414
0.19789
-0.10298
0.25971
0.7606
0.51898
0.039347
0.36123
0.98887
0.98449
1.1969
0.21309
-0.041355
0.25818
0.40822
0.48644
0.45098
0.49861
0.79825
0.80296
0.70111
0.37476
-0.077526
-0.29556
-0.18941
-0.97748
-1.1081
-0.57045
-0.1735
0.023146
0.0059604
0.06312
0.040265
0.025867
0.026195
-0.022944
0.0017132
0.071994
0.39003
0.29386
0.81558
1.7997
2.0823
1.6754
1.3887
1.4112
0.59397
-0.26042
-0.80626
-1.2857
-1.4531
-1.2525
-0.91928
-0.86448
-0.67224
-0.36327
-0.10022
-0.074593
-0.084031
-0.029066
-0.013158
0.011865
0.18951
0.28373
-0.0079703
0.11145
0.064086
0.10587
-0.015625
-0.3789
-1.6949
-2.1581
-2.3927
-1.4343
-1.5689
-0.73161
-0.27073
-0.65486
-1.2418
1.4233
1.794
0.31619
2.2086
1.0333
0.37005
0.56566
-0.43359
0.50899
0.90955
0.78463
0.79502
0.52079
-0.095239
-0.15553
0.14651
0.34434
0.29763
0.043037
0.061191
-0.099351
0.14304
0.26311
0.29106
0.25061
0.18865
0.20858
0.098097
-0.16646
-0.50379
-0.69925
-0.18495
0.007052
-0.018413
-0.018825
-0.0053735
-0.0058605
0.012987
-0.033845
0.01231
0.047064
0.01534
-0.15382
0.022888
0.12532
0.13735
0.29488
0.27241
0.82017
1.7974
1.8885
1.4785
0.8508
0.39732
-0.11378
-0.69788
-1.0145
-1.0183
-0.98703
-0.91478
-0.60251
-0.41158
-0.4092
-0.31527
-0.15904
-0.060374
0.090955
0.090904
0.2411
0.17193
0.050531
0.13092
0.13515
0.20431
0.16346
-1.4144
-1.708
-2.1861
-1.3723
-1.3721
1.4906
0.37787
0.36926
-0.61736
-0.36055
0.67991
2.4788
2.4782
2.1592
0.21272
-0.53254
-0.005865
-0.012093
0.45404
0.61895
0.11004
0.44896
0.44922
0.54445
0.066871
-0.16748
0.012516
0.011829
0.10027
0.08356
0.10218
0.72499
0.72347
1.0708
1.2803
0.83245
-0.67006
-0.66719
-0.49425
-0.27459
0.41987
0.35876
0.10412
-0.14802
-0.14587
-0.36825
-0.32568
-0.32771
-0.66074
-0.69026
-0.66868
-0.27431
-0.27417
-0.10312
-0.066335
-0.00083662
0.024611
0.024642
-0.079003
-0.017365
0.067752
0.0032605
0.0032424
-0.0032426
-0.0010706
0.015956
0.025238
0.011742
0.011743
-0.0060821
0.039608
0.051836
0.033366
0.035498
0.0355
0.026468
0.034382
0.022498
0.044524
0.044526
0.04086
0.0034703
-0.025143
-0.044621
-0.042531
-0.042522
-0.023165
-0.029507
-0.021944
-0.01272
-0.021899
-0.014118
-0.0031573
-0.0061166
-0.0065774
-0.001873
-0.0047001
-0.0093026
0.012706
-0.008336
-0.011634
-0.027692
-0.016259
-0.004454
0.0028935
0.015584
0.01663
0.016655
0.011046
0.010165
0.016495
0.012568
0.0021804
0.0030052
0.0075713
0.0066606
0.0059403
0.0064779
-0.0169
-0.006931
0.010584
-0.00027303
0.0034809
0.0030817
-0.00043842
0.0039026
0.003461
-0.0083227
0.0010463
0.0058859
-0.0037667
-0.0090095
0.00060497
0.00088306
-0.0019616
-0.0020356
0.0026059
-0.0028921
-0.0074453
-0.0054333
-0.0063607
-0.0058793
-0.0044434
-6.3616e-05
-0.00015626
0.0022807
0.0020079
0.001527
0.0058982
0.0037599
0.009585
0.0041925
0.0026716
0.0014699
0.0023169
0.002866
-0.0029531
-0.00088651
-0.0055231
0.01121
0.0081655
-0.0043248
-0.0069119
-0.0017212
0.0017557
0.0008835
0.001923
0.0047408
0.0039571
-0.00017154
-0.0030018
-0.0014801
-0.0045705
0.0012319
0.0012216
-0.00024478
-0.0010807
0.00093121
0.0024079
0.0021603
0.003486
0.0026662
0.0015257
0.00095088
-0.00044014
0.0014376
0.00011328
0.0016357
0.00084038
0.0020741
0.0016093
-0.0026257
-0.00070654
-0.00092556
-0.002032
-0.004239
-0.0045676
-0.001608
0.0010381
-0.0010808
0.0041708
-0.0016323
-0.0022278
0.0018068
0.0015698
0.0026936
-0.0011716
-0.001172
0.0018524
0.0016303
0.0020551
-0.0019222
0.0031976
0.0019633
-0.0013949
0.0027588
0.0012359
0.0030455
0.0030432
-0.000199
-0.00068354
0.0010161
-0.00068562
-0.0020086
0.00057658
-0.00070331
-0.0014345
0.00092737
0.0016101
-0.00033386
0.0028453
-0.00082179
-0.0037261
0.001126
0.0011255
0.0020084
0.00059593
0.0022058
0.0027784
0.0012361
0.0021601
-0.0026519
-0.0024067
-0.0014153
-0.0029332
0.0020086
-0.0026033
0.0015185
0.0023092
-0.0016758
-0.0016754
-0.002695
-0.0038837
-0.00011251
0.0012789
0.0038832
0.0010811
0.0014944
0.002187
0.0031991
0.00064108
-0.0007956
-0.00079557
-0.00083898
-0.0024926
-0.00079408
-0.0030438
-0.0013884
0.00034841
0.0002866
0.0010367
-0.0014784
-0.0014793
-0.0014788
0.0021158
-0.00466
-0.0025601
0.0020524
-0.0010814
-0.0018095
0.0016281
0.0016331
0.0017205
0.0015205
-0.0021185
-0.0012359
-0.0028036
-0.0034858
-0.0049643
-0.0010362
-0.0010343
-0.0023609
-0.00068522
-0.0019185
-0.0018301
-0.0014147
-0.00026349
-0.00024485
0.0013702
0.0013681
0.0054036
0.001231
0.0036208
0.0012205
-0.0011277
0.0015357
0.0010352
-0.0012188
0.00088149
0.0008806
0.001261
0.0018103
-0.00044179
0.0034849
0.0034219
0.0018097
0.0014562
-0.00044204
0.0010803
-0.00088427
-0.00079364
0.00077449
-0.0023152
0.0017172
-0.002316
-0.0026037
-0.0018569
-0.002361
0.0012773
0.0014767
0.0029986
-0.0025421
0.0034844
0.0012778
0.00019736
-0.00015357
-0.0029853
-0.0016614
0.0010322
-0.0023156
-0.0021644
-0.00064138
-0.00033736
0.00010511
-0.00048753
0.0025582
0.0014763
0.001476
0.0011841
-0.0012576
0.0021609
0.0015207
0.0042591
-0.00035322
-0.00015371
-0.00092934
-0.0050514
-0.00029078
0.0014142
0.0013229
0.001323
-0.00019893
-0.0014324
-0.001766
-0.0040796
-0.0014327
-0.0013455
-0.00061515
0.00057429
0.00019654
0.0019623
0.0005311
0.0018554
