-0.028
0.031864
-0.03436
0.033579
-0.025749
-0.00541
-0.010859
0.047169
-0.01225
-0.0098631
-0.0021991
0.0037825
0.014519
0.0058066
-0.0016556
-0.002448
0.0067463
-0.021989
0.027803
-0.040324
-0.035361
-0.019635
-0.013003
-0.040924
0.078469
-0.013934
0.021517
-0.026181
0.021437
0.006189
-0.0060165
-0.016912
-0.00025556
-0.031651
-0.010942
0.039096
0.0050127
0.005078
-0.036399
0.039995
0.040888
0.038442
-0.026591
-0.011891
-0.017191
0.011451
-0.0088609
-0.0041064
0.0067152
0.0014675
0.045004
-0.051844
0.046258
-0.05248
0.014594
-0.00024922
-0.0060812
0.081921
-0.058239
-0.01539
-0.031762
-0.019715
-0.0040527
-0.05836
0.015523
0.0059344
-0.023551
0.0054876
-0.0068544
0.02171
-0.011337
0.02813
-0.015893
0.0062171
-0.0046131
0.0021085
-0.0038928
0.034668
0.0097328
0.0028798
-0.034139
0.023455
-0.034423
0.0098221
-0.015462
0.02395
-0.018726
0.0055924
-0.02237
0.0086016
-0.059225
0.041648
0.018598
0.0025644
0.0057766
-0.026947
0.038265
-0.056708
0.024319
-0.017375
0.031166
0.083111
-0.086808
0.038031
0.043365
0.074059
-0.01797
-0.03085
0.0068378
-0.036829
0.039039
-0.012088
-0.0012868
-0.012971
-0.026266
0.0033345
-0.0095866
0.034712
-0.018263
-0.012248
-0.023944
-0.031869
0.048826
0.0093026
-0.010668
0.031042
-0.012406
0.031578
0.027156
-0.0079559
0.0081596
0.018196
-0.013984
-0.024174
-0.018194
0.0014733
-0.020283
-0.020948
0.0021735
-0.0063508
-0.027263
0.0035416
-0.0059143
-0.0070045
0.0089182
-0.010444
1.2559e-05
0.025713
0.021055
-0.011155
-0.0044077
0.068722
-0.0002078
-0.024078
-0.057061
0.0078696
0.02615
-0.026084
0.067582
-0.083648
-0.0065573
-0.055777
0.017837
0.022791
-0.012041
0.038053
-0.016969
0.0038194
0.044326
-0.020194
0.027339
0.0084437
0.018489
0.0025605
-0.0265
-0.012042
-0.0035346
-0.012326
-0.015803
-0.065591
0.011615
0.036777
-0.007289
-0.007298
-0.019915
0.0072211
-0.0019081
0.0052533
-0.02848
0.0093529
-0.047775
-0.0063626
0.029987
-0.051985
0.040554
-0.026498
0.0031337
0.0016938
0.00095479
0.002372
-0.016067
-0.014199
0.012851
-0.019613
0.020818
-0.029253
-0.0152
-0.01678
0.00043842
-0.044494
0.041346
0.010999
0.026955
0.043789
0.00053312
-0.027928
0.0029761
0.012293
-0.0091581
-0.051999
0.0089978
-0.049152
0.014974
-0.024487
0.01939
-0.0025277
0.017388
0.0092633
-0.0079235
0.012103
-0.030286
0.037154
-0.025062
0.0094138
-0.010002
-0.013316
0.0095129
-0.0060829
-0.0067864
0.013105
0.0041791
0.015948
-0.0015916
-0.0014366
-0.003541
0.025569
0.0036233
-0.019496
-0.012967
-0.018843
-0.012627
-0.04006
-0.0013986
-0.024118
-0.024077
0.038271
0.019438
-0.022249
-0.027503
0.057074
-0.0089188
0.0013107
-0.0051543
-0.020602
-0.0095325
-0.025354
0.010047
-0.020963
-0.029962
-0.036025
-0.018755
0.056616
0.03287
0.030305
-0.0090681
0.004136
-0.006599
0.032232
-0.030163
-0.030337
-0.021252
-0.00046182
0.033938
0.037001
-0.0048553
-0.0039163
0.0094848
-0.023677
0.017189
-0.007354
0.0080199
0.010587
-0.0024115
-0.0049038
0.016021
-0.020802
-0.016976
0.0033359
-0.034917
-0.025055
0.0030393
0.018345
0.00043384
-0.0027163
0.039377
-0.035596
-0.0066452
0.018036
-0.013383
0.034301
0.013187
-0.010084
0.028979
0.022693
-0.011313
-0.035426
0.066959
0.02689
0.030023
-0.022497
0.053916
-0.040965
-0.027101
-0.028073
-0.034042
0.0034087
0.0093795
0.0023837
-0.0085374
0.0019559
0.0020089
-0.0024582
-0.021271
-0.025357
0.017713
0.019163
-0.017598
-0.029522
0.0059043
-0.017549
0.0018341
0.028717
-0.097419
-0.098327
-0.063252
0.024204
-0.0089023
0.032423
0.0038435
-0.042655
-0.0072659
-0.035648
-0.0059118
0.0010319
0.090491
-0.06362
0.033784
0.021435
0.059994
-0.0080123
-0.027872
0.023561
-0.0079171
-0.0044789
-0.016315
0.043736
-0.040956
-0.060208
-0.054747
0.012855
0.028635
0.0099131
0.029882
0.026937
0.021863
-0.012582
-0.026782
-0.037683
0.023726
-0.011231
0.034559
-0.033093
0.004569
0.0037078
-0.004691
0.069911
-0.0090921
-0.0018081
-0.032929
-0.0023229
0.041237
-0.011011
0.00072201
-0.0082354
0.017129
0.006921
0.016521
-0.043639
0.0038225
-0.032408
0.036143
0.021424
-0.010426
-0.014997
-0.030865
-0.0037519
-0.02455
0.035685
0.034349
-0.02541
0.040653
0.0067072
0.036968
0.037563
0.048257
-0.003723
-0.027085
0.009237
0.0064561
0.052022
-0.024081
-0.064488
0.0028171
0.011795
0.038628
-0.048212
0.04266
-0.032167
-0.038631
-0.052345
0.011859
-0.0070573
-0.0017221
-0.0042325
-0.0042853
-0.016251
0.041462
0.0043269
0.0011553
0.0058388
0.023332
0.085291
-0.013272
-0.01371
-0.042625
-0.026566
0.052879
-0.067986
-0.070126
-0.031347
-0.045661
-0.00027645
-0.034867
-0.029508
0.0022966
0.010164
0.013528
-0.033033
-0.032217
-0.00039187
-0.0044231
5.2823e-05
-0.017444
-0.030764
-0.034366
-0.01943
0.024913
0.022207
-0.013687
-0.031734
-0.0015746
-0.0032504
0.034792
0.033487
-0.0098778
0.0093589
0.025379
-0.016007
-0.014741
0.017455
0.023498
0.0076593
-0.0199
0.00042511
0.0080588
-0.033452
0.046068
0.047145
-0.00096691
0.010068
0.0098899
-0.030941
-0.0073419
-0.026452
-0.00032322
-0.0003633
0.048515
-0.026706
-0.02633
-0.026918
-0.012714
-0.015535
-0.032987
0.0078172
-0.012223
-0.013285
-0.014476
0.019981
-0.0029015
0.0045729
-0.014871
0.022154
0.020178
-0.076367
0.03768
0.055727
-0.0073479
0.03379
-0.028069
-0.032972
-0.011178
-0.0044468
0.052015
0.056998
-0.021973
0.0081074
0.018928
0.0081915
0.012988
-0.028686
0.023767
-0.025463
0.03191
-0.014592
0.011546
-0.037523
0.021847
0.0053438
-0.012171
-0.015288
-0.010779
0.0080313
-0.028082
0.015165
0.017953
-0.00084496
0.029519
-0.013329
0.011391
-0.0088009
0.024581
-0.014712
0.009877
-0.034028
-0.0081671
0.024599
-0.019778
-0.036213
0.010885
0.010691
-0.039827
-0.036906
-0.043049
0.043203
-0.038999
0.032676
0.021684
-0.033661
-0.039964
0.024457
-0.0016525
-0.029873
0.02576
-0.019075
0.028593
-0.01597
-0.024016
-0.0047894
-0.019972
-0.03203
-0.035809
0.0071888
0.016582
-0.026501
0.034474
-0.0056066
-0.017418
-0.017974
-0.025957
0.020249
-0.0071824
0.010153
-0.012128
-0.030538
-0.026721
-0.0029954
-0.014763
0.035425
-0.032096
0.062255
-0.03065
0.0099598
0.0023121
-0.006093
0.0032332
-0.027029
0.0045759
-0.042592
0.020071
0.0042941
0.028017
0.0036547
-0.028194
-0.0088841
-0.040911
0.039339
-0.018841
0.003982
-0.021983
0.023881
0.01786
0.010707
-0.027785
0.019364
-0.026666
-0.0092818
-0.028253
0.022349
0.067107
-0.055559
-0.01471
-0.012468
0.0093635
0.04889
-0.07458
0.036583
-0.029008
0.025906
-0.024911
0.0064915
-0.022465
-0.012242
-0.014746
0.013191
-0.023741
0.016654
-0.00062853
0.044531
0.0060583
-0.040054
-0.0083788
-0.030231
0.016215
-0.036944
0.00041876
-0.0026139
0.061598
0.0008875
0.086627
-0.018527
-0.023393
0.075136
-0.0039086
0.02912
-0.037197
0.0078456
0.0021487
0.021088
-0.01071
0.012081
-0.038088
0.017028
0.023081
0.02518
-0.025434
0.0316
-0.014038
-0.016256
-0.0011148
-0.0056494
-0.024304
-0.022888
0.0096371
0.026822
-0.032918
0.014121
-0.044739
0.0015677
-0.035872
0.026798
0.043525
-0.0084048
0.053413
-0.034118
-0.021861
0.018862
-0.043731
0.024835
-0.016201
0.02462
-0.018516
-0.003203
0.024542
-0.038963
0.010789
0.023027
-0.043207
0.029233
-0.011857
-0.011706
-0.0011008
-0.0064336
-0.018106
0.064585
-0.022817
0.010868
-0.046978
0.014087
-0.013864
0.063328
0.014649
-0.054926
-0.0058824
-0.028754
0.019647
-0.030093
0.017766
-0.027948
0.033705
0.011321
0.0055259
-0.050134
0.037902
-0.027939
0.037579
-0.051386
0.0032459
-0.022617
0.010388
-0.036887
-0.029885
-0.018917
-0.025292
-0.011497
0.015838
0.019844
-0.012163
0.0040544
0.0085728
0.037765
-0.032391
-0.030159
-0.015228
-0.021719
0.0095445
-0.0013316
0.0073258
0.05361
0.052153
-0.037198
0.016321
-0.015432
-0.0040509
-0.0067013
0.00046643
-0.0011167
-0.004012
0.014462
0.0072147
0.038731
0.10097
0.098798
-0.037351
-0.030225
0.0544
-0.023641
0.024619
0.02221
0.024159
0.0040745
-0.023242
0.02252
-0.055252
-0.049552
0.027195
0.010404
0.028274
-0.0060261
-0.045189
0.0048144
0.011465
-0.0013155
-0.003814
-0.0033162
0.0094947
0.0078483
0.022089
-0.043267
-0.042543
0.033666
0.02611
0.023674
-0.037354
-0.042361
-0.039395
-0.0026417
0.0012713
-0.046946
-0.015919
-0.057467
0.030188
-0.0024812
0.019131
0.019413
0.036968
-0.031374
0.030777
0.015459
0.008409
-0.0085039
-0.012055
0.016514
-0.035305
-0.033547
-0.0084848
0.02292
-0.046616
0.042213
0.0029174
-0.027339
-0.0077405
-0.028931
0.0032475
0.0069439
0.010791
0.017012
-0.025088
0.030044
-0.0089395
0.038358
-0.017102
0.016956
-0.023768
-0.020342
0.015377
-0.021407
-0.012217
0.0028921
-0.015372
-0.026418
0.001448
0.02847
-0.022357
0.013249
-0.02776
-0.014364
-0.033245
0.022986
-0.0079469
-0.041979
0.00052625
0.031271
-0.0077645
0.0090895
0.0045847
-0.031062
0.032248
-0.03883
0.062046
0.071437
0.0031437
-0.0087882
-0.011281
0.0068746
0.0072397
0.02661
-0.039739
-0.011825
0.0114
0.014154
0.013
0.012885
-0.024709
0.027209
-0.024502
-0.0018063
0.0054426
-0.074142
-0.026484
-0.017689
-0.038656
0.045412
-0.021688
-0.0057904
0.016904
-0.055778
-0.056802
0.011628
0.010664
-0.02811
-0.0093961
-0.012941
-0.011474
0.0058677
-0.0082054
-0.018751
-0.02131
-0.025622
0.01137
0.010062
-0.021524
-0.02541
-0.0043393
0.013964
-0.002368
-0.018228
-0.022062
-0.00090904
0.013176
0.019972
0.0074022
6.6501e-05
-0.0048063
-0.035649
0.025606
-0.0049724
-0.016452
-0.01648
0.01919
-0.049023
0.036749
-0.023295
0.0083548
-0.045981
0.015971
0.042221
-0.012898
0.017698
-0.025731
-0.031237
0.053994
0.05063
-0.05836
-0.031362
0.022767
0.020792
-0.0031614
0.0086575
-0.025928
0.022522
0.013354
-0.0018005
0.022872
-0.0098251
0.03007
0.013031
0.0089591
-0.014583
0.029098
0.021887
0.020022
0.083846
0.036254
-0.030832
-0.032165
-0.045398
0.030033
0.027698
-0.016038
0.025202
0.0024894
-0.05337
0.0042578
-0.015747
-0.030641
6.205e-05
-0.056896
-0.053198
-0.015065
0.014661
0.0089454
0.036674
0.012025
-0.02013
0.017493
-0.032525
-0.030303
0.012499
-0.081155
0.057453
-0.011818
-0.089236
-0.13718
-0.31079
-0.54767
0.3329
-0.29862
0.22124
-1.342
3.1102
3.1064
-3.287
3.128
2.5933
-1.1394
0.072768
0.91763
1.1146
-0.73059
0.58435
0.81518
-1.0338
0.90559
-2.4186
1.3142
-1.1773
0.89016
0.39912
-1.0629
0.016747
0.42066
0.44264
1.6731
-1.7208
1.8964
-0.15225
0.52927
-1.7197
3.1075
0.91405
-1.4414
4.4218
1.9211
1.9085
-0.82467
0.039886
0.78522
-0.20031
-0.2165
-0.74386
-0.50863
-0.68785
1.2512
-1.8085
-0.52429
2.8317
-1.5295
-2.2426
-6.2595
-0.58064
0.037994
1.3972
-0.23989
1.472
-1.9044
0.099559
-0.078089
-0.43481
-1.4757
0.69882
-2.2227
-3.6443
1.2201
-1.2999
1.0421
2.0676
-0.38286
3.3408
-8.4992
-11.869
18.626
-18.027
14.663
-10.931
8.9122
11.77
-1.0325
0.95017
-2.5195
13.65
-10.346
-4.6383
12.633
-5.363
28.565
12.691
-8.2804
7.4243
4.4385
-1.3842
-0.50083
1.2808
1.0638
1.0294
-0.21265
-1.4142
0.24247
0.95553
-3.7425
6.842
4.2611
-0.93054
-0.59698
-0.9754
-9.4763
11.56
-0.062755
-1.6595
-1.8663
3.0864
2.1025
0.86259
-0.85035
-2.0342
2.1327
2.6499
-1.0414
0.98323
-1.9178
1.2326
0.35851
-2.2093
-0.53514
-0.79812
1.2435
-1.1876
0.077856
-0.54706
1.3867
0.17567
-0.3437
0.34023
0.56797
0.84879
-1.058
1.0423
-0.98173
-0.51372
-0.99816
-0.78706
-0.89961
1.0773
-1.4455
-1.0175
-6.1755
4.6422
-3.0367
3.0066
-1.226
-0.75064
-8.2575
-13.924
-4.4688
-2.0533
12.11
-13.619
-13.119
23.037
-23.042
-18.025
10.894
5.3278
32.162
17.736
-14.075
12.75
0.87279
20.01
19.54
-14.826
6.5891
6.9699
1.8023
-3.2122
4.6716
-0.42684
-3.1815
3.1474
-3.0212
1.6333
0.70184
0.087829
0.2435
0.7897
1.8447
-6.5497
3.7673
3.7026
-1.133
-1.3029
1.3001
-0.70135
-2.1387
0.69032
4.3229
-3.5564
2.6866
-0.85782
-2.7015
-0.24374
-0.32839
-1.4561
2.4216
1.1605
-2.9219
-2.9802
3.2727
2.2877
-1.7455
0.14576
-1.7529
0.057135
0.10157
0.32353
0.0012492
-0.90537
0.63683
-0.27615
0.26152
-0.30296
0.22161
1.1569
0.96512
-2.1725
-0.80137
-1.0011
-0.8835
-0.5557
-0.095694
-0.24155
1.759
1.7528
-0.12796
-0.92708
1.4527
-7.3774
-7.0761
-12.259
9.2171
-2.6652
5.2306
4.9219
-16.191
34.718
-26.013
-4.5859
-4.6973
11.368
5.3454
-7.3755
-9.1937
8.2219
9.966
9.7352
10.879
-5.7548
-0.042103
0.12212
4.213
-0.79743
-1.8514
2.279
-3.3582
3.6736
3.7273
3.0451
0.30597
0.39027
-1.0465
-2.8231
5.4928
-3.333
-3.474
4.1036
-1.958
-0.19969
3.3036
3.2344
-3.0152
-0.21307
4.1923
0.89727
0.74728
0.093831
-0.5223
-0.13339
0.20115
-0.38883
-0.43331
1.3426
-1.143
0.84484
0.33206
0.37578
0.35761
-0.34741
0.01297
-1.5153
1.2967
-1.3305
0.10954
-0.051207
0.54134
-1.0452
-1.1278
1.8694
1.2066
-0.60202
-1.2792
0.62054
-0.88095
-0.61193
-0.73354
-1.7486
-1.7392
-1.7575
-3.1479
1.5433
-0.75815
-0.66527
0.66998
0.51193
-4.0389
-9.2858
13.879
-0.11716
-1.8723
4.8066
-7.4312
-7.6397
11.996
-0.49647
4.8772
4.7046
0.85394
-21.082
19.752
4.6168
10.933
31.448
1.3586
1.4709
4.3049
-4.1138
2.1138
2.3898
1.6607
0.30303
0.70224
-1.6706
-1.6195
-0.30068
0.45181
-0.1461
-0.17654
-0.26559
0.94869
-2.6909
5.7133
-2.9502
-3.0359
0.28477
-5.3229
0.62782
-1.0055
-0.8927
-0.60676
-3.385
3.7341
-1.4634
-1.6166
1.7354
-1.2051
-2.4207
2.6466
-3.2916
3.2317
0.54573
0.26363
-0.24678
-0.36759
-1.1067
1.2776
-0.74553
-0.63484
1.8716
-2.3503
-2.2402
1.3958
-1.0419
0.66843
-2.2071
-2.297
2.4478
-3.6955
2.8466
2.4284
-2.0078
-0.42522
-2.5477
0.089481
-0.66494
-1.0638
-2.8256
1.6571
-1.0658
-1.1252
1.5415
-0.72038
-8.2813
-22.256
16.168
16.103
6.8437
13.782
-6.201
6.4574
6.2654
-1.5879
-10.955
16.384
-13.027
-12.631
17.282
-10.038
27.669
-7.916
6.9129
13.762
3.7871
-5.6848
6.3002
6.0894
5.1301
-4.4023
2.3509
-1.4435
-0.66303
0.19605
-0.46353
1.0328
0.98201
0.86192
-1.5247
-2.1148
-0.43885
0.80734
-1.3781
-1.435
-3.4693
-2.3584
0.2472
2.2728
-0.16557
2.1929
1.8531
1.9794
0.89182
-0.57646
0.25189
2.2384
2.195
-0.68353
0.40806
-0.75911
1.1335
0.19627
0.072415
-0.32779
0.53451
-0.82215
1.2089
-1.1493
2.016
-0.70049
0.58992
-1.8259
-1.95
0.075153
-0.46595
-0.57498
-0.38331
-0.57743
0.133
-0.12556
-0.18263
0.019463
-0.89528
-1.0697
1.2246
-2.1347
0.74004
0.85109
1.657
-1.4805
2.6323
-8.4714
-8.0202
4.1627
12.368
2.8186
-8.5414
7.4981
4.622
-7.8146
0.98005
2.05
1.6151
20.715
-5.6159
-11.199
12.23
7.0255
-11.801
13.14
-11.348
-1.0808
-1.8658
-0.28902
-0.036525
1.6921
1.8483
-1.3315
2.483
-3.5212
-1.5719
1.1708
-0.28057
-0.2966
-0.95332
2.4305
4.9256
0.94038
-4.7703
3.1288
1.7463
-4.9479
-1.9078
-0.02928
1.2325
2.149
0.62113
1.9233
-1.3765
3.0349
-0.55986
0.84618
0.90832
0.37326
-0.52403
0.26699
-0.4213
1.1124
-1.1278
0.79476
-0.0056257
-2.048
-0.89714
0.34191
0.87327
-2.311
-1.1261
-0.13999
1.1969
-0.77523
-1.3829
1.8829
-3.0171
2.0528
0.97262
1.0195
-1.2876
0.097201
-0.44376
0.060075
0.98186
1.037
-1.2174
-0.2209
0.25066
0.47052
0.66115
1.0751
2.6181
-4.6265
-3.6239
-11.241
29.234
15.677
8.0425
-15.335
3.1906
-1.1415
1.4138
-0.14603
27.987
-2.9586
-13.958
9.5778
-18.479
16.283
-3.8895
-3.9487
0.54991
0.30407
-0.60682
0.19181
0.30074
-0.78945
-1.8927
-0.4747
-0.1007
-0.13395
-0.3496
-2.0475
1.3224
-1.8662
4.8759
6.0929
-0.43139
-0.42115
0.4553
3.7299
-8.8931
2.2364
0.99272
-0.014111
0.31906
3.4702
0.71664
-0.57278
-0.83834
-0.81793
-1.3553
1.243
0.36694
-1.7939
-1.748
2.2027
0.078374
-1.4718
-0.12678
-0.15234
1.3165
0.25455
0.60015
0.78084
-1.2311
-0.39939
1.6281
1.4875
0.98355
-2.4948
2.5318
0.75273
0.62173
-0.47276
0.55614
0.75215
-1.1885
-1.2386
-0.36639
-0.66891
-0.6864
-4.2275
-4.187
2.4337
1.142
-0.38134
-6.6861
-6.3351
-11.456
-2.2735
3.5047
-10.58
-10.768
11.357
-12.945
-0.37431
8.9418
8.9182
9.9602
28.98
-20.648
-10.8
1.9596
6.3683
5.911
17.636
12.075
-10.775
4.5737
4.8117
1.1495
2.127
-0.52449
3.1872
3.1106
3.1087
1.9799
0.2941
0.024711
0.06388
-1.942
2.3663
3.6956
0.65786
0.42513
-4.0619
3.1271
-9.5771
3.1256
3.069
-2.2077
-0.92369
0.89986
0.56862
0.36517
1.9179
-2.3581
-0.097752
0.77586
-2.3257
-2.271
0.15499
-1.5994
0.67
1.1065
-0.18959
-0.18255
-0.44298
-0.93775
1.5466
0.085458
0.2675
-0.33595
1.6666
-1.8613
1.5815
-0.43673
-0.62347
1.3979
-0.83975
-0.13534
-0.12846
-0.91621
0.75047
-1.244
0.2563
0.27214
-0.85167
1.2096
-0.61251
-0.6347
0.24296
-0.31549
1.5183
-7.2675
-3.4315
-3.1407
-5.0031
3.788
6.4847
6.1158
-4.0346
-0.16975
-3.373
-0.11027
-0.2124
-1.3456
33.517
-17.752
20.517
20.836
-21.516
39.87
18.833
13.975
13.561
-14.383
-21.854
-15.137
9.3842
9.6124
3.3528
-1.197
4.1251
-1.8022
0.83703
0.85577
-0.93666
-0.57491
-1.5218
-1.4936
0.73265
-2.7384
0.029291
-0.48934
-0.59243
0.098465
-0.57972
-7.1016
-2.6417
-2.6495
2.5943
1.3725
2.8311
-0.72522
-0.78372
0.56303
0.19362
0.15587
0.62949
0.57887
2.5181
-1.1332
0.3497
0.39368
0.11896
0.1101
0.28401
-0.70292
-0.33035
0.8484
-0.89273
-1.1053
1.9881
-0.56572
-0.47261
-1.0883
1.304
-1.545
1.6369
-0.25674
-0.2614
-0.6094
0.35756
-1.7675
2.0187
-2.8296
-0.96783
-0.54939
-0.17916
-1.6769
-0.48106
-0.735
2.468
-3.3728
-1.3945
0.30948
1.0102
0.44816
-15.509
-2.5115
-2.4098
11.199
0.26405
-8.7668
8.9723
8.932
1.9138
-3.9568
4.3881
2.6518
23.571
23.76
12.604
1.401
35.069
-26.154
-22.235
22.727
-11.544
20.186
20.225
-10.723
10.373
-13.745
-5.0235
-4.7991
3.5309
3.7129
3.1464
-2.1823
1.3133
-0.046867
0.78064
-1.1287
0.5193
0.40604
0.78465
2.0082
-0.57987
-2.1346
5.987
5.8873
3.8658
2.1173
0.88349
0.07719
0.23715
2.9466
-1.061
0.56409
0.54333
-1.3091
1.3945
-0.51178
3.2409
-2.8886
-2.9048
1.3962
0.38502
1.4434
-1.1418
0.68247
1.3485
-0.12809
-0.11666
-1.1
-1.1957
1.2572
0.13302
-0.7125
-0.27404
0.61189
0.5623
-0.3566
-1.5365
-0.82514
-2.2163
-0.79989
-1.2792
-0.80981
-0.70658
-0.52996
-0.33923
0.03812
-0.83389
1.5654
1.5549
-2.1838
-1.3278
1.5583
-1.3418
-1.0053
-9.2007
-6.3598
18.685
-17.785
-17.937
14.093
0.0071236
-4.819
-0.31807
-0.39525
-2.768
0.28995
6.7653
-22.831
-22.535
22.361
-9.4295
-1.3089
8.8517
-28.448
-3.2562
-9.6768
5.5588
4.4154
4.5884
-3.9017
-2.636
1.2192
-0.39954
-0.43163
-1.1434
0.61012
-0.19573
0.85851
-0.13065
-1.2676
2.5512
3.2258
2.5122
2.4714
-3.5303
-2.3594
3.1325
-0.94539
-0.92141
-1.0481
-0.060148
1.1619
0.029001
-0.055935
0.92183
2.344
1.7983
-0.87166
0.57872
0.50473
-0.77474
-0.73743
0.84185
-1.2536
-0.93813
0.49949
0.15694
0.76248
-0.12893
-0.18201
0.31448
-0.69703
-1.8478
-0.14931
0.40677
-0.52298
0.30815
0.39316
-0.88077
1.745
-0.8957
0.45274
0.074488
-1.1683
0.3557
-0.47159
-0.028167
-0.48906
-0.84055
-0.95203
-0.79074
-1.5524
0.9498
1.8412
1.3389
-1.925
1.1985
0.63701
2.3627
-11.495
-7.8187
5.5258
11.52
-2.0634
-3.849
-15.473
-1.4799
16.201
-11.603
3.2893
1.6882
30.418
-10.617
24.573
24.706
-15.214
4.5977
9.0452
22.083
21.862
2.5631
-3.0854
3.0766
3.7457
-1.7783
4.1585
-2.003
-4.4286
4.3658
4.4367
-2.2962
0.99404
-0.46458
4.0289
4.1031
-3.9556
7.4067
-5.9829
-0.89089
-0.49214
-0.12895
0.013355
0.48479
-1.2051
-1.3888
0.91268
1.9658
-0.050659
1.6006
-1.4369
2.4416
-1.1331
0.35521
-1.322
-1.3091
1.302
0.11712
-0.51871
0.016907
0.79613
1.4727
0.38744
-1.8813
-0.5433
-0.69362
0.84699
0.70758
-1.9869
-2.3861
1.5795
1.5882
0.34352
0.21756
2.5508
-1.7923
-1.7691
0.46925
-0.46831
0.49515
0.85234
0.85954
-1.5547
0.62891
-1.6528
2.3124
-2.1232
1.8561
1.7785
-0.41385
1.0246
0.8663
-0.19596
-0.15833
-0.45621
1.2888
-0.78565
0.041348
0.19075
0.6668
0.62714
0.66596
-0.51385
-0.63939
1.013
-0.2643
0.13935
0.042895
0.091417
-0.21066
-0.054337
-0.039373
0.4967
-0.041555
-1.1858
-0.23505
1.2121
1.2195
-0.54725
0.68336
-0.81992
0.60798
-0.2706
-0.28564
-0.90276
0.11128
-0.18835
-0.13979
-0.059935
0.14992
-0.15622
0.16195
-0.25331
-0.26611
-0.30143
0.35434
0.0076352
0.29168
-0.26971
0.13809
0.047054
-0.089598
0.089281
0.10731
-0.055464
0.10935
-0.11901
-0.01899
-0.25359
0.096546
0.094808
-0.15554
0.092705
0.098261
0.070476
-0.023597
0.12886
-0.099405
0.13428
-0.10602
0.1075
-0.042143
-0.043242
-0.026676
0.010728
0.22822
-0.065092
0.081769
-0.038681
-0.017079
-0.29477
0.15054
-0.096968
-0.078857
-0.075941
0.20888
-0.048647
-0.128
-0.083235
-0.063215
0.15479
-0.049817
0.087127
0.086368
0.049361
-0.20942
-0.10489
0.28768
0.29359
0.32942
-0.33906
0.14724
0.13269
0.12598
0.14857
-0.20538
0.039055
-0.18321
-0.18939
0.21613
0.013917
0.058197
-0.054641
-0.04375
-0.10495
0.014795
0.045659
-0.022079
-0.039809
0.026103
-0.023159
-0.047422
-0.14138
-0.13979
-0.025803
-0.038291
-0.012272
-0.014314
-0.016618
0.076949
-0.077092
0.0068874
-0.007067
-0.0030743
-0.025305
0.049595
-0.10409
-0.025146
-0.022293
0.0011174
-0.028069
0.035405
0.017347
0.019061
-0.01932
0.02812
-0.045421
0.010724
-0.0033913
0.035187
-0.02208
-0.0089221
-0.017517
0.0040554
0.027943
-0.020472
-0.023393
-0.028387
0.031072
-0.049162
0.0060821
0.066289
-0.03155
-0.034918
0.029613
-0.025117
0.045219
0.033082
0.017669
-0.057503
0.042691
0.02899
-0.019338
0.036558
-0.041878
0.020036
-0.016471
-0.02706
-0.072943
0.043687
0.0053376
-0.023414
-0.022974
-0.025824
-0.063604
0.039445
-0.13723
0.090366
0.048916
0.025361
0.061481
-0.21027
0.11624
-0.12417
-0.04177
0.18335
-0.13328
0.14618
-0.058628
-0.010027
0.071557
-0.036222
0.033499
0.032674
0.037288
0.0041829
-0.025297
-0.0015845
-0.018447
-0.028006
0.031348
0.0099342
2.9235e-06
0.0025088
-0.0162
0.017931
-0.058752
0.0099848
0.0030466
-0.0070368
0.016631
-0.036224
-0.022852
0.01642
-0.040098
0.043107
0.052686
0.051279
0.058827
-0.046352
-0.023484
-0.034457
-0.01831
0.056933
-0.089104
0.071525
0.033106
-0.086776
0.03072
0.027509
-0.066838
0.035934
0.021146
0.023411
-0.048052
0.01345
-0.10581
0.0028801
0.026276
-0.039319
0.028123
0.012189
0.0024942
-0.029412
0.041207
0.040183
-0.020216
0.0023975
-0.013869
0.036131
-0.0074751
0.010993
0.0025516
-0.043552
-0.00091172
-0.018597
-0.0011424
0.03374
-0.039954
0.0093547
-0.032765
0.033769
-0.025191
0.021876
-0.0021078
-0.011715
0.038186
0.024203
0.04464
-0.021593
0.041251
-0.041024
0.0014782
0.024306
0.0072505
0.00643
-0.027355
-0.00029701
-0.024111
9.7187e-05
-0.0014515
-0.006636
-0.041228
0.044173
-0.04809
-0.033272
-0.076709
0.05887
0.015549
0.0093545
0.040005
-0.035653
-0.019024
0.015384
-0.042181
0.028316
-0.0067328
0.018006
-0.030938
-0.013671
0.019803
-0.039093
-0.016447
-0.013938
-0.029378
0.071215
-0.034786
-0.0033341
-0.088249
-0.0056199
0.054875
-0.049896
0.033762
-0.0071873
-0.087101
-0.061312
-0.017159
-0.020608
0.047685
0.0012027
-0.025993
0.03788
-0.03557
0.017225
-0.018538
-0.0051261
-0.0033576
-0.00065507
-0.0023669
0.011905
-0.0231
0.0034948
-0.024871
-0.0039903
0.015335
-0.014169
0.061497
-0.017536
-0.0035931
0.0048683
-0.043874
-0.02832
0.043238
-0.023783
0.0020247
-0.0087309
-0.039892
-0.03036
-0.027857
0.021807
0.0005765
-0.018901
0.0095296
-0.025337
0.033315
0.0077307
0.051582
-0.012296
-0.033294
0.049878
0.0018138
0.016731
-0.028711
0.0071678
-0.011654
0.0063907
0.039654
-0.026106
0.016739
-0.0087727
-0.027027
-0.016794
0.0022623
0.0062107
0.0055122
0.0053829
0.0338
-0.0003219
0.053659
-0.025764
-0.070771
0.067723
-0.055851
0.069484
0.017393
-0.047267
-0.069591
0.035915
-0.04713
0.014136
0.0096271
-0.053196
0.030088
-0.044204
0.038892
-0.0064803
0.035702
0.014529
-0.050837
0.076204
-0.068884
0.05139
0.0086046
0.033961
0.029883
-0.031266
0.081801
0.21278
-0.32901
0.14469
-0.14177
-0.10302
0.070246
-0.15477
0.43223
0.026848
0.22806
-0.011506
-0.2499
-0.44661
0.45475
-0.9703
-0.065362
-0.31115
0.058212
0.34791
-0.026437
0.45988
0.4185
-0.75028
-0.37957
-0.21848
-0.61616
-0.61841
-0.70732
1.5487
1.4253
0.076738
1.8757
-0.98541
2.5697
2.7755
0.55976
4.7331
-3.3565
-23.8
24.979
-19.232
-22.234
23.097
-11.071
4.6822
34.765
-19.759
9.8161
19.763
11.856
-7.6351
12.075
5.1295
6.8616
4.4661
3.3312
4.0326
-12.216
23.805
-21.274
-14.769
5.6971
-5.7475
1.0306
-0.95436
-0.049026
-0.37082
-2.0844
-1.1386
-1.6816
6.1582
0.41882
1.7085
0.37093
0.67423
2.3424
-0.4483
-1.8165
3.5606
-7.2274
6.9097
-0.030904
0.18494
-3.3542
-0.75119
-0.13669
-1.1041
-2.2782
-0.27581
2.6571
0.18183
0.80375
-1.2939
0.97133
0.021656
-0.52761
-0.48923
-0.11486
-1.2495
1.3527
-1.06
1.1955
2.4145
2.6456
5.5064
2.7232
2.5517
-10.474
1.4504
-11.691
21.714
-9.8481
13.374
13.72
-10.817
-6.5809
-6.5919
-1.5911
-0.84426
1.351
-6.5915
-6.7559
6.7895
-4.9381
-1.2752
-5.9216
-5.6172
4.4443
0.85423
1.84
1.2309
1.0285
-7.2281
6.1132
-0.92811
1.0986
0.96983
0.34469
-4.1102
0.26791
25.47
-23.113
14.367
-2.0607
11.123
-6.9407
30.218
28.01
-21.674
29.312
-7.0632
-6.8002
-1.5998
4.8344
-4.0817
1.3224
-0.91285
5.2975
-4.9105
5.6219
-2.3191
-2.3176
3.1391
-7.4414
2.6818
4.7869
14.236
-13.729
-6.4269
6.9909
0.81065
0.7785
7.7212
1.5673
5.4439
-13.323
-4.6728
3.9894
7.0025
-7.1841
12.854
13.069
-0.75137
-6.15
4.8646
-5.8388
3.4406
0.58231
-0.6604
0.30676
0.58441
1.8077
-0.46092
-1.4854
0.99256
-1.8115
2.1932
-3.451
-3.8147
-3.9972
1.5405
3.1092
7.9323
-4.3814
-3.2954
1.5718
-6.7823
-1.205
3.2569
0.26827
0.45612
0.15189
0.024673
1.2694
-1.799
0.47424
-1.6823
-2.8325
-0.69564
-2.1669
-2.6447
-0.7648
6.009
-9.8312
-3.0181
-1.1617
-1.4695
3.6853
-3.0725
-4.6122
-0.51087
-10.977
-13.511
4.0172
0.76575
-8.427
-9.903
17.252
20.471
-20.979
7.2953
-22.1
-22.25
9.3909
-14.299
13.598
-10.678
-10.894
5.0631
-5.4158
-1.3155
2.7489
3.067
1.8772
-11.681
2.3118
-15.873
-15.761
2.646
6.4021
-4.3953
7.9969
8.0307
6.5582
0.89431
4.6001
4.589
4.5553
2.162
-0.25493
2.0852
-0.62914
-0.52748
4.4384
-12.934
25.733
-17.81
-19.856
-20.053
-12.431
1.9588
1.7212
-0.71014
-0.59312
-0.51288
0.86732
-0.72906
-0.73239
0.56072
-2.2165
4.284
-1.1738
-1.4262
3.8974
1.0904
-0.13994
-2.2408
-2.1829
5.3178
1.5355
0.14239
-1.4958
-1.5269
-1.5828
-0.53745
-1.7899
-1.9457
-0.31178
-0.30234
-4.6107
5.9479
1.1118
0.79096
0.51382
0.12661
0.45371
-0.20575
-0.30974
0.12892
-1.6381
-0.25097
-1.5107
0.97818
0.92295
0.51385
-1.9881
0.15664
-0.95205
-0.69982
0.8562
0.27708
-0.70845
-1.1792
-0.87129
-0.45972
0.10586
-0.14145
0.18393
-0.97987
1.0004
-0.70009
-0.087729
0.852
0.49949
-0.86691
-0.91644
1.798
-0.39494
1.1408
-0.87006
0.49656
-0.10774
-1.2552
0.77949
0.4605
-0.49895
0.45574
-1.5754
1.8094
-0.82403
0.73345
-0.36875
-0.5137
-1.0976
0.75244
-0.34182
0.0033759
0.7521
-0.56327
-0.56134
0.50231
-1.0276
0.89768
-0.01469
-0.40295
-0.87151
0.6175
-0.12184
-0.12165
-0.091373
-0.12098
0.53551
0.3649
-0.13117
-0.59382
0.33232
-0.46957
0.16921
-0.26258
-0.15216
-0.02403
-0.23007
-0.17003
-0.034707
-0.0020299
-0.17446
-0.073902
-0.075686
-0.052621
0.26615
-0.30514
0.0057886
-0.2266
0.14745
-0.11137
0.44628
-0.25842
0.15741
0.040016
0.11723
0.096662
-0.056932
0.11511
-0.027529
0.091796
0.089969
0.038294
0.082226
0.0074974
0.014758
0.11454
-0.022029
-0.092837
0.054328
-0.077167
0.013344
-0.045577
0.07015
-0.066253
-0.093399
-0.012538
0.0038211
-0.057029
-0.053557
-0.0096936
-0.062193
0.0021892
0.0055399
-0.023293
0.0072318
-0.01273
0.064839
-0.055903
0.20797
-0.076689
0.13145
-0.016258
0.018141
0.12996
-0.0085601
0.038472
-0.012198
0.051649
-0.011162
-0.041684
0.093686
-0.056947
0.35003
-0.12614
-0.18898
0.23469
-0.14338
0.17946
-0.2112
-0.075264
-0.11591
-0.11735
0.087795
-0.0063017
0.060663
-0.038661
-0.031977
-0.022306
-0.048235
0.12389
0.12768
0.12815
-0.081644
-0.062304
0.12809
-0.032659
-0.033622
-0.078162
0.067859
-0.035665
-0.0024991
0.0089873
-0.053889
-0.05579
0.0006009
0.0043152
0.0023459
-0.065588
0.017939
-0.25183
0.16285
0.16481
-0.1993
0.064807
-0.21266
0.14142
-0.17864
0.13108
0.087518
-0.16506
0.11583
0.11735
0.059898
0.099299
0.09007
0.062351
0.063707
0.12268
-0.14063
0.13153
-0.068474
-0.063191
-0.05722
-0.0029581
0.075589
0.028676
-0.037008
0.039464
-0.0037423
0.061032
0.0074721
0.0099853
0.038024
0.0077766
-0.015179
0.006771
-0.025559
0.006147
0.021646
-0.035364
0.028532
0.030729
-0.10162
0.094931
0.0238
-0.081707
-0.08628
0.024236
0.082021
-0.059264
0.0022978
-0.022112
-0.044354
-0.092517
-0.044754
-0.11532
-0.091997
0.068197
-0.067567
0.042411
-0.081881
-0.091137
0.15141
-0.0023336
0.044224
-0.056118
-0.041844
-0.00075564
0.0023603
0.058841
0.030357
0.033186
0.023219
-0.016356
0.023024
-0.077666
0.031981
0.037219
0.025424
0.078104
-0.073761
-0.034463
-0.11466
0.051355
-0.025315
0.017739
-0.011454
-0.0004668
0.18942
0.044187
0.096688
-0.18325
0.17193
0.19613
-0.39122
0.14871
-0.25668
0.036992
0.034391
-0.11298
0.19441
-0.1159
-0.034851
-0.032943
-0.16623
0.17684
-0.00075556
0.19389
0.20103
-0.1439
0.16142
-0.12972
0.13754
0.12847
-0.02589
0.061936
-0.12523
-0.076254
0.036422
0.046198
-0.02004
0.053782
-0.076747
0.037099
0.033931
0.04395
-0.044543
-0.062156
0.077839
0.073389
-0.040621
0.14238
-0.036479
-0.13857
0.064774
0.036061
0.0078068
0.084345
-0.019578
-0.032105
-0.025046
0.11026
0.098981
-0.052144
0.056203
0.05737
-0.095379
0.030433
-0.03525
-0.001754
0.069388
0.066633
0.098193
-0.018157
-0.046231
0.033055
0.023713
-0.016887
-0.058392
-0.044355
-0.052547
-0.00043364
0.12015
0.021096
0.050336
-0.0075471
0.016686
0.19048
-0.084135
-0.048818
-0.046995
-0.042085
0.077499
-0.097952
0.015
-0.09422
0.10961
0.062704
0.13234
-0.06979
-0.018873
-0.0038862
-0.0024043
-0.04207
0.018299
-0.004446
0.0045811
-0.00066024
-0.069861
0.11261
0.11373
0.036594
-0.11933
0.05579
-0.084047
-1.8526
4.6317
4.6475
-4.0985
2.9558
0.44668
1.3316
-1.1851
-0.4078
-0.56355
0.45212
0.36954
-0.50915
0.74956
-1.0904
1.8509
0.71092
0.81263
-1.3235
0.28547
-1.1576
0.20888
-0.1001
-0.85535
-2.5192
0.81018
1.8927
0.037176
0.049792
-0.1431
-1.0666
1.406
0.11961
1.7809
-0.99743
-1.7157
0.55524
-0.33864
-1.1971
-0.86785
-0.87305
1.3577
-3.1446
1.7247
-0.37065
1.8765
0.1455
1.5407
0.13647
3.8498
-2.8024
-4.6662
-4.2633
4.3578
-0.11309
-5.0137
6.0806
-7.5009
10.498
7.1285
-6.0741
3.0481
-2.5515
0.51227
-0.26266
-2.2406
-3.7658
1.133
-0.37909
-2.3976
-0.53159
0.1785
0.076873
-2.7889
0.24333
-2.6406
2.9098
0.02763
1.8629
-10.871
-9.5686
16.614
18.131
-15.256
14.44
21.055
-10.897
9.4876
12.388
8.2078
-6.2745
29.844
-21.692
31.308
-24.319
17.485
-13.639
-1.2833
-11.031
4.2603
-6.1845
9.1137
-11.09
8.5239
3.4337
-2.2379
0.80904
-0.79271
0.30159
0.039604
3.9631
5.6848
-4.647
2.307
-0.70232
3.7861
-1.8464
3.1891
-3.9576
-4.9417
5.9425
-14.375
9.5164
3.3833
-2.2615
4.6182
4.6523
-5.1544
4.1502
-1.1063
2.1863
-2.5978
0.19661
0.99078
1.7831
-1.3547
-0.1829
-0.14437
-1.7559
1.1948
-0.041819
1.2008
-0.87301
1.9087
-1.3697
-1.2953
-0.59378
0.82632
-1.3238
0.19546
1.9301
-1.3121
-2.8084
2.0631
-2.5184
1.5177
0.41459
-1.4815
1.8337
-0.54669
-0.20829
-0.49808
-1.1431
-1.1783
1.0791
-2.3404
0.037987
0.53327
-0.054512
-0.41325
0.23673
0.95116
-6.6427
12.196
7.3844
8.1234
-1.3595
-0.81465
3.8199
13.649
6.7031
-12.653
-11.528
2.6274
2.6379
21.223
1.0696
5.3935
0.96998
-24.815
31.167
-5.1183
-15.749
4.1919
9.5119
-3.9739
2.0086
2.1814
-0.48564
-0.35077
0.40993
0.53928
-4.1283
2.9177
3.0218
0.17363
-0.29091
-0.32226
-0.34209
-0.12723
1.8901
-1.0791
2.7962
-0.3935
0.71123
3.6068
0.11292
0.020243
-0.085577
-0.051171
0.14937
-0.75283
-0.83164
0.29417
-1.172
-0.076951
-0.28962
-0.23816
-0.053537
-0.15202
0.43331
-0.81544
-0.6017
-0.37399
-0.41097
3.2841
-2.6255
-2.6825
1.1822
0.76092
-1.3954
0.31006
0.50444
-0.058039
0.22607
0.51691
-0.29678
-2.4406
-2.4812
0.60383
0.98544
-0.05264
-0.12645
-1.8431
-1.0454
-0.48527
-1.0554
-1.0182
1.441
1.3874
2.3469
-0.82158
-0.89422
2.2231
-6.6316
-5.1934
-17.163
-16.898
4.7787
6.0562
-1.2137
3.1319
3.4904
11.412
11.221
-12.699
7.0947
-1.8987
-6.0254
-5.947
24.693
-4.3389
27.271
27.411
9.473
5.2033
11.391
5.2932
-0.95264
-0.8761
6.9474
-5.0437
2.5408
2.4644
-3.1535
-0.72375
0.76892
0.78925
0.76365
-0.16568
0.94283
0.89289
-0.47726
-0.93413
-0.38239
4.2502
4.2671
1.9406
-1.7467
0.15398
-0.56344
-0.66078
-0.58547
0.16568
-0.11945
-0.5789
-0.50078
-0.62197
0.14091
-0.88419
-3.5364
-3.5771
2.7612
-2.6016
-4.1496
5.2263
5.2562
-0.88749
2.0566
0.77508
0.37764
0.15602
-0.65985
4.4023
-0.53772
2.0646
2.181
2.1396
-3.6025
0.55377
0.63221
0.46729
-2.4671
0.97196
-1.478
-0.91409
-0.81788
-0.73095
0.6482
0.26114
-0.025952
-0.03644
-0.40838
0.77312
0.2292
0.038742
-0.77941
-0.78871
-0.32128
-0.37719
0.43967
-0.23538
0.94348
-0.83122
0.26108
0.82036
0.88773
0.36199
-0.53666
-0.16351
0.11619
0.47043
0.45229
-0.15017
0.22419
-0.39486
0.11287
-0.20694
0.46864
-0.21788
-0.48115
1.9762
-1.4059
0.25667
-1.1763
0.67307
-0.14115
0.26505
0.27831
-0.069703
-0.2207
-0.28656
0.33016
-0.58542
-0.023833
-0.34565
0.065526
0.081123
0.17035
0.19966
-0.00030286
0.083382
0.052163
-0.040138
-0.038753
-0.10501
0.077451
-0.0094425
-0.11195
-0.039518
0.15206
0.039627
0.012272
-0.12631
0.12708
-0.066128
0.013016
0.059833
0.072203
0.21096
-0.19319
0.070703
-0.069956
0.068322
-0.049361
0.16749
-0.13333
0.029875
0.051649
0.00014084
0.069166
-0.020231
0.052803
-0.042381
-0.11199
-0.1708
-0.19862
0.054535
-0.022851
0.13448
0.12324
-0.090406
-0.032153
0.012667
0.089547
0.00034231
-0.10417
-0.11408
-0.016738
0.050185
0.020396
0.0021654
0.17512
-0.24234
0.11914
0.014982
-0.22544
0.13284
-0.20681
-0.1806
0.26828
-0.029825
-0.093159
-0.079962
-0.10463
0.039465
0.079465
-0.01296
0.15978
0.043864
0.10625
-0.1533
-0.1416
0.06973
-0.13719
0.080431
0.13786
-0.20111
0.080838
-0.13701
0.12515
0.017639
-0.045663
0.02218
-0.0226
0.00094802
-0.0077279
0.047803
0.016208
0.066317
-0.11789
-0.020493
0.044805
-0.022687
0.057794
-0.029498
0.054399
-0.052313
0.029192
0.025737
-0.00067093
0.04548
-0.020596
0.023257
-0.018369
-0.002455
0.054385
-0.056967
-0.01008
-0.060975
0.050582
-0.013508
-0.063579
0.04754
-0.025763
0.056962
0.027907
0.039036
-0.011765
0.018211
0.0028798
-0.010063
-0.039699
-0.055487
-0.035812
0.051012
-0.034152
0.04309
0.03803
-0.10989
-0.062927
-0.062293
0.12397
-0.063143
0.19717
-0.13752
0.020885
0.04853
0.14052
-0.12866
0.057784
0.18967
-0.018594
-0.20155
0.2738
0.010638
0.22424
-0.24307
0.087132
-0.029751
0.02639
-0.014485
-0.24933
0.18289
-0.1146
-0.053986
-0.023807
0.035551
0.018669
0.031576
0.064694
-0.02891
-0.043917
-0.065465
0.016447
-0.097414
0.08575
-0.0077645
0.022127
-0.00028212
0.09841
0.032711
0.059779
-0.021656
-0.033579
-0.061728
0.029844
0.0020155
-0.086498
-0.021321
-0.1061
0.13257
-0.036148
0.077295
-0.0026482
-0.066383
0.017296
-0.011779
0.030978
-0.0051318
-0.023169
-0.07463
0.056704
-0.012337
0.012502
-0.039827
0.032687
-0.0056077
0.019955
0.0033168
-0.040914
0.031421
-0.060169
0.028854
0.031644
0.083027
-0.070086
0.064105
-0.036782
0.072621
-0.033015
-0.0074565
0.05061
-0.058531
0.06688
-0.0056719
-0.02195
-0.0073262
-0.026341
0.010365
-0.057887
0.037585
-0.021624
-0.0032229
-0.02186
-0.027357
0.012717
-0.036374
0.002307
-0.024332
0.03988
0.034303
0.055977
-0.09446
-0.11919
-0.15947
0.028867
-1.8277
4.4028
2.2074
-0.13163
-2.2575
2.135
-1.0386
1.2862
-1.1526
1.2496
-0.40993
-0.3515
-0.046695
0.90735
-1.304
-0.15842
-0.15602
0.87906
-1.2449
1.2789
0.34434
-0.65055
-0.69236
-0.62878
-1.02
-1.0685
-0.45791
-0.10433
0.70793
-0.62397
-0.58204
-0.99108
1.701
-1.3187
-0.15163
0.19994
0.21232
-0.53484
0.94996
0.058577
-0.89676
-0.92992
1.0725
1.4868
0.86054
0.94423
-1.1187
1.0521
-0.75867
0.54377
0.61045
2.4877
-0.092278
-0.023197
1.1957
1.1309
-4.544
9.2245
-2.2352
1.1026
1.0968
-4.3403
5.6844
-2.499
1.6378
-2.3319
-2.5114
1.8964
0.16971
-0.42933
-0.39307
-1.4508
0.14293
2.937
-1.5132
-1.6565
0.44776
0.98084
-2.2381
-8.3284
-7.9585
-0.76631
-2.5966
33.995
-10.192
-0.79744
29.71
17.311
-1.0547
-8.632
-8.7599
-1.0949
-8.7415
-11.313
-10.95
13.559
15.347
-15.858
-12.825
-13.366
-4.025
3.048
0.85967
-1.1669
-1.0377
0.60417
-6.4841
2.5951
1.3191
12.09
12.08
8.5785
-9.6125
-0.84699
-1.1324
-1.1801
4.4996
-1.7241
3.7046
3.115
3.0608
2.2188
-5.9653
-1.4734
4.3453
4.1447
3.0198
-0.35005
1.5993
-0.45446
-0.34244
-0.0021707
1.3953
0.23159
-0.15176
-0.14859
-0.64094
0.78684
0.034968
-0.6836
-0.73724
-1.7909
0.95162
-1.392
0.98734
1.0723
0.78746
1.4715
-0.96208
0.4797
0.4032
1.0554
0.59983
-1.4124
-2.3209
-2.308
-1.3986
1.4752
1.9618
-2.7169
-2.818
2.2521
0.049357
-0.53653
0.04736
0.11979
-0.068601
-2.5424
1.6678
2.5481
2.6081
1.1882
1.1378
-19.038
2.0034
1.8757
-21.948
-0.34699
-3.82
11.496
11.466
-21.556
30.465
-21.003
-8.4534
-8.4233
22.219
-4.6425
1.0133
7.4258
7.1705
18.615
25.536
-7.148
-10.555
-10.441
5.7394
-10.318
-1.1522
-6.5402
-6.2269
-3.9014
17.741
2.9611
-1.5433
-1.5375
6.1336
9.6845
3.7581
4.6276
4.4803
-5.9663
1.2
2.8518
1.1266
1.3742
5.4371
-1.4075
-4.4873
-2.0747
-2.1149
-0.69248
0.080349
0.29778
0.11783
0.23995
-0.089857
0.53163
-0.062011
0.10355
0.025482
-0.080114
0.46395
0.57455
0.27806
0.26458
-0.33626
0.16896
0.74211
0.091574
0.13706
1.1845
-2.319
1.516
1.4464
0.72406
-0.23751
0.58496
3.1751
-3.3596
3.663
-2.7313
-1.8342
0.45096
-1.122
-0.17375
0.25131
-1.3201
0.56991
1.561
-2.9022
0.67973
-0.33597
1.8342
-2.8117
2.4108
1.9467
-9.251
-18.018
0.2566
23.24
-1.124
27.768
-11.84
-7.6185
23.154
-15.12
18.589
7.498
23.305
0.9049
-2.5343
-4.3929
28.721
-25.929
7.672
-16.125
33.81
-19.498
-11.888
7.5729
-6.9736
2.2371
-1.0829
1.2511
0.0090539
-0.87479
-1.8008
1.517
-0.47797
-0.42239
-0.0019877
-0.066291
1.0456
0.42418
0.70247
0.7479
0.080329
-0.22254
0.46135
-0.24071
-0.10857
-0.12171
-0.009629
0.4622
-0.11845
-0.53992
0.57757
-0.24014
-0.78608
-0.43903
-0.56796
-0.17469
-0.67859
0.52025
-0.22592
-0.047766
0.0064443
0.215
-0.11608
-0.030374
-0.18632
0.23893
-0.13133
-0.080062
-0.16636
-0.25339
-0.086497
0.16457
-0.26397
-0.05335
0.17889
-0.19328
0.20691
-0.32056
0.28063
0.24056
0.40907
0.008691
0.062975
0.093327
-0.071383
0.22502
0.00041729
0.070667
0.065013
-0.20254
0.027216
-0.21756
-0.026216
0.016662
0.042662
-0.059905
0.034536
0.024068
-0.63128
-1.3486
-0.32998
1.4176
0.10272
0.59871
-0.8852
0.17116
-0.45504
-0.017723
0.36862
-0.25111
0.25353
-0.1494
0.0069136
0.16966
-0.0059921
0.072108
-0.070198
0.022671
0.046575
-0.19162
0.015132
0.0077121
0.023944
0.076031
-0.051953
-0.035151
-0.023293
0.052403
0.082505
-0.11597
-0.025021
0.050432
-0.29388
0.33339
-0.1004
0.0082582
-0.074587
-0.058776
0.10104
0.095046
0.077934
-0.011748
-0.086045
-0.10849
-0.054273
-0.051229
-0.080751
0.16228
-0.09905
-0.010305
-0.054816
-0.008204
0.0388
-0.050963
-0.0042669
-0.096336
0.0052035
0.050737
0.034534
-0.0075325
-0.040387
0.025318
-0.086409
0.059183
0.01125
0.022116
0.00094482
-0.032256
-0.030196
-0.014524
-0.033577
-0.058135
0.0094024
0.02895
-0.012337
0.034959
0.031716
0.088732
-0.079864
-0.022374
-0.0036338
0.0088282
-0.046759
-0.01778
0.057387
-0.03689
-0.02183
0.032556
0.016612
0.044026
0.003811
-0.025205
-0.090593
-0.040009
0.0082182
-0.08053
0.080773
-0.01298
-0.085222
0.020178
-0.18881
0.11525
-0.048166
0.11617
-0.02391
-0.064647
0.0028389
0.084853
-0.036098
0.051278
-0.05884
-0.042858
0.08224
-0.18368
0.065243
-0.019546
0.15147
0.09575
-0.1804
0.11874
-0.13009
0.13135
-0.00034463
0.092613
-0.10011
0.11885
-0.047789
-0.049591
0.061647
-0.10513
0.1005
-0.10615
0.048262
-0.0095832
-0.072544
-0.01598
0.0031151
-0.011834
-0.03798
-0.0035983
0.042487
0.097819
0.060699
0.06621
-0.016821
-0.02628
-0.030794
0.082527
0.087143
0.00092564
0.10313
-0.059711
-0.04334
0.0095615
0.0061255
-0.024249
-0.023089
0.028178
-0.060194
-0.015952
-0.0094741
0.054105
0.034349
0.032263
-0.024951
-0.012557
-0.0047402
-0.00052394
-0.026782
0.00085137
-0.027911
-0.0066938
0.043408
0.040738
0.0084362
0.012085
-0.013884
0.03148
-0.0070646
-0.0090728
0.03295
0.0043871
0.032756
-0.02894
0.073238
-0.06064
-0.015534
0.035569
-0.022888
-0.014556
0.014511
0.019864
-0.010725
-0.03584
0.040364
0.054373
0.060022
0.052891
-0.023416
0.04918
-0.042201
-0.0029905
-0.016532
0.042696
-0.013753
-0.0038788
0.05465
-0.078652
0.01812
0.031844
-0.011115
0.003129
-0.019884
0.086413
0.092447
0.00017029
0.12698
-0.20969
-0.59407
-0.0059662
0.36895
0.37571
-0.22343
0.16005
0.049667
-0.61776
1.6965
-1.6217
0.25043
-0.45484
-0.013237
-0.70887
-0.73574
0.53338
-0.25079
0.14559
-1.5645
-1.7477
1.9054
-0.20539
0.2256
1.1329
2.5172
-2.1525
2.0625
-3.3658
-3.7006
-3.3265
-7.0382
3.411
-24.947
-25.177
28.455
-7.2033
7.904
6.9817
2.4784
-5.5987
9.0836
-9.6619
9.369
0.79708
0.74828
-20.589
15.609
11.027
-6.7234
-6.6244
-8.6976
-6.5766
5.2071
-6.457
4.6096
-0.80928
1.2047
-2.1962
-1.9109
2.2237
-3.8343
-0.4558
6.0163
0.88115
0.68852
2.4616
-1.9873
-0.69635
6.2317
-7.8695
-4.7208
3.3944
-1.8278
-1.9012
-1.8164
1.9505
-0.59125
2.2899
2.3784
-0.15189
0.28488
0.93122
0.41872
-0.3889
-0.38262
0.094157
-0.48215
0.2126
-0.40925
1.2992
0.11829
-0.62946
-0.82578
-0.72299
0.10165
2.9378
1.207
-2.0576
1.0387
0.97187
2.1109
-3.4904
2.4264
-1.3043
0.40915
-0.96511
0.99184
0.94805
-0.72359
-0.3038
-0.40509
-0.10816
-0.7961
-0.72128
0.079199
1.0563
-1.217
-0.023424
-0.24882
2.5415
-2.9319
-3.8902
7.9484
18.831
19.132
-23.413
-5.4535
1.287
8.5835
8.1288
23.625
0.57423
-5.7984
7.9253
8.4017
-18.33
18.004
-12.168
-3.2467
-3.3835
-2.6735
15.354
-2.6601
5.2387
2.5768
2.3133
-1.6791
2.8236
2.8776
-2.6078
-2.8734
2.4923
-0.57503
1.1183
0.60927
0.26507
0.2595
-1.0424
1.4182
-0.033033
-0.096286
3.1593
-1.9149
-0.93351
-0.87569
-0.98441
0.091997
-1.5891
-1.3892
-1.3793
0.12869
-2.1752
0.95812
-0.48027
-0.50077
-1.3924
-0.8526
-0.14344
1.2685
-1.8075
1.1268
-0.9683
-0.96457
-0.28954
-0.30512
1.3583
-2.2708
0.30616
2.3174
2.4181
-0.14044
-1.1045
-1.5478
-1.5201
1.4501
0.82898
0.89585
0.42074
-0.64957
-0.73123
0.54446
-0.16304
-0.55432
-0.32762
0.083134
-1.206
-1.5535
1.6648
1.0631
1.2521
-1.4932
0.55327
-1.2214
-1.2994
1.9726
-1.627
-19.342
-9.2851
-9.3818
-22.278
21.869
-28.256
-4.4985
12.514
12.557
9.5084
-5.776
2.4959
20.525
-1.3014
-10.779
13.145
-5.4928
-9.4016
23.099
12.842
-5.5752
-0.51456
1.4502
1.5309
0.33804
-1.2939
-2.2764
4.4911
4.6031
-1.0199
-0.25183
1.8271
3.3815
3.2369
6.0866
-1.6558
-3.2219
-6.6423
-6.6189
-2.1749
7.7417
7.5358
-5.4114
-5.5549
2.1926
-0.15101
-0.36978
0.25616
0.30996
0.28827
-0.66406
-0.22671
-2.1796
-1.4467
-0.13714
1.5981
-2.5126
-0.88904
0.26117
0.16541
-2.1665
-1.7749
-0.16164
0.77617
1.1188
1.1147
0.82718
-1.0514
-3.1876
-1.0676
1.618
-1.7026
2.2135
-2.1611
1.6762
-0.88049
0.62385
-1.4737
1.5393
1.3627
-0.42268
0.10272
-0.8164
-0.98355
-0.47306
-1.5867
1.0863
-0.83698
-2.7912
3.018
-3.7468
1.8872
-0.22078
1.132
-8.4319
30
-16.332
2.4229
-24.181
-24.348
31.766
-1.2487
4.528
2.5425
7.3661
-9.8742
0.73115
27.519
-23.737
32.151
20.331
-17.636
6.3218
-1.3904
-15.129
11.54
-6.1946
5.1402
-4.3666
0.5494
0.60932
0.4736
1.7669
-1.6256
0.21177
2.0213
0.14019
0.96319
0.038551
-1.7607
1.0021
0.49134
5.4293
-7.3088
7.3738
-5.0761
-3.5384
1.1212
-0.49268
-0.088682
-0.62513
-0.5715
0.10469
0.029506
0.63747
-1.5434
0.26599
-2.2844
1.8633
-1.5331
-1.4991
1.248
-1.4685
1.415
-1.2133
0.7136
4.2568
-2.2132
0.85026
1.8673
1.8833
-0.82382
-3.0404
1.3051
-1.6402
-1.8798
-0.046943
-0.11277
0.013723
2.7577
3.8497
-2.1504
0.59974
-0.86728
-0.44091
0.93633
-2.2106
-0.075128
-1.4043
0.054265
0.19919
0.056453
0.25525
-0.86982
-0.44598
-0.3538
-0.20975
0.055223
-1.1908
21.745
21.939
-6.0835
2.5357
1.7223
9.1437
10.063
11.33
-6.699
10.589
-3.2616
24.476
8.5401
-14.435
-3.3478
-18.317
4.473
26.327
14.897
-14.402
4.5938
4.7562
5.9413
-5.4923
2.5998
-3.1315
-3.7985
3.8652
-2.7829
1.3967
-1.0422
1.0218
-0.29638
-0.36316
-0.10336
0.74389
0.69849
1.0707
0.99815
0.18287
-0.22905
-0.36411
0.42358
0.21429
1.3814
0.63643
0.42321
-0.02761
-0.79579
1.2884
-1.2975
0.39605
-0.87625
-0.2267
-0.10749
0.29878
-0.43901
0.033157
-0.33992
-0.1256
-0.18497
-0.17287
0.21081
0.22937
-0.058659
-0.082796
0.21918
-0.30025
-0.25162
0.23599
0.22139
0.30387
0.30387
0.03825
-0.12192
0.10295
0.091197
0.0078169
0.011408
0.12407
0.16464
0.081214
-0.06587
-0.10536
-0.024066
-0.073157
-0.13675
-0.039527
-0.018447
-0.063786
-0.24153
0.11893
-0.075402
-0.053816
0.059456
-0.0091312
-0.093639
0.1548
0.11651
0.08501
-0.072705
-0.14569
0.11892
0.14313
-0.090376
0.091698
0.089844
0.050442
0.032483
-0.034882
-0.016408
-0.091633
-0.071389
-0.076383
-0.05267
-0.026721
-0.021544
-0.058179
-0.027563
0.025996
0.032266
-0.012617
-0.0058607
-0.014255
-0.0087346
-0.0060547
0.0064636
0.0017921
0.019836
0.030257
0.0014791
0.019365
0.030545
0.027386
0.023599
0.00092674
-0.012296
-0.0054694
0.011377
0.0087058
-0.0059457
-0.032437
-0.034148
-0.018478
-0.020312
-0.0074057
0.012309
0.0084626
0.0084171
0.011394
-0.018655
-0.023513
-0.014835
-0.025604
-0.021559
-0.0096246
0.0033352
-0.013626
0.0021727
-0.0065571
0.00027532
0.0077626
-0.0063904
-0.022291
-0.017989
0.0030002
-0.060633
-0.01589
-0.010172
0.060827
0.02612
0.02073
0.15285
-0.04925
0.021616
-0.078255
-0.029072
-0.064017
-0.045868
-0.044089
0.028099
-0.0068231
-0.013897
-0.014065
-0.087323
-0.013838
0.0062371
-0.0025958
-0.017573
0.028078
0.018494
-0.044161
-0.0071231
0.014592
-0.0033098
0.027982
-0.027907
0.026051
0.04266
0.0071081
0.0053126
0.028013
0.023263
-0.022581
-0.045863
-0.04267
-0.045437
-0.047609
-0.01412
-0.039001
0.020318
0.013136
-0.022003
-0.002591
0.010358
0.014468
0.04521
0.034321
0.0042212
0.014636
0.03979
-0.016103
-0.040172
-0.014927
-0.011478
0.0036199
0.00036071
-0.013999
0.0043084
-0.0001846
-0.0095515
-0.010443
-0.006304
0.019919
0.015501
0.00021971
-0.010046
0.0020768
-0.015937
-0.00057885
-0.003241
-0.0047336
-0.0016107
0.026451
0.025073
0.010676
-0.0024805
1.0292
0.12382
-0.18403
0.095372
-0.041114
0.076538
-0.020697
0.019232
0.018958
-0.079112
-0.070052
-0.031253
-0.037086
-0.038002
-0.063655
-0.080528
-0.066407
-0.061327
-0.10906
-0.15393
-0.2337
-0.30918
0.46853
0.49549
-0.49823
0.69906
0.21144
0.05156
0.32847
0.57927
0.22636
-1.0024
0.27954
0.10617
-0.22316
-0.10889
0.34905
-0.67158
0.57445
-0.22474
-1.9485
1.1747
1.347
7.3098
13.659
-9.6219
5.6125
-2.9093
-3.1887
0.11707
0.9444
-0.1462
-0.30473
-1.114
0.44883
0.48988
-1.2515
1.0181
0.05366
-2.1977
-0.48975
-0.71894
0.65895
-1.9899
1.236
-0.59294
-0.27624
-3.9361
0.64392
1.9749
0.62723
-0.64586
2.93
-0.49685
3.2786
-0.98455
3.6311
-0.54877
-1.925
3.2967
-0.015961
-0.95605
0.95568
-1.7388
0.033473
-3.2884
2.0895
-2.7611
-0.40265
0.057917
-2.8652
2.4797
-4.39
-1.8774
2.4511
-0.94977
1.4552
-3.592
-12.85
-0.20018
-16.42
23.551
-9.4916
6.4814
5.1843
3.1079
-9.7638
7.9379
24.019
-10.228
24.347
-3.4268
18.511
-15.082
16.694
9.5884
-5.5798
1.688
1.5599
0.43662
1.0756
-2.413
1.9382
-1.4118
-3.6437
-1.7041
-5.7565
8.4043
3.1524
-1.1791
-3.4103
2.4232
-1.4496
0.68475
0.085119
2.4185
-4.7143
-5.0006
-3.4689
2.8287
0.014454
2.0613
-3.567
1.5223
2.2854
3.4403
-1.5284
0.3637
0.44948
0.30125
-0.012522
-0.45954
0.48005
0.69575
-1.1467
-0.68371
1.8219
-0.052518
0.63618
0.50528
0.017286
-1.2384
-0.35887
-0.24851
0.31725
-1.2192
1.1842
0.11348
0.10802
-2.8153
1.6386
2.2015
0.5502
-3.6624
4.1637
2.5244
0.41949
1.3872
2.6437
-14.073
-13.744
7.8334
-18.576
32.006
-21.76
16.16
-22.66
20.818
-7.6746
-0.34328
29.954
-10.351
3.3818
-5.1486
10.316
8.3217
-20.65
21.361
1.5732
2.9154
-6.6958
-8.7779
5.0506
-1.5078
0.35945
-1.1297
1.5229
-1.2566
-0.37238
-0.31501
-0.40872
0.069691
-0.38208
0.75797
-2.4503
0.49137
-1.7838
-2.7908
3.3079
2.5271
-1.357
0.83297
0.16591
2.0265
-3.4087
2.4283
-0.61928
1.2936
-0.19475
-1.6599
-1.7586
0.65636
-1.2876
0.99806
-1.0261
-0.43873
-0.72845
1.1006
-0.19092
1.9694
0.59099
-0.030921
-1.4145
1.6346
-0.73992
1.544
-0.086031
-0.97778
1.0801
-0.096571
-0.98178
0.12772
0.15127
0.73924
-2.5165
1.2127
-2.9245
-3.9466
5.4514
-0.24409
-4.3723
-6.1697
14.791
14.647
5.001
18.366
18.134
2.0988
14.948
5.7759
0.78826
0.88739
24.916
-5.5738
-3.3825
-26.175
-26.258
8.3018
12.261
28.003
23.94
24.065
3.8532
6.1519
-3.1724
2.6165
1.319
1.275
2.0111
1.9514
2.312
-1.5513
-1.5268
-1.2736
1.0001
-3.0009
-3.1552
5.7408
-6.5327
-3.9202
-4.6769
-4.5709
4.5884
-0.18635
0.34148
0.25887
0.25724
1.0595
-1.2029
1.6422
1.2417
1.2169
-0.71948
0.2158
-0.95536
1.2531
0.083031
-0.43807
-0.42544
0.43126
0.94253
0.17299
1.4441
-0.49147
1.228
-0.74249
-1.7738
-1.9379
1.9894
-1.6733
1.461
-1.7565
-1.6901
0.98596
-0.025444
-0.84979
-0.046176
-1.0424
1.6778
-1.4219
-0.77836
0.42727
0.63675
0.61359
1.7689
-0.13574
-14.684
-14.709
3.1649
10.965
2.3105
-6.1438
-6.1453
10.205
-18.859
8.1007
5.5821
1.6
8.255
8.5051
-9.413
13.403
-15.561
-15.055
-19.097
-11.758
-4.9348
5.5871
5.4637
-3.3439
4.6324
0.24836
-1.4673
-1.4227
1.578
1.6898
-4.3168
-6.4535
1.9891
1.9206
0.49698
3.7289
-2.7266
3.017
2.8925
-7.5706
2.3967
4.7691
-2.8582
-2.6859
-1.9362
1.085
1.0601
-0.062094
-0.24607
0.10636
-0.045128
0.35051
0.42647
1.17
-1.4582
0.83545
-1.6499
2.4782
-1.3344
-1.3248
1.0576
0.28783
-0.73266
-0.7084
-0.47832
0.077044
0.67096
0.46471
-1.4632
-1.6706
-2.3994
0.63852
-0.73524
-0.60067
-1.929
-2.0611
-1.4066
-0.86482
0.25778
-0.51823
3.1158
3.0378
1.1484
1.1042
0.19535
-4.9933
10.287
-3.0785
-3.1748
0.8447
12.065
24.823
-5.2995
-5.379
-4.5249
2.3108
18.051
4.1436
4.3891
18.404
-14.216
-14.534
8.1264
10.35
-11.672
-0.94822
-0.77834
3.8577
-1.4833
3.2595
-0.55792
1.2096
-1.4044
-1.6965
-0.19283
-0.10494
-0.081266
0.14185
2.5778
1.5975
1.5714
-3.0066
-1.7101
2.6312
-2.0522
-2.9898
-3.2143
0.44184
1.8941
2.2725
5.0351
-4.2668
4.3169
-2.9192
1.4757
-2.2511
-2.1539
-3.2319
3.2727
-0.97207
-0.25669
-1.1215
-0.34946
2.1504
-1.1831
-0.16125
-0.6971
1.3808
0.30662
-1.2574
0.79678
-1.3274
0.53515
0.37932
-1.5838
2.0639
-2.5078
-0.25205
0.025145
-0.7997
-0.032397
-1.1348
-1.2465
-0.83546
-2.3694
1.2297
-1.8032
2.9239
0.81363
-1.4769
1.3202
-1.7438
-2.7441
-2.5719
-4.8408
-11.126
19.241
29.994
-5.0044
11.425
-4.9691
2.44
11.082
10.908
-2.3715
13.442
18.325
-26.893
7.7834
-7.2424
4.5438
-5.3555
4.0736
4.8887
5.0677
-1.0248
3.2305
-1.8083
2.0085
-4.8706
3.6782
-2.8269
-1.0525
-0.012371
0.044684
0.46123
-1.8978
2.9905
0.020217
-2.5434
2.477
-0.44894
-2.8949
-1.9282
-0.50801
2.6556
-1.1357
-0.017658
0.88161
0.58459
0.67627
0.47061
-0.26914
-0.36847
-1.6553
1.3226
-1.0188
2.3078
0.73155
0.35813
-0.96574
0.52867
-1.9661
0.078007
2.0635
-1.3402
-1.2541
2.242
1.961
-1.2442
1.0021
-0.697
-1.4564
0.65868
-1.0991
-0.35417
-0.55062
-0.35469
-0.95149
-1.8353
0.48245
-0.56555
0.69866
-0.74915
0.98646
-1.9086
1.7473
2.3445
-6.4424
2.369
22.391
-0.66632
-10.544
3.0356
9.8386
-9.0938
13.082
1.9947
1.9251
7.1037
-1.6359
23.468
-18.897
30.339
6.6539
-11.032
14.32
-15.228
11.692
5.9826
-5.9802
7.5805
-2.8859
-0.11288
-2.654
2.8772
1.1051
-0.4607
0.046285
-0.15883
-0.383
-0.056809
3.2329
-2.7739
-4.9824
2.9632
-5.0578
7.8487
3.0628
-7.2733
2.7226
6.4021
-1.1676
2.6134
0.79543
-0.2182
-0.013665
0.6137
-0.58587
1.1812
0.95564
0.38414
0.69444
-0.40065
0.30933
0.18532
0.92734
0.22254
0.2598
-1.3641
0.23998
0.18799
-0.28756
0.4283
-0.87429
0.44809
-0.46188
0.56784
-0.86068
-0.36198
-0.32153
-0.85407
0.36337
-1.1499
1.0465
-1.9772
-1.4021
-0.65594
0.15906
-0.19329
-4.2537
2.7899
-1.8229
1.0128
1.2021
-1.365
-6.7858
-4.4637
5.6339
8.7441
0.67399
16.034
8.505
-16.361
9.1728
1.0968
3.2847
2.137
-0.18799
2.2134
2.4829
-21.439
1.4832
-8.235
-10.437
7.9847
8.011
-5.1816
4.0987
-2.6028
-0.40116
-3.2231
4.2112
4.1807
-0.45537
0.84183
-0.66002
-2.4272
4.5228
-4.0289
-4.2407
-4.3222
4.9977
-2.7535
-6.4457
-0.79805
1.0401
5.4421
5.7532
0.033187
0.38005
0.22048
0.79326
-0.11659
0.39229
-1.5701
-1.5302
1.1491
-0.31332
-0.11746
-0.16526
-0.31271
-0.4944
-0.50143
0.30369
0.36668
0.22539
-1.2731
-1.2044
1.2351
-2.0159
-1.5155
0.66298
0.83365
1.0965
-0.05413
0.85616
-0.38961
-0.49214
0.31
-1.0806
-2.1375
-0.28324
-0.26173
-0.88
-0.2498
1.0983
-0.0968
-0.097524
-0.023738
0.88278
-1.1696
-2.5829
-15.333
1.4149
1.2509
31.747
-1.9409
11.079
10.917
-4.5995
14.375
9.6012
-15.819
-15.643
33.682
-12.837
-3.6074
3.6675
3.5218
-0.35527
-2.6433
-2.2675
4.9813
5.0264
-0.44198
-1.9649
0.90516
-0.73792
-0.56911
-0.36275
1.1686
0.52439
-0.26766
-0.40483
0.60003
1.6181
-0.81148
0.59808
0.54554
-0.62008
-2.9387
-3.3679
4.2836
4.4128
-0.64966
2.6508
0.33142
-0.048321
-0.26134
0.69373
-0.87165
-0.85383
-0.47969
-0.41373
0.29346
0.99398
0.9786
0.00037727
-0.28545
-0.58576
0.49043
0.13775
-0.80684
0.22593
-1.4672
1.7794
-1.5657
1.1182
-0.38914
-0.21285
0.068873
0.0097963
-0.025363
-0.21575
1.1018
1.0832
-1.4044
-0.023198
-1.1836
-1.672
-1.6303
0.72574
1.5072
-2.3829
1.5061
2.17
-1.4063
2.2005
-6.0451
-18.945
-0.13546
13.483
-0.64884
14.815
-8.9976
-6.5772
-12.418
-12.549
7.2185
5.4874
-24.016
-0.12763
0.045695
21.56
-4.3137
5.1747
0.053841
0.13824
-0.65007
-0.66031
4.1846
2.5255
-0.63449
-0.60174
-2.9323
-2.9137
1.8503
0.84737
-1.1233
-0.47788
1.2848
1.2792
2.4425
-2.4132
3.134
-1.5518
-1.6466
-3.7587
0.12435
0.64403
3.67
-0.75393
-0.62133
1.9179
-0.97527
0.59795
-0.72651
-0.6385
2.4529
-2.7148
2.3892
-0.50142
-0.51342
1.1104
0.44431
-0.93347
0.55651
0.43241
0.46191
-0.13257
0.54202
-1.1229
0.10225
0.070135
1.3975
-1.5882
-0.19011
-0.51119
0.84643
-0.19831
0.16977
0.099612
-1.7338
0.94419
-0.78037
-1.6121
0.76723
2.2026
2.267
2.132
0.47306
0.21261
1.8993
2.0241
-0.60104
-2.0667
3.257
15.899
15.771
6.6778
3.611
-10.928
14.802
9.9885
9.8561
-5.7314
14.206
-4.7263
0.80426
-20.494
-8.2132
9.3268
-5.785
-3.8778
-3.7282
-1.4843
3.3529
0.064717
2.4393
-3.1723
3.809
-3.5798
2.7172
2.7779
-1.2604
2.668
-3.7253
5.1096
-1.4946
1.9757
-0.76858
1.113
-2.5778
-4.6331
0.98918
0.6182
-1.1276
3.51
3.7389
-0.60193
-0.13235
-0.0012448
1.6971
-1.2291
0.73828
-1.6669
0.60971
0.30093
0.82124
-0.26756
0.37011
0.88875
-0.31238
0.035477
-0.067402
0.81358
1.9407
0.94433
1.0336
-1.0846
1.1576
0.095967
1.8265
1.0223
-1.6035
-1.0506
0.034248
-0.77522
-0.49115
-2.0303
0.70407
-0.74118
-0.70097
0.37724
-2.0291
1.0408
0.39845
0.48957
-0.29778
2.9467
-3.1391
-18.459
6.6821
28.346
0.94011
3.2911
-0.23047
0.26311
32.851
-23.369
20.109
8.7477
-6.8775
0.30897
0.10855
-1.2496
1.0794
3.9295
6.4745
-1.0101
3.7701
-6.7217
7.8653
2.2991
1.7991
1.2596
-0.085099
0.53308
0.5026
-0.77946
0.88438
-0.43304
2.6444
-1.507
-5.4458
7.6584
-5.6312
3.7764
2.024
-8.1688
3.0225
0.20606
0.73718
-1.5827
0.88732
-0.71312
0.64598
-0.45566
0.96426
1.252
0.010623
-0.14845
-0.09409
-0.65954
-0.72293
-0.12074
0.26976
-0.50831
1.2737
-0.22611
-0.72731
1.011
-0.14489
-0.46476
0.45507
-0.84266
-0.013376
-1.0295
1.1214
1.1057
-0.95986
-0.3295
-1.1085
-0.82867
-1.3742
-1.2656
-0.79567
0.34535
-1.1542
-0.51472
1.9011
0.48328
2.2118
-5.8605
-10.283
16.254
5.3738
-3.1271
3.0199
5.9354
15.508
-2.5984
-3.7707
-7.237
21.96
12.218
-28.847
34.804
-6.9197
5.4597
6.4041
-5.6675
-11.978
7.5162
-6.8165
-0.59784
2.4346
0.65188
0.23318
-2.047
0.63856
0.30816
1.0368
-0.65775
-1.2033
0.15249
-0.9895
-2.9555
-1.4558
-1.5617
-6.6082
4.8523
-4.9537
2.9571
2.4055
0.36662
1.1983
2.9859
2.3999
-1.2125
0.59628
-0.18286
1.3924
1.4938
2.263
-0.0070402
0.62832
-0.01644
1.5441
1.531
-0.2084
-0.75077
0.9637
-0.4418
1.0795
1.2848
-1.3565
1.3564
-0.8149
0.54759
0.38839
-1.6318
1.3163
-0.43731
0.45589
0.30007
-1.6625
0.76044
-0.066595
-0.81815
-0.85247
-1.2362
2.2617
-4.0429
-2.3316
-8.2437
-7.8502
-2.3788
15.075
-15.304
0.85539
0.63007
19.315
-12.146
2.8123
0.12072
-0.11452
32.404
-24.073
-23.35
35.102
35.348
-19.09
-13.073
14.446
-19.714
20.533
-15.458
6.0946
-6.018
-3.9348
-3.7355
3.1689
1.8799
-0.25418
-1.8284
2.5125
-1.4494
-1.7944
0.50799
-1.2127
-0.56862
0.91955
-3.4226
-4.3943
1.0634
-1.2183
-1.2914
3.3616
1.6255
0.64265
0.95117
0.86135
-0.57
1.0241
-1.282
-0.54809
-0.48077
0.75971
-0.63838
0.089412
-0.11227
-0.12465
-0.0087239
-0.14538
0.22804
0.56997
0.5787
-1.433
0.30686
1.7144
-2.0279
-1.8812
-1.4942
0.87863
1.2848
-0.06021
-0.056451
1.2643
0.43809
-0.81058
-1.0361
-0.31587
-1.7087
0.031776
-1.2032
2.9142
-3.0656
-2.9626
1.0188
-4.2875
-5.2646
-14.092
-13.757
-7.7651
-10.597
5.3532
-5.7704
-5.9887
3.7619
-5.5536
2.0646
1.2578
1.0336
8.7256
4.3703
17.852
0.80015
0.91
-22.066
-1.0184
-0.3785
28.279
28.151
20.966
9.0031
3.5615
-0.98645
-0.82037
1.433
2.5204
-3.69
0.92044
0.98016
1.3403
-0.76275
-1.255
1.9238
1.8902
2.5764
-0.39778
-0.34381
2.4519
6.0192
6.0317
-6.0478
-3.9715
-0.70098
-0.11139
-0.15496
-1.7002
0.51874
1.2523
0.035067
0.068946
-0.11729
0.70803
-0.70526
0.99434
1.0342
-0.58772
0.57901
0.91416
-0.023143
-0.11343
-0.4759
0.93011
-0.54118
-2.771
0.90949
-0.40907
0.15155
1.8157
-1.717
0.56538
0.25402
-1.2696
1.1104
-0.99942
-0.76605
-0.78013
-2.0622
0.24396
-0.076155
-0.20545
-0.54021
-1.4346
1.0629
0.47483
-1.2273
-14.463
-17.546
8.2058
7.9366
-1.9078
-8.6748
24.374
-26.645
5.7282
27.883
-12.673
2.449
5.4802
5.9022
33.491
-23.332
20.61
-0.74874
-1.1562
-14.08
-0.62755
8.7296
3.3266
3.3351
0.49538
-0.25216
-0.31637
1.4558
-0.28158
-0.26403
1.0472
0.094492
0.66126
-0.33796
2.3652
-1.042
-5.0872
-0.44291
-0.24048
-0.078432
1.5263
-2.3887
-2.7931
2.0972
1.1165
-2.0286
-0.76512
-0.64863
-0.16755
-0.09411
-0.26596
1.6707
-2.6476
-1.973
-1.9087
1.081
0.35995
-0.99516
-0.36362
-1.5156
2.9105
-0.89673
-1.3221
0.3118
-1.2386
-1.9206
2.9831
-2.0872
2.0913
-1.589
0.96269
0.93202
-1.9408
4.0526
0.61867
0.38224
-0.19821
-1.5673
0.060739
-0.27137
-1.6018
-1.2978
0.017404
1.4745
3.7727
-0.34874
-0.43866
-1.4809
2.441
-13.27
1.4964
24.408
31.549
-11.12
4.3837
-2.809
-6.8911
17.671
-14.932
-15.564
26.421
26.842
-18.517
11.043
9.9334
-10.289
6.3157
-6.7472
15.149
-13.713
-7.9463
-7.9266
4.9266
-0.84828
0.61154
1.1065
-1.3932
1.1466
-0.49703
1.1323
-0.22087
-0.32354
-0.80824
-5.3338
3.1149
-2.7725
-2.7323
4.2162
-3.0533
4.1577
0.84026
0.7489
-0.44316
0.07769
-0.41658
-0.077107
-0.025955
0.48252
0.42234
-0.26874
-0.70715
0.30071
0.81427
0.89275
0.32974
-1.854
3.6012
0.2337
0.37885
1.0143
1.9124
0.27852
-2.1665
-2.0504
-1.131
-1.7403
3.34
2.7342
2.7497
-0.49437
-2.1692
-0.25563
0.079536
0.060745
0.0070828
0.081371
-0.2685
-1.003
-1.156
-1.2169
0.57979
-0.87725
-0.45752
-0.14794
-1.1054
0.15498
-0.95143
3.5342
-3.7218
1.9827
-24.126
5.5071
-3.6813
-1.6649
35.412
-28.155
14.327
-11.792
12.059
-26.888
-26.666
-8.1847
-0.74216
12.51
-17.579
-17.455
-18.057
-10.232
5.2343
0.69159
0.66884
-1.7802
-1.327
1.1554
-2.6259
-1.7678
0.1019
1.4117
0.8111
1.218
1.1217
0.77473
-0.32122
-1.6538
0.72147
-2.3508
-0.51745
0.63243
0.29084
0.20077
0.043266
0.047241
0.093696
0.16678
0.30052
0.36941
-0.79923
-1.2865
0.74105
0.2649
0.24993
0.59656
-0.82513
0.14991
0.51748
-0.40313
-0.46281
-0.66364
0.97358
0.33183
1.8625
1.8829
5.1186
-3.26
0.30219
0.63537
0.65805
2.0534
-2.0922
1.0976
0.14331
-0.31148
-0.43319
-1.205
0.59893
0.21646
1.6194
1.7741
-2.8108
1.0288
-1.1508
1.5564
1.4827
1.7622
0.49485
-20.609
-4.2274
-4.2071
8.0763
7.4252
6.9561
-1.0637
20.919
20.951
-1.8594
-3.1471
2.9467
2.8723
23.753
-14.302
-18.691
-9.9318
-9.7389
16.304
-21.871
8.1214
8.599
8.4663
-9.704
6.9709
1.5102
1.7151
-0.7808
0.29346
0.21687
2.1418
-2.3371
1.055
0.37654
-1.2645
-1.2335
0.91546
-1.2639
-0.76176
0.011181
-0.13547
0.73613
0.083987
-0.025104
-0.082388
0.23305
0.29213
-0.52073
0.015646
0.004485
-0.26002
0.28145
-0.22301
0.03421
0.073516
0.34306
1.9366
0.26483
-0.45799
-1.134
2.0827
0.90777
0.21802
-3.9174
-3.8105
0.25857
-0.98358
-6.0565
-2.8502
-2.841
2.6301
-2.0457
0.20027
0.24074
-0.060831
-0.67258
-0.22902
-0.20137
0.25788
-0.72119
-0.011225
0.4135
2.4095
0.95551
-0.89676
0.72233
0.71926
-0.63707
6.3118
-7.6088
-9.27
8.7202
22.806
0.12256
10.119
-2.5106
-2.9042
-1.3239
4.9835
1.5894
-14.992
-15.152
20.281
-4.006
9.2859
34.424
-12.539
-10.002
-6.092
0.28054
5.8665
-1.6299
-1.4776
1.1623
-1.8086
1.9841
1.1607
-1.0205
1.0673
-0.1682
-1.3784
1.8927
1.9375
-0.035462
0.51627
0.49049
0.58806
0.53949
-0.44568
-0.24778
0.017939
-0.11662
-0.011331
0.85319
-1.2558
0.64149
-0.22923
-0.30803
0.26369
-0.61812
-0.016243
-0.076474
-0.4531
0.77483
0.87946
1.448
0.066718
0.093935
0.09679
0.7434
0.82188
-5.0476
0.40401
0.40685
1.2972
1.2624
-2.2409
1.436
-0.033256
0.085069
0.044389
-0.9168
0.027783
-1.2821
-0.51682
-0.52249
-0.016693
0.84015
-1.4045
-1.749
-1.8793
0.32661
2.3423
0.1867
1.7969
-12.791
-16.537
-9.8235
-5.3316
-5.618
18.198
3.6389
4.3581
19.801
-7.1724
-23.611
14.518
14.648
-14.191
-2.0941
20.657
-29.497
13.62
11.942
-11.037
7.0761
-2.8674
-1.3276
-0.085078
-0.99018
0.98394
-0.77111
1.0334
-0.77645
-0.67557
2.273
1.8967
2.7989
2.5937
-1.9764
1.083
-0.17349
-0.15194
-0.4761
-0.39931
-0.37593
-0.23802
0.15241
0.05999
0.16095
-0.86191
-0.86964
-0.66068
-0.10316
-0.19592
0.21591
-0.37491
1.4748
1.4027
-0.31552
0.14683
1.3461
1.2974
-0.023449
3.0105
-1.0518
-1.859
-0.75134
-1.518
3.7513
2.721
-2.4941
0.46667
0.041102
2.0075
-1.0061
0.026022
0.53535
-0.26098
-0.34664
-0.90659
-0.53025
0.063195
1.0482
-1.8144
0.38326
1.4119
2.07
2.0759
1.3268
0.56517
-19.406
2.1833
-10.275
-9.6336
24.862
-6.5105
24.09
28.484
-0.84704
7.1728
-14.542
14.416
7.7469
-10.355
24
-20.139
18.019
10.987
-10.17
-10.163
5.9199
-3.9835
-2.6451
-0.25629
-0.77754
1.0428
-1.7401
0.55356
-0.18267
-0.22921
1.8259
-1.3636
0.768
-1.2477
0.61821
0.84353
0.49259
-0.58942
-0.47071
-0.05798
-0.017186
-0.24051
-0.6207
0.12646
-0.077484
-0.12264
0.35973
-0.11622
-1.0958
-1.1351
-0.015758
-0.1102
0.14844
0.0582
-0.020418
-0.15132
-1.0859
1.3334
0.79996
-2.3686
5.5814
-1.2205
-0.48134
-3.0413
0.82814
1.5485
1.6
-1.0199
0.11335
-0.29299
-1.05
0.61889
-0.35331
-0.15228
1.6316
-3.0158
-3.0677
1.157
-1.3174
0.1646
-0.19326
-1.4946
1.2175
-0.61148
0.13626
-2.1624
-0.11038
0.84069
-10.873
36.072
7.6566
-12.548
20.688
-8.9371
7.8157
-7.6487
-19.535
7.1778
2.9158
-7.4152
-1.506
5.8407
5.9206
-4.3079
15.13
6.9513
-19.693
2.2355
0.3798
0.22244
0.12536
-0.64066
0.39323
0.96086
-0.48312
1.6073
0.18921
-0.66044
2.6852
-2.8618
2.1129
1.6572
-4.3126
-0.53579
-1.0404
-0.37027
0.43993
-0.088655
-0.30394
-0.35261
-0.18101
0.031532
0.3423
-0.72552
-1.2064
-0.23016
-0.17609
0.048843
0.93702
-1.3992
0.3205
-0.66592
0.22771
0.16878
-0.4896
0.53908
-1.2988
0.99077
0.47451
1.2838
-0.73967
3.6237
-0.60905
-1.7195
1.462
-2.8475
-2.8906
1.4224
-0.014395
-1.2582
-1.6934
-0.4116
-0.43961
0.078005
-1.0411
1.1236
1.4643
2.5561
-1.1806
-0.633
1.8147
-0.23517
-0.53082
-0.8676
-12.037
36.876
-14.409
4.7968
8.4398
-8.2664
19.125
-8.0404
9.9994
-12.899
6.8751
-1.7659
35.688
-22.594
19.089
16.914
15.741
5.9604
-12.419
-14.22
-8.5895
6.0363
-3.2817
4.9113
-6.056
5.1069
-4.0012
-1.9897
-0.52862
-0.42264
-0.36328
1.6106
1.9646
-0.70725
0.19664
-1.9923
0.3384
0.39664
0.70636
0.70266
-0.31312
-0.029544
-0.40796
-0.337
0.040554
0.034343
0.4686
-0.68973
0.92272
0.89392
0.75939
0.21157
-0.44342
-1.3592
-1.4443
1.6296
-1.7765
-0.6136
-0.52573
-0.42616
0.95614
-0.54966
1.7679
4.783
4.6487
-2.0263
2.2831
-0.29245
-2.2059
-1.2036
-1.2604
0.69486
-0.68887
-0.88609
-1.1256
-1.1538
-0.40787
-0.98622
0.075642
-1.1425
-0.59891
1.0105
-0.76911
0.012207
-0.86873
1.7232
-10.391
11.368
-21.244
2.4461
-5.5795
5.532
3.1245
-2.7304
16.338
-12.548
8.6181
24.54
-4.1107
-2.4867
30.779
11.953
8.4909
-14.358
-4.7698
0.049529
2.6656
0.53941
-0.57786
0.92784
1.1126
-0.90458
0.52578
0.95118
0.91976
1.5149
-0.99803
2.9679
-5.8136
-3.5462
-3.5759
-2.9192
2.8247
0.4042
0.16844
0.020653
-0.30536
0.37534
-0.57322
-0.22771
-0.25816
-0.545
-1.2753
-0.20065
0.15398
0.17908
-0.42459
0.36732
0.024946
-0.73066
-0.77792
1.2895
0.088624
0.051884
1.7197
1.8837
0.59517
1.6858
0.80022
-1.8958
-1.7733
1.8696
-2.2978
0.42504
-0.19626
-0.25463
0.30849
0.24266
0.4601
-1.6607
-0.54178
-0.94446
0.45588
-0.90641
-2.862
2.5569
-2.6248
0.17429
0.73343
-0.2951
1.8081
-2.9092
5.8108
23.063
-7.4115
24.496
4.6609
-16.188
14.295
0.57764
-6.728
13.539
-13.314
-0.28699
27.335
-21.046
31.257
25.657
-11.906
-1.4006
-28.217
3.171
4.6577
-2.5058
0.72237
-0.23241
0.98743
-0.589
0.91137
0.63743
1.9818
3.4928
-2.181
0.92291
0.96615
1.0057
-1.8477
-1.4704
0.17082
1.1812
-1.0954
0.90728
0.93336
0.25996
-0.24207
0.32804
0.64023
-0.75746
-0.16489
0.60441
-0.54292
1.0101
-0.80353
-1.3714
1.3532
-1.1
0.49715
-0.24829
0.6202
-0.42796
0.45379
-0.079535
1.9814
2.0436
-2.768
-2.7867
-2.3294
1.9331
0.58867
-3.4105
1.3564
1.6452
2.0105
-0.84734
0.080909
-0.81717
-1.5735
0.031907
-1.3117
-0.74538
-0.49503
0.17494
-0.13026
-1.8684
-1.6756
-1.7834
1.5017
-1.6514
3.5953
-11.476
14.149
7.7789
14.414
19.987
-9.7694
8.766
8.5823
12.358
-19.557
17.647
0.094985
20.513
6.9351
1.3958
-16.133
22.893
-4.7714
-4.7697
-4.7832
14.204
-12.738
-4.8152
1.3313
-0.20207
-0.5483
-1.4808
2.0244
-0.82884
0.035468
0.97173
-0.10319
1.1751
-4.6248
1.0245
1.1618
-2.3404
1.4576
-1.8579
1.5647
-0.33193
1.6605
-0.068045
0.18157
-0.23572
-0.66891
0.41605
-0.22105
-0.12078
0.83067
-0.77132
-0.049871
-0.075914
0.63572
0.11348
0.10767
0.28963
0.32368
-1.0435
1.34
2.627
-0.8429
-0.22944
-0.92788
1.8153
1.1892
0.7905
2.5524
-4.3107
-0.64837
3.7932
4.6196
-0.67484
-0.11099
1.5721
0.37785
0.34877
-0.57032
-0.69777
0.21306
-0.712
-0.075909
1.4249
-1.9797
-0.18439
0.32905
-0.66546
-1.1697
3.0438
-2.3624
1.1746
-1.2606
1.1004
-5.4796
-19.973
23.673
4.6623
9.1116
-4.3159
25.559
-8.2287
-2.5295
15.564
-9.3898
6.4527
1.9952
8.392
29.309
30.433
-9.8276
-9.2859
10.35
6.0533
2.0278
-7.5495
17.319
12.375
-8.2464
4.4235
-2.679
1.126
-1.8362
1.4972
-0.5516
1.0268
0.31158
1.263
1.8192
-2.1685
0.85331
1.9893
0.22194
1.5943
-2.1421
0.60617
-0.56651
0.98511
-0.41455
-0.43737
0.12707
-0.1691
-0.091693
0.21862
-0.40232
-0.24262
-0.22954
-0.06817
0.18827
0.30978
-0.30333
0.061993
-0.36762
0.39712
-0.59982
0.47381
-0.84177
-0.20191
-0.43516
1.623
0.54424
1.6141
4.1129
-1.8199
-3.7226
2.4695
1.621
-0.82987
1.6173
-1.1527
0.61168
0.87375
-3.0619
-1.4877
-0.71093
0.43767
-0.72087
-0.25985
-0.25481
-0.6072
-0.77224
-0.50579
-1.0601
1.6085
-3.159
-1.905
1.6076
0.22334
-1.9124
-13.755
2.0441
25.164
3.0502
13.899
-2.3218
9.4676
34.176
31.793
31.929
-9.5762
-2.5663
5.2636
25.615
-6.8208
22.078
1.7959
-16.271
10.388
-16.483
20.437
-18.933
-14.444
10.373
-7.6627
4.5782
2.4122
-0.11378
-1.2963
-1.2885
0.45788
0.67067
0.62412
3.4521
3.4152
-1.779
4.7354
4.6523
8.147
8.223
-3.7541
3.443
3.2903
-1.4114
0.42167
-0.35383
0.42302
0.44283
0.38864
0.31624
0.79255
-2.0829
-2.0424
0.25857
-2.8435
-0.77596
-1.7641
-1.7833
1.8569
0.55996
-0.98353
1.1171
1.2597
-1.3008
1.4064
0.019836
2.3132
-0.57855
-1.7371
-1.903
-0.20727
0.22184
0.33539
2.3525
3.8518
-2.6218
-1.2498
-1.4861
0.99785
0.74244
-0.93513
-1.6708
-1.6679
0.52022
-1.7803
-0.19916
-1.1089
-0.79045
-0.40998
-3.1229
0.22492
-0.27112
-0.3796
0.88035
-9.5518
25.252
-6.5473
20.932
14.365
-21.977
18.329
15.3
4.2395
-2.131
0.43316
21.413
21.638
-3.2117
7.083
-1.8692
10.923
25.297
-9.9318
1.0754
-11.257
8.1279
8.125
-6.0807
-2.2342
-0.18308
-0.20174
0.49426
0.24754
0.52947
-1.5569
3.5329
2.1447
1.46
-1.5426
1.137
-1.5292
-1.4847
-0.95436
-1.6386
-0.904
0.74303
0.72158
-0.25011
0.013915
-0.51432
-0.4583
-0.43077
0.36552
-0.64977
-0.45542
0.37751
0.29992
0.29087
0.012291
-0.016342
-0.10055
-0.079396
-0.26799
0.80418
-0.07984
-0.52484
-0.38682
0.54448
0.14025
-0.41081
3.3051
-5.2738
-5.3781
-3.2431
2.376
-3.1122
-1.8184
-1.7935
0.57209
-2.0562
-1.5386
-0.046099
-0.11899
1.0496
-1.8525
0.49815
-1.5852
-1.5421
1.2348
-0.072352
-2.3068
-0.27269
-0.19784
-1.4623
-1.1847
-0.57954
0.64117
0.71714
-10.919
-17.351
11.482
1.7632
1.4759
3.3739
-17.966
33.472
18.616
18.859
-14.112
16.88
-12.551
21.68
21.512
-3.2887
-5.5543
-7.5341
-4.1739
-4.1562
5.5513
-5.7103
4.7503
1.9921
2.0843
-0.50178
-0.61025
0.094276
0.26594
-0.60259
-0.74599
0.67295
0.38379
0.65556
0.92351
-0.39028
-1.4632
1.5521
0.23698
0.17436
-1.1276
-1.6406
0.089063
-0.057441
-0.15507
-0.32858
0.19278
-0.11431
-0.27722
-0.30023
0.092305
-1.798
-0.059658
0.16672
0.1845
-0.54091
0.52035
-0.96593
-0.82183
2.41
2.2331
-0.12395
-0.92816
0.56643
0.46587
1.7486
-0.69199
3.1731
1.0595
0.96385
1.0856
1.0361
-0.63552
0.77787
-0.70421
0.29587
-0.96156
1.0897
-1.0668
0.2171
0.25457
-0.89627
-0.88819
-1.1866
0.6929
0.43556
1.8875
2.0168
-3.8468
3.2344
-0.80426
1.185
-2.4172
-11.729
-17.862
19.988
-15.013
20.315
7.6655
0.578
5.671
1.687
8.8327
-12.526
8.5014
15.237
1.3624
17.107
17.128
-0.78866
-14.327
-26.986
6.2363
0.54932
-1.2401
1.4867
-4.5415
-1.5826
-0.73841
1.9976
-2.0748
0.19843
-0.78032
1.2177
-0.40355
-0.031938
-0.83396
0.47515
-0.69741
1.0429
1.0388
0.53681
0.11838
0.63401
-0.46079
-0.63887
-0.46886
0.50924
0.9125
0.19858
-0.27859
-0.50377
-0.055633
0.77491
-0.23838
-0.76875
0.25123
0.077459
0.23923
-0.87441
-0.19184
-0.89492
-0.1141
0.59895
-1.3198
-0.31505
-0.41438
0.49095
-0.36321
0.43662
0.15144
-0.75839
-0.49466
-0.18133
0.75451
-0.42484
0.38152
-0.28794
0.32206
0.1176
0.53297
-0.093256
-0.0063881
-0.18665
0.12182
0.0051509
-0.044528
0.2859
-0.35162
0.10812
-0.11197
0.13918
-0.23818
-0.024461
0.33776
-0.0080845
0.063618
-0.29011
-0.31226
0.29302
-0.060501
0.18786
-0.31263
-0.077567
-0.22612
0.0086498
0.047117
0.13685
-0.098097
0.069369
0.072896
-0.03348
0.049131
-0.20601
-0.17629
-0.15884
0.06462
-0.075185
0.020174
0.022636
0.021685
0.14471
-0.11445
0.22451
0.11692
-0.16872
-0.011588
0.029388
0.027447
-0.17227
-0.040375
0.13147
-0.043101
0.085888
-0.099332
0.12411
-0.0094766
-0.074894
0.040507
-0.030262
0.027356
-0.058347
0.027353
-0.025644
0.048408
-0.0046308
-0.013069
-0.0040648
-0.0056236
0.0038287
-0.03
-0.0059228
-0.032864
0.078763
-0.013188
-0.0014178
-0.022013
-0.01097
-0.041149
0.015183
-0.008028
0.0078423
-0.0027475
-0.0046664
-0.010149
-0.020465
-0.014438
0.0082929
0.013248
-0.00063627
0.0020711
-0.01857
-0.0059212
-0.0099911
0.042859
-0.0064069
0.060511
-0.19337
-0.19443
0.14757
0.23873
0.23492
-4.4938e-05
-0.013095
-0.0021755
-0.004214
-0.14628
-0.070952
-0.061409
-0.075033
0.072665
0.054657
0.049036
0.049851
0.038232
0.0079015
0.051803
-0.035867
-0.044304
-0.042033
0.051871
-0.056403
-0.0081059
0.0032927
-0.098394
-0.012934
-0.042682
-0.0017865
0.066127
0.001505
-0.06928
0.098468
0.075185
0.076888
-0.093328
0.07769
0.066939
-0.038075
-0.039253
-0.050502
0.0086014
0.0077211
-0.019967
-0.0098596
0.048472
-0.11063
0.13774
0.020535
-0.11966
-0.027193
-0.015511
0.10678
-0.082316
-0.080291
-0.0060553
0.012161
-0.02038
-0.0039496
-0.011316
-0.017347
0.032186
-0.012562
-0.0064798
-0.0098674
-0.0063697
-0.0038227
-0.0041816
-0.0077477
-0.017692
-0.0076315
-0.051885
-0.021694
-0.014997
-0.0056583
-0.023059
0.0097614
-0.039068
0.01446
-0.020517
-0.014549
-0.0097615
0.0051797
-0.010651
-0.010671
0.067935
0.050828
0.15931
1.271
1.2493
-2.0903
2.4242
0.0909
-1.2079
-1.2086
-0.58156
0.58212
-0.14755
-0.27128
-0.41658
-0.0021654
0.23426
-0.25895
0.13581
0.14883
0.10284
-0.031043
0.05011
-0.0051268
-0.037588
-0.013203
-0.010765
0.051352
-0.12969
-0.12856
-0.020272
-0.0039508
0.021336
0.017347
0.023179
-0.0089023
0.015394
-0.029083
-0.044544
-0.03845
0.002914
0.02516
-0.018285
-0.0065447
-0.021105
-0.021389
-0.0078284
-0.022244
-0.031881
-0.030005
0.025986
-0.026811
0.042481
-0.017842
-0.01564
-0.015001
0.01408
0.037188
-0.063658
-0.071435
-0.0097428
0.015731
-0.026973
-0.0006689
-0.0047488
-0.028938
0.031317
0.00079551
-0.028965
-0.030125
-0.020199
-0.014254
-0.032718
-0.016614
-0.0094442
0.0011946
-0.0011515
0.020619
-0.0099104
-0.0015757
-0.022736
0.0054425
-0.0293
-0.00091312
0.01975
-0.0082645
-0.0032687
0.010055
0.0018313
0.00014581
-0.023971
0.0099605
-0.016134
0.00073212
-0.03973
0.022353
-0.032501
0.024394
0.010397
0.01224
-0.019732
0.018261
-0.015861
0.043879
-0.028427
0.050599
-0.10594
-0.031934
-0.10665
0.034054
-0.041732
-0.035383
-0.030373
-0.019126
-0.0074807
0.091113
-0.087802
-0.068029
0.083639
-0.046618
0.0079495
-0.027532
-0.038239
-0.0094851
-0.0059494
-0.0058934
0.036799
-0.055647
-0.12437
-0.025692
-0.049458
0.070149
-0.089737
0.048771
-0.034438
-0.0048476
-0.013701
-0.078119
0.026545
0.029036
-0.030215
-0.0055838
-0.038028
0.010437
-0.028258
0.048983
-0.023128
-0.029256
0.0086444
0.01228
0.021578
0.015509
-0.010991
0.0033713
-0.0012542
0.013182
-0.0097176
0.013504
-0.0016997
-0.004438
-0.012118
0.0087795
-0.016059
-0.00025791
-0.043375
0.0077209
-0.024925
-0.019433
-0.004592
-0.024164
0.0061593
-0.013184
0.038514
-0.049263
0.047075
-0.020595
-0.011898
-0.026062
-0.005735
0.013411
-0.0072123
-0.028804
-0.0079297
-0.016168
-0.020246
0.0084666
-0.02661
-0.015375
0.036567
0.010167
-0.00073713
0.02443
0.038933
-0.077927
-0.022186
-0.031191
-0.012674
0.16774
0.16374
-0.099038
-0.035124
0.073119
0.024721
0.04802
-0.073611
-0.0043955
-0.038077
-0.00015121
-0.033809
0.01923
-0.054839
0.021134
-0.01445
-0.010752
-0.012542
0.024592
-0.015868
-0.1051
-0.0048828
0.069324
0.0029323
-0.033679
-0.025283
0.10189
-0.17184
0.049203
0.0013284
-0.099325
-0.13841
0.03074
0.10294
-0.16174
0.10138
-0.085833
0.12376
-0.0076576
0.14334
-0.074247
-0.022476
-0.067855
-0.034143
0.072983
-0.063416
0.021001
-0.034869
0.0016421
0.0090961
0.039679
-0.031285
0.011747
0.0020444
-0.066057
0.0037665
-0.020212
-0.0030799
-0.034398
0.014881
-0.025391
-0.023964
-0.010588
-0.034934
0.017147
-0.037574
0.0051229
-0.03894
0.01632
-0.033007
0.026814
0.011451
0.020291
0.0017483
-0.02461
0.0043352
-0.01844
0.013023
0.0080216
0.013424
-0.026836
0.0041055
-0.039409
-0.016343
0.010787
-0.0091613
0.0092983
0.0038696
-0.0012957
-0.014552
0.0050535
-0.054428
0.0094633
0.022875
-0.0053965
-0.018756
-0.020504
-0.02335
-0.027263
0.00027664
-0.021091
0.023283
0.0030109
-0.03405
0.0041699
-0.049714
7.5238e-05
0.0044938
-0.0022107
-0.050662
-0.022686
0.0075342
-0.016208
0.0078995
-0.034821
-0.00040957
-0.0047203
0.030887
0.0065205
-0.038815
-0.036708
-0.03704
0.0057983
0.0026345
0.023413
-0.0052795
-0.0097132
0.0002115
-0.026927
-0.025806
-0.0069237
-0.0072556
0.032632
-0.02569
-0.015348
-0.019939
-0.012886
0.035928
-0.01379
0.021873
0.011978
-0.022479
-0.015143
-0.0046184
0.016555
-0.03547
-0.024142
-0.031906
0.0011617
-0.01692
-0.028916
-0.039862
0.0112
-0.009988
-0.0041821
0.0038057
-0.0096901
0.0036278
-0.010707
-0.0015419
-0.01285
-0.024096
-0.022602
-0.0094828
-0.02813
0.011693
-0.008821
-0.011201
0.0059293
-0.038393
-0.009669
0.0010783
0.0074335
-0.014468
0.0017466
-0.0015601
0.00048521
0.0039909
-0.01325
-0.025347
-0.027785
-0.024359
-0.025539
-0.00015306
-0.0051158
-0.039421
-0.00053306
-0.050051
-0.024445
-0.023005
0.035665
-0.017083
-0.025048
-0.012736
-0.016606
-0.029352
0.0068963
-0.00081908
-0.014076
-0.021698
-0.0262
-0.018477
-0.016013
-0.0086416
0.0058204
-0.014441
-0.0084666
-0.034094
-0.015342
-0.019861
-0.0056439
0.0082431
0.00056957
-0.0036469
-0.032359
0.0026044
0.013373
-0.015778
-0.0056328
-0.01383
0.026687
0.0073314
-0.0015157
-0.014358
-0.026585
-0.035793
0.0032644
0.0038563
-0.0037948
-0.013041
-0.023684
-0.01966
-0.018712
-0.01604
-0.018824
-0.010424
-0.0078929
-0.026449
-0.009933
-0.019025
-0.021726
0.024918
0.026888
-0.015592
-0.010355
-0.019213
-0.007822
-0.011339
-0.021899
0.0025799
-0.020268
0.023135
0.021603
0.026358
-0.042895
-0.0072042
-0.020121
-0.039909
-0.026824
-0.012297
-0.028745
0.0098286
0.011192
0.0098065
-0.0042146
0.017846
0.013375
-0.0049814
-0.027227
-0.022796
-0.015338
-0.044857
-0.0024753
-0.015647
0.032922
-0.01279
-0.012632
-0.0067556
-0.0023047
-0.024156
0.0019992
-0.0051956
-0.03597
-0.022605
-0.005545
-0.012143
-0.013086
0.01348
0.0074145
-0.037821
-0.010567
-0.010514
-0.035789
-0.017324
0.00096117
-0.01551
-0.020914
-0.033212
-0.014416
-0.0025589
-0.03742
-0.03455
-0.022064
-0.020846
-0.0082059
0.0072939
0.0076829
0.010636
-0.018208
-0.021801
0.018879
0.023617
0.00059763
0.024239
-0.00091838
0.02356
0.021643
0.024135
0.016112
-0.016963
-0.035988
-0.031356
0.0063282
-0.0066919
-0.0030271
-0.0045407
-0.009225
-0.014308
-0.01028
-0.0067103
-0.025383
0.013365
-0.033235
0.021204
-0.036052
0.014495
-0.004771
-0.055147
0.015947
-0.0016992
-0.030515
-0.031669
-0.029574
0.017982
-0.012709
0.011192
0.013502
-0.013647
-0.045349
-0.024496
0.012804
0.013455
-0.0079564
0.00042434
-0.020356
0.02324
0.017792
-0.037658
0.0133
0.0050328
-0.011544
-0.018602
-0.017439
-0.016247
-0.021537
0.0053297
-0.019897
-0.0010219
-0.020475
0.0027699
-0.025869
-0.03113
-0.043617
0.0020126
-0.013903
-0.018404
0.013373
-0.0019963
-0.022083
-0.038124
-0.031668
-0.021391
-0.00075016
-0.028465
0.0016597
0.057505
-0.030974
0.0082294
-0.023399
0.0069595
0.017886
0.015416
-0.021815
-0.020481
-0.033547
0.00074324
-0.0083437
0.0224
-0.0050074
-0.021638
-0.014222
-0.0070543
-0.027678
0.0040731
-0.0062913
-0.024495
0.0025891
0.022057
-0.049452
-0.0057674
-0.015404
-0.019063
-0.021686
-0.0071307
0.032813
-0.034368
0.015827
0.022484
-0.031484
-0.026846
0.0093632
-0.028862
-0.0067033
0.031197
-0.0048702
0.035216
0.01363
-0.0062812
0.011201
-0.0045975
-0.016017
-0.02233
-0.036456
0.010865
0.0072399
0.030058
0.019621
0.017137
-0.010017
-0.045636
-0.047271
-0.029011
0.01127
0.0036627
-0.0055374
-0.023573
-0.014796
-0.0013027
-0.027352
0.0053499
-0.0038296
-0.023428
0.0084512
0.0095163
0.027813
-0.037574
-0.014711
-0.015888
-0.020137
-0.012966
0.0099737
0.017406
-0.031764
-0.01546
-0.030226
0.015875
-0.0019869
-0.00329
-0.020822
-0.035702
0.0024687
-0.037138
0.0050519
-0.033336
-0.02003
-0.018457
0.0039072
-0.015136
0.005533
0.0057337
-0.019068
-0.0088809
-0.0014127
0.0061457
-0.029011
0.015084
0.013362
0.01055
-0.022044
0.0042036
-0.010186
0.022132
-0.0034887
-0.011484
-0.022285
-0.01679
-0.025533
0.0036631
-0.00063214
-0.020073
0.016153
-0.010923
-0.031285
-0.0036669
-0.030048
-0.0011333
-0.0094183
-0.0067614
-0.022043
-0.015877
-0.01578
0.027403
0.0083516
0.022873
0.016842
0.035997
-0.01214
-0.022475
-0.038877
0.0068362
-0.11593
0.066102
-0.069161
-0.083448
0.10304
-0.22532
-0.00023831
0.28956
-0.90856
-2.124
1.9329
-0.57172
-0.52453
-0.77361
0.069276
0.62733
0.24423
0.33521
0.48688
-0.38166
0.33635
-0.63497
-0.84275
-0.61757
-0.68292
0.32444
-0.7382
-0.71518
0.37887
-0.99416
7.1862
13.17
-8.3791
-5.6191
-12.226
3.3471
7.9716
-23.781
-15.385
12.125
10.583
-1.0382
2.2215
2.5473
-19.523
25.538
14.431
-23.387
9.7775
-11.997
11.848
-9.26
-5.2521
3.6982
-3.0117
-1.6627
0.96008
2.444
-1.0922
-1.1381
1.0199
1.1441
-0.40951
-0.60989
-0.67919
-1.1513
0.14089
-0.95721
-1.2187
-1.0609
-3.3872
-10.178
10.708
-10.245
-4.7543
4.8149
-5.1873
3.3186
1.8609
-2.3666
2.0664
1.7844
0.15493
-0.5089
1.0741
1.0363
1.2531
0.59843
-1.7157
-2.6127
-1.7096
-1.3551
-0.050938
-0.08099
2.2664
-1.3151
0.68665
0.62737
0.042042
0.60704
1.4764
-0.72202
-1.0165
-0.11556
-0.40729
-1.4464
0.013477
-1.1161
0.39087
3.178
-2.5157
-4.1511
3.7472
3.728
2.017
-2.5393
6.3704
-0.88166
-0.92929
-20.165
5.0411
-2.0639
16.095
15.868
30.88
-21.827
23.679
5.8205
-15.322
-15.143
33.019
21.325
-18.304
20.505
20.407
9.0722
7.4575
9.2635
-9.3051
-9.3006
7.7751
-1.8881
2.0465
-0.36676
-0.2891
-1.1133
-1.6774
-1.4747
0.55579
0.42752
4.467
7.2878
8.0754
2.6968
2.6559
-4.3717
1.4031
-0.29999
-0.85467
1.6302
1.6781
0.68332
-0.64161
-2.0088
0.20622
0.17768
0.6237
0.15412
0.62122
-1.0403
-1.1472
0.11268
-0.49633
1.2967
-1.3528
0.40829
1.2955
1.3758
1.1849
-0.18743
-0.10284
0.43563
-0.81991
0.60524
0.5618
-0.80033
-1.0156
0.40379
-1.2034
-1.0293
-0.79831
-0.89413
-0.37123
-2.49
0.26418
-1.4633
-1.2143
3.4464
3.0643
-0.76046
-9.5241
-17.077
-16.927
-14.675
-3.2217
-20.923
37.109
37.277
-24.374
-9.8919
6.1274
16.193
16.224
8.4049
25.624
-4.121
-9.444
29.129
28.76
-26.363
-10.53
-10.547
7.4882
-7.7705
-8.1436
-4.4291
4.0761
4.1396
1.574
-0.6111
-0.50215
0.5653
0.12225
1.5802
-0.96895
-3.3142
3.3237
-4.0319
-2.9454
-1.98
5.0207
-1.7977
0.3112
0.41594
-1.6005
2.7999
-1.524
-1.3303
0.48581
-1.3355
-0.30902
0.056682
1.9565
-2.2294
-0.87703
-0.94887
2.1056
0.07752
0.043523
-1.2003
1.4207
-0.14863
0.48201
-0.48172
-0.40128
0.00085347
1.3777
-3.3995
2.8338
0.57527
1.4708
-0.9473
1.3357
0.84209
-1.6369
-1.1179
-1.2634
0.33327
-2.6203
2.8546
2.5372
-1.2334
0.46722
2.4455
1.9013
2.0014
-8.3271
-18.37
-4.7725
-15.105
13.685
-20.311
13.688
14.083
-12.307
-0.38235
1.6746
33.936
36.258
-8.0147
-3.1663
-2.9965
-2.5556
-1.2093
-1.5278
-8.403
9.6297
5.0087
5.4001
-3.7473
0.60488
-0.85562
-0.02503
-1.6791
1.0664
0.99264
-2.0003
-1.2244
4.3869
-3.1496
-2.206
5.3732
-7.494
7.7597
-5.2455
1.863
-0.26606
3.5917
1.1056
-1.143
0.81464
-1.225
2.4325
-0.64842
-1.5552
-0.64169
-1.7293
2.4401
-0.38148
2.9212
-1.597
-0.60635
1.4332
1.1694
-0.23348
-1.0093
-0.95656
-0.48183
-0.20355
1.2663
2.3089
2.3816
-0.0018943
-1.6823
-2.3652
2.0662
2.0387
0.77087
0.23365
-0.93906
0.16098
-0.01561
0.17716
-0.1379
-1.4313
-1.577
-1.6382
-0.92273
0.18151
-1.4683
-3.719
2.656
1.02
-1.5376
2.7881
-2.683
-2.5728
-4.8941
8.6546
-4.9482
-5.3422
5.3013
5.1158
6.1564
-18.223
11.222
11.573
11.769
-9.3483
-22.465
13.262
28.723
-19.383
-19.292
17.445
-8.0723
4.7795
-3.343
-0.3758
2.4757
-1.879
1.7416
1.869
1.8139
-2.304
2.0481
-3.2743
2.8892
-1.0731
0.75866
-4.6947
-0.008153
0.068077
-4.0031
2.6794
-1.5608
0.39718
0.13947
-0.12023
1.6139
-2.2495
1.7488
-1.3003
-1.2534
1.0962
-0.2272
0.18743
0.22672
0.20881
1.1017
-1.5998
-0.29588
-0.28392
-1.3376
1.8003
1.8141
-2.6327
0.16751
0.52034
-0.78232
-0.87445
-0.89792
-0.46818
-1.5646
-1.4632
-1.592
0.51715
-1.185
-1.125
-1.967
-1.8566
0.57623
2.5098
-2.5469
0.89088
0.82997
0.071809
2.1457
-7.8035
0.60055
0.67502
4.5437
-2.1359
-2.9799
7.95
5.7774
5.8349
30.545
-26.109
13.756
24.654
15.184
14.905
10.186
-18.282
-3.5983
-3.5974
4.2998
1.9856
-4.1701
3.3962
0.11658
0.41754
0.5155
-0.49958
2.6617
-3.5851
2.6615
-1.1786
-1.8473
1.4208
-4.3086
-4.3258
-1.5716
1.6982
-1.7235
3.6996
-2.6283
-5.344
1.3214
3.2595
4.4849
-2.6549
1.7357
0.047305
0.071168
-0.043915
-1.8144
3.3345
2.0651
0.97107
-2.6818
-2.6151
1.6731
0.45084
-0.69866
-0.80647
1.0384
-0.84028
0.29485
1.3285
1.3912
0.062631
0.33731
-2.6487
-2.2841
1.9149
-1.3083
0.16142
-0.23537
-0.64474
-0.87663
-1.4271
-0.39902
-1.6785
0.0050246
1.5906
-2.8271
1.1395
-0.87428
1.0384
-0.79232
4.1859
-7.6268
-17.311
1.2791
27.793
18.361
-2.4661
16.584
-15.427
9.6155
-6.8049
7.3344
1.2491
37.331
-22.196
-1.9547
-6.13
-3.1393
15.793
9.9672
28.17
-0.42728
-1.1793
1.575
0.34838
-0.96525
2.3469
-4.2684
-2.7698
2.7532
-1.2461
-2.7237
4.076
-5.4642
5.7985
2.9387
-6.5485
7.3187
-3.6788
-5.531
-1.7306
0.32594
-3.0309
-0.15995
0.22722
3.3593
0.59593
1.2973
-1.1123
0.881
-0.43883
1.3944
-2.1134
0.26013
-0.21054
-0.421
0.24438
-1.084
0.99473
-0.32294
-0.84552
-0.38187
1.5925
-0.99051
-0.86245
1.4413
-0.24522
-0.051615
-0.88316
0.69909
-1.1956
-0.88787
-1.0453
0.36322
-1.3387
0.037919
-0.11926
-0.57259
-0.57971
-0.48021
0.53956
0.64341
-2.9485
2.0908
2.0094
0.002825
2.1213
-11.081
-1.7925
-1.9172
19.597
-6.9972
20.112
-9.0756
3.8994
17.358
17.511
11.056
-7.7425
-9.2731
27.184
-18.618
1.6707
7.8107
7.2177
10.871
10.809
-1.7615
-0.51189
-1.8133
-1.1171
-0.99226
3.3343
1.0892
3.9892
2.8998
2.9723
-3.3562
4.4952
-2.8546
2.1449
2.0445
-3.9069
-4.6903
4.8607
-12.235
-12.245
4.2777
-3.4052
1.3996
1.4698
-1.9491
1.2675
0.34618
1.1255
-0.030005
0.38366
0.45802
-0.13061
-1.2346
1.0246
1.0094
0.016141
-0.12085
0.30632
1.0492
2.7605
2.626
-0.70866
-1.3776
1.2248
2.6366
-1.9649
0.37907
0.49141
1.4963
0.99073
0.89781
-0.89454
0.95007
-0.85346
-0.49104
-0.45959
-1.2017
-0.047475
-1.9327
3.3047
-2.3499
-2.1762
-0.81809
-1.7884
-17.634
-1.8454
12.674
-3.3863
-7.2137
-3.5837
-3.7805
15.094
-16.932
37.418
-11.474
1.397
1.526
29.764
-24.287
-12.145
-14.63
-14.622
8.4149
12.699
-15.57
14.499
14.352
-12.13
7.4336
-1.8184
1.8562
1.9235
-0.54839
1.5397
0.1729
-0.30236
-0.33383
2.2919
-2.1798
2.465
-2.7554
-2.8117
2.4605
-2.1346
-0.047801
-0.35504
-1.3354
1.0735
-0.1975
1.2621
-1.6829
-0.83908
-0.4521
-0.49487
0.075318
-0.86283
-0.74506
0.6579
0.61587
0.28305
-1.4592
0.59653
0.58239
-1.0093
-1.0977
0.037619
0.84991
2.2168
0.65588
0.73337
-3.3012
-0.091148
-4.391
-0.27137
-0.26426
1.9328
1.6418
-1.4808
0.52384
-0.024433
-1.1978
-1.1856
-0.77823
-0.7612
0.72916
0.2439
0.33764
1.3956
1.2333
1.5739
-2.296
0.58902
-0.016655
-8.8015
33.856
7.3268
-10.823
16.345
-9.1559
16.164
-18.793
-18.993
2.0477
-3.4885
4.6568
35.637
34.295
-6.1564
19.207
9.9654
-24.13
16.974
17.053
11.835
-3.772
0.56595
-4.5801
-1.6431
1.7495
-2.0258
1.3731
0.53531
-0.62485
0.25772
-4.9424
2.8161
-0.79149
0.96177
-1.4522
0.75826
0.5332
-0.24874
0.30719
0.21487
-0.51475
-0.31603
0.002924
-0.14419
-0.30407
-0.26086
-0.0090353
-0.08966
-0.16471
0.049056
-0.25583
0.010262
0.026746
0.10391
-0.73774
1.2927
-0.97712
1.3532
-1.2025
0.93442
0.78074
-0.68466
2.5145
-6.3403
-0.81489
1.1004
1.923
-3.4428
-0.81751
-0.87477
1.1758
-1.0101
0.16786
-1.176
-0.92928
0.50734
0.51903
0.028195
-0.097459
-0.62598
-0.93833
-0.15107
0.85409
-0.39375
-0.098639
4.8266
-12.726
15.731
-1.7566
-10.373
9.2715
-15.543
24.906
-3.9846
7.4218
7.2925
10.116
-0.24001
17.023
-29.699
28.178
-10.966
-0.87974
8.4663
-3.9651
-1.1316
-6.3926
4.4753
-2.1309
0.64599
0.48204
-2.4033
1.9835
1.2346
0.28321
-0.052993
1.5342
0.3275
-0.41814
0.99547
0.21444
0.33558
-1.3206
0.51545
0.77755
-0.087659
-0.044326
-0.065411
0.31494
-0.36413
-0.02579
-0.049574
-0.0048129
-0.62491
-0.13929
-0.13073
-0.14707
0.16448
-0.60293
0.81204
0.27255
-0.48666
0.98443
1.0169
-1.9856
-2.4109
-2.2476
0.093946
0.93195
7.6411
-4.9441
4.5097
-5.2556
-4.0065
1.6858
0.015956
-0.72586
-1.846
0.62055
-1.6512
0.68649
2.2072
-2.958
1.8117
-0.4011
-1.3979
1.8305
-0.34585
3.7881
-3.9125
0.53964
2.3877
-13.454
33.98
7.4157
-13.035
-22.294
32.348
-15.058
11.866
14.597
4.2597
-6.0294
14.031
22.016
-23.652
6.8796
6.6828
-15.791
-15.954
13.213
7.2302
-5.0922
3.9337
-2.6826
-1.3904
-0.71372
2.6358
-0.18623
-0.14744
-0.19783
1.3242
2.2519
0.46088
0.41435
0.21613
0.18808
-0.13462
0.51007
-1.3828
0.22156
0.50073
0.44443
-0.28489
0.013712
-0.1127
-0.24087
-0.18007
-0.53796
-0.52693
0.26585
0.53772
-0.2297
-1.3801
-1.3889
1.3877
-1.0632
0.44084
0.77179
0.78836
0.57462
0.21083
3.6784
-1.3226
-1.4071
0.76507
0.0021285
1.923
-3.7561
-3.7583
4.5711
1.64
-0.351
0.39784
0.39743
-3.0599
1.8618
-0.71749
-1.2902
-0.26037
-1.6324
0.073352
-0.45296
1.8121
5.1436
5.4876
24.416
-18.464
19.02
18.697
-7.9264
5.5449
-3.9405
-0.41053
6.74
7.4041
-6.3521
0.43016
32.662
-14.767
9.5331
9.2897
-13.601
8.6382
8.3886
-4.3523
-4.3386
3.2705
2.4886
-2.748
-0.093241
-0.038199
-0.097167
1.7067
1.0695
-2.3039
-2.3725
-2.3615
-2.3847
1.6229
-1.6268
-0.070705
0.89033
-0.21402
-0.43617
0.29079
-0.13128
-0.21261
0.50035
-0.13688
-0.34812
-0.22798
0.065293
-0.14967
-0.048458
0.24856
-0.9144
0.75366
-0.38623
-0.1138
0.86656
1.1722
0.088239
-1.3869
-2.539
4.7942
4.6289
5.2051
-3.0724
2.4373
0.32633
1.4123
-0.56045
0.65151
-0.82852
-0.29474
-0.4153
-1.6766
1.1565
0.27108
-0.37202
-0.37041
-1.3589
0.61721
0.0050758
-1.4015
-1.6136
3.1973
-2.5775
-0.053008
-23.113
-10.887
21.803
7.8198
27.866
14.612
-9.6897
11.068
12.47
-21.014
0.75433
1.5959
17.988
4.5053
-1.8515
-10.762
6.2005
-5.9865
-7.7568
-7.9272
-4.7628
3.3647
1.9501
-2.0973
0.93985
-0.25193
-1.641
1.3181
0.31467
2.3713
2.0914
-0.99428
0.66644
1.6511
-1.7678
-1.8067
1.5238
-1.2018
0.25696
0.0034622
-0.059731
-0.48766
0.051406
-0.067136
-0.026351
-0.93349
-0.02701
-0.70308
-0.72303
-0.26063
0.25484
-0.24079
-0.51676
-0.34804
0.38816
-0.40867
1.4115
0.42938
0.43807
1.6301
4.0314
-5.6042
1.6447
-0.76475
2.2939
-1.4487
2.5245
2.5496
0.93875
-1.108
0.22122
-1.4686
0.88776
-1.471
-2.2236
-2.2269
1.0655
-1.23
0.27029
0.47645
-0.50463
0.062641
2.0595
0.70269
0.14573
0.11309
-1.5853
-16.702
-26.712
37.926
-8.141
16.127
-5.9555
13.57
4.3869
4.2687
-11.396
18.266
10.811
-1.5634
29.024
-24.554
11.621
-19.084
4.1749
-17.414
-10.988
-1.0106
-0.084193
0.1608
0.2173
0.35404
0.055538
-0.80063
2.3024
0.74821
1.1528
-0.61793
1.2384
-1.0434
-1.0078
0.84193
-0.44952
-1.4012
0.23301
0.44079
0.032783
0.1149
-0.37145
-0.65937
1.0938
-0.016341
-0.20861
0.12206
-0.36989
0.71232
-0.026125
0.061803
-0.15046
-0.46705
-0.1441
0.11881
-0.17971
1.4521
0.26114
-0.67731
0.17372
0.50601
0.86659
0.88336
1.1482
3.1469
-5.925
1.4804
-0.010458
3.6542
-4.2443
4.7508
-0.25016
1.0697
-2.2437
2.5522
0.077562
0.36493
-0.70698
2.0368
-3.3635
1.2279
-1.2593
0.49107
-0.79495
0.421
-1.5517
0.58449
2.6736
-17.766
21.018
15.18
-4.8449
6.7564
-5.43
-16.377
11.704
-4.5419
10.614
1.809
1.9235
14.232
7.9594
19.742
-5.0814
-15.648
9.1934
-17.729
-10.95
-5.3043
-8.0029
3.1447
2.202
-2.2771
-0.072916
-1.0801
0.98356
-2.6161
-0.89408
-0.40015
1.0611
0.24633
0.63331
-0.44302
1.1694
-2.3143
-2.419
0.025423
1.1663
-0.084042
-0.57173
0.25797
-0.033047
0.10965
0.0049976
0.3415
-0.28394
-1.9966
0.63709
0.48751
-0.55184
0.84367
-0.78544
0.45666
-0.66226
2.5191
0.081064
1.0184
0.7101
0.5164
1.2984
4.3641
-0.70076
-1.9326
-2.4128
-6.2962
6.5862
-3.681
2.7282
-0.58804
-0.93894
1.1732
-2.221
-2.2881
0.64418
-1.3356
-0.12804
0.3864
-1.2913
-0.24617
-0.36217
2.3287
-1.3374
1.62
1.7425
-16.409
-10.105
12.203
1.5399
8.9305
1.2033
13.466
-1.0474
-4.0667
-3.979
-12.397
-1.7102
34.244
24.881
-6.2937
10.412
-10.302
-10.273
16.597
-14.197
2.2612
1.9775
-1.5558
0.95135
0.98435
-2.0888
0.38761
1.11
1.1704
4.2363
-3.7718
1.052
0.061372
0.016295
-0.57783
-1.9357
-0.22252
-0.32411
-0.40246
-0.46471
-0.19993
0.017454
-0.012806
0.013958
0.24342
0.017212
0.17739
0.076022
0.10231
0.41347
0.76139
-1.1833
-0.6212
-0.68102
0.92535
0.91285
1.108
0.74076
0.64954
-7.2943
-7.3454
1.6299
-2.9401
1.268
-0.57546
-0.37546
2.0364
-1.5049
-0.14985
1.363
1.1385
-1.1368
-0.21441
-0.24451
-0.037753
0.0052039
-0.36561
-0.019421
0.56734
1.4808
1.6487
-1.3663
2.6216
-0.46361
1.3327
5.1749
-10.606
-10.425
-21.801
-11.869
13.236
11.949
19.256
-0.35921
-0.95036
5.2191
-3.3262
-0.62327
1.0628
34.745
25.478
-17.581
17.713
25.64
-28.368
21.036
21.01
-0.48663
-1.2861
-0.43007
0.78234
-0.34769
-0.48585
1.1382
-2.4445
1.0241
-0.31332
-0.23015
0.1025
0.37078
-0.077237
0.95119
1.3373
0.54032
-2.6175
-2.6769
-0.26948
0.57762
-0.52699
-0.31492
-0.36821
-0.2464
0.048955
-0.87267
0.44068
0.48787
0.33415
-0.39033
-0.015384
-0.4003
-0.39274
0.3785
-0.37561
0.73539
-0.345
-0.45427
0.32994
2.7719
2.0147
-0.53136
-0.51556
0.11991
6.2073
-2.5761
0.24162
0.19728
-0.62132
3.5786
-0.44727
-0.97779
-0.8338
0.44701
0.72049
1.4946
-0.055919
-0.21711
-1.4612
-0.47664
0.29857
-1.1581
-1.1672
0.78608
-0.63268
0.27814
0.010837
-0.58545
2.2025
-1.195
-2.0651
2.8404
2.9957
-18.269
25.478
-15.21
4.1681
-0.13575
-0.49586
-0.61986
-3.9772
-13.078
3.8486
4.4761
11.826
-23.442
25.393
6.0652
5.9479
-6.3144
-8.8605
-14.153
4.9164
4.8376
-11.489
-1.1208
3.3442
-2.0743
-2.2064
0.0046666
-1.2301
-0.61782
-0.23856
0.33733
-0.965
1.0733
1.7137
-2.4542
-2.5464
4.2148
0.49182
-1.1011
-1.54
-1.4897
0.31728
0.26742
0.038244
-0.49821
-0.56767
-0.37143
-0.13277
0.27101
-0.55809
-0.78563
-0.31387
-0.16019
0.41123
-0.7168
-0.65117
0.18075
-1.0258
-2.3277
0.95816
0.13778
0.71227
-0.76949
0.5665
0.7993
2.0661
-1.1237
-1.751
3.3751
-6.059
-6.2338
5.1331
-2.8466
-1.6152
-0.025354
2.1001
-3.0254
0.17143
-1.4391
0.6186
-1.1766
-0.075379
-0.12433
-0.16472
0.60154
-0.71145
0.93573
-2.1154
-1.9639
0.46775
1.2166
1.2779
0.43876
-1.462
-12.804
2.8425
-28.907
18.118
23.168
12.009
11.64
-20.738
11.646
1.1437
-2.3277
6.9911
-3.6604
10.896
10.847
3.3538
-13.451
32.989
32.954
-28.097
-17.189
14.838
7.9841
2.2862
-2.401
2.3224
-0.78937
-0.39626
-0.68944
0.42405
-0.65017
0.571
0.58816
-0.31773
-0.35876
-0.29562
2.1495
2.7913
0.60239
-0.6567
-0.11976
-0.35306
-0.055218
0.19759
-0.29297
-0.33315
-0.025478
-0.36948
-0.22907
0.058558
-1.3135
0.2282
0.93179
0.90099
0.48718
-1.2625
0.76322
0.51236
-1.0193
1.0473
-1.2273
1.2006
-1.2046
0.97261
0.42217
0.95523
1.6507
1.1291
0.33671
-0.39804
0.91606
0.70808
0.795
1.98
-3.9018
3.307
-0.20924
0.75705
-0.60105
0.18537
-2.0807
0.64001
-0.52875
0.41179
-0.22244
-0.82977
0.56989
1.4005
-0.12082
-0.46998
1.6065
-1.3461
1.5703
1.765
-0.53458
21.65
2.2632
-6.4016
15.047
8.5939
-8.8539
6.0961
-16.594
13.009
-11.973
21.038
-4.8843
14.457
14.562
8.1086
-8.6858
28.488
-17.155
4.27
2.8726
-5.102
3.9023
1.5217
1.5219
-0.18283
-0.33095
0.83221
1.6876
-2.7412
1.1398
0.35988
0.9249
-0.44766
-0.63541
-1.2277
1.1807
-1.2378
1.9356
0.7025
1.803
0.1547
0.65636
0.40513
-0.28401
-0.37877
0.2664
-0.25001
0.29365
0.21427
-3.0122
1.1752
-1.1312
-1.476
-1.3863
-0.15017
-0.18761
0.61713
0.64799
0.58863
-2.2254
3.125
-0.61268
-0.19483
-0.59974
3.8265
-2.302
-0.56948
-4.2578
0.92414
-0.025553
1.8014
2.9839
-2.5935
-2.7831
-2.3604
2.3071
-1.8949
-1.0139
-1.1466
-1.3892
-0.20917
-0.90859
-1.1031
-0.42663
-0.64777
-0.13918
-2.1595
1.8501
2.0093
1.1349
1.2677
-1.9994
-11.683
-11.73
-4.6249
-4.519
15.136
-1.3721
4.7534
-10.335
-10.884
17.47
-17.094
22.031
-1.3772
-1.1284
-3.4827
5.335
3.9338
-4.4627
-4.5015
5.566
-2.1643
-1.3724
-4.0541
-3.9304
3.9111
-3.165
-1.9582
1.6908
1.6842
-3.6555
0.8043
-0.083189
-0.20916
-0.16824
1.6847
1.2144
-1.3412
-0.49535
-0.50046
2.3253
5.0455
2.6564
6.7893
6.6405
5.2147
-16.639
11.299
-8.6656
-8.527
5.6237
4.2457
-4.6601
2.8698
-1.9781
-1.9329
0.69851
-0.32949
0.46805
-0.0022111
-0.048102
-1.0609
2.6573
-2.8099
-2.7454
2.7437
2.1237
0.032917
-0.074667
-0.29564
0.17142
1.1117
1.8801
0.89597
0.62053
1.8481
-3.2297
0.54022
1.3256
1.3627
-2.1449
0.79712
-2.9948
2.4972
-3.0567
-3.1583
-1.1246
-0.1002
0.48363
0.70688
1.3397
0.81718
-1.2271
-2.3498
-2.4108
5.1637
25.812
-15.152
6.8473
18.066
17.486
1.9508
-5.1949
4.7809
4.7643
-11.323
-16.047
11.47
-17.077
-17.004
37.442
26.737
-27.272
-9.8984
-10.514
-11.021
-2.9015
1.1648
0.16618
0.46268
-1.9608
-0.26623
-3.9098
6.4867
6.5338
-5.165
2.2994
-2.9301
3.5066
3.4774
0.088557
1.8232
-0.88864
2.7277
2.7506
-1.8839
-4.9496
3.3525
3.1432
-0.33619
-0.0092602
0.30469
0.19041
0.16462
1.9483
-1.0814
-1.0078
-0.81606
-0.84687
1.4148
-0.83158
0.74775
-0.95954
-0.94772
-2.0982
2.7652
-0.94278
-0.059717
-0.028894
-1.4151
1.4907
1.214
-0.87151
-0.78817
-2.5572
0.75723
2.8258
-0.20454
-0.23726
-0.25114
0.81002
0.51977
-1.5796
-1.6829
-1.2013
-0.093292
-0.43014
0.56412
0.64372
-0.49857
0.25857
-0.022343
0.42986
0.32573
-1.6637
1.3685
-0.71948
1.3309
-1.02
-0.9772
0.40101
-0.24231
0.27463
-0.50295
0.65637
0.2205
-0.17228
-0.22028
-0.28097
0.80311
-0.80062
-0.044767
0.0039448
-0.19409
-0.22222
0.11059
-0.11365
0.057444
0.21273
0.28574
-0.58117
0.60258
0.59523
0.13573
-0.1596
-0.68048
0.11005
-0.31449
0.18435
-0.22922
0.4054
0.40718
-0.012223
-0.52954
-0.034386
0.35598
0.066833
0.35812
0.14575
-0.36679
-0.38337
0.31134
-0.41325
0.090244
0.093178
-0.070175
0.064772
-0.05279
0.0022427
0.016271
0.19011
-0.018691
-0.01559
0.058024
-0.10063
-0.083455
0.064691
-0.11489
0.21754
-0.10482
-0.12927
0.026399
0.080894
-0.024845
0.0305
0.041683
-0.059018
0.018401
0.070428
-0.040222
-0.072801
-0.013946
0.098874
-0.2076
0.056794
0.0042666
0.080837
-0.3619
0.19991
-0.40949
0.16786
0.16744
0.30828
0.23805
0.014893
-0.19361
0.061105
-0.33808
0.082586
0.3104
0.1676
0.039187
-0.26807
0.16041
-0.12548
0.31923
-0.30099
0.089912
0.10764
-0.099692
0.062314
0.07798
0.056716
-0.037591
-0.15509
-0.15802
0.07647
-0.0030728
0.014602
0.015204
-0.09486
0.063347
-0.27298
0.32068
-0.28113
0.1738
0.060425
-0.054054
0.015677
0.023196
0.024681
-0.026304
0.040815
-0.0010126
-0.0039283
-0.11471
0.038532
-0.040048
-0.041199
0.092236
-0.078687
-0.030179
0.10696
-0.017163
-0.050531
-0.031357
-0.023366
0.016873
-0.037147
0.0030801
0.041028
-0.12718
-0.036153
0.051473
-0.082966
0.074077
-0.04319
0.009611
0.0088872
-0.0057342
0.05966
-0.072338
-0.022557
0.014746
-0.067222
0.048306
-0.028078
0.01283
0.039507
-0.039437
0.024298
-0.04538
0.030741
-0.033697
-0.049799
0.012337
-0.055143
-0.021711
-0.044478
-0.0048748
0.047932
-0.062025
-0.098811
0.062759
-0.019667
-0.052761
0.13702
-0.29634
0.22911
-0.0016203
0.018385
0.093498
-0.15781
0.037806
-0.10355
0.14332
-0.11254
0.15647
-0.093032
-0.035986
0.16689
-0.0065777
0.097466
-0.10409
0.025557
-0.1641
0.058512
-0.0058075
-0.073157
0.022734
-0.11296
0.090463
-0.061053
0.033751
-0.038168
-0.041325
-0.032391
0.016655
0.015047
-0.028278
-0.019091
0.039829
-0.04227
-0.022114
-0.039971
-0.027244
0.084596
0.036569
0.016722
-0.022516
-0.030075
-0.055517
-0.055794
0.019135
-0.037192
0.038454
-0.043222
0.01208
0.014403
-0.00043054
0.071677
-0.040531
0.0052515
0.0021961
-0.040864
0.010413
-0.022311
0.013103
-0.041477
-0.024078
-0.051387
-0.030195
0.037181
-0.074365
0.044612
0.010355
-0.017351
-0.0047911
-0.0046928
0.022712
-0.023822
0.026925
-0.063156
-0.018019
0.0032557
-0.012272
-0.026456
0.021424
0.047719
0.048896
-0.024533
-0.039356
-0.03195
0.016778
0.016135
-0.022889
-0.14323
0.14155
-0.036188
-0.033564
0.059458
-0.13255
0.13577
0.12295
0.1225
-0.12818
0.002129
0.033292
0.053496
0.051721
-0.020965
0.0078452
-0.029086
0.0016433
-0.003218
0.022105
0.0061789
-0.037757
0.032627
0.036139
-0.019561
0.014195
-0.066954
0.061194
0.0028257
0.0067422
-0.011685
-0.036839
-0.01022
-0.0056387
0.014306
0.028897
-0.044435
-0.030073
0.028149
-0.0093638
0.036802
-0.037174
0.059848
0.059204
0.049864
-0.026883
-0.053333
0.088141
-0.090682
0.094883
-0.058525
-0.038162
-0.08924
-0.088659
0.052956
-0.064658
0.13003
-0.088378
-0.062282
-0.11355
0.012904
0.048986
-0.070466
-0.070209
-0.034152
-0.02393
0.039772
-0.018057
0.071741
-0.00054439
-0.078931
0.014371
-0.04581
-0.045932
-0.016451
0.033851
-0.016408
-0.025133
-0.065881
0.024939
-0.045954
-0.026599
-0.04968
-0.051802
0.026583
-0.035377
0.020198
-0.050573
0.019119
0.0037953
-0.015636
-0.030092
-0.019892
-0.02262
-0.026192
0.087396
-0.013987
0.1474
-0.047795
-0.11912
0.09698
-0.12924
0.14186
0.14288
0.036509
-0.11141
0.024627
0.042176
0.076234
-0.06443
0.014526
0.030761
0.0077234
0.009761
-0.054299
0.0088962
-0.040351
-0.0081402
-0.0018059
-0.054041
-0.00071877
-0.037687
-0.095037
-0.091197
-0.027273
0.087154
-0.061554
0.068677
-0.077382
0.00067777
0.056697
-0.022509
0.069033
0.061506
-0.031528
-0.064707
0.0088045
-0.0036242
-0.0041106
0.042462
-0.057254
0.097051
0.039905
0.038697
0.041277
0.024092
-0.077045
0.041591
0.036595
-0.068994
0.014193
-0.094051
0.069056
-0.11531
-0.12313
-0.042243
-0.061987
-0.057005
-0.014967
-0.040829
0.018064
-0.09905
-0.091631
0.032154
0.024367
0.041815
-0.075776
-0.068716
0.08011
-0.065836
0.0074729
-0.023347
-0.026824
0.069984
-0.044303
-0.0050107
-0.05484
0.001315
0.022084
-0.046817
-0.0041271
-0.017881
-0.018363
0.014973
-0.03205
0.012461
-0.061623
-0.039728
-0.042394
0.010851
0.018911
0.086022
-0.046057
-0.047051
-0.00032638
-0.068084
0.027864
-0.0075022
-0.017379
-0.054472
0.11244
-0.054163
0.089349
-0.01413
-0.071388
0.088626
-0.058175
0.13981
-0.063458
-0.015862
-0.010653
-0.032579
-0.056517
-0.055218
0.056961
-0.018656
-0.074211
-0.018387
-0.10279
0.0025978
0.038985
0.0095583
-0.023793
-0.02911
0.0030996
-0.0077977
0.028663
-0.077522
0.012293
-0.098422
0.070881
0.03218
-0.025478
-0.033176
-0.098361
0.046838
-0.033922
0.014525
0.0402
0.026539
-0.012114
0.066873
0.025385
-0.048069
-0.03843
-0.016477
-0.011573
-0.01156
-0.0069278
-0.06398
0.042514
-0.067413
0.038147
-0.011414
-0.020767
-0.065337
-0.063345
-0.0037118
0.0019948
-0.030609
0.040298
0.068747
0.0086779
-0.0043466
-0.021251
0.053268
-0.06356
0.054823
-0.052249
-0.00075018
-0.021025
-0.012765
-0.037189
-0.021897
-0.031837
-0.031377
0.020965
-0.026921
-0.016711
-0.034776
0.0070142
0.073259
-0.05028
0.0022012
-0.029984
0.06896
-0.08615
-0.010795
0.036241
-0.089099
0.017856
-0.017819
0.012318
0.011239
-0.051706
0.0062613
0.021255
-0.033982
0.12762
-0.076695
0.053346
-0.069266
0.015413
0.022477
0.0038504
0.0070425
-0.063257
0.019084
-0.037251
-0.0036526
0.017389
0.0067152
-0.0080756
-0.030979
0.0069783
-0.040705
0.00096194
0.021385
-0.043559
-0.0030845
-0.040956
0.068439
-0.045305
0.020461
0.030708
-0.019771
-0.013537
-0.038025
0.041202
-0.041619
-0.12129
0.028969
0.043338
-0.11043
0.040223
-0.044842
-0.026243
-0.032078
0.0066151
0.0071831
-0.045528
0.0097395
0.0070517
-0.062584
0.024566
-0.050143
0.061705
-0.025817
-0.049932
-0.01111
-0.061234
-0.04164
-0.026888
-0.014051
0.06375
-0.014378
0.023084
-0.011815
-0.0023722
0.015007
0.0048413
0.0088348
-0.022456
-0.032059
-0.09809
0.022012
-0.019016
-0.048917
-0.0081325
-0.016558
-0.0078269
-0.034364
-0.017282
0.039606
-0.032958
0.050878
-0.056659
0.020731
0.040537
0.01417
0.043881
0.021998
0.055843
0.025789
-0.039009
0.025247
-0.057209
-0.010028
0.039821
-0.039886
0.0068215
0.02905
-0.0020975
0.012763
-0.027462
0.020018
-0.03949
-0.0073611
-0.029196
0.016554
-0.029254
0.0097173
-0.037433
-0.0159
-0.021171
-0.03265
-0.02063
-0.020085
-6.8533e-05
-0.0086332
-0.028393
0.011033
0.026174
-0.011776
-0.028918
0.072846
-0.01364
0.067748
-0.052784
-0.013961
-0.012612
0.004332
0.00053863
0.046396
-0.026827
0.11758
-0.095454
-0.033809
-0.0407
-0.05274
0.010831
-0.076523
0.0405
-0.014928
-0.08485
-0.058431
-0.029135
-0.043156
-0.018158
-0.0302
-0.026044
0.031571
0.0040936
-0.03874
-0.0033406
0.001241
-0.011329
-0.020349
0.0059532
-0.0079463
-0.0026874
0.017496
-0.027897
-0.014206
-0.045786
0.0041201
0.013409
-0.027056
0.023545
-0.045364
0.0020393
-0.042564
-0.015262
0.010966
-0.010445
0.0032979
-0.0072699
-0.0066889
-0.0035769
0.028028
-0.1197
0.017606
-0.10393
0.089684
-0.022133
-0.0031885
0.040262
-0.010423
0.0072901
0.096848
-0.15
0.070469
0.026545
0.051304
0.057446
-0.10072
0.069723
-0.056961
-0.04708
