0.090302
0.10082
0.088777
0.085268
0.085684
0.080222
0.093911
0.091797
0.098981
0.10028
0.092705
0.090585
0.094056
0.092302
0.098572
0.095538
0.083154
0.084218
0.094881
0.088443
0.09527
0.098864
0.10224
0.09496
0.10647
0.096687
0.10562
0.10284
0.10674
0.11356
0.10458
0.10905
0.10214
0.1141
0.10909
0.12173
0.11618
0.11557
0.10837
0.1025
0.11269
0.099715
0.10994
0.11371
0.099615
0.10491
0.10989
0.093139
0.10573
0.10238
0.099717
0.10913
0.1033
0.10267
0.10293
0.090803
0.096799
0.093499
0.1072
0.097592
0.10229
0.092564
0.095287
0.095282
0.10033
0.092433
0.10502
0.093927
0.091047
0.087146
0.091886
0.09665
0.099858
0.091203
0.090808
0.094128
0.090884
0.094209
0.095111
0.09012
0.0937
0.10354
0.092333
0.094771
0.086861
0.10042
0.099974
0.10742
0.1023
0.099192
0.10156
0.10349
0.091907
0.1004
0.098188
0.094156
0.097491
0.088867
0.084494
0.097394
0.092399
0.094678
0.089552
0.090035
0.084012
0.082934
0.083085
0.087664
0.08619
0.094538
0.099564
0.090762
0.091813
0.078566
0.088262
0.085417
0.087077
0.095517
0.083984
0.087057
0.084603
0.075879
0.085551
0.081253
0.09072
0.098754
0.094851
0.086285
0.087254
0.078067
0.088811
0.083723
0.0914
0.099336
0.09586
0.084516
0.091041
0.093975
0.090083
0.10277
0.094753
0.097884
0.089619
0.08984
0.094941
0.096987
0.098805
0.11025
0.11136
0.098955
0.1089
0.097641
0.096136
0.099579
0.094858
0.099085
0.089166
0.093638
0.083158
0.09243
0.097045
0.098295
0.09354
0.099425
0.083256
0.09041
0.093704
0.10594
0.10658
0.096102
0.096706
0.10034
0.094195
0.10359
0.095838
0.11062
0.095407
0.098524
0.095506
0.096083
0.094698
0.1041
0.092497
0.11053
0.099916
0.093542
0.098765
0.095081
0.10561
0.10467
0.094589
0.099196
0.088493
0.09379
0.094766
0.093722
0.10505
0.10196
0.098273
0.095517
0.086815
0.093652
0.094878
0.09023
0.10037
0.092385
0.10008
0.087185
0.082959
0.060559
0.082211
0.092646
0.090073
0.086595
0.097253
0.095248
0.081602
0.097536
0.090303
0.089542
0.10281
0.088154
0.081562
0.092508
0.084335
0.095262
0.089404
0.10331
0.093292
0.082181
0.085272
0.091208
0.087604
0.11306
0.099735
0.10768
0.10504
0.093347
0.098295
0.095901
0.089455
0.096748
0.091863
0.10139
0.095481
0.088391
0.090938
0.091487
0.097036
0.1033
0.10224
0.09727
0.097076
0.09477
0.10119
0.096452
0.1103
0.10635
0.091289
0.091851
0.094359
0.092013
0.10589
0.094765
0.096135
0.10359
0.09386
0.0992
0.099047
0.093538
0.10697
0.097919
0.10523
0.096427
0.088782
0.059043
0.09391
0.09041
0.091457
0.10114
0.089789
0.09768
0.090393
0.10079
0.10922
0.10561
0.10697
0.10012
0.10429
0.1049
0.09854
0.10734
0.11153
0.097758
0.10818
0.10316
0.088817
0.10043
0.099556
0.10961
0.10302
0.10921
0.1015
0.10371
0.092285
0.096385
0.10185
0.097676
0.10171
0.088136
0.10108
0.090046
0.097311
0.10571
0.097333
0.10297
0.10181
0.09697
0.111
0.10331
0.10288
0.12388
0.11305
0.12135
0.10893
0.11361
0.10323
0.097887
0.10162
0.10408
0.1019
0.10556
0.090322
0.099423
0.10258
0.098894
0.11328
0.112
0.10993
0.11036
0.10115
0.10752
0.1144
0.10491
0.11234
0.10805
0.099098
0.10612
0.093575
0.10208
0.096828
0.097437
0.10093
0.10029
0.10659
0.097834
0.10474
0.096633
0.10868
0.099471
0.11079
0.10677
0.10703
0.10207
0.10876
0.10272
0.1173
0.1013
0.10301
0.10206
0.10169
0.099481
0.11021
0.10305
0.1065
0.11191
0.10054
0.096005
0.11273
0.1079
0.10961
0.11355
0.10203
0.1059
0.10087
0.10008
0.10777
0.10323
0.10981
0.10051
0.10383
0.092963
0.10056
0.098815
0.11429
0.107
0.10836
0.10508
0.098394
0.1056
0.098647
0.11021
0.097235
0.096339
0.10811
0.10574
0.092521
0.10574
0.097531
0.10197
0.10189
0.10592
0.094925
0.066244
0.091184
0.10612
0.099969
0.10728
0.099743
0.10055
0.099809
0.10052
0.089354
0.1004
0.090539
0.10745
0.10173
0.093046
0.099481
0.10244
0.10955
0.11275
0.097035
0.10689
0.1061
0.092683
0.10025
0.096467
0.09409
0.11338
0.10748
0.097666
0.10939
0.093636
0.10813
0.10273
0.083928
0.11476
0.10358
0.11428
0.099536
0.1072
0.11188
0.097126
0.10385
0.109
0.095561
0.092179
0.10639
0.096224
0.1153
0.10552
0.10116
0.11416
0.099773
0.10471
0.10409
0.099809
0.13681
0.10263
0.092433
0.097144
0.094597
0.092288
0.1045
0.09856
0.10609
0.1032
0.097469
0.091958
0.10002
0.10746
0.10533
0.10837
0.10457
0.067676
0.095056
0.10762
0.097686
0.10732
0.099808
0.10054
0.10145
0.092929
0.097644
0.095056
0.11017
0.098102
0.10318
0.10837
0.10049
0.09882
0.10273
0.099123
0.10728
0.10937
0.09765
0.096382
0.098542
0.1022
0.1075
0.10626
0.11042
0.1056
0.10862
0.099931
0.10315
0.11789
0.10402
0.11481
0.11963
0.10298
0.10356
0.10229
0.099946
0.11015
0.10878
0.10161
0.10547
0.095542
0.10824
0.10661
0.1131
0.11413
0.1068
0.11358
0.11284
0.10122
0.11135
0.11017
0.11207
0.10589
0.1144
0.10123
0.10804
0.09997
0.11093
0.11581
0.11157
0.11757
0.11978
0.10346
0.11226
0.10127
0.10405
0.11713
0.10429
0.11319
0.10234
0.098399
0.09439
0.088202
0.08988
0.10135
0.095293
0.099357
0.096704
0.094625
0.11268
0.10463
0.1065
0.1173
0.10408
0.11104
0.10291
0.1064
0.11192
0.098679
0.097786
0.10415
0.10127
0.089107
0.10068
0.08972
0.098211
0.092851
0.10323
0.10301
0.10815
0.093304
0.097743
0.089957
0.09951
0.10912
0.094576
0.10071
0.094716
0.088124
0.1038
0.1013
0.10962
0.09852
0.10601
0.064067
0.10835
0.10662
0.10784
0.11409
0.12113
0.10466
0.11592
0.10052
0.10048
0.10798
0.10382
0.10118
0.10708
0.10085
0.10755
0.071381
0.10465
0.11874
0.10337
0.11312
0.10881
0.1208
0.10922
0.1139
0.10952
0.11399
0.11242
0.12209
0.11256
0.10106
0.10975
0.10302
0.10584
0.1132
0.10149
0.10269
0.10511
0.097931
0.10745
0.10458
0.11413
0.11451
0.068311
0.10666
0.10608
0.071154
0.12095
0.10625
0.11725
0.10387
0.10918
0.10249
0.099753
0.10731
0.11647
0.11533
0.11898
0.10359
0.11064
0.10543
0.089322
0.09952
0.10807
0.1012
0.10127
0.090074
0.10015
0.095014
0.10426
0.11432
0.10508
0.11279
0.1054
0.09446
0.10834
0.098674
0.10014
0.11298
0.09613
0.09606
0.1062
0.096283
0.10926
0.10446
0.11518
0.10566
0.10649
0.10388
0.10045
0.11375
0.11335
0.10424
0.1203
0.11709
0.1281
0.11027
0.12554
0.09981
0.11498
0.10846
0.12209
0.1157
0.10778
0.11491
0.11244
0.11121
0.11129
0.10707
0.11863
0.10388
0.10125
0.10198
0.099623
0.10122
0.10984
0.099526
0.1016
0.098707
0.10532
0.11423
0.089902
0.10949
0.10559
0.11051
0.09877
0.11147
0.10219
0.11425
0.11046
0.12412
0.11352
0.10945
0.11575
0.11567
0.10875
0.11912
0.10883
0.11095
0.11677
0.10365
0.10843
0.11934
0.10497
0.089058
0.10884
0.10914
0.10513
0.10043
0.11183
0.1273
0.11247
0.11471
0.12209
0.11406
0.13125
0.11184
0.1248
0.13195
0.11458
0.12621
0.11739
0.096994
0.11402
0.10529
0.10791
0.1237
0.12005
0.12219
0.11459
0.096867
0.1109
0.10552
0.1226
0.12724
0.10936
0.11416
0.10933
0.095071
0.10659
0.10806
0.10453
0.12248
0.1066
0.11736
0.098285
0.10481
0.11496
0.11005
0.11528
0.11669
0.1103
0.10972
0.10251
0.1112
0.12956
0.11378
0.1063
0.11014
0.10657
0.11584
0.10873
0.12434
0.1106
0.11645
0.11846
0.1065
0.12361
0.11877
0.10991
0.12421
0.11726
0.10571
0.11713
0.1056
0.10537
0.11585
0.10891
0.10939
0.10371
0.11084
0.11734
0.10198
0.12675
0.12231
0.10769
0.12371
0.10829
0.1033
0.1111
0.10143
0.10922
0.11812
0.1076
0.10701
0.098855
0.10609
0.11246
0.11321
0.11668
0.1168
0.10779
0.11214
0.096439
0.10277
0.11842
0.10283
0.10044
0.10258
0.090252
0.098574
0.097172
0.095705
0.10753
0.10625
0.10666
0.10016
0.094351
0.097839
0.10111
0.090945
0.10089
0.096392
0.099717
0.10219
0.11167
0.10277
0.10123
0.10243
0.09105
0.1049
0.10169
0.099864
0.11058
0.098533
0.09788
0.10884
0.099586
0.1123
0.11331
0.1026
0.11285
0.10102
0.095627
0.104
0.091775
0.10934
0.10239
0.098264
0.10345
0.097658
0.10333
0.11226
0.10538
0.10577
0.093845
0.10367
0.10035
0.093991
0.10603
0.10773
0.096023
0.092992
0.1029
0.099252
0.10709
0.10449
0.10883
0.098204
0.095623
0.096683
0.10721
0.10214
0.11644
0.11522
0.10012
0.1037
0.10057
0.096638
0.099381
0.093532
0.10114
0.10481
0.10582
0.097403
0.099342
0.09849
0.10818
0.11204
0.10874
0.10281
0.12165
0.10971
0.11705
0.11151
0.11716
0.11545
0.12003
0.11973
0.11629
0.11781
0.11015
0.10232
0.10946
0.10099
0.1049
0.11319
0.10154
0.10475
0.1096
0.10526
0.11432
0.10688
0.10098
0.11438
0.10682
0.11733
0.11658
0.10766
0.09976
0.11041
0.10359
0.10758
0.1169
0.10924
0.11526
0.11166
0.10824
0.11072
0.10554
0.12262
0.11037
0.12062
0.10614
0.11315
0.10183
0.10631
0.099344
0.1162
0.11442
0.11194
0.13177
0.15722
0.12701
0.17849
0.24079
0.12109
0.00011092
0.12831
0.23319
0.39272
0.74019
0.76134
0.69219
0.82454
1.1246
1.1845
1.2512
1.5122
1.6504
1.6516
1.8165
1.6891
1.6236
1.718
1.5172
1.5284
1.1375
1.214
1.3673
0.29126
0.1675
0.072328
0
-0.00014073
-0.001083
-0.0081968
0
-0.0084559
-0.00023639
-0.021405
-0.004618
-0.088498
0
-0.059881
-0.01943
-0.036316
-0.024308
-0.025188
-0.023508
-0.030439
-0.059966
-0.023246
0
-0.81316
-1.4206
-1.2992
-0.3207
0.78919
1.5522
1.382
1.0746
1.0495
0.85554
1.0641
1.3012
2.9551e-05
0
0.0012731
0
-0.0023048
-0.0032786
-0.0021728
0
-0.049554
-0.14705
-0.60792
-0.79344
-0.80224
-0.54465
-0.3016
0.0075514
0.53871
0.82787
0.62137
0.38873
0.25833
0.41219
0.43396
0.58456
0.6726
0.40264
0.61034
1.2485
1.7968
2.8699
3.1721
3.591
3.3148
1.8755
0.75909
1.3339
1.374
1.7473
2.3014
2.4759
2.8329
3.6188
4.7716
5.2872
6.748
6.4674
7.4464
7.5571
7.8763
7.8593
8.3633
7.1095
5.5293
5.1641
4.1455
2.6478
0.67803
0
0.0021657
0.0065947
0.013496
0
0.020423
0.0056545
0.010122
0.015378
0.010094
0.0068295
0.0014266
0
-0.00099411
0
-0.0023604
-0.098255
-0.17108
-0.18481
-0.1062
-0.13402
-0.15604
-0.19637
-0.19948
-0.035796
-0.049451
-0.043988
-0.032658
-0.05468
-0.06699
-0.12948
-0.39667
-0.37959
-0.97045
-1.832
-3.0343
-2.7881
-2.237
-2.1547
-1.4876
-0.68031
-0.3855
0.34376
1.2917
1.3149
1.2959
0.92155
0.44155
1.0856
1.5512
1.2871
1.3104
0.31611
1.3586
2.3481
2.3134
2.0075
1.733
2.1613
2.4244
0.81027
1.3334
1.4019
1.6395
1.7802
1.6853
2.5845
3.1152
3.2489
4.7527
5.6123
5.5973
5.7914
7.1969
6.9876
7.4352
6.3156
5.6844
5.4626
4.1919
3.6321
1.5341
0.95864
0.11449
0.0018233
0.27982
0.01828
0.012402
0.018822
0.018445
0.00016945
0.0098001
0.0013314
0.0033083
0.002734
0.0017821
0.0011149
0
-0.002778
0
0
-0.39677
-0.18277
-0.0056408
-0.01625
-0.14177
-0.093559
-0.083917
-0.05234
-0.028162
-0.011836
-0.0057963
0
0
0
0
-0.025561
-0.0028863
0
-0.037092
-0.63017
-1.4528
-2.3033
-3.0912
-2.7062
-2.1559
-1.7244
-0.82194
-0.29696
-0.090986
0.1818
0.26884
0.795
0.37725
0.60144
1.3234
0.99402
1.0648
1.2513
1.0688
1.3169
2.4269
2.8067
2.7505
1.0039
0.45973
0.51488
0.85698
1.1991
1.0995
0.70634
1.2696
1.7966
2.1143
2.8475
4.0786
5.0135
5.1594
5.8609
6.4183
6.7463
6.3605
5.6915
3.5913
3.9459
3.2646
2.5419
1.2758
0.67289
0.047158
0.010228
0.05485
0.0066866
0.021518
0.0064498
0.010869
0.0022776
0.001873
8.7915e-05
0
-0.0013001
-0.003499
-0.0014247
0
-0.0016443
-0.0068593
-0.19963
-0.22099
-0.022141
0.06982
-0.039061
-0.14759
-0.18817
-0.09914
-0.060851
-0.020455
-0.013133
-0.0072235
-0.011376
0
-0.0042353
-0.0043715
0
-0.012891
-0.019872
-0.095526
-0.68182
-1.2274
-2.1361
-2.8332
-2.91
-2.4284
-2.1083
-1.2694
-0.3734
0.26177
0.43039
-0.057001
0.2656
0.45178
0.76606
1.1887
1.1845
1.2972
1.3719
1.5945
2.2664
3.4751
3.0603
2.1877
1.9834
2.1313
2.2531
1.0061
0.2281
0.19808
0.14977
0.51229
1.1472
0.86359
0.65753
1.8729
3.1943
4.108
4.1172
4.6781
5.2781
5.009
4.3733
4.0184
4.0338
3.341
2.892
2.6091
1.4332
0.54809
0.067986
0
0
0.01926
0
0.0038297
0
0.0026802
0.00031698
-1.4188e-05
-0.00054402
-0.00073276
-0.0043042
-0.0025173
-0.00091997
-0.0016764
-0.0058883
0
-0.087542
-0.22412
-0.50832
-0.66787
-0.45514
-0.30257
-0.14272
-0.079714
0
0
-0.0028555
0
-0.0032713
-0.0098086
-0.00084811
-0.0026131
0
-0.0096803
-0.018538
-0.24242
-1.0347
-2.0627
-2.9399
-3.5128
-3.4497
-3.3686
-2.6509
-1.4303
-0.92693
-0.86464
-0.93134
-0.58781
-0.80916
-0.50158
-0.1977
0.065283
-0.046931
-0.28077
-0.34387
0.2962
1.2896
2.2602
1.9612
1.4581
1.8069
2.098
1.3848
0.47717
0.052022
-0.07316
0.11723
0.92358
0.4123
1.3762
3.0068
3.5426
3.9653
4.1852
4.0789
4.5157
5.2327
5.6588
4.5204
3.8037
3.4747
3.6396
2.7518
1.635
0.72211
0.084257
0.0021798
0
0.014647
0.001976
0.0062691
0.000743
0.0019075
0.001481
-0.00038129
-0.00066353
-8.1508e-05
-8.7996e-07
-0.0013683
-4.3841e-05
-0.0013965
0
-0.43509
-0.26015
0.072453
0.2654
0.24147
0.073292
-0.068991
-0.03559
-0.01644
-0.0076342
-0.01997
0
-0.0035346
0
0
0
-0.0082159
0
0
0
-0.21838
-0.72535
-1.6396
-2.5006
-2.5082
-2.3761
-1.6666
-1.1334
-0.32511
0.34263
0.69362
0.6536
0.19714
-0.27401
0.57027
1.2471
1.106
0.78366
0.74207
0.81177
1.4143
2.2263
1.975
2.0143
1.0687
0.29416
-0.051014
-0.020318
0.16752
0.37168
0.39051
0.61597
1.1887
1.2181
1.6034
2.9183
4.2444
4.6503
5.418
5.3817
5.7409
6.239
6.5478
5.9994
5.1627
4.6291
3.8042
2.9901
1.7864
0.76767
0.12644
0.00025824
0.0033686
0.012553
0.021538
0.0082283
0.0013245
0.006604
0.0021306
0.0032558
0.00040921
-0.0086566
-0.010194
-0.0020814
-0.0085545
-0.017913
-0.10643
-0.15119
-0.061662
0.040766
0.085196
0.026817
-0.099032
-0.12486
-0.105
-0.072892
-0.025627
0
-0.00063396
0
0
-0.011267
0
0
-0.01076
-0.029514
-0.19304
-1.0192
-1.6203
-2.9628
-2.7908
-2.8737
-2.5136
-2.2679
-1.8171
-1.0459
-0.4409
0.12885
0.27176
-0.046817
0.12868
0.5537
0.93209
1.1021
0.85188
0.89345
0.92603
1.1945
1.8256
2.4682
2.4841
2.3229
0.62381
0.38768
0.18247
0.18192
0.30016
0.46937
0.64178
1.1244
1.6527
1.6854
2.1817
3.4287
4.4828
4.3235
5.6588
5.9782
5.8984
6.3209
4.8962
4.6101
3.9615
3.6922
2.8564
1.8391
0.58795
0.075054
0
0.016358
0
0.0079198
0.0089008
0.0044436
0.0029055
0.0011806
-0.00024658
-0.00018388
-0.0013532
-0.0034684
-0.0010193
0
-0.0064404
0
-0.0015041
-0.12995
-0.18896
-0.59393
-0.45136
-0.50389
-0.58477
-0.26435
-0.10164
0
0
0
0
-0.030655
-0.0006035
-0.027053
0
-0.018666
0
0
-0.24167
-1.4557
-2.5322
-4.1541
-3.9108
-3.8079
-3.4402
-2.4424
-1.8636
-1.3731
-1.0174
-1.0787
-1.202
-0.901
-0.13639
0.26419
-0.093529
-0.12245
-0.20307
0.041222
0.2542
1.2213
1.8739
1.7559
0.88512
0.36427
0.056784
0.19948
0.1322
0.22161
0.5072
0.72301
1.1383
1.2581
1.491
2.6515
3.5307
4.3093
4.8292
5.4846
6.001
5.7334
5.855
5.5227
3.9468
3.9113
3.2111
2.7602
1.6195
0.63425
0.10661
0
0.045236
0.0010727
0.023975
0
0.01048
0.0030176
0
0.0014206
-0.00022148
0.00018937
-0.00020697
-0.00028483
-0.001586
0
-0.07741
-0.23157
-0.14312
-0.12215
0.067795
0.19489
0.15358
0.038087
0.0010049
-0.040344
-0.03644
-0.015597
-0.0065849
0
0
-0.0096005
0
-0.0053219
0
-0.018395
-0.023054
-0.14534
-0.75313
-1.4774
-2.1881
-3.1451
-2.6513
-2.8304
-2.6199
-1.6201
-0.71109
-0.15763
0.30001
0.45772
0.11879
0.59058
0.90507
1.7006
1.4812
0.96608
0.88898
1.3638
1.5685
2.6397
3.0927
2.1811
2.8391
2.6402
2.366
1.2786
0.5435
0.15782
0.11769
0.29304
0.58152
0.93282
0.78085
1.4804
1.7587
1.7828
2.526
4.3945
4.8029
5.4564
6.0276
6.0655
6.5559
5.923
5.3808
4.8998
3.9377
3.3732
3.0821
1.7293
0.86273
0.098399
0
0.0012094
0
0.019329
0.0048314
0.023785
0
0.0032256
0.0019254
0.0015181
0.0033585
4.7601e-05
-0.00076452
-0.00091405
0
-0.0028728
0
-0.12153
-0.16108
-0.26231
-0.31283
-0.19672
0.015907
0.067567
-0.064329
-0.1589
-0.16099
-0.1185
-0.1135
-0.06079
0
0
0
-0.020186
0
-0.010363
0
-0.0069514
-0.0059573
0
-0.64106
-1.291
-2.4094
-2.9401
-3.4391
-3.1223
-2.9476
-2.3325
-1.4334
-1.0761
-0.24259
0.3144
-0.014051
-0.43471
-0.203
0.57534
0.9916
0.92059
0.57024
0.22316
0.73546
1.4051
2.0874
1.96
2.2651
2.5604
2.1617
1.5264
0.75297
0.20402
0.24308
0.29743
0.56726
0.88105
0.93706
1.7225
1.9688
1.5539
2.5788
3.533
4.2274
4.1716
5.5707
5.9855
5.252
5.1878
5.0572
3.9805
4.3957
4.0905
3.1517
2.1328
0.76347
0.09074
0.0079023
0.019064
0.001726
0.0012917
0.0059752
0.016066
0.0032309
0.0085085
0.0022443
0.0032278
0.0032487
0.0012255
0.0018369
0.0013656
0.001946
-4.3324e-06
-0.00069403
-0.02749
-0.085059
-0.19845
-0.2326
-0.14723
0.047572
0.17594
0.22298
0.061269
-0.067837
-0.024089
-0.016737
-0.0054709
-0.004129
0
0
-0.00061445
-0.0072837
-0.014129
-0.002919
-0.0051649
-0.017494
-0.00080552
-0.36227
-1.159
-2.2845
-2.8247
-2.8222
-2.5455
-2.012
-1.6392
-0.57074
0.25169
0.60322
0.21464
0.24176
0.78121
1.3176
1.2656
1.5132
1.431
1.4204
1.3878
1.9548
3.1248
3.339
3.228
3.2595
3.7737
3.3005
2.5927
2.1769
1.1922
0.87909
1.1208
1.3827
1.676
2.3619
3.0807
3.2159
3.3918
4.513
5.7678
5.8372
6.6974
6.6985
7.4136
6.7924
7.4468
6.2336
4.9729
4.6979
3.9288
3.6605
1.7564
0.6614
0.13163
0
0.04685
0.0032242
0.003693
0.0055209
0.0017118
0
0.0036256
0.0016941
0.0022826
0.0025819
0
0.0002804
0
-0.00029393
-0.00018598
-0.027198
-0.074091
-0.13291
-0.35075
-0.40347
-0.18435
0.13311
0.30813
0.063788
-0.11255
-0.11821
-0.068766
-0.05259
-0.023809
0
0
-0.00021916
-0.0065472
-0.0064097
-0.00052761
-0.0038259
0
0
0
-0.40211
-1.0693
-1.6798
-2.851
-3.0886
-3.5282
-3.2709
-2.7543
-2.3513
-1.236
-0.31607
0.2669
-0.32107
-0.43929
-0.40427
0.406
1.0974
0.73274
0.53557
0.66446
1.0417
1.6262
2.2535
2.7278
2.7694
2.9018
2.6868
1.6613
0.89302
0.36571
0.53578
0.72416
0.88714
1.2324
1.3387
2.2285
2.3031
2.6955
3.8614
5.6384
5.8079
6.4751
6.2791
6.8443
7.1744
6.578
5.7508
4.5864
4.0867
4.1995
3.2074
2.0121
1.0431
0.17613
0
0.0029552
0.012251
0.028471
0.011451
0.01117
0.0019555
0.0045176
0.0043524
7.7585e-05
0.0021089
0.0017268
-0.00098463
-0.00206
-0.00065418
-6.7746e-05
-0.0619
-0.01684
-0.002455
0.3003
0.72107
1.1965
1.2817
1.1715
1.0325
0.92064
0.96683
0.59563
0.17166
0.099685
0.09561
0.051497
0.010045
-0.016805
-0.04852
-0.055331
-0.04259
-0.083685
-0.091949
-0.074048
-0.052098
-0.056779
-0.085541
-0.059228
-0.10927
-0.15269
-0.17803
-0.24624
-0.3692
-0.50361
-0.86537
-0.85975
-0.94492
-0.97395
-0.65554
-0.22113
0.19443
0.27023
0.20604
0.36373
0.72907
1.0071
1.1085
1.1839
0.975
0.75881
0.7413
0.63618
0.5289
0.47063
0.37925
0.29937
0.29101
0.22637
0.19342
0.10632
0.066925
0.050693
0.071221
0.049943
-0.0028544
-0.001143
0.079417
0.13334
0.22324
0.25328
0.25061
0.32294
0.33043
0.38915
0.43821
0.47462
0.45698
0.38773
0.31361
0.26451
0.30879
0.29956
0.33722
0.28857
0.26507
0.24928
0.28323
0.26033
0.21896
0.26992
0.25527
0.27357
0.25787
0.25093
0.2791
0.30178
0.29222
0.29723
0.30611
0.26998
0.28535
0.27985
0.27541
0.26041
0.28284
0.25362
0.24071
0.20927
0.21841
0.21118
0.19102
0.23298
0.24283
0.23321
0.29345
0.28709
0.28372
0.25942
0.30862
0.34047
0.35005
0.30525
0.33912
0.38264
0.34368
0.28856
0.34119
0.34228
0.31603
0.37241
0.37965
0.37338
0.39756
0.30852
0.34184
0.34888
0.36069
0.29606
0.30451
0.34838
0.34846
0.31562
0.39347
0.36308
0.37702
0.35176
0.3781
0.33561
0.32487
0.31399
0.37847
0.36098
0.38556
0.33805
0.3732
0.42333
0.37806
0.38521
0.34416
0.36638
0.35544
0.34463
0.32668
0.34231
0.31724
0.31701
0.31463
0.29896
0.32785
0.28285
0.30867
0.32329
0.31591
0.32652
0.31581
0.32628
0.36289
0.32694
0.29716
0.32384
0.30794
0.3217
0.32396
0.30929
0.32011
0.31319
0.30182
0.30206
0.29008
0.30495
0.27191
0.27515
0.34757
0.29636
0.29142
0.31061
0.31041
0.29122
0.30067
0.28457
0.30756
0.29832
0.29905
0.27596
0.29014
0.29841
0.29074
0.27493
0.29352
0.27387
0.32754
0.32306
0.28485
0.31705
0.31279
0.32128
0.33134
0.31624
0.31584
0.29789
0.34564
0.35431
0.30215
0.33378
0.36427
0.32288
0.36188
0.3623
0.33528
0.34652
0.33577
0.33347
0.31733
0.32122
0.35528
0.29253
0.3184
0.32592
0.32047
0.32925
0.34784
0.31192
0.33064
0.36894
0.33851
0.36203
0.34334
0.36115
0.32973
0.33095
0.33
0.34346
0.33031
0.34099
0.35426
0.31671
0.36203
0.3313
0.31714
0.32682
0.34854
0.32683
0.3118
0.33453
0.35739
0.33633
0.32843
0.32092
0.3219
0.34071
0.33277
0.32205
0.35631
0.3249
0.35474
0.32412
0.3241
0.33311
0.34421
0.36219
0.32697
0.32099
0.34779
0.32554
0.32532
0.34254
0.35875
0.29063
0.35429
0.33539
0.31989
0.31792
0.34444
0.30356
0.32641
0.29556
0.32986
0.31422
0.3187
0.32236
0.30553
0.32739
0.32385
0.34949
0.31563
0.35116
0.30657
0.33462
0.33373
0.31606
0.29871
0.34718
0.34128
0.35688
0.33268
0.32818
0.33396
0.32262
0.33041
0.35736
0.31515
0.3593
0.30388
0.32564
0.34784
0.33504
0.31774
0.31702
0.36264
0.33933
0.35877
0.30964
0.29117
0.34239
0.32682
0.36675
0.35829
0.32814
0.35619
0.36621
0.32382
0.33258
0.35758
0.33417
0.36868
0.31814
0.35515
0.34593
0.33047
0.31416
0.30609
0.36179
0.33167
0.31415
0.35195
0.34318
0.30885
0.35255
0.36458
0.3167
0.3538
0.34423
0.32978
0.34479
0.34401
0.30079
0.34148
0.3208
0.35103
0.35561
0.32586
0.32508
0.35202
0.3275
0.36216
0.32985
0.3611
0.34064
0.3371
0.35946
0.31877
0.32384
0.35319
0.32361
0.32369
0.33883
0.34777
0.32464
0.36304
0.33282
0.36219
0.32902
0.35307
0.33478
0.35879
0.33647
0.34442
0.3653
0.33753
0.36161
0.33572
0.3373
0.35543
0.34108
0.34234
0.35059
0.3543
0.33099
0.35543
0.3356
0.36449
0.33052
0.35947
0.34002
0.358
0.35263
0.32603
0.35452
0.35495
0.36122
0.36567
0.34157
0.35494
0.31203
0.35685
0.3548
0.32669
0.32454
0.33371
0.34559
0.32422
0.34855
0.34665
0.35429
0.3381
0.33306
0.32608
0.34983
0.34727
0.35122
0.35141
0.34385
0.3382
0.35612
0.26436
0.21522
0.18144
0.13843
0.073944
0.084338
0.055728
0.015972
0.0062384
-0.026988
-0.052139
-0.087355
-0.15937
-0.24605
-0.36212
-0.44539
-0.44591
-0.49793
-0.47623
-0.60561
-0.60784
-0.672
-0.70051
-0.71754
-0.80712
-0.89916
-0.83743
-0.69417
-0.51805
-0.43557
-0.38044
0.045702
0.2328
0.14656
1.2612
3.2106
3.9564
4.4953
4.8747
6.1777
5.829
5.7706
5.9282
6.6326
5.9409
5.2978
4.9504
5.8237
6.3404
5.5669
6.3341
7.0866
6.4294
6.7633
5.8732
5.5518
4.5832
2.5344
0.76889
0.13047
0.0075092
-0.00055365
-0.0072592
-0.0030736
-0.0084513
-0.15628
-0.2544
-0.70557
-1.1951
-0.88906
-0.87338
-0.63089
-0.17425
0.15005
0.73525
1.4773
2.2813
2.137
1.643
1.4941
1.338
1.6131
0.96464
0.3078
0.020081
0
0
0.0020677
0.0032972
0.0023146
0.00098116
0.002146
-0.00070473
-0.0049488
-4.3604e-05
0
0.075638
0.23072
0.41286
1.1312
1.6383
1.5697
1.6172
1.8806
2.7965
4.0946
4.6338
2.7397
1.1333
0.89761
1.4641
1.4452
1.09
0.61768
0.19569
0.002831
0
-0.00096544
-0.0038365
0
-0.002453
0
-0.0042507
-0.0031886
-0.019518
-0.015193
-0.0068876
-0.028052
-0.019357
0
-0.015895
-1.5819
-2.1878
-4.9921
-4.9524
-4.7418
-3.9493
-3.8491
-3.7786
-3.1021
-2.4756
-1.7276
-1.9656
-1.925
-1.6367
-1.3549
-1.7061
-1.1927
-0.38084
-0.055256
-0.0055651
-0.0027607
-0.0056232
0
-0.074259
-0.045323
-0.26972
-1.2874
-2.8393
-4.3038
-4.1801
-3.1029
-1.2123
0.13991
1.3574
2.9606
3.8454
3.7598
1.5958
0.99098
1.4437
2.5355
3.3964
4.1026
4.314
3.6613
2.4362
2.3683
2.6358
2.98
4.0892
3.4359
1.6459
1.9723
1.7824
0.64147
0.32977
0.4
0.60252
1.7573
2.7158
4.5841
6.9877
9.3467
8.5643
7.8733
8.4393
9.3856
6.78
5.5324
3.9202
3.4408
2.3558
1.6072
0.98765
1.48
1.5369
0.99576
0.4534
0.08975
0.00060553
0
-0.0011259
-0.0045357
-0.0059511
-0.0045006
-0.0090312
-0.034659
-0.0007797
-0.028112
-0.028946
-0.034426
-0.2236
-0.43977
-0.61121
-1.8867
-2.8319
-3.3322
-4.4448
-4.6324
-5.9819
-5.6952
-5.7264
-4.5714
-3.4519
-3.4455
-2.8238
-3.2592
-3.4662
-2.6956
-2.0698
-1.6224
-0.15667
-0.0051004
-0.02566
0
0
0
0
0
-0.4713
-2.6662
-4.1208
-6.9625
-5.9843
-5.1882
-3.0288
-1.4153
-0.26496
0.64281
1.3877
1.7993
1.6152
1.1298
1.3335
2.0889
3.068
3.6645
4.0761
4.1121
4.5778
5.3406
7.4224
9.8897
7.2082
6.797
6.1937
5.1049
2.734
1.6559
0.60524
0.61615
1.3656
2.1548
3.0791
5.2181
7.4645
8.3707
8.785
5.9273
4.9127
6.1272
7.2771
8.7688
6.6521
4.3034
3.3655
2.5688
1.9985
1.361
1.4644
1.9318
2.1598
1.8639
1.4329
0.52623
0.28918
0.17693
0.16802
0.21826
0.16736
0.080292
0.018933
0
0
0
-0.058912
0
0
-0.019543
0
0
0
0
0
-0.11907
-0.23931
-0.33054
-0.39754
-0.39271
-0.64327
-0.75047
-0.83011
-0.98268
-0.90659
-1.0894
-1.2227
-1.3913
-1.6899
-1.8342
-1.5675
-1.3588
-0.90347
-0.81451
-0.54947
-0.16668
0.38399
0.81585
0.85459
1.0023
1.019
0.93331
1.1
1.0527
1.0264
0.87972
0.84255
0.76844
0.69873
0.69744
0.62362
0.5269
0.54206
0.45153
0.40351
0.4062
0.33322
0.25037
0.23719
0.20716
0.21489
0.15213
0.15546
0.14791
0.18036
0.24602
0.25703
0.34324
0.32985
0.35002
0.42745
0.47448
0.49307
0.5084
0.55935
0.42656
0.4513
0.37394
0.42625
0.40032
0.35022
0.30286
0.30375
0.26509
0.30837
0.28355
0.2745
0.27059
0.25529
0.30735
0.29912
0.30481
0.32781
0.30751
0.31818
0.33692
0.31424
0.35469
0.36115
0.32336
0.37063
0.31709
0.31305
0.34809
0.30484
0.35958
0.32218
0.31453
0.34996
0.3292
0.31315
0.32914
0.30552
0.28853
0.32794
0.29659
0.32148
0.25574
0.29312
0.27103
0.23731
0.26971
0.23186
0.22011
0.25057
0.22595
0.24136
0.2454
0.23701
0.29424
0.28194
0.26901
0.33269
0.29373
0.3154
0.2818
0.27379
0.29338
0.24477
0.27548
0.24603
0.28322
0.26709
0.26413
0.27865
0.30015
0.24198
0.23305
0.27889
0.24668
0.27663
0.26196
0.23377
0.24491
0.22565
0.25181
0.22514
0.2551
0.25083
0.23567
0.27256
0.22875
0.22187
0.256
0.22541
0.2731
0.25924
0.25424
0.24517
0.29755
0.25871
0.27582
0.23608
0.28033
0.2174
0.24397
0.27106
0.23755
0.27908
0.2745
0.2484
0.28336
0.25401
0.25716
0.29322
0.27229
0.26149
0.30863
0.28066
0.29039
0.24034
0.27794
0.27728
0.25491
0.24307
0.24627
0.22006
0.27221
0.25071
0.23858
0.26368
0.23717
0.26085
0.24238
0.26773
0.23851
0.25795
0.29081
0.28172
0.24584
0.28504
0.26817
0.24493
0.24757
0.26678
0.22488
0.24848
0.23076
0.2366
0.22151
0.24215
0.2703
0.27157
0.23477
0.2675
0.27222
0.23578
0.25941
0.21359
0.23948
0.18341
0.20686
0.21642
0.21849
0.19844
0.21535
0.21505
0.19959
0.20149
0.16433
0.22608
0.24413
0.28321
0.29738
0.30063
0.26679
0.29433
0.24194
0.22434
0.25649
0.24081
0.27619
0.25794
0.30515
0.27909
0.23799
0.30425
0.29273
0.28464
0.26238
0.29286
0.32519
0.31682
0.32382
0.27563
0.35251
0.30626
0.27296
0.27574
0.24699
0.27898
0.33044
0.2925
0.31975
0.3104
0.30813
0.3027
0.28864
0.2878
0.3175
0.29884
0.26781
0.30313
0.23548
0.25403
0.29133
0.27081
0.27448
0.31245
0.29638
0.27163
0.30094
0.271
0.27783
0.26618
0.28036
0.30389
0.27101
0.30668
0.25311
0.29408
0.28777
0.25348
0.24754
0.30157
0.29306
0.26352
0.2928
0.2715
0.28548
0.24689
0.28724
0.27511
0.23141
0.28292
0.23472
0.27555
0.22893
0.26281
0.23619
0.2324
0.23376
0.26393
0.25966
0.29617
0.28421
0.26592
0.30174
0.29734
0.28118
0.25716
0.28462
0.27129
0.27381
0.25463
0.25184
0.27865
0.27646
0.26385
0.30599
0.26381
0.29485
0.26473
0.25623
0.26127
0.26518
0.26349
0.30901
0.24765
0.25624
0.29468
0.27171
0.30836
0.29458
0.30142
0.3244
0.29767
0.30986
0.28878
0.31614
0.26809
0.3101
0.29864
0.26716
0.25451
0.27111
0.25993
0.29197
0.24256
0.27884
0.28414
0.26367
0.33644
0.31985
0.39287
0.32984
0.40971
0.4525
0.48658
0.48858
0.63771
0.66518
0.59281
0.58258
0.68223
0.9604
0.90825
0.82992
0.86184
0.80883
0.93411
0.98164
1.1972
1.1249
1.0937
0.97548
0.96954
0.80881
1.0025
1.1525
1.0424
0.84658
0.53421
0.19128
0.092715
0.046357
0.037626
0
0
-0.003061
-0.00082746
-0.00048477
-0.0064263
-0.0038995
-0.001594
-0.02099
-0.0033537
-0.0010691
-0.013922
-0.0039078
-0.014938
-0.024052
-0.024278
-0.14613
-0.20414
-0.74542
-0.52855
0.20414
1.2716
1.8189
2.0214
1.6089
1.2395
1.0036
1.0738
1.3131
0.82193
0.75897
0.72501
0.4048
0.12769
0.0048774
-0.034893
-0.0069731
0
0
-0.027114
0
0
-7.2225e-05
0
-0.12313
-0.30315
-0.71926
-1.2467
-2.8908
-3.0839
-3.5715
-3.0822
-2.8691
-2.6517
-1.9031
-1.1939
-0.33271
0.15381
0.32175
-0.35907
-0.31677
-0.21402
-0.15458
0.14734
0.63657
0.93876
1.1844
1.5421
2.3281
2.5167
1.6729
1.0191
0.47675
0.62467
0.89085
1.1242
1.8718
2.1162
2.9169
3.9343
4.701
5.4964
6.5222
6.1751
7.2741
8.5899
7.6659
7.8589
7.8414
7.9304
6.6036
6.3361
6.7847
5.6107
4.8679
3.9129
1.3733
0.16447
0.010016
0.14018
0.069739
0.0034916
0.013777
0.0090272
0.0010927
0.0085124
0.0052731
0.0011095
7.2406e-05
2.7077e-05
0.00015837
0
-0.080274
-0.18343
-0.26191
-0.063251
0.33328
0.51068
0.56742
0.15702
0.24033
0.24079
0.1285
-0.10078
-0.15458
-0.21229
-0.17573
-0.18966
-0.16316
-0.14598
-0.063046
0
0
0
-0.0075232
0
0
0
0
0
-0.84636
-1.4293
-3.7047
-3.2234
-2.4261
-3.4171
-2.8496
-1.4142
-0.66749
-0.10276
0.15917
0.46073
0.87202
0.56188
0.56902
0.69909
1.3562
2.3182
3.0722
3.2208
3.6793
4.9651
5.0948
5.4328
6.0098
5.7599
6.2019
5.1055
5.5127
5.7927
7.1654
7.1578
7.8082
8.401
9.6777
8.6875
9.394
10.823
10.05
10.982
9.82
10.102
9.6368
9.4689
7.2687
6.7676
4.9326
4.4292
2.6165
0.77567
0.031963
0
0.023204
0.019678
0
0.015924
0.00012154
0.0088249
0
0.0024387
0
-0.009602
-0.009969
-0.0057959
-0.013699
0
-0.022643
-0.041891
-0.23274
-0.43187
-0.3775
-0.24666
-0.12619
-0.25727
-0.3446
-0.54344
-0.43557
-0.35052
-0.35038
-0.21961
-0.35493
-0.44222
-0.30159
-0.14747
-0.1565
-0.17757
-0.14747
-0.14695
-0.1847
-0.22944
-0.25121
-0.38303
-0.45097
-0.64947
-0.64156
-0.74633
-0.83058
-1.2768
-1.1439
-1.2165
-1.1374
-0.52866
0.30694
1.4539
2.1746
2.4333
2.1745
1.9725
2.1782
2.557
2.878
3.7026
3.3548
3.6881
3.7112
3.5034
3.5833
4.0895
3.1714
2.8439
3.1777
2.6645
2.8786
3.4494
3.9543
4.0608
4.1068
4.1298
4.01
5.0698
5.2643
5.7175
6.1179
5.2069
5.9778
5.7633
5.8389
4.6486
4.1205
3.2585
3.3431
2.0526
0.95474
0.11205
0.0001723
0
0.00026188
0.00031881
3.8154e-05
0
0.0047078
0.00026661
0.0034688
0
-0.0044324
0
-0.009517
-0.0036529
-0.0017277
0
0
-0.069874
0.046558
0.09755
0.53822
0.97084
1.2715
0.99304
0.51982
0.79943
1.0012
0.99542
0.68593
0.3134
0.17468
0.13626
0.041293
0.00356
0
0.00083817
0.0052412
0.0039888
0.0021123
0.0069553
-0.00090582
-0.0021722
0.0055881
0.013765
0.010968
0.0093368
0.0021219
-0.0049733
-0.0073115
0.029087
0.071496
0.1029
0.21607
0.29996
0.49069
0.75618
1.0166
1.6465
1.8778
1.7259
1.8442
1.6771
1.9706
1.8917
1.7343
1.7201
1.4009
1.3677
1.2424
1.0934
1.0683
0.87363
0.77373
0.70963
0.56378
0.54785
0.5229
0.48964
0.49296
0.49911
0.46505
0.45531
0.40453
0.44112
0.49257
0.52005
0.64417
0.64098
0.64112
0.73208
0.6768
0.71523
0.76995
0.75012
0.76073
0.70035
0.70893
0.57984
0.56759
0.62957
0.71662
0.66734
0.70918
0.63959
0.64804
0.73252
0.66653
0.71213
0.71927
0.73964
0.80092
0.73498
0.76579
0.72427
0.72668
0.82496
0.7738
0.74391
0.79192
0.75905
0.66757
0.73483
0.65647
0.6947
0.61169
0.54777
0.54879
0.54162
0.69409
0.6748
0.71646
0.6579
0.74313
0.78237
0.83137
0.79802
0.8595
0.82628
0.89303
0.90155
0.90298
0.87823
0.79374
0.78518
0.79449
0.78514
0.89471
0.84052
0.89578
0.90106
0.86652
0.86944
0.86356
0.81437
0.87604
0.82316
0.80405
0.87332
0.80273
0.74532
0.90857
0.85668
0.875
0.84002
0.86541
0.78215
0.79772
0.84158
0.86227
0.81781
0.85531
0.80317
0.7959
0.7864
0.8289
0.79963
0.88284
0.80779
0.8592
0.77796
0.81474
0.74324
0.81407
0.80369
0.7731
0.7588
0.80226
0.75037
0.82846
0.79026
0.76409
0.77813
0.84767
0.81241
0.85129
0.78667
0.81233
0.7837
0.84273
0.81018
0.77504
0.78292
0.79555
0.7722
0.76487
0.77866
0.76442
0.825
0.79218
0.76934
0.77082
0.83336
0.76096
0.82803
0.82537
0.80886
0.76929
0.80877
0.78886
0.82163
0.78818
0.82056
0.82862
0.74305
0.82034
0.82352
0.88387
0.80283
0.93768
0.80882
0.87346
0.84441
0.78288
0.86378
0.85014
0.82301
0.90231
0.87187
0.7872
0.84991
0.76029
0.8383
0.85316
0.79058
0.87506
0.7677
0.80572
0.81915
0.74951
0.8363
0.85414
0.76734
0.86431
0.76829
0.78928
0.78938
0.85689
0.78618
0.86646
0.79679
0.8005
0.83251
0.87546
0.86387
0.79058
0.8569
0.79808
0.85396
0.78644
0.78077
0.85786
0.74457
0.85451
0.79931
0.8463
0.76541
0.78504
0.88389
0.80281
0.86053
0.7975
0.86589
0.79405
0.84252
0.79958
0.78774
0.8474
0.77273
0.80372
0.81816
0.80966
0.85856
0.80354
0.87534
0.88679
0.7742
0.85438
0.84357
0.87443
0.87404
0.85848
0.78428
0.83264
0.79841
0.87025
0.79979
0.89084
0.80466
0.85984
0.8589
0.85627
0.80814
0.88434
0.79264
0.87865
0.86283
0.81519
0.86
0.83231
0.83349
0.92408
0.92471
1.1216
1.1614
1.1624
1.1905
1.1496
1.2511
1.5322
1.5791
1.7915
1.8945
1.759
1.6473
1.7998
1.7243
2.1433
2.085
2.0384
2.0415
2.0632
1.8803
2.0097
1.7471
1.6769
1.5668
1.7215
1.6049
1.4022
1.026
0.48345
0.11463
0.10004
0.015383
0
0
0.094477
0.003089
0.0060047
0
0.0039369
0
0
-0.0063123
-0.0040517
0
-0.0046486
-0.00037377
-0.0021033
-0.0093502
-0.0047065
-0.0039159
-0.00092795
0.0010514
0.0012856
0.76977
0.66851
1.4612
2.243
2.8558
2.335
1.7307
2.2882
1.8073
1.8963
1.4064
0.99696
0.81158
0.38767
0.17315
0.0093374
0
0
0
0
-0.00024273
-0.00015487
-0.0024042
-0.0074801
-0.044875
-0.18457
-0.12422
-0.10909
-0.30676
-0.45624
-0.66894
-0.56385
-0.029832
0.52352
1.0275
1.0513
0.78566
0.098437
-0.082214
0.45543
0.79167
0.75676
0.59353
1.2953
1.557
1.3532
1.5065
1.863
2.0576
2.0973
1.4488
0.92162
0.55932
0.21881
-0.12812
-0.13201
-0.13063
0.3962
1.1402
1.5142
1.2955
1.7739
1.9823
2.6969
3.1075
3.8897
3.4163
3.9801
3.8842
3.9055
2.9067
2.8713
3.1398
2.5822
1.2032
0.060502
0.012481
0.0044529
0.0081191
0
0.01274
0.0087804
0.016933
0.0012499
0.00014692
0.0048837
0.010344
0
0.0088035
0
0.0033461
0.00071509
0.02147
-0.012658
0.027426
0.26858
0.35998
0.45424
0.6299
0.49629
0.31977
0.46475
0.42978
0.2424
0.10587
0.059189
0.060918
0.056179
0.013294
0.016588
0
-0.0048998
0
0
0
0
-0.0016739
-0.0095194
-0.038511
-0.23279
-0.40406
-0.73063
-0.58639
-0.38026
-0.17438
-0.35217
0.51225
1.1154
1.2124
1.5693
1.7307
2.1223
2.2319
2.0909
1.9336
2.062
1.9486
2.1776
1.9602
2.1124
2.6949
3.3315
2.4199
1.86
1.3687
0.97263
0.63186
0.44755
0.40949
0.60544
0.44719
-0.059908
0.47967
0.61694
1.2207
1.0497
0.97227
1.3092
1.3372
2.3603
3.1707
3.8033
3.6595
3.0371
2.0694
2.0089
2.1484
2.1832
0.96918
0.055182
0.011163
0.0089948
0.0019798
0.014478
0
0.00023593
0.00064908
-4.8851e-05
-0.00063009
-5.0808e-05
0.00052246
0.00017595
0
0
-0.0004447
0
0
-0.017335
-0.16222
-0.47149
-0.40425
-0.15125
0.22383
0.39778
0.33947
0.080972
0.019662
-0.00059952
-0.039646
-0.020061
-0.011165
-0.0020577
-0.0072978
0
-0.0011924
-0.0079295
-0.0064861
-0.0053544
-0.011608
-0.016198
-0.019548
-0.011958
-0.087723
-0.38899
-1.2509
-2.4699
-2.6767
-3.0273
-2.8456
-2.3519
-1.2487
-0.43658
-0.27148
-0.55731
-0.68079
-0.55321
-0.15779
0.32825
0.68037
1.0318
1.7574
3.0764
3.748
3.9983
2.7786
3.585
4.6874
5.2478
4.3582
3.3554
2.6458
2.1718
1.9891
1.8401
1.4576
1.0185
1.3795
1.6843
1.8764
1.8924
1.695
1.9667
2.1541
2.3559
2.557
2.7313
3.7377
3.8737
4.0331
3.4837
3.8132
3.2349
3.3447
2.8629
2.846
3.0667
2.8033
2.834
2.2562
1.957
1.3385
0.99451
0.86763
0.90213
0.67426
0.56791
0.49056
0.50123
0.49829
0.45083
0.46784
0.4273
0.30319
0.29793
0.24767
0.23818
0.29292
0.49765
0.44294
0.39847
0.41615
0.41194
0.47484
0.51831
0.54927
0.52494
0.52302
0.53763
0.56671
0.64669
0.64125
0.64374
0.61178
0.65808
0.59634
0.65838
0.58889
0.61308
0.52322
0.45461
0.48398
0.49777
0.52105
0.63571
0.62586
0.52357
0.63513
0.60281
0.63393
0.73379
0.624
0.57122
0.47535
0.48914
0.44897
0.43065
0.46226
0.47948
0.53541
0.59956
0.58654
0.53691
0.51473
0.52691
0.61811
0.52319
0.48049
0.53608
0.47593
0.53368
0.61541
0.63136
0.6347
0.60204
0.59499
0.5536
0.52801
0.5489
0.5622
0.48176
0.56107
0.55652
0.58605
0.58354
0.57532
0.60626
0.56406
0.57865
0.55223
0.64118
0.63455
0.54686
0.51707
0.51436
0.51434
0.49816
0.58347
0.6152
0.63716
0.53188
0.61479
0.62883
0.60241
0.65425
0.60626
0.62218
0.63857
0.56242
0.5793
0.64161
0.56367
0.64846
0.61088
0.64225
0.63764
0.59347
0.65194
0.60891
0.58696
0.66324
0.60825
0.68127
0.63148
0.68343
0.69843
0.64744
0.62499
0.69465
0.62017
0.65636
0.69318
0.61191
0.59184
0.66687
0.6693
0.70261
0.60248
0.6803
0.64738
0.65819
0.69025
0.61983
0.67261
0.69573
0.68867
0.61945
0.67765
0.65133
0.68508
0.63639
0.70335
0.68616
0.64385
0.69887
0.60931
0.59824
0.67648
0.6573
0.68059
0.66411
0.66077
0.71081
0.62589
0.67075
0.71332
0.63605
0.7248
0.68842
0.65613
0.68537
0.69848
0.66697
0.7412
0.62935
0.67568
0.66193
0.68249
0.62031
0.63467
0.73123
0.652
0.71486
0.68796
0.66971
0.73527
0.65572
0.66784
0.70578
0.67564
0.74099
0.6226
0.60221
0.71521
0.64034
0.64336
0.6418
0.67728
0.64183
0.62933
0.66743
0.617
0.62747
0.67595
0.64229
0.69423
0.65246
0.68276
0.62539
0.64244
0.6531
0.67461
0.68541
0.62842
0.64824
0.68862
0.63687
0.71422
0.63114
0.69622
0.64518
0.65709
0.65551
0.68375
0.65393
0.72739
0.6492
0.6251
0.7039
0.71868
0.64968
0.68166
0.63497
0.64658
0.71732
0.66005
0.66253
0.69863
0.73893
0.65941
0.72664
0.66584
0.71047
0.66617
0.71364
0.67246
0.68088
0.64862
0.73404
0.70958
0.72262
0.72229
0.75311
0.69574
0.73459
0.68478
0.7152
0.65861
0.65224
0.73049
0.66012
0.6484
0.66136
0.60866
0.52066
0.46516
0.44805
0.34949
0.2968
0.25626
0.25289
0.20345
0.13634
0.12507
0.069951
0.019141
0.029684
0.020346
0.0046027
0.01445
-0.082089
-0.13436
-0.17764
-0.19046
-0.13585
-0.1475
0.065459
0.31188
0.89531
1.4629
1.5259
2.3907
3.1484
3.7198
3.2668
2.9346
3.9443
4.1065
4.1517
4.2532
4.64
4.8085
3.973
3.9435
4.2204
4.5321
4.8774
5.3242
5.7684
6.6845
7.1771
6.0337
5.3066
4.1994
2.0986
0.9118
0.54596
0.54549
0.41835
0.66685
0.66801
0.52212
0.43662
1.0012
1.7877
2.2973
3.1009
4.2086
4.1681
4.8869
5.2341
5.1867
5.3502
4.7172
3.706
3.4168
2.2762
1.149
0.38529
0.10875
0.0073898
0.012732
0.0019143
0.0061881
0.0010414
0.00096395
0.0085437
0.0027011
0.0014829
-0.0010816
0
-0.0030838
-0.0011709
-0.0038498
-0.00045025
-0.0054058
0
-0.1289
-0.27139
-0.41695
0.013663
0.33367
0.63188
0.61333
0.56336
0.36112
0.22493
0.10616
0.040368
0.030385
0.01711
-0.00073589
0
0
0
-0.0037343
0
-0.0074496
0
-0.0054395
0
-0.01705
-0.019434
-0.43868
-0.57296
-1.0416
-1.0631
-1.2126
-1.6622
-2.0417
-1.308
-0.7889
-0.18249
0.10881
0.19838
-0.012559
0.070641
0.015443
-0.3344
0.14601
0.72338
1.5156
1.76
2.6297
2.9814
4.0227
3.9453
3.8721
3.766
3.1016
2.951
2.7888
2.8766
3.1958
3.4611
4.0207
4.5833
4.8129
4.6968
5.324
5.3004
6.4415
5.6646
6.1712
6.0781
5.5254
5.4946
4.4727
2.6515
1.7939
0.88794
0.10805
0.010135
0
0
0.034562
0
0.0068231
0.0016676
0.0021466
0.0011088
0.0017577
-0.00044762
-0.0047008
-0.0019984
-0.0017774
-0.0037794
-3.5489e-05
-0.0032778
-0.0035781
-0.01581
-0.0023744
-0.010803
-0.043444
-0.28686
-0.092448
0.28974
0.41863
0.30596
0.093792
0.062989
0.19683
0.01541
0.0050845
-0.00011873
-0.0045812
0.00054758
0
0
0
0
0
0
0
0
-0.092746
-0.2377
-0.49874
-0.86465
-0.84654
-0.87191
-1.2737
-0.90682
-0.329
-0.1024
0.19924
0.17155
0.091849
-0.077359
-0.01678
0.38403
0.050262
0.40517
0.8751
1.1966
0.98607
2.0437
2.5248
2.5082
2.1552
2.0206
1.8389
1.7855
1.1973
1.0771
1.0032
1.0086
0.87635
1.1928
1.6348
2.038
2.3177
3.1398
3.6319
3.4717
4.0292
4.0158
4.1307
5.0596
4.4297
4.7542
3.7131
2.419
2.1753
1.773
1.0634
0.3052
0.020321
0
0.0044243
0.002961
0.0037576
0.005778
0.0014968
-0.00015218
-0.0001132
-0.00051322
-0.0012078
-0.0077639
-0.0018893
0
-0.0074015
-0.0035684
-0.0017075
-0.00081639
0
-0.033585
-0.23514
-0.314
-0.020698
0.32033
0.38636
0.264
0.18352
0.1278
0.050631
0.030266
0.0088422
-0.0028946
-0.0020293
0
0
0
-0.0088502
-0.0041428
-0.01114
0
-0.0067718
0
-0.028359
-0.1892
-0.66549
-1.0545
-1.1714
-0.96719
-1.4952
-1.3928
-0.79959
0.02223
0.22781
0.25051
0.32375
0.22249
0.30036
0.61034
0.65298
0.48906
1.1063
1.3966
0.92732
1.802
3.1792
3.271
2.4825
2.2154
2.8724
3.1179
2.3702
1.5257
1.4203
1.6652
1.8307
1.3436
1.5416
1.9484
2.2696
2.5809
3.0098
3.7396
3.9121
4.4004
4.2065
4.466
4.1682
4.1638
3.4024
2.5031
1.8338
1.1524
0.58066
0.082368
0
0
0.0098285
0.0020615
0.0039322
0.0003656
0.00050545
4.4281e-05
-0.0013418
-0.0013856
-0.0068739
-0.00076765
-0.0055234
-5.0498e-05
-0.0054428
0
-0.0023416
-0.00010853
-0.0099005
-0.46
-0.66764
-0.5955
-0.079562
0.45591
0.54098
0.29236
0.4456
0.23331
0.033814
0.020529
0.0072325
0.00035716
0
0
0
-0.0059895
-0.0076254
-0.0038598
-0.018701
-0.0012456
-0.0096775
-0.011471
-0.010323
0
-0.21271
-1.1003
-1.1725
-1.2248
-1.7501
-2.2263
-1.7594
-1.0646
-0.53944
0.15858
0.33475
0.35957
0.29824
0.57367
0.89805
1.3425
2.0924
1.844
2.1256
3.3066
4.6204
4.136
3.505
4.2715
4.4653
4.0017
2.9432
2.3083
1.6682
1.0218
0.63075
0.60046
0.52771
0.60587
0.74234
0.90276
1.1568
1.2545
1.3816
1.2107
1.5405
2.3748
2.8033
2.6324
2.8804
2.9274
3.1692
2.9009
2.8815
3.1587
2.9784
2.5586
2.7144
2.5003
2.2831
1.946
1.9754
1.5756
1.048
0.98564
0.84641
0.52819
0.44731
0.45695
0.40369
0.28181
0.15854
0.097022
0.089461
0.088232
0.18318
0.17266
0.093977
0.04583
0.13529
0.16938
0.27849
0.39634
0.45807
0.7417
0.81519
0.85737
0.94938
1.0631
1.0617
1.1558
1.1143
1.2265
1.0366
1.0544
0.97669
0.80407
0.77775
0.55278
0.46037
0.44786
0.44812
0.43938
0.50052
0.53642
0.52861
0.54191
0.64961
0.62573
0.68859
0.60121
0.64102
0.60419
0.567
0.50875
0.60528
0.56525
0.56381
0.59084
0.61126
0.56595
0.641
0.60506
0.57439
0.62474
0.52603
0.50291
0.56862
0.53921
0.53877
0.52361
0.66556
0.56762
0.66471
0.66197
0.60033
0.52107
0.6306
0.59778
0.58429
0.63286
0.61953
0.73777
0.71359
0.66651
0.75377
0.65571
0.76207
0.66231
0.72766
0.67801
0.68873
0.67859
0.74325
0.64139
0.71158
0.65278
0.74359
0.73344
0.68653
0.76426
0.7311
0.77404
0.72264
0.69319
0.7166
0.71552
0.68843
0.78812
0.71896
0.7848
0.78352
0.71842
0.77106
0.76361
0.70532
0.70769
0.79318
0.70531
0.78292
0.73074
0.87775
0.79579
0.84309
0.85719
0.89387
0.75237
0.84289
0.68176
0.70201
0.66567
0.67589
0.67501
0.80385
0.72278
0.66024
0.64897
0.67071
0.65681
0.72132
0.66481
0.69542
0.76501
0.75343
0.68154
0.79016
0.6863
0.82373
0.74516
0.69299
0.76029
0.76704
0.71998
0.80211
0.74672
0.79413
0.7141
0.74273
0.69856
0.62763
0.62234
0.64704
0.62394
0.6203
0.65321
0.68056
0.67826
0.74257
0.76049
0.74694
0.81932
0.74455
0.84665
0.77862
0.72416
0.80611
0.77515
0.74629
0.72507
0.7176
0.79181
0.71277
0.73966
0.68749
0.73395
0.71223
0.74459
0.68008
0.79039
0.74154
0.77734
0.67864
0.73301
0.69744
0.67607
0.73551
0.72349
0.81815
0.90784
0.85248
0.83613
0.89869
0.83204
0.893
0.79683
0.85983
0.91464
0.86771
0.87213
0.75296
0.76161
0.76774
0.78526
0.76771
0.70775
0.77609
0.79891
0.80652
0.81963
0.78018
0.88477
0.91013
1.0456
1.1195
1.1943
1.3029
1.315
1.4345
1.5835
1.6025
1.6809
1.8211
1.8016
1.9253
1.7167
1.5394
1.4705
1.3996
1.3852
1.1293
1.2916
1.2223
1.2466
1.2084
0.74928
0.30931
0.31936
0.22215
0.05422
0.0029235
1.1034e-05
0.0020274
0.0023058
0.00061405
0
0
-0.0061015
-4.5306e-05
-0.010017
-0.0040403
0
-0.013973
-0.0031042
-0.029273
-0.0025704
-0.051601
-0.56506
-1.087
-0.59957
-0.014796
0.60717
0.81454
0.97735
1.4802
1.908
1.4934
1.673
1.55
1.1398
1.0445
0.9137
0.65693
0.30816
0.064084
0.0033808
0.00076191
-0.00078412
-0.0036552
-0.033679
-0.24813
-0.58558
-0.84231
-1.0026
-0.42949
-0.021921
0.39503
0.68756
1.1991
1.1337
1.3264
1.0223
1.2006
1.5485
1.4719
1.5266
1.8767
1.7719
1.7838
1.5352
1.9024
2.1132
1.9903
2.4255
2.0757
1.1084
0.75546
1.383
1.6796
1.6898
2.0746
2.9065
3.4216
4.1746
4.0804
4.6
5.7679
6.0937
6.6467
6.6356
7.2388
5.8378
5.7116
5.4748
4.1132
3.2944
1.8266
0.68679
0.017613
0.0072904
0.23928
0.013934
0.0076852
0.018169
0.0016454
0.0036126
0.0045808
0.0062613
0
0.0013186
0.0035853
7.862e-05
0.0002143
-0.0050914
-0.039242
-0.050154
-0.023137
0.055061
-0.016271
-0.046852
-0.030042
0.036959
0.0030272
0
0
0
0
0
-0.00052215
-0.0024035
-0.1165
-0.22237
-0.84454
-1.6208
-1.6487
-1.0359
-0.7624
-0.65286
0.19958
0.89991
0.85816
0.37096
0.41059
0.67211
0.79933
1.2111
2.4714
2.5763
2.337
1.5097
1.7322
2.2097
2.802
3.7956
4.187
4.7004
4.0692
3.7509
3.4857
2.2144
1.5915
1.6566
2.4242
2.0943
2.2196
2.6664
3.1492
3.5906
3.6818
3.7843
4.3497
4.2315
4.3142
2.8849
2.0801
1.3636
1.136
0.15703
0.028381
0.00023041
0
0.0034665
0
0.0027028
0
0
-0.010024
-0.0085452
-0.013392
-0.0055004
-0.0025262
0
-0.0033065
0
-0.0032277
-0.023583
-0.085464
-0.36742
-0.21554
0.013396
-0.015277
-0.094615
-0.088032
0.041197
-0.046509
-0.099941
-0.053572
-0.037188
-0.033998
-0.024678
-0.024681
-0.013304
-0.016083
-0.040485
-0.015948
-0.092973
-0.05965
-0.18773
-0.80206
-1.5454
-1.9956
-1.7839
-1.5028
-1.6441
-1.6741
-1.7514
-1.2914
-0.76051
-0.055319
0.11558
0.66425
0.37013
0.36074
0.42708
0.74946
1.2418
1.7678
1.9014
1.6451
1.3561
0.95879
0.61273
0.20087
0.23139
0.35837
0.7333
1.1467
2.7624
3.3434
3.4621
4.1162
3.9067
4.4385
5.5599
5.1522
4.6829
4.5361
3.5789
2.8659
2.3097
0.59869
0.093358
0
0.0041997
0.016637
0.014258
0.0085197
0.0019984
0.0045462
0.0049801
0.0026021
0.0066937
0.0071567
1.7665e-05
0.0075601
0.0036726
0
0.038312
0.031754
0.094047
0.16468
0.22027
0.27434
0.21661
0.22467
0.24912
0.24017
0.075159
0.016746
0.0051401
-0.0064778
-0.014529
-0.013716
-0.018597
-0.024626
-0.041651
-0.074028
-0.11737
-0.15309
-0.31224
-0.71393
-1.2111
-1.2804
-0.88336
-0.44234
-0.062982
0.69973
1.4593
2.0613
1.886
1.7151
1.9281
2.5445
2.5201
3.2723
3.4604
3.4782
2.9987
3.2077
3.0674
3.942
3.1662
2.2942
1.3685
0.73521
0.79226
1.4504
1.7765
2.3911
1.8732
2.0159
2.573
2.6439
3.8073
4.8198
4.6999
5.4629
5.6893
5.7091
5.8623
6.2747
5.082
4.3943
3.8911
3.2165
2.0067
1.0784
0.25705
0.012304
0.0014007
0.010006
0.0045921
0.050471
0
0.029976
0.013189
0.014615
2.9414e-05
0.0061231
0.015974
0.00079722
0.011828
0
0.011629
0.02647
0.16695
0.48162
0.34001
0.46441
0.33288
0.18099
0.27408
0.25428
0.067932
0.028175
0.022371
0.0016249
-0.00080978
-0.00028318
0
0
-0.0079812
-0.011395
-0.065677
-0.21181
-0.48163
-0.79847
-1.2289
-1.3337
-1.3807
-1.3046
-1.0096
-0.51049
0.48389
0.52675
1.3258
1.6903
1.1181
1.4494
1.3586
2.1574
2.1034
2.4841
2.272
2.25
2.902
3.3549
3.5662
4.1315
3.2681
1.5558
1.2536
1.5236
2.4038
2.7227
3.428
3.2623
4.0707
4.5784
5.1874
5.9361
6.7185
6.6445
7.751
7.7556
8.4383
8.8933
8.1352
6.2045
6.1752
5.0117
3.949
2.7116
1.1933
0.41195
0.036913
0.010007
0.027482
0.0052293
0.025032
0.030666
0.021453
0.020158
0.0098106
0.0014619
0.015101
0.013582
0.001993
0.010398
0.0019322
0.024572
0
0.0020577
0.36236
0.35258
0.27035
0.15029
0.10553
0.23486
0.13339
0.037771
0.010296
-0.010205
-0.0020418
-0.00062019
0
0
0
-0.0083106
-0.0047668
-0.019675
-0.083135
-0.43648
-0.72967
-1.2642
-1.5831
-1.2887
-1.1167
-0.6845
0.37034
0.99378
1.4599
1.5575
1.3339
1.9466
2.335
2.4586
2.8419
2.7378
3.1524
3.2258
2.7143
2.6062
3.3509
3.4685
3.0601
2.7351
1.0009
1.1816
1.3812
2.1069
2.6456
2.8069
3.2843
3.6037
4.7675
4.2968
5.5585
5.657
5.7657
7.1586
7.0442
7.2399
7.7241
6.1955
5.0117
4.4271
3.5392
2.6817
1.1745
0.40252
0.03939
0
0.16238
0.026866
0.0011588
0.010462
0.014569
0
0.0080658
0
0.014669
0.0071799
0.0080576
0.018846
0
0.0027561
0.0072208
0
0.0229
0.0026443
-0.0034469
-0.029551
0.043798
0.025685
-0.040582
-0.041515
-0.011039
-0.0033034
0
0
0
0
0
0
0
-0.0088123
-0.079971
-0.41028
-0.7079
-1.549
-1.8791
-1.6951
-1.2825
-0.79436
0.023562
0.81416
0.86916
0.9035
1.3316
1.6184
1.8772
2.1784
2.5466
2.6734
2.9822
3.2731
3.0994
3.1501
3.4878
3.269
3.5135
3.6439
3.8504
3.1499
1.7586
2.2494
2.4963
2.8084
3.4055
3.7156
3.9708
5.5772
6.1943
6.4093
6.3928
7.4779
7.3431
7.4976
7.7193
6.3479
4.4821
4.9019
3.9624
2.7888
1.7443
0.63895
0.074982
0.0088539
0
0.046018
0.01113
0.02346
0.0087273
0.044424
0.0090942
0.018149
0.0017476
0.013405
0
0.018638
0
0.0029082
0.028411
0.18708
0.31793
0.37501
0.55171
0.4512
0.25185
0.11209
0.15569
0.03954
0.0094484
-0.00010322
0
0
0
0
0
0
-0.0035844
0
-0.013525
-0.031433
-0.43007
-0.80099
-1.2785
-1.5717
-2.2961
-2.1164
-1.4585
-1.13
-0.15664
0.85056
1.4121
1.3805
1.7793
1.7651
2.0263
2.4656
2.5908
3.103
2.9535
2.952
2.8723
3.3074
3.0928
3.1727
2.8673
3.516
1.3172
1.6654
2.1843
2.936
3.3701
3.4937
4.4665
4.4574
5.2002
6.2332
6.4947
6.7446
6.4577
7.2448
7.0475
7.0522
5.3647
5.2627
3.9906
3.2089
2.4955
1.2211
0.38007
0.025145
0
0.071581
0.011569
0.027225
0.0018458
0
0.0073351
0
0.0043185
0.00065438
0.004592
0
0.0075793
0.0023883
0
8.3055e-05
0.00011962
0.22928
0.53434
0.41769
0.4334
0.3386
0.32335
0.31314
0.16567
0.054493
0.0063192
0
0
0
0
-0.00067751
0
0
-0.01015
-0.0048035
-0.10155
-0.22332
-0.32917
-0.72377
-0.97852
-1.0459
-0.30151
-0.10567
0.66621
1.6689
2.2749
2.5525
2.8979
3.5432
3.5575
3.724
3.8255
3.4678
3.7834
4.0093
3.8418
3.1929
3.6553
3.0786
1.8604
1.4076
1.2106
1.5506
1.992
2.6991
3.1209
2.8707
3.5915
4.0773
4.4836
4.8906
6.4115
6.7201
7.1851
7.3844
7.274
7.9268
7.3113
6.1824
4.9297
4.2574
4.4217
3.5639
2.1419
0.91436
0.21225
0.0025161
0.0029762
0.025797
0
0.023208
0.0046556
0.028595
0
0.01335
0.0068183
0.022149
0
0.013627
0
0.11319
0.13229
0.27882
0.51471
0.62054
0.76018
0.63293
0.48702
0.38268
0.33555
0.084989
0.044116
0.0042588
0
0
0
0
0
0
0
0
-0.0039083
-0.053981
-0.3141
-0.82588
-1.1274
-1.7132
-2.4053
-2.0587
-1.8844
-1.4463
-0.21341
0.75171
1.5632
1.2153
1.013
1.3948
2.1049
2.0417
2.7101
2.7604
2.8479
2.6296
3.4494
3.3061
3.6351
2.8335
1.4085
1.0313
1.086
1.4984
2.2426
2.3812
2.9166
3.4571
3.694
4.3876
5.7071
6.2618
6.5578
6.0263
6.6654
7.5509
7.337
7.7386
5.7083
4.9327
4.2832
3.2422
2.5766
1.3906
0.39209
0.095606
0
0.045792
0.025475
0.025446
0.001559
0.034495
0
0.010683
0.0012293
0.0038458
0.014519
0
0.012819
0
0
0.14136
0.37101
0.5338
0.46058
0.49238
0.21664
0.27248
0.29792
0.10785
0.016229
-0.0040549
0
0
0
0
0
0
-0.0022585
-0.0016352
-0.0076971
-0.080371
-0.44441
-0.75088
-1.1065
-1.5557
-1.8513
-1.355
-1.0851
-0.26294
0.57749
1.3921
1.1993
1.4772
2.1903
2.2091
2.2752
2.7028
2.8184
3.1071
3.0591
3.101
3.408
3.3535
3.197
1.808
1.0957
0.76661
0.92535
1.2684
2.0685
2.9552
3.5357
3.7599
4.6581
4.4896
5.761
6.266
6.5843
7.4554
6.8376
7.3459
8.1915
7.4886
6.2784
4.975
4.0134
3.4681
2.694
1.5267
0.6774
0.149
0
0.0043811
0.022227
0.0047939
0.018469
0.024858
0.014564
0.0010572
0.0065853
0.004561
0.025671
0.025676
0.0022432
0.010818
0
0.41527
0.46281
0.74879
0.71003
0.66594
0.44216
0.1269
0.12953
0.029556
-0.0024836
-0.0017837
0
0
0
-0.0048164
0
0
0
-0.0035897
0
-0.022674
-0.25095
-0.64856
-1.4835
-1.8957
-2.488
-2.1534
-1.6413
-0.99863
0.009047
0.97534
1.2409
1.5918
1.8438
1.351
1.3309
1.2773
1.5419
1.8938
2.2
2.0137
2.1283
2.1187
2.2372
1.4938
1.1445
0.90243
0.97558
1.1849
2.0337
2.8241
3.1688
3.774
4.6017
4.5077
5.7486
6.5539
6.188
6.0169
6.9587
7.2422
7.5613
6.6845
5.6716
4.683
3.8784
3.6704
2.6662
1.4604
0.5751
0.058032
0.0027435
0
0.017041
0
0
0.0012549
0.0024726
0
0.0058268
0
0.0028637
0
1.7052e-05
0.019853
0.0088458
-0.020402
0.020105
0.11324
0.17863
0.10502
-0.059813
-0.23987
-0.18944
-0.12547
-0.074601
-0.038203
-0.013742
0
0
0
-0.0022548
-0.040184
-0.43946
-1.1101
-1.9059
-2.6612
-2.8692
-2.5789
-2.1759
-1.5703
-0.77763
0.045892
0.41594
0.44671
0.74702
0.82692
1.5842
1.8801
1.9831
1.6282
1.5406
1.8711
1.785
2.3474
1.9529
2.1595
2.0762
2.1376
0.46012
0.5692
0.90764
1.732
1.9037
2.3773
3.4232
3.3931
3.4332
3.8793
5.3158
5.1203
6.2435
5.9416
6.8259
7.1802
7.1529
5.045
4.8206
4.4629
3.8627
3.4904
2.1946
1.076
0.23909
0
0.0076148
0.078462
0
0.020039
0
0
0.0070211
0.0137
0.0068464
0.016708
0
0.0039531
0.21334
0.26641
0.76957
1.4202
1.454
1.3463
1.2053
0.70393
0.50452
0.27858
0.083733
0.024289
0.0010243
0
0
0
-0.00052264
0
-0.00081668
0
-0.0010748
0
-0.0041645
-0.072168
-0.33667
-0.88221
-1.5051
-1.9431
-2.0194
-2.4176
-2.663
-2.1863
-1.645
-0.89108
-0.51388
0.22557
0.71477
0.63813
0.64579
0.56464
0.93594
0.99687
1.0162
1.3785
1.7213
1.5652
1.1256
0.41896
0.43372
0.67274
1.0195
1.7101
2.195
3.1107
3.7243
4.8076
4.4604
5.6494
6.1919
6.3151
6.1275
7.2519
7.4709
7.2854
7.6943
5.1742
3.9354
3.6156
3.5575
0.0025906
0.026448
0.022615
0.035443
0.0066365
0.0047684
0
0.0037054
0.0056858
0.012417
0.0099203
0.004651
0.012594
0
0
0.015474
0
0.020364
0.080038
0.22339
0.42211
0.61458
0.60855
0.61653
0.31844
0.086113
0.040398
-0.010189
-0.0048035
-0.0092807
-0.0049691
-0.0023739
0
-0.00080701
0
-0.0017579
0
0
-0.029875
-0.067299
-0.24085
-2.1197
-1.9057
-1.6665
-0.64336
0.22715
1.1424
1.2541
1.1726
1.5998
2.0347
2.0706
2.5246
2.6198
2.513
2.3614
2.621
2.7132
3.1005
2.8525
2.7281
2.8957
2.7353
2.153
1.6019
0.9954
0.72803
0.91443
1.462
2.2047
3.3987
3.474
4.2027
5.3433
5.4932
6.9375
7.1952
8.2672
7.3972
8.4867
8.4609
8.8827
8.4316
6.7281
5.3165
5.4979
4.7431
3.7803
0
0.082566
0
0.016818
0.014515
0
0.012486
0.010976
0
0
0.011847
0
0.0066288
0
0.0058744
0.10502
0.097499
0.24317
0.65208
0.73747
1.1415
1.0928
0.9805
0.67752
0.2886
0.24438
0.04659
-0.00063257
-0.012012
0
0
-0.0016832
-0.0022476
-0.00072522
0
0
-0.0019428
0
-0.99942
-1.3331
-1.7374
-2.0396
-1.7184
-1.8751
-0.76285
-0.045222
1.0513
1.6825
1.5584
1.4958
1.73
1.5348
1.8936
1.7267
1.9971
2.1882
2.5363
3.0793
3.3966
3.1981
2.5309
3.7411
3.8903
4.141
2.9816
1.8929
2.1519
2.7774
3.219
3.8332
4.6712
4.6583
5.2446
5.3837
5.5563
5.617
6.6469
5.4204
5.5375
4.4176
3.102
1.9515
0.94611
0.39325
0.019057
0
0.0044521
0.0093636
0.0032469
0.011776
0.0082528
0.0060888
0.0076334
0.0071896
0.0062548
0.0033688
0.00099537
0
-0.00054815
-0.00033173
-0.0035252
0
-0.045921
-0.020939
0.07269
0.65508
0.92867
1.1355
0.77607
0.35059
0.11995
-0.1023
-0.25063
-0.1211
-0.073577
-0.039874
-0.010348
-0.0011721
0
-0.0035553
0
-0.0056842
0
-0.0043962
-0.088863
-0.041545
0.024568
0.30231
0.62383
0.95858
0.79995
0.67265
1.2682
1.46
1.4595
1.7092
1.892
2.234
1.9855
1.9484
1.5345
1.7559
1.7964
2.5974
3.928
3.6625
3.4989
3.6716
3.1452
3.2112
3.3956
2.9238
2.6527
2.8021
3.1193
3.8626
3.6809
3.7068
3.6971
3.263
4.404
4.6667
4.8395
4.7268
4.5855
5.3392
5.3021
4.6451
4.6628
3.3478
2.665
2.5305
1.8215
0.68876
0.15551
0.024132
7.8693e-05
0
0.0014349
0
0.0059691
0.0010278
0.0071519
0
0.0029973
-0.0021596
-0.00062874
-0.0011822
0
0.001576
0.06377
0.033442
0.099429
0.61514
1.049
1.2059
1.01
0.75572
0.63305
0.54442
0.52767
0.11864
0.049113
0.010743
0
0
0
0.00022414
0
-9.3914e-05
0
-0.0016914
-0.00018355
-0.00057376
0
-0.10267
-0.21094
-0.38376
-0.43732
-0.39298
-0.43022
-0.8135
-0.8613
-0.28346
0.29688
0.76608
1.1012
0.53219
0.65576
0.77251
1.0227
1.0495
1.3075
1.5316
1.7763
1.2914
1.2484
1.5577
1.5844
1.6404
2.1716
2.5782
3.1899
3.7377
3.9103
3.7707
3.8938
3.7598
4.452
5.0632
5.455
5.0838
5.2315
5.2003
5.1229
4.2194
3.4341
2.3345
2.0761
1.1529
0.18313
0.015337
0.0037464
0
0.0076035
7.7481e-05
0.0037881
0.00031629
0.0066843
0.002767
0
0.0006315
-0.00116
-0.0010856
-0.0047068
-0.00038118
-0.0011488
0
-0.00083448
-0.0013967
-0.00048987
-0.032062
-5.3495e-06
0.32275
0.84811
0.88476
0.61783
0.19988
0.28004
0.41748
0.15308
0.0015486
0.0017132
0.00054363
0.0062143
0.0068524
-0.00019199
0
-0.00034176
0
-0.019282
-0.053752
-0.069379
0.020646
0.34005
0.55276
0.079782
-0.42217
0.02451
0.67327
1.1875
1.3437
1.4087
1.2217
1.1027
0.98414
1.1902
1.4609
1.9064
1.1051
1.5364
2.2233
2.5616
2.6555
2.0681
2.3359
3.3047
2.8007
2.334
1.9132
2.5017
2.8512
3.1215
2.7517
2.9259
3.6615
3.567
4.1272
4.6138
4.1317
4.0105
3.8639
3.6166
2.7132
1.8154
1.1926
0.81811
0.3299
0.039022
0.00024906
0.0069581
0.012913
0
0.0035401
0.0017951
0.0012289
-7.6817e-05
-0.000974
-0.0009971
-0.0033649
-0.0025555
-0.00048136
-0.0038391
-0.00059104
-0.0013025
-0.005139
-0.00083933
0.14796
0.098143
0.76565
1.6991
1.8336
1.6754
0.85029
0.55771
0.78856
0.79424
0.34551
0.11659
0.003096
0.019933
0
0.00091373
0
-3.6795e-05
-0.00010475
-0.00026753
-0.0058168
-0.035697
-0.059578
-0.11482
0.14431
0.15777
-0.2363
-0.53358
-0.072875
0.62692
0.82426
1.1337
1.1598
0.90239
0.7487
0.92676
0.71118
0.86217
1.2277
1.1635
1.0606
2.19
3.2556
3.0236
2.9857
3.2303
3.4944
3.1112
2.7417
2.6189
3.4645
3.5906
3.2436
3.5496
3.3327
3.8722
4.3472
4.3873
3.6738
4.0921
4.2036
3.5123
2.6842
1.4858
1.254
0.9501
0.30954
0.013518
0
0.0060161
0.0082559
0
0.00061674
-9.0522e-05
0
0
-0.00020946
-0.00086797
-0.001338
-0.0040648
-0.0081993
-0.0078514
-0.0016535
0
-0.002336
-0.0028206
-0.17796
-0.073333
-0.51023
-0.39896
-0.084781
0.26454
0.14221
-0.14743
0.0076773
-0.020809
-0.01448
-0.0047958
0
-0.00064486
0
-0.003152
-0.00053574
0
0
0
0
-0.0045669
0
-0.22557
-0.55728
-0.54796
-0.42742
-0.50992
-1.102
-0.97647
-0.29333
0.43595
0.84646
0.81014
0.80804
0.86483
0.80026
0.92065
0.63569
0.63555
0.59739
0.8406
0.84704
1.7036
1.0767
1.3511
1.3886
1.658
1.8034
2.0984
2.0288
1.8945
1.9184
2.2513
2.6826
2.4518
2.9771
3.2203
3.9825
3.9575
4.1926
4.4763
4.2907
4.2827
3.0555
2.1568
1.3941
0.69227
0.33937
0
0.003496
0.00093915
0.018242
0.00090728
0.0023184
0.00021057
-0.0011419
-6.1451e-05
-0.00096064
-0.0018732
-0.0086286
0
-0.0058899
0
-0.014696
-0.078131
-0.22842
-0.34914
0.091849
0.17008
-0.21692
-0.70642
-0.48884
-0.20886
-0.29569
-0.060237
-0.064948
-0.052235
-0.028817
-0.0063054
0
0
-0.0018688
0
-0.0025919
0
-0.0016882
-0.002061
0
-0.11117
-0.16515
-0.24114
-0.11255
-0.059772
-0.58977
-0.83539
0.016298
0.60385
0.79731
0.81471
0.78694
0.83223
1.1396
0.70062
1.0259
1.3714
1.5027
0.70843
1.2374
1.2154
1.7733
2.0679
1.8382
1.6043
1.7909
2.0503
1.9968
2.0856
2.2563
2.8964
2.8259
3.2695
4.0249
4.1696
4.7888
4.2462
4.4071
4.2597
4.0971
3.8395
3.0268
2.1075
1.3766
0.69823
0.2052
0.0044421
0
0.0097367
0.010592
0
0.0037338
0.0041015
0
1.1415e-05
0
-0.0001228
-0.0011135
-0.000479
0
-0.0026733
-0.0033204
-0.002019
-7.697e-05
-0.001482
-0.078244
-0.049331
-0.034967
0.41147
-0.38709
-0.48194
-0.15955
-0.025935
-0.052165
-0.012837
-0.032354
0
0
-0.0044716
-0.00050193
-0.0067037
-0.0098177
0
0
-0.0018855
0
-0.0086899
-0.063934
-0.21788
-0.5261
-0.75775
-0.55216
-0.48344
-0.94294
-1.3976
-0.86253
-0.10892
0.26297
0.32199
0.58657
0.33295
0.79117
0.72169
0.47903
0.63658
0.91366
1.2926
0.52086
1.1606
2.634
2.7831
2.1345
2.1174
2.3491
1.7274
1.9568
1.9501
2.9451
3.2784
3.6258
3.4224
4.4911
4.6917
4.7315
5.021
5.0308
4.387
4.9218
3.7668
2.3562
1.7723
0.94206
0.49003
0.00084892
0.009083
0
0.048061
0.0026455
0.0039291
0.0017336
0.0088643
0
9.7098e-05
0.00030335
-0.00018576
0.0003818
-0.0020099
-1.2029e-05
-6.5843e-05
-2.1564e-05
-0.0014646
-0.0006093
-0.00056468
-0.013863
0.0092973
0.21788
0.78011
0.94127
0.70905
0.24967
0.049439
0.27724
0.25876
0.049411
0.01233
0.010889
-0.0035356
-0.003335
-0.0019089
0
-0.0042798
-0.00071255
-0.011618
-0.10403
-0.16829
-0.34866
-0.26483
-0.19069
-0.41398
-0.84514
-0.73659
0.077944
0.29902
0.34413
0.30042
0.0065518
0.16067
0.042274
-0.056519
-0.021998
0.48025
0.74491
0.3323
1.3294
2.7949
2.4946
2.2865
2.4005
2.2446
2.2945
2.4881
2.0542
2.6527
3.3836
3.3893
3.3069
3.4303
3.6294
4.132
3.8672
4.094
4.8968
5.1915
5.9158
4.9762
5.3847
4.4301
4.2288
3.499
2.5676
0.0042108
0.0085262
0.0050378
0.001595
0
0
0.001328
0.00077537
0
0.00061934
0.00024021
0.0010124
6.1742e-05
-0.0024415
0
-0.00054528
-0.0010206
0
-0.0022439
-0.18963
-0.11485
-0.17171
0.44852
0.85846
0.90512
0.41706
-0.026765
-0.054658
0.16042
0.032354
0.00096845
-0.0024255
-0.0011149
-0.0036468
-0.0013201
-0.0041548
0
-0.0038747
-0.0038128
-0.081189
-0.13947
-0.35445
-0.42931
-0.37415
-0.7874
-1.0214
-0.48062
0.15556
0.60418
0.45998
0.64562
0.86329
0.81035
0.93753
0.89202
1.0925
1.2549
1.0687
0.88138
2.0401
2.844
3.0827
2.767
2.723
3.1678
2.8409
2.4059
1.9649
2.0444
2.5905
2.2464
2.8126
3.4706
4.0894
3.916
4.4698
4.1996
4.4017
4.1575
4.0812
3.3826
2.1651
1.59
0.87641
0.27046
0.031286
0
0
0.015046
0.0024434
0
0.0005676
0.0055333
0
-0.00047157
-0.00016437
-0.00066994
-0.00060778
-0.0033476
0
-0.0044799
0
-0.011469
-0.0036748
0
-0.097809
-0.18525
-0.22113
0.30814
0.69597
0.70888
0.42523
0.33681
0.33761
0.20225
0.039752
0.032335
0.014274
-0.00015392
-0.0010431
-0.0045589
-0.0015493
-0.0010604
-0.0016722
-0.00035415
-0.071963
-0.22071
-0.39454
-0.18241
0.10973
0.090353
-0.32144
0.45591
0.96191
1.4276
1.7659
1.3307
1.2706
1.9239
1.7849
2.0219
2.0149
2.1664
2.2417
2.6713
3.0027
3.8884
3.5118
3.2397
3.3593
4.2904
3.6391
3.2232
2.5007
2.5809
2.7383
2.8633
2.7455
2.6015
3.0301
3.233
3.0638
3.4686
3.7113
3.7032
3.4375
2.6002
1.6967
1.3423
0.72806
0.28091
0.0031976
0
0.01516
0.0045506
0
0.0023416
0
0.0007958
-0.00074203
8.9472e-06
0
-0.0013515
-0.00029122
0
-0.003718
-0.0004249
-0.0028848
-0.0028352
-0.0007909
-0.026846
-0.1633
-0.41373
0.040307
0.67298
0.83861
0.46935
0.14359
0.22674
0.37089
0.16042
0.073916
0.0028409
-0.0080889
0
0.00065233
0
-0.00040245
-0.00091579
-0.0033502
-0.0028025
-0.011822
0
-0.090598
-0.33091
-0.26394
-0.21014
-0.4987
-0.89233
-0.19356
0.43623
0.57271
0.73951
0.77096
0.77456
1.0509
0.99837
1.0363
1.2572
1.3875
1.3597
1.2788
2.3923
2.9097
3.206
2.618
3.1577
3.4768
2.8119
2.7478
2.3776
3.0414
2.9819
3.0538
2.8739
2.857
3.4374
3.4361
4.1567
4.6759
4.9385
5.7127
5.4793
5.2661
5.7686
4.7278
4.9556
3.7743
2.1107
2.2115
1.1922
0.45685
0.006639
0
0.0095221
0.0065598
0.0016161
0.0041816
0
0.0045203
0.0026061
-0.00024118
-0.00029707
-0.0020689
-0.0015176
-0.0014808
-0.0023075
-0.0023479
0
-0.00092988
-0.0039184
0
-0.040214
-0.092617
-0.036267
0.41032
0.88803
0.80603
0.59912
0.21525
0.33741
0.069668
0.016008
0.0017648
0.0032977
0
0
0
-0.0035654
0
-0.0040762
-0.00068264
-0.0040434
-0.008864
-0.009465
-0.0057047
-0.13213
-0.23805
-0.6082
-0.52411
-0.2372
-0.31184
-0.58567
0.049265
0.62152
0.67258
1.0106
0.82416
0.62245
0.69437
0.69744
1.081
1.1549
1.4254
1.8408
1.5942
1.411
2.502
3.1434
2.8721
2.8103
2.5197
2.836
2.5707
2.4222
2.515
3.2064
2.8892
2.7069
3.038
3.2468
3.14
3.3262
3.5567
4.6822
5.0454
5.3554
5.0537
5.0125
4.4938
4.5968
2.9204
2.1144
1.6996
0.92225
0.34669
0.012315
0
0.001061
0.020915
0.0015788
0.0053604
0
0.00088138
7.8134e-05
0.00066551
-0.00092934
-0.00080431
-0.0022842
-0.0044094
-0.0038444
-0.0028053
-0.0016756
-0.0037418
-0.0089728
2.2909e-05
-0.07627
-0.17318
0.055134
0.62901
0.88161
0.54779
0.36835
0.37068
0.44538
0.16995
0.093322
0.010822
0.006955
0.0010172
0
0
0
0
-0.0012186
-0.00026031
-0.0017977
-0.0011534
-0.0015427
0
-0.066221
-0.091868
-0.1146
0.17388
0.29295
-0.28532
-0.26018
0.33774
0.97033
0.98979
1.0386
0.87229
0.83107
1.0101
0.82248
0.90272
1.2931
1.6558
1.2691
1.7617
2.8331
2.8211
1.9298
2.6308
2.556
2.6698
2.8117
2.2043
1.511
1.7877
2.2003
1.9242
2.0304
1.9218
2.318
2.4728
2.8861
3.8975
3.9637
4.3231
4.2612
4.9509
4.3067
4.3393
4.5163
3.7707
2.2493
1.8731
1.3866
0.49019
0.046169
0
0.00077485
0.010778
0
0.0082247
0
0.0043557
0
-0.0019498
0
-0.0041835
-0.0019289
-0.0030999
-0.00071743
-0.0010057
-0.00060885
0
-0.0011955
-0.00083649
-0.025026
-0.045677
-0.034471
0.59592
0.89573
0.93488
0.72241
0.26734
0.36805
0.45712
0.13068
0.028893
0.020269
0
0
0
0
-0.0002638
-0.0019998
-0.0008324
-0.0018385
-0.00014787
-0.00087813
-0.003332
-0.066239
-0.24944
-0.44681
-0.34618
0.072665
0.19693
-0.29155
-0.018397
0.46959
1.0982
1.2852
1.2298
1.082
1.2935
1.4027
1.4732
1.6006
1.8953
1.6507
2.1243
3.0461
3.5263
3.7636
2.9433
2.8476
3.6361
3.4636
2.2343
2.1392
2.3464
2.6456
2.3004
2.6755
2.9088
2.8543
3.3636
3.1646
3.4222
4.3028
4.553
4.5266
4.3242
4.4732
3.9573
3.8837
2.7696
1.7502
1.4451
0.7855
0.47726
0.0095107
0.004714
0
0.0094121
0.0053819
0.00656
0.0020488
0.00057541
8.033e-05
0
0
-0.0017084
0
-0.0037079
-0.0022805
-0.0020325
-0.0005926
-0.0012411
0.00098778
0.05327
-0.037783
-0.15941
0.41888
1.0382
1.1553
0.94576
0.5036
0.33251
0.28857
0.059175
0.0618
0.01309
0.00021556
0
0
0
-0.0039416
0
-0.0039342
-0.00039693
-0.0053418
-0.00042233
-0.0054799
-0.0086999
-0.046589
-0.11954
-0.21908
-0.2173
-0.18634
-0.20646
-0.79803
-1.1651
-0.51896
-0.062933
0.36037
0.56178
0.50322
0.5526
0.55136
0.31725
0.11866
0.21308
0.34668
0.51683
1.3296
2.3803
2.9279
2.9163
2.5368
2.4415
2.2713
2.4866
2.3358
2.4716
2.6909
2.6334
2.4904
2.7974
2.9888
3.0601
3.5642
3.8676
4.8461
5.3825
4.9735
5.0473
5.1204
4.4407
5.0629
3.2211
2.5758
2.3166
1.6422
0.53004
0.051941
0
0.0003095
0.022829
0
0.0036124
0.0091919
0
0.00067199
0.0032738
0.00010987
0.00084399
0.00010547
-0.0026357
-0.0020608
-5.6698e-05
-0.0011844
0
0.0024092
0
0.036404
0.11696
0.13258
0.70615
0.78622
0.58359
0.46839
0.59035
0.63894
0.28374
0.12934
0.057983
0.064656
0.022674
0
0
0
0
0
-6.2339e-05
0
0
-0.00092722
-0.0024499
-0.03795
-0.10375
-0.054198
0.38352
0.42842
-0.015996
-0.063425
0.69756
0.98438
1.1734
1.0665
1.0348
1.4069
1.0938
1.0628
1.3737
1.5898
1.7273
0.8708
1.1401
2.0431
2.5433
1.9327
1.3556
1.8787
1.9169
1.533
0.87182
0.39972
0.2219
0.13231
0.054229
-0.11849
-0.0033574
0.21459
0.37273
0.66715
1.0513
1.619
1.7382
2.1279
2.5276
2.6737
3.2796
3.3683
3.4322
3.9117
3.4534
3.564
3.2846
3.5456
3.4988
3.664
3.2488
3.0547
2.4805
2.2812
1.5699
1.3236
0.99464
0.78971
0.73608
0.5858
0.45466
0.38274
0.24313
0.26283
0.28125
0.29884
0.31442
0.28628
0.29566
0.4125
0.38123
0.42523
0.56742
0.61616
0.84768
0.87911
0.97978
1.1381
1.2122
1.2872
1.5434
1.4516
1.4357
1.5377
1.3004
1.303
1.1767
1.1886
1.14
1.0748
1.1284
0.96166
0.94906
1.0157
0.89798
0.95498
1.1772
1.1151
1.0586
1.1887
1.0635
1.1494
1.0947
1.1748
1.1247
1.0579
1.0409
1.0167
1.0159
1.0095
1.0697
0.96828
1.0056
0.99517
0.92979
0.90488
0.94651
0.85301
0.90312
0.90353
0.954
0.90889
1.0243
0.9334
0.99602
1.0607
1.1264
1.029
1.0211
0.9217
1.0105
0.90038
1.0257
0.97383
1.0825
1.0437
1.1272
0.99482
1.0936
1.0214
0.98587
1.1035
1.0595
1.0785
1.1607
1.0668
1.2186
1.102
1.084
1.1086
1.2137
1.1117
1.2235
1.1486
1.2121
1.185
1.1592
1.2591
1.192
1.2529
1.1874
1.1048
1.2156
1.0969
1.0845
1.2313
1.0975
1.1762
1.1603
1.0927
1.056
1.1489
1.1253
1.2288
1.0979
1.2701
1.1352
1.2432
1.2168
1.2187
1.1346
1.2992
1.2049
1.2936
1.3261
1.1869
1.1766
1.0589
1.2162
1.1444
1.0264
1.1697
1.1682
1.0769
1.19
1.1024
1.117
1.1472
1.0339
1.0437
1.1597
1.0614
1.1424
1.0568
1.2036
1.1173
1.1464
1.1699
1.1072
1.0957
1.2143
1.0885
1.1265
1.1606
1.1384
1.1489
1.2319
1.1455
1.1772
1.0407
1.1105
0.98477
0.94442
0.95462
1.0266
0.98177
0.98685
1.0506
0.97545
1.0849
1.0444
1.1811
1.0865
1.079
1.1432
1.2324
1.1571
1.2732
1.1897
1.3103
1.2946
1.1488
1.1868
1.2843
1.2855
1.2854
1.2083
1.3095
1.2144
1.2501
1.2489
1.182
1.1971
1.2377
1.1938
1.131
1.2416
1.1192
1.221
1.1135
1.1648
1.1595
1.1653
1.2268
1.2184
1.1239
1.2491
1.2282
1.2778
1.3124
1.278
1.4315
1.4255
1.3383
1.4688
1.3232
1.4477
1.4616
1.344
1.4245
1.2709
1.4109
1.274
1.384
1.3413
1.284
1.3401
1.4557
1.3302
1.4728
1.3323
1.411
1.4764
1.3422
1.3358
1.4255
1.3713
1.4933
1.3997
1.4985
1.3623
1.4412
1.3989
1.4243
1.2758
1.3844
1.2643
1.3811
1.4041
1.2671
1.3527
1.2838
1.2692
1.354
1.1899
1.351
1.2234
1.2933
1.408
1.2548
1.2605
1.4114
1.3864
1.2566
1.4266
1.2569
1.399
1.3618
1.3445
1.3846
1.2787
1.3171
1.2443
1.3491
1.2742
1.2604
1.2468
1.3785
1.2489
1.37
1.3909
1.2335
1.2641
1.3724
1.2686
1.3706
1.2522
1.4027
1.1917
1.3225
1.2641
1.296
1.2294
1.273
1.3753
1.2698
1.3595
1.3074
1.3556
1.3222
1.2769
1.2819
1.3888
1.2676
1.4107
1.3372
1.3936
1.4153
1.3942
1.3295
1.3652
1.2819
1.2762
1.3333
1.2067
1.3802
1.2793
1.3265
1.3078
1.2821
1.4061
1.3921
1.2806
1.391
1.2963
1.3646
1.3794
1.4106
1.3707
1.4418
1.3543
1.5632
1.3603
1.5726
1.4577
1.4802
1.5705
1.4439
1.4091
1.5802
1.4529
1.5543
1.4918
1.4261
1.5715
1.4817
1.4374
1.5318
1.3332
1.4325
1.4437
1.4248
1.3653
1.4721
1.4437
1.4895
1.3775
1.4475
1.3762
1.5237
1.4857
1.4069
1.4782
1.5127
1.4085
1.4882
1.3834
1.4921
1.3993
1.4118
1.4475
1.4533
1.4438
1.5279
1.4442
1.4677
1.4705
1.3579
1.4879
1.3628
1.3766
1.4502
1.3449
1.4865
1.3864
1.491
1.4922
1.3642
1.4933
1.3665
1.5025
1.3394
1.3524
1.4664
1.4244
1.3676
1.5048
1.4516
1.5801
1.5426
1.502
1.6334
1.4409
1.4302
1.4356
1.3348
1.3808
1.2784
1.3416
1.3034
1.4577
1.3886
1.4417
1.3563
1.4331
1.4642
1.3521
1.5201
1.3747
1.5554
1.4126
1.5633
1.5107
1.4722
1.3964
1.5345
1.5301
1.5156
1.6409
1.506
1.5372
1.4746
1.4509
1.5964
1.5035
1.6962
1.5486
1.4653
1.5824
1.4966
1.5416
1.4345
1.4575
1.5455
1.5686
1.4459
1.5661
1.4641
1.4685
1.6082
1.4742
1.5641
1.4019
1.5545
1.4413
1.5533
1.4648
1.5518
1.4379
1.5524
1.4324
1.4606
1.5754
1.4105
1.5793
1.5885
1.4699
1.5948
1.4777
1.5439
1.4596
1.4876
1.5241
1.5715
1.438
1.5809
1.4218
1.4469
1.5084
1.4856
1.466
1.5563
1.4397
1.5272
1.4277
1.5729
1.4667
1.456
1.5617
1.4683
1.5507
1.5345
1.4711
1.6017
1.5868
1.4972
1.5695
1.4947
1.6216
1.5074
1.5884
1.6136
1.5845
1.451
1.5689
1.4146
1.454
1.4678
1.59
1.453
1.5383
1.4244
1.4861
1.4434
1.5699
1.4652
1.3985
1.5588
1.4086
1.3997
1.5291
1.3949
1.5621
1.4755
1.4499
1.525
1.4368
1.4069
1.5638
1.4549
1.5281
1.4451
1.523
1.5538
1.5116
1.4536
1.5806
1.4095
1.5727
1.4482
1.4385
1.5185
1.4304
1.5675
1.4544
1.4407
1.5755
1.3846
1.5438
1.3974
1.5194
1.4428
1.5648
1.4349
1.5695
1.4396
1.5728
1.5102
1.4629
1.5923
1.5513
1.4606
1.5953
1.4666
1.5605
1.4298
1.6085
1.4589
1.4944
1.4515
1.523
1.4375
1.5607
1.5266
1.4148
1.5248
1.475
1.5731
1.4952
1.4526
1.569
1.4771
1.4699
1.5461
1.5378
1.5346
1.5539
1.4613
1.5435
1.5655
1.4371
1.6086
1.4991
1.5883
1.5831
1.5645
1.5638
1.5301
1.5691
1.5308
1.4693
1.5885
1.491
1.4591
1.4727
1.5387
1.4274
1.5531
1.4573
1.5389
1.4278
1.6001
1.5825
1.4409
1.5653
1.5513
1.4543
1.6075
1.5373
1.4392
1.6446
1.5061
1.5183
1.5693
1.4903
1.6055
1.4907
1.6048
1.5096
1.5894
1.4311
1.5907
1.4192
1.5541
1.5331
1.589
1.5887
1.4503
1.5156
1.4737
1.5117
1.5931
1.5959
1.4485
1.4787
1.5311
1.4871
1.5602
1.4864
1.609
1.4532
1.4475
1.53
1.4774
1.5811
1.6257
1.5807
1.5716
1.4577
1.3967
1.5768
1.5604
1.4358
1.579
1.4445
1.5675
1.4786
1.5693
1.615
1.4015
1.5685
1.4517
1.4426
1.5656
1.4622
1.4487
1.5751
1.4722
1.5376
1.5793
1.4604
1.6214
1.4612
1.6082
1.5383
1.4856
1.5956
1.5332
1.472
1.5961
1.5681
1.5269
1.5611
1.4185
1.5848
1.4453
1.5538
1.4352
1.5859
1.6003
1.5826
1.4867
1.6095
1.4654
1.5872
1.4606
1.6238
1.452
1.595
1.5926
1.4748
1.5736
1.4666
1.5778
1.5815
1.5452
1.4578
1.5552
1.4525
1.4429
1.5633
1.4692
1.6029
1.4506
1.4643
1.4392
1.5569
1.5575
1.4696
1.4148
1.5502
1.4408
1.4014
1.5683
1.4427
1.4447
1.5819
1.4075
1.5724
1.4246
1.4767
1.4795
1.4154
1.4909
1.4499
1.6028
1.5775
1.4639
1.5896
1.4597
1.446
1.5482
1.5399
1.4433
1.5559
1.4556
1.5563
1.4664
1.5295
1.6009
1.6271
1.4765
1.5709
1.4531
1.5854
1.568
1.4603
1.5707
1.5593
1.5853
1.478
1.4322
1.5808
1.4797
1.6046
1.576
1.4742
1.4464
1.5538
1.4705
1.4831
1.5181
1.5343
1.6097
1.4939
1.5859
1.4704
1.5564
1.5169
1.6131
1.4967
1.6453
1.6207
1.5107
1.6243
1.4799
1.5939
1.417
1.638
1.5071
1.5568
1.5851
1.4734
1.6381
1.5266
1.6377
1.6304
1.5211
1.6342
1.5973
1.4743
1.5947
1.4447
1.4653
1.4514
1.6332
1.4459
1.5552
1.4169
1.5755
1.4493
1.4905
1.4651
1.4612
1.4799
1.4808
1.4619
1.4548
1.4619
1.6053
1.6023
1.4635
1.5972
1.4868
1.547
1.4747
1.4778
1.5762
1.479
1.6067
1.5181
1.55
1.5788
1.4519
1.5875
1.4796
1.6044
1.4759
1.4431
1.4472
1.4795
1.468
1.5845
1.4601
1.5836
1.5655
1.587
1.4859
1.6014
1.4557
1.5065
1.4846
1.5745
1.5346
1.4909
1.6179
1.6023
1.5001
1.5333
1.506
1.6212
1.525
1.6273
1.5194
1.6065
1.473
1.6298
1.4972
1.5726
1.5908
1.6119
1.5183
1.5904
1.4872
1.6714
1.5286
1.578
1.6167
1.4647
1.6423
1.6136
1.4568
1.5963
1.5593
1.4737
1.5616
1.5174
1.6007
1.5768
1.4759
1.6357
1.5589
1.4712
1.5385
1.6088
1.4776
1.5861
1.4634
1.6009
1.4678
1.6244
1.6037
1.4714
1.4751
1.5922
1.4827
1.4826
1.5552
1.4548
1.5882
1.4277
1.4998
1.4099
1.3843
1.2635
1.2022
1.1711
0.79085
0.81462
0.84469
0.80077
0.61836
0.61794
0.58899
0.49991
0.48236
0.4578
0.4022
0.47154
0.42981
0.36553
0.34761
0.31075
0.45325
0.40034
0.38226
0.36919
0.24977
0.25026
0.27281
0.31285
0.67764
0.97365
1.7306
1.982
2.4906
3.1622
3.457
2.9343
3.5665
3.8596
3.4499
3.2867
3.3115
3.9345
4.3578
5.3155
6.061
7.1147
6.378
5.4766
3.9657
2.6282
1.6469
0.97072
0.67158
0.53838
0.65042
1.066
1.2621
0.64735
0.99014
1.1334
1.3003
1.816
1.849
2.2522
2.0698
1.9319
1.9666
1.57
2.0549
2.2827
2.4693
1.7566
0.86833
0
0.0066382
0.0038917
0.0063108
0
0.0041168
0
0.0023555
0.0042165
0.0018618
0.0085641
0.0016079
0.00040722
0.011463
0
0.0088082
0
0
0.17018
0.22068
0.42746
0.68542
0.84512
0.66782
0.35283
0.1421
0.24348
0.24595
0.12586
0.031524
0.0074015
0.0087312
0
0
0
-0.0040043
-0.025643
-0.18405
-0.42539
-0.5991
-0.41033
-0.1241
-0.087283
-0.28051
0.40326
0.84644
1.2398
0.80097
0.65323
0.85313
0.82984
1.3765
1.1724
1.4857
1.3449
1.4934
1.9254
2.2252
2.0715
1.1998
0.44307
0.094943
0.019061
0.15229
0.61119
1.2708
1.808
1.9442
2.3224
2.1789
1.965
2.8902
3.2639
3.958
4.3643
4.5233
4.6823
4.6586
3.1753
3.0355
2.1402
1.5781
1.0036
0.25317
0.0062485
0.0057907
0.002898
0.0053955
0.0020181
0.004472
0.00097864
0.0057097
0.0019124
0.012475
0.00040515
0.014252
0.0043648
0
0.00025224
0
0.0036512
0.079388
0.10909
0.12974
0.32321
0.37892
0.30221
0.49759
0.59074
0.45164
0.3019
0.22451
0.078685
0.023054
0.0023373
0.0022609
0
0
0.0012212
-0.0072858
-0.02264
-0.026269
-0.10174
-0.30319
-0.6861
-0.15498
0.25814
0.26963
0.44505
1.4551
0.86031
1.0429
1.7052
1.7137
2.1223
2.8747
2.791
2.6139
2.3154
2.1287
2.884
3.0575
3.2551
2.9817
2.6508
2.5177
1.7334
1.1407
0.94261
1.0929
1.6269
2.5647
2.6414
2.4941
3.1465
3.5151
3.7017
4.3601
4.5175
4.2966
4.3065
4.7688
2.2036
2.1295
1.5341
0.83625
0.34178
0.046637
0.0029083
0.007376
0
0.033932
0.0071371
0.00323
0.0015265
0
0.00094012
0.00085293
0.0071211
0.0086389
0.0015903
0.0096699
0
0.0010886
0
0
0.0021252
0.010095
0.010181
0.11411
0.30173
0.18133
0.045617
-0.09403
0.055983
0.30299
0.083337
0.015176
-0.0079024
-0.010009
-0.016315
-0.0068001
-0.0061673
-0.035555
-0.045445
-0.36809
-0.63828
-1.2252
-0.7103
-0.3535
-0.32525
-0.65488
0.18938
0.91475
1.0192
0.93158
0.99085
1.0041
1.7935
2.0694
2.2406
2.5812
2.5272
2.6587
2.6543
2.6411
2.4075
2.656
2.152
2.0217
2.2888
2.1218
1.3354
0.4655
0.15284
0.39494
0.90532
1.7254
1.7314
2.5257
3.0184
2.9226
2.9436
3.5121
3.9608
4.1681
4.3024
3.4967
2.6274
2.1434
2.2834
1.6623
0.84812
0.22726
0.017772
0.0072716
0.0094871
0.062284
0.038736
0
0.0022354
0.0057816
0.0045798
0.0018852
0.0048597
0.0034761
0.0057601
0.0086657
0.0017904
0.0036783
0
0.0041348
0.0038356
0.010421
0.0048477
0.042215
0.097027
0.15117
0.11176
-0.048114
-0.098247
0.079034
0.11564
0.034736
0.0011012
-0.0048659
-0.0071299
-0.00084917
0
0
0
-0.0038226
-0.01789
-0.049201
-0.11399
-0.36115
-0.72681
-1.029
-1.1112
-0.89716
-0.66472
-0.6819
-0.13432
0.6063
0.41172
0.97199
1.1491
1.2748
1.6358
1.375
1.6727
1.6944
1.3118
1.6622
2.1819
2.1747
2.35
1.8711
1.3322
0.64697
0.55491
0.75169
1.2147
2.0155
2.5116
2.6729
3.1661
3.8501
4.6668
5.5958
6.0046
6.5492
5.7675
4.5972
3.7881
3.6387
3.0893
2.4625
1.2105
0.4142
0.078851
0
0.0024284
0.042512
0.029088
0.021903
0.0066867
0.02101
0.01552
0.016307
0.014593
0.024553
0.0086666
0.016435
0
0.0023308
0.0088952
0.0038758
0.11404
0.043147
0.14504
0.34278
0.44083
0.32623
0.33239
0.16509
0.067581
0.013033
0.0010015
0
0
0
0
0
0
0
-0.0043038
-0.081597
-0.20505
-0.33513
-0.44079
-0.68373
-0.7584
-0.44569
-0.44498
-0.1636
0.83854
1.9394
2.4591
1.9843
2.1082
2.4743
2.0567
2.4321
1.9403
1.9397
2.0674
2.4693
2.4547
2.8808
2.6007
1.7599
1.2156
0.99367
1.38
1.5261
2.6982
2.6825
2.4201
3.2804
3.3058
4.2654
4.7548
5.1
5.6476
5.7458
5.0543
5.647
5.5115
5.5799
4.4176
4.0461
3.4663
2.6822
2.0648
0.86742
0.3096
0.033463
0.0073296
0
0.022185
0.0044278
0.0046132
0.007204
0.011293
0.0062066
0.0040864
0.012044
0
0.004796
0.0021128
0.013579
0.028796
0.070508
0.26119
0.39151
0.58535
0.6783
0.64771
0.38992
0.3093
0.37457
0.18686
0.04376
0.026065
0
0
0
0
-0.0019573
-0.00025055
-0.0071938
-0.085268
-0.16196
-0.43554
-0.52885
-0.47103
-0.069649
0.33487
0.89368
2.1012
2.6761
2.6031
2.8429
3.4206
3.8824
4.0232
4.5597
3.9794
4.0753
4.5222
4.1962
4.5418
4.2884
3.8853
3.5649
3.8895
4.3008
3.2963
2.411
1.8181
1.4835
1.5791
3.7853
4.2221
4.4676
5.5587
6.0044
6.2346
6.5914
6.2065
6.3203
7.0935
6.7143
5.1158
4.7444
4.4664
3.6601
2.665
1.6353
0.6495
0.13994
0.0012016
0
0.019436
0.014909
0.052832
0.029189
0.018961
0.024442
0.0013884
0
0.0080402
0.023387
0.012017
0.0089663
0.0030344
0.80455
0.92641
1.3675
1.2673
1.0696
0.6267
0.40465
0.28545
0.15688
0.030953
0.015557
0
0
0
-0.0014688
0
0
-0.0023528
0
-0.0013657
-0.00044243
-0.18787
-0.33888
-0.97233
-1.3069
-1.6683
-1.8287
-1.5185
-1.0807
-0.14912
0.17999
0.51141
0.8762
0.65403
1.323
1.6027
1.0325
1.2938
1.2358
1.1859
1.2738
1.2274
1.4674
1.7064
1.8173
1.7469
1.1595
0.69755
0.80028
1.2583
2.1755
2.5321
3.4404
4.638
6.1885
5.7613
5.4797
6.1765
6.3702
5.7354
6.1665
7.077
7.5901
7.0582
5.396
4.6785
4.1317
3.0623
2.364
1.1714
0.34233
0.0097816
0.012105
0.031349
0.041084
0.033855
0
0.023425
0.023492
0.018948
0.0025842
0
0.0062746
0
0.0089804
0.06874
0.53013
1.0246
1.4032
1.5405
1.7293
1.1319
0.52066
0.35709
0.32013
0.19767
0.11468
0.099185
0.043561
0
0
0
-7.3405e-05
-0.00014425
-1.5063e-05
0
0
0
-0.037102
-0.095439
-0.95575
-1.1678
-0.42469
0.31589
0.82634
1.156
0.94098
0.63041
0.81037
0.93235
1.4403
2.0895
2.4208
2.4905
2.131
2.3419
2.4709
2.9595
3.1232
3.5659
4.1363
3.4793
2.5674
2.1272
2.6086
3.0769
4.1156
4.7136
5.2147
4.9859
5.1151
4.8604
5.4515
5.8948
6.0089
5.8815
5.4743
5.2137
5.7471
4.9129
4.0585
2.6222
2.0619
1.5591
0.67055
0.10459
0
0.0079083
0.021356
0.0048213
0.0057841
0
0.0029109
0.0021119
0.0017583
0.0017285
0.00075931
0.0011818
0
0.00054463
0.0014416
0.22255
0.067047
0.52357
1.0733
1.4768
1.6879
1.3094
0.86714
0.92081
0.81614
0.59478
0.16737
0.02151
-0.0039197
0.011635
0.0098452
0
0
0.00014527
0.00061949
0.0008205
0
-0.013475
0.018824
0.26569
0.8059
1.1164
1.3073
0.8717
0.7868
1.2917
1.8827
1.9822
1.9509
1.8418
2.2402
2.1364
2.0538
1.717
2.4412
2.6474
2.2623
2.8706
3.5107
4.0988
3.2505
3.299
4.3685
3.8705
3.2908
3.3474
3.8198
4.5818
4.1997
4.3082
4.4836
4.6755
5.8397
5.2966
5.7815
4.3665
4.4624
4.4036
3.0424
2.2036
1.5217
1.0507
0.40506
0
0
0.027718
0.00075852
0.0093157
0.0050018
0.0091844
0.0028342
0.0011525
0
0.00072364
0.00062076
0
-0.0017337
-0.00016039
-0.0060513
-7.2513e-05
-0.005746
-0.011406
-0.2441
-0.036803
-0.043937
0.3971
0.7932
0.77771
0.42562
-0.014607
0.14647
-0.019628
-0.013407
-0.0040562
0
0
0
-0.001805
0
0
-0.00033115
-0.0027371
0
-0.0068344
-0.052551
-0.082901
-0.099316
0.27509
0.38966
0.29038
-0.16994
0.35578
0.97873
1.1053
1.0955
1.1076
1.2422
1.5842
1.4888
1.3756
1.4095
1.4495
1.3754
0.88786
1.8607
2.7938
2.4696
2.8111
2.839
2.8121
3.1344
3.484
3.2335
3.527
3.9427
3.9399
4.2158
4.4786
5.6881
5.1302
5.5826
5.2797
5.243
4.0983
4.1818
3.0395
2.0318
1.6137
0.80089
0.35033
0.010364
0
0.0030453
0.011145
0.0038746
0.013043
0.0015753
0.0017869
0.00065599
0.0015801
0.0006916
0.0022622
-0.0001197
0.00099651
0
-0.0010736
0
-1.6103e-05
1.1573
1.5996
1.6502
1.3415
0.73784
0.21082
0.35738
0.11652
0.085773
0.011247
0.0033725
0.0026967
0.00096088
0
0.0014711
0
0.0017011
0.0004109
0.00060043
0
-0.00092972
-0.0013355
-0.025298
-0.0078095
0.11066
0.57684
0.46353
0.28915
0.10831
0.70602
1.1701
1.3931
1.4435
1.0569
1.5548
1.7444
2.1481
1.4362
2.2306
3.0914
4.0433
3.4779
3.7829
3.8091
4.2184
3.8495
3.1923
3.2734
3.421
3.7352
4.0231
4.3207
4.4717
4.5951
4.4515
5.1595
5.1698
6.1788
6.2255
5.617
5.8293
5.8382
5.1679
4.9523
3.4157
2.1875
1.8058
0.96786
0.43871
0.01765
0
0.032379
0.025034
0
0.011559
0
0.010807
0.00092515
0
0.0033359
0.00052329
0
0.00053313
0.0020647
0.14784
0.080321
0.78868
1.0958
1.5499
1.3125
1.1424
0.60402
0.72318
0.62537
0.42014
0.080008
0.016324
0.024497
0.00048693
0
0.00046433
0
0.00097484
0.0010369
0.0024549
0.0011453
0.00081659
0.00022313
-0.00086431
0.13613
0.073372
-0.74207
-0.61259
-0.013188
0.48421
0.62904
0.61597
0.74869
1.1373
1.2685
0.8905
0.89274
1.2702
1.1288
0.442
1.5964
3.0023
3.0398
2.6951
3.4794
3.3431
3.3452
2.808
2.3256
2.3208
3.237
4.1074
3.9893
4.4108
4.8311
4.9508
5.7085
5.4757
5.2093
4.758
4.0427
3.0297
2.0204
1.1843
0.96972
0.3647
0.0046285
0.01081
0.020264
0.0097131
0.0023901
0.0038497
0.011324
0
0.0016913
0.0010378
0
0.0030197
4.8784e-05
-0.00035287
0.0011902
0
-6.8501e-06
8.9911e-05
0.00068819
0.051712
0.077037
0.43518
0.21375
0.32885
0.34323
0.24313
0.080215
0.011077
0
0
0
0.00025841
-0.00031701
0
-0.0029912
0
-0.0023891
0
-0.00036355
-0.0013216
0
-0.039838
0.058698
0.40315
0.72352
0.84563
0.4383
0.9405
1.5531
2.0449
2.1259
2.1248
1.8291
2.4598
2.8868
2.7548
2.3245
2.4893
2.1136
1.7695
2.2677
3.4202
3.3412
2.9336
2.0861
2.5045
2.806
2.3316
2.3897
2.9845
3.0696
3.2673
3.3616
4.3029
4.1461
5.0218
4.6355
5.0368
4.4473
4.7571
4.0647
3.3375
1.9855
1.5753
0.9862
0.38879
0
0.011808
0
0.011775
0
0.0025662
0.0010239
0.00048614
1.7244e-05
-0.0014365
0
0
-0.001609
-0.00024682
-0.0035998
-0.0016093
-7.6497e-05
-0.0033827
-0.0018749
0
-0.065164
-0.13376
0.18695
0.60568
0.37531
0.49945
0.24061
0.10599
0.055759
0.038994
0
0
0.00075805
0.0017794
0.0012604
0.00042197
0.0016713
0.0011382
0.00086649
0
-0.00038932
-0.0083021
0.013669
0.26232
0.73978
1.2183
1.0965
0.77013
1.5825
1.7326
1.7382
1.5486
1.3291
1.3722
1.6423
1.9385
1.9588
1.9708
1.892
1.8209
1.5586
2.5153
3.4831
3.646
3.7041
3.5629
3.6587
3.045
3.1787
2.3768
2.8639
3.6664
3.6046
4.3345
4.9812
4.9337
5.8135
5.2645
5.704
5.0106
5.0321
4.7453
3.2748
2.3972
1.9436
1.2009
0.37895
0.044279
0.0051189
0.041122
0.0070121
0.0033034
0.0060858
0.0076471
0.0048607
0.0025289
0.00072954
0
0.00065634
0.0010356
0.00025124
0.00041459
0
-0.00032425
1.2265e-05
-0.00070109
0
0.057053
0.14867
0.6848
1.3273
1.0899
0.84349
0.23072
0.1391
0.2588
0.14187
0.089033
0.0050917
0.00827
0.014515
0
0
0
2.8262e-05
-0.00052469
-0.00047037
-6.2594e-05
-0.00034467
0
-0.0063648
-0.084076
-0.074876
0.042453
0.31912
0.52071
0.47645
0.37573
0.86516
1.5302
1.5641
2.0877
1.8363
1.6296
1.4846
2.105
2.253
1.8273
2.4337
3.032
3.2372
2.8972
3.3764
3.6527
3.8894
3.2567
2.7913
2.9168
2.962
3.1982
3.1579
3.1924
2.8866
3.1992
2.8624
3.507
4.7088
5.0299
4.8185
4.7136
3.7968
4.3779
4.3468
3.0751
1.8056
1.4746
0.014958
0.033683
0.0062278
0.01623
0.012787
0.018541
0.01111
0
0.0022593
0.0009318
0
0.0069296
0.00058261
0.0022127
0.00031867
0
0.014064
0.29292
0.1551
1.3425
1.9758
2.1965
1.6772
1.2218
1.2932
1.128
0.90707
0.34567
0.12619
0.0035928
0
0
0
0.0071797
0
0
0.00050257
-0.00021552
0
-0.01307
0.15749
0.53537
0.92502
0.95521
0.61628
0.53077
1.2598
1.5097
1.6749
2.1805
2.0258
2.5602
2.4221
2.3644
2.5995
2.2306
1.9796
1.8924
2.7274
4.0171
4.2581
4.3237
4.0011
4.9019
4.1713
4.1383
3.4813
4.0518
3.9169
4.0029
4.334
4.6372
5.2615
5.4582
5.7268
5.5544
5.3771
4.9884
4.5397
3.5436
2.0703
1.775
0.92058
0.43218
0.0186
0.014133
0.002991
0.025975
0.014697
0.0082945
0
0.0059741
0.00012019
0.0011062
0.00028405
0.00032927
0
0.00078238
-2.1161e-05
-0.00091818
0
-0.0013106
0.0038933
0.13028
0.83228
1.0501
0.84091
0.51283
0.54937
0.53072
0.21838
0.065134
0.0081331
0.00031115
0
0
0.00023548
-0.00025488
-0.00035604
-0.00020027
0
-0.0014107
0
-0.00031534
-0.00043097
-0.00048402
-0.038926
-0.1078
0.06658
0.35059
0.42781
0.031331
-0.00068133
0.54567
0.96802
0.90274
1.2238
1.4713
1.5941
1.9749
1.6348
1.3719
1.3906
1.2785
1.065
2.0716
2.8501
3.0282
2.8598
3.1021
3.794
3.1604
2.2431
2.546
2.2184
3.296
3.6087
3.8474
3.8676
3.548
3.535
4.3055
4.0054
4.2604
5.2437
4.6367
5.0181
5.0922
3.7353
3.8847
3.0381
1.902
1.1922
0.73917
0.31862
0.0059463
0.0017652
0.0014342
0.026362
0
0.0069959
0.00093121
0.0032737
0.0014391
0.00068364
0.0028574
0
-0.00044254
-0.00038959
0.00063538
-0.0011861
0
-0.0002843
0.0045924
0.060282
0.091597
0.57169
1.1406
1.4555
1.469
0.94508
0.39484
0.37717
0.3094
0.19071
0.071743
0.016428
0.012592
0
0
0.0012518
0
0.001305
0.00029579
0
0.00024306
-5.2588e-06
0
-0.0048714
0
-0.035184
0.025416
0.23952
0.58894
0.62373
0.62802
1.0977
1.4428
1.6872
1.3734
1.3098
1.4623
1.947
1.8883
1.8427
1.9421
1.7917
1.6629
1.2183
2.5322
3.5627
3.9542
3.6145
3.2619
3.271
3.0881
2.8517
2.5091
2.7557
3.3276
3.2499
3.3303
3.7775
3.5457
3.4973
4.2433
4.7951
5.0004
5.3358
5.2183
4.9441
4.9113
5.2709
4.7094
3.7104
2.3976
1.8097
1.0242
0.54717
0.012127
0
0.028264
0.010585
0
0.0043868
0.00067286
0.01263
0.0039896
0.00094659
0.0046991
0.0010563
7.9922e-05
6.3397e-05
0.00064359
0.00035207
0.0029386
0
0.012787
0
0.25601
0.29633
0.74959
1.1873
1.3612
1.419
1.4255
1.2919
1.3697
0.91454
0.4404
0.11532
0.11517
0.021659
0
0
0.0037024
0.00093987
0
0.004031
0
0.0025478
0.0056417
0.00052674
-0.022391
-0.095232
-0.038151
0.3393
0.73453
0.76376
0.37545
0.94608
1.5793
1.4437
1.3443
1.3625
1.2277
0.96757
1.155
1.1815
0.84539
1.3712
2.0128
1.6926
1.2255
2.303
3.2392
3.1226
3.192
2.8275
2.4529
2.0051
2.0476
2.033
2.1154
2.0478
2.2584
2.5353
2.9394
2.6037
3.0293
3.9502
4.6334
4.3727
4.4315
4.1004
4.2008
4.4072
4.1863
3.0654
1.7328
1.3247
1.0076
0.42195
0.060319
0.0056217
0.0074186
0.0037342
0.0047141
0.0078469
0.0061553
0
0.0029691
0
0
5.5835e-05
-0.00020709
0
0.0023012
0
-0.0002996
-4.5473e-05
-0.001381
0
0.18529
0.36576
0.94783
1.6131
1.3036
0.95479
0.40892
0.62455
0.52983
0.28165
0.055686
0.003818
0.017629
0.0069309
0.00014774
0
9.4498e-05
0
0
0
0.0001778
-9.3475e-05
-6.491e-05
-0.0043726
-0.0061826
-0.055338
-0.035001
0.23395
0.44377
0.54983
-0.082749
0.099198
0.67593
1.0649
1.3181
1.4096
1.7121
1.9585
2.1989
2.0409
1.7551
2.1638
2.1675
2.2437
2.4815
3.4748
3.6926
3.3114
3.6427
3.6773
3.6907
2.8919
2.7
2.639
3.0882
3.4585
3.3824
4.0313
3.8473
4.2706
4.4759
4.2852
5.5509
5.3381
4.8174
4.9961
4.8624
4.5902
4.8628
3.585
3.3504
2.4518
1.4701
0.90615
0.23569
0.051802
0.01318
0.027559
0.012719
0.015019
0.012787
0.0024617
0.0018535
0.00046716
-0.00014616
0
-0.00085496
-0.0015976
0
-0.001171
-0.0046686
-0.00092761
0.0093343
0.067697
0.38451
0.97165
1.283
1.8223
1.8986
1.4668
1.3773
0.75485
0.33139
0.068426
0.060136
0.016947
0
0.00010572
0
0
0
0.00093334
0
0.00011202
0
0
0
-0.0035646
-0.0060591
0.01342
-0.039632
0.20902
0.7551
1.7306
1.6556
2.5667
3.1369
2.0729
1.8823
2.1001
2.9326
3.8472
3.8232
3.6088
4.0999
3.6396
3.5907
3.2366
4.1019
4.0644
3.8092
3.9389
4.0233
4.1223
4.1043
3.6676
3.4459
3.1017
2.9543
2.9769
3.4693
3.9291
3.6832
3.9193
4.6185
5.3283
5.9771
6.3156
6.0167
5.5545
6.2802
5.6107
5.3265
4.6359
3.0258
2.7787
2.6135
2.1612
1.2308
0.30591
0.031098
0.0038062
0.010334
0.0062146
0.00011718
0.00012492
0
0.0012381
0
-0.0052131
-0.0035719
-0.0025072
-0.0076007
-0.00080877
-0.0023656
-0.0075596
-0.14591
-9.982e-05
0.04068
0.19046
0.57894
0.87316
1.0628
0.73908
0.50397
0.11704
-0.050811
0.053382
0.10094
0.17828
0.057147
0.019849
0.0085133
0
0.0027198
0.0051854
0.010656
0.038221
0.013192
0.046332
0.052716
0.080889
0.39896
0.85368
1.4803
2.0995
2.3402
2.3777
2.8651
2.5061
2.6546
2.7759
2.8839
3.7087
3.9462
4.0223
4.1909
3.7876
4.5006
4.4525
3.9658
4.0713
3.3278
3.7415
4.3723
3.5806
2.8288
2.745
2.1716
1.6679
1.4385
1.6755
1.8008
1.5137
1.4054
1.6761
1.8027
2.5899
3.0217
3.6664
3.3384
2.8589
2.1379
2.4413
2.7548
3.377
3.2581
2.6608
2.1408
1.4788
1.1155
0.94711
0.4755
0.12766
0
0.018158
0.0071654
0
0.0065641
0.013899
0
0.0055874
0.0016776
0
0.0049356
0.011448
0.016588
0.0044585
0.00040217
0.010319
0.0013176
0
0.013494
0.16933
0.48967
1.1491
1.1457
0.83739
0.50431
0.52802
0.56676
0.52289
0.46177
0.39228
0.23545
0.20647
0.26894
0.29248
0.1485
0.020075
0.0057401
0.034518
0.073715
0.10395
0.095444
0.093906
0.093529
0.18063
0.14857
0.1485
0.19924
0.29322
0.41074
0.52461
0.51429
0.66567
0.715
0.88818
1.0598
1.1958
1.0753
1.1703
1.0691
1.0225
1.1284
0.945
0.91929
0.62184
0.57848
0.52643
0.47179
0.53419
0.50818
0.47848
0.52489
0.545
0.4983
0.53291
0.51408
0.58793
0.58447
0.56248
0.64373
0.6013
0.71069
0.64971
0.62281
0.67718
0.70321
0.64777
0.71714
0.80299
0.75788
0.78666
0.71873
0.68985
0.60152
0.6179
0.6434
0.59933
0.60565
0.70568
0.6541
0.7149
0.70597
0.63348
0.69386
0.63826
0.71614
0.69738
0.66102
0.75083
0.74432
0.75801
0.8434
0.75032
0.81952
0.82984
0.71043
0.69238
0.70438
0.65223
0.73156
0.69495
0.774
0.6559
0.68369
0.68353
0.66066
0.66498
0.72471
0.75573
0.70446
0.7656
0.66987
0.73834
0.7044
0.70117
0.75762
0.74143
0.73237
0.79591
0.76761
0.84105
0.78987
0.77624
0.78532
0.82327
0.72265
0.81809
0.72537
0.85072
0.8079
0.8035
0.84655
0.76511
0.84046
0.80388
0.74969
0.83226
0.77954
0.82234
0.85361
0.80349
0.77426
0.87227
0.77499
0.84361
0.75171
0.84128
0.77577
0.76673
0.83375
0.80246
0.88818
0.85153
0.77208
0.89048
0.81862
0.82326
0.88615
0.90447
0.83169
0.92016
0.81627
0.89806
0.83903
0.84868
0.91803
0.83829
0.87647
0.80682
0.89988
0.80315
0.81337
0.89579
0.84145
0.79965
0.87326
0.78941
0.79913
0.87392
0.80557
0.82746
0.89649
0.81741
0.89101
0.82844
0.90209
0.84279
0.91698
0.90478
0.90787
0.81707
0.82193
0.89397
0.8315
0.89698
0.78274
0.87303
0.84777
0.86512
0.89138
0.81798
0.80796
0.88219
0.81752
0.86296
0.8896
0.90282
0.89566
0.82564
0.81015
0.88716
0.78586
0.87722
0.81938
0.86914
0.81167
0.8298
0.87605
0.94184
0.84446
0.8471
0.90127
0.8258
0.90995
0.75653
0.89717
0.87041
0.82896
0.81856
0.81686
0.79186
0.88911
0.82326
0.90614
0.90785
0.88549
0.82428
0.89878
0.84179
0.89096
0.81479
0.91241
0.83317
0.83269
0.9196
0.82146
0.9184
0.83935
0.82814
0.89581
0.90609
0.83233
0.91742
0.85712
0.84028
0.92001
0.85102
0.92389
0.89871
0.94011
0.86178
0.83019
0.9277
0.85231
0.79863
0.84071
0.92624
0.84914
0.8714
0.88064
0.82921
0.91059
0.87199
0.9519
0.844
0.95753
0.87342
0.86519
0.94327
0.85506
0.83846
0.96433
0.84241
0.94185
0.85784
0.83339
0.93358
0.94234
0.83985
0.93055
0.84768
0.94605
0.9064
0.93733
0.902
0.84335
0.92148
0.84907
0.92452
0.94717
0.87243
0.94196
0.95204
0.82712
0.91784
0.92082
0.86914
0.91943
0.89177
0.9475
0.92372
0.93122
0.97769
0.85391
0.94213
0.9706
0.93704
0.94514
0.95367
0.84419
0.96672
0.84906
0.83987
0.92569
0.85396
0.9181
0.94198
0.87847
0.92964
0.83817
0.95636
0.84086
0.86986
0.95045
0.85277
0.88894
0.96907
0.95361
0.86281
0.97559
0.9167
0.93374
0.89445
0.96885
0.88614
0.87413
0.90638
0.95722
0.90683
0.97119
0.96249
0.89114
0.97092
0.90512
0.93224
0.95728
0.93105
0.94387
0.94245
0.85135
0.92749
0.86079
0.95172
0.88984
0.87588
0.89457
0.97078
0.85972
0.92013
0.87042
0.9604
0.88364
0.94189
0.92452
0.88183
0.8572
0.94635
0.86334
0.95248
0.8938
0.92383
0.94494
0.92045
0.85102
0.95395
0.86546
0.92936
0.97246
0.94499
0.90532
0.88177
0.83287
0.94727
0.86574
0.8857
0.91627
0.8449
0.95068
0.90077
0.90166
0.89177
0.886
0.88934
0.95225
0.89498
0.87915
0.94337
0.88889
0.96958
0.8863
0.9837
0.94637
0.88867
0.99597
0.88339
0.87358
0.97262
0.84419
0.88843
0.93509
0.87749
0.85462
0.94904
0.86629
0.96487
0.85194
0.95015
0.87456
0.94666
0.97346
0.91224
0.85144
0.93929
0.87688
0.95638
0.94472
0.89763
0.95285
0.9847
0.92128
0.98506
0.91222
1.0122
0.88638
0.88789
0.94636
0.86099
0.90348
0.97324
0.85845
0.97113
0.86308
0.86794
0.93944
0.87977
0.85167
0.98166
0.87223
0.97546
0.87658
0.86078
0.87949
0.89034
0.97104
0.9424
0.8818
0.98441
0.86698
0.98813
1.0032
0.9049
0.87299
0.98797
0.89018
0.93896
0.89264
0.97671
0.90269
0.93029
0.96639
0.85423
0.97018
0.87044
0.84765
0.97761
0.83679
0.88386
0.97904
0.93378
0.8086
0.97554
0.83736
0.95032
0.84848
0.95859
0.87596
0.89401
0.97561
0.93058
0.89719
1.0175
0.87732
1.0267
1.0188
0.93279
0.90548
1.002
0.90453
0.98039
0.87557
1.0058
0.86097
0.99073
0.97952
0.94927
0.87883
0.96547
0.97189
0.87352
0.96633
0.90419
0.95065
0.88361
0.96913
0.87083
0.94408
1.0045
0.95775
0.89766
0.98993
0.90534
0.90991
1.0378
0.9439
0.92651
1.0195
0.94408
0.99756
0.93089
1.0117
0.91715
0.93481
0.91362
0.94781
0.88311
0.95276
0.91703
0.88272
0.96133
0.84082
0.87803
0.9674
0.86631
0.97508
0.87813
0.96111
0.90004
0.92004
0.99681
0.96612
0.93342
0.9227
0.98677
0.92065
1.0191
0.91436
1.0036
0.93348
0.89797
1.0089
0.90696
0.98159
0.8819
0.89922
0.96014
0.87443
0.85617
0.98324
0.82731
0.84149
0.9497
0.8657
0.95951
0.82165
0.93342
0.91314
0.85682
0.96316
0.85541
0.83734
0.97312
0.87816
0.93569
0.98353
0.87898
0.91271
0.97664
0.92663
1.0036
0.87015
1.0047
0.8999
0.92229
1.0183
0.89311
0.85169
0.87642
0.87875
0.82667
0.90205
0.86629
0.95562
0.87745
0.91507
0.94999
0.89349
0.97525
0.87383
0.91272
1.0074
0.89752
1.0181
0.91024
0.99769
0.9212
1.0422
1.0084
1.0269
0.90118
1.0157
0.92465
1.004
0.93932
0.92623
0.91373
0.94929
0.88449
0.988
0.82918
0.97877
0.87168
0.94749
0.86158
0.87492
0.92171
0.97734
0.95973
0.97085
0.8676
0.89646
1.0135
0.911
0.91476
1.0031
0.90237
1.0489
0.94157
1.043
0.94449
0.93298
0.96302
1.0278
0.9048
0.98865
1.0203
0.90516
0.97365
0.95913
0.98971
0.93258
0.87974
0.98061
0.85208
0.96291
0.94889
0.83162
0.95013
0.94874
0.82923
0.94772
0.86967
0.87931
1.0126
0.91471
1.0205
0.91876
1.0526
1.046
0.95086
1.0611
1.0707
0.91658
1.0581
0.93395
0.94124
0.9665
0.93537
0.89658
0.96155
0.87984
0.9377
0.83327
0.97339
0.87271
0.9795
0.90158
0.98384
0.8747
0.85618
0.97793
0.89108
0.95892
0.94867
0.95778
0.94253
0.9154
1.0645
0.90984
0.95334
1.0596
1.0424
1.0514
1.0679
0.99192
0.97203
1.0495
0.96717
1.0221
1.0904
1.0229
1.0039
0.92762
0.99764
0.946
0.90032
0.89106
0.98126
0.85378
0.98136
0.86289
0.967
0.8937
0.99834
0.91637
0.89879
1.0075
0.98571
0.91764
1.0146
0.93889
0.92287
1.0347
0.95803
0.98113
1.0444
0.90482
1.0348
0.90785
0.99054
0.92493
0.92297
1.0179
0.99531
0.99206
0.97389
0.88867
0.98585
0.98667
0.89323
0.93733
0.92729
0.86213
0.97303
0.83731
0.98179
0.94964
0.89616
1.0366
0.9221
1.0286
0.95391
1.0539
1.0516
0.96323
0.96797
1.0219
0.95642
1.0196
1.0452
0.90766
