-0.23516
-0.22969
-0.23091
-0.23869
-0.24082
-0.23928
-0.23745
-0.23752
-0.23296
-0.23566
-0.2274
-0.24063
-0.24029
-0.23987
-0.23191
-0.23239
-0.23879
-0.23778
-0.2423
-0.23486
-0.23733
-0.23924
-0.23482
-0.2398
-0.23344
-0.24206
-0.2334
-0.23752
-0.22728
-0.23487
-0.23831
-0.23366
-0.23929
-0.23589
-0.23119
-0.23933
-0.23755
-0.23688
-0.24225
-0.2373
-0.23452
-0.2405
-0.24134
-0.23741
-0.23787
-0.24214
-0.23641
-0.24005
-0.24004
-0.23842
-0.23819
-0.23999
-0.23239
-0.23778
-0.23695
-0.23805
-0.23463
-0.23982
-0.23346
-0.23199
-0.24011
-0.22461
-0.24061
-0.23636
-0.23339
-0.24015
-0.23628
-0.23879
-0.23802
-0.23394
-0.23755
-0.23811
-0.22645
-0.2346
-0.23551
-0.23134
-0.24215
-0.2388
-0.23843
-0.23941
-0.23833
-0.24066
-0.2412
-0.2358
-0.24199
-0.2361
-0.23241
-0.23917
-0.23925
-0.22504
-0.24356
-0.23821
-0.24105
-0.23306
-0.23535
-0.23196
-0.2403
-0.23925
-0.23758
-0.2384
-0.22676
-0.23674
-0.23815
-0.23536
-0.23711
-0.23711
-0.23286
-0.23772
-0.23167
-0.23752
-0.24429
-0.23589
-0.23846
-0.23325
-0.23038
-0.23465
-0.2384
-0.23273
-0.23928
-0.23549
-0.23581
-0.23631
-0.23308
-0.23374
-0.23768
-0.228
-0.23395
-0.23819
-0.23454
-0.23799
-0.23785
-0.23548
-0.23718
-0.23697
-0.24174
-0.2373
-0.23407
-0.23908
-0.23537
-0.2322
-0.23525
-0.23755
-0.24148
-0.23703
-0.23746
-0.2415
-0.23802
-0.2379
-0.23759
-0.23087
-0.23523
-0.23998
-0.22565
-0.23156
-0.23863
-0.23068
-0.23358
-0.23864
-0.23782
-0.23126
-0.24106
-0.23645
-0.24003
-0.23668
-0.23728
-0.23024
-0.23787
-0.23471
-0.23841
-0.24264
-0.23669
-0.23832
-0.22908
-0.23834
-0.23744
-0.23945
-0.22885
-0.23926
-0.23845
-0.23288
-0.23855
-0.23804
-0.23647
-0.23956
-0.24043
-0.23326
-0.23601
-0.23075
-0.24012
-0.23895
-0.23882
-0.2374
-0.2326
-0.23819
-0.23672
-0.23858
-0.23409
-0.23917
-0.2371
-0.22493
-0.23455
-0.23943
-0.24248
-0.23954
-0.23881
-0.23974
-0.23659
-0.23962
-0.23792
-0.24108
-0.23882
-0.23888
-0.23931
-0.24142
-0.23608
-0.23237
-0.2391
-0.23821
-0.24376
-0.24138
-0.23111
-0.23837
-0.23197
-0.23783
-0.23962
-0.23549
-0.23979
-0.2384
-0.2369
-0.23736
-0.23767
-0.2339
-0.23978
-0.23643
-0.23498
-0.23701
-0.2345
-0.24057
-0.23526
-0.23945
-0.24139
-0.23984
-0.2419
-0.2446
-0.24163
-0.23943
-0.24302
-0.23796
-0.23802
-0.23094
-0.23208
-0.23842
-0.23858
-0.23135
-0.23592
-0.23973
-0.23748
-0.23221
-0.23026
-0.23985
-0.22878
-0.23481
-0.23807
-0.23263
-0.24069
-0.24077
-0.23683
-0.23682
-0.23141
-0.23378
-0.23826
-0.23468
-0.23944
-0.2382
-0.23664
-0.23673
-0.23559
-0.23271
-0.24031
-0.2419
-0.23601
-0.23978
-0.2373
-0.23276
-0.23825
-0.22605
-0.23436
-0.23785
-0.2428
-0.23772
-0.23719
-0.23397
-0.23754
-0.24518
-0.24288
-0.23803
-0.22727
-0.23191
-0.23219
-0.22823
-0.2321
-0.23494
-0.22707
-0.23157
-0.23784
-0.23852
-0.23593
-0.23757
-0.23845
-0.23355
-0.23197
-0.23841
-0.23595
-0.23274
-0.23565
-0.23205
-0.24406
-0.23841
-0.23389
-0.23396
-0.2333
-0.23764
-0.23208
-0.23629
-0.23362
-0.23527
-0.23628
-0.24247
-0.23568
-0.24187
-0.24057
-0.23983
-0.23389
-0.22986
-0.23643
-0.24249
-0.24235
-0.231
-0.23945
-0.24399
-0.23926
-0.22527
-0.23315
-0.23624
-0.2403
-0.23172
-0.23324
-0.23836
-0.23688
-0.23672
-0.23441
-0.23275
-0.22745
-0.23687
-0.23838
-0.24281
-0.23694
-0.2392
-0.23693
-0.24036
-0.23766
-0.24186
-0.23496
-0.23055
-0.24225
-0.23207
-0.2386
-0.23836
-0.23991
-0.23721
-0.23921
-0.22808
-0.22841
-0.23998
-0.2389
-0.23736
-0.23836
-0.23726
-0.23628
-0.23746
-0.23445
-0.23915
-0.2355
-0.23166
-0.23246
-0.23459
-0.22931
-0.23931
-0.24113
-0.23516
-0.23697
-0.23519
-0.23145
-0.23633
-0.2378
-0.24061
-0.23508
-0.24106
-0.23755
-0.23954
-0.2394
-0.23595
-0.23255
-0.24109
-0.2414
-0.23826
-0.24341
-0.23867
-0.2384
-0.23173
-0.2315
-0.23681
-0.23531
-0.24068
-0.2351
-0.23654
-0.23157
-0.22837
-0.23772
-0.24003
-0.23181
-0.23841
-0.23723
-0.23237
-0.23785
-0.22544
-0.23871
-0.24319
-0.2385
-0.23669
-0.23124
-0.23224
-0.23151
-0.23704
-0.2305
-0.23733
-0.23483
-0.2365
-0.23408
-0.23798
-0.23795
-0.23165
-0.23192
-0.23488
-0.23218
-0.23509
-0.23903
-0.23023
-0.23553
-0.23655
-0.2345
-0.22765
-0.2362
-0.24308
-0.2347
-0.23939
-0.23475
-0.23747
-0.23585
-0.23537
-0.23707
-0.24017
-0.23741
-0.23788
-0.23203
-0.22919
-0.23823
-0.23268
-0.23559
-0.23791
-0.23253
-0.23865
-0.22944
-0.23839
-0.23653
-0.23155
-0.23835
-0.23975
-0.23607
-0.23924
-0.23831
-0.24016
-0.23146
-0.23371
-0.22592
-0.24232
-0.24013
-0.23897
-0.24022
-0.22738
-0.22836
-0.24141
-0.23215
-0.23036
-0.23775
-0.23743
-0.23027
-0.23986
-0.23805
-0.24216
-0.24143
-0.22904
-0.23745
-0.2384
-0.23217
-0.22642
-0.2381
-0.23755
-0.23825
-0.24153
-0.239
-0.23699
-0.23878
-0.23756
-0.23708
-0.24029
-0.23598
-0.23962
-0.23042
-0.23759
-0.23834
-0.23375
-0.2374
-0.23882
-0.2329
-0.23813
-0.2415
-0.23361
-0.24271
-0.23745
-0.23501
-0.24146
-0.2405
-0.23788
-0.23598
-0.2289
-0.23885
-0.23682
-0.23584
-0.24065
-0.2371
-0.23694
-0.23228
-0.23607
-0.23126
-0.23251
-0.24146
-0.23936
-0.23566
-0.24029
-0.23786
-0.23589
-0.23885
-0.23235
-0.23564
-0.23455
-0.23039
-0.2409
-0.23749
-0.23689
-0.23216
-0.23866
-0.23584
-0.23669
-0.23349
-0.23512
-0.23209
-0.24157
-0.23814
-0.23662
-0.23902
-0.23181
-0.23652
-0.2389
-0.23131
-0.23449
-0.24095
-0.23892
-0.23208
-0.23701
-0.23744
-0.22825
-0.23083
-0.23473
-0.23818
-0.24002
-0.23726
-0.23183
-0.23808
-0.23725
-0.23818
-0.24069
-0.23895
-0.23871
-0.24153
-0.23983
-0.23289
-0.24171
-0.23366
-0.23114
-0.23689
-0.23787
-0.23138
-0.23514
-0.23736
-0.23823
-0.23575
-0.23388
-0.23778
-0.23751
-0.24028
-0.23835
-0.23297
-0.23789
-0.24131
-0.23651
-0.2383
-0.23886
-0.24317
-0.22681
-0.24155
-0.23793
-0.23289
-0.23771
-0.24173
-0.23729
-0.23572
-0.23928
-0.23694
-0.23425
-0.2355
-0.23921
-0.24106
-0.23446
-0.23923
-0.24082
-0.23266
-0.23697
-0.23828
-0.24088
-0.23688
-0.24147
-0.23772
-0.24027
-0.23064
-0.24486
-0.23838
-0.23532
-0.23813
-0.22961
-0.23863
-0.23856
-0.23963
-0.23637
-0.23787
-0.23976
-0.23599
-0.23279
-0.22981
-0.23061
-0.23807
-0.24146
-0.23813
-0.24075
-0.23227
-0.2273
-0.23767
-0.23764
-0.23542
-0.2428
-0.23521
-0.23571
-0.2329
-0.23131
-0.23557
-0.23059
-0.23592
-0.23446
-0.23363
-0.23443
-0.23912
-0.2302
-0.23903
-0.23842
-0.23786
-0.2317
-0.23251
-0.23877
-0.23945
-0.23286
-0.23384
-0.23783
-0.24311
-0.23553
-0.23805
-0.23977
-0.23785
-0.24072
-0.23153
-0.24014
-0.23964
-0.24258
-0.23708
-0.23433
-0.23402
-0.23099
-0.2358
-0.23286
-0.23835
-0.23677
-0.23736
-0.24078
-0.23687
-0.2378
-0.23783
-0.23961
-0.2307
-0.23815
-0.23805
-0.22909
-0.23496
-0.23325
-0.22659
-0.22563
-0.23775
-0.23849
-0.23116
-0.23149
-0.23895
-0.23106
-0.2366
-0.24405
-0.23862
-0.23746
-0.23666
-0.23754
-0.23954
-0.23668
-0.2384
-0.23938
-0.236
-0.23473
-0.23127
-0.23591
-0.23266
-0.23006
-0.23772
-0.22706
-0.23588
-0.23642
-0.24389
-0.22725
-0.23701
-0.23835
-0.23242
-0.22854
-0.23977
-0.23591
-0.24194
-0.23659
-0.23428
-0.23387
-0.23855
-0.23515
-0.23346
-0.24207
-0.23667
-0.23919
-0.23388
-0.23993
-0.23705
-0.23827
-0.23986
-0.23643
-0.24014
-0.23792
-0.23042
-0.23746
-0.23834
-0.23205
-0.23236
-0.23697
-0.23748
-0.23711
-0.23606
-0.23545
-0.2306
-0.23802
-0.23753
-0.24118
-0.23802
-0.23814
-0.2285
-0.24154
-0.23751
-0.24306
-0.23435
-0.23232
-0.24297
-0.23837
-0.23484
-0.23255
-0.24007
-0.23132
-0.24
-0.23955
-0.22942
-0.23989
-0.23743
-0.23522
-0.23596
-0.23469
-0.22682
-0.23875
-0.23884
-0.23167
-0.23922
-0.23533
-0.23941
-0.23767
-0.2326
-0.23464
-0.23385
-0.24245
-0.23455
-0.23358
-0.23121
-0.23694
-0.23702
-0.23581
-0.2379
-0.23949
-0.23037
-0.23635
-0.23777
-0.23701
-0.239
-0.23823
-0.23825
-0.2419
-0.23899
-0.23904
-0.23453
-0.2373
-0.23743
-0.2354
-0.24491
-0.23232
-0.2395
-0.2367
-0.23882
-0.23147
-0.23702
-0.23591
-0.23111
-0.2376
-0.23742
-0.23124
-0.23835
-0.23283
-0.23419
-0.23602
-0.23331
-0.2321
-0.22736
-0.23856
-0.23758
-0.23215
-0.23705
-0.24066
-0.236
-0.23849
-0.23052
-0.23561
-0.23426
-0.23742
-0.24048
-0.23859
-0.24145
-0.23713
-0.23576
-0.23875
-0.23191
-0.22997
-0.23731
-0.23036
-0.22947
-0.23428
-0.23972
-0.24
-0.2368
-0.23957
-0.24172
-0.23884
-0.23946
-0.23899
-0.23937
-0.23231
-0.23829
-0.22749
-0.23925
-0.24037
-0.23462
-0.23255
-0.23425
-0.23764
-0.23159
-0.23888
-0.23209
-0.23635
-0.23717
-0.23057
-0.23815
-0.23754
-0.22701
-0.23979
-0.23383
-0.23353
-0.24359
-0.23309
-0.23793
-0.2289
-0.23318
-0.23943
-0.23973
-0.23786
-0.23686
-0.23949
-0.23434
-0.23825
-0.23205
-0.2379
-0.23766
-0.23825
-0.24068
-0.23653
-0.23832
-0.23051
-0.23754
-0.23594
-0.22598
-0.23864
-0.23977
-0.23435
-0.23379
-0.24182
-0.23949
-0.23274
-0.24074
-0.23603
-0.24003
-0.24371
-0.23562
-0.23434
-0.23688
-0.23452
-0.23925
-0.23957
-0.23531
-0.24464
-0.22736
-0.23995
-0.22928
-0.23684
-0.23986
-0.24111
-0.2312
-0.23876
-0.23709
-0.23573
-0.23772
-0.23985
-0.23945
-0.2327
-0.23795
-0.24134
-0.23469
-0.23646
-0.23608
-0.24031
-0.23177
-0.24011
-0.23929
-0.23743
-0.23729
-0.23638
-0.22627
-0.24742
-0.25951
-0.27169
-0.26443
-0.19624
-0.19295
-0.19251
-0.17733
-0.1483
-0.15053
-0.1354
-0.12939
-0.13708
-0.12729
-0.14434
-0.13482
-0.13544
-0.14878
-0.15161
-0.17866
-0.23527
-0.28738
-0.31449
-0.32285
-0.35631
-0.47868
-0.90179
-1.0948
-1.1974
-1.0788
-1.1506
-1.1738
-1.2216
-1.2935
-1.2182
-1.2073
-1.1796
-1.1562
-1.2688
-1.3131
-1.3512
-1.3925
-1.4551
-1.4083
-1.4715
-1.4719
-1.4154
-1.4496
-1.3818
-1.259
-0.85855
-0.74042
-0.18132
-0.028209
0.041043
0.090862
0.083103
0.08122
0.071587
-0.015688
0.026028
-0.014077
-0.96306
-1.0786
-1.2097
-1.3123
-1.2406
-1.2745
-1.0833
-0.97721
-0.89978
-0.86214
-0.76803
-0.28664
-0.058663
-0.0026129
0.00172
-0.0015623
0.00052332
0.0015853
0.0039831
0.0011571
0.0095521
0.0044272
0.0089052
0.0054477
0.00319
0.0077427
0.0067698
0.0050481
0.0086848
0.0099487
-0.0082278
-0.16443
-0.2893
-0.57888
-0.55854
-0.42754
-0.3527
-0.21684
-0.059941
0.035854
0.050479
0.056528
0.018124
0.016389
0.021398
0.02215
0.024356
0.012108
0.015378
0.011649
0.01891
0.071875
0.11827
0.1469
0.1464
-0.34642
-0.38767
-0.77414
-0.84951
-1.1611
-1.3329
-1.3723
-1.4474
-1.4565
-1.4346
-1.3917
-1.3596
-1.3059
-1.3643
-1.3755
-1.3991
-1.3013
-1.1976
-0.98366
-0.94303
-0.76586
-0.55852
-0.47874
-0.51392
-0.56046
-0.62897
-1.1092
-1.1675
-1.1344
-1.0988
-1.0937
-1.1874
-1.0936
-0.89637
-0.5146
-0.54684
-0.33542
-0.050211
0.023069
0.038676
-0.0011078
-0.00052392
-0.00021941
-0.0011674
0.0025427
-0.00019533
0.004252
-0.0025026
0.0021096
0.00077774
0.0030726
0.00094352
-0.0050451
-0.0091979
0.0041066
0.004746
0.00235
0.0040231
0.0064463
-0.022626
-0.11686
-0.34649
-0.50792
-0.79028
-0.80526
-0.44846
-0.29128
-0.086522
-0.047684
-0.003959
0.019668
0.048869
0.032422
0.03455
0.041698
0.03417
0.053666
0.058416
0.063299
0.067588
0.018665
-0.14587
-0.50873
-0.90113
-0.83903
-0.87625
-1.0481
-1.2168
-1.0266
-1.0698
-1.0779
-1.2612
-1.3189
-1.4265
-1.4509
-1.3744
-1.2606
-1.2744
-1.1869
-1.168
-1.1298
-1.0517
-1.0263
-0.71722
-0.33556
-0.32449
-0.35788
-0.43869
-0.5775
-0.73841
-0.84683
-0.92025
-1.0365
-1.1241
-1.0764
-1.0823
-0.94102
-0.99449
-1.1221
-1.15
-1.0612
-0.54021
-0.43697
-0.2213
0.022192
0.067881
0.029244
0.0053168
-0.0012673
0.00092138
-0.006291
-0.0025618
-0.0031142
-0.00041077
-0.00278
0.0043255
0.0039529
0.00051164
0.0059558
-0.0037042
-0.0033661
-0.0064825
0.0035748
-0.0032491
0.0021807
0.0044422
-0.39684
-0.36345
-0.60774
-0.76759
-0.73826
-0.47797
-0.16411
-0.076401
-0.042917
-0.021398
-0.0090677
0.041553
0.025542
0.035854
0.039004
0.060502
0.070228
0.091291
0.090359
0.095467
0.01333
-0.24153
-0.69805
-0.88335
-0.78903
-0.76421
-1.0377
-1.0793
-1.0339
-0.9881
-1.0452
-1.1379
-1.3475
-1.4608
-1.405
-1.3173
-1.2733
-1.2141
-1.1113
-1.0407
-0.95388
-0.95125
-0.78145
-0.44719
-0.31231
-0.33092
-0.25851
-0.29213
-0.5107
-0.64812
-0.74528
-0.87519
-1.0072
-1.0295
-1.0351
-1.063
-1.0072
-1.088
-1.0449
-1.0048
-1.0576
-0.5862
-0.56063
-0.34084
-0.022692
0.054464
0.033947
0.015504
-0.001386
0.0019225
-0.0032311
-0.0075524
0.00079869
-0.0063969
-0.0074253
-0.0050036
-0.0058157
-0.0043464
-0.006682
-0.0091817
-0.0073969
-0.0015279
0.0056386
-0.00057717
0.00036424
0.0016435
0.073693
-0.048875
-0.19085
-0.31947
-0.32999
-0.58687
-0.34164
-0.29069
-0.11807
-0.036972
-0.015682
0.00099448
0.028586
0.047102
0.063622
0.078828
0.099656
0.10462
0.06755
0.070966
0.085743
0.089079
-0.094799
-0.28236
-0.55821
-0.73581
-0.74294
-0.70607
-0.92048
-0.82894
-0.82472
-0.85658
-0.95584
-1.1451
-1.1937
-1.1893
-1.173
-1.1138
-1.0135
-0.90604
-0.90353
-0.82722
-0.85637
-0.77272
-0.62627
-0.56348
-0.50285
-0.36234
-0.2127
-0.34996
-0.64568
-0.80584
-0.8891
-1.025
-1.0243
-0.98895
-1.0544
-1.0954
-1.0638
-1.1194
-1.1658
-1.1131
-0.68583
-0.68473
-0.53576
-0.19291
0.0048882
0.04154
0.013303
-0.00069642
0.0017623
-0.012078
-0.011395
-0.0053031
-0.0083319
-0.012248
-0.0051233
-0.0084327
-0.0074948
-0.0085338
-0.0072058
-0.0059731
0.00019928
0.0015952
-0.0010891
-0.006839
-0.00015089
0.052254
0.12798
-0.037398
-0.16323
-0.20175
-0.18849
-0.22053
-0.3778
-0.0042072
-0.025397
0.02975
0.029939
0.04343
0.062361
0.078515
0.080107
0.076102
0.07885
0.086477
0.080441
0.078793
0.092912
-0.028668
-0.1736
-0.43197
-0.6293
-0.71405
-0.84689
-0.67937
-0.80747
-0.79284
-0.8926
-0.91725
-1.0168
-0.99837
-1.0738
-1.0962
-1.1355
-0.99463
-0.89523
-0.83599
-0.82709
-0.76488
-0.40333
-0.35942
-0.29793
-0.34268
-0.31436
-0.2995
-0.42408
-0.6838
-0.76269
-0.85583
-1.0463
-0.98532
-1.0532
-0.98939
-1.0559
-1.0407
-1.0206
-0.99636
-0.94161
-0.79224
-0.64735
-0.43109
-0.25589
0.014282
0.037627
0.0095917
-0.00090366
0.012201
-1.4205e-05
-0.0047494
-0.0045621
-0.0081906
-0.0071125
-0.0040569
-0.0026609
-0.0038676
-0.0085566
0.0021037
-0.0088119
0.0075532
0.00019324
-5.8553e-05
-0.081986
-0.24921
-0.32191
-0.33833
-0.32418
-0.37583
-0.48069
-0.46953
-0.35191
-0.14073
0.0018597
0.0037236
0.0441
0.04866
0.031656
0.03589
0.048971
0.054184
0.068579
0.059372
0.059816
0.093461
0.10102
0.084996
-0.12656
-0.34772
-0.55312
-0.69365
-0.49675
-0.63951
-0.80325
-0.81422
-0.76316
-0.78329
-0.97222
-1.1452
-1.0752
-0.80785
-0.81775
-0.75585
-0.79041
-0.74779
-0.72735
-0.71076
-0.70116
-0.64429
-0.5692
-0.36808
-0.33421
-0.29481
-0.31795
-0.46338
-0.6558
-0.76685
-0.84759
-0.94903
-0.93909
-0.99327
-0.98015
-0.93686
-1.0336
-0.84261
-0.78711
-0.8642
-0.47357
-0.43027
-0.25916
-0.015246
0.058089
0.022291
0.0094563
-0.001786
-0.0057586
-0.003428
-0.0010068
-0.00057814
-0.012697
0.00064838
-0.005448
-0.0066243
-0.00064723
-0.0051353
-0.0063976
-0.010039
0.0046396
0.0046221
-0.001342
-0.0029717
0.0018221
0.033533
-0.24409
-0.20641
-0.3161
-0.41239
-0.40151
-0.29205
-0.12041
-0.024143
0.0096666
0.045302
0.032916
0.037519
0.044429
0.056028
0.069964
0.071494
0.068444
0.07621
0.09109
0.11036
0.078198
-0.040795
-0.24542
-0.42576
-0.59891
-0.46409
-0.6304
-0.78554
-0.67576
-0.61351
-0.86944
-0.90661
-1.0608
-1.0561
-0.98216
-0.98269
-0.94225
-0.87845
-0.81726
-0.79764
-0.77953
-0.76751
-0.71294
-0.6041
-0.48104
-0.53305
-0.44227
-0.26703
-0.38234
-0.71426
-0.78323
-0.93873
-0.90218
-1.0847
-1.0308
-0.97842
-1.004
-0.96612
-1.003
-0.9265
-0.90019
-0.56992
-0.52303
-0.39207
-0.083017
0.0674
0.026955
0.0020337
-0.0020487
-0.001193
-0.011408
-0.0023673
-0.0012993
-0.0097823
0.00092149
0.0010063
-0.0015362
-0.00015567
-0.0041047
-0.0056671
-0.0081724
0.0036805
0.0040876
-0.00020789
-0.0029903
0.0029502
-0.23329
-0.21096
-0.25374
-0.32296
-0.40448
-0.32409
-0.22699
-0.075244
0.0066416
0.0079922
0.076457
0.066725
0.046708
0.041652
0.061272
0.065238
0.076019
0.058845
0.087791
0.10634
0.1399
0.098271
0.0071918
-0.14918
-0.2491
-0.43018
-0.32363
-0.35584
-0.55105
-0.51295
-0.45659
-0.61401
-0.7831
-0.82742
-0.91024
-0.91785
-0.85502
-0.86193
-0.70546
-0.66356
-0.50284
-0.49721
-0.43009
-0.42698
-0.44084
-0.2844
-0.24576
-0.27858
-0.30223
-0.2734
-0.26648
-0.57354
-0.64876
-0.70884
-0.79525
-0.80406
-0.94752
-0.85854
-0.862
-0.88333
-0.84895
-0.70985
-0.73067
-0.49695
-0.36799
-0.20461
0.014538
0.095761
0.039577
0.0097054
-0.0086331
-0.00024861
-0.0029861
-0.0038008
-0.0072895
-0.013703
-0.0014261
-0.010106
-0.001223
-0.0046619
-0.0074943
-0.0061425
-0.01089
0.0010791
0.00030683
0.00062244
0.0038476
0.0018245
0.054753
0.032103
-0.1046
-0.22182
-0.20729
-0.25986
-0.29117
-0.35932
-0.33243
-0.17918
-0.067555
0.049054
0.092672
0.11343
0.082008
0.053146
0.046368
0.066615
0.069842
0.079491
0.095333
0.10062
0.11256
0.14847
0.17688
0.011498
-0.098648
-0.15292
-0.24207
-0.2049
-0.18683
-0.38674
-0.34459
-0.47354
-0.56515
-0.67283
-0.68104
-0.75217
-0.76846
-0.69319
-0.69855
-0.60977
-0.53013
-0.47396
-0.43899
-0.43655
-0.45709
-0.38806
-0.39869
-0.3897
-0.40138
-0.29108
-0.22332
-0.28724
-0.19997
-0.23519
-0.3733
-0.45595
-0.62883
-0.77999
-0.79267
-0.82821
-0.91834
-0.83277
-0.88138
-0.82244
-0.7976
-0.77227
-0.76976
-0.54635
-0.42814
-0.2593
-0.043317
0.11158
0.039639
0.0024239
-0.0022543
-0.00058971
-0.0011797
-0.00041074
-0.0026813
-0.0069011
-0.0012251
-0.0033722
-0.00044096
0.00047681
-0.009355
-0.0089748
-0.01072
0.002569
0.0045753
-0.00025656
0.00043211
-0.0013798
0.013274
0.070754
-0.0091374
-0.1513
-0.10725
-0.1853
-0.17131
-0.27564
-0.24246
-0.17824
-0.033501
0.08071
0.08306
0.11616
0.095236
0.073991
0.06605
0.075333
0.090279
0.10058
0.10186
0.09526
0.10274
0.14275
0.13878
0.064583
-0.038267
-0.06243
-0.15402
-0.015062
-0.12366
-0.26494
-0.25171
-0.42428
-0.51348
-0.55507
-0.71957
-0.78475
-0.62795
-0.56309
-0.59438
-0.5479
-0.43971
-0.42776
-0.35232
-0.39328
-0.40816
-0.33493
-0.30568
-0.34858
-0.33361
-0.22038
-0.21581
-0.23844
-0.17562
-0.1921
-0.3062
-0.47684
-0.60386
-0.72434
-0.7008
-0.89762
-0.83934
-0.82673
-0.78475
-0.7596
-0.78285
-0.80051
-0.67973
-0.4661
-0.32336
-0.2046
-0.057855
0.10159
0.06814
0.0035306
-0.015768
-0.0051199
-0.0011651
-0.0058593
-0.0015799
-0.0061593
-0.0039461
-0.0028752
-0.0062875
-0.003701
-0.0093815
-0.0084512
-0.010094
0.0044098
0.00423
-0.0012735
0.0015045
0.0024813
0.027836
0.13589
0.11863
-0.02814
0.0025676
-0.086
-0.042205
-0.081762
-0.09458
-0.02899
0.015902
0.093404
0.091242
0.13788
0.092323
0.084113
0.093892
0.11709
0.1191
0.13546
0.14607
0.14384
0.14878
0.18897
0.14937
0.11748
0.12911
0.1144
0.027658
0.11778
0.10262
0.045013
-0.065641
-0.27939
-0.29408
-0.37955
-0.37558
-0.50479
-0.50389
-0.4596
-0.4125
-0.36525
-0.2975
-0.19975
-0.19509
-0.23489
-0.21897
-0.20611
-0.18826
-0.20868
-0.18913
-0.14256
-0.16577
-0.21597
-0.13654
-0.053301
-0.26487
-0.43285
-0.60765
-0.67558
-0.69874
-0.78032
-0.79503
-0.81813
-0.90767
-0.76161
-0.75402
-0.82112
-0.60958
-0.50756
-0.55823
-0.29976
-0.11075
0.044084
0.084316
0.021848
-0.0031437
0.0036176
-0.0030707
-0.0036949
-0.00043697
-0.002081
-0.0040349
-0.0030855
-0.0017067
-0.002366
-0.012254
-0.004992
-0.0081531
0.0002334
0.0034009
-0.00052702
0.00036699
-0.0041739
0.059611
0.15338
0.11153
-0.0015075
0.049842
-0.031497
-0.03051
-0.066818
-0.080764
-0.022411
0.044119
0.10272
0.1251
0.14027
0.09062
0.075016
0.08004
0.094489
0.12202
0.10793
0.095456
0.11154
0.11941
0.13997
0.22351
0.22593
0.28927
0.29047
0.2314
0.18393
0.23377
0.2311
0.18325
0.10529
-0.07635
-0.10934
-0.11877
-0.090939
-0.17316
-0.2168
-0.22318
-0.19513
-0.16024
-0.14875
-0.29653
-0.39707
-0.49685
-0.41564
-0.37194
-0.022123
-0.003933
-0.02355
-0.046277
-0.053532
-0.041645
-0.011161
-0.0499
-0.078808
-0.21688
-0.3249
-0.45207
-0.55964
-0.62275
-0.67994
-0.72863
-0.77991
-0.76785
-0.82333
-0.86012
-0.87291
-0.85658
-0.821
-0.76763
-0.65402
-0.59625
-0.53626
-0.48219
-0.43744
-0.33966
-0.21906
-0.080533
-0.055285
0.00064908
0.01643
0.057873
0.097014
0.14131
0.14555
0.15682
0.18988
0.18966
0.19636
0.19861
0.20898
0.21673
0.16218
0.13631
0.08464
0.025378
-0.018693
-0.049969
-0.074032
-0.049652
-0.054971
-0.019041
-0.03868
-0.0082537
-0.0039928
0.023544
0.045927
0.045163
0.028095
0.032043
0.055146
0.074396
0.078456
0.091603
0.081119
0.087756
0.080996
0.082068
0.088422
0.078794
0.085594
0.063842
0.027057
0.00095475
-0.0045276
-0.015651
-0.0028577
0.00046288
0.015049
0.015992
0.030338
0.023484
0.027314
0.023426
0.028493
0.021438
0.011613
0.016233
0.018689
0.037587
0.045042
0.043695
0.030369
0.031395
0.014424
0.0033154
0.012776
0.019742
0.019571
0.002798
0.00021704
0.005321
0.00092306
0.025605
0.037996
0.034779
0.046274
0.049474
0.063361
0.05235
0.038125
0.037402
0.050755
0.04539
0.049007
0.069679
0.072678
0.072845
0.071443
0.062913
0.063114
0.048687
0.044422
0.041056
0.046065
0.050423
0.029417
0.04322
0.051584
0.053205
0.065454
0.062851
0.052092
0.042019
0.04386
0.042737
0.04699
0.044015
0.052172
0.044556
0.057243
0.064245
0.065898
0.058104
0.052364
0.051133
0.052592
0.050694
0.055305
0.058571
0.064394
0.06683
0.061113
0.062523
0.052709
0.046523
0.052547
0.050977
0.051634
0.060084
0.063892
0.061982
0.063558
0.062589
0.060879
0.058916
0.064579
0.063615
0.065567
0.067134
0.065851
0.065664
0.0608
0.061823
0.060598
0.060027
0.063997
0.064102
0.062409
0.061411
0.05776
0.06087
0.061953
0.061483
0.06044
0.062845
0.061882
0.061633
0.065268
0.055667
0.065091
0.060502
0.06061
0.058433
0.05522
0.063474
0.063535
0.052152
0.063631
0.05726
0.051831
0.040678
0.023357
0.026288
0.028235
0.034238
0.029065
0.028313
0.03575
0.0442
0.038951
0.046767
0.040758
0.039883
0.031335
0.0363
0.031874
0.042101
0.038381
0.033398
0.036092
0.033703
0.032284
0.029806
0.038689
0.032965
0.036547
0.034142
0.041054
0.035046
0.038329
0.032768
0.039663
0.036709
0.03256
0.035861
0.029157
0.031231
0.027582
0.033114
0.031436
0.030488
0.027808
0.026812
0.03498
0.032325
0.034235
0.028396
0.028466
0.027402
0.031147
0.029639
0.03556
0.031559
0.030039
0.021221
0.034266
0.028226
0.027711
0.029151
0.03204
0.030069
0.025868
0.020361
0.031604
0.025474
0.024036
0.025874
0.024877
0.025514
0.017777
0.029418
0.024956
0.024711
0.023213
0.02316
0.026419
0.016647
0.025414
0.021757
0.028583
0.028718
0.02319
0.02866
0.028917
0.032236
0.025184
0.031199
0.030182
0.029483
0.025018
0.023479
0.032299
0.038911
0.020978
0.03257
0.036991
0.025076
0.035232
0.030909
0.024853
0.032005
0.03021
0.032372
0.029213
0.032713
0.028416
0.030201
0.030409
0.023343
0.025091
0.030186
0.028534
0.0285
0.034524
0.027019
0.035446
0.026865
0.022089
0.036023
0.027671
0.030588
0.031746
0.020376
0.034655
0.028044
0.027028
0.02804
0.030583
0.030439
0.029995
0.028913
0.023708
0.03242
0.026365
0.025955
0.027924
0.025531
0.028409
0.02767
0.032896
0.027668
0.026156
0.025744
0.029791
0.032237
0.033663
0.034283
0.029626
0.025913
0.025387
0.027785
0.02155
0.033399
0.020575
0.02875
0.029555
0.02538
0.028275
0.027091
0.01832
0.029415
0.027638
0.026818
0.02269
0.031424
0.031586
0.025332
0.027294
0.030167
0.02421
0.026446
0.025413
0.029225
0.024779
0.027237
0.02378
0.029965
0.025301
0.030002
0.031732
0.028993
0.028772
0.029033
0.02966
0.027997
0.020855
0.024886
0.030878
0.031174
0.024255
0.036883
0.033002
0.029784
0.019022
0.029266
0.028984
0.025068
0.029708
0.021331
0.027178
0.027702
0.032542
0.031425
0.031968
0.026982
0.028966
0.03402
0.035637
0.033082
0.035623
0.024599
0.030808
0.024842
0.020065
0.028886
0.029912
0.030545
0.020055
0.030991
0.025399
0.017189
0.024027
0.025382
0.024165
0.021982
0.020441
0.030163
0.027254
0.020137
0.016374
0.028111
0.023374
0.023461
0.026848
0.022764
-0.035014
-0.093411
-0.085944
-0.11661
-0.1072
-0.14069
-0.14021
-0.14854
-0.13323
-0.1401
-0.2021
-0.25149
-0.20496
-0.18042
-0.16218
-0.10793
-0.080104
-0.10782
-0.10996
-0.079962
-0.049005
-0.022468
0.0097438
0.019681
0.03672
0.09125
0.13308
0.20217
0.23555
0.18694
0.22105
0.15373
0.11759
0.14279
0.047201
0.043543
0.043637
0.0069142
0.00020179
0.0017124
-0.0065517
0.0030735
0.0012444
-0.0097655
-0.0056505
-0.0041861
-0.011783
-0.0048891
-0.0063034
-0.0080756
-0.0089927
0.0010993
-0.0061902
-0.0057149
-0.0083872
0.034593
-0.07321
-0.44152
-0.60711
-0.56306
-0.62211
-0.63688
-0.63791
-0.67097
-0.66884
-0.7477
-0.55674
-0.36673
-0.099818
0.022478
-0.032828
0.06104
0.11682
0.10753
0.07703
0.047835
0.045975
0.073997
0.12113
0.13528
0.23343
0.28293
0.38335
0.63643
0.74611
0.73728
0.58515
0.5615
0.35806
0.19922
0.025478
-0.020729
-0.1122
-0.18658
-0.20697
-0.28656
-0.33396
-0.35899
-0.37635
-0.29934
0.02515
0.14131
0.071598
0.016121
0.0046671
0.02062
0.042872
0.1193
0.053251
0.05622
0.064023
0.075522
-0.22175
-0.095635
-0.14071
-0.2915
-0.65644
-0.9408
-1.3655
-1.5095
-1.5369
-1.5328
-1.4015
-1.3208
-1.3171
-1.1029
-1.0591
-1.0737
-1.1394
-1.1135
-1.1009
-0.96232
-0.46799
-0.22274
0.041071
0.003848
-0.0065104
-0.014623
0.012247
-0.0032972
0.0043325
-0.008175
0.0025908
-0.0071638
-0.0013167
-0.17083
-0.35216
-0.82579
-1.3548
-1.5828
-1.6218
-1.6146
-1.4524
-1.2839
-1.0243
-0.86436
-0.54281
-0.31365
0.16696
0.47542
0.29806
0.15107
0.01355
0.0018663
0.0095183
0.0072783
0.0052523
0.0025039
0.0013994
0.0019049
0.0017258
0.0022493
0.0070028
0.0054168
0.0023944
0.0098965
-0.0091433
0.0026901
-0.003247
0.0062249
0.3516
0.70586
1.028
1.1655
1.7431
1.9008
1.9926
1.7703
1.4382
1.1854
1.0469
0.8991
0.93127
0.9439
0.753
0.60704
0.39416
0.24492
0.18715
0.12813
0.15606
0.23282
0.34747
0.48935
0.79046
1.0777
0.98627
0.86782
0.61775
0.53231
0.36014
0.045892
-0.46603
-0.84476
-1.0137
-1.2485
-1.3923
-1.4656
-1.522
-1.2758
-1.1495
-1.156
-1.2157
-1.1781
-1.2493
-1.177
-0.91008
-0.44242
-0.23125
-0.11971
-0.077235
-0.11714
-0.062884
0.0045091
-0.030941
-0.065467
-0.10073
-0.14943
-0.27273
-0.64243
-0.78956
-1.1156
-1.4111
-1.4369
-1.2936
-1.143
-1.1121
-1.1118
-1.2378
-0.78212
-0.55653
-0.2745
0.17109
0.31313
0.11511
0.049757
-0.002781
0.0021893
0.0036909
0.0039672
0.0048893
-0.0015862
0.0018557
0.00018725
0.001015
0.0030607
0.0042363
0.0021273
0.0045974
0.0057034
0.0056967
0.0036562
0.0026862
0.11223
0.18975
0.45147
0.69671
1.0721
1.4842
1.8813
2.101
2.1375
1.9916
1.6639
1.3569
1.1961
1.1161
1.1176
1.0696
0.90517
0.63655
0.41328
0.41529
0.48504
0.36392
0.23887
0.2167
0.25183
0.43104
0.7913
1.0436
1.2015
1.2768
1.3256
1.2726
1.3046
1.3194
1.3057
1.2763
0.90771
0.62556
0.30887
0.13737
-0.10256
-0.41606
-0.71106
-0.84652
-0.9595
-1.0964
-1.2364
-1.2809
-1.2532
-1.2221
-1.1371
-1.0843
-1.0962
-1.0884
-1.0747
-1.0448
-0.94864
-0.92393
-0.83403
-0.75733
-0.70314
-0.66215
-0.49783
-0.30898
-0.085127
0.12657
0.2158
0.22006
0.18544
0.15848
0.16688
0.15244
0.14717
0.15078
0.17446
0.20889
0.26198
0.34462
0.28004
0.3304
0.31233
0.32339
0.34662
0.3662
0.3996
0.40529
0.39788
0.34495
0.33933
0.30114
0.29871
0.26801
0.256
0.24576
0.24349
0.25754
0.26314
0.2677
0.30127
0.32714
0.37953
0.40956
0.44734
0.44851
0.43902
0.4805
0.44513
0.32563
0.35764
0.38152
0.39763
0.38851
0.39446
0.40971
0.40619
0.42075
0.4205
0.43905
0.42991
0.44077
0.4256
0.41089
0.40857
0.40221
0.40596
0.39467
0.41503
0.41001
0.40797
0.38518
0.38036
0.36662
0.34597
0.3501
0.356
0.3494
0.36701
0.36338
0.35436
0.35714
0.34881
0.35169
0.35041
0.34001
0.35626
0.36179
0.3701
0.37835
0.37371
0.365
0.37367
0.37387
0.37212
0.37479
0.37629
0.36947
0.36791
0.3528
0.36395
0.3567
0.34544
0.35056
0.35313
0.35197
0.35014
0.34896
0.34308
0.35623
0.35855
0.35966
0.36778
0.3803
0.37628
0.37594
0.39714
0.40767
0.41267
0.41583
0.42413
0.43404
0.42963
0.44674
0.44686
0.44149
0.45225
0.45267
0.44966
0.43387
0.45068
0.44807
0.44049
0.45174
0.45312
0.45255
0.45215
0.45237
0.43963
0.45461
0.45112
0.4343
0.44022
0.45681
0.43528
0.45149
0.43417
0.44561
0.43229
0.4374
0.42836
0.42478
0.43343
0.43608
0.43789
0.41801
0.43515
0.43315
0.43865
0.43815
0.44103
0.44176
0.44258
0.44113
0.4383
0.43438
0.43401
0.42571
0.42231
0.41378
0.40704
0.41461
0.40206
0.41157
0.41418
0.41147
0.41287
0.42001
0.42441
0.42132
0.42394
0.42741
0.42302
0.4124
0.4247
0.42644
0.42761
0.42362
0.42864
0.42656
0.417
0.42975
0.41101
0.43077
0.4173
0.43489
0.42564
0.41358
0.41829
0.42956
0.42999
0.43441
0.41672
0.42368
0.42391
0.40214
0.40988
0.40655
0.39171
0.41508
0.41088
0.40466
0.41047
0.40411
0.4119
0.41826
0.41744
0.41936
0.42788
0.4274
0.41247
0.41134
0.41603
0.40618
0.41386
0.40821
0.40962
0.43886
0.43462
0.43322
0.42539
0.42471
0.41801
0.42254
0.42425
0.42139
0.42383
0.42978
0.41971
0.4346
0.42407
0.43016
0.42747
0.43226
0.41925
0.42955
0.43771
0.43462
0.4389
0.42101
0.41509
0.42049
0.42714
0.4117
0.42531
0.41225
0.42015
0.43487
0.43007
0.41881
0.41275
0.41093
0.41792
0.41093
0.40884
0.4076
0.39443
0.40973
0.41183
0.39794
0.39928
0.41645
0.39759
0.40481
0.4146
0.4061
0.38886
0.40958
0.40384
0.40511
0.41376
0.4139
0.40559
0.40018
0.40682
0.40863
0.39929
0.41557
0.41589
0.41399
0.3974
0.40388
0.41092
0.40985
0.422
0.42062
0.42712
0.42482
0.41211
0.43729
0.4325
0.43617
0.43767
0.44064
0.43201
0.44423
0.44198
0.43079
0.4301
0.42833
0.42513
0.42899
0.43298
0.42094
0.4247
0.4336
0.43346
0.4256
0.42942
0.42455
0.42693
0.4363
0.42561
0.41819
0.43297
0.42551
0.43152
0.41949
0.42949
0.43159
0.42646
0.43407
0.41277
0.42742
0.42762
0.42933
0.41233
0.42484
0.42135
0.40581
0.40145
0.4101
0.40003
0.41312
0.41485
0.42017
0.41429
0.412
0.41725
0.40697
0.4065
0.38813
0.36804
0.34637
0.30223
0.25788
0.18609
0.14406
0.089933
0.095671
0.089855
0.11721
0.11222
0.080149
0.07098
0.096833
0.11009
0.10802
0.12865
0.1333
0.092664
0.061551
0.047997
0.049051
0.066762
0.072432
0.10853
0.061169
0.024908
0.014228
-0.036277
-0.022256
0.038112
0.027507
0.11605
0.085388
-0.012897
-0.16201
-0.11317
-0.098412
-0.046004
-0.071403
-0.29723
-0.51749
-0.63162
-0.6715
-0.54328
-0.46873
-0.39982
-0.26736
-0.15573
0.029848
0.18572
0.31801
0.49925
0.77483
0.41194
0.26076
0.1279
0.10673
0.089634
0.080042
0.13725
0.17444
0.2821
0.20683
0.25825
0.047937
-0.041932
-0.10227
-0.19146
-0.086222
-0.25743
-0.36831
-0.45625
-0.50258
-0.582
-0.61719
-0.56389
-0.3966
-0.24274
-0.16381
-0.075368
-0.050474
0.079117
0.161
0.15961
0.036228
-0.009593
0.00076553
0.0014198
0.0022631
0.00072281
0.00014412
0.0025303
-0.0020407
0.001905
0.0016088
0.0001873
0.002222
0.0010147
0.0013871
-0.0027473
0.00013978
-0.20543
-0.13349
-0.10134
-0.14017
-0.14842
-0.14583
-0.032695
0.082784
0.13557
0.1662
0.15461
0.11562
0.051822
0.061721
0.061868
0.093627
0.077113
0.044008
0.039941
0.028849
0.042411
0.061947
0.086449
0.10004
0.27784
0.16284
0.56908
0.53032
0.8428
0.74283
0.85436
0.99357
0.95149
0.7845
0.47032
0.27256
0.20458
0.27995
0.35374
0.41684
0.55783
0.58279
0.55426
0.51312
0.36592
0.36659
0.20207
0.21354
0.25204
0.31512
0.23331
0.15967
0.11685
0.098783
0.16537
0.24401
0.23047
0.2181
0.28903
0.2141
0.34838
0.37217
0.33839
0.3384
0.27015
0.28573
0.30636
0.39481
0.48498
0.46127
0.46506
0.55464
0.64466
0.32032
0.26049
0.3044
0.34193
0.099026
0.0027798
-0.032702
-0.0032568
-0.0014079
-0.00030772
0.0025379
-0.0027667
0.00015965
-0.0014909
-0.00083143
-0.00020595
-0.0019946
-0.0038402
-0.00074508
-0.00068201
-0.0019905
-0.0016171
-0.00053351
-0.002394
-0.0003481
0.041862
0.041596
0.063091
0.07037
0.10701
0.12805
0.13216
0.1569
0.19079
0.1356
0.11496
0.072398
0.060233
0.069889
0.086058
0.0692
0.04132
0.028174
0.055572
0.056884
0.093228
0.23628
0.28934
0.44765
0.68171
0.71936
0.58481
0.072964
-0.084503
0.072635
0.041695
0.26202
0.50747
0.723
0.67335
0.49559
0.40248
0.412
0.44927
0.54271
0.77039
0.62599
0.17101
0.078822
0.13058
0.058805
0.23072
0.21634
0.45243
0.65117
0.9353
1.1367
1.2954
0.97053
1.3755
1.5367
1.8143
1.8175
1.8747
1.6631
1.5718
1.6295
1.6619
1.7083
1.741
1.519
1.3539
1.1952
0.91428
0.86839
0.67793
0.24377
0.096331
0.0035279
0.004262
0.0034766
-0.0040055
-0.0028233
-0.003575
-0.006057
-0.001364
-0.0072718
-0.00682
-0.0073833
-0.010913
-0.0022322
-0.0068661
-0.0034422
-0.0098676
-0.0039697
-0.0062
-0.0088169
-0.030849
-0.14202
-0.15196
-0.15668
-0.17192
-0.14577
-0.10454
-0.031176
0.026111
-0.10826
-0.13211
-0.15485
-0.13549
-0.11921
-0.11807
-0.094958
-0.048917
-0.074286
-0.091041
-0.099785
-0.083874
-0.097379
-0.1552
-0.41165
0.26784
0.67373
0.55255
0.35077
0.39293
0.27698
0.45919
0.60195
0.65923
0.74866
1.1897
1.4977
1.5113
1.39
1.3803
1.4087
1.4343
1.8344
1.6047
1.3781
1.4885
1.2335
1.2217
1.0595
0.68678
0.13222
0.056269
0.059374
0.11606
0.20085
0.4987
0.92918
1.0343
1.4793
1.7697
1.8764
1.8928
1.82
1.6983
1.6404
1.6111
1.6423
1.712
1.6622
1.5489
1.5516
1.5194
1.5148
1.6317
1.6998
1.8118
1.8727
1.9006
1.7835
1.5487
1.285
0.99917
0.76351
0.57771
0.49145
0.48807
0.46601
0.45552
0.4071
0.43631
0.42595
0.50871
0.62177
0.81032
1.0159
1.3385
1.295
1.4721
1.5614
1.627
1.7804
1.8523
1.8868
1.8655
1.8762
1.7794
1.8097
1.785
1.7025
1.6577
1.5422
1.3998
1.1887
1.157
1.0655
1.0284
0.98017
0.96844
0.94977
0.94751
1.0122
1.1567
1.2672
1.3959
1.4358
1.4726
1.4477
1.4325
1.4609
1.5318
1.5923
1.5454
1.5677
1.5588
1.5222
1.502
1.4573
1.4938
1.4868
1.4974
1.44
1.4237
1.3627
1.3405
1.3398
1.3487
1.3295
1.3567
1.3342
1.333
1.3533
1.4528
1.5421
1.5628
1.5314
1.5108
1.4577
1.4374
1.4463
1.4731
1.4704
1.464
1.39
1.4613
1.4841
1.4557
1.4436
1.49
1.4839
1.4936
1.4901
1.4875
1.4735
1.4693
1.455
1.4449
1.4295
1.4454
1.4349
1.3883
1.4204
1.4722
1.4922
1.5264
1.5124
1.473
1.468
1.453
1.4473
1.4463
1.4274
1.4696
1.4668
1.4209
1.4779
1.4921
1.4888
1.485
1.4839
1.4482
1.4758
1.4447
1.4357
1.3917
1.4192
1.4308
1.4365
1.454
1.4588
1.4604
1.4162
1.4524
1.4525
1.423
1.4371
1.4727
1.4441
1.4604
1.4673
1.4556
1.4537
1.4514
1.4576
1.4534
1.4586
1.4619
1.4592
1.4323
1.4717
1.4702
1.4312
1.4741
1.4626
1.4633
1.4584
1.4366
1.4709
1.4195
1.4639
1.4294
1.4672
1.4707
1.4604
1.4646
1.4684
1.4532
1.452
1.4113
1.4131
1.4018
1.3461
1.2762
1.3136
1.2504
1.235
1.2729
1.2912
1.2969
1.274
1.2486
1.2316
1.23
1.2224
1.232
1.1984
1.2078
1.2038
1.1642
1.1931
1.1793
1.1846
1.1921
1.1857
1.209
1.2252
1.1984
1.2255
1.2329
1.2255
1.2446
1.2555
1.207
1.2274
1.2216
1.2022
1.2288
1.2308
1.2317
1.2176
1.2177
1.2257
1.2257
1.191
1.2263
1.2103
1.2207
1.2199
1.2153
1.2221
1.2181
1.2175
1.2077
1.2228
1.2256
1.1901
1.214
1.218
1.2236
1.2259
1.2289
1.2169
1.2202
1.2142
1.2359
1.1942
1.2246
1.2114
1.2238
1.2253
1.2173
1.2206
1.2138
1.2208
1.2217
1.2223
1.2322
1.2176
1.2265
1.2047
1.1992
1.1758
1.2055
1.192
1.2012
1.1673
1.2078
1.2116
1.2095
1.2175
1.2174
1.2085
1.2257
1.224
1.2279
1.1987
1.2105
1.2026
1.1434
1.1154
1.1081
1.0183
0.96037
1.3911
1.2295
1.0828
0.99477
0.85086
0.92823
0.81373
0.74217
0.8449
0.7346
0.68292
0.71874
0.76861
0.79221
0.78676
0.8623
0.92388
1.0089
0.93666
0.91642
0.9021
0.98618
1.0759
1.1301
1.2474
1.2904
1.4015
1.5327
1.7558
1.9536
1.8067
1.6209
1.5396
1.5212
1.5386
1.5931
1.8906
1.8019
1.7117
1.4098
1.5554
1.601
1.8089
2.1692
2.2916
2.2871
2.1795
2.201
2.0992
2.317
2.6587
2.6093
1.8431
0.75891
0.25549
0.069284
0.07738
0.095116
0.18531
0.1999
0.34522
0.56703
0.98311
1.3691
1.2163
1.2355
1.253
1.4983
1.5683
1.6873
1.4738
1.2418
1.095
0.89783
0.86029
0.87759
1.0662
1.1353
0.45098
0.1716
0.051019
-0.0054158
0.012119
-0.0027037
-0.007595
-0.0012949
-0.011304
-0.014781
-0.011672
-0.002951
-0.0051445
-0.0048722
-0.0049698
-0.0059072
-0.0083598
-0.0079207
-0.0004769
-0.031729
-0.21648
-0.31755
-0.50841
-0.50135
-0.48155
-0.45979
-0.43521
-0.40778
-0.3351
-0.17215
-0.19308
-0.067438
-0.06203
-0.054418
-0.05686
-0.078768
-0.061741
-0.091322
-0.098434
-0.072122
-0.10062
-0.10566
-0.12459
-0.13436
-0.14907
-0.22462
-0.23918
0.49888
0.51995
0.77267
0.56113
0.44887
0.46637
0.31016
0.49508
0.83243
1.3711
1.7608
1.7562
1.6243
1.494
1.4728
1.4489
1.4632
1.4181
1.3562
1.0791
1.0556
0.9424
0.87815
0.4237
0.21582
0.10836
0.18324
0.80519
1.1061
1.195
1.2115
1.1215
1.2409
1.0963
0.90685
0.90557
0.77152
0.74534
0.7277
0.66235
0.66135
0.66987
0.21082
0.43604
0.34788
0.67749
0.75466
0.29051
0.066067
-0.007203
-0.0020572
-0.0021131
-0.0045087
-0.0097327
-0.0094866
-0.0080395
-0.0040424
-0.0082738
-0.0053603
-0.0076002
-0.010069
-0.006391
-0.010552
-0.0077436
-0.004045
-0.0034788
-0.10729
-0.0916
-0.090186
-0.11747
-0.19758
-0.26159
-0.31999
-0.32212
-0.27523
-0.16683
-0.10417
-0.099417
-0.05634
-0.049203
-0.055676
-0.055785
-0.057944
-0.060115
-0.048687
-0.055402
-0.052338
-0.057024
-0.057758
-0.052695
-0.056651
-0.065127
-0.087508
-0.10525
-0.0015216
0.20568
0.41755
0.49778
0.42925
0.18295
0.077689
0.40938
0.81988
1.1166
1.2157
1.3736
1.3753
1.3777
1.1629
1.0164
0.9828
0.87139
0.92109
1.0399
1.0185
0.94059
0.29174
0.094939
0.010622
0.14255
0.51272
0.80814
0.7372
0.67381
0.74427
0.55053
0.44035
0.37394
0.20336
0.078521
0.055751
-0.004163
-0.02752
-0.01111
0.0087153
0.074305
-0.20729
-0.19491
-0.18649
-0.12038
0.15836
0.28343
0.11104
0.012508
-0.001328
-0.0012884
-0.0042471
-0.011978
-3.5974e-05
-0.014412
-0.011
-0.011017
-0.0087289
-0.010848
-0.011623
-0.0095008
-0.0064607
-0.0050482
-0.0024296
-0.0032118
0.00024342
-0.0032187
0.12894
0.13449
0.25542
0.16495
0.17362
0.089749
0.16364
0.29047
0.40294
0.35097
0.367
0.30971
0.30001
0.36884
0.42006
0.41565
0.31058
0.24667
0.20738
0.19201
0.20208
0.20336
0.22109
0.22872
0.24467
0.24413
0.24211
0.23346
0.28154
0.24227
0.29547
0.3287
0.39892
0.42927
0.39317
0.33093
0.33704
0.31597
0.33081
0.30428
0.2762
0.25505
0.18848
0.15738
0.18544
0.1779
0.17246
0.13335
0.11871
0.11222
0.10891
0.11148
0.096986
0.13898
0.13998
0.13215
0.13388
0.14141
0.13784
0.13355
0.14085
0.14032
0.12344
0.12546
0.15652
0.17967
0.19858
0.19391
0.19492
0.21509
0.23615
0.22165
0.22284
0.19008
0.16274
0.13041
0.11052
0.11116
0.21141
0.1749
0.16533
0.16158
0.17511
0.20957
0.22533
0.22712
0.22706
0.22438
0.23124
0.22399
0.20589
0.20699
0.2046
0.21983
0.2256
0.22044
0.22935
0.24199
0.24454
0.24897
0.25119
0.2452
0.24077
0.23574
0.24105
0.2396
0.24646
0.25188
0.2633
0.26104
0.2629
0.25946
0.24519
0.25727
0.26031
0.27042
0.263
0.24654
0.24864
0.24058
0.23588
0.22493
0.22176
0.23644
0.24037
0.26276
0.26569
0.24251
0.23398
0.21846
0.22752
0.24349
0.25055
0.26411
0.25794
0.24625
0.23675
0.22867
0.24138
0.24486
0.25386
0.24844
0.24771
0.22619
0.2388
0.24087
0.23036
0.24244
0.25008
0.25071
0.24948
0.24381
0.24336
0.23396
0.22109
0.23362
0.23514
0.23065
0.23157
0.23162
0.23515
0.23503
0.2258
0.23221
0.22048
0.22449
0.22626
0.22751
0.22365
0.22964
0.22894
0.22714
0.22826
0.22425
0.21294
0.21825
0.21211
0.20943
0.20757
0.22243
0.21831
0.22066
0.22578
0.22036
0.21979
0.21409
0.22681
0.22431
0.22152
0.22761
0.22488
0.22196
0.22278
0.21567
0.22751
0.23266
0.23176
0.22303
0.22665
0.21937
0.22676
0.22592
0.22979
0.23861
0.23229
0.23455
0.23238
0.21492
0.22435
0.21758
0.21639
0.21897
0.21715
0.20375
0.21207
0.21358
0.21916
0.20744
0.20764
0.21212
0.1967
0.20561
0.20217
0.18942
0.19235
0.2025
0.19688
0.20703
0.21174
0.21407
0.21247
0.21753
0.21334
0.21122
0.21768
0.20825
0.20329
0.18998
0.2049
0.18837
0.20063
0.19592
0.19532
0.20316
0.18947
0.1999
0.20108
0.1996
0.21146
0.20879
0.20563
0.20721
0.20844
0.20303
0.19131
0.21342
0.21124
0.20099
0.20799
0.20506
0.20337
0.21548
0.20346
0.20614
0.20169
0.19847
0.20725
0.20471
0.2026
0.20225
0.19996
0.19981
0.19177
0.21098
0.20586
0.19923
0.20752
0.20589
0.2077
0.20783
0.19399
0.20449
0.19963
0.20028
0.19909
0.20189
0.20567
0.20009
0.19556
0.20456
0.20657
0.20961
0.20444
0.20614
0.20785
0.21797
0.22168
0.35424
0.34422
0.2927
0.36427
0.32649
0.34313
0.26803
0.26006
0.26489
0.35356
0.35917
0.38361
0.31475
0.35537
0.33082
0.39445
0.38132
0.47215
0.42784
0.39647
0.31459
0.28084
0.20809
0.20634
0.23217
0.23029
0.076003
0.0063658
0.0081728
-0.0059158
-0.00080828
-0.002916
-0.0055887
-0.00023065
-0.00073203
-0.023899
-0.0092478
-0.0011626
-0.0045097
-0.000494
-0.0046611
-0.0067104
-0.00074615
-0.0039663
-0.0054901
-0.0091368
-0.0056978
0.015571
-0.20332
-0.12384
0.017956
-0.014871
-0.0992
-0.20725
-0.28588
-0.22145
-0.11883
-0.069504
-0.066777
-0.047424
0.070463
-0.029327
-0.020376
-0.0037277
-0.0027638
-0.0046441
-0.0013771
-0.003341
0.0022845
0.019003
0.021826
0.022283
-0.073054
-0.13883
0.073429
0.2033
0.15823
0.21993
0.096826
0.072777
-0.15435
-0.20201
-0.049568
0.063595
0.25832
0.23784
0.24178
0.19167
0.18646
0.27244
0.41536
0.64602
0.80943
0.8188
0.76622
0.72365
0.30049
0.18085
0.13435
0.098253
0.19658
0.43524
0.68803
0.51343
0.55555
0.47799
0.46783
0.47307
0.48689
0.40551
0.37936
0.29485
0.18241
0.16193
0.14937
0.16442
0.17044
0.25202
0.12992
0.078997
0.10168
0.21912
0.18
0.17201
-0.0032419
0.026349
-0.0068709
-0.0071423
0.0036103
-0.00013388
-0.0076589
-0.0025156
-0.0098463
-0.0014168
-0.0049184
-0.0017057
0.00080894
-0.0072834
-0.0012975
-0.010051
0.00010183
8.6397e-06
-0.017159
0.021609
0.13481
0.144
0.18894
0.15839
0.17875
0.16527
0.18103
0.18944
0.17701
0.10969
0.12881
0.12989
0.068817
0.099713
0.047883
0.047351
0.049149
0.052082
0.098982
0.12008
0.17883
0.016721
0.19016
0.019372
0.030186
0.1062
0.082073
0.2704
0.24693
0.12567
0.048112
0.021865
0.032267
0.067691
0.10963
0.12529
0.1282
0.1678
0.15813
0.33487
0.37177
0.44022
0.58101
0.75105
0.94059
0.88601
0.55822
0.25887
0.28601
0.1898
0.31858
0.80681
1.0694
0.87167
0.83989
0.9134
0.82939
0.88586
0.86504
0.85313
0.8364
0.6276
0.36981
0.3496
0.34198
0.3578
0.46683
0.59706
0.72439
0.52876
0.34833
0.25192
0.1009
0.0051391
0.00022218
0.00073937
-0.0044657
-0.0010382
-0.0013458
-0.0052476
-0.0013765
-0.0049781
-0.0011937
-0.0014596
-0.0038998
-0.0047939
0.00081569
-0.0024181
-0.0044514
-1.4633e-05
-0.0023955
-0.00060455
-0.022147
0.017518
0.0050373
0.015537
-0.01677
0.052685
0.0034079
-0.029721
-0.0012841
0.054311
0.016429
0.0069153
-0.0018708
-0.0023854
-0.003977
-0.0034392
-0.0031159
-0.0012221
-0.0013004
0.001463
-0.00048717
0.00094814
0.0072303
0.0098051
-0.25065
-0.16916
0.0092189
0.1047
-0.083188
-0.073662
-0.18588
-0.26401
-0.15697
0.064897
0.1278
0.20034
0.18762
0.10438
0.18619
0.37934
0.46509
0.50494
0.586
0.51055
0.53362
0.6941
0.9506
0.78202
0.19047
0.16118
0.16981
0.095881
0.18571
0.68009
0.77457
0.83398
0.81178
0.7384
0.60523
0.64696
0.60695
0.67127
0.64391
0.67742
0.48093
0.25995
0.22459
0.30063
0.36046
0.52862
0.47726
0.46381
0.30644
0.20303
0.097265
-0.0010583
0.00018852
-0.0044536
-0.0029632
-0.00079483
-0.0042644
-0.00098653
-0.011237
-0.0014199
-0.0053329
-0.0020334
-0.004431
-0.0028074
-0.0003608
-0.0016148
-0.0020632
-0.0041422
-3.8887e-05
-0.0015422
-0.0016341
0.018147
0.040846
0.087951
0.090952
0.12839
0.15253
0.16405
0.16496
0.13912
0.040638
0.020064
0.0076868
0.0067645
0.00083933
0.011042
0.051017
0.030505
0.021083
0.019364
0.022256
0.012789
-0.0058581
-0.14682
-0.1518
0.012466
0.044078
-0.0097297
0.075297
0.1096
-0.13253
-0.21896
0.049612
0.0023748
0.05036
0.23771
0.20554
0.13071
0.20518
0.30018
0.46463
0.47705
0.48526
0.62294
0.8556
0.95075
0.95477
0.65322
0.23083
0.2474
0.12471
0.1031
0.24525
0.80613
0.76311
0.65387
0.62169
0.68806
0.67825
0.6664
0.72128
0.75254
0.67084
0.59221
0.46903
0.41943
0.43555
0.42743
0.45096
0.56418
0.48626
0.56244
0.34235
0.33366
0.22898
0.045523
-0.00019163
0.0038681
-0.001183
-0.0011197
-0.0010182
-0.0019007
-0.00033693
-0.004631
-0.0059905
0.0014603
-0.0037319
0.00047327
-0.0030871
-0.0067461
-0.0011824
-0.00094667
-0.00092855
-0.00016284
-0.010281
0.017261
0.087622
0.057469
0.020235
0.041141
0.031616
0.054583
0.051953
0.010103
-0.0043904
-0.021599
0.056417
0.20855
0.22303
0.17227
0.14632
0.11262
0.090683
0.089395
0.096627
0.084151
0.11471
0.11136
0.084988
0.041236
0.056673
0.057042
0.03256
0.041769
0.042685
0.084484
0.08048
-0.013873
-0.068765
-0.10948
-0.18446
-0.26636
-0.30604
-0.34838
-0.36129
-0.35754
-0.34768
-0.37313
-0.36937
-0.37567
-0.38143
-0.31971
-0.27564
-0.18729
-0.13777
-0.098476
-0.062528
-0.0026185
-0.019342
0.015567
0.057564
0.056114
0.054154
0.050236
0.048963
0.016317
-0.0042368
-0.038415
-0.073514
-0.12267
-0.15574
-0.14496
-0.1617
-0.14286
-0.13261
-0.1376
-0.19012
-0.17868
-0.17719
-0.1765
-0.17802
-0.19166
-0.18701
-0.17201
-0.15532
-0.15291
-0.14361
-0.13545
-0.12635
-0.12532
-0.12539
-0.13901
-0.14665
-0.16532
-0.19105
-0.19755
-0.17866
-0.16825
-0.17055
-0.15518
-0.1467
-0.13254
-0.12861
-0.13937
-0.14366
-0.14861
-0.14342
-0.14106
-0.14382
-0.12694
-0.1188
-0.11922
-0.1217
-0.12357
-0.11522
-0.10107
-0.10105
-0.11164
-0.10942
-0.10527
-0.10835
-0.098773
-0.10073
-0.097228
-0.096302
-0.09932
-0.10772
-0.10749
-0.10793
-0.11547
-0.10761
-0.10709
-0.10463
-0.10432
-0.095988
-0.10397
-0.097717
-0.09075
-0.088368
-0.092354
-0.083932
-0.098018
-0.093044
-0.083472
-0.086429
-0.090869
-0.08902
-0.084323
-0.087533
-0.085861
-0.082911
-0.077424
-0.018508
-0.010838
-0.0010696
-0.012689
-0.024044
-0.040914
-0.066525
-0.067323
-0.051311
-0.03156
-0.020872
-0.018339
-0.0093452
-0.015848
-0.029375
-0.05795
-0.064044
-0.061943
-0.050533
-0.040697
-0.022337
-0.026142
-0.029985
-0.020932
-0.025267
-0.030259
-0.024486
-0.021566
-0.010549
-0.010328
-0.0038767
0.0035575
-0.010414
0.0059088
0.0015538
-0.010528
0.0011009
-0.0035679
-0.014158
-0.007098
-0.0059982
-0.013316
-0.024191
-0.017076
-0.020875
-0.022037
-0.03006
-0.012203
-0.013957
0.019621
0.027669
0.038899
0.045388
0.047466
0.05013
0.051879
0.052006
0.047764
0.045962
0.038417
0.035762
0.035961
0.027345
0.028441
0.019132
0.01137
0.0050215
-0.0018752
0.0022696
0.001243
0.0046377
0.0018162
0.0060663
0.0037812
0.013572
0.017495
0.012886
0.022784
0.030219
0.015049
-0.10712
-0.076637
-0.068321
-0.051783
-0.046919
-0.047774
-0.044065
-0.050706
-0.054166
-0.06399
-0.062922
-0.065893
-0.066942
-0.077557
-0.083663
-0.081773
-0.082457
-0.06791
-0.06538
-0.036183
-0.0092095
-0.0078236
0.01511
0.0073797
0.038052
0.042813
0.049447
0.037623
0.029638
0.0046426
0.010468
-0.00043178
-0.018747
-0.026094
-0.036137
-0.067688
-0.075322
-0.084656
-0.28166
-0.29944
-0.33561
-0.41422
-0.3874
-0.47489
-0.49843
-0.49479
-0.53336
-0.51541
-0.58429
-0.67702
-0.52938
-0.23249
-0.30582
-0.28596
-0.21984
-0.031905
0.19805
0.4007
0.408
0.34735
0.31412
0.36367
0.26681
0.25055
0.30214
0.40497
0.42519
0.59897
0.66541
1.3156
1.4452
1.0638
0.5902
0.25596
0.30081
0.48993
0.5419
0.54559
0.60279
0.5322
0.56703
0.61392
0.64009
0.85307
0.99681
1.1188
1.1772
0.93935
0.86536
0.81573
0.83005
0.52766
0.56851
0.44288
0.56897
0.46464
0.21149
0.089995
0.0008896
-0.00048707
-0.0054165
-0.0034369
-0.0044005
-0.00017203
-0.0079118
-0.0082698
-0.0052585
-0.0084698
-0.0074776
-0.0022409
-0.012294
-0.0086034
-0.016447
-0.00041301
-0.022339
-0.069669
-0.16292
-0.18252
-0.072751
-0.46763
-0.3315
-0.28773
-0.078914
0.13448
0.04527
0.012005
0.018955
-0.0043313
-0.003741
-0.0010527
0.002147
0.0019126
0.0078681
0.0087943
0.020771
0.06264
0.16645
0.24407
0.23783
0.40526
0.36531
0.3726
0.36664
0.11993
-0.094806
-0.41029
-0.43034
0.57423
0.66168
0.76875
0.76647
0.83068
0.82241
0.87136
0.93054
0.98204
0.96534
1.0279
1.043
0.61187
0.51795
0.34872
0.23341
0.35281
0.43597
0.53865
0.51849
0.30311
0.3648
0.26306
0.34624
0.42451
0.54499
0.39655
0.33333
0.32945
0.35246
0.18048
0.188
0.047425
-0.00087124
0.0082411
-0.0048099
-0.0005328
-6.8664e-05
-0.0068226
-0.00011008
-0.0018708
-0.0014984
-0.0013176
-0.00053936
-0.0044413
-0.013803
-0.0044694
-0.00037109
-0.0036305
-0.0033931
-0.00087393
-0.0034612
0.017026
0.34313
0.52274
0.30025
0.33175
0.30963
0.20701
0.13277
0.12568
0.18027
0.18941
0.1902
0.20729
0.1921
0.1954
0.18428
0.16006
0.21069
0.33324
0.68664
1.0572
0.92174
0.65103
0.32237
0.35583
0.42243
0.31885
0.32165
0.16701
-0.073259
0.48297
0.6227
0.63758
0.64577
0.83348
0.94189
0.82978
0.81345
0.83149
0.93203
0.92387
0.74771
0.44363
0.095841
0.013887
-0.026168
0.15734
0.26249
0.079056
0.13327
0.20306
0.25649
0.31049
0.35126
0.42725
0.34735
0.16002
0.10223
0.031221
0.0135
-0.14734
-0.24134
-0.021163
0.0016422
0.24732
0.17359
0.040425
-0.0052923
-0.00046708
-0.0019681
-0.0029173
-0.0042312
-0.0007043
-0.0067035
-0.0074977
-0.014137
0.0089929
-0.0070401
-0.0061209
-0.00018478
-0.0036055
0.017199
0.40412
0.62399
0.4459
0.59601
0.27677
0.14857
0.25138
0.46668
0.43207
0.10754
0.10688
0.1217
0.14843
0.11738
0.094267
0.12061
0.13287
0.14503
0.23456
0.21701
0.55212
0.72845
1.0962
0.97679
0.69561
0.35632
0.33347
0.16919
0.0055087
-0.17938
-0.049694
0.19795
0.4651
0.48156
0.48905
0.61564
0.70043
0.73043
0.79478
0.99831
0.89118
0.82559
0.48422
0.15232
0.071825
-0.037773
0.0010067
-0.049511
-0.024955
0.10647
0.14905
0.35666
0.39023
0.28937
0.13958
-0.027277
0.068497
0.14761
0.26317
0.31039
0.054151
-0.091016
0.035259
0.14027
0.22006
0.16464
-0.00034161
0.00062997
-0.0021677
-0.0042476
-0.0019837
-0.0017852
-0.0035311
-0.0043324
-0.0043597
-0.0039352
-0.0051397
-0.0044431
-0.0047234
-0.018638
-0.0014513
-0.0020322
-0.0025658
0.62531
0.57471
0.48146
0.39911
0.25483
0.46551
0.63673
0.48088
0.18852
0.2212
0.15349
0.14439
0.11137
0.096286
0.099541
0.13774
0.11221
0.14956
0.12402
0.10774
0.11995
0.17512
0.21686
0.55539
1.312
1.4168
1.4081
0.9938
0.80415
0.9108
0.76749
0.68154
0.30549
0.12501
0.36787
0.59219
0.62084
0.6456
0.5849
0.70583
0.8096
0.93839
1.0852
0.7709
0.75101
0.46054
0.24569
0.11143
-0.013519
0.046936
0.014303
-0.064421
-0.0064773
0.16542
0.32586
0.31172
0.28412
0.088942
0.086578
0.02626
0.11743
0.21791
0.29106
0.028371
0.021724
0.0025185
0.26744
0.19519
0.12497
0.0053891
-0.0043211
-0.00045503
-0.0018058
-0.00026161
-0.00044066
-0.0032606
-0.0010479
-0.0072271
-0.0049597
-0.002259
-0.0074747
-0.0056724
-0.010605
-0.0018663
-0.0048436
-0.0080835
-0.0013208
-0.0029827
0.09817
0.62029
0.53661
0.42335
0.62485
0.50443
0.36133
0.30899
0.27639
0.18467
0.1734
0.14388
0.11883
0.12541
0.11663
0.15626
0.13731
0.1169
0.12303
0.11651
0.21609
0.32832
0.69113
1.3397
1.6498
1.7954
1.5969
1.2179
1.1094
1.1507
0.85018
0.67287
0.43102
0.50452
0.65842
0.89951
0.90602
0.79247
0.90382
0.8631
0.93746
1.1974
1.2716
1.1961
0.42054
0.19428
0.092122
0.11259
0.064204
0.11311
0.023698
0.063146
0.12245
0.16088
0.18584
0.21328
0.09618
0.04069
0.025687
0.12718
0.24896
0.26927
-0.018134
0.0378
0.019125
0.27785
0.21033
0.095793
0.0012505
-0.00094493
-0.0011386
-0.012267
-0.0074841
-0.003029
-0.012572
-0.0015981
-0.0039189
-0.010632
-0.011177
-0.011247
-0.0097488
-0.012781
-0.00057204
-0.0062516
-0.0013079
-0.0012323
-0.0044891
0.11924
0.58945
0.57067
0.66283
0.52532
0.45184
0.28448
0.31363
0.24363
0.27094
0.2153
0.18791
0.13501
0.13494
0.17115
0.15373
0.090481
0.11032
0.2174
0.12819
0.27093
0.6907
1.3558
1.7243
1.784
1.633
1.2932
1.26
1.2223
0.9618
0.67792
0.44906
0.60837
0.68941
0.82358
0.78659
0.80148
0.91667
0.90052
0.95202
1.017
1.1663
1.1844
0.92061
0.73631
0.89418
0.084809
0.050827
0.034695
0.1039
0.086108
0.11933
0.18356
0.16445
0.15801
0.17676
0.12566
0.16127
0.11592
0.23811
0.35429
-0.020294
0.070638
0.14162
0.32286
0.26228
0.14149
0.027839
0.0074702
-0.00061165
-0.0095744
-0.002925
-0.0033693
-0.016899
-0.00199
-0.0080272
-0.0063592
-0.010352
-0.0095468
-0.0067594
-0.0026417
-0.00094273
-0.015769
-0.018863
-0.001074
-0.0045393
0.15907
0.63698
0.85505
0.93906
0.76964
0.58437
0.41317
0.32144
0.22249
0.21965
0.17721
0.17287
0.16228
0.14313
0.12299
0.12035
0.14151
0.18442
0.14059
0.19772
0.24548
0.58622
1.2607
1.9541
1.9743
2.2402
1.9405
1.7315
1.5742
1.0871
1.1246
0.94808
1.0362
1.1512
1.1387
0.93902
1.002
1.0604
1.3104
1.1241
0.87202
0.77797
0.88438
0.90282
0.58108
0.17844
-0.074726
0.092419
0.16946
0.13512
0.31662
0.3102
0.38168
0.46563
0.54258
0.37354
0.34744
0.23216
0.22204
0.20955
0.33733
0.43257
0.039427
0.050312
0.11779
0.25961
0.2428
0.11757
0.023489
-0.007206
0.015193
-0.0010721
-0.0046591
-0.005764
-0.006543
-0.0071396
-0.0029349
-0.0099737
-0.0099216
-0.0092685
-0.011181
-0.012905
-0.0050824
-0.0072747
-0.0076351
-0.0093784
-0.00655
-9.2504e-05
0.39007
0.47198
0.62442
0.77477
0.58907
0.31959
0.33283
0.18703
0.16157
0.096018
0.081371
0.095226
0.13388
0.15356
0.1747
0.1727
0.15492
0.11752
0.19194
0.27313
0.74033
1.7776
1.9955
2.1223
1.6691
1.3361
1.3721
1.4084
1.1062
0.82503
0.50094
0.56776
0.85285
1.017
1.0689
1.0701
1.1865
1.2691
1.3027
1.3928
1.4442
1.3278
0.96461
0.75203
0.49065
0.35481
0.18844
0.22539
0.30056
0.26685
0.28274
0.41034
0.44196
0.4266
0.37066
0.38009
0.41161
0.32031
0.41367
0.4794
0.52917
0.043657
0.11084
0.12357
0.31795
0.25627
0.15219
0.022593
0.0032523
0.0022691
-0.0065331
-0.0043128
-0.0081481
-0.012047
-0.008123
-0.011884
-0.011421
-0.016852
-0.011861
-0.020374
-0.013565
-0.0062691
0.21786
0.84724
0.83784
0.96668
0.76021
0.65287
0.85139
0.99998
0.74883
0.57828
0.35232
0.30218
0.2604
0.21884
0.14454
0.14325
0.1375
0.12731
0.15048
0.1807
0.18531
0.17304
0.1536
0.21865
0.30626
0.559
1.4466
2.1412
2.3716
2.3431
2.3036
1.9276
1.8649
1.45
1.2944
1.0985
1.1309
1.3181
1.3129
1.3576
1.3368
1.3458
1.4927
1.3943
1.3467
1.0143
0.93666
0.78036
0.43504
0.15131
0.010163
0.11954
0.19673
0.15955
0.16975
0.29251
0.33025
0.32409
0.42661
0.33032
0.18743
0.11966
0.038582
0.11453
0.13123
0.28692
0.0060218
-0.12939
0.064665
0.23796
0.20541
0.11902
-0.00080381
-0.0044649
-0.0039594
-0.0035177
-0.016142
-0.0032674
-0.013034
-0.0075189
-0.0071019
-0.0067951
-0.011196
-0.013873
-0.012481
-0.015668
-0.0052679
-0.012118
-0.0060288
0.87907
0.8839
0.90761
0.58563
0.62536
0.96179
0.85512
0.64978
0.3972
0.33525
0.23425
0.21542
0.15809
0.1224
0.12794
0.12937
0.15942
0.15445
0.1534
0.18589
0.20547
0.21514
0.28525
0.66818
1.5752
2.0998
2.2726
2.3565
1.8143
1.7295
1.6277
1.3795
0.92684
0.62094
0.84598
1.1289
1.3358
1.3921
1.3992
1.3239
1.3565
1.4036
1.3467
0.95622
0.84824
0.60254
0.31983
0.1095
0.14793
0.18135
0.19432
0.23431
0.38694
0.36325
0.4644
0.5616
0.41692
0.38681
0.30379
0.31082
0.34139
0.36818
0.50377
0.13626
0.12121
0.095202
0.33822
0.26542
0.11768
0.018928
-0.0001064
-0.0031438
-0.010312
-0.0012042
-0.0063887
-0.014083
-0.0035678
-0.012003
-0.01204
-0.011716
-0.013587
-0.01532
-0.014796
-0.0078352
-0.0048792
-0.011181
-0.0059432
0.86953
0.89385
0.76997
0.91768
1.0983
0.97839
0.74772
0.52588
0.43111
0.24535
0.31552
0.22371
0.20483
0.16923
0.17099
0.16954
0.17327
0.19516
0.17346
0.20971
0.20163
0.32085
0.66793
1.6283
2.2251
2.5535
2.6783
2.6361
2.308
2.1085
1.6918
1.6131
1.4083
1.4081
1.4962
1.5708
1.5606
1.4037
1.3852
1.5009
1.6126
1.669
1.1155
0.74807
0.25903
-0.059978
-0.15571
0.010627
0.19272
0.21556
0.28903
0.2581
0.38378
0.51154
0.53669
0.44627
0.22591
0.044649
0.12193
0.19452
0.33931
0.41069
0.045692
0.12184
0.060695
0.31663
0.23746
0.071696
0.0044964
-0.0011928
-0.0013899
-0.018269
-0.00094898
-0.0060089
-0.0095188
-0.0049719
-0.017309
-0.015507
-0.0034963
-0.0097934
-0.0087358
-0.0095218
-0.0099785
-0.0098597
0.58109
0.84823
1.0336
0.85197
0.65193
0.75379
0.94145
1.0655
0.79212
0.35389
0.22132
0.2365
0.22449
0.14692
0.15173
0.17149
0.14282
0.14295
0.13462
0.16064
0.15433
0.18537
0.23773
0.36735
0.84142
1.7646
2.343
2.5375
2.6122
2.3305
2.1874
0.96328
1.3223
1.5242
1.5006
1.3461
1.3003
1.4786
1.6646
1.7113
1.6475
1.4499
1.1043
0.99887
1.2418
1.0518
0.69191
0.27623
0.085171
0.18323
0.16542
0.30149
0.32307
0.39818
0.48425
0.38264
0.47009
0.43995
0.34741
0.21112
0.14305
0.02525
0.14883
0.38954
0.27527
0.065784
-0.0020258
-0.010553
-0.0025716
-0.0042339
-0.0030983
-0.0021235
-0.007631
-0.0061067
-0.0099298
-0.0077913
-0.008887
-0.010838
-0.0045929
-0.017465
0.0028471
-0.012944
-0.0061539
-0.0022852
-0.0078157
0.13024
0.91465
0.81709
0.97971
1.2344
1.1534
0.71291
0.49965
0.29281
0.29104
0.2167
0.15874
0.15621
0.10533
0.13853
0.1476
0.12561
0.15752
0.16584
0.11365
0.21736
0.24934
0.59881
1.3672
2.2113
2.6481
2.5472
2.5116
2.5165
2.4049
2.0628
1.4661
1.0627
1.2034
1.6748
1.9837
1.9297
1.8579
1.9236
1.6514
1.4056
1.4088
1.3953
0.78369
0.33454
-0.025804
-0.093815
0.088188
0.24727
0.22404
0.31194
0.44565
0.47756
0.59484
0.6781
0.57635
0.30864
0.15611
0.18784
0.29454
0.40605
0.50574
0.095832
0.13298
0.27663
0.37606
0.33048
0.11231
0.020523
-0.0070938
-0.0091095
-0.015065
-0.0080653
-0.0077208
-0.013641
-0.0147
-0.0079918
-0.0090983
-0.0094457
-0.0082443
-0.010018
-0.0032002
-0.0066247
0.090296
0.4811
0.80192
1.043
0.7831
0.69543
0.57359
0.85414
1.0087
0.67791
0.41009
0.38774
0.33878
0.29726
0.29175
0.24577
0.14769
0.14951
0.16212
0.21667
0.12309
0.21768
0.2689
0.34934
0.81054
1.6017
2.6475
2.5807
2.2086
1.9806
1.6419
1.4373
1.3997
1.5414
1.702
1.727
1.8654
1.9062
1.8088
1.7214
1.9106
1.9049
1.5428
1.3015
1.3716
1.4344
1.1463
0.46979
0.050197
-0.10723
0.13664
0.51955
0.37316
0.53708
0.53945
0.50136
0.52871
0.69619
0.59976
0.49946
0.40553
0.37901
0.52054
0.67783
0.78377
0.2228
0.2088
0.10478
-0.0026188
-0.0067185
0.0012601
-0.0054521
-0.0062504
-0.0020287
-0.010469
-0.0064866
-0.0072914
-0.010156
-0.011153
-0.014739
-0.010155
-0.019201
-0.0057353
-0.0056162
-0.0093039
-0.0034545
-0.0040459
0.12019
1.0883
1.3786
1.5444
1.2603
1.1525
1.1446
1.4079
1.2587
0.82784
0.68706
0.27006
0.26161
0.26565
0.22047
0.18234
0.16773
0.14017
0.15868
0.14201
0.11171
0.11893
0.13719
0.22337
0.15354
0.5891
1.4199
2.6339
2.6294
2.2413
1.9233
1.6138
1.7017
1.9398
2.0022
1.9932
1.9891
2.067
2.0689
2.0485
2.0811
2.0191
1.8845
1.4552
1.4474
1.3392
0.81637
0.35292
-0.012181
-0.084845
0.095421
0.36305
0.43003
0.53689
0.55622
0.78544
0.78493
0.69157
0.73525
0.44494
0.14493
0.27599
0.3857
0.50687
0.59275
0.32442
0.23508
0.17424
0.029233
0.0017973
-0.0036744
-0.0117
-0.005082
-0.008929
-0.0018603
-0.015489
-0.0081417
-0.01048
-0.01307
-0.011309
-0.013401
-0.0063525
-0.011315
-0.013288
-0.0080144
-0.015459
-0.0077998
-0.0022097
0.103
0.5583
0.55001
0.6378
0.54786
0.30325
0.33655
0.37971
0.40225
0.44239
0.47243
0.43623
0.30583
0.22709
0.19957
0.19308
0.1733
0.27608
0.48933
1.3855
1.8922
2.2517
2.4999
2.7012
2.8093
2.3865
2.0825
1.7393
1.4852
1.3341
1.2921
1.2272
1.224
1.2208
1.2789
1.4017
1.4058
1.3137
1.1445
1.3619
1.4688
1.4316
1.3963
1.5404
1.4039
0.65243
0.5292
0.38038
0.40909
0.85167
1.6969
2.1462
2.4933
2.5366
2.6429
2.6706
2.6387
2.4756
2.274
2.2399
2.2792
2.0501
2.1795
2.0142
1.8219
1.4014
0.72723
0.25768
0.11859
-0.00020089
0.0032001
-0.0015066
-0.0092538
-0.00253
-0.01167
-0.005491
-0.0061294
-0.011065
-0.0076076
-0.0097604
-0.011921
-0.0075666
-0.010706
-0.0046114
-0.0027141
-0.0089244
-0.0055292
-0.094397
-0.10373
-0.015449
-0.030797
-0.029474
-0.0055982
0.045939
0.057636
0.0071362
0.043175
-0.063586
-0.11189
-0.11457
-0.089641
-0.076533
-0.069621
-0.03799
-0.047955
-0.025293
-0.069446
-0.056345
-0.048021
-0.092398
-0.20883
-0.11789
0.10943
0.31556
0.40645
0.72258
0.70468
0.6761
0.81022
0.74949
1.0879
1.259
1.462
1.4497
1.3297
1.3881
1.3878
1.1199
1.2584
1.2738
1.1434
1.1225
0.81563
0.36379
0.076725
0.067936
0.10648
0.4439
1.1498
1.1085
1.2601
1.3809
1.4395
1.5654
1.5061
1.5971
1.5212
1.4368
1.4688
1.3672
1.2376
1.1845
1.1037
1.1427
0.89269
0.89785
0.7205
0.41056
0.1867
0.037875
-0.0024445
-0.0022445
-0.015552
-0.0083797
-0.0060234
-0.0031979
-0.018256
-0.0050023
-0.016195
-0.0043274
-0.0029078
-0.010775
0.00024119
-0.0024931
-0.0059094
0.0671
0.091666
0.024301
0.049376
0.034439
0.059927
0.194
0.28483
0.36321
0.16515
0.056679
0.0053443
-0.012296
-0.029604
-0.040973
-0.0043249
0.007499
0.069336
0.10234
0.088412
0.15021
0.15741
0.24458
0.4586
0.44476
0.61846
0.88974
1.0881
1.4437
1.2168
1.1356
1.0371
1.1261
1.0891
1.1944
1.3927
1.3195
1.3359
1.3992
1.3861
1.3402
1.3326
1.3358
1.2395
1.5483
1.6831
1.6513
1.2701
0.74905
0.26259
0.1926
0.25275
0.91629
1.4886
1.7268
1.7852
1.7898
1.899
2.11
2.2154
2.0447
1.7913
1.7609
1.5284
1.6524
1.4586
1.2445
0.94002
0.6062
0.32604
0.042848
0.0017258
0.004569
-0.0028116
-0.0034316
-0.0024481
-0.0066431
-0.0058198
-0.0059528
-0.0072522
-0.0060374
-0.0094257
-0.0097487
-0.007153
-0.0037862
-0.0081433
-0.003719
-0.0018652
-0.0038655
-0.0051221
-0.047394
0.0015414
0.025921
0.09201
0.096408
0.098251
0.19425
0.17289
0.16135
0.046218
-0.041764
-0.011132
0.010146
0.080811
0.082035
0.083504
0.065571
-0.016132
-0.0072838
0.069316
0.35871
0.59704
0.62275
0.59555
0.72077
0.87382
0.90657
0.94287
1.0297
1.1224
1.1721
1.1957
1.1713
1.1854
1.3298
1.4872
1.5285
1.7076
1.4957
1.4086
1.3734
1.6667
1.4725
1.2718
0.81214
0.3817
0.10163
0.082364
0.11557
0.53627
1.0422
1.2983
1.4453
1.4467
1.5515
1.6406
1.6219
1.6127
1.4841
1.4539
1.335
1.0491
1.0009
0.97105
0.78187
0.56138
0.3632
0.097295
-0.0013556
-0.041096
-0.00044952
-0.0056279
-0.0011564
-0.003676
-0.0077477
0.0016789
-0.0047481
-0.0077356
-0.002154
-0.0049605
-0.0036641
-0.0061666
-0.0058367
-0.0034456
-0.016054
-0.00051969
-0.033997
0.081633
0.041674
0.024613
0.009127
0.07714
0.12978
0.2084
0.2498
0.23484
0.12883
0.040467
0.096105
0.10976
0.097022
0.09856
0.10039
0.070757
-0.017783
-0.058726
0.2096
0.31524
0.48483
0.64591
0.59511
1.0239
0.93417
0.72813
0.88063
0.85802
0.91835
1.0336
1.1815
1.2817
1.2944
1.2206
1.2003
1.156
1.2913
1.3525
1.3399
1.4292
1.4316
1.2979
0.8861
0.40609
0.13035
0.080754
0.15981
1.5019
1.689
1.6495
1.6997
1.7463
1.7232
1.6956
1.6935
1.5991
1.5939
1.5469
1.5279
1.4034
1.5428
1.2408
1.1312
0.85494
0.76389
0.36712
0.066808
-0.0021175
0.088483
-0.0031064
-0.0042581
-0.0046118
-0.0028584
-0.0080925
-0.0086489
-0.0050679
-0.0054466
-0.0014061
-0.00083706
0.00062018
-0.0070613
-0.0018893
-0.0076182
0.021782
-0.0096024
0.013379
0.0059723
0.032761
0.13569
0.22764
0.212
0.21591
0.11091
0.066009
-0.031011
-0.0016932
-0.054058
-0.035411
-0.035153
-0.027519
-0.0014387
0.011504
0.066459
0.094437
0.054018
0.13852
0.34608
0.39627
0.47379
0.67282
0.66337
0.96466
0.92782
0.86203
0.77908
0.90964
1.0482
1.1694
1.1245
1.1394
1.1056
1.1431
1.1883
1.4651
1.7488
1.6751
0.93947
0.63684
0.19777
0.16835
0.32301
1.1645
1.4756
1.4985
1.4497
1.6964
1.8228
2.04
2.0443
1.9919
1.8326
1.7374
1.7569
1.7628
1.733
1.7115
1.4759
1.5501
1.2738
1.226
0.80652
0.52888
0.22729
0.026833
0.006367
0.00036966
-0.0024714
-0.0039198
-0.0043834
-0.0041747
0.0031343
-0.0037123
-0.0030214
-0.0024998
-0.0019968
-0.0020736
0.0042369
-0.0016652
-0.005156
-0.13025
0.050462
0.0051832
0.063863
0.077085
0.1157
0.16939
0.18136
0.1621
0.028086
-0.060503
-0.066366
-0.029491
-0.010633
0.03611
0.040328
0.060996
0.048269
0.016951
-0.0017995
-0.039528
-0.043088
-0.044729
0.16281
0.35086
0.41053
0.47643
0.61507
0.816
0.76255
0.74876
0.78644
0.99789
0.95162
1.053
1.1048
1.1453
1.22
1.2974
1.3479
1.2963
1.3692
1.3541
1.3378
1.5185
1.6258
1.2711
1.0214
0.28114
0.76467
1.2165
1.3151
1.5108
1.5596
1.5555
1.686
1.6982
1.6839
1.5866
1.5365
1.5346
1.4724
1.5042
1.4883
1.3729
1.1479
1.0235
0.90554
0.83045
0.66298
0.36128
0.092727
-0.00031774
0.046949
-0.00024237
-0.00010569
-0.0016871
-0.0032302
-0.0091172
-0.0011275
-0.0063014
-0.0051664
-0.0041142
-0.004228
0.00059497
-0.00099913
0.0032513
-0.0022
-0.0016475
0.00039114
-0.0061311
0.030349
0.05773
0.047495
0.03438
0.088565
0.12375
0.080735
-0.0023911
-0.0029931
-0.00087994
-0.041134
0.012772
0.010836
-0.024456
0.015986
0.0068495
0.090201
0.049856
0.016261
0.19582
0.39828
0.43212
0.55
0.71272
0.97286
0.9287
0.87434
0.74099
0.90416
0.96103
1.0576
1.3759
1.3241
1.1791
1.1642
1.1953
1.3623
1.4713
1.551
1.4778
1.5285
1.6318
1.4726
0.90248
0.64378
0.27078
0.11286
0.27851
0.99635
1.3574
1.4709
1.5559
1.7192
1.7218
1.644
1.609
1.5925
1.4882
1.4687
1.258
1.4573
1.1576
1.0466
0.76792
0.56138
0.2763
0.093816
0.010949
-0.00033705
-0.0022361
-0.0049762
-0.00067078
-0.0016425
-0.0067357
-0.0078966
-0.006221
-0.0062335
-0.0042918
-0.0061056
0.015619
-0.0083064
-0.0061124
-0.0012421
-0.0074297
-0.00094416
-0.0054994
0.04517
0.053647
0.05482
0.038618
0.10624
0.15249
0.21448
0.23862
0.21461
0.17573
0.079287
-0.029341
-0.035775
-0.025405
-0.025432
0.063682
0.076355
0.061194
0.06606
0.10849
0.077742
0.038608
0.71233
0.71673
0.979
0.82094
0.85526
0.79183
0.96885
0.96042
1.0398
0.99382
1.0474
1.1032
1.1075
1.0695
1.0741
1.0898
1.3197
1.3737
1.4682
1.5838
1.1855
1.0344
0.53954
0.15915
0.10019
0.29157
1.036
1.5104
1.5701
1.6473
1.7416
1.9341
1.9265
1.8303
1.82
1.7012
1.6307
1.3596
1.4654
1.1353
1.1354
0.84288
0.53778
0.27213
0.015697
0.0059322
-0.00083443
-0.0059096
-0.0019821
-0.0049134
-0.004698
-0.0048615
-0.0056935
-0.0072775
-0.0084612
-0.0092646
-0.0093709
-0.0080914
-0.0069288
-0.0022668
-0.0026726
-0.0070629
-0.0013818
-0.0061901
-0.055466
0.072151
0.051693
0.034522
0.038915
0.087782
0.12116
-0.044327
-0.061806
-0.051694
-0.068911
-0.024394
-0.040676
0.0031703
0.0041597
-0.0085314
0.010223
-0.11064
-0.091964
0.054179
0.2019
0.20028
0.47148
0.57769
0.74908
0.72102
0.77282
0.71659
0.97387
0.92445
1.0846
1.127
1.1208
1.1471
1.2261
1.3116
1.5748
1.5907
1.4893
1.5454
1.7849
1.9938
1.8444
0.74234
0.53797
0.28619
0.1872
0.33468
1.1298
1.4549
1.6332
1.7424
1.7082
1.8944
1.8104
1.673
1.612
1.5793
1.4844
1.1997
1.3911
1.1383
0.95893
0.78119
0.39979
0.18555
0.0088587
-0.00048765
0.0034091
-0.0057246
-0.0042197
0.0070976
-0.0070528
-0.0055298
0.00202
-0.0054999
-0.0054322
-0.0012287
-0.0068522
0.0039136
-0.0022501
-0.0080108
-0.0046602
-0.0075376
-0.0016083
-0.010007
0.013412
0.038895
0.020132
0.061739
0.021881
0.088245
0.098288
0.15224
0.12887
0.067533
0.024884
-0.05178
0.037079
0.044363
0.035059
-0.031902
-0.072475
-0.20254
-0.13967
0.097025
0.15604
0.31297
0.42217
0.49613
0.75971
0.63826
0.76634
0.7444
0.87527
0.98584
1.1087
1.0972
1.0814
1.145
1.2482
1.3117
1.3071
1.3164
1.4344
1.4062
1.4715
1.3811
1.232
0.96423
0.50804
0.12971
0.084294
0.20591
0.93275
1.1601
1.3208
1.4765
1.6279
1.6943
1.7625
1.8216
1.8354
1.8841
1.7597
1.5224
1.5564
1.6163
1.3276
1.1851
0.83899
0.62436
0.32003
0.052923
0.0015535
-0.013144
-0.0030398
-0.010416
-0.00097604
-0.0029626
-0.014068
-0.0024887
-0.004573
-0.0077597
-0.0070224
-0.0071431
0.0032695
-0.0072694
-0.0030489
-0.0032221
-0.0031876
-0.0046187
-0.0071966
0.042566
0.02277
0.046832
0.063082
0.070683
0.11622
0.14336
0.16668
0.13326
0.01506
-0.050343
-0.061339
-0.061593
-0.047778
-0.038242
-0.0026635
0.019843
-0.029607
-0.017466
-0.055874
-0.081079
-0.1479
-0.24676
-0.10086
0.14201
0.2259
0.31391
0.51748
0.68687
0.68576
0.65858
0.82599
0.87999
0.9288
1.1097
1.0509
1.1051
1.1221
1.2163
1.3729
1.4143
1.3018
1.4526
1.3708
1.4884
1.7139
1.4039
0.62889
0.44352
0.25324
0.092649
0.21491
1.03
1.2985
1.2073
1.4033
1.6131
1.6847
1.74
1.839
1.8369
1.7377
1.6026
1.5706
1.445
1.4186
1.3922
1.283
1.422
1.1987
0.99787
0.60713
0.35237
0.1889
-0.0015439
0.00039234
0.014349
-0.0053692
-0.0033525
-0.0038615
-0.0043955
-0.0033564
-0.0044865
-0.0057206
-0.0083604
-0.0049844
-0.0043221
-4.6727e-05
-0.0091995
-0.0067323
-0.0047858
-0.011443
-0.00027032
-0.022808
-0.058781
0.076861
0.017132
-0.02259
0.019539
0.030193
0.10245
0.17377
0.12673
0.1359
-0.002488
-0.040165
-0.060886
-0.045614
-0.050546
-0.0089833
0.015861
0.031979
-0.0051948
0.027295
-0.038722
-0.20367
-0.16544
0.095123
0.28104
0.27626
0.60288
0.64344
0.85151
0.71709
0.78204
0.86133
1.0222
0.98334
1.1289
1.14
1.1413
1.1549
1.2498
1.2851
1.484
1.4108
1.2215
1.3802
1.7429
1.7972
1.6658
0.69656
0.5804
0.29312
0.18582
0.4315
1.1687
1.6172
1.8201
1.7778
1.9072
1.9118
2.0128
2.0088
2.0922
2.0521
1.9836
1.8018
1.7211
1.6245
1.5616
1.3676
1.4684
1.3028
1.2208
0.68666
0.43457
0.24103
0.014885
0.0032337
-0.0002071
-0.003447
-0.0036496
-0.0043622
-0.0022923
-0.0044177
-0.0047969
-0.0052855
-0.0064498
-0.0085522
-0.0096972
6.4774e-05
-0.0074711
-0.0021427
-0.004666
-0.012469
-0.0019579
-0.17074
-0.078558
-0.042783
-0.057374
-0.044811
0.0096023
0.023816
0.039934
0.046193
0.048012
-0.090561
-0.13743
-0.12488
-0.12279
-0.10563
-0.077811
-0.069033
-0.058784
-0.053288
-0.068613
-0.081636
-0.095839
-0.13918
-0.27589
-0.20236
-0.055407
0.033336
0.24074
0.44903
0.51461
0.72338
0.55817
0.67361
0.95012
1.0464
1.164
1.223
1.2384
1.2211
1.3272
1.4738
1.5391
1.5484
1.6537
1.5701
1.7478
1.9569
1.5915
0.61376
0.54654
0.31147
0.17593
0.38355
1.217
1.56
1.4876
1.4748
1.5992
1.5276
1.7276
1.9065
1.9444
1.8246
1.7147
1.4614
1.2659
1.3129
1.3324
1.2557
1.4227
1.505
0.9687
0.67737
0.39932
0.17272
0.0087674
-0.0012089
-0.0026732
-0.0085855
-0.00052189
0.00056236
-0.0025414
0.0064496
-0.0075139
0.0012729
-0.0053138
-0.0063662
-0.0012998
0.0001526
-0.0064879
-0.0030187
-0.0048619
-0.010677
0.012062
-0.0030035
-0.19825
0.044777
0.026669
-0.0044031
0.0491
0.075006
0.08409
0.10378
0.11373
0.080294
-0.016513
-0.090102
-0.067388
-0.088387
0.0096591
0.010943
0.056413
0.012509
0.0029904
-0.026349
-0.067996
-0.099547
-0.1582
0.045487
0.22398
0.29469
0.42679
0.49311
0.83631
0.81566
0.68454
0.86803
0.95694
1.0892
1.1254
1.1555
1.3313
1.3912
1.4402
1.5675
1.5285
1.5123
1.6022
1.6384
1.9312
1.8508
1.4904
0.78006
0.48251
0.091264
0.07563
0.25225
1.0054
1.2544
1.2141
1.4283
1.7594
1.6957
1.8267
1.8189
1.7271
1.6283
1.5832
1.5634
1.6242
1.6539
1.5787
1.3553
1.447
1.0606
1.0749
0.72197
0.69701
0.34983
0.13619
-0.00085962
-0.0020471
0.0061828
-0.0058474
-5.8992e-05
-0.0045891
-0.0015958
-0.010417
-0.0031304
-0.0068191
-0.012931
-0.011025
-2.5065e-05
-0.0069639
-0.0090526
-0.0042175
-0.01516
-0.0029588
-0.0055224
0.036842
-0.013404
0.042284
0.0042527
0.058966
0.077012
0.13369
0.16214
0.15049
0.092198
-0.019657
-0.039834
-0.037812
-0.02755
0.016541
0.096841
0.07657
0.0078492
0.022842
0.06064
-0.010238
0.0037908
-0.035814
0.15579
0.37651
0.47613
0.57533
0.76442
0.87155
1.0379
0.86891
0.85051
1.0734
0.95151
1.062
1.2056
1.236
1.2011
1.2687
1.3261
1.4149
1.4554
1.603
1.5149
1.764
1.9474
1.737
0.9067
0.69296
0.35498
0.2527
0.50709
1.2851
1.6428
1.5976
1.7591
1.976
1.9793
2.1394
2.1352
2.1404
2.0191
1.8171
1.7414
1.7456
1.6846
1.665
1.5007
1.5497
1.6237
1.3064
0.78289
0.50426
0.27956
0.029454
-0.00082376
0.012005
-0.0032011
-0.0051254
-0.0011513
-0.0035806
-0.0050292
-0.0022911
-0.0045087
-0.006034
-0.0037852
0.00021365
-0.0073235
-0.0052338
-0.0058396
-0.0018847
-0.010382
-0.0056384
-0.1043
-0.043353
0.020125
0.097901
0.081512
0.1363
0.23389
0.20255
0.13088
0.034927
0.0088315
0.050744
0.060438
0.046985
0.05603
0.061704
0.05186
0.0068041
-0.005847
-0.019385
-0.020226
-0.017551
0.026117
0.0039409
0.016786
-0.037744
-0.084689
-0.10986
-0.13136
-0.093504
-0.059485
-0.016246
-0.099816
-0.21555
-0.32422
-0.35407
-0.3464
-0.34322
-0.27269
-0.29159
-0.30129
-0.31036
-0.35596
-0.35068
-0.34679
-0.31807
-0.30099
-0.29234
-0.30313
-0.29877
-0.276
-0.23255
-0.19543
-0.12961
-0.10523
-0.092564
-0.11628
-0.13741
-0.18005
-0.17231
-0.19571
-0.20076
-0.20738
-0.1817
-0.17234
-0.15786
-0.17393
-0.19715
-0.1957
-0.18863
-0.16081
-0.15454
-0.15848
-0.18141
-0.21947
-0.23708
-0.21706
-0.22393
-0.22718
-0.22016
-0.23414
-0.23165
-0.2303
-0.23536
-0.22607
-0.23896
-0.25578
-0.27541
-0.29457
-0.29898
-0.30044
-0.28841
-0.27185
-0.26982
-0.24959
-0.24813
-0.24932
-0.24594
-0.24574
-0.23705
-0.22514
-0.22617
-0.2331
-0.26591
-0.25472
-0.2435
-0.22394
-0.2205
-0.22595
-0.21959
-0.21881
-0.23352
-0.23413
-0.24682
-0.2298
-0.23101
-0.22215
-0.22186
-0.20801
-0.22351
-0.22374
-0.22355
-0.20721
-0.20889
-0.19402
-0.19699
-0.19703
-0.19759
-0.19548
-0.19926
-0.19335
-0.20922
-0.19574
-0.19707
-0.20881
-0.20499
-0.19944
-0.20002
-0.2105
-0.19798
-0.20847
-0.21132
-0.20577
-0.20799
-0.19662
-0.19718
-0.19827
-0.19816
-0.19993
-0.19166
-0.1886
-0.17788
-0.19171
-0.15232
-0.14077
-0.15201
-0.15643
-0.15441
-0.15137
-0.1659
-0.16347
-0.15721
-0.16394
-0.158
-0.15536
-0.16351
-0.15492
-0.14571
-0.16397
-0.17237
-0.17292
-0.17174
-0.16995
-0.16192
-0.16513
-0.16206
-0.1605
-0.15766
-0.16327
-0.15785
-0.16579
-0.1549
-0.16586
-0.17335
-0.16683
-0.16165
-0.14876
-0.15854
-0.15996
-0.16511
-0.14822
-0.16191
-0.17376
-0.16986
-0.18061
-0.16625
-0.16373
-0.1589
-0.16178
-0.16827
-0.17077
-0.18188
-0.17592
-0.17227
-0.17501
-0.16941
-0.17779
-0.17036
-0.17152
-0.1568
-0.14238
-0.13306
-0.13392
-0.12042
-0.12228
-0.11214
-0.12065
-0.11369
-0.12252
-0.11287
-0.11319
-0.11023
-0.12716
-0.11691
-0.13974
-0.14756
-0.13478
-0.14266
-0.14732
-0.1495
-0.15543
-0.15897
-0.16722
-0.15948
-0.16313
-0.15734
-0.15316
-0.14677
-0.14876
-0.14486
-0.13751
-0.12946
-0.13279
-0.12722
-0.12439
-0.24145
-0.23374
-0.21911
-0.2318
-0.21802
-0.2216
-0.22391
-0.23235
-0.22929
-0.22841
-0.22778
-0.22752
-0.23325
-0.23615
-0.22813
-0.23124
-0.23438
-0.23567
-0.22051
-0.22933
-0.22673
-0.22994
-0.22707
-0.22741
-0.22396
-0.22036
-0.22945
-0.23287
-0.2339
-0.23004
-0.23679
-0.24024
-0.23851
-0.24594
-0.23994
-0.23515
-0.23816
-0.22704
-0.24544
-0.24421
-0.23782
-0.25256
-0.24674
-0.23615
-0.24207
-0.23457
-0.23423
-0.24364
-0.23913
-0.23631
-0.22487
-0.22489
-0.23341
-0.23112
-0.22307
-0.22412
-0.2301
-0.22844
-0.22766
-0.22746
-0.23285
-0.23095
-0.21715
-0.22033
-0.2347
-0.22175
-0.2309
-0.23022
-0.23398
-0.22506
-0.22752
-0.23287
-0.22973
-0.2296
-0.22624
-0.2261
-0.22902
-0.2243
-0.23107
-0.22132
-0.22248
-0.2275
-0.22293
-0.22194
-0.22225
-0.21762
-0.22075
-0.2213
-0.23394
-0.22528
-0.22162
-0.21737
-0.2205
-0.22304
-0.2222
-0.22159
-0.2284
-0.2215
-0.22747
-0.24009
-0.24872
-0.2515
-0.24857
-0.26563
-0.27779
-0.26792
-0.27111
-0.27922
-0.27185
-0.27078
-0.2643
-0.26548
-0.27181
-0.25919
-0.2718
-0.2547
-0.26061
-0.26334
-0.25751
-0.2635
-0.26311
-0.25279
-0.2511
-0.24922
-0.25819
-0.26207
-0.26803
-0.2615
-0.2457
-0.2441
-0.25435
-0.24697
-0.25332
-0.2623
-0.24857
-0.25744
-0.25306
-0.23912
-0.24654
-0.24566
-0.2479
-0.25307
-0.24483
-0.2438
-0.24534
-0.24569
-0.2395
-0.2478
-0.24196
-0.24056
-0.2522
-0.24185
-0.23755
-0.23153
-0.23946
-0.22684
-0.23793
-0.24434
-0.23862
-0.24518
-0.23033
-0.24433
-0.23981
-0.25206
-0.23548
-0.24537
-0.23146
-0.23742
-0.23617
-0.24148
-0.24181
-0.25109
-0.24913
-0.24641
-0.2339
-0.2533
-0.25194
-0.24411
-0.2376
-0.24283
-0.23563
-0.24684
-0.24016
-0.24
-0.24034
-0.24282
-0.23293
-0.23829
-0.23697
-0.24142
-0.23565
-0.23383
-0.22324
-0.23712
-0.24427
-0.26729
-0.26156
-0.26184
-0.26585
-0.26427
-0.25652
-0.26931
-0.26843
-0.25355
-0.25807
-0.2486
-0.24365
-0.25582
-0.25266
-0.24692
-0.24421
-0.2463
-0.23958
-0.24725
-0.24653
-0.24686
-0.24334
-0.24339
-0.24341
-0.23898
-0.2377
-0.24667
-0.25821
-0.24827
-0.24667
-0.23291
-0.24159
-0.25011
-0.24411
-0.23315
-0.22457
-0.23048
-0.23438
-0.23475
-0.23069
-0.23533
-0.24
-0.24144
-0.24047
-0.22825
-0.23406
-0.23781
-0.23508
-0.2242
-0.23757
-0.23357
-0.23809
-0.23028
-0.23412
-0.23839
-0.22683
-0.24461
-0.23537
-0.23305
-0.24208
-0.23137
-0.23831
-0.2322
-0.2267
-0.22975
-0.23437
-0.231
-0.23653
-0.23561
-0.23023
-0.23398
-0.237
-0.24207
-0.23626
-0.23229
-0.24792
-0.23785
-0.23299
-0.22909
-0.22736
-0.24481
-0.23684
-0.23455
-0.22663
-0.22577
-0.23464
-0.23888
-0.23506
-0.23286
-0.24419
-0.2278
-0.23381
-0.22695
-0.22719
-0.22922
-0.2309
-0.2306
-0.22485
-0.23899
-0.23175
-0.23187
-0.23532
-0.22854
-0.23633
-0.23752
-0.23282
-0.23435
-0.22092
-0.23594
-0.22916
-0.24449
-0.2417
-0.23796
-0.23588
-0.22895
-0.23066
-0.23413
-0.24213
-0.22822
-0.23402
-0.24018
-0.23048
-0.2274
-0.23051
-0.22886
-0.22405
-0.23477
-0.22578
-0.22838
-0.22867
-0.23081
-0.23928
-0.22972
-0.22904
-0.22692
-0.22241
-0.22695
-0.22771
-0.23282
-0.23215
-0.23377
-0.23026
-0.23137
-0.23417
-0.22694
-0.23606
-0.23405
-0.23526
-0.24205
-0.23141
-0.23699
-0.24331
-0.23378
-0.2304
-0.24068
-0.2344
-0.2417
-0.2298
-0.23243
-0.23351
-0.2393
-0.23956
-0.23078
-0.22188
-0.23467
-0.21731
-0.23678
-0.21728
-0.22412
-0.23113
-0.23184
-0.22757
-0.23788
-0.23224
-0.23721
-0.23881
-0.23589
-0.22713
-0.22752
-0.22994
-0.2342
-0.22474
-0.24118
-0.23318
-0.23063
-0.22995
-0.23309
-0.22817
-0.23631
-0.22903
-0.23079
-0.22885
-0.23302
-0.23381
-0.22941
-0.2289
-0.23618
-0.23145
-0.2215
-0.23054
-0.23447
-0.22627
-0.23242
-0.23414
-0.23437
-0.22497
-0.23295
-0.23256
-0.22567
-0.22387
-0.2308
-0.23775
-0.22497
-0.22931
-0.22258
-0.21535
-0.22405
-0.22374
-0.22401
-0.22258
-0.22469
-0.22862
-0.22756
-0.23041
-0.21866
-0.22999
-0.21576
-0.2295
-0.22648
-0.22828
-0.21673
-0.23292
-0.22874
-0.23402
-0.22045
-0.22792
-0.22997
-0.23344
-0.23241
-0.22413
-0.23192
-0.22347
-0.2262
-0.22513
-0.22564
-0.22152
-0.22615
-0.21248
-0.23396
-0.22777
-0.23817
-0.22502
-0.22322
-0.23382
-0.23167
-0.23668
-0.22343
-0.22913
-0.22716
-0.22975
-0.22679
-0.23752
-0.22704
-0.23229
-0.22568
-0.22534
-0.23198
-0.22753
-0.22284
-0.23121
-0.21884
-0.23536
-0.21859
-0.23026
-0.21654
-0.23011
-0.21772
-0.22477
-0.21164
-0.23405
-0.22437
-0.23123
-0.22779
-0.22618
-0.2211
-0.23193
-0.22467
-0.23073
-0.23922
-0.22854
-0.22371
-0.23795
-0.23091
-0.23006
-0.22349
-0.22933
-0.22629
-0.22682
-0.22851
-0.228
-0.22559
-0.22875
-0.22778
-0.2266
-0.22847
-0.22505
-0.2179
-0.23054
-0.22117
-0.2182
-0.21851
-0.232
-0.22503
-0.23028
-0.2217
-0.22929
-0.22587
-0.22515
-0.23014
-0.22746
-0.2241
-0.21612
-0.22553
-0.22964
-0.22835
-0.2308
-0.22343
-0.23808
-0.22234
-0.22585
-0.2127
-0.22348
-0.2216
-0.2231
-0.22372
-0.23108
-0.22383
-0.22973
-0.22781
-0.22428
-0.22606
-0.21381
-0.22626
-0.22428
-0.2153
-0.22502
-0.2218
-0.21317
-0.21925
-0.21968
-0.22385
-0.22474
-0.23406
-0.2293
-0.22807
-0.22554
-0.22623
-0.22471
-0.22109
-0.22214
-0.22714
-0.22374
-0.22796
-0.22463
-0.22618
-0.22336
-0.22681
-0.21876
-0.22775
-0.23315
-0.22906
-0.21944
-0.2385
-0.22279
-0.22891
-0.22992
-0.23071
-0.22256
-0.22578
-0.22288
-0.23232
-0.22223
-0.22699
-0.22332
-0.2242
-0.22381
-0.21256
-0.22766
-0.22756
-0.22716
-0.22763
-0.22323
-0.22888
-0.2306
-0.23672
-0.22582
-0.22537
-0.22507
-0.23369
-0.22229
-0.22356
-0.22364
-0.23006
-0.22191
-0.22453
-0.22315
-0.22702
-0.2133
-0.21037
-0.224
-0.22147
-0.23043
-0.21816
-0.2274
-0.22307
-0.22392
-0.2281
-0.23757
-0.21565
-0.22489
-0.22866
-0.236
-0.22277
-0.22217
-0.23996
-0.22943
-0.23186
-0.23667
-0.22991
-0.2294
-0.22942
-0.23425
-0.22516
-0.22737
-0.21395
-0.22884
-0.23171
-0.22882
-0.22164
-0.22692
-0.22221
-0.23024
-0.22941
-0.21787
-0.22079
-0.22862
-0.22736
-0.22581
-0.22946
-0.21301
-0.23642
-0.22899
-0.2256
-0.23443
-0.21563
-0.22523
-0.23522
-0.2164
-0.23099
-0.22764
-0.23755
-0.22581
-0.23275
-0.23261
-0.22508
-0.22443
-0.23937
-0.21783
-0.2276
-0.21768
-0.21723
-0.22787
-0.22678
-0.21786
-0.23262
-0.22799
-0.2194
-0.22715
-0.2318
-0.23032
-0.22695
-0.23292
-0.22373
-0.22797
-0.22986
-0.22976
-0.22789
-0.23671
-0.22303
-0.22777
-0.2166
-0.22426
-0.22526
-0.23027
-0.23893
-0.21676
-0.23153
-0.23023
-0.22985
-0.23083
-0.22935
-0.23468
-0.2278
-0.23579
-0.23259
-0.22761
-0.22886
-0.22535
-0.22498
-0.22407
-0.22187
-0.22613
-0.23209
-0.21669
-0.22714
-0.22503
-0.21972
-0.23638
-0.22276
-0.21857
-0.22675
-0.23322
-0.2124
-0.19443
-0.15982
-0.12428
-0.15478
-0.078212
-0.091298
-0.075034
-0.059092
-0.062287
-0.078483
-0.11837
-0.11163
-0.11433
-0.12238
-0.07605
-0.02445
-0.094543
-0.11184
-0.15437
-0.11886
-0.12952
-0.1117
-0.12025
-0.051694
-0.073114
0.020118
0.067967
0.23945
-0.0098628
-0.004602
-0.013957
-0.0053947
-0.0122
-0.0099169
-0.019409
-0.010834
-0.014581
-0.012224
-0.011425
-0.011521
-0.0057854
-0.01808
-0.0055911
-0.0088605
-0.011541
-0.0067123
0.21005
0.79087
1.2715
1.8248
1.9777
1.9474
1.8083
1.7284
1.8918
1.761
1.7881
1.7511
1.0558
0.84795
0.70824
0.50502
0.34421
0.28207
0.14511
0.13257
0.038927
-0.02104
-0.044364
-0.092024
-0.017676
0.90528
0.41695
0.36426
0.40545
0.53046
0.68064
1.1331
1.5025
1.7151
1.7864
1.7871
1.7003
1.6855
1.9804
1.8668
2.0091
2.3571
2.5627
2.8454
2.8323
2.4445
0.83942
1.2869
1.5144
1.4864
1.5389
1.5158
1.6698
1.9699
1.9226
1.9886
2.1428
2.0317
2.0727
1.9037
1.8745
1.4191
1.2964
1.4311
1.3521
1.0577
0.4706
0.18946
0.0044675
-0.00073945
-0.0016023
-0.0036026
-0.0046256
-0.0065538
-0.0066002
-0.011715
-0.011967
-0.0078754
-0.010532
-0.012188
-0.014335
-0.011772
-0.14101
0.095489
0.3853
0.67898
0.64384
0.30824
0.22964
0.039067
-0.022464
0.047875
0.28654
0.23493
0.076639
0.030231
-0.0061166
0.015099
0.012219
5.2852e-05
0.020639
0.028393
0.024271
0.025455
0.031431
0.060311
0.15886
-0.06025
0.24631
0.72771
0.83634
0.85204
0.65658
0.36605
1.3486
1.5802
1.5271
1.5473
1.619
1.6477
1.7969
1.9285
2.1472
2.2787
2.1558
2.0787
2.2019
2.0719
1.6499
1.0041
0.55951
0.47114
0.43022
0.58722
0.54423
0.55574
0.67016
0.91248
1.1937
1.3041
1.2498
1.2487
1.1139
1.1824
1.4113
1.4291
1.2859
0.57996
0.51196
0.37668
0.29449
0.31138
0.21109
0.030868
0.0020199
-0.056312
-0.0044216
-0.011666
-0.0097272
-0.0093983
-0.009022
-0.011108
-0.0084238
-0.022164
-0.0029512
-0.0098897
-0.0083528
-0.010491
-0.0047126
-0.0070272
0.52525
0.64677
0.93819
0.98029
0.65496
0.52066
0.73688
0.92552
0.74891
0.42313
0.31497
0.20522
0.19592
0.1085
0.13727
0.16257
0.19425
0.2108
0.13054
0.43967
1.444
2.2375
2.4593
2.0368
1.6546
1.8873
1.7103
1.4383
1.3246
1.0583
1.1152
1.4392
1.6128
1.4606
1.6505
1.8598
1.8441
2.0823
2.1738
2.2367
2.4261
2.2965
2.1137
2.1007
1.9963
1.9582
1.1818
0.48442
0.46086
0.35657
0.53332
0.55351
0.65487
0.62393
0.97067
1.2762
1.3768
1.419
1.1285
1.3725
0.68046
0.572
0.4606
0.38448
0.34251
0.14888
-0.0011777
-0.0026779
-0.0023466
-0.0086524
-0.0067388
-0.0034301
-0.0053166
-0.0077503
-0.011637
-0.0063484
-0.0091473
-0.0097835
-0.0081016
-0.0075214
-0.0098214
-0.0071164
-0.0056199
-0.009085
0.19278
0.042539
0.3769
1.0987
1.4812
1.2499
1.1255
0.89221
0.90425
0.2441
0.25351
0.27519
0.17279
0.20893
0.21404
0.16866
0.10493
0.14061
0.1292
0.11931
0.24574
0.23579
0.84499
2.1492
2.4399
2.4465
2.0437
1.925
2.0881
1.755
1.4556
1.2684
1.0556
1.5523
1.8769
1.7353
1.754
1.9634
1.9219
1.8911
2.0897
2.1468
2.1854
2.0382
1.9909
2.1411
1.8438
1.8115
1.1973
0.58295
0.4463
0.39965
0.41159
0.50517
0.4496
0.514
0.71968
1.0035
1.1597
1.1846
1.0405
0.94959
0.97244
0.96816
1.2037
1.3023
0.52482
0.43009
0.40737
0.36347
0.27904
0.19602
-0.00034714
-0.054347
-0.00073014
-0.002693
-0.00394
-0.0055248
-0.0051729
-0.0097448
-0.011916
-0.019462
-0.010051
-0.0019002
-0.012639
-0.010902
-0.0045514
0.12896
0.93092
1.3206
1.3024
1.215
1.0887
1.1261
1.3801
1.1314
0.78419
0.62876
0.51484
0.29037
0.17244
0.20554
0.12137
0.10295
0.1333
0.19234
0.15353
0.29508
0.88046
2.0464
2.782
3.0593
3.1629
2.8821
2.7859
2.6486
2.0976
1.7386
1.5488
1.738
2.1716
2.2799
1.9739
2.0414
2.0677
2.0597
2.2428
2.3649
2.5218
2.2881
1.8555
1.6537
1.673
1.2688
0.57997
0.50141
0.46084
0.65195
0.69774
0.82033
1.0273
1.0704
1.0457
0.87078
0.6895
0.65663
0.76284
0.85768
1.0244
0.41309
0.26437
0.25853
0.33444
0.27735
0.13046
0.012404
-0.015686
-0.0061974
-0.001864
-0.01022
-0.00065809
-0.011059
-0.011767
-0.0046155
-0.018858
-0.0089216
-0.003726
-0.012642
-0.0085697
-0.0023194
0.13335
0.48259
1.1398
1.2752
1.0869
0.95821
1.0064
1.2125
1.0675
0.92105
0.48489
0.40333
0.24918
0.18918
0.16549
0.10496
0.12641
0.15285
0.18555
0.18007
0.1103
0.082989
0.11923
0.2578
0.35007
1.1658
2.126
2.773
2.8739
2.86
2.5519
2.6269
1.1236
1.3184
1.7011
2.06
2.1472
1.9502
1.996
2.0461
2.2216
2.1675
2.3006
2.243
1.9279
1.8277
1.7674
1.2279
0.61428
0.34402
0.27844
0.23899
0.34909
0.39529
0.53779
0.77376
0.71367
0.90299
0.94165
0.84247
0.77923
0.84463
0.98047
0.51282
0.40766
0.40288
0.41829
0.30783
0.14349
0.0008584
-0.0023231
0.062529
-0.0023779
-0.0013165
-0.0016175
-0.010995
-0.0090598
-0.0094674
-0.014017
-0.012965
-0.012063
0.0016645
-0.012111
-0.0053296
-0.004547
-0.01395
-0.0045754
-0.011391
0.031975
1.0657
1.2229
1.2385
1.0734
0.95824
1.157
0.45983
0.32821
0.27868
0.19099
0.17268
0.14895
0.15246
0.17342
0.13018
0.10481
0.12192
0.13322
0.2902
0.36301
0.87453
1.883
2.6801
3.2637
3.2643
3.1392
2.9388
2.8978
2.4221
2.0448
1.7971
1.783
2.1033
2.2592
2.3223
2.1479
2.0423
2.1986
2.3514
2.3124
1.558
0.97943
0.50836
0.12911
0.035087
0.2567
0.41729
0.44878
0.6203
0.75644
0.90548
1.0063
1.109
1.047
0.92409
0.47546
0.41131
0.54805
0.63481
0.72846
0.45169
0.33884
0.34099
0.35156
0.33867
0.11823
0.012392
-0.0029109
-0.0045115
-0.0063851
-0.00048765
-0.007806
-0.010651
-0.0026358
-0.011791
-0.011821
-0.014744
-0.00901
-0.012696
-0.014506
-0.0083672
-0.0085052
-0.0044537
0.41539
0.87582
1.144
1.0379
0.75955
0.63168
0.92151
1.1749
0.9567
0.49191
0.24642
0.30932
0.27634
0.26367
0.21133
0.13675
0.11568
0.175
0.16988
0.18992
0.20399
0.20445
0.24907
0.47849
1.2496
2.2025
2.969
3.0897
2.9656
2.952
3.0921
2.6336
2.1754
1.9431
2.0395
1.9635
2.0569
2.1593
2.2163
2.0659
1.8407
1.4508
1.1067
1.2046
1.0278
0.70332
0.37214
0.32571
0.33362
0.4559
0.97987
1.229
1.5446
1.6871
1.8713
2.0696
2.0431
1.9214
1.6875
1.5871
1.4882
1.4831
1.3564
1.3404
1.1214
1.3422
1.1947
-0.0033009
-0.028136
-0.0034895
-0.0032189
-0.0044706
-0.0058868
-0.005754
-0.013642
-0.010674
-0.01349
-0.0129
-0.015263
-0.01421
-0.018644
-0.01256
-0.006912
-0.016783
-0.0064833
-0.0028668
-0.0096758
0.13755
0.16363
0.048307
0.09834
0.078139
0.073957
0.1419
0.19671
0.13541
0.083435
0.0071676
-0.03306
0.0056833
0.0087882
0.064904
0.040808
-0.0067539
0.0048673
0.086358
0.049872
0.10407
0.14724
0.31775
0.68331
0.81437
0.76224
0.95815
1.3434
1.3444
1.4974
1.5534
1.6323
1.6019
1.669
1.6948
1.6745
1.7427
1.8481
1.5258
1.4283
1.4268
1.6673
1.3114
1.3288
1.1209
0.58777
0.196
0.13362
0.19168
0.63563
1.3267
1.6647
1.7778
1.9474
2.1313
2.0878
2.1782
2.0467
1.9893
2.1274
2.0302
1.8792
1.6031
1.331
1.3218
0.9784
0.67048
0.33351
0.1091
-0.0019556
0.1022
-0.0052667
0
0.047014
-0.0037242
-0.0062199
0.0034401
-0.007326
-0.0098364
0.0005599
-0.011915
-0.00079404
-0.0036683
-0.0041422
-0.01338
-0.00061532
0.0059805
-0.00064347
0.020708
0.04443
0.023255
0.0019793
0.048557
0.16578
0.21035
0.24454
0.2284
0.14566
0.067891
0.10177
0.037713
0.051438
0.069715
0.038642
0.08549
0.11133
0.25596
0.6593
0.75488
0.82801
1.0443
1.1208
1.2997
1.3043
1.394
1.3535
1.4771
1.4718
1.4964
1.4408
1.5477
1.5922
1.7261
1.7978
1.8716
1.6404
1.4661
1.426
1.7416
1.5769
1.5239
1.3187
0.80185
0.18444
0.13418
0.1943
0.68983
1.7734
2.026
2.0354
2.1387
2.1405
1.9304
1.8698
1.9433
2.0914
1.9871
1.9195
1.7149
1.7811
1.518
1.4194
1.0386
0.70795
0.32943
0.03905
-0.00073771
-0.0089445
-0.0064379
-0.0099076
-0.0079039
-0.0066951
-0.011764
-0.011884
-0.010067
-0.010244
-0.0094756
-0.0055948
-0.00023757
-0.0095622
-0.0090598
-0.003822
0.013194
-0.02617
-0.047797
0.00058324
0.073375
0.17123
0.16259
0.21234
0.061772
-0.045594
-0.082871
-0.027637
-0.047553
0.012539
0.10751
0.087834
0.087721
0.047286
0.010825
0.012228
-0.059056
-0.01465
0.22735
0.55439
0.68146
0.75986
0.87286
1.0339
1.0106
1.0535
1.2432
1.3016
1.3938
1.4407
1.4689
1.4994
1.4838
1.5467
1.5946
1.6446
1.6044
1.5445
1.0045
0.57656
0.1207
0.13997
0.24353
0.90106
1.2016
1.5586
1.6918
1.8688
1.9028
2.0701
2.1976
2.112
2.1218
2.0759
1.9582
1.9335
1.9663
1.9066
1.8076
1.5271
1.2906
1.1999
1.0606
0.70357
0.33777
0.079286
0.0015905
0.027405
-0.0075642
-0.010558
0.0042988
-0.002323
-0.0046961
0.003527
-0.0097409
0.001175
-0.0089313
-0.0067319
-0.0029446
-0.014078
-0.00088009
-0.020362
0.054756
0.033518
-0.018209
-0.010794
0.028949
0.10852
0.19686
0.21332
0.19289
0.15552
0.056981
-0.03354
-0.044943
-0.011284
-0.010308
0.053346
0.056731
0.095722
0.073699
0.064835
0.087145
0.059293
0.14366
0.44901
0.61382
0.65056
0.90983
1.0641
1.2376
1.3204
1.1714
1.0275
1.2201
1.2595
1.2857
1.5111
1.5921
1.5657
1.7892
1.6559
1.6182
1.5731
1.4493
0.93934
0.45626
0.11028
0.094939
0.21419
0.82705
1.2884
1.4773
1.8391
2.0488
2.2061
2.2222
2.3228
2.0911
1.9838
1.9551
2.0703
2.1005
2.0102
1.9328
1.6504
1.7692
0.41842
0.07565
-0.001447
-0.014583
-0.0061223
-0.0039055
-0.0057125
-0.0072144
-0.0079487
-0.0074991
-0.0069717
-0.0031743
-0.0062626
-0.0053745
-0.0020148
-0.012229
-0.0107
-0.0064158
-0.013574
-0.0029374
-0.0017901
0.019054
0.049493
0.025593
0.0039673
-0.0098047
-0.01246
0.034189
0.028135
-0.069946
-0.037864
-0.030808
-0.003347
0.064458
0.072453
0.08036
0.076891
0.024458
-0.028014
0.014781
0.23945
0.41111
0.55737
0.86996
0.92282
1.2112
1.2267
1.0903
1.1161
1.2709
1.249
1.4155
1.497
1.5001
1.4645
1.4449
1.56
1.5918
1.7065
1.7481
1.7953
1.8078
1.7064
1.2819
0.1852
0.74989
1.1751
1.3988
1.6725
1.7861
1.8668
1.8987
2.0325
1.9428
1.9084
1.9089
1.8499
1.876
1.8821
1.8577
1.6668
1.4517
1.2997
1.1912
1.0832
0.80031
0.41724
0.073071
-0.0028236
-0.00084505
-0.01206
-0.0036349
-0.0092436
-0.0018326
-0.015936
-0.0052827
-0.0073692
-0.0085688
-0.0057673
-0.0076426
-0.0058067
-0.0077089
-0.0069164
-0.0042097
-0.013302
0.002743
-0.05245
0.0064322
0.050972
0.10252
0.10025
0.10987
0.094649
-0.026256
-0.065893
-0.08972
-0.056679
-0.038059
-0.00089709
0.0018534
0.0037025
-0.016137
-0.018872
-0.013931
-0.13179
-0.089344
0.22136
0.32259
0.47972
0.64468
0.84756
1.2182
1.0999
1.0986
1.1212
1.1739
1.2698
1.3464
1.3659
1.4542
1.4825
1.5767
1.6262
1.6584
1.6071
1.6601
1.5259
1.6574
1.8359
1.5968
0.87174
0.57745
1.138
1.2478
1.2529
1.4625
1.6824
1.8873
2.1279
2.1672
2.1803
2.0039
1.7733
1.8342
2.0159
1.9565
1.946
1.6527
1.692
1.3664
1.1374
0.89929
0.70618
0.3309
0.039051
-0.0035344
-0.00559
-0.0049851
-0.0041496
-0.0033777
-0.0075693
-0.012473
-0.0085746
-0.0087878
-0.0066805
-0.0069414
-0.0072595
0.0031173
-0.0086679
-0.0088924
-0.0053375
-0.0016108
-0.0076295
-0.0067388
0.016077
0.071385
0.042704
0.071245
0.10133
0.08812
0.15578
-0.063479
-0.05074
-0.078217
-0.079152
-0.018939
0.0038374
0.0055376
-0.0017596
0.049098
0.042588
0.00046989
0.14205
0.31808
0.49595
0.60102
0.85655
1.0463
1.2178
1.218
1.1427
1.1213
1.2219
1.3266
1.3808
1.4152
1.3727
1.3577
1.5075
1.6221
1.8449
1.9341
1.6692
1.4211
1.7587
1.9529
1.7843
1.1666
0.82403
0.20606
0.17148
0.47803
1.18
1.5404
1.6741
1.7232
2.0026
2.1437
2.3134
2.3842
2.3229
2.132
2.0853
2.0351
2.078
2.0843
1.9895
1.7266
1.8463
1.4746
1.5513
1.0625
0.58245
0.27252
0.056558
0.0033277
-0.0048592
-0.0045261
-0.01267
-0.011483
-0.0095615
-0.010997
-0.01082
-0.011638
0.0050306
-0.0083048
-0.0058558
-0.0074922
-0.0030407
-0.003088
-0.00045893
-0.10013
0.010432
0.0021429
-0.030144
0.011815
0.011515
0.14902
0.23377
0.22351
0.088163
0.0079019
-0.075673
-0.06758
-0.056257
-0.014161
0.041005
0.078507
0.096731
0.080198
0.02207
0.010646
-0.098024
-0.16893
0.92503
1.0735
1.1897
1.0883
1.0738
1.2314
1.3324
1.5096
1.6392
1.6362
1.5481
1.6247
1.681
1.7494
1.7349
1.7661
1.6569
1.8508
1.7377
1.4821
0.92703
0.37176
0.088623
0.10732
0.34489
0.82565
1.2997
1.6706
1.9381
2.0991
2.2406
2.2759
2.246
2.2013
2.0354
1.9533
1.6674
1.7854
1.5467
1.3864
1.0804
0.88355
0.44439
0.14202
0.0079122
-0.014025
-0.0046423
-0.0074121
-0.0042846
-0.0086402
-0.0094341
-0.0056959
-0.0094283
-0.0067338
-0.001954
-0.0063793
0.0050097
-0.010397
-0.0044917
-0.0081082
-0.0028321
-0.0049887
-0.0031628
-0.041459
-0.012287
-0.010881
-0.017831
-0.020349
-0.0092085
0.11908
0.08238
0.113
-0.066663
-0.025851
-0.055226
0.028522
0.012104
-0.030735
-0.020789
-0.037389
-0.09122
-0.087018
0.085161
0.2979
0.41177
0.61251
0.94654
1.0012
1.0927
0.98427
1.1182
1.1783
1.3399
1.4941
1.5074
1.444
1.5131
1.6503
1.7968
1.8781
1.8704
1.9355
1.7368
1.7899
0.44658
0.11067
0.12203
0.38519
1.2307
1.4004
1.3626
1.6517
1.8389
2.0316
2.2417
2.2746
2.1741
2.0098
1.9286
1.9877
2.0002
2.0509
1.9941
1.8051
1.7835
1.453
1.4764
1.189
0.79715
0.34725
0.077573
0.0047738
-0.034195
-0.005998
-0.0022281
-0.0066509
-0.0077046
-0.0061889
-0.0087713
-0.0037816
-0.003628
-0.0093198
-0.0067284
-0.001467
-0.0099739
-0.0084579
-0.0090402
-0.0015793
-0.010301
-0.0046336
0.0094267
0.010413
-0.025244
0.044644
0.05995
0.11475
0.14347
0.15775
0.19381
0.094574
0.058168
-0.036505
-0.019996
-0.012862
0.0067789
0.042756
0.098137
0.076678
0.074609
0.038066
0.051978
0.012177
0.073204
0.26525
0.46005
0.65436
0.82629
1.0574
0.99068
1.2582
1.0045
1.0277
1.1874
1.1076
1.3155
1.4314
1.39
1.4073
1.4657
1.5116
1.6012
1.722
1.8745
1.8092
1.6927
1.5254
1.4933
0.99184
0.63871
0.14193
0.087854
0.1946
0.74998
1.3203
1.6767
1.6738
1.6661
1.8803
1.9222
2.078
2.0368
2.0136
1.9427
1.8783
1.7915
1.7807
1.7583
1.6113
1.6537
1.4
1.4163
1.1667
0.7122
0.39458
0.067782
-0.0023984
0.016919
-0.0026962
-0.0086781
-0.0040908
-0.0059623
-0.0037895
-0.0021294
-0.01225
-0.010033
-0.0043403
-0.003702
-0.0023075
-0.013789
-0.0096981
-0.0058994
-0.013879
-0.004682
-0.003614
-0.094383
-0.022505
-0.009761
-0.02268
0.019471
0.011275
0.061117
0.085482
0.12547
0.063884
-0.017639
-0.063499
-0.041147
-0.069468
-0.064953
-0.032236
-0.049671
-0.045762
-0.042599
-0.012063
-0.023755
-0.040681
-0.041849
0.12396
0.26568
0.3195
0.56427
0.8364
1.0435
1.0541
1.0573
0.95655
1.1756
1.176
1.3699
1.5312
1.4687
1.3868
1.475
1.4778
1.6952
1.8336
1.8849
1.5709
1.8669
1.9608
1.8006
0.86242
0.60833
0.27975
0.15416
0.29681
1.1201
1.6277
1.7597
1.7696
1.9128
2.0913
2.1754
2.2644
2.3816
2.2287
2.1366
1.9627
1.8384
1.8544
1.813
1.634
1.8555
1.6017
1.1105
0.76015
0.38012
0.15284
0.0051393
-1.8382e-06
0.005785
-0.01496
-0.0024005
0.0012705
-0.0084498
0.0017156
-0.0090955
-0.0067323
-0.0051127
-0.0021559
-0.012569
0.010787
-0.007969
-0.0075258
-0.0028511
-0.010174
-0.0040948
-0.0054546
-0.04943
-0.019357
0.067387
0.038735
-0.017152
0.055266
0.091141
0.15842
0.072186
0.0087302
-0.031455
-0.045072
-0.034496
0.0074851
0.022489
0.02947
0.031956
0.035268
-0.035962
-0.024993
-0.011854
-0.10131
-0.1045
0.082933
0.27875
0.5628
0.77708
0.94391
1.1869
1.195
1.1126
1.1136
1.2014
1.24
1.5591
1.7986
1.7178
1.5469
1.555
1.714
1.9842
1.9822
2.077
2.008
2.1632
2.1304
1.7637
1.0537
0.78893
0.20141
0.14661
0.47344
1.2229
1.6821
1.7766
1.839
2.1532
2.0766
2.119
2.2382
2.1276
1.9932
1.9892
1.9956
2.007
1.9246
1.81
1.5085
1.6381
1.2835
1.2823
1.0336
0.72754
0.40951
0.047817
0.00069956
0.019187
-0.0057686
-0.0044926
-0.0033027
-0.0091249
-0.0067542
-0.010738
-0.0040182
-0.0085526
-0.0050639
-0.012322
-0.01424
-0.0046462
-0.0089666
-0.0023622
-0.0020085
-0.0098466
-0.0063179
0.088577
0.19017
0.12949
0.13556
0.13158
0.12974
0.18184
0.30524
0.43842
0.24944
0.085733
-0.001722
0.027121
0.10897
0.11869
0.15597
0.089203
0.054805
0.043401
0.062764
0.099344
0.19307
0.6235
1.1983
1.451
1.3237
1.242
1.3722
1.5064
1.3115
1.2679
1.2119
1.5174
1.9014
2.0701
1.9407
1.7728
1.6932
1.8525
2.0756
2.192
2.4028
2.1396
1.6104
1.2136
1.3081
1.1781
1.1193
0.77057
0.29682
0.30749
0.40051
0.80052
1.5753
2.1867
1.6408
2.3401
2.5863
2.8427
2.94
2.6266
2.3596
2.4252
2.4034
2.4857
2.4175
2.4229
2.0541
1.7855
1.6205
1.6267
1.4567
0.91982
0.38944
0.24225
-0.0027912
0.05799
-0.0078057
-0.015932
-0.0083381
-0.011715
-0.01424
-0.0048624
-0.011362
-0.012084
-0.012754
-0.00078937
-0.01675
-0.012633
-0.012629
-0.0038851
-0.013116
-0.011128
-0.026301
-0.178
-0.2018
-0.30145
-0.35875
-0.28948
-0.2976
-0.34752
-0.33622
-0.25623
-0.27983
-0.27629
-0.28059
-0.26322
-0.2406
-0.23956
-0.15601
-0.14358
-0.16747
-0.17597
-0.17987
-0.18481
-0.21055
-0.32599
-0.79436
-0.87152
-0.47767
-0.35091
-0.1188
0.17722
0.46056
0.69276
1.3143
1.7964
2.2094
2.48
2.5512
2.2985
2.1728
2.0298
1.8814
1.8711
2.2942
2.3489
1.619
1.0576
0.73795
0.90456
1.0202
1.1794
1.0159
0.699
0.98624
0.96393
1.436
1.652
1.3265
2.2854
2.8259
3.2027
3.1024
2.9611
2.5893
2.538
2.7587
2.8654
3.0037
2.8569
2.0439
1.5723
1.2675
0.88778
0.40013
0.3202
0.27415
0.0094923
-0.0053768
-0.015565
-0.006482
-0.0079611
-0.010158
-0.01383
-0.0099343
-0.013896
-0.018675
-0.01301
-0.016538
-0.018588
-0.015857
-0.011222
-0.01596
-0.0087675
-0.26181
-0.23659
-0.12643
-0.11229
-0.14323
-0.18628
-0.23096
-0.27288
-0.27999
-0.19408
-0.27811
-0.052017
-0.095567
-0.14727
-0.19399
-0.17312
-0.1181
-0.12273
-0.077838
-0.090694
-0.087114
-0.076132
-0.057238
-0.029388
-0.065932
-0.083535
0.50133
1.0123
1.5606
1.9531
2.088
2.1484
1.9125
1.9696
1.7856
1.9531
1.9917
2.2597
2.6361
2.8934
2.94
2.8827
2.7766
2.9308
3.0896
3.0423
2.8908
2.9793
2.9287
2.7662
2.206
1.8589
1.3147
0.77423
0.62402
0.70471
1.2099
1.4254
1.7583
1.9273
1.6938
2.2832
2.6949
2.9964
3.1742
3.2585
3.352
3.3352
3.3705
3.2034
3.1212
2.8348
3.019
2.9883
3.07
2.8922
2.7267
2.6522
2.4281
2.4663
2.3987
1.9672
1.4717
1.2067
0.94397
0.84467
0.80629
0.77147
0.83804
0.83191
0.81564
0.95512
1.0714
1.2947
1.481
1.6437
1.8141
2.0171
2.101
2.2942
2.3861
2.5102
2.5232
2.5482
2.6104
2.5911
2.5369
2.4558
2.473
2.3002
2.2196
2.1029
1.9512
1.8818
1.7497
1.703
1.7067
1.6847
1.7247
1.7723
1.8982
1.9752
2.0642
2.1607
2.1942
2.1834
2.121
2.123
2.1324
2.2043
2.2643
2.2876
2.2868
2.2596
2.2383
2.234
2.1431
2.0356
2.017
2.0507
2.0581
2.11
2.1007
2.033
2.068
2.1451
2.1834
2.1527
2.1309
2.2036
2.2372
2.2491
2.2248
2.2387
2.1579
2.1849
2.2054
2.1804
2.1918
2.229
2.2403
2.1403
2.1363
2.1703
2.1556
2.1049
2.1237
2.091
2.0586
2.1519
2.1793
2.162
2.2146
2.1719
2.1626
2.1258
2.0316
2.0728
2.0352
2.1336
2.1348
2.1804
2.1229
2.1733
2.1207
2.0905
2.0023
1.975
1.9287
1.9896
1.9787
2.0288
1.978
2.0303
2.0534
2.0349
2.0225
2.026
2.0002
2.0484
2.0675
2.0838
2.0804
2.0703
2.0883
2.0876
2.0772
2.0785
2.0817
2.0711
2.0795
2.0306
1.9822
2.0471
2.0295
2.0517
2.0522
2.0625
2.0411
2.0218
2.0224
2.0079
2.0316
2.0484
2.0581
2.0689
2.0547
2.0559
2.0485
2.0564
2.0556
2.0653
2.051
2.0612
2.0571
2.0058
2.0591
2.0412
2.0412
2.0533
2.0315
2.0553
2.0443
2.0232
2.0737
2.0096
2.0179
2.04
2.0191
1.9967
2.0369
2.039
2.079
2.0567
2.0511
2.0305
2.0649
2.0596
2.0561
2.0392
2.0364
2.0407
2.0487
2.0458
2.0327
2.0267
2.0211
2.007
2.0064
2.0355
1.9813
2.0135
2.0478
2.0171
2.0315
2.0186
2.0065
1.9895
2.0409
2.0059
2.0107
2.0028
1.9976
1.9998
1.9864
2.0027
2.0228
1.9944
2.0007
1.9952
2.0165
1.9798
1.979
2.0221
2.02
2.0218
1.9893
2.0252
2.027
2.0086
2.0072
2.0108
1.9641
1.9495
1.989
2.0052
1.9413
1.9936
1.9985
1.9718
1.9437
1.9977
1.997
2.0058
2.0002
1.984
1.9931
2.0048
2.0107
1.9883
1.9961
2.0025
1.9976
1.9895
1.9961
1.9829
1.9551
2.0083
1.9932
1.9764
1.9495
2.001
1.9969
1.9542
1.9819
1.979
1.9828
1.9585
1.9905
1.9919
1.9795
1.9894
1.9927
1.984
1.9862
1.9922
1.9741
1.9848
1.9874
1.9705
1.9917
1.994
1.9605
1.9902
2.0017
1.9945
1.9848
2.0016
1.9903
2.0031
2.0093
1.9808
1.9959
1.9847
1.9298
1.9619
1.9503
1.9631
1.949
1.9616
1.9524
1.9589
1.9459
1.9619
1.9173
1.9474
1.9618
1.9516
1.9198
1.9718
1.9071
1.9531
1.9339
1.9271
1.9348
1.9165
1.9242
1.9202
1.8943
1.934
1.9357
1.9082
1.9296
1.9401
1.9453
1.9207
1.9109
1.886
1.9283
1.903
1.9125
1.923
1.9036
1.9073
1.8967
1.8946
1.8518
1.9033
1.9137
1.9144
1.9185
1.9127
1.9027
1.9173
1.9238
1.9397
1.9394
1.9229
1.9127
1.9005
1.8745
1.9153
1.8671
1.9032
1.8942
1.9144
1.917
1.8915
1.909
1.9087
1.9319
1.932
1.8987
1.875
1.9044
1.9173
1.8615
1.8928
1.8997
1.9055
1.9115
1.8991
1.9265
1.9099
1.8768
1.9464
1.9275
1.9141
1.9544
1.9426
1.9193
1.9064
1.9449
1.8927
1.9356
1.9179
1.9224
1.9021
1.9032
1.9148
1.9049
1.9098
1.8771
1.9193
1.8962
1.911
1.9139
1.9305
1.8722
1.9169
1.9158
1.9064
1.9082
1.8999
1.9061
1.8536
1.8832
1.9105
1.9126
1.9012
1.9169
1.8655
1.9154
1.9156
1.9254
1.9335
1.8912
1.9131
1.9239
1.8757
1.9008
1.8711
1.8568
1.8369
1.8395
1.8218
1.8709
1.8502
1.8281
1.8772
1.8694
1.8837
1.8425
1.8716
1.8814
1.8336
1.882
1.8708
1.8561
1.851
1.8583
1.8831
1.867
1.8732
1.8706
1.8791
1.9027
1.8848
1.857
1.8692
1.8921
1.894
1.8529
1.8977
1.8955
1.8841
1.8652
1.88
1.8796
1.8367
1.8672
1.8693
1.8319
1.8517
1.8651
1.8565
1.8659
1.8863
1.8519
1.8919
1.8616
1.8907
1.8988
1.8588
1.9046
1.8519
1.8904
1.906
1.8729
1.8759
1.892
1.8608
1.9104
1.8806
1.9097
1.8868
1.874
1.8924
1.8636
1.878
1.8641
1.8726
1.876
1.8916
1.8776
1.8444
1.8644
1.835
1.8759
1.8881
1.8375
1.8849
1.8678
1.8908
1.8672
1.8879
1.8826
1.8997
1.918
1.8824
1.9181
1.9145
1.8997
1.8931
1.8802
1.8368
1.8491
1.8333
1.7866
1.808
1.8317
1.8376
1.8137
1.8059
1.8499
1.8267
1.8361
1.8156
1.856
1.8631
1.8588
1.8315
1.861
1.8688
1.8263
1.8765
1.8698
1.8116
1.8261
1.8669
1.8754
1.8724
1.8628
1.8714
1.8324
1.8264
1.8572
1.8424
1.8346
1.8525
1.8285
1.8466
1.8422
1.8002
1.8238
1.8103
1.8272
1.8089
1.797
1.8332
1.8233
1.8542
1.8401
1.8552
1.868
1.8842
1.8991
1.9034
1.8749
1.9064
1.8982
1.8798
1.8989
1.8768
1.8701
1.8364
1.8471
1.8799
1.8427
1.8618
1.869
1.8787
1.8739
1.8788
1.8729
1.8709
1.8803
1.8509
1.8163
1.8709
1.8469
1.8559
1.8458
1.8726
1.8794
1.8801
1.8855
1.8462
1.8582
1.8948
1.9016
1.9038
1.876
1.9084
1.9097
1.9063
1.9012
1.8319
1.8613
1.8273
1.7892
1.8136
1.8284
1.8026
1.775
1.8298
1.8288
1.8249
1.8301
1.8182
1.8383
1.8188
1.8354
1.843
1.812
1.852
1.8495
1.8306
1.8451
1.8458
1.8562
1.8023
1.8612
1.8552
1.8487
1.8069
1.8452
1.8408
1.841
1.8656
1.8354
1.8011
1.8274
1.8313
1.8089
1.7727
1.8224
1.8122
1.7744
1.8173
1.8217
1.8025
1.8144
1.8416
1.8087
1.8362
1.8563
1.8602
1.8644
1.8889
1.8868
1.8998
1.8685
1.9058
1.8984
1.9018
1.8616
1.883
1.8872
1.8465
1.8637
1.8732
1.8713
1.8711
1.8693
1.8724
1.8245
1.8796
1.865
1.8363
1.8275
1.8666
1.8428
1.8372
1.8531
1.8612
1.8057
1.8401
1.8398
1.8173
1.8668
1.8859
1.8941
1.8831
1.9103
1.9247
1.9093
1.9042
1.8991
1.8696
1.8327
1.8415
1.8266
1.8057
1.7792
1.7844
1.8001
1.8091
1.7712
1.8035
1.8077
1.8173
1.8004
1.8235
1.8317
1.7899
1.8105
1.8223
1.8029
1.7816
1.8069
1.8191
1.7777
1.7882
1.8396
1.7822
1.8241
1.8374
1.7861
1.8317
1.8497
1.8445
1.8328
1.8442
1.8302
1.8028
1.8244
1.8485
1.8382
1.8042
1.8281
1.8064
1.7636
1.782
1.7967
1.7684
1.7905
1.8206
1.8128
1.8417
1.8374
1.8309
1.8151
1.8758
1.887
1.8753
1.8841
1.8924
1.8829
1.8366
1.8731
1.8194
1.816
1.8638
1.8645
1.8611
1.8542
1.8682
1.8168
